25 75
3 49 1 1 28 9 14 3 1 8 4 9 28 29 2 38 1 43 4 2 7 6 14 3 44 13 3 22 1 4 2 11 2 12 4 11 23 46 3 18 14 3 0 20 9 1 34 1 12 27 15 9 2 15 4 25 6 16 9 58 6 0 20 65 17 18 6 4 7 15 0 13 8 7 8
5 14 22 49 14 16 6 0 6 1 9 59 9 4 3 11 20 15 24 5 1 1 2 4 6 3 16 41 21 3 10 0 46 31 10 21 26 23 1 2 0 8 9 25 0 8 3 4 4 8 8 0 7 7 7 64 26 22 7 50 22 0 5 1 60 9 23 6 11 2 9 3 12 4 6
3 13 6 15 11 14 5 3 6 4 11 19 4 25 15 40 9 35 12 27 61 4 35 11 20 6 3 19 5 5 8 7 6 25 9 3 1 38 65 7 3 0 3 2 0 5 21 1 4 2 10 9 4 11 17 27 18 1 34 12 2 20 10 15 26 4 12 3 30 4 17 43 5 8 2
11 0 6 19 5 12 9 4 27 2 83 3 4 2 69 4 1 17 4 3 11 16 24 7 12 9 65 18 15 8 9 4 7 5 2 11 25 6 1 3 6 33 12 4 11 46 2 14 7 15 22 40 4 1 20 0 0 17 3 2 0 13 24 34 21 4 15 1 5 1 37 6 7 20 10
5 3 40 5 0 7 16 34 22 10 3 46 2 5 11 11 2 4 5 7 7 18 32 4 5 25 25 28 12 6 15 0 8 3 6 7 8 0 51 16 1 6 20 5 22 4 10 11 10 25 23 12 0 10 7 10 1 1 64 69 14 12 1 3 13 4 10 37 5 22 1 5 5 19 24
79 7 10 3 7 71 1 4 0 3 3 7 18 13 20 32 19 2 5 5 25 14 18 0 7 8 25 38 30 0 1 5 0 0 23 14 7 89 0 0 2 2 13 3 4 5 20 0 6 2 54 9 4 3 4 39 1 9 7 15 8 8 5 2 15 16 44 2 3 27 4 9 36 4 2
3 34 4 28 15 12 8 5 39 3 12 2 47 0 19 6 6 14 12 26 15 18 5 1 11 1 29 17 13 7 2 4 39 22 4 3 5 8 30 2 14 0 10 20 16 0 6 17 3 20 3 5 9 9 1 10 26 6 9 8 9 8 6 52 13 20 5 11 36 17 21 5 21 45 8
2 0 7 25 17 13 1 18 25 6 4 2 10 0 0 7 5 45 19 2 3 47 0 2 5 21 3 28 5 4 26 4 67 31 22 8 6 28 5 1 12 0 12 13 30 7 5 5 19 3 2 2 1 4 47 0 8 32 18 10 18 4 10 11 0 19 9 15 0 12 52 10 12 68 6
4 27 31 19 49 15 26 3 49 19 1 14 9 4 8 7 12 28 2 28 8 1 2 3 21 3 7 16 13 32 1 18 0 6 8 15 0 0 12 52 18 13 9 11 20 3 0 1 17 7 8 16 15 6 71 18 19 2 2 13 11 22 1 0 3 20 8 17 10 25 10 3 21 3 4
0 5 0 0 29 10 16 8 17 0 0 8 25 28 1 1 15 26 22 6 27 0 30 9 17 15 11 3 0 11 31 0 25 19 10 16 6 17 10 34 3 10 19 0 2 2 25 17 56 8 17 35 35 16 4 2 10 17 11 7 4 24 27 2 27 23 26 8 5 1 7 2 23 3 14
21 0 39 24 24 0 20 33 23 6 27 0 6 3 7 13 15 2 2 2 1 4 51 59 1 2 22 0 2 42 34 3 16 4 24 31 8 3 1 26 3 13 61 19 2 10 5 10 22 7 1 4 3 11 1 1 7 22 11 20 0 12 15 1 17 22 8 5 13 4 7 30 20 11 1
7 7 26 14 6 3 6 3 42 9 1 18 54 0 15 20 11 1 7 0 1 10 45 21 1 2 15 4 27 10 0 5 33 2 4 14 0 27 23 6 6 2 11 1 22 8 2 12 45 7 9 24 13 4 2 5 18 5 33 16 22 6 10 10 20 19 14 7 7 95 6 0 3 34 2
2 10 18 38 37 23 7 22 35 3 28 3 18 8 4 17 4 42 5 5 12 35 4 3 27 2 15 4 9 51 3 7 4 11 4 12 2 3 20 10 3 13 0 7 4 18 19 1 29 45 4 14 1 13 3 54 11 11 15 5 7 2 2 26 3 25 8 10 9 3 10 16 21 17 4
3 4 1 73 21 0 10 36 4 14 23 7 1 29 17 1 3 1 7 27 2 2 9 13 17 24 1 16 34 0 7 24 4 13 9 6 3 31 3 30 11 4 28 2 17 7 23 17 25 0 29 2 4 4 14 18 7 21 11 16 58 4 7 10 18 0 9 42 8 3 28 16 1 5 1
-1 19 7 2 17 21 2 2 19 4 18 9 2 1 5 1 16 31 19 6 28 6 4 25 34 7 14 9 5 0 1 2 0 46 4 34 8 1 20 1 1 29 0 77 18 8 0 2 49 6 5 6 25 0 7 3 2 16 9 11 10 3 29 1 38 5 19 4 5 6 115 4 15 21 2
16 6 2 0 7 0 3 28 19 0 7 1 24 3 1 1 4 0 1 1 0 4 0 10 11 17 3 7 10 22 11 18 15 6 68 1 19 17 2 33 37 39 12 1 10 33 2 14 0 38 7 16 25 1 18 6 36 44 28 11 6 3 44 16 13 34 14 1 3 28 31 10 1 11 9
3 18 1 4 12 10 33 17 10 10 14 21 0 11 7 29 2 11 20 52 5 26 28 21 32 4 6 20 6 3 22 11 6 3 10 2 2 12 4 4 3 16 6 17 1 18 4 3 3 6 10 24 2 6 7 16 35 25 28 37 2 16 45 16 8 41 21 8 6 10 3 25 4 6 10
14 1 7 1 8 5 1 8 0 28 0 26 14 0 16 8 2 5 3 0 24 1 12 73 11 32 13 14 12 1 4 21 4 0 12 31 14 11 4 10 9 3 13 8 7 1 3 8 33 9 50 3 20 29 16 10 6 10 23 26 8 12 15 35 9 48 7 0 19 45 0 11 3 12 38
29 9 23 15 42 14 14 0 1 15 18 3 9 17 27 18 1 21 11 16 2 17 0 12 4 1 11 3 14 6 21 15 0 11 4 4 26 16 15 43 4 17 4 7 27 11 18 7 0 13 36 20 16 1 1 22 4 4 4 16 21 2 4 12 14 2 3 6 6 11 74 6 26 2 51
3 28 7 38 24 10 1 26 26 3 2 22 18 15 6 4 3 26 24 34 8 35 9 31 4 11 20 3 2 29 11 15 17 7 0 0 5 22 5 2 4 25 8 21 25 3 4 6 9 15 46 6 0 4 16 15 24 10 19 8 0 12 5 23 14 12 15 2 6 20 25 32 0 9 1
4 0 5 15 23 2 0 11 17 4 24 15 2 14 6 3 0 13 23 39 2 11 9 5 2 11 9 24 4 11 83 5 13 11 6 13 5 26 23 26 12 1 1 4 17 50 27 20 21 29 0 32 6 9 5 17 19 5 4 23 6 4 3 0 7 0 5 9 14 8 77 6 8 3 29
14 18 7 16 6 5 23 24 5 5 15 1 51 4 9 52 2 3 37 11 33 59 1 0 29 11 10 12 39 10 9 4 7 0 1 2 20 3 0 7 0 15 65 0 19 16 4 1 15 5 7 32 6 24 2 6 2 17 20 6 2 10 12 8 11 9 0 1 16 2 19 1 27 48 7
21 25 12 9 2 5 5 1 0 0 4 5 10 9 12 64 10 7 64 6 3 14 5 7 3 5 3 20 7 15 17 35 9 16 3 18 4 17 6 9 7 11 65 17 0 9 0 10 12 1 49 5 6 20 20 9 2 44 28 13 1 7 11 1 6 10 53 11 13 23 6 23 15 3 2
14 15 14 63 1 30 8 15 1 3 14 8 15 1 20 12 5 24 5 29 16 16 31 9 2 10 11 15 60 23 3 10 9 12 5 25 6 1 29 10 3 31 2 1 5 16 4 16 4 27 6 10 12 11 18 13 6 14 12 16 6 3 17 6 8 10 5 14 7 19 26 34 12 0 6
8 6 0 4 22 15 5 11 5 4 6 13 25 17 11 1 34 3 15 1 0 1 4 1 0 5 58 15 8 60 19 9 3 6 7 9 21 15 19 11 17 54 21 7 20 31 8 6 14 8 0 36 16 26 11 27 8 21 30 2 2 26 11 1 9 15 5 30 2 3 6 2 10 10 28
