25 75
3 23 30 12 16 9 54 42 8 8 16 29 5 3 0 0 11 3 11 69 18 11 3 35 18 3 13 0 12 12 15 16 6 5 2 8 5 34 20 0 19 6 10 2 8 5 12 22 24 10 1 0 39 2 19 9 0 19 16 12 6 22 13 10 9 8 2 1 70 8 8 0 9 6 5
-1 1 31 9 12 25 13 56 24 23 30 7 54 3 5 2 7 24 2 8 17 14 12 29 12 5 8 12 3 6 6 6 16 31 14 15 3 27 2 10 3 1 15 4 21 15 4 12 28 6 3 22 12 15 2 19 4 1 10 1 29 18 17 5 28 7 4 0 7 3 0 31 9 30 31
24 7 57 1 11 21 46 38 4 6 21 22 3 38 20 56 3 2 5 42 0 5 23 2 3 2 1 19 9 8 14 12 12 27 19 7 35 14 31 6 16 6 12 0 4 3 1 18 6 11 2 5 11 0 4 0 9 15 7 0 19 16 19 3 49 8 1 12 0 15 0 17 10 12 13
2 26 9 12 2 3 9 8 0 18 12 0 4 3 1 23 37 2 1 16 0 0 20 9 3 34 30 27 13 16 22 34 4 39 13 0 6 37 3 5 12 37 0 0 1 11 32 1 2 0 12 6 5 7 9 7 1 41 27 12 25 29 20 6 13 54 19 8 0 8 10 14 2 52 14
32 7 9 6 2 22 6 5 3 16 9 11 4 20 10 24 1 4 10 19 12 0 15 31 7 18 16 3 41 6 0 12 21 2 10 20 5 16 13 27 14 33 18 6 4 3 24 3 13 21 4 10 2 14 22 1 16 0 29 18 5 22 15 8 21 0 20 1 57 15 17 28 3 7 31
7 2 8 5 12 1 25 0 0 6 41 23 2 10 2 27 36 13 0 2 7 2 77 0 5 15 0 0 2 0 6 4 10 2 18 36 5 8 41 38 0 6 7 37 14 5 1 2 6 74 7 6 3 2 15 12 1 5 24 21 1 18 5 5 15 50 24 8 18 34 6 52 10 5 3
5 43 10 19 30 3 25 7 3 6 1 6 24 0 4 47 16 3 11 46 6 24 48 11 2 0 11 20 33 8 1 24 1 3 9 9 9 12 11 7 20 11 4 9 19 1 28 6 0 32 7 7 44 21 16 2 3 3 5 8 5 12 43 15 16 10 1 8 34 11 1 3 17 9 11
9 16 10 7 6 16 4 13 4 10 1 9 81 2 27 1 34 12 10 34 7 14 37 69 3 0 23 14 9 20 1 11 7 8 1 2 31 4 6 4 8 19 5 9 4 0 23 40 4 12 7 1 4 24 1 2 36 1 24 0 30 4 26 58 2 4 25 2 5 2 8 8 15 7 3
1 10 7 4 3 2 10 5 7 41 3 0 13 19 14 13 4 0 74 11 12 0 0 5 10 9 2 9 3 29 6 2 29 13 2 1 13 7 35 16 38 4 14 4 13 5 3 20 9 12 0 6 24 18 56 10 13 3 27 24 13 13 4 23 2 16 7 4 2 64 37 13 20 15 20
20 0 3 27 3 16 9 31 1 17 29 8 11 7 12 1 14 1 16 4 10 3 40 1 14 27 20 0 27 7 22 7 0 0 0 3 8 70 4 6 6 71 3 36 30 19 23 3 16 8 3 24 4 19 4 4 16 17 16 18 11 1 7 13 50 4 6 0 15 11 14 0 7 12 10
14 6 38 5 3 0 47 0 35 11 14 54 10 8 10 22 9 1 4 29 0 30 5 39 1 14 16 5 7 4 10 36 8 0 24 30 9 18 8 13 0 4 3 0 1 4 2 11 30 10 11 9 1 5 20 29 2 6 5 15 23 18 0 17 1 12 11 32 4 1 16 16 63 0 21
16 5 18 5 1 1 16 2 11 11 13 5 20 41 9 11 12 2 24 1 3 3 8 23 42 41 13 8 5 22 16 8 0 2 3 1 9 12 2 26 15 1 7 5 1 0 30 1 1 22 6 6 30 12 19 12 17 35 14 39 14 13 0 8 9 33 52 4 40 16 2 4 3 53 5
0 2 16 63 2 12 11 0 21 1 10 10 0 1 2 24 0 1 84 9 2 8 4 22 1 9 15 10 6 1 31 7 6 32 28 23 20 41 3 8 1 23 10 18 22 23 0 15 23 5 6 34 5 12 0 1 27 5 4 1 30 6 22 33 14 7 1 16 40 6 10 30 2 1 1
10 18 9 8 40 31 8 1 0 28 28 14 6 6 7 5 4 7 19 9 29 9 7 18 39 0 12 5 39 4 9 11 18 3 6 18 13 12 15 6 1 13 36 24 4 4 0 3 10 10 4 25 15 4 10 22 2 13 17 15 2 17 42 36 12 2 10 10 5 17 51 12 8 6 7
2 5 15 18 4 47 12 0 4 0 7 1 13 34 38 30 6 10 67 5 9 19 40 12 8 5 13 18 12 22 8 0 10 12 13 2 7 14 4 1 1 6 3 16 13 55 1 25 13 1 2 6 6 14 1 14 0 0 5 0 26 16 13 2 3 20 10 5 48 8 23 46 39 7 5
7 2 11 28 4 4 4 4 7 0 2 3 49 3 7 36 4 6 1 14 10 15 36 14 21 4 17 13 7 23 65 3 1 25 26 16 72 19 11 0 3 2 28 20 8 2 21 11 36 11 2 6 7 6 10 10 9 17 14 3 23 13 7 5 6 2 24 8 6 24 11 23 6 3 19
6 20 5 5 28 7 3 36 32 19 8 14 0 15 3 29 10 12 13 20 25 6 55 9 9 8 41 31 30 20 8 3 2 5 43 31 12 3 6 7 4 28 4 3 10 3 11 12 57 5 0 3 3 19 6 2 0 11 16 11 1 9 13 5 14 14 11 14 5 2 26 9 4 6 20
2 2 14 1 5 17 5 1 49 1 29 20 19 11 47 8 43 47 5 62 0 3 9 3 8 13 10 37 22 5 8 25 18 45 1 5 1 3 8 11 4 6 14 14 17 8 16 8 14 28 0 16 1 1 5 17 29 11 14 16 0 36 2 2 23 2 15 4 2 6 5 10 7 10 14
0 36 13 40 6 40 18 55 0 8 3 1 35 7 9 27 3 5 6 7 12 1 6 3 2 0 24 17 8 3 5 18 43 47 3 3 8 17 7 29 4 13 17 2 1 8 67 22 2 4 3 19 36 4 12 2 56 8 28 31 0 2 2 7 0 2 1 10 13 8 3 21 11 4 2
0 37 1 10 6 28 1 1 48 2 0 14 12 6 2 9 3 11 8 19 1 1 2 41 16 32 20 9 31 13 6 15 41 17 0 13 13 2 2 14 68 2 13 14 0 4 1 8 49 30 4 49 17 7 6 25 6 3 3 24 29 12 2 10 3 7 10 11 5 7 21 5 24 10 4
0 32 5 14 28 22 18 0 3 4 16 28 4 1 19 3 14 8 2 3 0 10 13 19 13 17 3 18 28 16 3 34 6 4 13 17 0 51 20 5 8 10 18 9 43 2 7 40 21 8 29 34 6 12 8 4 8 30 10 2 5 7 3 3 3 9 5 26 20 4 15 16 35 1 25
5 8 9 4 16 15 16 0 20 28 10 11 42 24 7 0 53 14 11 5 2 29 0 1 11 8 18 36 10 12 7 8 2 2 16 10 3 9 7 21 0 11 3 31 35 0 32 2 0 12 1 51 11 21 4 6 9 9 18 9 6 15 4 2 38 3 47 0 18 24 9 29 12 12 6
9 16 6 37 1 2 1 16 4 0 11 2 17 19 17 2 4 13 4 4 14 4 1 0 11 22 7 15 14 15 2 39 1 14 12 18 21 8 3 27 29 11 28 2 30 38 12 8 16 1 17 4 27 8 2 5 20 41 21 17 12 14 7 19 3 29 2 2 3 10 67 5 19 12 26
39 28 12 1 17 46 0 20 11 25 3 15 19 15 47 18 3 0 6 1 38 18 2 21 7 8 34 12 2 19 1 3 8 7 14 4 14 22 4 2 2 0 5 4 4 17 2 9 21 8 0 18 45 17 6 12 2 12 22 5 15 3 0 65 13 8 13 41 3 19 11 5 7 7 13
3 5 11 68 0 3 1 11 31 6 8 23 21 15 7 12 18 13 3 2 23 10 3 24 3 18 5 21 13 80 4 7 34 14 8 17 11 0 0 8 7 7 3 2 47 0 21 0 9 3 36 12 9 0 0 22 10 0 25 5 15 33 8 1 6 0 4 5 9 23 56 6 44 7 1
