25 75
4 2 10 2 2 4 26 20 3 1 0 13 21 36 16 1 21 22 5 21 6 9 51 29 5 6 3 26 10 89 3 17 28 52 14 7 11 23 9 9 2 0 10 2 2 2 10 6 9 6 13 1 0 8 3 2 5 1 38 7 10 4 2 27 3 13 28 22 6 12 26 23 29 28 3
9 9 1 3 34 8 20 6 4 0 3 27 17 31 29 19 21 35 5 16 9 28 48 6 2 11 9 31 2 15 14 8 4 12 2 13 40 16 35 13 11 4 0 7 2 2 16 17 3 8 11 8 3 15 71 16 4 25 8 45 1 4 2 0 1 0 4 9 37 5 17 6 1 18 4
7 0 3 7 4 1 8 1 16 42 2 21 3 5 43 3 31 15 1 17 10 8 3 1 5 5 12 7 3 28 5 4 19 41 8 4 17 24 1 18 1 2 30 16 10 24 0 5 3 27 19 7 30 5 5 3 14 14 31 10 7 15 6 11 31 73 5 0 3 53 8 38 11 20 10
8 43 7 4 3 1 6 10 2 0 6 1 3 30 3 9 17 10 10 15 1 3 19 25 10 8 13 47 43 6 33 6 6 22 3 1 1 2 8 21 6 15 10 31 35 4 39 16 3 20 0 11 0 3 8 56 5 2 65 3 5 1 0 2 21 4 49 44 2 13 24 3 1 23 10
7 3 62 62 4 13 6 8 35 7 11 4 41 6 19 0 3 19 28 4 0 19 8 2 23 13 0 8 5 5 1 1 12 27 6 13 0 10 1 17 0 51 9 5 7 7 1 30 4 30 10 4 72 1 12 65 12 16 16 5 2 20 9 22 31 21 7 2 6 4 0 4 0 1 1
-1 1 3 41 7 30 14 4 16 39 77 12 8 19 1 8 16 3 6 17 19 3 12 4 1 5 10 1 4 4 14 11 24 24 8 34 5 14 4 4 31 5 16 12 12 6 24 23 44 17 6 12 3 35 9 17 9 18 0 27 5 0 10 21 20 1 4 10 15 21 2 8 0 28 3
3 79 23 6 14 2 6 1 0 19 35 10 8 13 0 16 20 14 6 8 12 48 7 6 0 12 1 31 16 8 76 23 22 3 18 4 15 17 0 61 8 5 7 4 7 2 8 33 8 6 11 12 13 9 16 8 5 13 8 5 22 21 6 0 5 1 3 3 23 34 8 13 3 6 1
25 4 3 9 49 2 21 32 21 9 21 22 11 12 12 24 10 11 27 6 2 13 23 17 0 3 8 25 0 15 10 2 18 14 14 1 2 5 42 26 10 14 8 0 4 9 30 15 7 12 17 2 2 10 10 6 12 13 14 15 20 11 5 2 26 4 13 15 1 9 0 36 14 25 38
14 0 0 2 6 11 18 13 0 0 5 4 12 7 7 3 8 62 0 2 4 29 29 24 23 1 40 27 3 4 14 29 12 6 3 4 0 7 83 16 15 1 5 0 3 51 2 10 27 23 5 6 48 1 6 21 16 1 7 25 10 12 26 14 21 8 1 4 3 2 32 1 15 7 39
9 2 2 5 26 19 1 7 10 13 20 14 16 5 32 1 24 6 5 16 12 6 31 36 12 4 18 6 8 65 5 43 30 23 10 2 3 1 6 3 7 7 14 30 7 7 31 1 17 3 7 14 19 10 15 22 15 6 7 14 0 0 14 28 8 8 1 24 11 14 1 21 3 26 31
5 8 3 41 58 1 4 18 14 31 31 7 7 12 4 2 54 16 14 4 37 1 3 5 0 9 1 5 11 4 4 5 19 24 10 0 4 4 12 7 2 63 9 10 21 11 2 0 21 20 8 4 11 9 4 2 5 9 7 47 13 2 58 8 47 15 9 4 13 6 9 1 4 25 22
2 13 6 1 9 14 7 10 0 0 14 7 16 2 0 34 5 7 0 6 6 7 34 7 6 15 54 1 2 5 4 8 2 7 23 17 38 22 15 12 19 35 23 20 0 21 7 8 26 9 0 11 3 25 10 4 29 10 30 12 13 26 71 4 4 17 5 10 1 39 29 10 22 2 7
17 2 18 1 17 7 2 23 12 1 18 48 5 0 10 18 18 38 6 20 43 19 44 25 21 7 9 6 2 0 1 5 23 1 7 1 10 62 7 2 3 19 2 33 29 45 61 18 7 15 10 5 10 5 3 1 18 9 23 5 17 0 9 1 0 1 2 3 14 16 1 17 1 11 10
2 10 16 26 10 42 5 65 21 0 2 5 30 27 20 9 3 2 6 17 14 14 16 7 11 26 62 19 15 23 17 29 14 5 4 1 4 7 10 2 18 3 5 2 22 22 0 13 11 10 44 1 14 0 4 4 2 4 13 30 4 4 12 4 11 7 15 8 6 4 35 4 5 2 39
52 23 47 3 41 9 3 35 4 8 28 2 0 1 0 7 33 3 5 1 10 13 0 6 13 9 6 1 44 4 15 16 2 0 9 9 16 20 25 59 26 8 16 12 22 3 40 11 13 3 3 3 14 8 5 7 17 8 17 32 3 17 5 4 4 3 6 1 21 10 16 19 3 19 19
-1 1 47 11 3 10 5 18 13 8 8 2 6 9 48 13 7 16 2 29 10 21 3 12 7 11 3 25 23 2 9 11 55 4 11 24 7 34 6 2 31 25 26 3 4 8 9 17 5 40 7 48 4 0 17 0 0 18 2 18 10 5 2 14 12 0 10 6 46 42 7 13 5 10 1
22 4 60 6 5 6 6 7 2 41 42 2 23 0 2 11 2 26 16 15 12 12 3 5 5 3 3 8 23 5 14 34 3 33 0 17 28 8 9 8 3 5 6 9 15 13 0 6 0 9 65 6 43 4 2 36 4 21 1 41 2 0 5 12 14 9 10 6 3 10 64 10 17 12 6
2 16 16 15 17 40 16 4 5 6 6 8 15 10 29 8 0 6 7 17 24 14 30 4 5 20 4 7 44 8 46 39 11 17 13 7 22 8 12 0 11 1 2 2 19 3 5 20 19 22 57 22 21 36 4 10 15 45 7 0 13 0 5 1 0 3 0 1 2 6 6 3 9 16 36
8 3 54 0 56 27 0 6 19 4 0 2 1 25 10 7 6 22 49 6 16 17 9 16 5 5 14 7 7 9 47 1 10 36 13 7 1 1 0 7 13 4 15 0 13 14 12 7 18 9 5 1 5 44 11 23 66 4 27 0 38 8 29 3 0 28 5 5 23 10 17 2 2 0 6
5 17 10 0 5 39 4 56 0 18 1 16 10 1 1 14 29 13 4 20 5 3 10 30 11 3 28 3 25 16 6 32 3 13 3 14 20 17 8 14 16 13 48 11 22 18 6 48 16 35 0 19 3 8 2 21 2 23 1 0 38 8 1 8 22 0 8 5 16 0 15 20 7 9 4
6 2 8 9 12 18 44 2 0 10 1 23 38 3 7 7 4 3 0 18 5 0 3 3 6 4 17 2 14 1 4 8 8 3 6 15 24 4 3 1 6 66 23 45 43 3 26 26 0 84 3 0 3 8 4 32 1 17 65 5 2 8 49 2 3 13 6 0 50 11 16 8 1 6 19
32 16 7 16 10 2 6 6 11 11 17 11 11 22 10 2 7 4 23 15 20 0 8 17 1 17 15 3 6 5 1 51 1 5 0 31 6 1 12 3 56 2 21 31 5 24 28 0 34 20 1 6 36 0 23 9 0 1 6 2 5 37 1 1 5 4 9 20 4 48 4 79 15 18 3
3 1 10 33 12 5 17 23 4 30 0 1 8 33 9 46 10 5 19 13 12 2 2 1 14 16 18 12 2 1 9 11 3 10 0 32 17 15 37 20 2 7 3 38 8 0 40 7 0 12 1 36 15 12 20 9 13 33 14 2 4 35 1 7 13 17 21 17 8 4 21 4 36 16 8
10 8 20 3 14 20 1 3 2 15 9 14 8 5 12 11 34 8 5 5 61 14 1 8 4 27 0 7 6 6 27 6 42 2 9 5 9 1 11 11 35 5 5 5 36 34 8 13 7 10 7 3 19 13 3 0 2 15 64 4 19 79 8 0 13 12 3 1 13 13 22 11 31 13 10
9 3 19 13 102 4 18 5 0 3 9 12 2 9 6 11 25 11 22 10 17 3 55 18 8 5 1 2 19 1 25 10 0 10 14 1 25 8 0 12 2 29 18 31 10 8 37 14 0 14 26 17 3 6 10 14 3 3 2 0 1 23 21 0 7 16 5 9 50 29 17 15 15 5 13
