25 75
-1 11 15 9 12 2 26 12 6 3 6 0 10 11 0 19 0 0 21 10 23 30 6 41 32 1 8 20 2 22 3 22 16 4 19 38 7 22 2 27 6 3 4 27 13 4 5 14 19 17 22 30 18 38 4 27 14 12 12 9 2 21 2 22 10 16 5 32 24 9 0 5 19 16 2
11 16 20 5 2 54 2 16 7 32 13 8 25 8 1 16 11 1 1 10 2 9 7 5 18 4 18 7 10 1 22 28 39 8 23 9 14 24 8 13 8 29 62 3 1 17 2 1 4 15 0 14 1 2 27 19 23 15 11 2 9 16 5 23 14 39 2 19 4 12 7 0 25 23 18
1 25 6 1 2 26 4 0 4 2 6 12 0 7 14 10 69 4 4 63 1 0 1 21 2 26 10 7 14 44 3 19 0 6 39 8 14 41 13 3 16 5 41 2 3 1 0 5 17 11 18 0 6 19 4 14 20 32 18 4 1 20 35 27 28 4 31 25 13 18 1 6 5 2 16
3 1 2 50 0 44 2 37 8 9 1 27 7 0 24 17 17 9 20 3 9 14 3 15 5 4 3 0 19 0 8 3 0 18 3 8 10 18 1 4 12 6 7 4 13 33 6 49 5 0 5 20 72 21 74 8 8 5 32 20 1 12 6 16 42 4 16 6 8 2 9 4 13 22 13
1 8 19 9 19 5 4 54 5 6 46 1 16 1 4 3 10 2 16 0 1 9 2 4 8 3 1 6 11 26 24 13 1 11 1 36 24 23 3 8 3 23 18 14 99 6 7 5 2 10 4 30 1 7 22 2 7 26 6 16 11 9 0 1 24 43 30 42 32 8 17 4 2 19 6
30 9 13 9 7 20 8 41 2 1 9 5 0 10 1 9 1 30 0 11 31 55 1 40 32 20 0 6 26 9 11 3 16 5 16 4 1 22 0 20 21 1 3 27 6 24 0 43 30 3 0 22 13 1 31 3 21 6 10 7 12 39 0 7 31 4 4 12 36 26 4 0 0 13 6
23 0 1 0 9 8 9 8 0 0 7 2 7 0 32 7 4 29 47 5 3 3 16 11 22 8 6 20 2 13 48 2 2 3 32 7 6 33 35 3 4 19 30 2 18 1 2 21 16 4 5 23 21 7 7 3 17 2 4 6 34 8 0 33 21 54 55 0 13 8 4 18 13 5 49
13 11 14 7 28 14 32 13 9 32 9 10 5 8 17 0 58 17 28 26 1 2 30 1 12 26 27 11 4 32 18 13 43 22 15 9 4 13 13 8 15 22 4 7 3 21 1 36 0 10 7 10 8 8 0 14 8 5 13 0 16 3 19 19 14 13 7 8 14 0 0 1 7 31 1
7 36 13 14 7 6 18 0 1 9 23 43 3 5 8 16 6 19 6 15 6 2 10 35 14 42 9 20 0 3 24 7 2 1 1 0 34 5 23 11 8 47 10 28 47 17 0 1 9 2 36 4 12 16 14 3 4 17 2 14 8 1 53 25 21 0 15 2 7 14 2 10 24 6 17
2 12 29 13 4 18 5 4 32 6 0 11 36 0 6 12 13 12 11 0 15 1 19 17 1 4 37 7 1 1 28 30 10 0 6 12 15 12 18 16 0 34 3 13 36 21 13 8 62 13 17 2 24 12 1 29 11 37 3 6 6 18 65 14 6 17 2 8 0 1 2 7 4 23 6
-1 14 3 13 27 1 8 0 10 18 4 2 10 23 2 29 30 25 15 0 7 1 49 3 47 1 1 14 0 3 22 32 59 39 4 13 2 7 1 2 4 18 5 16 15 14 21 83 3 38 20 2 2 0 0 17 6 9 9 13 4 11 26 7 9 18 16 1 6 0 0 13 6 0 48
49 11 0 33 0 10 1 5 2 1 20 16 2 6 23 58 13 14 5 2 12 5 4 1 36 8 15 27 33 1 37 8 7 16 2 10 6 16 3 10 10 2 5 15 8 48 7 13 6 2 1 13 5 2 30 19 23 25 19 11 29 25 1 26 5 2 4 10 29 9 32 11 16 1 8
22 13 22 30 6 10 24 1 17 2 9 8 0 4 18 15 11 1 3 17 75 5 50 2 12 2 1 9 7 19 9 4 0 4 4 25 16 4 12 12 5 34 11 13 25 15 3 7 34 17 1 2 10 12 14 4 5 29 2 14 2 11 27 14 10 19 0 9 31 19 19 14 34 5 24
22 2 6 6 12 3 12 36 17 5 34 31 17 18 46 10 12 26 8 9 9 17 27 17 23 7 17 5 16 10 5 5 8 1 28 17 1 45 55 0 38 8 21 0 1 1 35 3 17 6 9 2 0 5 6 10 4 12 15 0 10 0 20 22 2 9 11 5 24 0 10 36 1 1 11
12 4 10 1 61 6 23 8 24 6 0 20 20 111 9 0 35 0 17 12 15 4 5 6 12 19 12 2 24 9 16 0 70 2 5 3 10 2 3 7 43 33 6 4 0 27 14 17 3 34 30 14 0 2 2 18 9 14 2 1 1 8 2 23 4 14 15 11 5 3 2 8 12 0 14
3 2 5 13 1 37 22 5 10 15 0 21 0 6 6 12 27 9 11 40 14 0 2 4 14 65 5 65 8 27 3 15 6 14 5 36 0 21 25 0 26 38 12 16 13 4 2 83 2 5 3 7 3 8 0 19 2 9 5 15 3 2 6 0 5 31 7 41 5 6 1 0 10 19 18
16 11 38 2 30 28 11 14 32 11 0 16 11 7 15 37 39 2 15 12 3 5 3 8 26 17 18 11 10 2 4 15 0 3 16 25 2 0 7 1 55 15 29 9 6 34 7 10 6 25 0 16 6 49 0 1 51 12 10 1 4 16 3 0 4 1 2 20 26 24 22 2 2 7 2
17 3 0 28 74 7 3 43 29 1 8 8 0 29 1 1 15 9 10 9 18 4 0 20 9 3 2 9 24 54 7 34 0 15 2 8 9 0 4 10 0 34 2 7 4 25 24 16 10 17 2 15 0 0 7 14 52 9 5 6 19 0 15 39 4 7 45 11 9 5 11 42 8 8 1
0 1 15 2 1 2 20 2 0 12 16 5 28 8 24 6 10 15 7 33 11 35 32 1 6 1 5 8 17 35 14 0 5 0 24 3 117 5 33 12 13 2 11 0 10 0 5 2 4 12 0 18 22 25 38 32 9 2 13 19 18 10 10 31 19 1 0 13 9 22 7 4 1 25 22
17 9 1 25 4 0 18 12 9 7 10 25 7 5 58 7 5 8 0 0 6 10 10 18 4 5 4 55 1 1 1 9 12 32 15 66 0 1 3 12 4 20 13 8 13 4 4 6 1 7 1 62 7 8 7 34 27 7 1 37 63 6 34 10 1 4 5 11 12 0 8 11 4 21 47
5 7 8 33 17 14 5 13 16 27 16 1 11 1 1 8 0 22 29 2 14 15 8 3 22 11 5 31 2 22 24 2 16 31 0 2 12 0 0 15 9 0 43 12 3 7 16 2 5 32 5 38 1 19 20 12 2 55 5 1 8 11 11 10 9 20 1 67 10 10 18 5 8 6 48
5 8 32 17 3 9 10 10 2 0 9 21 13 43 4 16 23 1 32 4 27 4 8 11 1 17 14 17 19 11 4 28 30 2 20 16 33 41 22 39 2 14 0 12 2 1 23 1 12 1 17 8 5 3 52 6 11 25 3 15 10 1 2 3 12 5 18 5 3 5 3 4 32 11 47
6 0 45 26 7 0 2 26 7 13 8 13 3 8 2 1 0 14 0 1 2 12 0 1 9 7 0 7 3 3 4 17 27 34 4 1 32 46 42 5 11 4 20 0 0 32 1 12 3 49 19 25 11 9 50 16 2 9 1 28 10 23 2 37 49 0 35 14 10 11 9 29 16 7 8
4 13 16 19 13 36 2 2 1 0 9 2 31 2 3 22 1 3 2 64 11 5 30 5 31 15 27 12 3 11 29 8 26 7 23 11 44 0 4 9 9 15 8 14 12 34 19 4 14 0 2 41 1 0 14 15 5 31 5 5 5 35 4 7 7 23 8 6 12 6 24 29 0 18 12
13 9 10 23 9 24 39 8 2 6 7 5 60 5 9 5 15 0 30 17 2 5 5 9 0 0 4 7 6 4 2 8 36 1 1 1 24 19 11 23 3 15 23 5 2 7 13 9 6 19 1 2 45 6 20 11 8 10 20 38 28 34 10 14 2 19 30 0 26 1 27 2 1 53 26
