25 75
0 6 28 11 16 31 4 27 2 11 22 11 17 14 38 20 1 39 22 4 35 8 15 4 8 11 3 17 0 22 1 2 7 23 3 25 2 9 6 5 39 81 15 18 0 3 6 0 0 5 17 5 2 11 5 6 18 2 18 2 18 24 24 1 6 21 4 1 2 36 9 2 30 1 38
46 3 52 7 1 0 5 6 2 12 16 56 4 2 2 18 8 13 4 1 48 16 16 9 6 8 4 0 2 22 3 21 12 5 13 1 16 6 39 19 3 2 29 3 12 3 9 2 9 1 2 3 34 10 32 9 10 8 1 14 11 28 41 5 15 13 15 36 9 3 2 12 31 56 3
3 15 44 21 0 6 39 33 10 12 1 13 38 6 7 0 10 39 13 0 7 53 27 1 1 0 19 12 3 37 10 12 4 13 8 38 26 10 2 3 13 22 18 3 28 3 5 4 15 12 3 13 10 1 18 0 6 62 7 12 2 12 6 2 21 13 0 5 0 42 10 14 1 7 14
30 15 24 10 25 7 6 2 28 19 36 6 6 22 20 26 4 6 15 11 11 10 30 8 20 0 0 17 20 9 0 10 1 19 2 10 2 0 20 5 10 8 6 21 4 27 0 2 24 21 8 1 24 4 6 20 65 35 18 11 1 39 1 7 5 8 20 21 9 12 9 2 14 12 13
-1 12 2 6 8 2 10 21 7 13 3 13 20 37 15 14 5 4 31 38 7 32 8 17 3 2 22 25 21 0 9 2 26 0 23 7 9 7 17 3 4 9 52 18 19 8 44 13 3 8 23 18 15 4 14 1 51 12 5 5 0 4 26 35 8 1 3 21 6 4 21 6 9 2 28
6 12 25 10 0 4 3 15 53 9 1 9 10 10 37 40 7 18 17 3 16 16 13 4 26 2 5 14 11 25 19 7 51 11 2 18 2 12 1 6 2 9 25 22 5 2 3 58 34 61 17 7 13 7 5 6 16 6 24 0 12 3 9 23 5 0 9 5 5 5 13 2 12 11 14
2 4 14 17 24 11 13 31 27 1 21 5 5 0 5 11 14 2 25 6 19 2 23 1 9 12 7 4 20 2 20 5 5 21 10 4 15 6 1 7 6 5 6 11 23 11 18 40 7 17 29 39 12 45 16 6 5 5 28 49 8 19 39 26 4 9 9 10 0 8 6 6 44 0 3
3 6 22 9 3 2 1 27 7 10 12 18 10 5 1 53 15 27 36 28 6 26 1 2 22 43 0 36 4 44 1 1 7 27 11 11 13 1 46 9 5 12 15 1 7 16 2 29 0 12 21 8 1 13 6 30 12 16 9 5 22 7 4 8 9 4 15 2 28 10 6 48 4 3 4
20 10 30 10 9 10 24 6 83 17 5 24 30 2 10 13 15 2 2 0 4 32 34 33 18 9 11 0 15 3 7 21 15 2 2 15 23 33 24 14 9 21 21 1 1 6 0 51 0 5 4 5 1 11 30 1 19 3 54 13 0 11 22 13 0 9 3 5 8 4 0 4 7 20 1
9 13 20 5 8 0 15 38 7 5 13 9 21 26 1 20 2 14 6 25 8 8 8 1 35 34 23 7 4 2 7 19 13 4 0 1 17 1 34 5 31 12 71 10 1 3 9 45 20 4 35 15 16 16 11 10 31 0 1 1 26 7 26 11 2 13 2 2 13 8 2 47 1 3 7
13 42 4 15 2 6 6 27 38 19 15 1 13 4 9 35 13 6 29 13 4 11 4 11 7 55 6 19 15 24 22 7 8 1 0 2 5 5 4 6 1 27 8 1 36 19 13 12 17 23 51 2 52 26 4 6 9 12 22 20 11 13 20 6 0 1 7 2 3 3 1 20 19 5 2
1 7 15 20 11 12 7 15 10 19 2 25 14 14 5 2 35 0 1 35 5 15 72 40 0 0 7 0 10 3 7 5 7 17 7 45 17 14 13 20 8 78 35 37 9 10 5 27 6 0 0 16 10 5 4 1 0 6 4 9 1 3 9 3 11 9 8 50 17 0 28 15 3 17 2
25 11 6 4 39 36 17 20 9 3 10 4 2 22 18 2 0 28 28 5 3 13 37 19 11 1 1 25 8 21 8 12 7 7 14 5 3 9 5 9 0 12 27 9 5 31 41 3 6 6 13 7 33 10 29 13 5 0 20 33 14 5 27 28 6 5 1 11 5 9 8 29 20 16 6
11 11 1 15 29 9 16 11 61 73 5 18 26 10 2 12 14 24 21 16 18 38 15 5 26 3 38 12 14 7 24 2 7 27 15 10 17 1 1 10 2 0 1 7 6 1 4 12 6 11 5 1 5 6 7 12 4 0 40 11 21 5 12 40 9 7 17 4 3 20 26 3 12 1 4
6 2 3 15 24 46 8 4 22 15 13 46 34 8 0 5 32 41 9 12 33 22 2 24 19 19 0 1 0 23 0 7 8 4 15 6 7 2 10 4 35 24 15 2 2 13 2 42 11 44 16 35 15 4 0 4 5 13 10 17 47 14 7 3 9 11 2 1 15 8 1 10 2 7 3
48 2 4 3 32 3 0 2 0 6 2 7 6 2 19 23 0 11 15 6 3 23 0 2 2 21 4 27 28 20 9 42 4 7 21 28 0 6 22 3 12 28 0 0 49 57 48 63 43 7 19 17 5 1 5 4 3 15 4 5 11 1 5 9 10 26 3 27 7 5 4 8 11 12 13
6 6 14 11 0 7 1 54 7 14 1 3 1 1 0 3 1 15 60 0 2 30 1 7 0 1 18 19 2 48 14 43 35 19 12 12 2 2 20 3 17 4 0 33 4 7 4 15 2 2 3 0 1 11 31 6 1 20 10 10 6 3 5 50 38 35 6 18 6 110 36 5 0 2 4
3 20 31 13 5 2 21 26 9 39 19 18 13 1 5 7 9 5 72 22 10 0 0 64 17 9 7 20 8 21 8 10 11 13 10 21 0 3 33 5 18 4 0 0 11 16 6 1 3 2 13 3 28 11 16 9 5 3 1 8 4 13 16 8 32 10 0 2 19 3 10 20 35 54 6
11 81 1 11 6 15 19 2 22 28 24 0 30 0 0 11 8 12 24 2 11 51 20 10 13 0 2 4 1 1 57 10 14 7 32 1 3 17 6 3 15 11 3 2 1 2 30 2 5 7 27 9 18 17 13 0 29 2 14 21 9 16 28 21 8 6 6 32 6 14 15 4 17 9 11
6 0 50 24 12 7 5 3 22 42 40 6 0 6 22 5 12 33 4 25 13 13 17 25 19 3 0 28 15 49 28 29 2 1 6 2 10 6 22 5 0 10 0 1 11 7 1 4 7 0 28 8 34 23 39 8 16 8 19 11 10 9 0 13 2 18 14 39 1 13 1 15 10 1 2
13 9 16 4 3 0 18 13 0 0 0 6 30 9 9 19 39 17 7 12 1 41 30 40 10 8 48 6 1 0 6 22 25 11 16 15 1 5 5 3 4 1 2 24 11 32 1 0 13 13 2 30 22 4 27 35 14 14 22 25 18 7 22 23 0 21 8 5 25 14 13 7 5 13 5
3 0 12 3 10 7 22 0 15 5 19 3 0 33 0 39 10 0 39 28 29 1 0 14 4 17 9 8 5 3 12 19 1 1 32 4 2 12 28 7 7 11 3 27 23 1 29 20 6 47 24 9 5 21 34 6 17 7 4 21 1 11 6 13 1 11 3 10 4 13 11 36 76 20 6
27 5 41 8 1 0 3 15 7 10 2 4 13 1 0 0 19 7 16 1 35 19 0 15 10 39 16 11 2 25 0 6 1 1 17 15 3 0 10 5 13 19 10 30 2 9 3 54 66 0 10 9 13 4 5 17 26 109 11 4 13 32 2 25 2 8 32 30 11 2 7 0 3 4 5
3 39 19 51 4 25 30 36 24 7 4 18 21 19 7 14 26 30 5 19 4 0 25 2 6 7 6 0 9 23 4 4 11 8 17 10 6 1 0 10 1 0 42 0 5 19 3 5 3 7 1 23 13 8 12 0 20 25 48 16 5 9 0 30 3 11 26 9 23 3 5 9 27 26 9
0 2 3 2 3 19 20 26 11 32 5 5 1 23 1 9 14 12 4 6 6 5 6 1 11 17 0 7 39 4 36 18 26 13 5 5 35 33 1 78 12 15 26 32 8 7 10 0 47 18 4 52 16 1 12 16 36 10 3 10 12 13 10 6 2 11 3 3 4 9 2 17 16 7 6
