25 75
4 41 41 20 6 46 3 4 5 5 6 46 21 1 51 3 3 11 10 18 0 7 6 0 4 21 5 2 18 37 1 13 4 2 3 73 0 31 3 12 10 7 0 0 42 52 52 0 7 6 8 4 15 10 17 14 0 8 2 17 8 16 14 10 7 4 3 5 14 15 0 5 12 5 24
1 36 25 39 13 3 8 2 3 15 7 17 0 0 47 4 1 21 6 2 8 31 5 44 21 17 11 42 1 2 4 1 3 17 1 2 1 4 3 12 6 51 12 18 0 16 0 26 6 0 2 2 2 19 14 34 0 58 26 1 31 4 16 20 7 1 8 14 13 29 10 12 20 8 34
5 3 0 3 14 41 37 6 14 3 18 10 3 21 3 11 9 57 5 8 17 33 0 9 1 34 30 29 4 5 16 20 8 7 26 3 18 14 3 39 3 0 20 9 1 26 2 9 16 13 1 3 5 18 5 1 4 2 28 7 20 2 24 9 6 2 14 54 0 32 2 2 18 35 20
17 32 0 5 4 0 16 67 0 18 6 1 11 16 1 0 7 28 47 20 0 17 8 11 6 7 2 5 18 10 18 2 9 42 31 5 9 11 20 8 3 18 6 9 11 30 4 0 21 1 18 27 1 10 19 30 9 21 19 1 9 32 24 9 16 12 4 33 16 2 15 7 1 0 27
4 9 3 23 21 1 7 0 13 12 0 15 46 25 32 9 0 23 11 35 1 17 3 7 12 18 1 7 33 4 13 14 57 2 10 6 2 2 0 1 10 16 18 2 35 35 0 9 60 0 17 3 28 3 10 19 12 6 3 24 1 13 4 16 31 0 1 0 0 15 18 39 22 13 18
0 2 6 12 23 4 27 11 2 1 19 31 2 23 14 52 30 10 7 2 6 48 1 7 4 1 12 3 21 1 10 11 52 19 2 30 6 6 0 33 11 29 33 3 3 18 14 2 12 30 13 5 62 15 22 12 13 7 1 10 2 9 16 3 5 23 18 2 0 17 7 6 8 8 10
15 22 6 6 6 2 7 0 8 10 2 13 12 11 1 5 1 23 5 13 16 3 0 25 0 2 18 6 0 24 14 13 4 4 6 36 9 13 14 3 12 103 4 18 7 12 3 24 23 5 1 11 3 57 13 21 10 3 9 5 20 2 21 17 14 16 52 35 10 12 13 0 33 18 15
5 21 13 0 2 0 15 13 14 11 6 36 5 12 3 22 0 17 14 2 13 10 7 8 17 2 7 1 19 47 5 16 43 4 13 5 7 7 6 17 0 4 13 3 29 17 21 13 2 76 46 29 0 24 10 0 21 5 18 21 18 41 2 14 5 0 12 12 9 1 21 16 7 13 12
18 11 41 35 7 11 1 11 5 6 4 11 4 25 4 12 4 19 4 1 1 37 9 2 33 7 12 6 0 10 2 16 11 6 38 9 10 4 22 1 3 43 6 23 10 10 0 3 30 10 32 17 15 39 2 12 14 10 10 10 20 23 3 15 71 6 2 10 3 22 6 8 2 34 6
1 20 11 2 12 5 59 0 5 7 15 31 17 20 13 2 44 17 8 0 0 21 2 2 3 2 12 11 12 5 0 6 9 2 26 7 40 23 25 4 16 10 7 7 15 24 4 15 1 15 19 5 3 0 1 1 9 9 9 8 9 1 30 30 12 9 25 11 16 45 67 10 0 27 29
4 14 32 2 43 5 3 21 22 9 31 17 0 3 17 7 12 6 33 17 6 1 0 11 6 0 39 28 1 8 11 24 6 4 2 9 19 5 15 1 4 1 28 1 2 1 3 4 0 15 17 14 16 22 20 12 13 14 19 72 5 0 33 9 26 15 7 0 3 21 39 10 15 33 12
40 17 26 1 37 25 4 10 6 47 10 0 1 5 2 10 5 1 8 15 33 2 3 4 3 0 0 12 55 19 1 1 16 4 5 14 3 27 5 17 15 7 27 3 4 5 5 1 33 3 4 9 1 3 1 16 6 5 47 8 26 27 8 6 2 0 31 76 17 2 39 17 30 17 5
17 0 35 14 30 12 75 13 5 27 1 24 6 0 15 4 2 68 17 21 27 9 0 25 2 9 3 8 8 7 0 40 1 11 33 8 2 3 13 0 11 9 6 29 4 0 15 1 4 29 58 6 1 4 21 15 9 18 16 21 14 0 2 3 1 5 15 4 13 5 11 16 24 1 14
21 1 3 21 16 16 18 13 19 5 25 32 0 5 68 15 3 4 0 1 1 4 42 35 8 4 19 0 6 1 13 18 7 26 3 6 0 10 9 22 6 19 15 10 15 9 8 4 27 38 6 12 15 13 22 7 0 1 3 1 1 30 3 32 39 19 1 6 11 2 7 1 56 1 40
6 10 7 14 7 4 0 22 27 0 14 4 45 52 3 1 0 0 21 20 2 24 54 2 8 0 22 36 13 30 3 0 14 9 54 6 2 4 12 3 3 11 33 21 12 0 7 29 0 17 22 10 2 4 22 2 6 10 28 18 32 4 16 6 4 2 8 3 53 16 6 5 9 13 11
13 11 16 26 13 6 11 17 46 13 14 8 13 1 7 11 18 2 19 30 8 5 7 27 17 13 28 6 32 9 35 5 1 1 8 0 0 54 3 37 11 15 14 8 12 0 5 1 15 4 66 33 0 27 1 8 24 10 15 5 3 11 5 3 17 0 21 3 29 3 6 16 9 0 9
56 1 22 4 1 6 11 10 0 8 10 46 17 6 8 19 49 5 17 7 3 29 15 12 19 9 45 19 0 1 11 1 18 15 1 3 6 5 0 1 4 12 5 23 12 53 4 0 13 10 12 15 25 41 13 2 13 28 11 13 22 10 0 12 9 44 14 23 6 6 3 18 0 6 2
8 38 6 42 1 3 6 39 11 6 0 15 9 12 30 2 0 10 50 4 0 35 3 0 0 19 20 6 3 4 34 5 14 22 2 0 2 13 0 12 2 15 6 30 0 6 7 8 47 6 1 1 31 9 2 40 1 17 39 10 5 45 18 5 17 5 13 10 46 0 7 9 31 1 24
36 4 43 18 4 3 6 5 7 5 11 24 3 12 8 4 5 13 4 7 5 13 10 51 8 1 0 9 9 21 44 33 10 9 22 91 10 1 0 19 40 2 7 1 8 8 2 6 7 21 18 1 14 37 6 5 5 17 3 9 1 0 0 10 14 37 11 14 1 2 1 18 22 3 61
30 1 3 27 2 12 13 1 2 7 26 7 7 12 4 3 10 2 0 23 1 20 4 37 7 0 0 67 9 9 29 85 0 2 6 12 25 0 18 12 15 6 1 12 18 0 9 38 26 17 2 8 1 3 1 2 34 15 18 27 13 14 54 18 12 35 1 2 17 14 8 10 5 1 8
26 20 2 10 1 21 2 16 5 8 9 1 3 8 0 0 7 0 17 8 17 19 9 42 5 24 23 16 26 4 1 1 8 20 0 4 27 1 1 4 0 6 0 6 23 0 38 10 0 10 8 4 3 0 41 1 38 25 2 22 8 42 36 12 41 3 2 11 28 61 7 16 35 29 16
0 0 35 24 9 38 0 3 1 12 17 9 2 6 3 17 0 12 6 3 12 18 34 27 35 7 5 4 73 12 7 1 10 22 26 19 30 3 45 6 30 27 9 20 3 41 2 44 9 5 37 10 7 16 6 2 1 9 0 2 4 5 7 21 1 10 12 2 3 4 13 2 7 35 1
18 12 0 9 8 19 3 13 11 32 8 18 4 15 10 15 46 0 3 30 2 0 7 5 2 13 10 16 18 16 1 2 0 21 14 6 17 7 29 7 1 67 23 1 40 8 11 16 9 27 7 47 16 3 0 11 9 7 14 25 4 18 39 1 13 9 7 19 2 13 19 1 4 11 31
23 16 22 19 11 3 0 6 3 1 0 40 34 21 0 13 25 13 28 10 10 9 9 11 16 20 1 39 10 0 22 14 32 4 10 2 35 7 17 6 5 9 26 26 9 5 9 1 7 3 0 29 5 1 6 22 4 4 5 5 8 47 3 16 22 6 55 14 6 3 26 1 1 32 17
2 3 30 38 4 15 1 5 8 7 5 7 22 46 3 6 27 6 0 13 57 34 6 9 12 14 1 22 0 19 3 11 5 12 7 0 14 4 8 0 46 7 9 19 55 2 5 24 1 10 26 15 36 2 4 11 16 40 0 18 2 11 0 7 15 0 2 7 10 1 2 56 27 0 28
