25 75
3 9 8 15 7 13 13 18 27 13 6 15 7 37 2 5 3 37 2 29 2 13 46 4 10 29 27 16 13 1 6 5 4 18 6 1 6 19 2 0 7 3 10 24 15 19 40 1 1 32 6 10 6 19 11 41 3 6 31 42 12 3 20 3 8 5 19 0 14 11 7 1 18 6 49
8 37 18 2 22 4 33 43 9 3 42 22 31 24 13 1 3 25 13 29 17 1 17 8 14 0 19 12 0 0 10 18 14 0 16 16 5 34 16 29 4 1 13 26 2 3 4 1 5 12 4 30 14 0 16 17 1 8 2 4 2 9 10 6 35 1 0 41 3 25 4 29 17 14 9
0 14 36 7 5 12 0 21 3 13 8 23 11 1 29 10 9 16 13 31 35 0 1 7 25 20 9 6 8 9 51 11 0 22 3 1 5 19 1 11 29 57 16 20 20 17 12 8 19 20 0 5 40 11 0 12 13 8 1 11 5 2 9 0 8 18 52 8 29 9 7 2 18 5 3
1 9 6 36 3 16 1 3 46 0 34 3 8 6 33 13 1 4 0 11 6 1 12 17 26 31 26 56 3 3 3 21 12 2 1 5 7 4 26 41 0 19 11 2 0 27 12 18 34 11 40 1 8 8 9 5 4 5 3 47 19 4 35 0 23 14 4 16 6 7 30 11 11 1 18
13 28 17 6 3 2 0 0 26 0 39 11 21 25 6 10 0 9 4 36 3 14 30 10 6 4 14 6 2 14 4 3 0 18 8 24 7 0 11 25 5 15 13 35 4 51 28 0 10 3 73 56 16 4 3 0 1 27 7 8 16 13 13 6 6 6 2 6 23 33 5 21 0 1 31
17 43 17 27 61 5 65 1 6 16 3 29 4 10 14 7 8 6 4 4 15 8 3 0 13 14 12 5 11 4 10 4 16 12 27 2 28 2 8 28 20 5 4 6 7 11 5 2 33 3 14 25 1 42 4 1 33 12 31 19 4 15 22 0 4 12 8 1 2 14 33 1 27 4 6
7 27 40 3 1 2 43 1 6 0 10 1 47 0 49 3 13 1 5 2 11 8 44 64 29 14 8 7 25 8 5 25 9 11 6 9 9 2 28 17 13 9 5 1 6 12 43 0 21 3 12 1 12 9 0 0 0 50 9 1 5 7 0 3 1 22 7 45 13 3 4 3 58 13 9
30 10 9 30 17 45 0 3 10 20 0 14 1 29 9 4 7 21 31 15 7 11 10 7 4 21 5 2 0 0 22 0 7 66 10 10 9 21 17 13 0 28 1 35 28 8 10 8 6 8 3 29 0 25 32 2 3 1 2 25 3 0 12 9 3 15 1 2 10 7 8 5 2 37 85
12 4 8 1 15 6 1 2 21 4 13 9 11 0 4 1 26 78 4 26 5 5 6 20 5 30 11 11 2 3 11 1 7 7 0 1 2 1 16 8 0 16 17 4 52 3 13 41 10 19 2 6 1 7 6 3 64 20 20 9 45 4 0 24 0 60 19 8 19 48 16 2 5 37 2
1 26 11 28 33 15 0 4 10 4 17 26 23 4 45 17 9 59 18 13 2 22 2 14 10 1 1 13 19 9 3 9 2 39 4 1 20 21 4 31 2 1 0 8 4 5 13 18 7 22 12 10 0 0 2 10 7 3 24 18 1 2 95 12 6 20 1 1 14 19 20 10 0 9 34
-1 9 1 30 8 12 10 20 35 13 2 20 21 0 34 2 33 32 32 0 1 8 10 10 14 36 3 8 43 32 29 7 5 9 4 2 6 30 3 1 4 4 37 22 2 14 2 0 46 7 1 27 24 7 1 7 28 29 11 0 13 7 9 31 26 5 1 10 16 9 4 6 7 0 9
11 3 24 13 27 0 2 12 12 2 25 51 11 21 1 31 16 5 1 8 29 5 24 7 3 7 13 50 5 16 0 12 6 2 2 4 18 6 20 8 10 27 27 11 18 10 14 10 4 0 16 40 11 4 11 18 11 17 20 26 0 24 16 1 9 4 0 33 4 34 11 14 10 13 9
19 13 24 23 34 11 24 29 1 13 16 20 35 24 16 0 2 1 6 3 11 25 28 30 13 2 2 0 0 15 27 16 1 21 1 12 29 9 2 0 11 17 1 1 20 25 4 0 10 6 1 6 22 18 37 6 66 0 18 2 16 13 7 1 24 20 1 23 7 8 30 8 8 0 5
8 21 45 0 12 44 14 1 3 16 19 10 5 0 16 30 33 25 3 5 9 11 5 7 0 42 32 1 39 25 1 1 7 6 10 13 10 4 6 20 24 13 33 9 1 12 41 2 15 8 10 2 20 5 15 10 2 12 9 8 8 15 46 23 8 0 2 14 0 32 0 10 1 27 4
16 4 45 9 39 12 5 21 0 1 26 4 15 5 27 10 7 4 8 6 27 7 37 6 1 18 28 32 7 2 2 31 20 54 7 8 4 6 5 12 15 38 9 1 22 8 44 32 3 1 0 2 14 1 9 4 1 6 6 10 17 25 11 25 12 7 7 11 14 21 24 0 7 7 8
15 1 11 9 18 3 11 4 26 1 0 8 52 6 4 4 34 0 36 26 15 24 71 3 2 8 2 5 8 30 21 20 17 11 5 44 8 9 4 11 19 37 15 12 6 11 7 14 12 2 3 12 19 7 19 14 8 4 0 6 32 12 2 22 5 14 3 4 13 16 18 10 9 13 13
-1 13 9 2 1 18 1 16 14 3 4 7 6 17 7 8 0 19 12 7 2 33 4 0 12 29 17 5 41 5 29 14 11 7 10 44 1 1 7 20 14 46 7 10 12 11 51 18 7 31 0 1 33 9 17 1 5 10 12 37 2 3 25 3 14 9 21 0 2 11 14 19 14 38 38
27 31 9 1 13 7 19 27 1 15 59 0 4 29 2 9 12 2 33 9 30 5 27 5 26 20 28 16 7 3 9 2 7 15 8 11 14 25 0 10 4 2 24 1 4 11 11 1 45 5 4 3 26 0 2 15 3 22 20 8 8 10 4 19 1 2 1 20 1 6 49 14 41 21 15
25 10 8 22 10 0 12 4 62 21 1 16 6 17 18 1 44 15 3 7 11 1 19 48 18 1 14 8 13 48 5 5 3 7 20 4 2 24 15 17 8 42 16 14 1 3 8 8 3 5 4 5 46 2 2 6 8 2 8 31 12 2 15 14 11 28 6 17 19 1 17 2 0 44 5
10 7 9 8 11 9 17 8 34 7 26 40 7 9 10 4 10 4 23 9 12 22 2 0 2 18 4 6 30 11 7 1 8 42 30 18 2 1 5 11 33 23 4 0 1 22 25 12 24 1 36 4 0 42 14 21 0 17 23 8 14 12 12 0 0 6 29 19 6 15 3 8 19 51 2
4 12 44 2 12 29 16 16 17 3 18 4 32 15 6 14 2 1 7 37 24 23 3 4 7 2 2 7 1 4 10 4 15 12 0 8 12 5 3 41 33 1 29 7 18 10 15 1 36 18 0 4 0 30 6 19 22 17 10 18 32 23 6 77 0 2 13 7 24 7 7 7 10 3 10
15 26 23 36 4 6 3 8 4 6 10 2 20 1 26 8 0 2 14 15 22 0 7 20 30 3 13 22 12 15 2 2 13 19 14 31 7 56 0 29 8 3 24 6 0 0 2 26 4 16 11 26 17 8 9 34 7 27 0 17 6 11 35 8 23 20 12 13 5 19 1 14 7 33 2
48 8 1 3 7 40 5 24 42 11 7 25 6 24 21 6 21 19 0 10 26 0 23 12 13 14 7 0 0 1 2 0 0 4 19 13 26 40 2 23 7 4 27 10 0 9 8 3 12 3 16 1 0 13 16 13 9 35 8 56 1 6 14 9 16 1 3 2 0 58 24 7 1 54 1
16 11 1 20 29 67 16 0 2 19 13 18 12 2 4 2 22 25 7 19 2 2 8 4 14 13 34 3 5 0 20 36 12 10 31 12 0 5 2 4 4 13 5 12 3 16 39 15 14 14 10 2 6 9 16 16 1 16 65 2 7 23 27 11 2 38 18 12 13 3 23 2 8 8 5
6 1 57 5 24 2 31 34 2 4 9 20 18 1 11 11 1 18 9 13 5 1 4 38 4 6 27 27 5 6 7 3 85 13 1 12 10 5 43 1 5 17 6 3 14 20 28 16 4 9 1 27 82 10 4 13 3 7 8 31 9 3 0 3 2 0 5 3 8 1 45 29 1 0 3
