25 75
-1 26 0 8 11 5 0 23 6 4 20 17 4 1 3 26 28 0 33 0 37 24 3 16 16 1 11 29 0 2 3 8 31 11 12 0 4 17 3 9 13 21 11 58 23 44 26 11 10 3 34 8 5 1 18 14 7 1 35 11 15 0 10 6 2 19 21 9 10 28 1 24 0 47 3
8 13 0 26 12 7 21 18 0 5 9 2 30 5 1 6 9 21 20 23 12 9 4 10 26 22 5 32 15 8 25 2 4 13 7 47 6 13 1 15 36 14 0 4 0 8 12 17 7 7 28 33 29 31 24 1 4 0 2 46 0 4 4 4 5 9 5 3 83 27 7 1 10 9 14
18 30 33 55 0 17 23 8 4 4 22 1 24 6 3 16 0 25 8 21 18 5 34 5 30 7 7 10 20 5 19 11 9 20 8 16 32 11 12 1 5 23 3 22 0 9 41 2 8 5 5 10 1 16 15 10 8 21 10 20 2 37 4 2 11 0 8 23 1 27 5 15 23 7 3
7 0 0 3 15 6 23 13 46 33 11 1 7 43 17 0 9 7 3 10 5 27 16 4 22 2 2 35 24 12 6 0 11 8 12 8 6 30 1 31 8 25 15 23 3 46 12 5 7 1 10 17 32 8 23 11 6 24 0 2 17 0 13 17 10 11 1 28 37 16 8 23 11 3 11
20 74 16 4 1 9 8 9 1 14 18 20 9 4 30 9 14 14 12 6 11 8 5 26 2 1 2 8 33 2 25 1 11 2 2 6 3 16 25 18 20 4 29 1 11 44 11 6 15 31 2 4 2 35 0 2 46 22 17 25 10 2 9 5 21 28 13 21 10 10 12 9 12 11 1
25 1 17 23 48 9 0 28 35 4 10 0 29 0 4 21 1 21 5 4 0 32 5 2 0 0 18 0 1 14 9 4 13 29 0 4 27 45 37 15 13 40 3 7 6 17 5 0 4 1 42 43 3 16 7 22 10 12 4 5 0 51 13 6 28 6 2 9 6 7 6 8 27 0 31
7 5 33 1 10 2 52 5 36 2 23 10 4 4 9 0 13 16 35 4 1 24 3 30 0 0 55 8 37 47 24 0 1 4 18 16 3 4 5 17 7 3 8 5 4 3 9 11 26 16 1 2 23 1 7 23 4 11 4 43 2 10 8 1 10 14 22 36 7 32 16 6 17 8 32
34 5 1 5 6 32 1 7 3 22 4 19 28 6 6 6 14 5 41 3 0 20 17 2 5 0 9 13 11 15 7 17 6 39 16 2 1 3 15 6 33 17 14 2 3 22 35 22 4 4 8 6 26 19 46 9 11 6 12 21 6 0 0 8 5 33 60 3 6 7 23 44 16 12 5
7 16 13 9 33 8 4 24 0 27 15 44 6 22 0 19 1 5 0 26 39 27 0 20 34 4 13 19 33 2 8 22 3 9 35 5 14 11 30 0 1 4 6 5 0 16 3 3 19 0 24 7 5 11 10 18 15 7 1 23 15 1 10 17 9 26 21 21 1 6 10 15 11 42 10
3 12 25 20 5 2 9 8 3 55 11 8 32 29 7 14 2 8 32 11 6 17 34 1 3 2 16 13 2 3 3 27 3 38 14 0 20 7 2 11 4 4 26 20 34 7 11 9 5 13 24 14 7 17 7 0 99 14 4 13 11 16 5 32 10 13 8 5 4 1 21 2 5 16 1
10 1 7 1 10 4 57 3 24 0 43 1 8 5 17 7 3 21 21 1 30 4 39 11 10 23 36 5 10 8 12 8 23 1 2 5 20 1 24 14 14 6 0 6 55 8 11 24 8 28 5 6 10 7 53 1 4 18 49 15 10 4 5 5 27 0 18 25 8 3 13 7 14 0 3
21 1 12 11 2 29 4 0 11 1 25 24 0 18 14 12 4 56 12 5 15 1 27 10 21 5 4 1 2 11 26 5 101 29 10 8 2 5 21 40 6 4 16 6 26 41 25 7 1 9 5 8 28 5 16 3 16 3 6 19 15 4 3 17 22 15 0 6 1 0 37 1 4 16 3
2 6 9 7 3 14 19 9 2 6 9 3 25 1 17 7 8 15 4 29 18 6 12 4 5 17 10 12 15 8 12 2 8 3 3 13 6 15 5 5 40 36 6 38 2 0 5 3 10 19 15 10 15 26 1 36 13 0 37 75 44 36 3 5 23 2 4 0 11 26 14 24 9 25 13
8 0 39 2 3 13 28 33 18 26 6 18 7 3 3 10 14 5 11 7 0 6 16 8 22 3 8 0 13 6 2 8 15 65 6 20 6 46 12 0 6 26 1 23 36 21 14 38 13 12 17 1 8 10 0 28 4 11 12 3 26 2 4 4 10 28 40 3 2 39 15 15 5 6 1
5 19 0 17 14 3 3 15 16 7 42 3 16 1 4 3 7 15 12 6 24 1 18 0 10 10 23 14 10 30 35 5 15 16 52 17 16 12 26 8 38 8 20 3 9 17 1 5 0 15 11 73 43 7 19 7 9 16 13 9 1 33 15 5 2 5 21 8 1 5 5 11 9 1 5
1 24 4 1 0 9 34 2 20 16 2 34 8 27 12 14 21 8 53 12 0 11 3 33 3 15 38 17 59 22 11 10 3 6 4 5 5 9 17 1 7 19 2 30 3 1 1 7 0 9 2 14 8 4 35 31 43 8 4 6 3 33 5 17 12 10 22 44 4 16 2 5 5 11 3
4 1 15 21 38 25 6 8 3 8 14 0 7 8 8 55 9 19 12 4 0 1 11 66 30 5 17 10 11 4 37 26 7 9 1 3 44 16 75 0 13 15 1 51 4 13 13 3 17 5 7 2 1 16 8 11 2 2 7 3 8 2 3 26 2 1 14 21 7 18 24 14 4 23 1
1 4 8 25 22 8 0 13 96 9 5 23 4 4 0 0 2 8 35 4 72 68 16 1 25 11 11 1 27 22 8 13 3 18 3 16 0 33 0 6 8 4 14 3 6 6 10 4 5 2 14 17 1 0 0 34 1 16 5 71 11 2 15 16 4 21 15 0 4 40 5 12 0 3 6
-1 22 1 18 2 6 17 41 14 23 29 13 8 38 0 2 1 9 12 6 34 6 29 21 21 10 3 7 0 5 29 1 34 25 33 1 5 0 11 19 12 25 14 13 7 1 43 13 3 9 3 2 2 5 11 1 41 5 11 13 9 10 9 14 17 36 6 25 3 2 29 12 7 25 7
7 15 2 7 17 31 21 0 10 7 1 29 3 20 7 0 9 11 17 0 6 2 4 23 37 17 15 0 34 36 7 9 44 0 11 6 1 0 18 18 28 19 12 27 21 10 10 19 21 6 58 3 7 3 8 20 0 5 16 33 0 10 8 6 15 10 1 35 27 4 24 2 13 7 10
1 18 0 7 9 15 4 1 14 4 0 0 30 10 5 1 10 8 7 13 9 40 0 7 3 23 14 48 9 22 12 4 20 14 3 55 0 24 11 7 16 12 12 5 10 38 26 12 29 33 14 1 7 8 1 0 10 3 14 7 37 10 29 33 36 3 3 23 6 43 1 15 9 3 9
1 3 9 9 37 8 6 11 2 2 4 4 5 16 13 13 0 19 4 15 18 13 15 4 6 33 21 3 6 2 10 13 20 6 22 41 0 24 19 7 20 2 2 20 0 12 5 53 30 4 46 10 0 22 0 12 1 14 1 7 7 1 79 1 10 8 46 13 15 25 4 0 29 2 35
2 3 2 6 9 9 6 55 12 5 2 22 7 9 11 36 15 1 1 29 16 12 6 33 11 5 24 16 22 16 20 26 23 20 6 5 20 8 4 10 3 8 0 0 2 10 26 12 36 18 2 5 76 3 1 5 3 6 16 11 15 11 6 3 40 12 46 23 3 0 3 11 5 30 4
6 1 12 5 11 9 12 15 34 8 15 9 24 18 4 13 5 0 18 14 16 7 4 25 21 28 1 33 7 22 4 2 5 15 32 9 6 5 0 3 12 1 7 1 57 24 20 11 18 25 27 9 33 1 3 19 6 8 55 3 16 16 5 42 31 9 26 1 9 1 4 9 5 0 8
56 4 15 5 30 22 1 1 16 28 7 26 15 6 2 2 3 12 11 15 32 6 2 13 12 1 6 13 0 39 4 15 15 15 36 3 29 8 6 11 18 9 1 2 5 1 0 14 84 8 3 1 28 7 6 17 1 2 12 4 63 24 29 7 2 0 1 4 2 1 8 13 58 13 9
