25 75
16 11 3 2 12 11 6 2 5 6 15 30 8 30 9 16 1 1 25 32 12 2 4 27 23 84 13 41 9 6 17 3 12 0 20 0 0 0 7 0 7 6 28 6 12 2 15 28 3 4 2 31 23 12 0 0 47 26 0 21 19 36 23 1 4 13 10 10 5 7 39 7 5 10 17
1 7 37 21 3 10 16 2 21 0 30 45 14 3 20 40 2 3 3 3 17 3 17 9 13 3 3 28 5 9 21 3 32 18 0 3 29 12 4 11 3 8 24 6 1 9 14 10 33 22 18 3 19 4 23 9 8 10 40 4 0 2 31 20 8 4 14 1 14 16 54 2 26 7 12
15 34 91 13 25 12 7 17 26 7 49 4 25 11 2 0 13 29 2 12 7 4 4 26 1 10 6 10 22 15 0 37 13 30 4 1 22 7 0 36 6 2 1 1 1 24 7 4 15 13 6 30 4 14 5 17 14 20 19 19 0 2 9 15 0 11 5 9 16 7 30 9 1 2 13
17 14 15 7 4 15 28 6 11 9 3 7 13 11 13 22 52 7 23 13 24 2 14 36 1 5 57 23 4 13 4 4 1 21 22 8 21 21 3 23 12 19 8 9 1 10 8 0 30 9 4 14 16 15 3 8 14 16 18 33 4 3 12 17 33 4 6 4 19 4 5 6 13 2 24
-1 14 25 3 62 8 6 7 3 19 3 14 5 9 33 3 2 2 4 18 8 0 1 18 5 2 14 3 29 8 21 6 7 21 22 6 3 1 33 30 3 37 4 7 13 16 4 4 13 5 32 9 3 21 0 9 40 12 1 2 29 18 32 9 6 14 21 22 2 54 27 25 5 5 19
0 10 20 22 30 8 22 4 15 5 2 14 2 12 2 11 7 12 18 5 17 6 1 20 13 1 6 6 12 9 8 15 15 34 4 26 17 19 43 18 10 2 24 43 11 13 26 44 3 3 0 9 3 23 11 3 17 7 14 18 1 5 23 23 20 4 12 11 10 4 9 45 19 17 2
19 11 2 23 5 38 4 7 18 4 2 10 7 41 1 15 9 6 0 1 13 15 0 10 36 1 18 10 10 52 3 6 0 0 6 2 4 9 2 6 5 2 4 16 7 48 5 17 8 7 20 27 20 5 4 32 0 7 41 24 5 33 41 12 7 9 1 22 19 15 0 20 71 19 1
21 12 8 16 2 6 14 0 15 12 46 9 43 14 0 0 0 32 12 8 6 4 10 32 0 3 10 11 7 24 25 12 3 12 4 3 9 7 0 37 27 45 15 1 2 4 10 23 19 2 0 23 6 22 8 31 0 41 27 19 6 72 16 2 13 8 2 6 2 15 0 2 4 15 23
26 32 1 17 7 17 2 10 9 2 1 1 19 2 14 4 20 15 3 27 17 29 38 12 0 3 39 7 28 38 0 23 11 8 11 2 42 43 2 3 4 18 22 0 10 2 0 2 29 9 11 7 1 2 13 6 9 14 21 17 7 16 53 10 21 6 5 16 6 0 0 13 3 54 8
17 37 13 1 36 14 21 16 45 3 3 1 12 20 0 4 0 0 36 9 31 17 57 1 32 11 9 7 15 21 5 9 6 6 5 1 1 13 0 19 6 41 2 4 9 22 17 3 20 9 5 6 7 18 2 42 36 7 39 3 5 29 20 6 5 5 1 1 27 0 5 27 2 3 12
4 31 4 8 0 8 9 15 15 41 16 8 3 1 19 5 0 12 18 2 0 13 5 0 2 0 13 17 27 2 7 115 4 4 11 19 3 73 10 0 10 1 20 10 1 6 7 3 13 50 38 4 2 20 4 5 0 3 7 8 12 22 4 30 9 5 3 8 2 43 12 52 5 1 36
21 12 38 2 22 21 11 1 0 5 5 1 18 6 12 0 1 0 2 8 2 14 2 8 19 34 0 22 40 24 14 24 9 0 3 6 13 25 15 6 3 19 1 3 12 23 36 11 0 41 16 9 14 13 4 0 4 4 21 5 7 39 14 3 10 18 3 12 1 44 11 66 38 22 7
8 5 24 2 1 0 26 12 0 13 16 15 10 42 1 2 10 3 21 15 23 34 9 0 8 2 1 1 0 7 31 13 20 14 2 7 14 6 9 25 7 22 1 27 33 32 3 0 4 10 0 34 4 73 2 5 3 4 22 5 68 2 29 8 3 23 2 16 4 18 0 58 4 13 9
20 10 12 8 2 8 2 23 12 12 2 31 7 25 33 2 3 17 1 2 47 9 24 3 2 19 8 8 85 1 6 7 18 8 13 4 2 16 37 4 26 1 0 0 26 11 41 1 25 25 3 33 30 7 10 0 8 14 8 16 0 15 7 33 11 0 11 6 5 5 35 5 2 9 18
6 92 18 2 11 6 12 2 6 4 12 14 0 17 2 1 18 16 11 13 25 19 76 11 24 4 29 10 9 3 10 17 7 13 11 6 11 3 6 2 2 33 4 14 15 1 5 3 5 2 48 14 11 14 39 20 14 7 3 0 34 2 6 0 17 25 5 20 0 0 5 28 2 6 37
8 10 20 26 16 1 18 6 0 40 1 6 20 5 18 35 0 21 14 2 1 11 22 5 39 16 27 4 10 3 10 15 14 21 44 7 13 34 8 7 3 2 13 44 8 4 6 1 3 20 18 3 16 10 7 11 5 10 11 10 23 6 37 5 0 24 4 25 2 8 18 13 44 5 3
5 10 2 47 27 17 0 43 7 10 0 5 13 5 39 33 9 8 6 0 14 8 23 15 19 26 13 6 8 75 16 9 3 17 16 38 16 14 1 15 16 0 23 10 9 10 13 30 10 2 2 10 19 8 24 11 1 2 5 12 11 2 27 6 1 4 12 3 2 0 36 1 21 2 17
14 4 2 45 14 6 3 4 7 4 7 49 12 8 3 0 11 9 0 27 0 17 40 0 21 25 7 11 5 8 0 27 0 10 28 13 42 11 8 17 10 18 31 29 49 4 9 20 32 20 4 2 0 13 19 13 8 29 16 8 3 6 5 1 34 6 2 25 11 4 2 2 2 42 2
17 29 13 6 1 4 32 20 0 18 0 10 26 16 8 0 37 5 4 3 45 17 27 8 3 13 1 3 7 3 9 14 20 1 12 10 4 11 7 14 1 21 5 0 33 12 45 9 46 1 8 23 17 1 1 47 29 0 35 2 6 5 3 2 22 1 1 37 14 22 25 9 16 4 19
8 13 9 2 7 4 13 1 17 1 2 28 13 26 4 7 6 19 3 3 0 9 13 47 8 28 8 16 1 14 19 0 10 47 10 7 23 0 9 25 2 14 17 12 22 29 2 10 14 6 3 7 12 0 5 6 5 31 5 34 14 11 7 41 42 6 48 5 28 20 7 5 19 18 13
28 12 0 0 14 18 3 28 13 9 72 17 1 10 10 33 40 42 16 6 36 6 8 5 40 23 12 6 5 2 33 6 10 5 10 28 3 14 9 9 2 22 11 1 2 5 9 10 3 5 24 3 10 6 10 27 3 0 27 4 17 1 0 4 27 12 7 2 8 13 62 4 3 13 1
1 0 5 20 58 2 4 22 2 7 3 2 12 2 15 3 20 19 5 11 1 1 12 15 17 6 26 13 16 6 64 70 1 16 1 30 0 3 1 4 1 7 6 2 20 20 19 21 2 11 24 0 18 40 35 11 18 14 1 14 9 3 12 3 2 30 40 0 34 3 2 27 15 17 3
11 44 5 1 0 5 4 5 2 4 16 4 12 8 15 19 20 33 7 37 17 36 3 4 0 23 16 13 10 4 11 27 3 1 11 14 39 8 37 5 10 4 8 22 0 9 5 15 2 11 3 11 13 9 26 5 14 11 22 0 15 18 75 15 6 0 41 4 10 8 4 34 0 0 36
42 12 26 2 23 2 0 21 8 2 8 19 30 9 6 4 29 13 20 5 14 24 16 4 8 0 15 2 20 10 0 5 17 12 49 29 24 16 34 21 3 31 14 4 5 29 10 7 2 29 4 44 1 4 9 10 0 13 11 2 3 2 14 22 13 2 11 3 6 6 5 16 32 28 4
7 19 31 25 4 3 25 26 7 16 7 2 18 14 21 9 56 15 25 8 17 16 11 7 0 11 35 6 14 31 2 11 22 0 8 16 15 25 27 31 3 10 2 1 9 13 7 1 4 9 24 50 9 3 0 6 31 6 15 8 0 20 7 5 4 9 6 7 4 22 21 26 7 6 2
