25 75
2 4 2 23 38 19 32 5 5 11 8 2 12 0 8 40 0 11 11 38 35 6 36 10 0 5 49 29 14 6 10 0 5 3 8 64 18 6 39 10 19 1 1 0 35 4 14 1 7 13 16 9 6 5 7 49 7 12 6 11 22 3 8 3 0 45 11 13 1 3 7 4 1 15 17
6 5 20 4 10 5 7 1 1 5 0 34 54 9 20 2 3 3 30 1 0 0 0 11 10 10 18 3 2 5 0 1 2 0 83 11 16 16 7 6 6 32 33 38 1 2 17 32 1 47 44 0 75 42 7 0 14 7 1 0 18 6 8 11 29 26 11 1 0 5 28 10 7 7 13
25 6 13 2 49 0 11 8 5 5 16 20 2 1 49 7 11 5 16 3 13 6 0 3 32 3 35 3 0 12 3 8 3 3 7 0 11 2 9 20 30 18 0 3 22 0 18 2 34 15 60 29 3 0 12 7 45 7 34 0 6 20 7 22 5 12 15 32 30 17 20 1 21 17 9
19 3 11 10 27 22 5 3 1 43 7 5 1 26 22 1 8 9 23 35 0 2 6 6 5 26 0 18 13 0 6 12 29 9 31 1 4 2 4 1 0 11 10 30 14 18 31 15 2 11 9 11 32 19 27 7 18 72 13 5 5 11 6 5 17 29 2 1 2 18 2 21 45 22 3
4 0 14 57 18 5 22 22 1 22 8 11 4 6 10 15 6 31 25 2 6 1 6 14 2 13 5 35 8 8 6 29 1 3 4 10 39 5 32 0 17 8 1 1 7 3 33 34 20 16 40 17 3 3 11 4 12 42 3 1 34 5 7 0 13 40 9 23 14 1 20 12 14 8 14
71 12 11 18 7 2 34 101 21 16 2 0 10 15 14 25 2 5 2 3 63 6 1 0 3 20 1 24 34 8 39 10 15 4 6 4 10 4 25 9 1 3 16 25 10 19 3 3 54 14 4 6 0 8 29 23 15 18 3 13 2 5 3 10 3 0 13 1 5 2 3 21 2 4 2
15 13 1 13 5 7 24 5 6 6 46 70 0 1 1 4 9 12 24 15 25 19 18 7 9 9 1 36 11 10 2 14 3 3 29 0 40 8 0 9 5 0 6 53 4 0 0 11 0 5 24 19 15 12 2 16 11 36 9 19 19 2 2 3 77 8 1 29 12 1 3 10 22 26 8
0 7 15 1 1 8 22 12 19 0 10 15 0 18 1 13 32 5 4 1 15 1 17 4 16 22 14 8 0 15 23 0 27 2 9 3 14 4 22 14 12 7 21 68 3 0 3 18 23 16 9 3 5 0 2 7 7 5 8 57 3 7 2 25 33 20 6 25 2 17 42 20 4 93 13
0 9 12 2 21 19 9 41 15 8 3 15 7 6 1 33 5 0 4 14 15 0 16 73 12 3 42 22 2 1 2 8 6 9 4 50 12 32 20 11 0 23 16 9 19 1 2 21 13 1 8 17 7 19 4 8 6 3 11 3 23 17 10 11 19 20 22 23 9 0 23 35 3 11 19
17 19 7 4 5 17 4 4 31 14 8 11 12 2 1 1 6 5 1 3 49 14 1 11 18 2 71 12 5 21 7 2 1 1 20 11 6 1 1 13 41 8 0 12 0 8 27 1 15 0 16 19 21 53 20 15 13 26 59 4 1 20 9 9 39 3 4 47 33 15 5 6 0 1 11
6 9 18 15 1 37 4 1 12 23 18 3 15 43 8 11 7 3 20 34 51 4 0 26 22 3 5 9 3 2 50 4 7 16 25 0 2 39 11 3 8 12 9 20 18 3 11 9 8 3 15 4 0 36 13 1 2 8 5 35 11 0 1 21 6 5 3 57 4 20 15 0 24 23 20
10 16 10 8 38 2 16 28 9 7 8 6 27 36 22 4 1 27 1 7 2 29 9 4 60 8 1 0 3 6 2 7 27 22 5 11 3 30 6 1 9 20 15 9 3 19 23 3 10 9 4 9 9 23 9 0 26 6 27 4 75 14 9 4 15 2 18 8 3 14 11 0 28 13 30
11 2 6 12 8 7 13 2 14 5 3 6 2 48 17 12 0 21 11 11 7 3 9 16 47 1 52 13 1 26 14 16 53 9 2 1 6 8 0 0 8 1 3 2 4 1 13 2 20 21 16 15 1 22 11 10 20 37 7 6 19 36 33 18 1 2 10 2 20 0 26 27 5 60 26
1 11 18 55 2 14 2 27 8 41 25 21 1 1 6 6 11 9 16 1 26 9 27 2 20 2 36 32 2 19 13 39 21 1 18 9 0 2 1 18 2 6 47 1 14 18 5 17 8 3 3 1 13 10 10 0 44 5 34 14 29 3 11 4 12 8 18 4 0 9 41 0 18 13 2
1 0 22 0 39 6 5 2 15 0 1 30 9 24 6 19 5 18 15 4 9 37 8 49 10 48 13 13 19 4 14 22 7 18 25 27 15 19 22 7 33 0 27 0 1 29 4 0 5 27 6 17 34 14 0 41 5 7 7 17 2 12 1 13 8 0 11 23 3 18 14 0 1 6 7
3 6 13 6 7 88 1 94 4 4 0 9 1 20 5 32 6 12 14 6 38 25 15 8 4 20 19 3 4 19 38 0 17 13 22 3 11 3 1 25 6 18 6 5 2 4 19 10 16 9 20 20 22 8 2 14 21 48 7 7 14 31 7 1 7 3 0 0 4 1 29 5 4 9 2
5 22 27 28 9 2 2 20 25 7 7 5 42 9 2 10 25 5 37 4 32 0 65 26 12 3 0 5 7 4 30 20 36 3 5 9 23 6 8 1 3 6 1 17 5 5 3 25 11 9 62 8 10 9 6 18 3 5 4 6 10 0 15 15 32 0 1 12 21 2 6 1 36 42 3
25 14 0 0 8 33 7 0 10 22 5 9 10 12 25 7 4 11 14 4 46 19 9 9 22 17 18 10 7 11 4 15 4 16 4 37 27 39 4 8 36 48 4 23 8 19 7 0 12 21 8 1 23 23 0 11 10 17 6 32 9 9 13 1 0 10 9 15 12 10 4 1 14 26 12
5 0 0 0 36 6 11 11 4 25 10 4 17 19 12 27 58 21 5 12 12 5 6 11 4 19 3 11 45 3 55 10 12 1 31 9 7 1 1 21 11 7 0 1 13 42 0 46 0 14 1 16 22 39 0 2 37 6 1 13 23 2 15 23 0 7 0 19 1 51 3 10 3 9 13
4 12 1 67 18 9 23 17 6 17 21 2 13 21 8 5 24 24 4 3 55 2 4 2 18 0 7 4 8 6 47 16 25 0 6 3 24 0 23 5 1 39 24 29 0 2 3 1 12 11 0 0 5 13 9 52 4 22 46 10 3 3 15 29 15 0 12 11 2 9 10 21 18 12 3
1 14 0 14 20 3 8 12 0 17 6 4 4 14 11 20 6 63 13 4 10 27 19 9 14 0 4 6 9 28 4 12 15 39 3 8 5 28 1 11 22 15 4 0 8 6 17 47 6 42 0 4 79 2 30 1 5 0 9 2 10 15 4 12 3 11 1 13 0 41 4 60 14 26 1
12 3 5 4 9 25 6 5 10 22 40 16 14 63 18 6 4 25 0 0 25 0 2 6 11 23 30 2 4 4 23 0 5 15 14 19 1 0 7 3 22 14 2 33 20 0 58 12 7 11 11 41 15 13 13 22 0 0 1 10 10 12 29 1 67 38 7 3 2 2 10 7 12 8 6
3 1 5 14 4 12 15 29 1 2 14 17 7 12 8 9 7 44 2 8 4 63 6 12 3 13 24 7 19 6 0 13 4 15 3 1 14 0 35 0 11 5 2 0 12 17 17 19 12 0 30 12 3 16 22 19 11 37 3 33 10 17 8 37 1 3 18 14 3 76 28 16 2 23 7
2 11 27 6 1 16 50 13 3 8 19 29 5 6 37 2 4 3 0 3 0 8 12 5 9 8 11 15 9 14 1 16 0 3 4 17 31 9 18 4 0 22 5 9 19 12 25 20 16 17 2 6 6 4 5 39 1 59 16 44 14 18 23 1 3 13 4 28 24 20 11 14 29 31 1
17 36 13 11 13 0 8 61 13 11 13 0 28 5 16 19 29 15 20 2 2 9 8 7 2 19 8 0 2 6 0 8 11 12 7 31 2 0 15 12 15 65 24 27 11 9 38 4 5 6 3 0 11 15 13 38 9 8 13 35 13 0 4 13 0 2 13 8 23 2 18 34 7 7 16
