25 75
10 67 21 7 13 59 8 13 13 8 10 1 1 4 11 1 32 10 17 19 5 3 6 21 49 31 0 3 0 1 3 0 26 2 15 13 18 3 33 30 6 3 32 50 12 0 1 4 25 27 14 8 14 21 3 7 12 1 11 3 7 19 7 4 3 6 15 0 57 3 10 8 13 0 7
13 2 6 4 8 4 6 45 19 23 12 1 14 11 18 6 6 26 5 4 18 33 4 3 10 0 19 36 33 3 16 7 33 40 2 17 24 12 30 22 7 11 7 20 15 1 9 22 12 2 6 0 15 21 1 7 21 6 13 33 2 8 64 0 0 0 19 28 9 9 3 3 13 3 15
2 2 37 14 19 6 36 3 31 4 0 16 41 7 36 8 6 10 21 47 47 11 10 22 2 0 29 11 41 12 3 17 10 14 24 2 4 4 8 1 44 17 6 0 19 4 6 6 20 14 3 22 34 3 15 4 22 6 18 0 0 8 3 0 6 22 1 1 0 17 3 9 6 6 37
19 21 7 4 19 32 1 10 5 23 4 19 0 6 3 43 11 11 10 22 8 10 21 26 9 16 2 3 6 10 1 23 3 6 15 8 9 1 3 44 11 32 30 60 32 18 3 2 1 9 2 37 5 15 15 3 21 18 2 2 23 2 12 3 18 7 3 2 33 31 12 4 5 20 13
7 6 5 10 19 5 15 18 13 4 26 9 7 0 7 9 15 20 1 21 12 1 1 4 13 17 4 9 0 5 48 4 2 3 9 17 4 14 15 26 3 37 21 13 84 12 16 7 11 19 53 3 1 4 18 4 4 34 1 29 28 36 7 1 2 28 9 1 6 32 6 1 10 4 30
1 26 7 8 5 9 2 1 19 32 4 42 27 10 4 4 8 2 18 4 66 0 3 4 20 15 3 6 11 30 2 16 15 11 7 7 3 29 0 12 26 6 3 8 0 0 14 9 1 6 32 38 29 1 0 28 34 2 9 15 14 12 15 3 16 13 14 4 16 20 8 27 49 13 22
11 18 6 30 26 1 7 0 26 43 2 29 9 0 2 10 4 36 0 2 34 13 8 19 6 29 2 11 3 16 18 7 4 57 3 15 6 13 9 54 0 8 2 15 5 34 1 2 2 7 33 59 6 8 25 4 27 0 9 1 1 8 16 2 9 4 0 6 26 2 7 9 5 45 23
27 50 6 3 53 51 13 6 15 1 31 2 22 16 23 2 15 23 6 15 12 17 3 3 0 4 4 15 3 0 17 14 13 13 6 15 0 0 9 9 16 0 10 2 5 2 7 12 1 14 9 6 2 11 6 5 3 59 7 39 0 35 0 43 8 39 37 9 12 31 0 1 7 6 19
29 20 9 24 4 17 7 3 3 7 7 5 7 8 2 8 0 8 10 15 1 9 3 1 16 36 49 23 5 31 35 1 28 3 2 12 18 0 16 2 18 25 15 8 20 8 24 0 7 13 11 39 33 10 11 4 2 0 2 19 3 7 5 41 38 3 13 11 45 14 9 12 32 3 11
-1 14 10 9 0 12 12 7 5 14 21 24 13 36 7 7 16 8 32 50 6 1 2 4 9 51 1 5 4 9 15 28 39 9 15 3 8 3 8 17 44 6 4 4 23 12 24 34 1 0 6 12 20 0 1 19 3 2 3 9 19 4 25 40 11 29 10 21 5 16 16 1 2 10 31
5 3 17 6 35 3 6 4 11 7 23 25 48 30 14 12 5 3 74 38 26 1 4 0 11 6 1 12 9 1 0 1 3 0 10 2 5 5 9 22 10 49 25 29 16 18 6 9 0 7 10 7 80 51 6 7 9 0 1 2 9 0 16 6 7 1 20 2 0 39 4 8 27 5 17
3 42 18 15 42 6 0 19 11 13 6 12 8 9 5 4 9 8 6 13 11 76 13 0 11 36 0 10 21 6 0 2 15 11 11 6 19 1 14 3 9 18 28 1 5 43 14 3 3 5 14 54 25 1 1 28 4 16 19 11 7 22 2 6 4 27 45 16 2 2 16 7 6 5 16
2 5 26 13 9 42 0 2 23 10 8 9 0 21 10 6 24 6 1 5 16 12 4 40 30 40 12 2 21 3 2 21 14 8 19 2 5 2 19 15 2 7 3 32 20 19 11 11 0 1 4 1 3 9 9 35 12 17 44 5 1 3 7 28 24 56 14 5 6 2 1 5 18 62 14
20 2 4 3 15 2 2 4 3 3 0 14 34 19 1 3 0 2 36 2 37 2 23 11 20 6 54 8 54 3 2 76 2 7 12 5 17 3 5 20 5 0 8 1 4 21 11 1 15 25 50 13 6 36 21 12 32 10 6 29 16 14 5 4 9 14 14 0 7 1 5 25 17 21 6
4 11 10 9 26 30 6 3 14 1 14 3 1 36 16 19 0 7 1 29 18 15 40 1 4 39 8 17 0 3 16 4 1 6 19 8 0 20 18 4 1 31 21 2 25 4 3 9 17 16 10 29 2 24 45 2 4 1 11 6 18 21 4 4 28 31 15 34 28 15 14 1 34 1 8
3 9 11 5 6 5 15 44 0 22 12 1 16 8 0 18 5 4 0 21 10 1 17 40 1 3 19 16 0 1 11 0 7 22 1 0 27 7 24 8 6 3 32 45 16 8 21 10 12 16 8 56 34 2 17 70 20 29 8 17 7 2 6 7 9 4 11 39 14 6 8 15 7 11 4
2 22 5 18 3 11 17 0 5 27 18 19 17 29 17 5 13 30 8 14 13 0 9 11 18 3 0 30 16 40 2 21 33 3 13 21 23 15 2 9 0 22 98 1 2 4 4 20 7 19 7 1 17 6 0 56 7 2 2 8 0 7 4 10 0 34 1 11 10 15 20 8 3 28 4
7 25 13 17 0 0 0 24 6 1 1 16 25 14 47 15 9 12 4 29 5 0 10 13 36 4 2 3 1 14 47 3 4 21 9 6 10 3 40 2 18 18 9 5 2 18 35 8 28 11 1 48 7 1 6 43 10 2 25 41 1 14 19 6 14 45 7 46 0 4 0 5 1 2 2
49 0 7 5 11 1 4 34 15 11 5 6 46 7 10 49 3 8 6 3 7 3 21 23 15 5 11 10 17 16 24 9 5 6 17 17 4 4 19 29 2 14 8 7 1 13 3 1 19 4 14 13 5 0 10 2 50 21 23 2 60 15 13 3 11 11 0 3 49 12 7 1 31 25 5
8 8 2 9 8 4 35 4 1 28 39 2 23 2 31 8 8 14 4 4 13 36 14 16 4 8 21 10 9 2 26 2 31 9 7 20 46 5 0 11 4 9 19 34 21 24 3 18 6 0 29 26 24 9 34 13 25 2 8 1 10 8 9 28 0 2 14 52 11 2 8 0 0 14 1
14 4 3 14 26 1 10 45 16 6 10 0 37 25 0 8 8 2 1 4 5 3 2 19 7 2 4 1 0 24 1 21 7 2 15 63 0 22 11 64 4 15 5 13 0 7 15 12 3 25 14 24 13 42 4 1 0 12 9 2 32 50 45 10 19 4 3 11 36 6 17 0 17 5 18
34 44 5 48 13 1 0 9 39 24 15 12 12 5 6 4 11 1 8 3 1 15 14 7 0 13 5 6 18 0 13 21 23 6 5 13 6 3 12 13 7 26 16 42 3 8 32 3 40 17 21 0 7 4 22 24 10 12 3 11 11 10 1 9 14 0 6 33 61 23 9 8 2 0 17
-1 33 0 15 4 46 0 2 1 1 7 0 1 16 25 9 7 25 9 0 7 17 51 2 4 5 9 3 13 4 35 17 0 17 4 7 5 37 14 9 9 16 18 1 37 16 8 18 10 3 27 16 14 36 34 44 8 47 0 10 24 17 37 2 7 9 1 2 3 11 2 24 23 1 5
9 3 3 0 2 12 53 3 17 4 9 35 5 16 1 9 2 6 36 10 12 5 7 23 15 30 23 13 9 0 15 3 9 0 3 41 5 1 2 17 7 5 43 1 21 9 7 13 3 4 42 12 18 10 14 6 12 7 6 6 30 11 19 21 36 15 9 11 19 5 9 39 0 26 36
10 40 24 4 0 19 9 7 13 0 8 6 50 5 35 0 19 6 1 1 27 3 10 10 22 5 9 11 8 21 17 3 20 3 0 1 10 4 6 12 8 22 9 1 11 0 19 8 7 9 11 19 33 5 14 8 40 38 0 16 4 13 25 0 35 34 54 2 28 3 28 2 20 11 4
