25 75
22 7 15 6 14 3 4 15 11 9 14 0 5 32 10 8 7 74 1 2 12 54 13 28 13 0 5 41 0 2 20 0 0 8 14 8 13 12 18 9 6 35 15 10 12 25 6 17 7 1 22 1 3 18 5 3 5 33 1 6 9 8 19 2 19 9 35 14 25 24 40 13 2 16 5
5 35 35 6 2 0 1 1 47 1 1 6 2 25 13 19 1 5 40 0 46 7 5 16 12 17 16 5 14 16 5 18 8 6 3 26 27 9 8 31 9 8 16 2 0 16 47 9 33 13 10 6 10 26 0 33 8 36 22 4 18 7 2 9 0 2 18 13 3 4 5 16 5 0 50
-1 17 14 13 6 19 19 4 10 24 14 4 25 5 2 2 4 8 5 8 9 22 6 14 12 21 64 38 8 47 10 28 74 27 19 5 17 6 14 15 5 15 3 3 31 2 6 9 1 15 0 1 19 1 9 0 5 22 2 18 5 4 14 2 19 2 36 11 18 4 38 10 6 0 6
6 16 7 5 8 1 8 6 18 41 24 2 2 9 6 14 7 25 18 46 14 48 78 33 11 5 20 15 1 10 20 1 1 5 2 27 41 12 49 21 2 13 10 3 16 1 18 7 7 3 0 30 6 0 5 32 12 0 2 4 2 4 13 7 22 20 7 10 14 13 3 1 1 6 23
9 22 22 18 0 8 5 2 5 12 0 21 5 0 9 7 10 24 3 12 2 36 2 24 8 19 5 55 3 26 1 1 13 7 13 4 22 0 31 1 15 22 27 9 7 10 5 2 2 2 47 15 14 47 15 1 10 24 6 12 18 0 4 12 4 106 12 4 14 3 0 14 16 16 18
0 23 39 9 4 13 4 0 7 20 56 2 7 2 25 9 0 11 21 15 28 21 18 5 22 3 1 0 12 3 9 12 6 25 13 27 34 0 3 21 0 43 17 12 22 11 4 45 3 10 3 0 4 0 20 4 6 16 31 22 16 8 5 8 33 18 22 11 16 4 4 6 8 23 15
7 3 11 3 0 25 1 22 0 17 18 26 8 6 15 24 64 4 2 29 1 2 1 13 10 9 5 0 5 6 2 19 2 46 5 0 5 15 24 0 29 16 30 3 27 5 28 9 12 2 10 12 3 32 11 81 5 9 14 2 10 35 12 0 14 8 12 17 3 9 55 7 12 2 9
1 37 16 20 50 3 10 11 6 7 0 24 10 16 18 8 8 3 2 0 21 44 3 2 2 16 44 1 3 12 18 4 0 18 6 7 6 58 35 14 21 10 18 45 32 5 13 8 5 3 29 3 16 10 3 49 12 15 20 5 3 2 5 26 7 0 11 0 11 3 8 27 1 7 3
8 20 23 27 4 11 2 21 5 81 23 4 3 14 18 11 53 24 3 3 13 23 23 17 2 25 1 17 2 15 3 19 15 12 10 1 17 5 9 9 31 39 5 29 4 28 4 0 15 9 24 6 2 23 30 26 0 16 12 6 7 1 4 11 16 4 13 6 1 0 5 6 9 5 7
0 19 6 11 14 13 9 11 2 12 26 12 21 2 13 2 2 23 7 16 22 24 9 36 10 18 57 12 36 13 18 10 36 1 30 3 25 12 5 1 15 18 10 17 23 10 8 23 25 5 2 2 9 4 7 0 1 3 31 2 8 8 4 5 17 1 12 9 8 22 28 0 14 39 11
22 21 6 38 14 0 4 2 11 16 71 31 2 22 6 13 10 25 7 5 10 16 21 31 22 12 8 8 23 22 7 14 16 9 24 2 16 32 18 20 39 1 4 2 18 3 13 4 3 13 2 2 20 6 8 10 0 8 1 11 6 6 13 4 4 17 2 4 16 1 1 62 19 12 8
19 23 26 17 4 1 36 3 31 0 0 1 25 1 2 21 4 21 18 30 0 21 34 2 5 19 27 4 3 3 33 0 19 7 28 1 0 23 5 12 16 4 14 4 6 21 10 17 21 3 20 1 12 17 46 1 24 13 14 20 1 12 3 5 19 14 59 0 26 27 1 6 8 2 4
12 22 24 2 10 8 7 9 37 1 5 26 52 11 13 3 27 5 5 65 1 1 10 14 8 11 9 12 11 9 1 3 21 1 77 0 2 10 1 13 0 5 3 3 18 5 4 14 0 61 71 4 10 2 24 2 3 2 2 0 15 12 6 4 27 8 35 50 15 22 2 0 2 2 8
34 0 9 18 10 21 5 12 10 8 8 31 17 7 1 2 11 5 4 18 26 11 13 15 1 30 32 17 3 32 0 21 27 12 0 1 30 6 8 32 10 6 37 15 22 30 2 2 20 6 1 29 11 15 25 11 7 23 0 4 4 1 74 4 4 1 21 0 15 9 11 5 14 5 8
2 4 12 27 0 9 18 12 8 16 7 48 6 0 41 4 17 2 1 14 5 18 1 26 3 24 15 30 14 9 2 1 30 10 3 8 11 20 6 53 8 7 14 20 26 5 6 5 26 22 4 4 32 18 4 9 7 5 48 3 40 10 2 3 22 4 11 20 28 8 0 2 16 7 17
7 1 12 1 11 3 1 7 10 15 8 2 21 2 8 32 40 23 25 29 31 41 5 2 0 14 15 32 19 52 13 13 31 2 23 22 5 32 14 11 10 7 49 14 31 1 7 4 0 8 3 46 4 3 0 0 9 12 10 16 24 24 2 1 3 9 5 3 10 3 0 23 19 2 3
34 17 3 2 22 0 19 6 63 8 22 7 14 40 0 20 5 15 15 23 10 25 5 7 0 40 9 4 8 11 23 61 4 8 17 1 13 10 0 2 3 2 4 7 38 11 5 4 10 8 2 9 2 25 14 5 0 1 2 20 4 2 11 68 56 21 10 13 0 8 11 2 18 4 7
17 31 10 3 6 21 11 0 1 23 1 2 38 67 3 9 10 6 14 13 10 3 1 1 2 14 6 20 1 2 14 0 2 17 0 11 18 4 16 5 3 26 8 9 4 41 2 23 1 9 0 22 38 1 45 3 3 57 25 14 12 21 6 16 18 2 11 4 27 43 14 11 16 27 5
66 0 7 1 1 5 1 28 0 1 0 17 11 7 31 5 1 0 5 20 15 29 2 10 12 2 16 6 3 16 33 3 5 6 9 11 6 15 10 22 20 19 21 8 5 0 5 10 0 10 26 42 9 16 2 11 8 19 20 50 10 29 8 4 4 35 4 70 8 44 0 1 12 17 15
7 1 17 9 9 1 113 8 3 10 37 13 21 0 0 12 10 10 15 20 21 11 43 5 4 10 8 17 25 25 10 47 11 19 8 1 2 19 12 6 15 7 2 9 33 25 8 9 7 7 20 42 6 10 8 0 1 6 9 8 10 2 13 10 18 3 14 16 10 7 5 4 12 2 22
3 24 0 30 0 10 21 9 36 53 5 12 1 13 45 7 12 5 37 9 0 0 9 6 7 49 1 9 7 0 10 6 10 19 8 0 14 1 12 2 1 20 5 4 19 0 1 10 10 1 58 1 53 18 8 13 4 0 9 4 33 14 23 8 12 6 19 19 4 1 4 2 17 25 72
7 9 24 1 23 12 2 47 1 6 1 10 24 7 17 4 18 25 29 7 10 0 0 35 18 5 6 7 14 17 20 1 15 0 0 4 10 4 26 16 8 1 9 11 47 23 2 16 17 10 30 18 0 3 4 27 73 10 36 19 10 5 3 7 5 6 14 20 14 20 0 14 13 12 11
5 3 24 2 18 39 23 2 7 0 10 30 17 8 5 2 41 9 41 42 11 27 3 5 3 16 0 7 22 18 23 39 1 22 0 3 8 14 21 19 12 0 16 1 5 1 19 29 28 4 30 0 11 22 21 16 1 9 13 18 4 7 0 4 10 16 35 0 16 21 5 29 2 3 2
6 3 13 2 2 11 4 18 9 21 3 42 2 1 3 55 11 25 9 8 8 6 2 7 5 8 1 2 4 1 14 38 20 23 13 12 1 16 6 0 91 5 24 6 14 8 47 5 13 35 9 1 3 28 11 7 23 2 15 21 22 2 3 14 46 3 9 21 7 13 20 7 3 14 13
6 18 3 5 57 3 0 49 19 3 2 8 28 5 18 13 4 24 6 9 3 13 0 15 45 3 29 11 28 7 9 3 12 22 7 1 5 23 0 10 20 6 0 14 6 11 8 25 14 6 16 1 4 35 20 17 21 9 4 1 47 14 4 12 5 38 6 2 10 4 71 3 15 1 4
