25 75
9 5 4 0 3 15 16 14 0 14 36 3 19 4 2 39 0 6 16 5 2 24 55 18 21 4 11 15 44 15 9 0 22 7 38 8 22 28 13 4 14 7 2 9 45 6 6 43 7 26 12 13 10 27 6 22 1 0 20 22 4 5 3 7 1 23 5 0 20 13 18 8 4 1 20
24 18 1 10 7 14 24 8 46 26 3 16 29 6 11 10 10 23 15 3 30 3 9 29 43 13 31 2 3 24 19 21 7 3 44 4 4 8 7 2 14 3 26 11 2 15 14 10 1 3 27 5 4 39 0 2 17 15 35 2 2 0 10 18 8 18 11 6 5 5 21 3 2 34 2
-1 6 0 9 5 9 15 6 2 12 5 35 17 69 6 9 32 26 0 33 0 11 17 8 3 2 28 19 5 6 54 14 20 6 8 3 28 35 31 15 9 5 0 3 2 15 4 4 28 7 7 13 11 2 2 13 8 15 33 9 1 2 12 19 30 6 1 34 34 5 2 19 14 9 14
9 22 4 25 49 26 3 31 29 12 8 4 2 6 33 26 35 19 4 26 1 0 0 5 3 4 45 7 3 14 4 0 4 11 13 2 5 24 5 10 14 15 21 16 23 7 4 18 26 30 6 14 8 14 6 2 3 19 11 0 52 6 0 3 0 3 59 0 3 25 22 8 19 6 4
8 6 1 6 7 7 5 21 23 0 13 36 2 3 1 30 0 39 18 4 22 12 8 1 5 0 23 14 19 1 24 6 11 13 13 8 1 4 10 9 3 32 34 2 8 0 26 6 2 36 25 18 10 48 8 2 1 1 3 23 6 18 3 8 1 55 1 8 18 54 42 7 10 6 41
20 11 6 5 24 14 9 11 27 10 13 63 9 3 12 2 3 15 8 22 26 64 3 26 17 12 4 1 4 0 60 1 8 35 17 51 0 14 3 2 0 41 10 8 10 7 6 5 14 5 10 6 2 47 4 0 2 15 4 7 5 7 0 24 40 3 5 14 2 11 5 12 3 6 25
18 18 2 8 2 5 13 2 5 20 12 9 50 3 7 21 5 11 11 2 19 4 11 3 13 1 8 21 18 53 38 50 8 19 9 3 9 7 19 1 3 4 5 11 36 29 2 0 2 0 56 5 2 14 16 7 3 1 7 29 5 2 2 89 7 18 20 23 1 7 24 26 0 3 3
-1 7 37 10 8 26 28 8 3 8 10 70 14 4 11 4 0 11 5 3 9 1 5 14 19 14 14 45 3 14 3 14 13 0 31 3 1 24 8 19 5 1 20 0 6 5 46 5 5 5 4 35 10 18 3 1 12 18 32 6 23 17 22 1 0 4 10 9 12 9 15 5 0 45 71
10 46 7 7 4 12 24 13 37 4 22 22 17 0 6 6 8 45 5 25 2 43 23 28 3 0 8 6 7 2 13 0 17 19 2 9 7 7 25 3 48 19 9 3 0 9 80 15 6 6 3 3 14 8 1 32 3 3 9 0 62 2 1 30 11 1 10 5 7 16 3 12 15 4 6
6 19 0 11 14 9 17 2 7 10 26 8 18 17 2 11 5 1 1 5 2 24 10 4 7 16 23 7 11 28 2 7 8 11 5 1 18 24 0 4 5 30 19 3 4 18 17 12 7 1 18 26 39 4 0 83 15 14 13 39 2 5 2 14 27 29 21 6 19 54 7 0 22 1 23
10 4 30 2 20 23 1 20 0 1 2 16 14 19 20 10 8 30 13 13 33 16 26 0 13 4 10 18 5 2 1 18 9 1 7 7 8 2 33 10 3 9 0 21 47 12 3 55 5 4 1 24 33 37 49 6 49 11 4 16 11 6 4 11 1 1 3 10 11 31 4 0 19 17 3
34 18 1 38 28 16 38 2 0 7 14 2 27 14 3 3 4 5 18 34 25 50 37 1 6 6 4 2 0 6 29 7 2 12 17 8 4 6 6 23 9 1 28 0 2 13 1 18 4 29 3 7 28 20 16 14 14 28 9 3 45 6 0 2 3 5 11 9 27 5 12 14 15 26 16
49 17 3 19 2 12 2 2 4 9 1 27 17 20 26 19 2 0 0 37 6 8 17 27 14 2 0 17 1 17 18 1 26 43 28 5 6 23 24 9 5 35 13 1 63 1 7 21 5 65 5 3 3 2 11 5 2 27 25 20 6 5 22 3 17 3 4 4 0 13 4 12 0 2 26
29 19 9 3 9 13 17 22 41 11 1 5 19 18 2 10 3 8 18 22 6 8 9 1 63 0 27 8 7 26 11 7 7 0 16 8 2 5 6 5 14 11 20 42 1 4 4 5 0 5 20 4 4 35 2 2 26 4 4 9 6 19 2 34 3 7 34 2 18 76 9 6 44 21 2
16 8 8 6 10 0 20 9 11 22 3 26 0 6 4 7 30 1 2 13 20 15 14 6 4 1 33 13 14 25 13 1 5 6 6 8 8 2 12 26 41 22 22 0 11 16 6 7 9 11 3 15 43 16 23 65 23 17 3 7 21 9 11 20 25 2 18 0 7 8 34 5 18 12 16
1 5 3 1 4 6 0 2 16 53 7 3 8 24 5 3 1 7 5 60 16 5 27 17 20 0 5 4 33 4 16 5 57 23 1 36 5 6 3 6 18 3 5 74 11 1 21 15 6 10 10 4 17 46 4 2 13 14 4 23 10 0 41 26 0 5 7 1 18 23 2 21 13 25 4
7 3 8 7 2 12 16 49 4 14 1 2 8 12 9 15 19 0 3 0 5 1 20 20 6 11 24 26 14 6 2 16 4 5 10 8 11 49 0 50 2 2 1 2 22 40 17 3 12 22 1 5 63 46 3 32 5 1 0 2 3 26 20 1 4 0 22 2 10 46 85 1 3 14 3
5 4 10 2 42 28 15 27 4 41 6 21 2 43 36 16 12 1 13 5 3 3 0 0 5 8 10 7 6 6 16 4 0 19 13 5 6 19 1 1 5 45 9 14 31 38 35 50 17 7 2 0 58 8 0 10 10 29 2 4 0 15 12 6 9 9 24 2 29 34 1 2 1 9 8
6 2 58 4 7 19 18 12 72 1 14 10 2 23 9 25 0 8 0 11 4 13 2 7 5 16 4 7 29 6 21 0 41 6 12 27 21 5 15 14 2 5 38 18 6 10 17 8 9 6 0 1 2 30 32 1 6 4 59 18 7 10 33 14 13 41 0 11 1 0 9 0 19 8 6
82 1 25 13 9 5 17 23 18 22 15 7 3 5 22 5 7 0 20 3 21 5 10 7 4 3 9 19 18 37 10 11 18 8 21 35 13 7 31 0 25 16 9 5 22 42 1 5 2 17 0 25 4 0 25 8 3 4 0 19 3 33 0 14 0 51 6 12 23 4 5 6 7 5 10
19 6 17 0 7 1 13 59 14 5 37 2 19 23 13 1 13 1 12 10 10 30 4 6 52 13 7 17 2 7 39 11 2 0 10 16 1 5 6 15 0 4 30 16 5 6 8 58 1 9 7 1 2 3 20 3 3 21 6 0 8 19 14 8 3 0 38 2 15 43 8 47 50 0 17
10 2 5 1 39 22 19 0 20 10 0 5 6 5 15 11 25 4 10 16 30 13 22 6 18 9 23 6 15 20 23 6 6 15 4 0 7 49 7 20 16 2 7 4 0 17 7 31 6 61 3 13 16 3 18 1 37 16 25 3 2 14 20 0 4 6 9 0 38 39 7 15 6 29 1
2 11 6 2 16 62 5 21 8 17 22 20 9 21 32 13 1 4 1 2 17 6 31 12 14 5 1 9 35 11 2 2 2 17 4 4 8 7 14 2 8 7 34 3 19 2 9 12 0 2 3 8 0 3 5 1 11 4 33 8 24 6 42 5 16 10 1 32 10 35 61 14 15 52 27
-1 4 4 37 16 4 3 0 39 34 11 2 1 5 10 24 34 3 2 10 12 6 22 2 4 4 5 0 37 4 1 29 4 7 7 0 60 1 0 12 3 6 0 9 34 30 62 33 17 6 1 19 4 9 1 10 8 2 4 22 11 25 7 43 0 16 21 7 7 6 2 29 8 56 23
4 10 12 11 7 26 2 9 6 32 116 6 12 6 1 2 17 31 1 8 25 2 19 4 1 8 5 5 9 73 24 26 18 2 11 5 25 30 4 1 3 19 8 9 7 4 18 11 79 0 7 8 6 11 7 14 0 12 0 23 12 4 5 22 2 7 4 0 4 8 16 4 9 30 11
