25 75
9 8 5 39 8 13 5 21 48 9 33 11 1 9 5 1 11 15 3 0 5 12 1 1 20 26 12 3 0 13 5 40 20 37 4 17 20 16 1 20 9 47 1 10 11 2 15 5 20 30 11 8 5 51 23 9 2 8 9 1 10 4 2 26 2 2 53 55 7 6 3 8 5 12 1
0 4 1 3 19 10 9 1 1 19 12 12 11 1 1 14 3 2 7 1 8 59 82 8 1 3 0 14 9 16 9 8 15 1 2 14 2 30 16 2 15 6 3 0 0 46 25 13 44 14 22 2 1 4 5 9 1 0 20 20 32 67 62 24 10 7 0 5 8 0 5 11 29 3 57
9 5 16 4 13 2 4 18 50 15 1 18 16 13 1 13 2 25 33 0 2 17 2 15 8 2 6 0 5 3 49 4 33 5 5 70 0 5 6 16 42 39 1 7 7 32 1 1 12 7 8 20 38 16 6 15 18 45 5 13 6 6 22 4 13 4 2 30 48 0 11 0 1 8 1
4 0 11 58 2 1 35 43 1 2 12 7 10 73 6 9 9 9 16 2 8 1 11 44 0 18 10 6 19 2 4 26 17 3 14 3 69 34 1 1 17 14 4 0 17 4 4 11 8 5 0 5 13 6 11 12 4 16 27 37 2 29 13 8 45 5 4 15 18 0 11 0 10 23 1
1 17 0 61 29 8 13 13 6 8 7 10 15 46 2 3 0 31 5 1 40 8 0 9 12 3 10 7 3 12 16 42 1 0 20 7 11 12 5 51 17 12 0 14 12 5 9 20 12 5 8 41 0 22 6 3 10 13 5 14 28 1 11 7 3 10 10 6 39 63 8 4 16 5 16
30 13 2 24 0 6 25 0 6 35 11 21 2 28 15 48 7 15 6 1 7 0 48 0 17 18 6 17 23 9 15 17 31 18 8 3 8 8 11 4 5 10 11 68 1 2 0 16 0 9 8 5 21 1 7 5 1 4 2 8 28 3 5 33 2 0 16 4 2 4 42 9 16 79 10
68 25 4 6 13 1 3 17 2 0 0 1 8 21 15 40 5 16 25 37 3 5 8 10 16 3 2 4 7 21 21 6 3 0 0 9 2 33 11 4 4 48 14 39 6 14 2 5 3 34 4 3 0 15 3 23 0 21 16 57 22 3 0 8 39 13 5 17 3 12 21 23 17 24 7
15 48 8 11 6 51 20 27 0 2 10 6 77 26 15 39 5 5 6 18 6 25 0 0 3 28 2 11 1 1 2 27 19 23 12 5 7 1 7 5 2 15 69 4 4 20 10 4 4 4 18 1 1 2 11 20 1 8 6 28 13 22 43 0 23 15 18 15 3 4 2 7 6 14 3
12 3 6 2 4 9 1 3 4 13 97 26 6 0 8 10 9 5 28 5 32 14 19 3 15 2 6 14 3 26 0 46 10 18 6 22 15 8 8 7 11 14 11 4 1 32 4 5 5 12 6 6 3 11 2 67 6 6 1 22 3 19 25 7 68 24 10 0 35 8 23 1 3 1 19
17 11 5 47 17 10 3 5 5 6 4 18 41 0 58 33 15 1 9 5 5 11 5 7 6 7 1 26 23 2 8 2 14 57 13 9 16 18 3 10 0 4 15 16 4 6 32 3 35 14 21 0 5 7 15 4 11 7 0 22 14 4 7 1 4 16 2 24 9 34 10 25 5 67 4
2 15 0 22 48 9 4 6 19 0 6 8 14 18 1 0 40 31 20 46 21 29 29 53 1 12 13 4 11 51 5 8 44 6 1 0 10 6 0 9 8 2 27 7 13 16 6 0 2 0 9 14 11 3 11 10 2 9 40 20 43 4 5 2 1 30 24 4 0 2 0 1 16 15 21
9 4 11 18 4 30 3 45 8 0 9 6 28 4 3 30 44 11 5 19 1 25 0 8 6 17 18 2 9 6 0 7 41 40 0 1 8 10 9 1 24 23 9 8 5 21 48 5 32 85 8 13 15 14 4 2 5 4 1 6 12 8 12 0 26 20 2 4 3 0 39 12 3 0 27
-1 1 10 0 38 13 67 9 22 63 5 7 14 6 5 17 18 0 34 10 10 44 15 12 2 0 4 17 6 10 11 8 4 34 5 48 4 24 0 0 19 19 7 12 10 8 36 20 17 5 0 3 4 2 6 26 2 11 5 7 10 23 13 4 17 9 39 2 4 11 17 19 5 5 7
7 19 39 3 1 44 45 16 31 6 7 21 14 19 2 0 16 7 1 7 18 32 27 0 2 13 13 12 20 16 13 11 33 6 6 5 3 0 16 20 12 19 5 21 17 1 0 20 10 20 4 0 4 4 3 35 26 2 13 49 4 7 2 31 10 17 8 1 0 17 1 37 18 6 5
-1 10 6 9 3 15 8 1 6 62 42 5 23 0 4 1 11 49 10 3 6 2 31 11 7 25 19 2 11 22 9 0 42 22 17 12 3 14 4 8 15 0 10 24 19 10 14 12 7 5 71 16 4 5 0 19 23 1 4 7 0 4 52 6 6 1 10 13 0 11 19 12 49 12 5
5 5 44 10 2 19 21 10 0 16 10 17 14 10 35 4 25 0 6 4 8 1 2 27 0 3 7 6 45 6 4 15 15 10 35 16 5 21 31 22 0 4 1 11 17 0 17 5 11 1 24 8 2 10 36 18 1 15 59 14 4 5 18 21 7 9 9 4 38 11 14 3 11 36 20
31 4 3 2 22 6 10 39 6 1 1 12 4 6 5 22 22 32 0 12 7 6 5 31 8 14 16 16 4 54 44 1 12 19 4 19 6 6 7 4 3 15 2 16 25 4 1 39 18 8 44 0 4 1 6 31 11 13 11 16 12 0 8 5 7 2 6 11 14 37 37 25 41 1 3
7 58 23 3 7 12 7 3 4 0 11 23 29 8 11 13 11 21 10 0 7 9 14 0 26 0 2 4 7 56 7 25 28 3 4 5 7 4 33 15 34 3 21 3 25 9 58 7 32 3 7 11 15 17 3 53 8 4 9 12 8 2 13 0 4 23 7 22 9 4 4 14 20 18 1
9 11 12 0 17 11 20 1 10 6 11 3 10 6 3 3 16 7 1 8 19 22 2 7 30 11 2 13 3 1 34 11 12 7 22 18 11 1 0 76 0 9 16 0 11 29 4 26 4 5 10 17 48 19 40 11 8 10 7 13 37 5 7 24 65 7 8 7 5 9 29 4 0 11 28
24 37 5 26 6 28 5 11 4 15 22 3 2 6 33 7 14 1 27 7 4 5 45 14 7 1 10 12 3 24 35 13 0 4 29 13 5 38 2 10 1 9 18 17 13 18 15 2 19 6 4 6 34 8 2 2 5 0 27 30 46 25 8 30 0 4 9 1 30 7 6 0 4 36 1
6 3 15 13 12 12 16 2 13 11 17 0 51 1 3 25 10 24 11 1 1 2 4 17 51 30 2 3 25 14 21 4 9 3 33 7 8 15 7 3 9 1 6 2 4 14 2 12 14 56 10 9 0 13 2 19 17 21 20 21 27 53 8 6 8 5 17 0 1 3 23 7 6 50 29
2 17 5 16 4 15 6 7 13 4 10 9 2 29 16 8 28 1 26 1 10 6 2 35 3 46 6 4 0 6 0 41 3 14 4 1 10 9 0 2 25 1 3 7 2 19 3 20 0 1 6 24 20 30 14 10 11 21 3 42 32 40 3 26 4 18 18 5 22 5 0 1 111 10 22
17 8 19 10 4 10 9 21 12 14 6 2 21 19 0 13 12 3 7 14 1 20 1 7 11 2 18 1 23 1 21 18 0 25 36 14 2 18 31 30 9 16 2 0 2 14 7 14 8 7 13 42 6 24 29 37 6 20 29 6 14 7 16 16 39 0 4 23 8 0 42 13 2 8 16
9 6 5 8 17 29 10 22 7 19 29 8 0 12 1 5 5 4 16 11 61 4 17 8 7 24 6 18 14 55 10 4 1 3 14 3 7 1 9 2 26 21 38 3 18 6 5 3 1 2 8 7 37 29 8 24 20 15 47 0 23 8 17 12 9 3 2 33 7 27 18 4 10 17 1
13 6 2 9 74 2 14 3 2 21 4 2 1 1 43 0 0 32 19 1 4 3 0 7 37 23 11 3 9 21 3 14 18 1 10 4 24 20 10 1 7 7 55 29 2 1 25 34 8 3 14 7 12 5 5 4 1 50 13 10 25 12 35 5 21 23 6 24 1 14 13 11 10 33 3
