25 75
4 5 4 9 30 15 26 11 12 4 26 1 12 8 8 16 14 29 3 4 0 6 2 16 4 22 16 13 23 13 4 22 12 9 14 12 9 12 17 9 21 2 0 6 25 0 9 2 4 15 7 43 18 37 21 42 22 9 14 10 36 28 5 4 1 11 19 11 38 2 8 10 14 1 29
4 26 19 8 40 25 17 10 7 5 33 11 14 10 5 15 11 4 20 6 14 25 58 0 12 3 3 9 4 4 3 1 36 8 17 28 16 12 15 10 20 4 7 9 1 16 47 6 1 19 3 7 19 0 13 61 3 6 15 7 21 17 13 10 8 6 1 4 50 13 1 3 8 3 10
8 1 16 5 50 10 2 0 1 12 5 29 4 2 15 63 0 8 2 8 12 9 1 5 5 15 7 0 38 30 13 30 2 10 11 15 0 16 3 26 0 1 6 4 75 2 29 77 24 2 7 25 0 0 26 15 5 5 25 10 13 13 13 6 0 0 11 16 1 13 14 12 12 8 41
-1 11 11 3 6 4 16 20 5 2 16 9 110 4 2 10 3 34 19 18 1 15 3 4 8 28 14 7 3 7 14 2 4 1 66 5 5 11 3 3 5 8 6 23 4 12 0 14 14 11 18 8 8 0 9 50 13 30 30 4 12 4 7 2 32 18 0 3 8 56 36 2 27 1 19
8 30 1 3 0 59 1 7 2 31 0 15 8 14 0 26 6 21 45 8 29 6 25 7 5 2 6 31 4 13 7 2 17 6 18 8 5 20 32 15 16 34 3 0 2 4 0 0 43 8 25 0 6 9 7 45 9 1 42 2 20 20 3 4 12 16 27 2 44 7 23 2 17 3 1
20 4 16 7 51 7 3 4 8 28 4 10 1 10 3 35 25 0 24 17 11 4 32 5 6 27 1 1 41 23 2 5 12 2 3 22 4 1 0 1 40 37 0 0 17 53 13 7 25 13 8 5 28 0 44 9 17 11 13 8 8 2 22 15 15 4 0 9 50 3 0 0 17 1 26
8 21 7 3 5 10 17 26 17 48 16 35 0 6 18 6 8 24 12 40 5 1 6 5 31 20 19 13 22 2 7 26 11 3 18 27 1 4 16 8 10 38 8 18 3 9 1 18 14 20 28 20 2 3 10 5 4 5 16 34 15 12 12 2 2 2 40 25 3 7 7 21 2 5 7
14 25 24 46 6 7 3 37 16 6 0 12 16 2 6 3 23 18 4 5 13 0 0 4 1 18 44 41 0 37 17 6 18 5 21 5 14 1 15 21 3 17 11 4 4 15 9 1 20 32 2 19 9 3 0 4 25 36 5 2 38 15 10 19 12 1 7 4 12 33 11 31 1 17 14
14 11 11 11 4 16 1 10 2 7 10 13 3 21 3 71 13 10 16 3 7 12 38 20 7 6 6 16 13 6 0 4 16 2 46 44 6 27 2 36 2 17 6 0 18 0 9 25 9 4 8 22 2 20 4 41 13 1 59 17 0 1 1 24 25 4 28 13 7 2 33 10 6 2 3
49 8 11 10 10 8 6 30 24 2 3 17 34 12 13 17 1 7 5 3 4 0 54 9 7 29 27 17 15 2 13 24 27 6 13 6 1 3 8 14 13 11 32 3 7 14 33 12 14 2 12 4 5 16 17 3 34 2 3 3 5 6 0 0 2 0 28 4 0 30 0 23 37 16 60
4 14 14 7 13 6 48 10 6 5 13 28 6 27 29 1 32 13 6 7 2 0 5 10 46 40 2 19 10 14 3 2 8 10 7 9 12 6 14 25 10 26 12 5 14 28 0 22 0 13 4 11 13 5 29 40 4 27 8 0 26 8 9 2 28 31 3 26 23 5 8 10 0 12 5
20 21 1 2 0 15 39 0 13 3 2 26 7 15 51 6 16 40 1 0 6 24 18 20 16 33 3 0 58 2 11 21 6 1 19 1 8 8 2 39 10 19 5 5 17 1 11 0 6 0 9 0 45 8 7 25 3 1 23 11 47 1 0 35 7 5 19 4 44 7 2 0 11 3 35
0 9 6 44 3 1 1 18 10 8 45 20 10 14 0 29 25 6 8 36 0 2 5 0 8 6 2 18 20 15 19 17 17 18 4 32 8 4 44 16 25 5 2 25 8 0 13 28 0 6 4 10 14 13 20 17 6 4 8 7 63 0 35 5 1 0 9 0 28 27 19 37 2 4 7
-1 0 27 42 0 8 15 4 15 1 13 1 19 1 22 4 1 13 3 5 5 36 20 36 8 9 16 8 1 7 10 6 8 12 28 1 11 25 15 16 16 10 10 5 4 26 13 13 20 14 32 13 27 2 7 1 1 40 7 22 4 9 5 21 4 0 28 13 64 13 9 16 3 36 21
10 35 24 6 23 5 4 21 102 18 33 10 16 4 28 8 4 23 5 4 21 9 2 9 3 2 0 0 8 8 7 10 81 0 0 0 7 9 7 7 3 10 6 29 10 29 51 3 27 4 8 1 5 2 4 7 2 4 20 16 10 59 10 15 3 4 4 19 0 10 2 3 22 9 16
69 27 2 16 10 6 30 30 8 3 49 2 18 9 5 0 29 0 16 14 0 7 19 28 9 14 24 68 10 2 14 4 13 15 14 12 4 5 73 9 9 0 9 2 9 2 0 7 3 1 13 3 3 24 1 3 24 26 1 8 19 9 9 1 16 20 2 9 28 12 3 13 0 18 6
18 18 2 5 2 33 14 28 0 8 4 8 0 2 15 13 26 8 12 12 8 6 8 20 9 0 35 12 13 28 6 27 4 35 16 0 6 2 4 25 24 9 5 27 19 31 13 36 3 7 10 1 5 17 0 38 9 2 10 0 36 4 23 37 6 11 21 28 18 9 9 9 6 15 10
10 15 32 39 8 28 0 6 2 5 1 15 6 4 13 0 14 17 10 0 27 48 20 0 18 9 1 9 9 0 1 2 24 43 11 10 30 14 9 4 19 4 9 6 10 7 3 0 29 3 11 5 8 21 16 10 24 7 10 11 2 43 55 14 6 4 3 1 47 6 18 4 31 32 7
93 10 32 5 9 12 13 8 7 7 45 17 8 7 6 19 2 9 16 21 18 20 9 1 2 11 16 4 4 10 1 1 8 15 11 28 13 2 17 3 14 8 5 2 23 22 7 25 25 38 4 9 14 2 9 3 59 7 1 18 7 4 4 23 7 9 26 5 1 6 8 10 0 37 18
27 3 3 12 11 35 24 31 18 10 3 10 8 56 7 14 16 12 14 17 0 14 8 8 5 20 1 0 5 14 4 5 5 1 24 27 2 7 17 10 0 5 4 15 2 10 48 2 6 3 7 0 11 24 10 8 14 7 30 7 17 6 5 43 5 11 25 30 21 5 15 42 10 6 38
1 5 35 15 59 11 1 2 27 31 5 24 0 0 1 29 7 20 45 8 17 18 10 22 12 46 8 9 8 3 2 0 21 1 25 7 13 6 22 41 0 2 2 14 11 3 19 14 14 5 31 18 7 4 16 43 7 14 2 2 7 3 13 2 0 5 1 8 5 12 13 10 31 10 35
12 19 17 2 8 5 8 6 16 18 47 3 13 41 18 58 0 8 7 1 2 4 27 0 23 24 13 6 15 1 1 6 35 30 64 1 0 29 26 4 3 9 18 1 36 4 15 1 5 6 0 31 0 26 5 14 14 1 10 17 3 22 0 3 8 17 10 24 1 5 9 25 26 7 6
17 17 16 5 12 1 2 5 1 3 17 10 3 12 12 35 12 7 51 8 40 5 9 12 30 3 3 4 0 10 3 9 10 7 10 1 14 0 21 17 0 17 8 6 26 17 11 5 14 1 6 1 21 0 41 19 7 1 14 51 33 45 26 9 29 6 10 26 4 33 15 19 16 1 8
-1 33 11 2 21 2 3 0 4 7 12 9 25 2 31 1 6 21 3 2 6 0 2 21 59 3 7 1 7 8 3 105 7 15 2 8 4 16 13 16 19 2 1 21 5 32 6 37 9 16 6 3 4 10 9 2 43 37 14 2 30 47 4 15 2 32 2 12 11 37 13 1 8 9 2
4 2 0 16 4 42 32 17 1 17 25 41 4 15 11 19 29 6 12 13 41 11 2 5 4 0 7 1 7 11 38 11 14 41 7 20 5 30 8 4 5 2 17 0 1 16 1 4 1 20 10 30 43 26 20 7 6 3 16 22 46 2 1 12 16 0 17 1 6 17 10 18 2 19 6
