25 75
14 0 15 0 20 9 5 6 8 1 17 4 18 11 29 37 70 12 10 17 21 25 12 6 9 4 11 36 1 17 0 0 3 3 17 15 12 24 0 20 8 2 22 14 3 15 10 14 2 54 19 8 5 6 4 11 55 3 4 12 16 11 5 21 1 7 6 0 36 14 0 32 33 5 3
15 6 4 8 124 13 3 14 13 11 5 23 21 2 3 7 5 4 2 21 9 5 14 9 6 35 11 6 17 1 17 42 14 7 1 13 10 19 2 6 27 6 22 23 24 28 8 8 4 26 13 4 21 21 13 20 4 9 6 3 1 0 21 29 10 25 15 18 11 22 2 1 1 4 2
7 3 56 5 9 16 17 5 29 6 7 8 0 1 1 14 1 3 13 27 21 9 7 3 0 25 6 7 3 52 17 68 16 1 10 7 18 5 11 7 23 11 3 14 1 4 12 24 9 11 13 23 19 4 20 0 8 12 58 81 10 5 13 3 9 24 2 1 35 2 7 3 8 0 7
3 9 12 10 3 29 11 4 3 20 3 8 11 12 7 0 6 2 33 5 24 7 47 3 18 9 40 0 52 18 4 12 2 67 21 33 19 0 4 5 11 0 3 30 32 2 5 4 12 26 14 3 0 5 39 25 14 10 6 6 13 8 5 0 11 25 1 0 7 2 15 30 33 22 5
2 50 5 3 20 6 16 7 4 35 7 80 0 15 12 44 6 3 7 0 19 1 50 35 4 3 5 27 1 1 8 0 0 12 4 14 0 1 15 13 3 17 3 3 8 28 9 37 7 37 15 5 9 0 12 11 6 35 29 8 0 36 1 3 8 1 3 8 16 17 9 15 14 26 26
54 0 97 19 2 10 3 2 10 21 3 17 3 10 4 0 33 5 2 5 3 1 6 0 13 44 10 6 2 0 37 22 3 9 2 3 20 2 11 0 10 41 11 1 14 3 13 20 15 4 31 7 14 0 2 11 2 9 7 0 0 6 51 16 4 44 21 12 23 33 6 57 2 10 6
34 5 10 10 12 8 12 6 14 2 25 43 41 35 11 5 9 0 19 2 0 4 25 3 15 16 8 89 3 1 18 1 1 3 10 23 14 23 17 20 9 34 0 2 22 9 11 13 11 20 3 8 1 2 2 5 5 13 5 1 0 13 9 18 5 28 30 17 0 25 5 4 9 12 52
8 18 26 1 8 5 2 9 3 2 0 18 16 5 4 7 3 6 19 10 5 6 40 1 27 13 42 24 30 24 46 15 1 23 32 26 0 6 44 2 1 20 44 4 8 6 9 0 5 32 9 0 7 12 8 4 31 16 1 12 14 15 6 25 5 4 46 19 5 3 2 4 39 5 2
13 2 20 3 11 13 6 13 7 0 3 13 2 12 25 15 13 15 8 9 19 3 10 6 0 0 4 1 10 8 8 0 31 48 12 4 20 10 3 3 1 11 7 13 17 7 1 16 10 0 10 30 0 9 10 4 27 13 1 40 3 12 59 3 14 24 1 87 20 8 37 0 60 26 16
12 12 33 0 25 34 8 16 44 1 20 3 9 30 10 2 5 4 27 5 9 5 8 6 0 5 6 74 7 10 4 19 26 25 27 21 0 23 10 14 0 4 11 30 20 8 6 15 15 24 9 0 6 11 7 4 35 15 8 16 15 20 4 1 14 10 3 1 9 6 5 5 10 15 39
5 2 35 9 0 26 22 1 45 5 47 4 3 2 3 3 1 7 4 20 33 20 64 5 41 6 7 5 14 23 25 5 46 4 3 5 16 5 14 3 10 29 37 18 11 8 3 6 6 16 33 4 2 5 8 14 0 29 40 6 7 27 4 3 4 2 12 4 18 14 5 1 3 16 7
-1 9 0 13 4 18 3 9 3 26 10 25 15 10 0 4 21 6 52 5 11 3 10 9 1 11 2 1 16 3 24 26 17 11 8 28 11 41 2 15 18 3 43 69 10 10 25 2 7 22 19 0 7 11 12 25 12 34 2 33 35 26 7 21 3 19 1 0 0 14 10 5 0 6 7
0 0 15 18 0 2 3 6 12 9 10 20 1 54 11 17 46 22 9 1 10 8 8 24 14 61 2 27 20 1 1 0 2 24 23 14 9 15 1 0 7 6 19 5 16 10 21 14 1 10 10 3 19 4 27 10 40 8 9 0 2 20 9 29 10 9 2 43 9 5 34 35 13 6 15
5 5 3 9 4 15 63 34 10 5 14 12 8 5 0 8 45 3 1 12 35 5 27 12 17 22 6 29 0 28 1 24 6 17 42 19 11 2 47 10 29 34 23 7 9 3 2 0 0 6 4 5 1 22 8 2 11 16 7 1 30 10 3 4 43 13 21 12 1 4 2 9 20 16 1
23 18 53 18 38 12 17 24 9 16 14 6 37 6 18 7 2 13 61 1 0 3 5 23 42 10 6 23 21 1 3 3 9 7 13 29 18 20 8 18 6 9 13 20 14 18 1 5 8 10 9 0 3 8 11 5 2 0 28 16 2 18 21 16 20 5 1 15 10 1 8 24 3 1 14
14 2 17 2 3 14 4 4 28 7 35 40 3 21 9 14 6 0 32 1 4 15 2 1 10 39 34 4 17 2 13 7 2 7 21 1 35 10 11 6 14 10 12 21 12 37 12 40 2 17 0 2 1 0 23 3 4 16 18 14 0 19 18 6 12 31 10 6 11 81 3 17 7 22 2
28 26 3 15 5 14 9 17 12 16 6 3 28 25 0 8 4 45 30 11 0 10 4 4 4 3 11 3 7 15 12 19 1 0 8 3 12 1 53 16 2 5 2 4 16 2 34 5 34 10 0 16 10 33 0 15 3 4 3 10 47 43 42 3 26 25 33 8 18 2 4 3 5 30 12
3 12 5 15 21 12 13 7 0 3 13 40 6 23 24 4 1 7 28 37 7 0 36 41 1 1 3 34 29 2 13 9 18 0 2 8 23 50 10 24 28 26 9 7 18 14 15 18 42 1 17 5 22 17 8 18 14 9 9 5 1 0 4 14 0 6 32 4 14 0 6 19 2 0 11
2 15 0 9 2 2 2 19 4 3 16 22 3 21 5 56 3 17 18 6 54 7 48 1 10 12 3 29 47 33 17 9 12 19 4 32 31 15 12 6 19 15 0 15 13 5 17 14 9 3 7 0 9 1 15 17 5 13 15 48 4 40 11 0 24 1 9 0 5 5 15 11 1 2 6
6 39 2 1 38 12 25 2 2 63 8 7 0 2 23 21 9 10 22 7 20 11 6 0 17 10 29 44 2 16 1 7 10 4 12 10 1 0 5 41 20 7 1 3 18 12 0 11 11 7 14 15 2 2 24 9 36 9 14 4 34 27 1 8 19 12 3 17 3 17 28 27 3 30 7
9 10 12 19 10 7 5 2 0 55 21 39 20 8 5 30 46 0 51 7 5 6 26 14 5 15 1 0 0 3 0 11 20 6 15 14 26 6 7 22 2 6 3 23 21 1 2 4 5 13 5 33 13 7 1 26 13 21 17 19 15 6 9 14 1 21 13 4 0 10 40 0 20 26 28
2 0 25 15 14 0 5 40 16 14 19 16 2 27 4 26 12 3 8 16 3 11 18 15 62 1 7 2 8 2 16 13 13 7 16 0 8 51 5 26 31 34 0 3 16 5 1 31 1 4 15 12 3 22 6 23 0 20 0 12 10 36 4 1 5 2 30 11 24 2 30 23 2 15 18
7 1 2 3 2 39 2 18 20 37 10 5 8 3 18 15 9 5 63 2 8 53 13 5 60 8 21 9 0 9 12 22 19 2 2 18 2 12 2 45 13 15 3 5 0 3 3 1 21 10 21 29 20 13 12 6 2 20 7 12 23 2 34 7 4 8 21 2 14 6 13 8 25 18 8
4 3 0 0 10 9 4 2 16 3 13 3 0 6 25 10 11 34 19 13 52 3 3 9 27 24 34 24 4 19 15 5 18 16 12 10 11 42 6 31 0 1 22 9 16 1 4 11 5 20 9 4 7 15 32 16 2 22 16 38 1 2 32 1 12 4 18 8 23 5 7 5 9 26 47
7 8 1 18 9 2 16 16 38 6 7 18 0 6 41 29 39 4 5 6 2 13 11 24 60 14 22 18 5 0 13 13 19 5 8 1 3 4 14 29 19 33 0 17 7 1 4 2 1 8 0 18 28 4 1 6 33 4 3 39 14 27 4 44 2 10 18 14 15 2 39 4 19 0 6
