25 75
5 8 1 10 22 4 1 6 0 57 4 132 4 5 3 0 31 9 0 13 11 45 11 9 14 4 1 5 29 1 25 9 17 8 11 82 14 6 13 1 2 11 15 2 4 5 4 22 13 15 43 1 13 21 7 20 25 5 12 11 7 7 14 2 5 20 6 19 0 9 10 2 0 0 17
3 17 15 1 12 15 6 1 2 18 2 2 16 2 13 59 1 24 0 33 1 0 22 20 0 26 32 4 15 21 2 4 7 1 16 31 22 15 4 13 20 30 3 13 4 30 4 20 26 16 3 3 2 10 4 15 0 24 8 33 4 7 5 13 11 21 23 46 57 7 5 5 13 13 4
13 21 12 18 9 32 5 58 12 6 15 10 8 1 6 4 6 34 0 16 1 28 10 23 6 4 6 4 12 23 0 15 30 27 1 2 12 19 5 2 52 16 16 5 16 14 2 9 0 1 6 59 6 1 10 22 17 4 3 3 8 3 34 2 6 5 37 2 1 1 13 37 25 42 6
3 11 16 8 9 51 14 22 0 0 3 11 10 0 12 2 17 27 27 49 17 12 8 0 4 11 8 20 0 0 24 3 5 11 28 21 13 18 26 3 12 3 2 99 8 0 13 22 4 2 3 6 42 2 11 7 32 6 42 4 22 1 11 22 18 13 0 8 0 0 35 2 0 3 21
11 13 15 25 3 0 14 2 13 8 40 21 8 7 3 4 0 7 4 0 1 2 18 3 6 1 22 9 4 0 9 29 7 26 1 52 1 23 9 0 14 3 0 3 25 4 10 4 2 42 8 1 10 11 2 6 12 19 13 48 10 21 8 76 31 19 18 11 1 36 1 12 5 18 75
-1 21 10 2 20 2 17 14 31 41 25 20 10 3 6 1 7 27 38 2 28 2 15 7 5 26 0 3 9 45 51 8 14 8 4 15 22 3 33 4 26 16 3 19 0 16 30 21 5 1 6 26 7 18 13 16 6 16 6 6 8 8 7 20 2 0 6 10 17 37 0 3 17 6 4
7 7 8 30 11 36 3 6 50 39 0 8 8 12 14 20 44 7 30 0 29 0 11 6 16 21 4 8 3 6 15 0 71 18 23 4 3 4 26 2 30 20 0 1 0 11 3 1 12 13 4 11 3 16 9 4 1 26 10 0 7 4 19 26 2 9 36 11 7 9 10 16 27 5 27
45 4 10 18 26 29 18 4 7 2 16 25 29 37 5 21 2 4 17 7 1 13 18 13 15 35 2 6 2 7 6 6 5 40 8 16 0 17 1 8 8 11 0 20 10 2 9 3 1 1 5 18 37 27 35 8 21 9 11 0 16 2 33 36 23 1 44 2 1 15 5 9 9 16 7
10 11 3 33 22 14 20 0 8 8 12 56 32 11 9 2 7 20 9 0 38 34 15 24 26 9 6 6 21 10 4 17 41 5 0 4 14 2 10 36 17 6 44 9 17 40 5 0 2 6 9 5 8 4 8 10 1 33 2 15 17 11 3 1 2 11 7 14 1 11 2 10 28 14 18
6 1 4 13 7 2 3 0 0 10 2 49 4 4 32 33 24 4 7 18 0 33 17 4 16 4 0 3 20 30 16 1 19 0 2 13 0 19 11 1 7 49 4 32 1 11 29 38 13 28 0 11 34 22 18 46 15 0 9 14 7 11 5 15 20 19 13 8 5 22 17 23 5 12 5
23 37 5 1 4 26 0 0 1 13 13 17 10 42 10 17 12 9 53 1 11 3 10 11 22 5 33 7 11 18 32 24 2 15 4 3 16 1 18 2 6 12 14 1 2 6 26 2 60 16 40 27 1 4 0 5 11 17 12 17 5 14 11 47 8 2 5 1 1 25 28 10 4 5 13
6 8 2 30 6 18 21 3 1 14 9 8 19 1 2 1 3 1 19 18 3 18 4 4 0 2 80 5 9 32 2 7 12 11 26 8 8 36 17 16 21 5 16 1 6 0 33 18 27 0 6 21 20 14 13 0 48 86 20 7 29 7 11 8 30 12 8 3 7 3 17 3 2 0 8
0 7 30 0 8 9 6 5 11 4 3 83 11 1 5 4 7 2 9 17 4 20 8 2 11 24 18 3 6 28 3 6 2 1 8 39 6 0 8 25 9 5 0 2 2 16 18 1 17 19 19 5 5 73 15 12 23 24 5 11 21 1 18 28 1 31 9 8 6 33 17 22 53 5 22
6 6 13 10 0 3 14 58 10 16 9 2 8 17 19 0 6 7 2 3 23 16 71 16 6 3 1 8 22 11 3 6 14 40 34 2 10 5 60 1 5 12 22 16 20 0 10 12 17 19 88 1 2 11 10 12 13 14 0 6 17 8 4 3 18 9 9 3 13 2 35 3 13 4 8
3 17 9 12 6 34 10 3 8 5 22 0 0 16 9 4 7 0 20 6 9 4 11 6 26 16 22 9 0 52 7 20 21 27 17 45 17 2 1 1 12 9 0 44 0 19 3 5 25 18 8 22 9 7 29 5 30 13 14 3 5 31 35 47 0 3 3 0 15 26 5 22 11 17 1
20 9 9 6 12 2 26 19 30 26 35 34 17 14 7 39 20 1 0 10 2 21 8 0 1 18 10 18 5 45 11 29 9 5 1 9 2 16 37 10 3 15 2 9 10 17 16 1 0 12 8 62 0 22 1 42 27 1 2 12 11 3 13 26 2 2 1 28 10 6 0 22 0 9 12
-1 0 31 6 5 14 3 14 11 7 42 12 18 1 11 7 5 17 3 18 2 15 26 1 5 4 8 21 1 53 5 8 9 14 20 12 5 6 1 9 3 10 12 59 4 0 7 6 7 10 28 28 25 51 38 20 13 33 23 7 3 13 42 0 5 6 15 55 0 0 15 4 3 4 2
6 6 62 4 8 4 0 31 23 18 6 15 5 26 4 7 7 5 8 6 5 9 13 3 5 10 3 18 5 4 3 0 5 2 30 16 28 12 0 9 10 9 5 6 5 5 16 19 14 28 8 1 26 13 1 22 5 8 27 4 6 14 108 22 41 11 5 4 42 6 15 11 25 15 12
0 15 6 14 10 40 0 16 5 13 4 4 1 13 13 2 2 24 37 44 15 13 44 13 27 13 9 52 7 23 3 29 7 19 11 2 10 26 0 80 13 9 1 1 29 12 1 8 1 3 56 22 7 0 10 1 30 1 11 0 2 3 2 14 3 5 1 8 5 19 3 18 7 24 4
-1 24 0 16 1 12 3 14 0 11 2 2 35 0 28 10 19 7 35 4 24 8 17 30 28 10 34 15 7 4 2 0 11 6 10 15 81 1 3 13 1 8 7 11 38 1 14 3 15 35 12 26 13 16 23 6 0 11 6 4 7 40 2 7 8 6 0 11 55 3 11 11 38 4 6
0 21 4 23 4 2 10 42 11 13 25 6 13 8 1 2 40 9 23 9 7 42 38 10 5 0 9 27 9 21 7 35 20 23 0 26 14 16 9 1 12 0 12 0 20 6 30 21 1 1 6 10 7 11 21 11 1 9 11 4 2 0 10 8 22 9 4 2 21 6 33 49 0 8 47
25 20 7 60 28 10 8 19 6 28 14 0 2 0 0 5 5 27 3 17 9 0 12 28 14 1 4 24 41 2 2 8 11 18 1 4 12 14 6 20 1 38 31 5 30 16 4 19 5 1 0 3 11 1 1 19 17 11 11 11 9 27 19 19 10 71 7 3 3 46 8 13 7 4 4
10 9 6 12 5 1 0 10 5 9 35 2 2 39 4 3 3 2 35 4 3 7 15 6 11 7 5 7 5 4 8 3 13 69 19 23 31 15 23 4 42 11 14 35 21 4 10 4 2 1 33 1 25 35 45 0 34 2 57 36 7 8 6 0 4 3 13 5 12 12 9 15 4 3 13
3 9 29 10 12 20 15 11 25 3 1 3 22 1 33 15 16 2 36 5 3 23 6 15 1 9 32 22 29 15 10 5 13 12 9 20 14 1 7 7 44 7 6 1 6 2 1 6 9 15 3 5 3 0 12 40 14 10 4 68 5 8 12 60 26 5 2 4 30 9 23 0 22 0 14
4 5 12 15 7 13 27 8 2 29 10 3 52 5 1 20 4 2 13 30 0 7 12 7 1 37 6 30 16 20 15 17 15 6 7 13 0 1 7 6 2 14 13 31 64 3 10 24 6 5 14 31 34 8 3 3 2 2 25 0 22 6 10 2 7 1 29 4 18 1 31 55 0 16 19
