25 75
-1 7 13 44 33 7 2 14 2 33 25 4 15 30 0 14 19 30 1 7 43 28 23 25 0 19 1 5 2 29 2 2 2 3 6 8 0 9 23 5 11 2 2 3 26 19 7 6 28 0 22 23 11 14 7 4 9 98 1 18 2 17 22 27 27 9 17 15 6 4 1 1 2 1 4
-1 19 2 0 7 34 14 14 6 11 6 3 21 1 1 54 0 9 24 9 4 19 7 9 4 1 26 1 24 4 13 21 17 11 5 5 12 11 17 33 30 35 1 25 15 1 43 17 12 15 3 2 27 0 4 8 15 4 0 8 18 9 28 3 27 26 21 9 21 3 40 1 6 7 38
3 12 7 8 18 5 4 11 8 0 7 7 36 7 21 1 31 2 40 5 16 12 46 1 5 13 18 6 1 4 30 14 28 9 39 2 12 7 23 17 22 5 2 5 4 3 18 17 26 19 8 26 10 3 4 14 17 21 26 4 1 9 16 67 23 1 16 0 14 4 19 12 10 13 5
5 1 0 8 17 12 18 6 0 13 4 17 3 12 18 3 2 5 34 1 17 8 9 16 17 19 19 22 22 7 123 16 23 1 14 5 4 9 11 27 16 3 0 4 3 3 2 35 7 12 6 6 17 1 42 0 20 22 2 4 4 4 17 22 11 12 14 17 2 33 53 14 0 15 9
13 3 9 0 22 0 7 18 9 7 9 21 10 20 3 14 21 1 0 41 51 25 5 2 0 5 16 61 1 7 13 16 42 3 6 4 2 1 8 0 36 31 5 24 18 6 6 8 16 3 15 0 52 10 0 2 17 10 12 10 27 35 2 8 22 8 4 28 7 6 25 9 9 0 33
20 24 45 15 1 11 2 4 18 20 17 7 8 14 5 20 5 27 0 9 0 8 7 0 4 30 9 11 15 26 16 17 25 21 47 21 27 0 7 31 1 3 25 9 17 15 4 31 18 0 35 16 24 20 2 66 2 19 4 0 5 1 3 7 7 1 2 8 5 7 2 12 3 24 8
3 30 3 72 0 12 7 9 15 19 17 8 6 2 6 5 6 4 2 8 11 1 4 76 10 52 14 47 1 5 2 10 13 3 29 10 9 14 16 2 1 17 10 14 56 22 6 1 11 21 23 18 5 29 13 4 0 23 8 3 8 15 16 13 14 5 3 3 25 7 11 2 12 14 4
2 6 12 48 26 27 3 61 8 13 36 1 26 17 24 2 8 39 8 9 14 23 0 21 16 19 2 3 0 18 19 3 24 3 2 48 24 14 3 27 3 13 9 37 3 4 14 2 11 12 31 2 7 3 8 0 2 14 26 0 6 19 26 2 6 28 5 1 17 2 6 3 4 3 12
0 6 7 4 4 3 8 12 5 0 15 3 13 15 10 37 2 11 0 13 6 19 1 10 33 10 4 10 17 7 25 5 5 9 14 9 34 3 3 2 20 4 22 38 6 7 25 76 20 0 35 35 11 17 22 4 41 7 1 17 2 0 31 22 14 18 17 5 0 18 2 7 30 26 6
19 11 1 4 42 25 20 0 30 7 13 2 1 13 9 19 47 15 1 12 6 1 8 14 0 0 5 7 21 10 8 1 4 14 1 16 2 8 29 4 8 30 9 7 12 3 19 45 19 1 26 3 28 32 2 13 44 15 5 0 1 0 3 27 1 76 8 33 5 4 15 9 5 2 40
4 12 10 0 3 4 5 42 9 13 8 2 11 7 21 2 8 5 3 2 4 1 45 0 3 13 45 0 5 0 5 10 16 68 18 19 19 9 15 8 95 4 0 1 42 21 5 2 11 17 0 2 20 3 1 33 8 25 26 38 40 6 4 19 39 7 9 4 4 11 20 7 0 1 1
0 10 12 2 5 1 15 2 0 10 14 15 8 54 25 22 17 4 10 4 19 2 25 16 18 24 21 25 1 14 35 10 0 4 19 18 2 7 13 1 22 3 0 7 37 5 3 2 13 6 12 8 43 3 7 14 37 2 23 16 2 2 2 14 31 20 4 18 47 7 59 11 2 8 6
2 6 11 2 13 1 8 3 15 0 6 3 5 5 5 6 10 33 12 18 11 11 12 1 63 19 24 3 3 5 2 19 4 7 63 6 6 8 27 9 73 4 17 30 17 4 11 19 4 7 21 57 27 8 18 17 32 2 10 15 5 2 7 1 4 33 2 31 13 11 3 15 9 1 3
3 0 5 52 10 3 4 19 18 10 9 13 2 4 36 14 1 18 8 6 6 5 34 3 0 8 8 2 21 2 12 24 17 20 5 0 71 10 7 11 24 0 32 17 5 3 28 25 7 7 25 42 7 3 4 71 4 18 1 9 1 11 2 17 32 8 17 3 15 7 6 0 5 13 30
8 18 32 13 7 2 33 8 1 1 17 7 42 28 19 14 5 4 65 3 1 14 12 23 13 0 21 12 4 23 1 14 19 24 6 7 12 38 2 5 20 20 10 27 15 12 2 4 3 8 20 7 17 12 9 4 5 25 26 1 8 5 27 8 4 1 4 8 54 5 4 25 13 5 4
4 27 31 17 18 3 4 38 45 5 2 14 65 5 9 95 18 22 1 10 25 3 15 4 9 10 9 5 7 22 7 0 2 8 1 7 22 1 5 20 6 10 11 16 23 8 1 29 14 1 2 15 3 75 6 9 0 2 10 16 1 9 0 10 6 17 0 1 1 0 48 12 0 18 5
12 43 15 0 33 0 4 22 7 32 9 36 26 21 0 3 12 0 20 11 32 5 6 23 19 2 19 5 1 8 3 100 16 0 2 23 0 3 5 23 9 24 5 13 15 12 0 23 0 28 2 23 33 18 0 0 1 14 12 3 23 10 12 10 33 0 9 1 10 1 9 2 17 25 2
23 2 10 27 10 8 2 10 5 10 46 3 42 0 25 3 2 17 37 25 6 14 15 3 16 11 5 1 2 46 17 0 0 13 24 14 21 2 21 7 0 40 3 34 0 4 30 2 0 0 10 3 6 7 13 47 0 7 25 5 26 13 25 3 32 5 27 11 15 2 5 2 4 38 11
3 7 8 34 2 8 0 25 32 4 0 2 64 23 5 12 5 24 9 1 2 7 14 2 14 14 30 8 2 1 11 29 6 2 1 13 3 32 8 23 9 41 1 36 11 27 2 6 5 30 3 7 21 1 10 7 3 21 14 13 10 4 10 16 13 5 18 26 18 57 21 11 18 13 2
1 13 20 32 0 13 25 8 0 22 0 21 10 12 32 63 22 22 8 13 5 1 43 26 7 29 2 3 11 1 15 4 37 3 19 5 0 1 16 0 21 11 1 6 1 9 12 26 13 5 1 3 10 22 5 72 12 11 4 30 6 0 39 16 14 3 1 3 9 1 3 48 6 9 2
6 14 19 61 17 26 42 26 8 0 8 11 18 13 34 8 9 3 0 46 0 8 10 5 16 7 24 27 0 32 2 11 11 13 16 16 10 0 8 4 15 16 3 2 1 0 13 3 13 35 0 19 29 2 21 23 18 21 5 18 25 32 16 6 3 6 16 3 1 9 0 5 10 12 10
3 44 2 4 10 38 8 18 1 3 12 20 16 8 14 24 23 33 28 26 11 3 3 16 10 3 15 0 3 3 17 7 5 3 7 0 18 0 28 2 6 0 12 22 0 41 27 9 0 22 20 25 1 17 33 26 13 19 6 25 13 0 3 7 14 59 1 15 1 14 3 0 10 5 42
8 2 21 0 20 14 18 12 9 27 25 4 2 12 5 11 2 22 11 16 4 16 14 32 10 3 3 51 8 9 4 0 12 4 1 18 0 4 77 31 1 42 10 9 0 5 1 13 4 6 7 20 5 9 7 51 19 3 4 2 0 8 2 46 13 19 8 8 14 20 11 63 20 0 8
5 1 3 0 23 7 33 14 5 14 25 10 28 43 82 1 41 14 11 33 6 40 28 0 1 1 13 42 4 0 17 11 0 30 6 18 7 15 2 23 18 2 3 7 16 26 1 5 11 2 8 4 3 6 5 7 6 11 23 7 13 8 12 8 4 17 7 12 5 35 6 13 2 17 13
28 6 9 34 0 12 1 13 4 7 68 13 3 12 18 2 4 13 1 26 0 23 8 1 10 3 10 3 3 19 24 3 2 0 4 10 0 26 8 10 8 11 24 9 8 11 7 46 2 9 1 22 13 21 10 24 17 14 5 38 47 2 35 8 14 17 3 29 10 54 0 27 0 5 8
