25 75
6 7 15 2 21 10 7 45 19 12 6 8 13 16 17 8 1 25 29 38 0 5 0 7 20 42 5 40 7 25 6 15 0 8 10 3 7 10 58 23 28 2 7 6 10 0 3 24 0 25 4 2 5 19 27 85 13 6 19 8 33 17 5 10 2 4 1 9 2 2 7 3 3 11 2
49 7 36 2 3 9 11 2 3 3 12 7 9 12 36 24 4 0 20 3 20 14 0 2 1 5 5 5 3 4 5 1 64 20 11 23 5 4 4 1 11 1 4 9 8 13 9 12 38 0 2 3 9 12 0 3 2 26 21 22 23 19 43 2 37 38 0 35 34 54 11 7 22 11 10
18 0 13 6 0 0 26 1 4 12 13 22 1 10 26 4 17 20 16 14 16 5 34 1 11 3 0 13 4 22 1 17 16 7 16 10 18 6 7 6 12 9 23 23 2 2 36 1 0 15 9 2 2 10 16 19 8 6 14 54 9 37 1 38 20 20 20 24 64 14 5 3 19 25 2
-1 38 11 8 10 20 5 3 6 7 23 4 13 11 1 5 6 1 29 9 4 25 4 7 2 21 2 9 43 6 20 1 0 4 8 37 21 27 3 5 37 27 12 2 1 32 17 8 28 10 6 4 24 17 15 1 3 12 11 2 6 96 15 30 2 1 10 25 13 25 11 14 9 7 9
3 5 8 21 1 3 10 30 8 34 0 35 16 1 6 10 1 53 0 3 31 20 6 56 2 1 4 3 4 4 61 11 2 2 17 10 54 24 2 0 5 7 11 8 11 7 80 2 2 5 9 5 4 7 21 18 16 4 14 16 7 28 27 5 13 16 19 14 17 6 16 0 9 0 9
3 6 11 21 2 8 12 6 0 15 26 11 13 12 51 10 5 4 14 1 8 36 64 2 3 32 8 24 5 4 3 30 22 2 22 7 10 18 3 0 77 29 1 2 6 22 0 0 2 14 0 1 15 26 5 1 14 4 5 27 1 9 19 13 20 2 7 9 12 1 10 29 20 38 25
15 8 6 0 23 18 10 19 3 26 8 1 8 8 0 6 18 28 38 23 16 6 2 1 5 14 14 14 37 0 5 8 14 11 21 6 9 18 32 14 13 28 21 25 8 19 1 9 9 18 10 7 1 2 0 13 13 3 3 5 58 50 12 3 9 16 26 6 20 7 15 9 18 0 30
19 61 6 17 53 19 2 2 13 2 2 0 11 1 19 33 16 0 31 2 0 17 2 16 5 13 20 0 1 26 2 4 2 10 19 5 16 26 4 26 3 1 1 12 4 13 0 0 34 10 14 17 3 42 43 11 5 0 19 55 0 17 22 12 32 6 21 5 2 23 0 16 6 24 4
21 2 44 25 32 19 41 12 0 26 2 3 22 25 1 7 0 20 14 46 9 2 32 0 9 0 17 6 8 6 9 12 0 3 2 16 34 7 49 16 12 2 2 8 5 32 11 15 6 6 9 20 1 4 10 26 18 6 3 3 0 26 19 20 17 0 12 43 6 0 15 2 25 2 15
20 8 1 0 11 33 4 3 11 9 4 16 13 31 4 19 37 46 1 12 5 17 11 0 6 5 21 28 4 2 1 11 7 0 41 7 0 5 10 1 1 4 4 21 23 19 1 12 6 3 18 17 21 100 12 11 0 14 11 4 13 0 11 0 5 24 50 7 16 16 30 16 21 18 6
25 8 2 19 2 15 3 11 2 5 10 25 10 2 6 5 13 0 7 1 23 21 7 1 5 13 1 9 20 11 1 5 9 22 10 13 1 3 12 8 7 1 27 24 9 47 19 3 39 18 10 14 7 90 45 16 2 40 61 4 12 2 14 3 8 2 9 14 6 4 9 23 10 34 1
17 5 10 39 11 3 1 4 19 20 5 7 7 17 20 10 32 4 22 17 29 18 1 0 27 0 23 26 67 14 52 14 8 5 0 17 20 3 19 48 7 1 10 38 12 9 2 1 13 14 14 3 0 9 0 9 6 13 2 0 3 0 14 0 51 10 20 1 7 9 7 16 5 30 3
2 58 2 41 6 6 6 4 7 14 3 11 52 7 15 4 10 12 12 27 19 10 5 19 6 1 10 9 48 7 33 2 24 12 10 53 12 1 39 9 1 25 30 9 7 1 5 28 6 7 42 3 19 7 9 6 7 19 1 24 1 2 3 4 7 5 1 3 0 11 19 33 2 9 16
10 4 24 1 24 5 8 2 2 47 12 8 16 41 25 6 6 37 1 14 13 2 4 7 23 65 25 38 3 10 13 8 1 10 18 23 7 8 20 7 6 8 1 19 4 6 3 8 6 8 15 27 7 32 3 43 0 5 16 17 10 10 10 0 8 1 19 20 10 15 4 10 13 27 11
0 14 50 6 7 13 17 0 7 12 72 4 1 10 20 2 1 35 0 12 4 0 7 2 4 0 5 21 10 33 48 4 22 50 16 2 45 2 20 14 12 1 8 35 43 25 3 4 25 11 42 4 11 2 8 5 13 11 1 10 8 13 8 2 1 2 17 1 2 7 6 10 36 3 18
15 13 6 15 7 8 2 8 25 2 2 3 0 13 15 38 16 20 0 1 13 14 40 8 34 3 11 5 6 6 11 1 2 4 0 24 11 8 43 17 28 3 9 8 19 24 8 17 7 18 7 0 22 13 35 13 4 10 35 29 11 2 4 0 18 50 24 4 1 40 23 13 6 14 11
12 3 13 2 11 23 0 22 36 9 21 4 6 7 23 2 4 38 18 48 10 0 12 1 16 15 10 22 1 8 3 0 2 21 18 2 19 18 1 13 3 1 14 17 11 6 2 11 11 24 24 1 12 28 4 4 14 15 27 16 19 9 19 24 4 51 23 7 21 51 0 0 5 27 1
-1 5 7 24 21 23 1 35 18 2 12 12 4 37 1 1 4 8 1 3 0 11 26 9 12 0 3 4 7 17 16 13 64 21 41 57 4 19 49 1 11 12 14 4 16 10 14 2 4 6 9 9 8 1 24 1 21 2 3 5 1 1 27 23 3 3 5 7 3 3 23 23 89 14 7
6 3 7 1 35 3 1 3 3 9 7 8 18 1 18 11 4 15 0 0 17 4 7 8 20 8 23 3 16 113 1 30 6 6 6 7 40 17 1 33 3 6 4 11 1 8 3 42 7 7 11 8 17 15 18 9 2 20 0 3 19 2 11 50 31 0 43 14 12 22 27 24 13 2 16
42 0 30 40 10 3 4 12 3 9 46 10 6 7 18 3 9 9 43 8 18 4 18 35 34 3 55 6 35 14 2 31 5 2 10 13 3 4 11 6 3 6 2 9 2 7 5 21 8 10 12 0 44 4 36 27 11 3 9 0 1 3 2 21 28 23 27 15 4 5 4 13 1 6 7
43 35 6 2 0 11 12 19 3 0 15 8 22 4 16 0 11 2 7 7 14 25 1 19 43 1 14 14 63 0 4 29 12 1 2 3 3 25 22 3 16 7 16 3 22 4 20 4 11 31 15 6 1 11 12 6 52 10 1 17 1 6 8 0 28 19 3 35 41 1 19 23 6 16 8
2 39 9 11 30 71 7 7 7 0 24 1 6 0 12 13 0 16 9 6 41 29 16 3 18 13 0 11 17 1 2 27 1 36 19 6 3 11 4 2 7 17 1 4 4 0 3 13 68 3 11 1 0 40 12 63 17 4 24 3 13 12 5 3 18 2 24 17 11 19 13 14 3 19 2
2 2 3 15 8 83 0 1 20 58 20 1 5 14 0 20 39 0 41 3 0 55 11 1 1 1 0 11 28 17 31 38 11 7 3 38 6 4 24 0 13 5 8 21 8 10 39 6 2 0 28 11 15 14 20 9 27 4 32 3 0 4 3 2 33 1 6 7 3 7 10 6 12 7 2
5 6 29 50 29 6 9 15 22 5 1 15 10 1 23 3 28 0 0 6 6 18 6 8 6 4 11 13 2 5 2 16 12 22 4 24 25 1 2 5 15 18 9 16 15 5 11 11 6 20 6 23 6 12 6 21 2 23 0 23 10 19 38 29 29 24 5 34 27 46 6 1 1 27 1
1 48 0 23 17 48 46 9 13 5 2 10 12 6 5 20 0 2 8 7 2 12 6 1 20 33 7 19 7 2 8 7 18 49 18 6 24 1 23 11 1 10 8 0 14 19 0 12 7 11 39 19 19 8 5 2 1 6 18 8 5 8 3 15 2 7 34 28 20 40 7 9 7 24 28
