25 75
62 14 35 6 14 19 11 22 3 19 3 0 11 2 5 13 27 49 14 8 2 0 10 5 6 1 21 2 17 1 0 1 8 25 4 13 1 50 28 5 27 11 5 16 43 3 5 16 38 27 6 9 7 25 16 3 4 9 3 14 20 17 11 11 4 0 0 3 37 2 39 3 11 7 11
21 33 10 5 5 17 5 15 5 14 7 16 4 31 17 4 23 0 46 9 3 21 7 10 10 5 5 11 17 5 10 3 36 13 2 9 47 15 6 11 11 18 0 10 45 11 28 6 26 21 4 31 13 33 4 8 2 13 0 24 39 2 13 12 6 12 1 10 9 6 17 0 1 8 23
20 12 22 6 4 3 30 3 8 1 56 29 3 24 12 14 27 26 3 11 3 1 1 3 0 5 26 2 8 23 1 33 23 4 30 10 13 0 26 14 10 4 23 8 9 7 11 21 15 22 1 10 6 29 7 1 0 5 8 10 16 6 79 3 16 26 9 13 23 3 1 33 14 7 4
14 11 7 25 4 2 1 9 18 40 0 10 12 23 2 0 3 1 14 2 4 11 45 41 48 14 9 15 4 7 0 2 0 34 8 3 29 56 8 26 29 0 3 4 10 14 22 1 41 7 6 1 16 0 9 2 12 3 9 35 5 8 12 2 25 12 11 26 8 22 19 1 26 27 10
3 3 5 1 4 0 9 18 23 15 1 12 31 3 4 33 19 27 0 3 40 16 3 4 19 38 10 25 20 5 12 14 5 3 24 6 17 12 3 7 4 17 1 16 2 57 18 42 4 1 48 9 12 7 2 12 3 1 27 47 2 29 2 27 14 11 7 4 3 7 29 9 27 1 1
7 21 31 1 29 13 0 3 21 6 30 14 18 14 38 1 22 9 9 2 19 57 14 24 10 20 11 13 32 40 0 2 15 24 6 14 27 14 3 9 1 57 9 0 22 17 8 19 6 6 6 1 22 2 1 3 9 7 5 10 1 10 5 15 5 4 1 14 40 9 6 2 16 16 2
3 12 25 50 8 1 1 12 33 3 1 11 1 25 1 21 40 17 5 14 60 8 2 5 5 3 7 25 0 4 3 31 2 11 14 15 9 12 2 9 5 30 19 0 55 0 0 21 29 1 19 26 14 9 27 10 1 11 5 1 12 42 26 12 14 3 7 2 32 18 1 1 1 32 3
4 3 10 18 12 1 10 15 20 12 5 38 16 13 5 20 9 3 18 2 9 21 0 1 0 1 30 1 10 17 15 1 11 8 9 37 3 10 20 1 9 20 41 9 38 16 16 10 25 10 1 1 34 12 9 44 13 14 1 29 7 5 49 26 0 19 13 29 0 16 16 1 10 13 5
31 45 22 17 6 2 2 17 9 14 17 28 4 4 40 5 6 10 6 11 14 22 2 18 7 0 30 21 5 26 11 4 7 11 30 17 16 3 39 24 22 5 31 9 3 1 1 5 17 2 27 3 8 9 1 1 2 6 2 0 6 23 8 7 24 21 63 12 12 42 2 10 4 0 8
0 29 9 11 32 55 0 13 3 3 7 36 31 2 0 2 18 4 8 19 14 0 33 31 6 22 15 16 3 16 4 3 12 2 46 24 8 25 17 13 2 8 6 11 9 6 19 20 39 8 0 6 4 8 33 0 21 21 10 15 8 5 20 25 32 2 3 12 0 1 10 1 14 21 8
33 0 0 0 8 22 3 30 11 4 46 13 10 21 14 10 29 13 5 4 8 31 60 2 3 6 12 12 1 2 3 6 47 35 14 0 23 10 4 43 4 11 50 31 22 1 7 10 9 3 40 4 36 3 20 1 7 15 1 1 7 1 9 0 15 0 3 4 5 21 13 19 1 23 5
33 4 13 13 11 11 2 0 10 16 4 5 20 4 6 7 0 9 3 5 49 15 18 10 23 5 17 5 1 44 9 21 1 4 11 18 3 28 5 28 1 8 48 25 38 6 5 47 10 0 23 4 13 8 0 45 15 4 19 29 1 6 34 21 18 4 5 2 22 21 2 3 10 4 8
69 5 2 1 34 2 28 6 28 16 2 0 13 9 6 11 2 15 5 10 51 14 6 17 3 2 1 4 6 1 2 16 2 18 3 26 21 8 11 14 5 18 48 8 9 3 20 0 20 31 5 7 6 19 8 4 0 13 14 20 7 5 10 11 23 9 24 5 2 10 19 3 42 36 46
4 2 14 8 6 2 1 0 13 19 31 4 9 0 9 15 7 30 4 9 7 24 7 3 41 21 25 28 12 5 10 50 6 1 29 18 19 72 6 13 1 5 8 31 12 59 9 4 2 4 0 29 2 7 3 11 10 14 8 17 3 3 10 14 38 2 33 7 11 10 5 1 8 34 1
8 5 3 44 4 62 1 2 5 13 7 6 32 6 1 13 0 22 4 23 18 15 9 2 2 21 6 4 1 1 14 13 0 10 13 11 20 2 9 3 28 5 34 7 4 41 10 12 7 17 35 3 37 7 26 43 3 1 56 19 29 7 16 12 2 4 9 1 4 6 30 12 11 8 19
6 38 23 7 16 9 6 34 5 11 12 29 8 94 1 0 10 10 7 9 2 1 15 53 5 0 13 15 10 15 14 16 6 28 23 7 4 14 0 28 67 9 8 0 1 29 2 5 27 8 10 13 1 1 5 14 23 13 8 13 4 7 8 22 5 18 1 8 12 9 0 15 0 6 24
7 1 0 6 5 4 0 12 10 20 10 25 28 3 11 2 17 11 16 13 25 8 6 15 36 16 80 4 6 8 2 16 5 13 6 5 1 34 33 48 3 17 16 13 3 3 21 1 7 7 52 21 5 4 2 3 2 9 0 10 55 15 12 10 47 20 2 3 37 6 4 7 3 3 9
-1 12 26 19 13 17 28 15 2 5 98 6 8 1 17 9 9 6 7 25 5 1 39 7 2 2 20 8 17 11 31 22 0 55 0 14 8 0 9 12 0 1 32 17 7 10 12 3 0 34 42 1 0 72 1 9 16 27 3 6 6 5 4 14 2 2 34 2 16 8 0 1 20 0 8
10 23 3 6 18 5 3 8 14 12 11 21 2 4 18 6 27 9 3 3 23 0 23 25 19 9 4 33 20 5 1 1 35 1 2 14 30 0 9 1 4 22 1 1 0 20 31 41 31 27 0 15 11 2 33 7 8 83 1 6 12 7 1 22 2 22 18 21 11 9 3 0 0 59 8
8 37 4 11 6 6 9 4 7 3 7 8 14 28 26 0 5 0 3 12 8 3 37 0 42 4 16 12 17 4 33 42 46 0 6 2 13 11 29 2 6 3 0 12 5 6 1 35 4 9 2 5 11 48 11 21 46 20 7 14 28 17 21 2 6 7 15 10 8 13 24 4 33 18 3
13 43 6 5 5 1 0 7 1 1 6 8 2 25 16 3 14 9 19 0 1 29 22 5 24 0 42 11 2 8 1 6 29 8 19 4 1 6 12 11 4 32 47 24 11 5 40 4 2 16 16 25 13 10 7 8 36 18 1 24 0 26 7 5 24 45 16 13 5 34 10 12 19 10 6
28 10 8 10 23 4 44 2 41 1 0 21 0 5 24 30 2 19 7 6 13 13 0 31 7 3 3 17 31 1 7 25 44 1 3 22 10 19 14 19 7 9 3 26 28 3 33 31 3 7 30 2 9 10 7 32 1 12 9 31 21 7 33 11 1 12 8 3 1 1 13 0 14 3 11
12 4 33 21 34 3 7 12 6 0 15 0 11 0 9 35 35 6 12 21 13 9 71 3 34 20 13 5 42 50 7 0 19 16 66 4 30 6 5 8 44 1 10 4 0 4 3 1 27 17 15 6 2 8 8 7 6 17 4 0 0 6 1 4 6 3 17 7 6 2 0 20 7 11 29
23 4 19 33 4 41 13 8 11 17 2 4 27 8 4 37 54 0 13 0 1 2 4 14 4 2 15 6 6 24 23 0 0 4 26 4 0 7 15 16 8 3 11 18 9 33 20 11 24 2 56 17 1 8 12 6 4 3 8 24 1 38 6 11 1 10 28 0 30 36 12 14 1 5 34
8 18 16 23 3 16 2 2 37 21 4 1 9 7 9 5 13 25 7 5 2 3 32 18 3 0 19 4 7 16 4 23 8 31 24 7 47 5 11 8 9 1 3 39 18 16 11 1 26 9 6 8 5 0 8 37 13 17 16 34 52 2 11 7 8 0 6 6 14 11 19 22 23 37 2
