25 75
16 67 4 4 6 33 3 10 12 13 21 8 46 25 40 7 22 10 11 0 1 8 6 3 21 12 2 31 1 14 3 2 1 15 7 12 3 2 19 48 14 6 3 9 29 0 0 19 8 53 12 8 7 0 5 2 11 13 25 0 7 34 0 5 18 6 12 14 41 2 0 5 22 24 17
11 19 21 10 1 13 11 1 1 5 6 0 13 5 4 14 15 3 12 12 11 34 19 1 41 10 8 20 13 1 4 17 0 58 11 22 9 11 8 2 0 42 23 26 23 18 2 12 21 16 5 17 15 13 11 0 3 10 32 6 17 6 14 1 5 13 11 26 55 12 41 14 5 6 2
1 29 5 0 1 0 3 2 16 23 8 15 3 0 33 8 8 9 43 24 32 38 4 15 70 3 13 14 15 46 20 19 40 3 63 7 23 2 12 3 6 7 4 6 4 13 13 4 43 17 21 5 12 5 6 1 15 12 15 6 12 1 3 5 16 8 8 0 5 1 15 14 5 2 17
11 37 14 26 11 1 2 27 22 1 13 14 0 1 19 17 30 24 2 1 34 20 13 1 2 1 0 28 1 1 14 20 2 58 5 11 27 4 11 0 4 24 11 6 5 9 46 10 13 0 13 9 7 0 26 2 11 44 7 1 28 19 10 41 3 9 19 7 38 10 4 17 9 4 8
60 30 4 9 28 3 7 32 5 22 3 4 15 3 13 18 18 0 9 28 23 14 6 9 5 11 2 18 17 14 18 26 1 3 3 10 7 4 5 5 37 39 3 17 37 3 12 16 23 3 4 5 26 2 11 35 9 1 19 32 19 13 0 1 0 15 3 27 9 5 22 6 6 0 28
42 7 3 53 5 13 3 1 47 31 2 6 29 30 2 8 2 26 1 5 16 4 0 25 9 24 2 5 10 1 1 0 2 2 5 13 2 13 12 19 13 5 2 3 36 16 1 7 0 20 3 21 3 2 4 16 29 15 15 6 3 6 9 24 28 0 14 5 32 73 9 18 18 14 49
30 34 0 26 1 38 30 28 15 11 11 13 53 9 4 3 27 4 3 5 5 4 18 7 24 28 3 6 0 34 16 25 6 25 10 3 0 2 4 2 0 3 28 15 1 22 38 0 7 5 2 2 20 7 4 3 17 0 19 8 5 20 59 14 7 1 18 15 11 12 8 15 6 28 13
16 7 5 21 7 78 0 12 14 19 1 3 13 19 1 13 0 10 24 8 1 1 0 12 12 4 1 5 4 6 1 30 30 10 0 13 3 25 9 15 1 17 5 22 0 3 39 11 46 18 19 0 17 7 13 37 2 4 4 16 28 9 4 47 1 7 4 12 7 11 16 72 19 20 9
1 30 1 5 16 15 5 2 16 4 22 7 4 3 5 0 0 6 11 3 14 21 47 0 2 7 1 9 3 34 51 19 54 5 3 4 1 19 12 2 0 42 12 2 10 13 15 5 4 40 13 0 17 1 39 29 0 1 21 16 23 2 42 4 23 27 5 6 2 12 56 6 2 39 7
14 14 17 2 19 0 4 0 0 41 5 9 37 8 51 19 14 3 63 28 1 10 52 0 3 5 8 4 2 8 4 2 12 23 24 7 18 4 2 8 75 19 20 1 9 0 21 12 6 3 45 20 4 15 0 12 14 5 8 1 17 9 18 10 10 18 0 8 0 0 0 48 7 14 6
16 25 4 2 32 10 39 0 1 5 1 2 0 0 14 6 2 8 16 52 8 10 33 49 8 1 3 7 16 20 8 12 5 4 1 10 14 4 27 21 8 9 14 1 4 97 25 0 1 31 2 15 30 25 3 45 15 11 36 16 10 1 21 16 2 8 8 6 0 22 0 16 5 0 1
13 24 0 14 74 1 0 6 8 14 5 7 5 24 1 14 9 4 1 2 1 8 17 0 2 3 18 55 55 3 16 0 7 1 8 0 14 14 0 19 1 0 3 1 64 6 53 54 15 20 11 16 0 1 3 45 17 50 11 25 9 0 4 8 12 15 18 7 15 6 1 21 5 6 10
11 7 5 10 5 0 31 12 19 77 4 21 22 7 6 12 1 17 4 4 22 13 13 39 11 14 0 26 2 5 7 8 1 6 2 29 14 0 13 11 22 21 5 5 15 66 20 9 8 1 25 16 13 2 6 7 3 0 24 2 19 33 18 7 25 10 11 4 1 17 0 2 21 16 35
4 4 47 24 7 2 18 9 1 0 2 26 3 12 15 4 4 13 7 13 2 2 1 0 52 7 29 6 0 9 48 4 9 24 30 41 3 13 21 11 1 43 20 14 3 0 18 36 25 6 19 1 7 11 16 51 2 17 8 2 16 16 44 5 3 14 1 6 2 9 11 10 7 14 15
13 2 23 9 12 1 5 2 16 8 1 34 24 8 27 30 20 59 33 8 5 2 4 6 17 8 3 3 0 18 7 13 9 11 6 2 9 10 35 12 8 11 12 18 11 19 52 12 2 23 18 42 14 3 3 8 24 3 13 29 24 33 22 0 2 19 15 0 8 2 9 3 6 0 17
1 0 32 13 22 13 5 15 5 2 6 21 4 9 1 10 4 6 1 53 6 4 8 4 6 4 24 2 18 4 10 9 3 40 20 5 50 26 0 10 3 1 50 12 3 25 4 20 33 6 8 9 17 4 7 27 0 5 20 21 36 5 16 18 14 8 20 40 6 32 16 2 6 28 2
31 19 12 16 4 30 1 9 22 4 2 3 4 6 4 18 30 5 13 8 0 15 0 7 37 28 1 10 32 23 12 0 21 71 2 6 55 11 21 30 20 6 6 22 28 4 0 1 7 13 6 9 1 5 0 0 4 16 0 14 8 15 42 8 11 0 21 11 2 7 65 9 12 3 1
23 2 34 0 11 1 33 15 5 8 24 24 14 14 5 8 8 1 8 7 2 29 1 13 11 6 3 16 3 23 33 0 18 26 13 11 14 19 8 16 19 2 8 41 19 1 1 12 10 4 36 7 1 3 3 29 6 17 7 39 21 4 1 13 2 14 17 53 2 2 15 27 28 17 9
1 12 5 51 3 3 5 18 18 34 0 7 7 19 38 18 8 38 3 12 7 8 0 73 18 13 20 2 4 8 13 4 18 6 12 42 4 22 10 0 0 17 1 2 13 21 2 20 8 8 13 36 39 15 13 8 1 22 11 30 9 11 2 43 5 3 14 0 7 4 14 18 0 4 2
39 10 16 10 13 0 8 5 21 11 16 43 16 0 7 19 11 23 38 57 26 7 15 0 11 0 13 1 4 2 9 3 6 1 46 8 11 13 13 16 4 6 4 19 2 26 15 5 37 12 5 5 1 10 1 13 10 32 21 10 4 5 2 26 6 13 19 3 10 57 3 18 2 24 2
26 0 51 11 19 0 12 7 2 4 17 4 14 1 5 40 10 9 19 6 0 9 8 19 1 4 0 24 11 3 41 12 29 13 2 6 16 69 25 32 3 15 2 19 42 0 27 4 4 0 4 14 6 2 18 4 28 19 18 37 15 7 8 5 36 18 34 1 0 0 10 2 11 3 3
15 7 43 13 4 0 64 5 21 3 6 4 18 22 5 18 1 33 7 3 30 0 27 4 58 20 1 12 5 11 0 21 16 16 0 2 3 24 1 92 34 24 19 17 29 4 17 17 42 3 1 4 10 9 1 2 15 0 1 11 2 12 0 6 9 4 0 0 2 35 5 0 8 6 16
35 10 8 1 0 3 4 5 8 12 1 16 16 5 30 3 2 4 66 20 22 11 7 10 0 22 0 6 1 8 40 30 15 20 6 1 0 10 1 0 8 29 4 9 12 9 1 0 6 39 8 1 37 3 62 23 7 30 10 9 28 28 13 21 0 7 15 1 28 34 29 11 1 3 15
28 7 9 0 0 0 0 44 14 10 8 20 3 15 7 1 36 19 9 23 0 13 6 34 7 19 6 1 7 32 28 0 29 23 6 3 31 2 0 0 14 54 5 5 13 48 19 0 1 10 3 5 7 10 30 38 3 54 0 5 19 22 29 34 4 9 13 5 6 2 9 4 11 6 3
18 4 11 26 10 4 18 14 16 0 2 19 6 4 41 0 2 13 8 8 27 0 6 9 4 0 8 8 8 32 7 9 25 0 4 63 48 5 26 11 14 6 22 9 1 19 1 28 28 1 11 5 4 10 3 5 9 41 0 12 21 35 11 5 23 1 3 17 25 17 0 4 15 3 67
