25 75
61 9 38 2 11 7 22 37 27 2 16 14 15 0 4 21 2 4 9 6 1 6 7 10 7 3 1 16 11 1 12 8 7 3 29 24 22 5 5 17 10 0 24 8 17 12 13 3 2 13 19 5 5 6 26 8 71 17 13 2 18 8 9 16 45 2 16 3 10 3 44 16 28 3 3
9 8 7 56 10 0 16 1 8 7 1 2 19 37 1 3 30 1 5 0 5 17 2 44 8 9 33 21 8 34 1 4 26 26 2 7 11 15 54 15 32 0 6 0 20 6 8 10 25 15 25 3 1 38 31 23 0 5 3 1 1 4 23 1 2 12 5 10 13 17 34 18 0 20 25
10 36 20 8 1 10 30 0 27 1 6 35 22 15 5 27 14 6 1 8 12 4 13 9 16 2 45 4 5 6 3 18 6 4 11 12 45 9 7 15 5 10 18 15 3 28 3 2 20 19 50 0 4 0 4 54 7 17 22 23 19 7 1 7 3 5 7 31 6 0 15 18 2 2 45
22 0 1 15 6 2 0 7 15 30 22 4 32 0 9 8 3 11 33 3 16 6 3 0 28 16 6 23 6 11 1 3 11 21 16 14 11 11 1 7 13 11 43 21 71 3 33 11 28 14 21 2 2 11 40 2 7 16 10 15 2 1 12 1 2 3 8 33 6 46 0 31 29 8 10
11 2 10 2 17 4 22 19 7 6 34 7 23 2 18 4 6 4 1 46 9 0 11 10 6 1 18 11 13 34 3 0 4 17 11 12 36 19 0 14 1 0 0 5 11 12 9 4 33 1 38 18 59 2 2 26 31 72 1 14 14 2 6 26 4 4 15 2 13 11 2 11 57 17 3
0 32 19 19 7 6 10 8 9 20 0 12 15 8 3 10 51 13 16 0 1 1 33 37 12 22 0 3 11 16 23 3 10 29 8 7 20 3 38 7 7 21 12 6 1 2 0 26 41 8 1 6 7 11 13 7 40 12 19 9 6 21 4 18 13 24 1 10 38 9 5 7 20 23 10
10 6 34 0 19 0 5 10 6 0 33 1 5 36 10 8 2 1 19 7 2 28 10 8 5 43 27 3 28 44 7 1 10 2 3 26 1 2 14 29 0 15 0 22 28 8 0 25 12 9 33 14 47 13 0 28 12 15 7 10 13 9 2 12 12 10 25 3 19 11 4 3 34 10 30
11 12 22 20 5 1 8 7 1 1 13 2 51 20 76 11 8 14 4 8 6 9 28 19 2 4 3 6 56 13 2 15 17 0 26 9 27 17 25 6 51 4 3 15 14 12 10 5 18 11 6 19 17 9 8 40 4 5 6 5 22 7 13 20 9 2 5 13 45 2 1 11 0 0 3
8 15 8 16 18 27 12 27 10 40 22 2 5 77 0 3 3 4 12 0 18 1 1 56 31 1 4 15 9 9 14 1 12 6 36 7 8 5 57 17 4 26 18 12 12 36 2 2 13 5 3 4 5 7 5 3 0 5 3 17 7 34 14 11 0 34 11 4 28 8 2 0 15 25 8
8 3 15 6 12 15 17 2 4 17 15 4 22 0 22 1 9 1 1 5 27 1 44 12 5 13 2 5 4 49 8 10 26 7 17 4 3 19 37 37 19 1 1 2 4 5 0 7 27 3 6 8 23 11 8 1 60 37 8 13 34 37 14 7 14 4 3 1 8 5 6 28 65 14 7
54 42 2 3 67 9 7 8 9 1 9 6 5 22 26 19 0 3 19 29 6 3 22 21 55 4 14 2 8 8 6 24 11 17 14 8 0 23 9 7 5 26 8 7 7 12 9 5 34 19 21 13 7 9 2 31 1 8 10 3 14 24 17 28 4 10 11 0 38 1 0 7 0 2 5
1 0 1 41 5 0 4 9 13 18 15 3 0 0 12 21 35 35 5 53 33 58 8 3 4 6 10 66 28 16 7 13 3 11 9 21 8 5 5 20 9 28 37 4 4 4 1 12 1 4 9 12 40 5 13 11 19 1 12 8 20 5 4 2 11 17 20 10 1 26 11 5 9 10 10
5 3 44 4 14 55 9 6 10 0 16 0 0 9 5 9 5 0 13 16 17 30 8 34 9 27 6 21 7 17 1 12 51 9 2 21 5 0 11 1 18 15 10 14 15 5 2 1 3 59 10 37 7 7 3 5 0 34 27 0 16 26 23 3 25 42 11 0 5 16 21 12 0 2 14
2 10 38 8 2 3 9 23 11 0 21 12 14 11 52 13 2 57 41 34 7 3 21 10 6 3 2 15 3 3 17 14 19 3 29 42 27 8 2 22 4 1 1 12 11 5 1 15 5 17 1 27 0 18 2 3 16 9 5 7 21 22 25 16 3 26 3 1 48 7 7 1 14 15 12
0 2 10 4 12 13 10 0 11 20 23 40 3 74 41 21 37 0 1 11 1 14 2 17 6 9 9 2 9 20 1 36 4 6 10 18 33 0 21 13 0 15 12 25 9 19 6 13 10 8 8 8 18 36 3 1 7 16 30 3 16 9 22 24 1 9 6 3 0 1 29 5 15 0 49
1 43 27 6 14 1 14 4 37 0 32 4 2 8 7 3 1 4 0 20 5 4 7 19 42 5 5 6 26 1 18 49 7 14 7 11 2 4 4 21 26 74 3 2 21 11 0 22 2 4 1 8 7 30 1 14 9 1 59 4 54 6 1 12 26 6 8 21 27 16 1 18 2 11 7
3 11 7 10 3 11 10 15 14 68 26 21 10 1 43 44 6 2 1 20 8 21 25 8 1 13 15 13 7 7 15 14 5 43 7 15 11 1 21 7 5 12 15 3 8 8 3 8 1 11 39 0 12 4 11 9 32 5 11 38 16 13 4 1 22 0 10 24 26 8 2 4 31 0 21
10 21 6 25 7 25 20 5 8 33 3 11 4 11 9 1 6 12 25 2 27 0 0 20 9 71 19 2 35 5 38 6 36 8 6 7 7 30 4 13 13 10 11 9 8 28 4 6 2 28 3 42 1 9 0 8 15 2 2 17 16 4 19 9 0 46 1 14 17 1 7 4 43 2 12
2 1 0 2 33 5 2 7 4 21 3 9 9 2 62 13 0 20 17 12 1 11 60 0 9 3 5 6 22 17 2 6 7 29 18 0 6 68 2 5 24 0 8 4 22 18 24 38 5 14 28 20 35 0 0 7 3 7 16 6 15 9 43 12 5 1 2 7 3 49 35 11 0 19 9
7 6 29 1 7 4 36 1 1 22 0 19 5 22 10 29 26 7 19 18 3 6 2 2 0 8 10 4 3 1 9 10 73 35 4 6 4 6 0 38 8 1 11 18 15 31 6 11 7 0 47 0 3 55 9 19 16 39 14 14 7 2 5 20 8 36 20 5 5 28 3 31 8 4 1
-1 8 18 2 22 1 0 2 13 18 17 2 11 20 6 5 5 68 26 10 30 6 4 19 0 42 5 0 3 6 8 1 1 8 0 3 0 33 4 20 10 1 5 47 20 41 15 6 3 30 12 32 0 17 16 20 7 17 8 8 4 10 34 27 2 4 47 47 1 19 25 0 0 5 14
19 2 16 8 14 29 16 4 2 3 13 2 20 21 8 1 6 22 64 11 20 23 6 18 21 30 4 8 3 6 6 31 10 11 1 7 27 12 14 27 1 7 29 16 4 5 16 38 0 4 5 35 14 14 36 19 0 12 15 4 7 40 0 14 26 30 18 1 11 3 2 5 0 1 2
4 0 4 1 12 18 31 7 32 11 4 2 4 1 3 25 32 3 11 6 32 1 2 8 3 19 15 11 17 7 1 8 43 7 5 3 12 2 18 10 3 0 20 27 12 38 7 40 37 1 46 10 57 5 0 6 0 17 7 15 6 13 0 5 3 9 8 17 70 28 12 15 21 1 9
2 29 2 19 4 9 17 4 12 25 4 5 2 18 12 10 12 20 14 1 15 0 9 21 5 5 3 16 10 10 18 0 1 19 69 42 51 1 6 37 3 5 0 36 7 17 14 1 38 12 2 6 51 18 10 10 3 7 14 22 8 2 16 5 28 15 0 22 14 16 1 21 1 3 13
20 4 18 40 11 10 13 16 9 16 30 2 7 17 19 15 1 1 12 9 7 31 16 42 16 12 12 25 23 31 41 15 6 1 3 14 24 35 0 1 13 17 32 0 2 2 30 0 6 11 21 0 5 31 15 3 17 1 0 15 0 5 0 44 2 3 20 24 3 10 13 11 9 6 4
