25 75
10 6 2 1 8 35 5 24 4 5 11 5 48 24 7 33 3 8 1 4 45 3 7 8 7 0 32 17 5 2 3 9 26 13 15 10 21 8 7 6 3 14 10 3 1 25 2 3 12 14 1 19 11 9 0 17 32 39 14 25 3 35 11 11 14 15 44 3 35 11 5 19 21 6 25
0 13 4 8 41 5 12 10 0 7 6 16 12 0 24 21 13 5 10 9 6 4 0 12 6 25 12 16 20 20 17 3 9 47 28 4 3 1 9 15 40 6 11 10 57 9 2 4 0 25 13 50 1 34 3 1 16 4 3 29 15 2 31 2 29 10 5 27 12 6 1 40 8 19 2
11 4 26 27 9 10 13 2 16 13 3 13 19 6 27 49 5 3 6 26 12 0 28 7 23 12 13 9 43 18 6 6 28 14 47 4 16 12 0 7 2 6 3 5 14 3 10 1 6 0 31 3 46 3 8 8 12 14 6 16 26 10 0 25 0 15 7 51 18 6 5 8 5 9 25
40 46 15 3 16 4 7 4 42 7 6 20 6 2 64 39 2 0 4 33 32 0 12 0 17 1 19 3 25 10 10 13 21 6 20 9 1 13 4 2 11 2 20 2 7 6 4 5 2 42 5 3 2 3 45 9 4 7 1 2 12 12 61 6 5 2 9 37 30 1 3 12 14 22 14
7 8 14 16 21 39 13 2 27 24 0 24 3 4 3 4 11 11 25 9 1 2 4 26 10 15 10 6 20 46 3 5 6 10 31 9 12 0 10 21 3 2 6 4 21 2 42 7 7 0 5 2 5 9 16 49 5 40 1 33 5 29 1 18 36 2 4 25 8 3 58 3 20 4 13
22 0 25 8 9 30 2 29 1 1 14 5 3 13 1 27 22 11 1 8 9 32 2 17 15 6 15 15 1 0 10 29 5 12 1 34 5 27 25 13 10 3 6 8 8 7 0 2 32 5 5 55 8 31 26 5 7 19 8 2 0 21 32 0 22 9 7 16 10 1 27 35 32 35 1
14 2 7 22 2 1 4 24 12 2 3 1 4 0 9 8 62 8 0 14 11 7 19 24 25 19 5 8 5 1 10 9 4 28 2 1 4 7 53 18 1 4 27 5 5 17 11 5 3 37 38 18 24 0 65 0 2 17 13 5 0 21 36 11 5 3 1 13 26 15 56 13 0 43 1
1 40 4 10 47 17 26 2 8 42 23 5 4 18 4 12 12 2 20 37 3 4 8 9 14 15 13 18 18 7 6 44 3 7 2 0 11 16 2 2 0 2 21 1 35 56 8 10 10 16 6 25 9 1 1 6 6 24 39 37 13 4 6 27 20 8 1 6 14 10 14 12 3 7 6
10 4 1 10 3 3 1 5 11 7 30 2 2 31 35 9 13 5 5 21 1 26 6 7 19 22 2 1 16 19 18 2 56 10 0 4 4 7 48 32 25 0 19 53 20 19 28 18 0 6 23 24 6 0 13 9 9 25 2 2 7 21 0 5 21 3 2 0 39 14 29 2 14 0 34
10 5 49 12 11 9 9 1 3 8 6 7 2 31 11 16 8 3 2 17 17 7 18 20 14 1 12 18 1 46 37 20 18 49 13 5 11 50 13 11 3 29 43 20 17 39 1 3 3 2 1 1 2 1 18 4 2 20 3 4 32 16 10 4 4 26 4 9 3 2 10 22 9 17 15
28 17 12 0 18 8 33 1 22 8 7 0 0 18 4 14 14 4 12 16 15 21 4 6 32 15 1 30 8 33 10 11 7 5 79 8 10 6 2 0 14 7 19 0 5 7 4 18 10 11 0 27 23 43 1 30 8 3 41 2 3 7 2 5 9 27 8 10 15 44 4 3 35 12 4
2 10 8 20 2 10 5 5 14 5 3 11 22 4 42 12 4 11 0 9 20 5 2 17 17 18 3 13 8 11 17 19 18 3 2 18 14 0 26 50 4 5 22 1 29 21 6 1 12 7 1 41 3 19 10 6 51 8 9 17 4 0 4 21 39 18 7 1 46 11 4 10 0 55 27
10 7 51 8 5 2 81 6 8 50 9 2 7 24 17 10 15 14 6 3 14 3 27 22 16 4 6 0 11 26 2 7 48 17 3 17 32 2 11 0 3 9 6 3 30 3 21 8 22 7 4 5 8 7 6 2 12 41 30 22 3 8 24 5 39 9 7 1 12 2 0 4 17 7 10
22 3 3 4 20 14 1 15 1 7 0 72 40 5 50 0 4 8 2 29 6 2 16 5 9 5 23 19 65 7 28 15 7 21 3 13 5 14 30 6 3 14 43 3 1 18 0 51 28 6 11 33 17 8 9 5 2 5 8 8 9 0 11 32 2 8 1 12 17 1 0 4 3 9 19
20 7 12 73 7 0 7 4 29 4 35 22 3 7 5 4 5 17 20 34 4 9 3 34 14 47 2 9 3 8 5 5 4 5 3 12 1 1 19 43 2 4 16 3 1 2 1 1 18 2 7 2 2 0 29 10 8 24 2 17 0 12 79 20 4 33 13 0 46 9 42 25 4 14 2
12 16 9 11 5 7 10 7 2 9 53 2 9 9 6 21 5 14 3 24 3 4 7 32 30 17 7 1 3 16 7 11 11 4 5 5 2 8 0 8 47 11 1 0 4 1 2 5 5 30 45 13 5 50 3 45 17 5 4 12 24 13 6 16 10 9 15 0 23 26 64 22 2 20 30
17 17 45 1 26 4 5 4 1 6 6 8 3 11 15 11 2 2 8 4 19 7 6 6 6 6 16 2 1 17 0 9 4 8 4 11 10 20 10 18 19 41 1 1 8 3 2 17 5 24 24 17 21 68 13 4 19 0 23 37 25 34 11 1 4 2 11 7 7 59 43 15 8 48 2
45 12 5 17 9 9 3 11 24 19 0 17 26 8 18 7 8 9 30 5 2 9 1 7 14 4 6 13 1 26 4 15 0 5 8 31 26 9 20 35 2 13 22 4 18 0 11 1 1 13 8 1 48 17 16 0 31 5 9 10 10 2 15 21 12 2 4 15 13 26 25 14 34 0 59
8 14 4 3 8 10 27 8 1 1 43 16 16 4 7 16 57 11 13 21 8 16 25 3 20 0 24 1 1 12 7 3 4 17 6 11 2 10 0 47 5 21 14 4 56 9 4 13 15 14 37 1 65 55 12 4 8 9 33 3 0 5 0 14 13 3 8 32 3 5 2 20 4 1 3
9 2 7 44 2 22 7 44 10 11 29 0 9 0 34 24 25 1 2 4 3 10 1 28 3 5 3 13 14 0 2 1 12 14 26 26 28 1 3 6 1 20 1 2 68 13 7 22 22 6 3 16 37 1 39 4 3 4 2 2 13 18 7 18 11 1 33 12 18 29 4 2 61 14 1
5 1 12 3 32 23 3 48 26 0 2 15 21 10 7 0 31 7 5 0 7 2 3 6 58 40 0 63 8 29 17 4 13 1 36 19 16 9 9 23 15 1 17 21 25 22 1 23 5 2 17 1 15 3 0 1 10 4 21 3 9 1 3 22 2 3 13 9 24 27 4 19 30 0 13
0 9 31 1 13 13 22 5 2 16 4 7 41 12 13 26 13 24 12 1 3 0 6 36 8 7 6 52 11 1 7 3 0 34 4 12 16 7 8 37 2 21 2 11 8 12 2 10 3 9 11 6 30 0 2 8 10 4 6 27 1 44 6 25 0 18 6 27 53 5 18 4 53 11 22
1 1 1 9 12 61 51 26 12 3 26 8 4 1 17 19 7 2 7 12 33 10 8 2 7 4 42 6 18 12 20 22 7 3 5 42 8 10 3 7 22 15 5 2 10 10 20 0 7 9 8 38 15 11 28 3 0 13 33 2 9 24 7 54 7 4 25 17 4 0 6 4 1 17 21
41 37 0 5 30 0 1 5 5 15 0 16 28 12 2 3 1 12 26 14 12 11 12 11 6 50 5 5 8 41 0 4 13 12 40 2 33 29 1 0 3 1 24 8 16 3 3 15 15 25 19 47 1 1 0 19 0 3 7 1 27 9 4 37 49 4 1 10 15 11 16 12 19 20 7
7 16 21 7 30 1 5 4 11 5 2 9 29 1 4 19 27 21 3 12 35 16 3 14 11 3 72 2 8 2 3 2 17 6 17 14 1 5 18 19 19 12 39 23 23 9 7 37 13 48 22 39 4 9 10 16 24 1 0 9 10 13 14 12 2 1 1 11 1 5 9 5 23 2 25
