25 75
-1 20 54 25 22 46 34 15 8 20 17 1 3 5 1 6 2 29 7 1 0 11 11 13 9 9 2 0 1 11 19 18 7 9 0 16 17 39 2 5 32 15 2 13 25 5 20 15 3 0 8 9 15 0 29 9 2 22 13 8 4 21 6 38 2 29 0 28 2 23 13 18 5 22 30
-1 7 3 48 52 20 23 5 10 39 35 23 1 18 2 1 10 2 3 20 4 8 12 16 6 22 15 4 0 3 25 0 33 9 12 2 11 8 19 24 46 19 1 18 5 5 2 25 9 11 31 23 13 6 0 29 25 0 1 3 0 38 5 2 6 18 4 5 10 4 18 14 6 7 37
18 32 19 31 21 0 29 8 10 4 3 4 28 0 8 9 25 43 0 0 2 7 4 2 3 7 3 20 3 13 33 25 4 5 18 1 11 9 1 38 4 4 34 3 6 12 21 2 18 18 22 2 68 4 2 24 9 0 14 43 10 0 2 21 28 0 19 31 6 10 0 8 15 7 32
21 21 2 85 10 0 11 0 0 53 9 14 29 17 16 29 7 9 17 7 5 7 14 0 1 3 11 3 8 2 28 19 25 5 10 17 9 6 0 2 17 17 18 1 5 9 8 3 0 105 6 20 1 4 7 24 4 8 19 5 11 36 0 6 13 21 11 9 4 15 25 11 3 5 17
17 3 11 20 31 14 11 16 25 11 6 67 11 15 9 3 19 5 25 4 9 3 11 5 27 13 39 1 1 0 10 0 22 32 22 2 15 22 18 17 15 0 5 8 4 4 20 10 8 4 0 15 29 35 4 26 18 9 14 4 1 6 31 1 0 6 11 11 9 25 16 17 16 4 22
9 2 2 1 16 2 6 4 0 10 31 21 14 22 0 4 9 11 3 25 34 10 3 3 0 9 4 20 6 8 0 18 13 19 15 22 5 20 0 4 42 10 0 18 9 13 50 3 9 30 17 132 34 4 6 7 23 13 12 7 1 32 11 12 12 5 29 1 5 0 7 17 0 19 5
3 1 18 1 6 0 4 14 13 30 16 0 21 0 42 5 6 14 26 0 9 9 48 22 8 7 4 2 8 64 0 8 4 5 90 7 2 22 30 5 1 3 17 23 2 8 7 16 3 0 109 1 11 14 6 3 19 1 26 7 1 25 38 9 7 14 0 2 33 7 0 7 1 4 1
54 0 2 9 3 11 9 4 0 26 14 15 5 66 0 22 6 12 27 3 21 20 24 12 7 24 67 5 19 6 6 13 6 6 2 0 7 0 1 10 14 14 22 0 1 5 12 1 19 3 31 11 18 2 4 9 0 14 4 14 8 3 82 4 18 6 8 13 7 23 17 4 22 14 29
9 31 17 20 9 4 5 6 10 18 17 8 24 27 4 3 8 2 18 30 7 2 20 0 4 5 28 8 30 5 26 1 8 32 26 11 1 9 0 4 13 4 2 19 6 40 2 22 15 5 7 2 49 3 0 12 0 16 7 21 5 4 16 4 22 28 0 8 2 48 40 11 56 11 3
51 3 3 8 34 4 15 29 11 3 2 2 4 11 0 17 55 7 4 2 4 12 6 17 0 0 4 13 24 18 13 6 17 3 3 29 10 3 0 3 3 19 5 8 5 2 43 0 9 3 69 25 0 15 43 14 7 21 28 18 0 32 14 10 25 23 12 12 21 1 0 28 8 4 23
34 1 7 17 13 6 16 31 9 37 13 30 20 11 23 7 12 8 57 5 2 21 1 5 0 16 5 25 0 25 2 8 13 20 31 2 2 9 0 25 4 3 12 6 3 31 11 9 6 0 12 42 36 41 2 8 15 0 16 3 3 2 2 0 7 45 4 2 21 16 20 3 1 11 34
0 5 9 8 0 10 13 64 7 10 9 1 13 15 2 1 29 14 24 5 2 27 11 1 12 4 5 6 5 1 6 10 25 8 2 14 16 29 7 15 8 0 12 59 52 33 5 13 6 17 7 2 14 6 1 8 0 52 13 7 11 62 13 9 1 1 7 2 10 6 33 10 39 30 6
23 21 16 4 5 6 14 10 7 3 2 0 0 9 10 4 13 20 8 21 2 12 1 6 9 26 7 37 5 28 0 10 24 5 5 31 37 22 20 63 6 33 0 4 29 2 14 5 31 3 3 8 0 14 2 8 11 13 0 1 36 66 1 12 51 2 13 22 2 9 3 8 16 16 10
3 3 18 39 23 14 23 42 4 2 7 0 2 13 19 23 5 11 50 43 17 8 0 6 27 3 6 4 0 24 5 37 0 8 1 1 1 1 3 1 10 30 29 8 2 1 44 11 13 4 6 5 4 11 46 12 22 2 20 6 37 21 26 20 14 3 0 8 21 0 3 11 24 6 23
23 25 2 11 25 1 7 27 5 17 4 8 5 18 20 0 9 21 4 2 5 15 8 9 30 8 3 50 14 18 2 0 9 2 0 47 3 7 11 32 21 3 16 6 17 22 9 23 8 2 30 16 17 15 3 1 11 29 23 8 37 12 3 8 8 17 6 5 32 44 0 12 16 6 7
1 37 1 3 28 3 42 2 2 1 33 29 22 5 5 22 6 4 23 5 13 3 15 4 1 15 0 0 7 0 5 16 1 34 28 1 49 28 11 18 20 46 5 2 5 0 13 3 7 17 2 8 10 13 26 19 2 2 15 22 18 31 12 15 13 32 24 5 20 0 16 18 3 4 29
-1 28 11 17 18 26 4 29 27 34 3 0 1 23 7 0 38 5 13 4 1 19 13 5 7 17 4 6 5 14 2 4 19 28 2 23 20 1 9 9 6 0 13 2 15 8 8 7 18 3 56 46 3 15 9 9 1 31 4 17 18 26 29 5 7 32 26 5 2 18 6 9 26 20 5
0 6 22 33 14 3 3 4 8 14 5 28 3 6 7 2 2 9 1 1 17 1 4 3 6 25 7 9 16 2 15 13 6 7 11 5 2 40 5 15 12 12 40 37 5 68 14 26 7 4 5 11 11 31 7 9 3 30 17 26 9 2 75 7 17 15 25 22 0 27 18 4 10 4 10
15 10 2 8 10 30 3 18 5 1 30 4 6 2 2 8 12 29 1 4 2 2 12 45 2 1 7 11 15 16 16 16 12 63 32 3 28 14 5 39 22 2 20 14 15 4 0 9 11 14 42 8 5 6 6 8 3 2 36 6 31 22 30 5 10 8 5 18 7 7 8 5 39 5 26
54 10 17 4 14 7 12 1 0 2 45 6 20 14 34 26 17 2 3 19 11 8 0 12 11 14 6 12 5 0 18 18 12 10 2 3 8 15 1 25 60 25 1 4 13 0 0 6 2 4 5 3 42 26 8 13 45 30 11 17 3 46 8 12 33 0 0 9 2 12 24 1 1 30 6
12 16 4 35 1 16 15 35 9 7 0 2 38 20 8 9 20 3 1 0 19 14 8 4 9 28 7 31 39 13 13 11 15 52 8 1 10 7 0 15 5 37 15 26 12 2 6 16 66 4 7 8 5 28 26 18 15 21 2 13 4 3 28 17 21 5 4 4 0 3 9 8 1 2 4
1 1 4 9 2 64 0 18 4 44 6 26 3 3 11 18 9 34 18 8 5 1 7 7 4 15 16 21 0 35 3 4 71 5 5 30 11 19 9 55 1 1 25 3 0 10 36 34 5 16 8 11 2 26 14 0 22 21 1 2 34 1 11 21 17 4 7 10 2 1 0 6 2 15 25
5 4 4 16 2 9 3 2 14 21 20 3 14 3 2 4 11 6 47 23 13 3 14 11 8 11 0 9 33 10 34 10 38 7 31 1 0 7 59 3 10 10 7 17 14 16 19 20 4 1 8 4 55 24 8 2 31 4 29 9 0 17 8 3 2 1 7 0 22 9 28 22 12 36 26
7 31 1 1 14 41 4 6 26 36 1 4 3 1 25 7 7 3 13 1 3 1 9 0 49 8 37 11 2 10 17 20 4 38 1 2 12 2 6 14 11 7 17 3 9 12 0 8 56 29 26 34 8 9 19 6 2 8 25 3 10 27 38 16 18 7 19 22 34 0 7 6 2 22 2
23 9 1 2 45 1 5 35 0 13 13 27 6 3 1 30 1 3 0 7 46 8 32 25 26 3 11 13 12 1 20 10 6 0 7 16 4 2 0 4 19 42 7 13 13 5 6 9 2 13 28 6 22 8 27 0 0 1 7 52 11 1 24 40 25 5 7 31 9 24 12 9 21 15 15
