25 75
1 9 3 3 5 2 30 31 20 19 6 3 0 2 4 6 15 4 4 5 0 38 8 55 0 3 2 3 3 1 6 0 9 26 1 82 3 1 26 4 4 20 14 31 4 10 24 42 37 2 11 32 14 1 20 13 4 8 0 10 36 13 24 11 6 1 8 28 7 17 39 14 25 14 13
12 2 15 10 4 26 19 52 1 0 6 12 13 37 40 3 9 27 10 2 14 0 11 0 1 37 0 12 5 6 20 10 16 5 21 3 14 5 0 34 25 14 1 5 8 4 11 4 4 27 25 12 2 48 0 37 20 12 35 19 8 30 15 4 9 9 1 26 0 17 22 5 10 16 1
3 0 2 49 1 13 5 10 3 5 35 1 20 32 23 5 3 7 0 38 8 91 16 2 2 6 41 3 15 20 13 7 24 25 5 10 2 22 31 5 14 0 24 2 4 8 0 40 8 19 46 22 32 9 9 2 15 12 6 10 0 4 6 14 2 2 19 22 3 5 6 18 2 5 7
10 7 30 8 35 4 3 6 18 10 3 1 25 2 14 2 18 0 3 0 8 1 1 2 12 5 0 11 25 15 15 18 1 36 5 10 29 19 6 9 13 11 20 11 16 9 52 9 12 23 39 65 4 18 1 8 22 31 17 1 1 0 28 5 8 40 7 3 1 24 2 15 36 16 5
4 75 25 14 7 3 12 0 0 2 55 26 1 31 5 2 0 11 36 3 1 1 13 23 2 0 1 1 7 51 2 2 31 5 0 14 3 24 12 54 14 8 41 0 13 7 20 0 16 32 3 22 11 3 12 3 3 25 18 9 0 45 1 13 6 2 4 38 4 0 7 21 9 12 19
0 2 7 16 1 14 2 13 34 31 15 5 7 28 7 16 1 5 8 2 3 7 8 1 0 18 22 9 0 21 9 11 15 65 19 5 2 19 19 29 39 2 10 1 7 6 9 4 4 10 0 24 6 20 12 55 0 4 9 6 12 62 2 16 13 48 5 10 30 17 12 2 0 40 7
19 1 11 22 1 9 13 7 24 10 8 7 11 0 18 1 10 5 17 7 33 0 0 26 16 2 7 25 1 25 7 7 4 3 6 0 31 3 16 26 46 14 20 79 5 9 1 8 7 1 19 37 5 9 6 8 54 15 21 16 7 23 27 19 9 18 11 18 15 1 1 4 5 16 7
65 35 11 0 8 19 14 2 15 5 16 7 30 38 35 27 41 48 5 26 3 0 17 10 26 40 15 9 17 13 6 0 3 11 14 0 23 2 5 11 14 8 0 12 20 0 21 1 5 16 8 0 18 4 10 10 34 15 0 15 7 5 12 11 0 4 1 8 23 12 4 3 23 0 4
55 58 1 2 6 12 6 32 7 13 11 6 2 7 9 0 3 48 7 0 14 14 1 0 4 25 16 5 10 35 7 2 35 7 5 22 10 2 4 14 22 1 33 1 39 27 11 32 11 3 5 6 15 26 3 13 6 1 47 12 12 6 8 13 7 7 6 15 30 5 25 10 16 2 7
10 2 2 6 8 24 7 5 10 0 14 14 26 2 4 40 4 47 16 2 9 26 8 24 8 2 2 3 14 0 14 13 22 9 11 25 38 5 1 3 8 7 28 3 27 34 17 57 0 7 29 7 13 6 4 35 1 11 7 29 16 17 7 18 14 5 14 1 4 17 10 46 7 9 5
5 5 6 0 44 8 2 6 38 7 25 7 7 13 9 50 1 4 3 12 10 0 24 7 13 16 37 18 43 3 33 10 19 0 15 0 10 12 4 2 8 9 15 23 28 2 15 15 37 5 34 7 2 14 6 12 10 36 2 7 20 25 9 3 2 5 6 1 27 25 5 0 17 24 16
23 18 6 6 1 1 60 0 3 30 16 5 31 5 9 4 0 19 18 59 7 36 36 1 12 3 20 16 11 5 26 13 5 3 3 2 42 5 4 3 10 34 33 3 2 29 3 20 3 3 4 0 14 0 13 12 20 21 0 1 25 36 1 13 18 13 9 2 22 3 6 10 2 23 25
6 26 2 5 25 13 11 8 9 4 0 20 12 18 13 0 31 1 3 1 1 18 17 9 11 24 1 6 17 32 9 18 3 2 4 24 4 2 23 13 23 21 11 14 81 28 10 45 3 5 33 10 1 16 4 0 10 49 8 9 5 1 15 11 7 0 5 19 25 8 22 18 28 4 5
0 18 19 2 0 65 2 10 10 23 14 4 9 3 6 0 5 16 5 11 2 4 1 2 11 20 23 28 8 16 12 3 17 1 22 7 4 0 12 14 7 0 11 0 1 0 22 26 80 28 48 14 8 48 19 7 3 9 21 2 12 36 29 26 3 15 17 13 0 16 3 13 12 3 19
5 7 1 23 35 4 0 5 14 6 28 49 19 17 6 2 30 10 11 1 2 0 3 22 29 3 42 7 13 20 1 90 4 21 4 15 3 2 4 5 13 7 1 2 0 21 14 4 22 34 5 9 1 19 34 10 10 6 10 28 22 28 8 5 15 0 10 14 4 10 30 12 2 20 7
12 22 7 14 7 11 21 11 17 1 17 1 24 28 17 5 3 1 1 27 27 4 3 14 3 1 25 0 43 6 4 2 6 15 30 58 18 0 0 0 43 6 19 12 7 9 0 1 5 6 0 2 9 80 4 31 8 3 3 38 11 23 54 3 4 14 11 6 4 2 0 39 11 10 16
56 7 0 19 1 8 14 0 3 11 41 2 3 49 10 1 24 15 18 20 22 32 0 11 8 27 9 34 36 3 7 2 2 7 29 8 1 7 4 5 11 16 17 4 23 27 28 11 2 44 1 2 9 1 9 24 7 1 3 15 13 0 26 13 3 2 4 11 31 8 8 51 1 3 15
13 10 30 14 14 7 18 14 10 11 13 8 1 45 14 18 6 12 11 24 11 14 1 1 2 14 24 12 8 2 33 8 10 32 0 7 17 10 4 1 12 1 0 1 22 17 2 1 40 2 65 16 12 44 9 23 10 6 11 5 4 67 7 16 6 12 0 17 8 4 0 13 6 17 20
3 12 8 15 20 5 5 10 10 54 38 0 39 0 19 8 2 4 5 38 19 3 9 4 18 20 21 20 0 18 5 5 53 14 13 1 4 11 3 12 12 12 10 22 33 10 10 4 17 11 16 30 1 4 11 73 0 11 0 5 3 33 25 5 12 1 11 18 0 15 5 1 6 3 22
-1 20 21 6 19 44 31 5 11 8 2 2 12 46 7 19 5 11 9 13 31 21 13 9 27 14 6 6 1 2 14 19 10 14 2 10 2 16 17 1 7 7 22 4 1 4 12 10 0 10 1 31 0 9 22 43 12 28 9 3 46 0 29 11 5 29 19 16 13 23 10 1 5 28 5
-1 43 9 10 25 59 38 5 9 105 0 39 5 11 9 2 17 2 13 15 2 2 24 6 4 4 0 1 9 3 6 21 9 25 25 3 6 14 23 3 22 9 1 17 8 2 14 9 6 0 6 22 30 7 7 27 13 4 6 5 7 17 16 7 1 54 0 11 0 0 0 4 29 18 16
48 6 14 3 9 0 0 10 4 5 11 15 1 1 22 30 19 5 20 17 2 0 36 8 6 3 37 7 17 22 34 18 35 21 5 6 13 18 2 22 3 39 14 2 1 65 19 0 2 36 9 4 12 41 12 8 3 13 25 19 3 7 14 4 11 6 1 7 2 0 8 7 0 0 51
2 0 17 2 12 10 37 1 28 17 7 19 10 64 29 50 3 16 4 1 2 7 10 1 3 4 34 48 2 10 25 8 13 0 12 4 12 13 16 12 16 13 9 19 11 7 5 9 0 1 7 4 5 0 19 9 3 9 35 29 5 16 16 11 24 3 7 48 9 3 11 37 14 17 4
1 29 8 41 7 25 8 9 0 4 2 6 22 11 33 10 6 32 1 15 28 11 9 39 0 29 12 20 46 34 0 15 13 22 1 29 22 5 13 6 2 64 20 1 56 4 22 12 0 1 1 5 3 19 16 6 0 4 18 13 5 5 13 4 9 0 9 6 7 8 15 16 3 0 9
0 21 10 14 35 4 5 8 8 23 0 1 3 5 9 9 18 1 14 27 28 6 9 30 20 7 9 2 51 3 8 11 71 23 9 2 1 0 2 12 30 13 13 13 7 24 17 24 13 23 0 26 6 6 9 3 33 14 5 12 19 16 37 9 25 2 19 13 2 23 1 2 21 0 1
