25 75
0 3 12 2 19 3 33 16 56 10 32 7 51 30 12 34 24 31 0 15 16 5 17 7 3 19 9 3 8 5 19 0 10 40 14 1 21 2 5 10 5 4 16 11 0 15 2 34 17 3 6 25 20 9 17 6 2 0 7 3 1 19 1 41 10 14 9 6 30 19 0 5 4 15 20
13 3 0 2 2 8 12 10 52 6 15 14 47 13 5 2 10 14 20 21 7 15 11 3 16 6 19 7 18 0 32 1 30 48 17 9 20 4 3 2 6 17 4 29 7 17 18 1 7 37 48 5 7 5 52 25 11 13 13 8 23 5 20 2 10 21 18 4 0 8 14 1 4 2 1
4 5 54 27 22 4 32 2 22 3 4 14 61 23 3 1 11 2 0 0 0 34 17 5 17 2 0 0 7 1 11 1 1 5 1 2 8 14 11 42 5 36 6 1 4 9 40 6 4 36 35 28 34 23 7 15 61 2 7 4 1 30 6 32 0 5 20 21 9 1 14 9 11 4 1
3 20 12 3 34 8 0 1 16 19 52 50 2 23 10 9 7 23 0 1 7 33 30 2 13 7 3 17 5 19 4 51 15 3 26 3 14 1 3 1 5 10 0 8 1 19 18 37 20 7 5 44 0 11 16 42 0 0 4 4 4 7 14 0 13 54 6 5 17 33 16 0 2 5 23
0 2 9 1 19 37 2 8 4 19 23 16 2 1 0 6 9 22 11 21 42 18 25 18 13 32 13 6 2 2 14 9 9 9 17 13 5 3 9 14 34 2 10 33 9 21 7 3 13 28 3 0 21 18 57 1 21 9 6 14 16 0 3 69 43 4 10 14 6 8 9 0 2 16 5
5 21 20 13 28 9 22 9 2 4 17 13 0 20 18 3 1 4 6 1 1 10 8 3 9 1 65 12 14 7 14 1 19 2 3 31 2 13 10 3 19 68 8 47 1 5 9 15 0 7 12 3 0 38 45 6 48 40 20 9 6 3 3 7 6 43 1 1 25 2 38 9 3 8 1
14 5 14 21 7 15 10 16 4 1 6 0 8 6 13 12 13 3 6 9 9 7 7 1 9 12 17 1 0 10 4 7 12 61 20 21 7 32 4 8 18 21 9 3 0 5 1 39 32 35 10 0 42 26 9 48 64 8 38 15 7 11 2 3 3 4 19 12 10 3 29 23 12 6 1
2 13 32 4 15 33 14 10 23 27 2 41 5 3 20 5 56 9 6 1 2 7 19 12 9 33 1 28 22 14 38 1 2 18 5 6 2 6 2 12 20 5 5 20 19 0 0 18 36 1 0 14 5 13 21 41 5 4 1 17 2 23 15 22 1 24 12 24 8 7 28 15 11 0 3
17 48 27 12 11 6 23 28 6 15 8 63 6 10 0 6 0 9 12 23 3 19 9 12 6 5 20 21 3 7 45 16 27 4 16 14 13 2 32 9 1 26 21 0 8 19 0 2 13 5 14 12 11 23 3 6 1 13 66 3 10 3 15 3 17 36 1 2 17 7 6 18 2 2 1
18 5 10 0 11 11 26 41 23 13 5 12 17 0 1 0 13 1 6 17 8 9 5 29 35 30 70 13 3 24 4 3 0 19 9 23 0 25 0 12 21 0 2 7 0 8 11 4 32 1 25 14 3 3 7 2 36 15 26 33 51 21 3 3 1 2 11 1 36 12 6 17 19 14 2
29 23 3 1 7 20 29 13 0 0 14 5 15 1 8 7 14 0 15 63 5 4 17 1 32 3 11 0 13 0 12 35 48 18 13 19 19 18 30 6 6 0 38 3 19 29 7 16 2 14 17 19 12 2 27 2 18 3 1 1 33 32 3 1 11 18 29 7 1 8 4 20 8 5 13
4 1 25 16 43 5 6 10 12 4 28 6 7 3 1 3 13 12 41 19 0 20 59 26 5 42 15 6 14 48 11 9 35 19 8 37 26 3 7 6 5 7 5 1 9 0 4 13 5 0 8 0 6 34 7 18 7 33 13 31 19 6 8 0 5 16 14 4 6 3 3 10 21 16 8
4 22 11 22 0 1 8 22 10 12 6 10 3 26 7 3 20 2 53 20 36 9 8 10 13 9 26 28 2 12 2 10 5 9 9 2 10 8 19 17 6 42 35 40 8 4 0 36 16 8 7 21 10 9 8 14 40 14 9 4 6 2 10 10 23 22 3 19 15 11 23 1 9 1 8
30 16 7 2 18 7 9 3 3 8 1 10 7 2 9 19 1 26 9 2 25 1 61 60 24 22 4 1 10 11 5 2 6 9 1 18 77 2 3 10 44 1 5 9 7 45 6 0 11 9 20 9 2 4 49 5 17 9 0 12 3 30 9 2 12 27 30 7 2 19 10 3 3 18 20
12 13 16 9 9 13 5 3 1 15 11 18 6 22 12 3 6 36 10 20 11 14 1 5 4 1 10 22 8 9 0 13 4 25 21 14 10 6 44 28 13 0 12 14 30 22 0 12 1 1 16 5 18 5 56 0 5 13 23 5 28 11 8 32 10 2 11 16 38 9 22 41 0 13 18
8 23 4 0 17 1 35 17 33 18 2 11 29 1 8 18 13 29 4 7 4 6 46 6 0 13 6 16 17 9 56 10 14 1 1 32 2 17 22 1 5 7 21 2 2 2 4 30 28 6 1 2 12 2 3 0 7 16 34 21 6 6 12 4 35 45 1 19 70 15 3 11 1 2 8
8 16 10 1 29 13 7 9 1 14 2 23 3 1 19 6 51 14 4 10 17 2 4 5 6 6 16 2 11 1 11 0 26 11 23 9 9 39 48 12 1 0 3 31 18 0 14 3 30 24 8 0 1 26 39 12 6 6 20 25 11 9 14 36 0 4 46 4 16 2 36 4 9 6 37
2 9 8 4 1 4 9 13 25 15 1 7 13 19 2 5 8 21 10 5 41 18 39 9 16 16 13 3 5 1 10 4 25 43 11 20 19 17 31 8 19 10 34 2 5 9 11 5 2 1 9 0 49 4 3 52 11 2 3 100 0 34 0 2 10 4 3 10 6 0 12 0 10 41 7
3 2 10 1 7 9 6 10 3 12 15 25 8 9 1 1 5 1 46 17 3 49 0 23 6 10 12 2 13 7 38 30 15 8 10 27 8 5 3 5 19 24 15 14 5 45 8 15 8 26 5 40 30 12 14 19 0 10 3 12 0 11 31 2 13 23 24 42 4 0 15 14 9 2 21
3 9 1 8 6 5 10 21 0 9 5 17 4 5 9 52 0 27 28 10 10 4 22 28 7 5 37 21 2 15 0 21 27 36 14 41 0 20 4 14 3 8 11 23 8 23 7 0 6 7 19 13 34 30 6 6 5 4 4 2 2 11 14 2 14 7 13 0 8 21 13 48 50 5 16
13 9 4 4 19 24 10 20 6 27 11 22 2 35 1 3 49 3 4 6 10 1 3 10 0 2 18 28 1 9 5 3 3 3 3 17 13 2 4 12 12 10 43 4 3 22 26 19 20 16 3 6 8 1 2 39 12 20 1 51 4 0 15 2 19 4 49 13 3 38 18 12 28 3 55
3 3 4 0 0 12 22 16 8 7 1 20 20 1 4 30 1 19 0 16 17 7 10 24 16 6 39 30 13 0 10 13 22 25 1 9 3 27 53 4 36 12 44 11 0 14 3 12 13 22 7 4 4 5 3 14 0 25 19 13 8 16 2 41 2 7 33 24 1 26 37 9 2 10 5
2 4 6 5 6 0 0 3 8 0 24 1 23 17 1 1 0 9 7 17 6 19 2 0 5 16 11 11 1 4 7 1 5 37 103 15 36 11 39 76 9 3 6 27 12 15 0 0 14 0 1 1 16 27 5 11 14 2 7 21 6 37 49 28 2 16 4 14 37 3 33 22 8 8 3
14 43 12 10 1 11 6 13 2 6 9 34 0 16 6 2 6 3 18 1 11 49 3 2 11 55 2 10 0 7 9 1 29 6 6 25 25 23 0 6 21 7 10 11 11 32 8 11 48 3 23 20 9 4 0 0 17 2 22 26 12 2 30 27 1 0 41 4 19 18 22 4 4 36 2
67 18 13 28 3 60 5 7 4 7 7 28 22 3 0 42 13 3 0 27 20 0 18 1 12 9 1 1 5 10 2 4 0 10 9 2 3 0 4 10 61 8 2 0 14 0 12 24 8 0 62 1 14 17 8 3 3 10 8 33 12 7 2 4 47 24 41 5 6 9 12 3 22 10 30
