25 75
7 8 20 9 15 14 6 4 26 19 22 5 26 19 44 5 28 14 8 2 18 7 7 4 1 37 1 24 3 2 38 4 2 53 10 22 1 4 11 12 15 24 5 3 23 19 8 28 0 12 12 3 9 1 24 10 2 32 61 13 4 13 3 17 8 5 6 30 13 15 4 0 9 5 2
8 17 0 12 8 9 12 12 8 17 16 10 23 3 9 12 13 12 27 7 28 3 48 1 0 9 19 11 30 9 51 0 29 15 0 0 19 22 6 1 7 12 42 18 25 8 0 2 25 3 30 1 3 7 1 5 5 0 7 12 21 0 40 15 23 6 9 15 29 22 3 18 7 27 16
6 49 1 6 6 5 3 18 1 21 25 8 7 2 6 7 5 18 0 36 8 22 20 11 1 9 16 16 18 2 2 8 17 21 2 28 3 2 5 2 1 28 4 1 9 21 0 16 0 17 40 31 18 31 39 5 20 0 0 0 38 23 14 1 6 81 12 6 11 6 15 10 20 23 10
5 12 2 16 5 43 15 5 20 5 6 8 5 17 22 2 3 39 0 20 0 20 12 5 16 5 3 20 2 8 17 3 66 3 3 12 13 6 0 20 13 0 59 12 13 20 3 36 8 12 2 13 25 2 13 1 2 9 11 18 4 5 2 20 47 3 11 18 6 49 23 13 8 17 18
0 0 1 35 21 5 3 0 14 17 37 2 1 4 22 87 17 16 6 3 6 8 13 3 58 13 13 37 0 5 6 3 4 0 16 13 11 42 1 18 7 22 2 29 19 10 29 0 20 3 15 10 7 22 11 1 3 14 26 14 5 8 4 15 12 11 16 8 27 18 1 26 7 16 1
1 28 14 24 11 9 4 22 1 17 3 2 6 17 17 0 3 4 5 9 35 18 18 4 12 6 17 39 17 43 9 18 1 3 5 3 18 25 21 11 61 42 5 27 2 15 5 23 37 18 6 13 10 4 15 10 5 2 2 20 4 2 0 26 2 7 32 8 8 8 54 2 1 1 3
13 12 3 3 6 4 41 14 16 0 4 4 3 0 1 25 35 0 39 11 1 21 40 14 28 13 8 6 27 1 10 27 12 15 6 4 8 48 10 19 49 9 0 10 14 0 15 2 15 14 1 5 55 4 12 12 21 7 10 21 8 2 23 48 9 3 6 14 35 3 1 1 11 0 8
1 11 16 2 10 3 10 5 10 8 15 25 35 14 4 6 7 12 20 0 15 2 3 5 0 3 35 12 28 71 10 9 6 0 17 11 3 11 13 7 32 19 12 90 0 5 31 0 34 5 0 17 19 34 26 6 5 9 7 2 6 19 6 30 14 0 7 48 9 16 0 10 4 2 1
0 0 19 23 47 19 10 1 1 3 4 26 6 13 12 5 5 1 4 45 15 23 7 10 19 11 1 1 6 9 2 38 11 84 0 14 40 45 4 9 9 4 33 29 10 36 6 7 42 10 1 11 3 10 0 10 4 0 1 0 4 12 6 33 12 5 23 31 8 17 2 4 3 5 16
6 5 3 6 4 18 6 6 11 8 34 5 2 7 0 9 2 5 32 30 57 61 3 1 25 56 7 21 4 0 23 12 4 17 16 2 13 6 5 29 28 6 10 29 12 2 3 3 46 14 2 27 4 6 15 4 0 23 11 3 3 15 27 41 6 8 11 2 3 40 10 1 7 4 13
2 1 6 8 26 19 26 5 3 13 17 1 1 19 8 33 13 5 5 16 31 93 112 33 33 21 8 1 1 2 5 12 4 8 6 3 4 36 11 1 0 16 11 2 7 6 12 21 6 8 19 2 35 5 0 17 3 29 14 20 2 3 21 12 7 0 0 39 1 0 4 0 12 2 12
9 2 1 26 4 3 5 28 10 0 4 16 1 10 19 28 17 1 2 0 5 4 3 2 6 22 2 21 5 46 31 1 45 10 2 21 16 5 24 1 31 17 5 5 3 13 12 10 9 7 17 10 32 11 13 11 49 27 26 15 12 16 41 2 12 4 3 22 4 19 32 8 14 1 29
24 15 3 2 23 0 63 13 12 16 3 5 10 9 15 60 10 33 6 9 0 34 0 5 5 10 3 6 13 2 1 23 10 23 4 7 6 7 0 14 17 7 22 14 6 19 4 4 3 46 28 2 1 10 0 88 10 42 1 2 9 60 3 7 0 22 6 11 20 1 1 7 2 7 14
6 15 18 3 10 6 2 8 7 17 24 40 6 10 27 4 0 1 9 19 3 34 35 0 12 2 1 25 9 19 2 8 21 2 14 4 40 16 13 3 6 0 10 2 34 10 9 2 4 0 3 0 16 14 18 11 7 0 35 54 15 15 8 13 24 4 3 35 20 68 12 16 22 5 10
39 0 0 12 25 30 62 4 22 5 52 1 19 9 12 1 17 15 10 11 8 7 6 0 1 2 36 9 23 25 2 14 1 25 0 6 6 9 11 13 45 18 8 24 7 14 14 8 9 69 7 2 6 5 17 15 6 19 18 3 0 17 5 14 0 4 5 1 13 24 0 32 7 10 4
5 49 3 11 11 51 43 3 4 3 33 34 39 12 17 16 11 12 28 14 11 12 2 3 26 3 0 41 7 19 0 4 8 31 1 11 7 0 29 7 18 17 18 6 0 3 19 17 22 11 0 21 10 3 18 7 34 11 10 9 4 18 3 2 6 56 0 0 4 1 11 1 11 5 3
67 13 3 5 9 12 13 54 9 10 0 5 13 11 3 9 2 0 0 3 16 19 3 10 14 17 15 16 14 10 0 0 2 3 7 16 48 9 12 13 0 7 29 0 17 34 2 14 8 0 20 1 43 8 2 5 5 17 36 6 7 7 70 4 27 26 13 14 1 21 7 0 10 24 30
-1 63 4 10 46 32 2 4 4 11 1 35 7 9 4 7 1 2 1 13 14 30 1 9 4 6 6 17 7 20 28 5 0 1 15 4 0 2 11 34 32 24 44 0 28 12 4 19 28 1 30 0 3 1 13 22 63 17 2 0 9 79 8 12 5 12 3 3 3 0 13 24 2 13 2
15 48 19 23 6 2 1 9 17 16 4 3 0 16 37 5 5 5 20 5 2 34 1 7 1 3 1 5 6 17 0 0 5 19 38 13 18 8 9 44 10 2 37 0 13 20 0 60 9 0 20 9 29 4 31 10 13 1 26 5 15 5 19 7 69 2 0 0 0 45 0 32 3 15 2
5 10 1 61 2 16 11 9 4 4 5 2 1 37 60 6 33 0 5 24 0 13 17 6 4 30 4 4 9 23 1 24 1 21 37 10 6 7 22 13 2 3 19 48 29 6 3 0 21 2 14 12 8 14 14 9 2 7 6 12 9 1 15 31 30 7 13 1 9 21 5 9 37 10 23
16 4 31 3 23 14 14 0 2 1 5 9 16 4 4 15 3 8 44 17 7 28 42 11 23 1 8 1 18 3 67 7 0 0 1 3 6 3 9 13 13 11 27 2 13 6 32 11 3 9 13 9 8 38 2 1 0 5 0 1 9 7 0 17 93 61 1 7 43 1 2 27 18 5 21
-1 22 1 0 4 0 4 19 5 5 2 19 13 18 10 15 5 34 2 11 29 13 10 4 10 32 17 3 22 34 14 3 28 4 13 2 3 7 2 5 19 7 32 25 11 1 19 29 7 17 8 7 19 40 18 10 4 6 4 14 2 5 19 17 26 12 20 12 21 65 17 0 4 20 20
4 6 4 3 5 1 0 27 6 5 16 13 0 14 30 5 13 23 2 101 22 0 3 11 11 10 27 1 12 5 3 0 23 2 4 12 4 16 8 8 12 0 18 20 32 14 5 13 41 0 5 101 3 11 14 24 6 3 8 3 2 5 5 2 36 29 2 9 16 10 5 49 10 20 7
23 13 46 2 9 10 10 3 3 2 3 1 5 11 13 4 4 10 59 26 11 13 14 7 1 23 34 1 26 8 7 0 11 27 1 15 10 0 36 32 8 16 9 14 1 18 3 9 29 69 0 3 7 21 5 7 29 2 3 3 20 6 18 44 0 8 23 1 4 3 19 5 1 39 19
27 1 20 1 9 2 0 25 1 18 5 45 7 17 0 25 0 4 3 11 6 9 6 64 9 15 21 8 59 56 12 27 4 8 13 3 21 32 8 17 5 18 1 40 1 10 22 7 1 6 2 18 6 5 2 20 0 10 7 9 12 12 11 3 20 5 6 12 2 4 38 25 3 28 10
