25 75
-1 49 15 3 18 57 15 26 2 21 10 2 5 1 12 13 2 2 18 5 4 38 11 19 27 2 1 2 10 2 0 1 14 4 12 6 1 10 1 4 14 9 25 16 20 53 29 14 5 1 11 1 6 10 14 0 17 23 34 0 14 17 11 7 8 37 6 10 1 30 17 25 29 16 26
18 14 16 3 26 8 15 0 3 8 21 3 3 3 24 17 14 7 7 28 3 30 27 35 11 4 16 1 23 1 15 10 9 3 0 21 4 7 12 26 2 6 0 1 8 0 11 8 3 29 10 2 21 50 14 2 17 46 17 39 35 1 37 50 10 7 14 1 1 10 12 27 3 9 1
0 0 56 20 8 14 32 2 7 47 9 0 0 22 3 23 29 7 22 23 23 0 2 48 11 23 13 22 4 5 6 32 0 19 6 2 6 1 10 10 11 2 16 0 10 2 1 42 13 4 28 17 0 18 5 9 4 3 8 16 37 20 9 2 14 2 6 53 6 23 0 0 29 5 18
1 12 33 6 8 39 11 9 9 19 45 3 2 24 17 11 5 40 1 2 2 37 2 3 0 16 9 11 2 6 3 29 9 15 2 9 36 1 8 6 14 31 10 15 0 15 2 30 11 34 19 9 18 18 1 1 26 5 57 19 28 0 1 28 11 13 5 1 1 24 33 6 8 0 3
3 18 0 8 17 22 30 35 15 12 23 4 4 11 1 1 23 0 25 11 21 1 16 2 9 19 1 24 3 3 3 26 3 16 4 27 17 1 1 4 23 0 6 7 15 1 36 24 4 6 34 0 5 27 17 6 28 10 27 3 4 23 25 9 20 17 21 17 6 5 1 38 24 41 6
2 2 11 6 8 18 33 9 5 14 3 74 17 18 29 21 11 2 5 1 15 3 3 21 19 16 15 1 18 2 3 11 0 46 37 28 7 9 3 2 20 23 27 0 4 48 1 10 15 6 12 7 5 8 7 5 5 13 2 2 2 4 38 24 7 2 7 5 24 20 0 4 66 13 16
20 22 10 6 21 4 2 5 45 5 26 15 3 1 5 20 4 2 3 1 11 7 16 30 4 9 14 3 3 9 13 7 12 11 20 5 10 4 3 14 1 4 0 18 9 35 27 22 23 0 13 12 35 9 10 18 6 13 3 23 3 13 11 9 22 13 1 6 3 26 42 49 40 40 16
33 0 9 16 2 5 1 10 44 15 28 2 10 4 12 0 38 22 21 11 22 8 8 0 1 3 13 2 0 9 13 14 30 26 15 9 17 1 0 21 0 64 34 16 33 3 2 1 4 1 9 1 6 10 7 12 2 91 7 11 0 7 21 2 8 5 23 29 10 20 6 47 4 8 1
-1 5 0 6 0 26 2 4 9 8 30 4 9 35 4 0 9 1 6 6 34 4 7 11 31 3 8 2 22 7 12 1 81 6 9 21 11 10 38 18 26 2 50 8 16 12 4 10 2 2 13 43 12 8 0 16 7 24 37 43 12 19 3 27 11 7 16 0 24 16 0 2 2 7 20
27 3 13 2 7 57 11 32 8 0 27 27 24 10 27 3 1 6 36 22 6 2 6 17 8 13 11 64 35 12 1 5 5 5 12 0 7 4 9 36 2 4 5 20 11 5 14 22 10 0 21 9 8 2 20 5 3 1 5 1 9 62 9 5 5 11 14 5 11 21 9 17 16 4 33
19 26 0 6 2 9 9 2 3 15 8 0 7 5 1 0 22 54 25 1 4 12 6 40 3 26 34 28 15 2 8 18 12 0 2 15 12 7 0 1 29 4 23 3 7 8 9 48 7 46 14 5 22 1 62 10 27 12 10 1 10 2 13 10 26 4 5 4 12 15 0 11 64 3 14
7 0 8 26 13 10 28 12 20 35 0 12 8 3 9 5 11 0 29 29 11 38 1 6 29 4 17 12 2 3 1 9 2 8 3 0 13 0 12 0 8 3 44 6 10 35 5 8 23 41 33 9 5 8 50 0 6 11 20 4 11 34 5 24 27 7 0 41 3 19 5 6 12 40 1
1 8 7 25 13 1 36 2 10 71 2 71 2 19 4 5 15 3 21 15 43 6 32 25 3 8 28 0 2 9 12 9 0 0 0 3 36 16 29 9 9 0 7 17 26 6 15 5 1 14 17 1 1 25 1 3 2 26 10 2 2 13 15 15 11 9 25 17 33 16 0 5 5 41 4
2 13 0 0 2 25 8 1 40 7 15 26 15 49 56 5 24 6 17 0 28 3 1 3 23 43 25 27 27 4 3 38 25 7 16 2 20 16 5 11 3 8 9 3 3 15 21 25 37 9 3 0 1 9 2 3 3 2 9 10 2 1 18 1 21 0 3 15 7 35 0 4 52 4 24
0 7 12 10 27 9 13 9 2 9 1 15 107 1 42 11 0 1 14 9 48 11 19 3 23 6 10 11 0 16 5 15 23 3 21 11 3 1 0 23 2 9 9 9 11 57 27 0 0 0 18 19 11 51 13 0 16 23 17 0 1 4 4 1 5 15 4 10 31 33 2 8 10 20 9
0 11 0 37 5 40 12 21 23 3 0 0 12 9 0 25 9 55 8 30 6 3 9 5 18 0 4 5 16 34 2 7 58 40 21 1 18 17 4 16 2 4 8 9 4 26 15 3 2 14 1 0 27 10 1 19 2 8 11 23 24 12 22 0 27 42 28 7 6 1 25 19 4 8 2
1 9 4 29 3 19 61 14 3 23 11 7 9 17 3 10 37 7 37 11 8 0 3 0 4 10 14 2 48 21 9 25 3 9 27 36 2 4 25 0 13 17 3 21 17 2 8 14 1 19 1 17 6 9 36 11 2 5 3 5 9 31 7 27 48 6 5 47 9 1 0 8 15 1 11
14 2 6 0 1 9 1 5 5 29 27 4 7 28 7 14 19 62 2 14 11 9 9 5 12 4 10 2 0 21 40 21 5 36 22 42 17 20 5 34 8 14 8 1 6 35 13 7 16 30 0 10 15 5 5 22 10 33 24 10 1 0 28 4 5 34 33 1 1 10 0 11 5 0 14
2 20 11 14 31 18 19 41 4 9 11 2 8 0 18 11 2 9 17 23 0 13 1 20 1 10 11 11 1 34 16 60 10 3 17 15 2 6 0 0 1 7 2 8 11 43 4 23 5 14 5 4 9 18 32 11 2 18 7 4 4 13 28 18 3 10 4 12 9 39 8 11 81 3 28
4 16 2 4 5 15 0 0 76 1 8 19 1 4 0 2 41 7 10 9 15 12 14 20 15 10 6 16 14 0 2 7 8 62 14 7 10 1 0 3 0 0 22 5 20 4 57 7 38 13 21 24 6 10 30 57 32 1 4 8 12 7 21 7 6 18 9 4 13 24 30 10 6 10 4
45 5 8 3 5 0 11 5 15 36 3 1 29 20 22 23 31 0 4 38 17 6 12 27 5 14 12 6 25 22 7 28 9 35 19 11 2 4 21 4 3 14 3 4 8 23 5 3 0 35 8 3 1 20 21 32 38 6 13 6 1 30 2 0 44 12 7 0 15 7 9 2 2 0 33
7 3 31 5 1 5 10 14 0 1 3 17 13 0 11 31 6 5 17 4 20 5 12 20 5 7 10 0 31 18 4 4 4 11 35 11 4 17 18 0 11 70 13 21 20 1 4 54 8 17 0 71 4 1 8 0 8 17 5 11 0 69 7 5 8 1 55 1 31 10 30 7 0 0 12
7 1 11 59 9 0 70 6 4 4 3 4 0 24 28 3 35 0 22 18 3 2 1 45 6 6 14 17 8 10 23 0 20 12 8 7 16 13 25 1 37 13 3 6 12 11 0 10 4 2 3 52 7 15 6 19 0 25 5 2 7 23 9 9 9 0 0 25 1 55 19 19 5 40 2
7 0 4 2 23 19 35 7 14 7 0 16 12 15 1 4 0 29 14 20 13 6 28 17 44 10 1 19 3 0 13 7 9 15 0 41 5 7 3 13 1 45 1 14 2 0 10 14 22 45 49 6 7 6 47 5 2 18 19 7 11 3 11 13 20 1 1 20 16 28 15 1 21 20 16
12 3 41 66 5 2 4 18 30 27 1 11 2 13 23 8 6 12 34 2 4 10 14 1 1 34 7 4 6 45 19 11 16 16 20 0 2 7 11 5 2 1 23 7 11 15 13 0 0 2 7 21 21 2 31 13 18 32 2 1 11 34 15 6 23 1 16 28 1 6 30 20 7 13 14
