25 75
4 5 3 4 5 16 12 24 6 1 17 6 26 8 8 6 0 2 20 16 21 1 6 5 4 20 2 1 4 7 24 41 5 11 21 13 1 2 36 8 27 16 21 11 9 4 19 1 31 23 4 32 27 6 79 4 9 0 16 12 35 1 10 39 7 49 22 0 0 23 9 1 18 9 4
22 18 10 2 21 18 6 26 1 10 56 0 10 1 0 5 0 27 45 0 7 5 18 3 12 4 8 7 3 29 14 42 10 4 2 13 3 4 5 2 37 16 53 18 17 3 19 30 0 5 9 15 32 21 29 3 0 12 7 21 11 7 21 28 7 4 14 16 10 15 2 16 23 0 6
27 33 3 3 49 6 8 8 34 3 33 10 17 0 2 10 26 7 8 1 13 6 4 8 11 9 12 9 18 5 2 8 0 0 38 46 2 17 14 18 0 2 18 99 1 1 5 15 30 28 18 10 10 9 8 1 0 7 8 5 16 5 22 3 0 40 30 0 19 16 6 4 1 3 32
10 11 32 18 41 14 10 12 37 5 6 0 4 36 9 17 7 1 19 0 8 15 4 25 2 1 22 22 15 2 24 7 2 7 9 5 2 0 17 4 15 3 5 27 1 22 9 8 8 44 7 4 35 13 0 9 15 21 36 6 26 24 40 13 3 4 1 24 15 9 0 0 40 1 30
8 0 3 24 16 9 56 3 14 3 9 32 2 8 6 3 36 2 20 12 25 8 11 1 4 28 21 15 10 23 9 15 22 9 7 10 8 56 7 5 12 0 51 9 11 17 0 2 1 13 3 10 52 4 6 3 2 2 9 3 39 5 6 3 3 7 29 13 0 13 10 39 7 3 53
7 7 2 14 10 23 1 41 6 21 3 21 6 19 3 9 6 11 16 1 0 50 0 25 0 24 1 27 11 11 7 24 2 70 4 10 31 11 0 11 4 4 22 32 13 10 0 12 4 7 11 14 4 19 1 38 7 5 56 18 1 23 15 22 6 8 7 1 41 10 8 1 20 5 5
28 2 4 15 14 16 21 7 31 23 7 7 2 9 28 1 24 0 5 18 2 6 27 15 8 0 32 4 19 2 50 8 6 18 1 17 17 8 5 16 41 6 4 1 17 16 12 1 3 5 0 21 33 13 5 59 32 2 20 23 5 9 51 11 30 7 11 4 9 0 8 0 5 4 9
2 13 14 6 70 13 29 18 22 12 1 7 9 12 7 8 99 13 1 2 41 7 11 21 1 18 26 16 25 14 39 1 4 23 14 9 10 0 4 11 15 18 11 13 2 3 5 8 7 1 19 27 0 25 20 8 7 16 1 2 4 2 16 7 7 3 6 35 2 7 22 6 9 12 1
5 24 15 31 17 2 2 9 9 12 42 1 1 14 33 15 25 1 7 8 3 21 7 16 10 13 9 16 4 31 69 4 26 6 35 5 34 18 6 5 5 24 21 1 20 11 16 2 0 19 7 32 0 12 7 11 0 12 40 6 15 1 11 16 9 5 3 16 2 3 5 6 0 19 32
49 4 9 10 2 0 11 1 2 5 16 44 11 59 0 38 19 9 23 5 2 44 10 6 4 8 3 8 13 6 15 33 14 8 2 13 0 55 3 14 3 14 14 8 14 8 0 39 11 0 46 28 31 3 7 6 21 13 1 1 7 3 15 4 12 10 32 2 12 7 7 7 3 31 2
16 3 3 16 13 14 0 10 6 27 3 0 18 10 7 0 29 8 20 6 2 24 8 3 0 19 3 20 11 14 10 5 11 0 9 32 3 20 18 9 0 37 39 9 21 28 28 24 2 23 18 52 5 0 25 11 1 10 2 5 4 7 1 6 7 22 8 45 16 60 20 3 11 11 9
0 12 2 48 1 18 3 2 2 6 20 2 0 55 3 3 3 13 38 9 19 29 10 32 38 6 8 18 19 9 0 11 3 27 0 11 0 13 24 31 7 14 6 4 14 0 3 47 0 5 0 28 8 6 16 55 45 4 2 1 5 16 17 0 9 29 14 0 5 15 24 14 15 4 20
27 2 3 17 1 7 59 11 10 0 3 7 14 3 98 18 52 12 1 6 13 6 0 11 16 0 33 0 3 13 4 0 16 10 7 6 14 53 19 20 3 8 1 16 8 3 6 2 6 9 9 29 11 14 12 3 6 15 3 5 6 67 2 7 14 13 20 0 6 20 5 3 14 28 31
2 4 6 3 5 12 6 5 7 1 6 31 33 9 9 13 35 5 35 3 5 64 8 7 4 7 6 52 7 14 7 1 7 8 43 7 4 0 5 29 25 6 5 9 0 0 28 9 1 17 59 5 25 8 12 8 57 3 7 3 3 7 2 1 0 38 17 2 32 0 14 38 19 17 8
-1 15 0 14 27 0 3 47 8 1 16 3 18 26 16 31 5 96 1 1 17 12 5 19 3 10 20 8 23 11 19 0 31 12 0 0 18 15 1 18 8 3 10 25 15 9 27 55 6 35 6 15 2 2 7 0 1 3 58 18 7 35 17 8 18 11 3 5 1 4 8 1 3 3 2
14 0 42 10 5 4 0 29 6 4 2 0 1 1 7 34 0 4 7 11 15 11 3 1 7 6 64 6 10 6 27 0 15 32 9 3 15 6 72 7 6 5 0 4 7 7 19 6 48 5 15 20 10 6 26 7 0 6 29 36 39 21 8 9 3 26 9 1 16 0 23 22 25 2 38
5 4 52 5 2 29 5 12 22 0 6 15 2 12 7 10 33 1 0 12 0 1 20 3 3 22 5 11 4 12 26 3 3 2 10 5 1 0 3 24 23 0 12 16 4 8 44 15 11 14 35 2 2 4 4 11 12 5 15 18 41 65 62 20 38 7 10 4 0 2 15 9 43 33 4
0 16 8 20 3 2 17 0 3 1 28 28 11 3 22 15 11 5 1 12 2 6 5 29 8 20 14 23 17 5 2 9 10 4 7 12 5 36 44 1 0 34 11 11 26 5 29 39 21 33 1 20 7 14 10 11 5 1 41 3 11 4 39 8 25 5 2 7 5 14 16 43 11 7 16
18 1 11 1 4 8 15 60 17 3 20 28 16 5 3 7 56 19 5 4 7 0 36 2 12 7 29 10 17 11 3 9 15 4 18 6 31 6 5 15 32 13 6 5 4 21 21 3 1 35 10 6 12 20 26 5 18 18 6 8 0 4 9 10 11 24 6 0 9 19 45 5 3 4 37
59 15 2 4 0 16 24 5 0 1 17 4 4 7 35 1 0 28 26 7 37 39 0 5 55 2 48 9 4 9 1 3 9 10 4 8 25 0 11 4 19 10 12 33 1 1 0 24 11 22 87 1 3 0 5 14 3 0 11 26 4 9 5 0 22 1 1 0 4 10 45 15 13 29 21
1 10 0 8 6 5 24 6 7 24 8 11 19 3 3 3 29 10 21 31 18 16 7 0 8 11 20 6 16 11 1 3 7 44 1 17 5 35 14 35 11 1 19 5 10 4 27 1 26 12 13 11 31 22 4 15 24 34 11 0 14 13 41 42 8 16 4 23 3 2 6 24 15 0 4
23 4 14 11 4 1 52 30 14 0 12 2 22 33 1 5 0 9 3 6 12 43 8 0 21 1 4 19 18 18 21 39 15 7 16 8 1 45 29 7 3 1 3 5 7 33 14 2 16 9 6 12 1 12 12 62 6 49 7 11 6 7 21 13 35 6 0 2 0 10 5 2 30 12 2
4 1 28 19 10 16 6 4 3 24 0 10 51 46 6 57 1 16 0 10 37 11 5 10 15 8 12 14 21 1 30 25 32 0 10 1 6 34 6 29 6 6 4 18 35 16 1 3 11 0 1 10 13 19 3 10 2 13 30 23 1 14 1 21 2 3 3 26 2 0 3 30 23 19 9
80 10 19 16 0 0 0 7 94 9 1 13 11 8 17 1 36 2 27 11 7 21 7 20 12 23 2 5 8 12 12 10 1 4 9 1 21 13 13 18 9 24 2 3 50 17 4 4 3 7 5 16 19 8 2 6 6 14 0 12 34 5 11 4 28 8 1 8 11 14 13 15 15 20 21
3 20 9 9 103 17 11 35 1 3 7 11 16 1 8 35 3 25 20 1 12 27 40 0 5 1 6 9 11 10 0 3 25 6 7 10 43 11 8 4 6 25 14 8 17 4 12 0 1 40 0 30 33 13 32 11 9 1 7 5 1 19 22 0 44 8 9 2 5 0 0 6 29 1 10
