25 75
0 14 17 11 19 24 21 2 22 9 19 3 3 24 2 6 14 3 16 10 0 13 11 28 34 14 10 0 1 4 12 8 6 54 4 30 5 3 5 5 18 2 22 5 12 44 37 18 14 9 2 1 39 17 34 26 3 28 5 4 21 1 27 10 2 25 0 6 13 0 43 0 2 14 10
6 2 7 47 2 7 12 18 13 15 7 3 13 24 3 22 5 15 33 10 2 3 13 11 2 38 0 10 63 8 14 2 23 23 31 14 5 0 10 6 4 24 12 9 3 3 10 8 12 6 47 20 7 6 9 29 5 19 4 9 17 57 8 6 30 5 34 5 27 0 3 3 2 12 3
39 3 1 0 24 23 21 15 2 18 7 1 2 59 3 5 0 8 7 3 12 1 15 15 35 5 6 40 2 0 13 5 38 8 0 5 3 8 1 27 6 1 41 18 51 15 72 24 4 0 16 22 17 9 11 13 10 20 6 11 0 11 27 13 1 25 9 16 14 9 1 12 6 1 8
15 28 19 20 1 19 62 14 0 5 3 9 25 2 2 15 5 0 2 9 2 42 0 8 15 16 14 23 28 2 13 9 26 47 11 21 3 20 2 12 4 2 7 17 2 26 0 14 0 7 2 20 6 37 8 2 8 15 7 13 13 5 4 25 4 11 36 42 0 43 6 8 11 10 16
-1 8 10 3 27 29 20 9 7 3 22 18 81 0 4 33 0 3 1 2 9 10 26 35 4 6 15 3 45 7 26 2 0 2 1 27 1 2 1 11 0 18 8 1 1 58 2 2 20 13 6 8 6 20 10 0 13 31 18 1 32 6 3 4 9 29 9 39 12 3 12 23 26 37 8
5 7 22 42 5 28 16 4 12 4 5 61 4 12 16 4 8 0 1 3 30 34 22 14 7 2 0 33 4 41 5 12 10 60 3 9 2 11 17 3 2 5 10 3 8 0 20 0 41 4 11 21 22 4 0 4 16 16 8 4 4 6 51 0 22 0 20 16 15 0 18 15 21 0 35
12 9 24 28 2 19 15 0 20 0 8 4 22 7 9 0 5 6 0 33 20 2 47 22 4 27 26 2 28 1 3 18 11 32 1 3 2 2 0 5 1 15 26 2 0 19 21 2 22 2 55 8 36 7 8 43 22 1 15 35 10 12 10 9 11 66 0 0 2 5 5 5 34 6 6
-1 2 6 11 45 15 0 6 7 0 5 4 18 4 39 26 3 9 14 1 5 0 2 11 20 4 2 16 2 7 56 1 1 14 2 46 14 59 46 24 7 2 1 4 5 46 23 20 23 12 14 9 15 4 4 5 31 2 23 35 3 8 12 9 5 7 13 8 21 15 10 12 12 25 9
2 11 20 1 7 2 8 6 5 2 6 16 18 45 11 37 6 8 18 4 7 19 17 2 2 28 4 19 47 8 26 6 13 6 47 22 16 63 17 14 15 3 1 8 23 3 6 20 11 7 22 1 17 4 5 3 0 15 18 8 26 5 9 13 48 29 1 5 6 15 9 0 1 23 4
5 3 6 14 5 0 44 10 3 18 27 15 3 80 14 6 6 4 14 21 7 3 13 4 7 44 3 11 0 21 13 31 0 1 20 5 11 5 0 15 13 2 59 1 0 26 1 4 67 1 0 2 7 41 2 25 17 21 0 13 1 0 1 18 37 33 27 8 37 11 6 1 0 2 4
1 15 21 3 10 22 27 1 19 16 7 6 24 14 8 32 33 16 16 21 0 3 6 24 12 17 11 9 2 5 21 3 1 18 0 23 16 38 7 6 7 10 7 2 2 21 0 6 11 20 0 35 14 7 15 31 11 14 16 16 0 3 1 11 12 16 29 31 21 13 15 6 14 21 28
9 0 22 5 49 5 22 19 35 0 2 51 5 1 11 16 0 27 1 4 8 23 6 0 35 5 3 29 10 1 12 30 12 23 12 10 25 31 26 12 7 29 12 18 5 2 23 8 7 19 59 3 6 42 5 6 8 1 9 12 18 16 5 4 11 3 6 2 8 16 2 5 0 1 25
8 9 2 11 78 11 12 2 0 4 0 5 35 8 16 49 10 3 1 12 27 39 25 13 5 5 12 15 3 2 1 1 1 10 0 46 11 10 22 20 1 3 3 11 25 4 11 8 2 2 9 2 1 17 5 8 13 12 0 36 34 15 2 8 17 2 34 32 25 11 11 73 0 15 4
38 8 14 12 1 51 72 11 1 5 11 1 17 17 2 8 0 13 15 20 5 7 11 7 33 5 29 11 13 0 48 6 27 3 2 3 0 0 5 19 0 6 38 13 2 5 0 27 21 59 65 7 2 12 2 5 1 7 6 3 3 23 15 0 9 7 35 13 0 4 0 22 10 18 9
36 26 10 8 38 2 23 1 35 38 4 4 19 0 59 15 22 25 25 1 2 0 10 6 32 8 5 53 2 18 1 8 10 18 6 30 6 3 9 27 4 0 0 1 23 3 21 38 14 2 12 3 12 9 13 3 31 8 9 0 0 2 11 37 0 36 25 13 1 8 2 0 7 0 7
1 34 8 9 26 20 8 4 3 13 1 14 1 14 4 35 0 19 2 28 38 20 0 12 11 15 4 21 21 41 1 31 10 1 24 14 1 14 2 25 9 3 2 1 0 28 31 5 4 13 10 3 14 11 1 6 1 22 14 9 21 15 25 48 23 0 5 7 30 19 1 16 10 37 6
5 12 4 14 34 0 7 1 1 20 22 11 34 17 27 4 0 15 12 0 1 2 1 0 5 61 4 7 12 19 31 1 13 62 8 22 10 16 2 19 19 1 2 4 3 61 2 1 56 15 14 18 14 37 15 2 21 15 14 0 0 5 9 0 7 4 6 1 10 0 48 39 10 9 2
7 3 16 26 10 14 19 55 0 15 17 6 6 5 10 18 32 7 9 15 37 0 18 4 18 14 15 0 8 23 8 3 0 14 24 1 15 0 4 0 26 9 0 0 3 12 17 36 15 11 12 7 23 2 43 14 1 54 1 14 19 4 2 3 1 45 3 21 7 6 34 50 2 2 5
10 15 11 15 1 8 5 16 5 37 81 13 10 25 17 55 35 2 0 22 11 12 0 5 0 5 21 0 9 1 6 2 8 21 1 14 0 0 26 6 10 11 3 10 14 12 21 2 2 12 11 2 30 16 6 13 28 0 10 13 1 13 3 9 11 49 14 36 5 7 53 11 8 11 12
8 28 3 3 10 5 4 9 2 44 3 1 37 19 4 7 15 43 14 15 33 0 1 4 27 11 1 9 17 66 5 21 9 17 12 0 0 12 11 14 2 4 19 5 38 13 23 27 0 20 17 38 4 24 4 19 11 8 5 14 14 11 8 5 20 6 1 30 3 16 3 13 22 5 4
9 16 3 9 0 9 30 14 8 26 2 55 1 5 5 24 7 36 6 3 18 3 8 1 3 10 23 6 9 10 2 1 10 18 27 28 11 36 9 12 33 3 2 6 13 13 14 19 16 2 1 16 2 0 9 67 42 21 9 7 1 4 13 9 12 23 2 34 29 2 40 0 9 6 8
19 4 6 5 15 0 2 30 24 2 3 3 9 3 0 23 8 6 25 10 5 17 1 1 22 34 30 1 8 13 21 21 59 9 3 20 17 0 0 3 54 35 20 21 0 6 10 5 1 11 4 11 0 7 25 6 6 1 17 2 13 4 9 5 36 8 25 22 1 57 16 42 1 19 18
24 15 5 7 6 13 5 7 2 20 8 8 0 34 11 22 17 0 6 3 47 40 28 2 25 16 45 25 30 18 9 1 12 0 10 5 15 22 3 12 28 10 27 48 26 0 3 10 32 19 44 0 0 6 31 2 4 3 2 27 0 7 5 6 9 2 2 10 5 7 19 6 4 8 10
6 12 5 1 9 6 13 20 22 8 2 12 2 2 2 7 5 1 1 0 9 17 2 23 2 30 0 35 17 43 19 0 31 52 26 5 67 11 1 31 54 8 43 3 1 4 27 5 31 22 6 5 0 0 9 2 15 6 5 21 7 1 12 23 19 7 24 8 0 10 42 4 6 11 2
31 9 7 1 19 28 25 5 32 1 26 17 3 3 6 2 4 2 38 3 9 12 0 11 5 5 0 14 2 10 9 13 14 1 3 4 60 7 24 11 14 16 0 18 11 11 6 11 30 15 8 10 19 8 45 24 6 41 21 10 0 0 0 26 58 6 4 13 15 20 8 39 0 3 8
