25 75
57 8 8 0 17 10 7 14 0 9 0 6 16 7 3 46 11 16 11 3 2 4 12 56 11 15 39 24 11 11 83 5 6 47 2 2 27 10 3 3 0 7 2 1 0 4 9 32 13 10 2 9 11 0 10 9 2 0 2 8 8 2 4 1 0 8 8 31 35 30 15 12 59 3 31
1 2 0 48 3 10 14 9 32 9 3 34 49 31 2 17 19 39 8 0 12 17 83 8 20 15 3 4 3 2 9 5 4 9 22 7 0 30 14 12 15 1 0 33 14 12 7 6 17 9 4 0 10 5 10 17 4 1 18 0 5 30 13 14 2 22 10 19 0 13 3 1 64 0 12
13 1 4 7 17 25 32 41 16 5 15 1 2 14 3 11 16 19 4 4 5 15 28 6 12 7 6 12 5 0 3 9 5 1 36 21 2 23 28 57 4 0 7 40 8 0 35 6 20 4 0 3 1 0 20 3 24 16 21 33 12 5 3 44 6 6 5 10 45 10 19 24 8 21 6
4 10 8 3 0 3 0 11 12 4 10 4 2 2 14 22 8 2 16 67 17 8 20 3 12 64 3 29 3 10 6 17 60 5 5 3 10 13 17 1 1 42 13 60 14 10 30 1 27 24 7 4 7 10 6 15 2 1 1 13 4 20 3 15 4 8 5 41 3 34 32 0 10 8 17
0 22 13 3 13 1 15 3 0 10 5 18 12 10 1 1 15 7 6 13 10 15 29 26 12 30 12 2 3 18 31 2 32 25 10 8 5 5 30 11 10 6 28 15 81 33 9 8 53 4 13 9 5 22 3 25 14 1 24 14 7 11 8 4 2 13 8 10 4 17 19 6 2 17 11
39 9 12 14 31 2 6 28 6 6 1 22 4 24 18 2 0 36 12 39 9 17 17 0 9 27 3 4 5 1 5 22 15 32 4 3 8 20 3 4 4 6 4 15 2 0 0 0 4 41 2 4 28 15 5 17 26 27 30 19 37 20 1 28 1 6 2 8 3 50 29 9 0 34 4
1 18 12 21 1 22 18 0 25 15 0 9 17 9 23 55 16 0 36 10 4 2 6 6 2 16 12 20 0 8 7 4 7 12 5 6 11 6 15 10 3 23 10 9 2 10 20 3 77 18 4 18 3 5 8 0 4 16 4 16 2 6 5 10 33 3 9 39 4 67 12 34 17 37 2
8 13 13 16 31 1 11 3 15 7 1 7 27 0 0 11 38 6 39 71 17 0 3 4 0 18 5 42 9 14 6 3 2 2 8 4 5 0 8 8 13 13 5 5 12 13 0 21 23 11 3 8 41 0 22 3 1 18 29 11 2 20 19 10 12 7 3 61 10 14 13 60 27 0 14
21 16 9 31 33 7 27 17 6 5 2 3 23 35 1 5 6 3 47 12 15 4 9 4 1 1 2 21 2 31 8 18 9 2 2 7 3 11 8 25 14 49 35 21 0 48 6 5 2 0 2 7 9 0 4 8 0 34 25 6 2 16 4 41 11 3 2 36 0 1 2 5 83 14 13
28 11 21 1 9 12 10 49 1 0 1 2 12 15 6 5 5 15 44 4 0 22 13 12 3 52 3 8 19 15 2 0 26 42 4 10 17 34 7 7 6 15 9 3 2 0 2 46 13 6 21 49 14 47 1 4 9 10 5 7 4 0 29 9 2 31 47 15 16 4 9 6 2 2 8
14 13 12 108 5 13 3 87 38 21 0 1 0 2 4 13 13 2 25 2 3 17 5 20 3 12 0 50 1 8 32 9 3 4 2 31 11 3 11 11 3 11 20 7 4 27 5 7 10 1 1 24 7 1 2 19 1 0 18 12 8 15 10 0 9 20 13 1 19 22 33 12 14 14 18
41 32 11 20 0 1 6 11 10 8 13 14 0 0 44 3 16 10 46 3 14 12 16 2 4 19 20 26 3 26 0 1 1 27 8 4 14 19 11 4 1 15 6 10 8 18 31 25 15 22 22 18 9 18 26 11 12 2 18 15 39 12 19 6 5 5 3 13 1 0 16 33 7 0 19
25 0 28 13 1 0 7 12 30 49 8 10 2 12 3 32 14 16 1 8 3 11 20 9 25 7 5 13 3 9 1 7 8 42 12 3 1 18 2 3 4 20 6 20 22 29 52 9 8 7 4 12 1 1 18 3 19 14 6 12 31 25 39 2 13 28 10 12 32 33 12 0 13 6 4
17 30 0 27 4 29 0 16 19 38 8 1 3 1 9 2 7 6 0 16 19 3 14 16 52 0 4 1 3 33 15 6 37 17 9 11 11 23 14 31 5 30 15 9 2 2 2 2 13 10 17 1 1 46 6 13 8 7 1 19 14 3 12 10 5 34 3 28 11 55 1 21 7 33 2
0 18 4 18 28 35 3 9 5 2 24 15 11 6 2 34 20 5 1 2 8 2 2 4 4 4 23 3 2 2 41 10 29 36 37 8 28 0 55 14 0 40 13 13 0 3 2 9 33 25 7 14 4 2 3 26 70 9 6 37 21 0 0 16 24 1 34 6 2 4 2 0 1 0 19
19 2 8 8 23 5 5 14 13 52 3 49 0 7 27 4 10 16 5 12 13 26 14 0 2 14 24 0 43 41 15 1 9 3 8 3 0 18 5 6 1 42 16 23 5 20 25 1 11 8 17 21 0 41 7 15 20 14 30 1 3 3 23 7 23 7 14 6 2 18 1 25 10 2 11
1 21 4 12 14 13 34 9 0 10 11 30 7 23 5 20 39 25 24 10 1 3 20 13 11 15 0 1 20 9 20 4 24 29 0 90 18 0 9 25 4 13 6 10 3 9 20 16 38 8 9 3 15 1 9 13 6 6 2 7 25 23 11 4 33 11 6 0 9 1 19 9 3 19 5
7 13 0 39 33 4 22 1 8 38 2 2 28 4 41 0 56 8 17 0 0 4 46 17 9 3 6 2 0 4 7 11 3 2 17 17 26 1 4 1 18 9 22 49 40 1 1 6 20 18 2 11 5 22 10 53 18 6 0 5 9 12 7 18 2 18 5 9 10 11 57 17 1 4 1
2 7 6 1 5 32 0 9 4 27 20 23 24 12 27 12 32 3 0 35 15 18 5 13 2 20 11 27 7 1 2 3 20 30 44 29 4 0 1 1 7 2 4 10 5 4 0 5 8 3 12 14 4 18 45 7 18 14 9 30 19 11 8 4 10 17 18 29 5 9 29 35 23 7 23
18 9 25 1 11 8 40 0 0 21 0 2 0 16 24 12 38 1 3 25 18 0 38 7 3 18 5 1 12 2 26 11 44 10 4 6 0 1 5 2 20 3 25 0 20 8 10 0 29 13 10 21 1 15 22 16 6 0 0 22 1 8 10 52 14 47 5 3 9 10 5 25 56 11 36
26 0 15 7 32 13 0 38 14 30 10 10 14 41 0 17 0 12 14 6 39 14 4 0 0 8 2 8 31 0 16 28 41 8 1 14 0 1 20 3 8 3 4 8 5 8 11 3 29 8 2 1 38 15 50 28 3 6 2 36 12 3 38 4 4 12 39 12 3 14 3 11 13 1 26
4 0 8 31 25 5 31 2 15 15 4 27 2 4 3 9 10 33 13 0 3 0 42 18 17 11 8 3 22 1 30 1 3 5 5 8 50 25 40 10 23 15 28 3 4 12 62 14 30 27 0 9 5 17 33 26 6 12 0 12 35 13 9 5 1 2 3 4 13 5 14 2 5 5 3
30 23 2 24 0 2 4 8 17 19 27 41 3 9 0 14 5 8 32 16 15 1 2 0 2 0 33 4 1 15 11 0 4 24 0 16 22 8 7 7 20 32 63 2 9 9 15 8 29 26 15 0 23 30 3 11 7 13 6 45 6 5 2 3 8 6 10 0 20 51 11 31 10 5 10
24 3 0 3 34 0 4 56 32 1 4 6 14 18 6 3 40 3 14 0 8 1 10 15 4 2 19 11 20 18 10 10 24 2 15 4 23 3 18 0 20 0 7 4 1 3 11 0 7 4 0 6 4 44 21 47 12 8 7 73 9 13 2 8 31 3 21 14 59 51 7 3 7 4 7
8 6 11 29 8 47 6 23 0 3 11 2 15 28 35 3 13 22 43 19 7 2 1 2 3 38 0 36 6 0 1 12 2 4 6 41 7 18 12 10 11 1 41 1 6 51 21 9 12 6 12 25 21 12 10 6 7 11 4 15 19 9 26 8 9 12 16 19 4 19 9 3 9 9 7
