25 75
7 7 1 3 51 12 1 4 14 17 8 1 102 30 5 1 15 10 1 9 16 9 25 27 8 21 27 9 4 40 21 4 11 8 2 9 8 3 30 11 0 0 18 5 1 8 7 34 5 11 27 2 9 17 11 5 41 1 3 1 12 3 7 16 47 11 1 12 9 2 60 0 14 0 8
24 9 7 15 12 23 7 7 0 9 0 4 14 0 19 3 5 5 3 6 19 9 9 2 20 19 2 22 1 24 25 4 2 8 10 25 16 10 17 4 29 54 15 18 7 1 7 23 8 0 9 8 9 0 3 35 45 2 31 26 30 1 23 2 2 17 6 14 5 22 63 1 45 14 5
16 26 25 4 7 52 11 26 5 7 8 0 3 15 0 3 5 17 6 12 2 12 3 2 6 59 4 1 39 0 8 20 13 3 18 9 3 17 5 71 1 18 6 0 18 2 5 20 1 42 4 7 15 14 1 0 4 11 11 16 44 14 11 27 6 2 32 22 11 0 6 56 2 3 25
-1 10 2 2 11 2 19 13 8 8 28 11 3 24 11 7 4 10 35 0 0 6 2 2 10 5 8 32 9 17 0 1 52 10 70 1 0 53 2 8 19 1 4 0 92 14 17 6 6 6 50 7 10 4 15 3 35 18 17 5 5 27 0 7 4 10 16 42 17 12 0 3 9 10 14
20 1 18 1 25 36 14 18 4 29 7 0 3 6 19 3 14 2 6 16 34 17 19 7 4 1 19 8 23 11 38 6 0 9 6 29 3 0 14 28 9 0 27 34 27 16 18 4 2 0 5 24 7 2 0 25 4 13 34 20 21 6 5 10 9 1 14 3 25 4 36 19 19 6 33
4 5 15 10 0 38 28 5 3 10 3 9 27 6 3 2 19 19 10 19 13 9 17 6 4 8 14 0 10 8 29 26 5 25 0 8 19 14 2 26 16 1 15 67 5 0 3 12 28 37 17 11 0 9 31 1 26 35 0 44 0 10 9 8 0 0 1 16 27 2 2 10 68 4 7
18 9 2 10 5 8 7 15 1 56 0 9 52 3 8 24 15 13 62 6 2 35 1 50 12 17 18 20 18 11 49 3 13 33 7 1 6 3 2 9 1 16 16 27 10 15 11 1 27 18 3 6 41 2 21 5 8 16 4 1 11 2 10 1 6 11 6 1 1 45 15 5 2 1 1
-1 15 12 2 4 19 10 7 0 3 5 9 0 8 9 7 1 0 6 3 6 5 3 1 3 22 70 4 16 4 31 18 1 2 9 6 3 6 44 18 17 32 29 22 9 29 29 3 14 3 0 20 11 0 8 6 12 46 17 19 12 66 5 0 1 34 4 36 51 5 18 40 2 8 1
11 15 32 6 13 6 3 25 21 4 9 35 12 2 30 14 13 24 5 5 4 2 2 17 20 11 1 38 25 32 12 12 2 7 8 0 21 0 28 16 1 3 14 3 11 5 10 7 12 5 10 34 18 10 0 11 3 14 42 14 2 33 24 17 10 19 2 1 12 8 23 27 6 29 17
5 6 15 9 2 7 21 27 17 3 2 0 15 1 29 5 36 53 30 6 0 66 4 3 48 20 12 11 14 5 8 18 40 18 25 4 8 10 18 21 3 0 0 12 0 2 50 11 30 8 16 3 0 11 5 16 12 1 4 9 9 6 1 58 17 2 0 1 6 1 29 3 3 7 22
3 0 55 5 6 6 10 35 21 2 18 8 8 40 13 1 8 5 11 6 3 33 8 11 15 26 20 6 35 10 22 4 2 9 17 14 7 38 20 19 29 2 9 5 54 3 41 4 10 14 2 22 1 7 0 17 20 9 2 23 4 3 22 8 11 7 2 32 7 1 6 14 14 10 5
12 29 0 12 5 41 29 0 34 20 10 7 33 9 6 13 24 29 17 3 10 0 2 25 35 0 19 10 6 9 0 1 3 11 22 12 24 26 7 30 5 10 0 25 5 3 0 1 14 20 23 14 21 4 7 6 4 10 13 10 17 1 0 23 9 25 0 37 19 6 25 0 42 2 14
7 34 20 11 25 10 33 21 4 0 0 28 41 3 2 3 49 7 3 1 5 24 14 2 12 9 11 24 14 18 1 4 72 22 10 12 9 13 1 1 14 15 4 2 4 8 5 39 0 1 0 0 0 0 9 8 1 42 6 7 14 18 5 12 26 2 27 5 32 6 29 12 41 2 24
52 29 9 0 15 23 8 14 1 13 32 5 11 4 16 12 0 4 1 18 29 10 11 31 4 39 1 2 15 7 13 0 11 8 12 16 8 3 3 37 53 1 31 13 4 3 5 13 5 1 18 4 36 4 2 8 25 19 25 13 48 0 6 23 9 35 12 5 0 6 1 21 5 3 16
53 17 16 0 2 9 3 2 5 5 4 14 38 46 39 18 3 0 1 0 2 5 24 3 17 2 7 10 14 12 1 4 7 15 6 8 6 9 1 19 4 16 0 5 0 4 1 10 9 4 57 7 18 6 10 42 13 15 6 30 15 26 1 33 0 6 24 46 17 21 0 30 30 29 18
8 7 6 0 12 12 23 6 30 26 43 8 13 28 4 5 0 22 36 13 4 16 10 25 30 10 4 5 19 22 4 0 22 18 1 0 6 4 8 11 3 47 1 7 12 1 26 3 12 11 43 35 8 7 10 3 1 16 13 30 6 4 9 13 9 16 7 0 2 22 40 5 15 14 28
4 4 2 15 46 6 3 4 3 25 12 8 2 5 11 18 10 7 0 98 8 19 26 5 0 19 5 3 22 45 9 24 6 3 33 7 1 21 0 1 21 2 45 3 17 23 9 14 3 12 7 1 0 8 3 5 0 24 2 5 27 18 5 5 17 1 11 52 19 23 49 9 1 0 19
-1 12 1 6 1 11 42 5 4 32 1 17 1 9 25 4 10 3 14 1 16 27 0 10 6 0 7 26 5 11 32 0 20 26 10 24 17 11 12 58 11 40 29 21 17 8 1 26 37 9 6 9 12 7 4 3 2 2 10 6 28 1 36 1 5 19 5 40 14 23 25 15 10 0 2
8 11 22 55 6 10 16 2 11 28 30 1 4 19 14 10 13 3 4 2 10 31 4 2 23 6 14 7 94 14 16 21 8 16 19 3 17 2 37 0 6 4 12 2 13 3 12 1 3 4 1 27 0 7 1 20 30 6 3 0 24 20 9 2 6 14 1 3 22 44 14 4 29 1 39
18 3 7 14 5 9 41 0 7 6 27 10 16 44 13 11 1 4 0 15 5 15 0 2 34 2 7 17 3 30 3 26 58 11 28 6 3 11 12 23 13 11 5 31 12 36 1 1 35 2 6 24 21 0 2 2 3 22 0 6 6 7 1 6 6 0 24 13 1 7 13 33 8 82 13
67 7 8 5 2 2 47 0 20 16 25 8 4 7 24 11 1 18 1 0 0 24 2 3 10 10 1 35 12 8 37 7 4 6 33 23 23 19 20 11 7 39 7 26 9 28 13 18 4 36 5 20 12 2 7 1 10 0 0 6 3 16 22 11 43 5 3 2 2 39 15 2 1 20 5
-1 5 2 14 20 6 8 14 0 46 0 9 16 22 6 66 1 10 0 8 17 3 4 68 1 3 18 8 20 20 13 17 10 0 18 18 44 34 33 3 13 1 18 16 15 2 15 6 15 4 3 33 24 8 20 5 1 21 17 2 3 1 41 0 30 8 0 6 2 47 0 4 5 7 3
21 3 6 34 10 12 7 14 8 20 19 6 32 24 3 6 2 1 45 4 4 5 5 21 1 18 17 3 11 11 24 47 26 3 10 24 8 0 14 13 5 39 3 2 5 0 26 10 1 18 2 2 4 24 6 66 24 3 8 0 8 1 3 21 17 4 12 30 23 6 46 25 13 0 1
37 16 6 7 36 1 4 9 21 37 17 28 14 0 7 13 10 8 31 12 15 3 3 23 17 20 0 26 5 1 11 24 1 36 23 0 22 20 3 10 4 5 18 31 2 19 40 0 10 11 22 1 25 3 14 25 0 1 17 4 7 20 5 2 18 9 8 34 1 3 15 7 3 25 14
35 7 5 15 4 7 0 14 15 83 10 3 7 1 4 14 63 16 7 29 6 20 1 4 2 6 12 0 23 43 4 5 31 16 28 83 4 1 2 22 0 5 6 2 34 20 3 3 11 5 6 26 25 10 1 3 2 3 6 14 9 32 14 2 27 25 11 1 9 4 0 3 3 12 11
