25 75
31 48 18 1 19 21 3 24 1 15 1 19 3 17 15 36 9 11 14 22 10 9 16 2 15 6 41 8 27 10 29 10 19 41 0 1 26 6 26 16 8 14 0 9 1 15 10 6 11 8 4 25 22 7 9 3 3 26 3 16 3 39 12 10 15 6 7 0 11 4 11 9 14 3 10
0 9 5 37 3 11 7 10 2 18 8 24 0 32 36 0 35 1 8 19 30 55 6 9 15 18 18 10 13 1 6 8 10 9 22 2 3 1 23 15 5 12 6 35 3 6 1 15 13 6 13 27 26 6 24 20 16 1 28 49 18 9 10 5 2 7 11 4 6 44 2 4 8 16 3
9 9 9 23 25 5 2 11 28 15 2 4 39 15 5 3 10 3 14 0 0 15 46 5 7 2 13 13 20 5 7 0 47 4 12 7 0 3 2 36 22 20 4 20 12 0 14 1 21 16 7 2 16 41 18 45 1 1 13 17 7 6 31 29 14 0 17 9 11 17 3 2 15 0 73
0 24 20 4 0 27 0 7 0 4 7 56 19 10 2 8 5 21 32 8 50 12 33 2 5 20 10 5 2 19 7 74 1 18 0 2 20 41 10 1 7 22 7 13 7 5 1 9 6 4 4 23 33 37 2 10 0 13 12 6 8 3 2 20 6 8 8 6 17 9 2 10 11 32 51
10 15 0 5 10 50 18 42 1 17 24 3 0 22 13 4 28 14 6 13 21 15 11 4 3 1 0 2 6 15 11 3 19 12 33 4 36 2 4 23 6 32 2 2 2 9 62 25 4 8 15 14 7 7 6 17 12 14 2 5 35 3 18 30 0 2 15 9 0 6 16 31 40 14 10
2 60 4 21 2 3 22 2 0 4 12 26 2 2 24 58 1 31 12 5 5 18 24 17 8 18 5 7 15 11 1 0 27 12 10 2 28 13 63 10 6 3 17 5 14 15 0 0 0 11 1 2 45 52 0 23 7 37 20 28 17 4 5 35 1 14 3 12 0 10 12 0 6 4 4
8 15 19 13 5 23 26 14 5 5 54 3 63 5 16 14 14 5 0 19 4 3 16 6 8 3 25 6 3 17 18 4 32 8 26 23 5 5 40 14 27 13 39 16 25 1 7 1 18 2 8 4 15 0 12 11 9 0 10 12 25 0 5 4 2 20 20 51 15 0 19 3 1 5 8
11 10 16 9 41 4 4 0 30 7 21 2 6 0 4 4 2 7 3 10 0 32 30 20 22 5 0 5 50 2 5 35 2 10 11 3 15 13 3 5 33 14 16 19 22 32 5 17 11 2 8 22 7 5 2 5 18 12 40 19 43 25 7 37 4 17 14 1 13 13 19 9 13 15 2
7 16 23 28 3 4 10 16 5 7 0 12 12 40 9 6 28 20 1 0 48 13 19 44 16 13 8 1 1 37 1 0 7 25 26 16 17 15 3 5 10 22 20 24 6 21 5 1 0 8 3 14 30 9 35 0 37 5 1 18 11 0 8 1 5 60 14 1 22 6 8 0 1 6 26
11 15 15 12 25 23 15 1 7 26 5 10 2 12 3 18 14 40 0 32 27 16 26 23 2 4 5 17 5 13 2 6 6 27 40 18 2 1 0 18 8 1 3 2 32 33 1 12 41 8 7 20 32 7 15 5 3 2 2 10 41 25 35 7 4 19 1 5 0 2 6 9 29 18 11
17 4 2 14 11 5 3 11 33 18 3 4 6 5 4 0 15 20 3 2 19 11 4 22 1 30 14 9 3 6 40 3 36 0 46 8 62 9 14 47 12 0 1 18 1 1 18 41 21 36 1 2 9 7 17 2 7 17 23 6 11 13 9 13 18 15 2 24 24 5 24 8 2 21 7
27 9 13 24 13 10 8 14 53 10 21 2 2 11 21 1 17 3 7 9 7 5 8 29 21 5 6 8 18 15 18 23 3 59 1 5 12 6 2 14 23 16 0 17 6 8 4 1 27 53 34 17 25 0 19 0 3 14 51 27 24 4 2 10 0 20 10 4 0 12 5 10 10 2 2
70 7 45 5 0 5 17 14 7 5 23 5 14 17 2 1 11 2 26 1 4 30 8 1 1 0 0 12 29 1 35 10 0 12 7 9 21 10 18 4 1 0 9 23 13 37 6 5 2 46 30 14 11 41 4 1 29 15 31 1 11 13 8 1 38 10 8 19 27 12 8 2 6 24 5
6 3 5 84 11 1 1 54 11 4 7 4 5 6 17 14 9 15 5 3 11 3 8 25 4 4 4 1 16 6 24 16 0 4 45 5 16 8 22 17 11 14 29 24 0 17 18 3 5 25 29 48 8 4 1 11 20 21 30 33 3 3 10 4 12 0 10 20 4 5 2 11 22 20 19
4 7 24 7 11 1 13 8 7 0 8 21 1 0 15 31 47 23 18 3 21 1 5 16 27 2 10 15 20 11 1 42 0 2 0 12 5 1 6 2 13 16 4 11 59 4 34 14 9 4 6 29 6 4 16 14 14 11 35 12 20 34 19 5 42 35 10 1 24 2 2 3 25 4 11
41 4 13 2 2 15 11 7 21 42 7 16 4 17 15 10 8 0 21 2 6 22 31 22 16 48 39 4 4 6 6 10 18 27 6 1 32 3 27 3 26 4 18 9 9 3 0 16 15 14 11 15 22 6 8 7 10 2 0 9 7 2 46 14 13 0 9 6 2 3 8 50 2 27 18
29 16 39 11 13 39 8 8 3 1 22 7 17 1 11 18 12 21 27 12 10 4 15 61 37 6 18 13 1 19 19 4 8 5 7 8 2 14 5 30 16 5 17 0 9 10 3 6 8 2 23 7 1 1 50 11 7 15 8 38 13 0 14 11 10 4 10 6 3 35 21 15 9 0 11
7 7 0 13 3 20 4 29 7 28 0 10 1 1 7 26 0 7 47 69 5 19 9 5 3 6 38 49 12 5 0 50 6 40 2 11 6 5 14 18 3 5 42 19 13 30 37 0 0 0 2 9 17 14 10 5 5 28 2 12 17 23 11 7 21 11 6 0 0 1 6 3 12 23 17
-1 1 4 10 6 32 24 9 3 6 6 12 8 20 6 27 4 24 4 24 44 21 7 2 3 0 35 1 6 13 2 7 5 24 6 1 24 28 21 22 15 7 20 2 47 16 0 27 15 54 7 57 3 0 4 9 1 5 12 6 27 13 4 40 16 8 7 2 22 3 2 2 26 10 10
1 4 3 5 17 14 2 40 9 4 3 21 1 0 3 3 5 0 0 19 19 9 16 4 63 53 32 17 17 17 0 33 2 0 47 29 3 49 20 37 0 0 4 17 0 13 1 3 4 9 18 41 6 23 3 19 30 21 19 15 5 0 8 15 7 1 9 8 12 6 5 29 11 16 1
15 1 54 13 52 41 0 25 1 18 15 58 8 3 7 8 31 19 2 0 2 3 1 22 3 4 2 11 3 1 7 44 17 11 14 13 1 26 20 36 3 8 4 4 15 1 23 14 7 3 17 2 1 1 0 7 15 23 4 39 14 2 16 6 23 14 30 21 6 0 28 0 1 34 2
1 76 6 34 0 14 2 13 0 0 13 36 20 10 7 14 0 4 14 3 12 3 19 11 4 0 3 5 9 0 17 36 0 8 1 1 2 10 1 4 4 68 2 101 3 19 5 11 22 15 0 8 8 33 27 7 3 38 6 28 7 2 17 9 47 9 13 5 4 0 48 2 12 1 3
16 16 6 19 9 9 1 28 34 11 1 7 25 6 25 39 22 9 4 0 1 3 16 3 10 32 16 2 11 3 29 9 3 7 12 22 2 1 20 0 17 15 3 13 38 9 2 2 8 41 17 17 10 15 6 2 6 13 26 1 5 34 1 13 1 47 4 11 1 30 7 47 6 38 5
13 48 10 16 12 0 2 6 10 3 4 17 22 4 4 50 2 25 2 7 20 33 25 3 33 0 25 1 11 3 1 1 10 3 12 0 13 0 23 13 18 4 0 7 10 36 8 13 24 12 3 39 43 8 59 41 13 6 15 8 0 21 19 2 4 5 25 7 11 14 13 7 1 3 14
11 0 51 38 14 34 18 0 9 38 0 1 8 14 6 1 23 6 7 12 4 19 13 1 12 37 6 2 4 3 1 2 29 13 7 0 0 2 1 11 2 22 33 10 21 3 9 14 23 5 5 17 2 2 6 0 16 15 3 15 10 33 9 69 2 24 18 76 18 7 3 3 22 4 21
