25 75
-1 3 15 50 24 0 12 35 24 17 12 29 3 4 43 6 29 4 20 19 19 4 0 16 3 11 21 7 4 19 11 5 0 15 15 10 30 11 14 4 16 2 2 37 1 44 3 1 13 0 16 1 0 2 15 3 0 34 2 22 20 43 9 12 27 10 12 7 8 36 3 13 9 1 9
-1 3 3 0 8 6 6 6 10 10 21 4 7 1 3 10 10 0 10 3 2 1 5 12 37 18 21 1 4 9 0 18 36 1 19 5 7 30 63 0 0 1 1 17 3 14 16 36 15 5 39 23 3 34 14 2 1 30 18 16 63 4 0 81 8 32 21 20 14 3 20 3 11 10 13
9 19 0 27 15 28 1 0 14 6 4 35 9 1 31 1 1 1 1 4 21 24 2 2 17 7 0 1 4 5 7 18 0 3 16 0 17 25 33 1 11 3 7 38 31 23 3 6 29 25 14 66 1 2 1 9 7 7 11 27 21 20 4 65 2 12 5 12 8 37 18 5 37 10 13
19 4 0 20 9 23 58 7 15 4 10 0 7 19 25 3 7 6 16 10 15 17 37 16 23 6 3 0 8 7 1 0 7 14 43 1 35 10 19 7 1 1 6 30 71 18 8 25 1 27 5 9 7 2 1 53 33 2 8 13 2 2 2 8 19 15 11 21 20 0 1 24 9 10 4
7 10 3 1 26 10 12 12 29 28 10 42 1 40 0 14 29 29 28 7 35 14 34 22 5 35 6 5 11 8 1 27 5 1 1 15 5 2 5 13 3 20 8 29 11 16 15 6 4 4 20 6 65 8 0 6 3 1 8 1 13 18 6 2 32 2 1 6 6 2 31 32 16 0 11
7 0 3 27 6 17 19 37 8 13 13 21 46 21 13 1 4 27 10 25 8 3 22 9 0 14 22 16 38 5 6 9 3 7 2 6 6 3 8 13 34 31 3 2 14 1 0 19 5 11 1 39 40 5 0 9 45 32 5 24 18 10 6 13 8 17 14 1 0 22 20 17 5 0 11
-1 4 16 11 66 3 14 6 4 12 4 19 14 9 28 0 4 25 11 22 34 7 2 12 7 7 50 1 8 4 9 8 9 5 53 3 13 11 28 13 11 15 8 18 12 2 4 14 5 0 4 4 5 28 0 42 12 32 9 7 25 2 1 17 0 20 19 31 3 38 11 21 14 5 6
8 9 13 44 6 2 15 7 8 15 10 3 12 13 27 8 18 13 30 14 15 58 47 2 23 4 11 3 48 16 4 21 1 0 5 4 26 22 10 17 2 3 13 5 9 0 13 5 3 4 41 1 0 0 4 34 26 0 8 23 7 8 49 3 1 32 1 0 11 7 12 27 17 11 8
8 34 16 11 0 41 5 7 7 2 6 8 54 4 5 6 21 3 6 11 3 32 10 7 43 11 5 1 24 0 16 9 18 5 27 3 5 10 59 20 19 11 4 27 9 3 8 15 22 0 3 0 7 9 21 18 11 1 28 44 7 14 13 4 7 8 18 2 0 11 24 24 5 30 10
-1 5 3 1 1 3 8 4 7 53 0 27 1 48 9 1 2 15 14 15 24 36 7 7 38 5 10 12 20 14 14 30 21 17 16 22 45 2 18 25 11 0 3 4 23 38 2 2 5 8 3 16 20 6 1 13 11 10 28 13 40 0 0 5 6 5 2 13 14 10 28 29 3 10 19
2 6 13 17 0 4 8 27 18 4 10 14 11 22 0 17 12 6 18 23 22 7 5 0 3 2 27 24 18 15 53 11 23 0 5 85 8 11 1 1 0 0 16 10 9 3 16 0 28 15 30 7 4 26 16 3 14 8 28 6 25 10 14 12 6 5 17 1 1 36 23 24 15 4 15
46 95 12 36 22 6 13 23 12 35 7 20 23 1 21 12 4 0 9 9 5 1 0 43 2 9 16 4 8 8 16 9 43 14 1 12 10 22 34 27 6 15 8 11 3 1 2 1 16 15 1 14 1 9 7 3 7 3 0 12 0 5 6 3 3 14 10 16 5 10 8 28 12 17 38
19 17 24 7 13 5 0 5 23 7 3 1 5 28 7 10 28 12 21 39 16 3 4 1 2 14 5 18 68 5 18 10 5 44 38 34 4 3 3 1 40 5 28 3 6 33 10 1 3 10 4 29 1 28 18 0 15 4 19 39 23 13 12 3 3 10 36 0 7 6 10 0 7 1 3
25 2 6 7 23 1 2 16 1 7 0 14 18 11 0 19 4 17 10 17 4 11 8 4 6 12 22 0 56 3 25 6 24 20 41 7 2 2 14 5 20 6 1 23 2 5 19 7 43 39 39 0 1 17 15 17 17 37 25 9 22 4 30 1 9 9 39 5 12 26 7 11 1 3 7
1 20 7 50 11 10 10 0 30 5 9 7 16 16 10 4 3 2 17 6 9 14 15 14 11 16 0 31 24 8 15 16 1 5 0 1 0 8 6 3 4 12 14 3 52 31 32 10 24 15 15 54 55 0 10 5 0 10 27 2 24 20 12 5 8 25 5 13 11 6 19 7 5 30 4
1 6 12 1 43 16 1 29 1 1 2 40 9 9 6 10 8 2 9 12 19 6 24 10 4 14 1 18 0 46 0 5 16 42 31 7 8 12 6 17 30 1 0 12 7 24 14 38 16 12 1 3 26 3 2 9 0 13 2 13 54 3 8 7 21 42 0 18 19 14 17 31 19 14 3
19 7 24 9 14 6 0 8 1 29 12 1 19 14 3 10 3 35 11 1 8 2 2 0 15 0 3 2 91 1 8 5 3 10 33 18 5 11 15 3 5 20 5 14 9 36 5 11 11 4 26 4 16 83 3 89 0 0 20 13 7 2 2 3 0 23 35 0 7 1 34 4 5 18 24
3 24 8 5 6 6 16 12 2 8 9 1 51 5 17 5 22 34 0 3 0 0 16 8 21 2 8 13 7 43 21 9 47 15 1 39 20 7 9 26 33 30 5 33 2 8 15 1 7 3 21 23 11 14 13 34 8 26 21 2 11 2 3 9 18 12 10 6 23 1 0 2 16 14 14
15 7 30 11 12 14 9 4 24 13 14 26 38 2 4 0 4 10 1 23 50 51 2 27 5 8 7 5 3 32 0 0 3 9 7 2 20 29 7 24 9 23 6 19 37 7 22 0 0 9 9 3 13 1 29 17 12 52 31 2 2 1 0 0 15 3 9 28 6 16 12 1 37 6 11
4 34 26 37 2 8 80 3 17 23 4 6 6 26 2 4 11 2 16 1 18 34 6 26 3 3 27 40 29 22 10 19 1 10 7 38 13 6 7 18 6 7 11 23 0 0 23 0 10 6 6 22 5 24 1 3 13 2 2 5 3 0 29 2 21 10 7 0 2 1 6 14 8 74 5
3 18 5 13 10 3 20 9 3 16 8 3 5 1 26 22 3 13 7 66 14 0 8 0 8 13 23 7 18 13 4 3 25 81 5 21 12 10 4 21 71 19 8 6 7 14 3 5 12 8 2 22 1 8 32 12 19 38 0 0 7 3 23 24 0 14 23 8 8 10 6 6 31 0 6
11 4 9 14 23 18 47 45 24 3 17 2 26 8 6 0 1 8 7 28 13 23 43 13 1 4 3 20 2 17 3 15 78 10 14 3 13 8 23 24 15 1 15 6 28 15 16 9 2 16 7 31 5 8 2 0 7 5 1 24 25 6 25 14 0 25 3 1 25 2 3 9 1 11 6
-1 12 8 0 1 8 2 39 2 6 18 17 9 26 25 8 10 5 0 1 0 3 7 3 2 11 54 2 9 39 3 29 12 13 5 30 68 4 2 0 3 15 19 19 27 29 3 20 6 12 4 0 30 3 12 4 4 3 5 13 56 33 15 31 17 29 14 12 10 15 2 21 1 0 21
9 8 11 1 20 12 7 9 34 3 12 7 5 19 17 16 21 10 2 3 8 8 16 17 26 33 6 10 14 5 8 14 2 17 28 12 41 13 0 15 0 11 20 0 16 8 7 5 1 4 5 41 2 9 8 62 8 8 48 3 30 2 11 10 20 12 3 0 6 60 2 30 14 13 2
3 6 0 11 13 14 45 9 38 10 6 3 0 14 4 5 17 7 6 5 32 5 14 14 15 9 8 19 53 0 3 19 30 5 1 9 14 31 15 12 3 5 35 3 10 1 37 1 10 19 10 1 2 9 17 16 36 5 24 1 48 8 54 0 7 12 37 16 1 23 12 6 1 1 5
