25 75
3 10 1 3 5 24 26 21 6 3 20 10 18 6 16 40 58 9 23 13 6 4 7 6 23 14 27 8 4 8 31 2 44 7 5 1 18 14 10 0 20 3 29 6 4 42 3 5 7 20 29 32 18 54 5 30 11 24 0 0 0 0 3 25 10 5 0 0 3 1 22 0 15 17 3
8 6 10 1 24 8 1 7 3 8 20 29 46 5 25 10 5 8 8 5 56 16 26 16 67 1 5 2 14 7 37 34 4 4 10 1 7 1 4 6 13 0 3 1 14 0 3 3 6 9 6 4 14 32 6 60 3 17 8 19 10 14 21 11 9 8 3 7 31 8 8 10 25 42 17
11 18 5 11 7 17 3 8 4 24 6 6 5 4 32 15 1 19 28 9 9 4 5 1 0 4 32 2 25 19 1 7 8 25 0 25 27 1 27 25 43 28 4 3 4 13 0 71 0 10 34 17 12 12 0 13 32 9 21 3 15 19 7 8 14 28 18 26 13 2 4 7 0 28 2
-1 12 8 2 55 0 6 22 14 33 10 4 23 3 1 13 10 1 4 18 1 25 3 22 13 5 2 22 5 23 5 26 17 3 20 3 8 4 0 20 24 23 6 24 6 7 13 4 20 0 6 16 5 9 2 20 26 1 3 29 2 8 4 9 2 9 0 22 0 19 12 160 16 21 7
22 19 12 6 25 3 2 10 2 3 17 0 9 19 0 11 20 7 25 0 2 8 3 0 2 7 9 18 5 10 11 5 15 30 11 40 12 23 11 3 42 27 25 9 2 44 25 16 0 9 9 64 1 25 41 17 16 6 0 20 9 11 5 11 2 3 22 10 2 18 31 17 12 0 12
26 5 4 0 6 2 6 2 2 20 14 8 27 5 30 14 10 26 29 13 38 7 47 0 16 9 18 5 0 8 9 3 23 24 2 15 11 6 18 33 4 5 20 14 11 19 16 35 0 0 3 21 5 0 13 32 1 42 16 40 4 3 4 0 11 7 1 47 26 4 2 12 5 1 35
4 23 10 13 5 2 0 3 4 9 1 5 15 10 5 19 36 19 14 8 2 14 18 0 10 5 13 0 14 22 3 5 7 23 34 60 0 19 11 4 4 33 1 29 61 8 1 2 0 38 21 10 1 5 0 4 25 1 23 5 2 23 23 28 2 29 35 15 22 13 5 20 4 3 35
6 15 4 3 23 7 1 7 33 16 10 1 31 4 1 1 20 34 0 12 2 36 10 16 2 13 6 43 36 15 15 15 19 23 21 26 3 26 0 32 2 4 20 0 7 27 11 37 0 3 8 0 35 27 17 13 2 4 2 7 11 12 21 15 19 1 19 9 3 20 13 8 4 24 7
1 27 2 4 5 22 5 11 52 27 8 7 0 40 12 6 13 12 42 3 38 27 11 8 19 2 0 0 16 0 4 15 11 0 2 5 19 7 4 1 7 5 6 5 33 19 20 11 20 2 19 13 34 0 18 1 19 8 0 11 34 19 0 7 37 3 31 3 40 12 12 18 3 36 6
6 24 45 13 12 13 27 8 19 6 23 12 0 42 19 6 12 4 12 20 5 14 5 1 14 7 3 20 16 25 6 3 16 5 8 19 41 10 1 4 1 16 4 16 55 15 33 12 30 51 9 7 7 9 8 11 0 6 5 10 12 1 11 24 4 5 9 1 2 25 6 1 17 1 30
3 2 7 16 2 35 21 0 0 4 4 15 3 3 7 26 3 5 9 2 1 21 10 11 1 3 2 7 32 5 5 11 12 0 12 3 11 7 12 21 91 33 10 15 8 2 6 2 3 17 13 30 6 20 26 11 0 7 46 7 3 49 7 39 51 5 4 16 31 17 30 4 11 25 1
10 2 1 1 4 0 15 15 4 2 4 5 3 27 41 0 18 13 52 38 45 5 27 9 5 7 74 38 28 3 8 1 14 16 1 13 5 33 0 2 23 5 17 1 1 16 4 12 14 26 14 48 7 4 3 7 14 5 16 10 7 24 25 3 29 5 1 7 4 8 3 9 32 5 2
2 42 2 18 18 2 15 6 20 14 16 10 12 11 15 37 8 17 11 2 13 4 17 1 13 0 0 37 14 11 0 1 25 4 12 2 2 13 12 33 22 3 8 23 1 13 1 15 6 5 1 67 0 43 59 32 19 20 30 7 0 7 0 22 2 11 29 15 16 9 8 6 4 2 2
27 0 1 11 6 5 35 44 11 0 79 5 10 22 4 7 7 7 3 25 12 19 4 7 61 48 3 4 10 25 8 11 0 16 0 3 5 0 30 15 16 0 4 13 3 0 12 12 1 6 4 7 0 1 22 29 0 2 67 38 8 7 8 8 27 3 8 29 9 11 22 0 3 4 26
7 11 12 11 0 1 11 42 1 12 6 4 14 24 38 3 15 1 17 12 0 11 41 29 0 34 2 0 0 25 15 16 19 9 9 6 18 1 24 8 4 8 9 7 4 7 32 0 11 7 22 2 14 15 16 5 14 25 28 10 14 1 15 12 34 7 9 10 8 24 10 26 6 38 37
0 0 8 2 8 1 21 3 3 16 15 25 17 7 0 10 16 10 7 64 17 3 1 23 5 6 36 0 9 0 65 28 0 17 0 3 59 1 18 17 31 2 20 22 23 3 3 3 22 15 37 3 4 6 19 2 9 0 5 8 2 46 2 8 8 23 25 29 15 3 11 3 34 5 8
12 12 10 21 15 6 75 1 15 18 2 8 32 9 10 4 1 4 2 10 11 1 4 0 5 30 16 3 10 2 5 19 15 12 3 48 1 2 8 103 40 11 8 37 11 0 8 17 9 1 9 1 51 4 0 8 14 2 11 6 15 4 5 35 0 1 66 1 8 11 1 6 21 8 5
14 21 27 2 10 12 8 10 10 4 23 10 59 14 3 24 1 0 15 0 0 9 19 7 32 38 0 24 19 13 11 7 18 17 34 7 23 6 10 15 4 8 12 7 33 16 9 4 6 14 15 12 1 7 1 31 14 4 35 1 29 4 0 0 8 14 12 30 34 2 23 0 0 27 7
21 19 31 31 5 5 9 42 13 3 39 6 2 13 3 2 25 14 23 0 11 16 6 8 13 2 0 6 13 3 6 46 0 19 0 5 8 1 30 1 0 24 56 24 5 7 42 14 2 69 23 6 1 8 24 0 1 41 10 6 3 16 14 12 4 6 0 15 7 1 2 26 18 4 9
6 5 0 5 0 4 12 1 16 29 6 50 37 15 0 3 1 1 4 9 2 2 16 18 31 1 5 4 23 2 3 0 25 10 0 1 3 19 11 66 28 2 0 0 20 17 16 8 88 28 8 21 30 8 13 32 0 23 31 7 13 10 5 14 4 4 13 47 2 13 10 20 12 2 5
17 12 1 35 29 0 2 8 8 3 62 5 7 36 5 8 11 7 21 1 21 25 8 3 16 30 4 4 8 6 16 9 36 9 24 1 18 5 8 11 12 23 36 18 25 30 6 1 0 20 7 29 5 19 22 5 0 8 10 6 12 3 0 8 3 6 16 6 17 15 50 10 4 12 16
13 34 11 14 41 24 46 49 3 27 8 3 12 6 11 2 3 15 1 8 15 21 27 2 14 12 23 24 4 9 8 1 5 12 14 24 28 15 4 28 3 20 17 8 2 10 8 10 18 4 21 3 10 3 0 3 0 15 2 7 21 5 18 9 1 32 5 44 18 3 9 13 8 19 10
1 13 15 11 11 4 6 11 25 5 5 4 5 18 7 63 3 1 20 4 19 21 5 18 17 20 3 0 4 9 9 23 3 3 63 14 4 0 11 8 40 5 13 1 9 14 22 4 7 1 3 2 18 13 9 4 1 10 53 9 32 2 13 39 23 18 54 13 33 2 7 0 21 6 13
20 9 10 3 6 12 12 2 1 5 1 6 6 6 22 22 1 1 7 11 23 12 1 1 2 32 28 10 15 2 136 13 22 15 4 5 6 51 28 57 2 1 13 19 15 5 20 2 6 6 0 4 33 6 15 0 47 2 22 8 8 26 0 8 0 24 0 24 20 1 22 8 1 4 2
4 5 1 13 4 6 2 32 2 3 23 18 4 5 0 2 18 7 1 12 3 7 5 5 13 8 22 2 0 1 3 0 6 36 21 1 73 24 1 8 14 13 24 0 13 11 15 71 2 12 8 33 5 12 41 0 6 19 79 7 6 13 56 2 39 16 1 11 12 0 25 1 2 8 22
