25 75
29 17 13 34 13 4 24 3 60 1 11 18 6 2 4 18 28 36 1 50 7 5 17 5 2 26 15 10 4 6 1 15 1 7 24 36 18 17 14 11 15 10 2 23 0 5 0 9 14 8 9 25 1 3 39 5 14 11 1 8 7 1 9 16 25 20 6 15 1 0 17 45 2 20 1
14 23 13 17 22 3 0 38 1 10 23 43 8 24 8 5 12 4 7 42 8 0 18 7 8 2 67 9 20 0 4 1 0 27 12 9 14 5 15 7 17 12 19 20 8 30 29 10 30 24 2 0 13 2 3 20 18 9 15 6 6 28 16 0 3 30 7 3 0 3 14 23 20 5 5
12 9 3 1 19 23 9 32 4 6 31 5 13 21 0 2 11 3 35 4 27 0 8 1 8 7 6 0 0 75 10 35 22 33 3 3 41 32 8 18 0 1 6 11 10 30 1 0 18 12 12 40 38 39 7 13 11 13 11 3 1 4 20 13 6 2 5 17 5 17 41 0 4 1 8
-1 1 3 2 4 9 5 1 18 4 8 4 9 3 31 3 17 2 26 12 13 4 11 4 8 7 10 3 1 0 11 21 17 51 22 0 0 42 18 0 8 15 11 19 78 27 22 17 16 3 8 11 13 36 11 31 6 11 0 20 27 16 8 58 2 11 0 30 3 1 7 19 2 45 4
11 5 17 6 2 0 7 40 48 19 2 8 14 19 23 61 14 10 8 37 18 3 11 16 4 20 7 63 31 15 5 4 0 0 1 6 13 16 7 3 32 26 9 19 12 7 0 26 1 21 4 31 16 7 4 8 0 0 11 5 18 18 1 4 16 4 19 6 21 3 23 4 7 10 13
37 2 16 6 1 13 32 15 25 9 55 13 2 12 0 12 8 7 15 4 50 18 3 3 2 23 2 3 17 3 2 0 21 0 9 4 7 0 0 31 8 2 8 17 3 0 38 3 28 12 3 13 31 0 25 13 61 33 0 9 0 55 22 9 3 24 16 24 3 17 5 14 13 5 1
4 13 37 4 31 8 22 2 20 34 33 9 0 34 1 6 5 22 4 41 1 6 4 0 7 0 20 9 15 13 70 3 8 2 4 1 1 20 9 4 3 9 6 10 1 1 18 10 9 38 6 27 13 3 31 8 0 13 4 3 2 34 9 14 13 7 8 12 19 33 2 27 21 43 16
7 29 6 15 23 4 13 18 5 5 8 33 10 1 26 38 5 10 5 0 13 9 4 0 15 10 1 4 4 3 25 45 12 2 37 1 3 28 20 50 3 8 5 23 4 13 5 6 4 2 13 59 22 0 14 8 0 7 22 3 59 6 31 14 2 17 3 3 18 7 24 11 4 22 11
18 17 21 21 4 16 5 11 0 9 5 10 51 3 9 7 17 15 7 9 40 5 3 16 12 4 57 5 11 29 14 10 13 33 6 0 20 4 2 8 5 0 20 9 1 16 15 2 44 1 8 24 12 0 21 2 18 8 4 3 35 12 4 40 1 6 4 2 0 8 19 40 21 34 14
3 2 10 19 42 15 19 36 4 0 9 1 12 0 6 0 9 25 31 8 8 5 7 12 23 38 16 1 8 8 4 24 6 27 45 13 0 52 9 5 9 0 26 10 6 0 13 26 3 9 63 22 2 2 10 19 20 3 3 19 8 7 2 7 28 2 9 6 28 1 41 8 6 18 2
5 3 53 3 12 0 15 3 0 6 0 0 0 11 21 7 44 3 39 42 0 2 13 28 3 13 15 24 1 1 9 0 21 5 11 29 3 9 7 22 20 3 14 9 0 6 26 13 5 3 17 11 0 19 21 44 11 5 6 5 9 4 2 7 50 33 44 19 7 45 24 12 14 3 6
29 0 1 2 18 1 7 31 12 5 2 47 0 3 16 45 1 2 7 2 0 9 6 34 14 0 19 3 7 2 23 4 27 1 2 110 2 10 11 1 14 17 21 24 42 2 29 29 5 24 11 15 27 1 5 19 7 20 7 1 5 5 4 16 37 10 2 57 6 0 1 14 0 1 6
15 0 12 7 34 20 24 13 12 16 10 17 34 5 3 15 0 30 4 3 11 10 5 15 3 9 2 16 14 17 16 11 4 4 1 3 27 21 8 21 64 4 3 0 2 12 39 0 11 15 22 13 1 12 38 0 10 11 101 6 3 7 32 17 7 27 15 3 8 2 2 1 12 0 8
43 9 3 4 0 1 26 7 40 0 3 9 4 9 2 0 0 11 10 44 1 14 24 32 65 0 26 5 30 2 15 22 2 9 5 0 11 21 28 5 5 43 16 18 9 0 7 20 2 11 0 33 7 13 42 11 20 27 11 4 7 1 13 12 6 1 21 6 13 5 20 9 14 2 29
25 7 13 13 2 3 4 21 23 17 26 2 1 9 52 10 39 4 6 1 0 7 9 41 1 0 2 46 7 35 12 14 2 5 0 14 6 3 8 19 8 36 28 13 8 13 9 0 24 0 2 9 29 18 20 14 1 12 17 1 27 3 13 5 1 25 2 7 3 31 66 10 1 2 33
3 29 34 12 18 12 11 82 0 9 6 1 2 15 8 5 6 6 6 3 2 20 8 7 2 2 0 11 0 8 15 0 4 8 9 10 20 25 20 36 11 5 3 6 0 21 9 4 10 21 11 2 38 7 15 12 15 5 27 11 11 44 44 7 23 74 0 16 0 37 3 1 7 2 23
1 18 20 5 62 7 11 7 32 9 4 2 6 22 12 7 9 3 9 11 30 1 13 0 29 22 26 69 0 5 2 14 23 3 3 7 1 4 21 21 10 8 3 5 3 7 8 4 56 3 8 31 24 18 5 21 2 2 3 16 7 48 6 13 17 6 2 5 21 30 24 12 17 1 3
11 5 14 7 4 10 11 14 6 20 31 7 18 12 0 9 33 25 6 4 2 13 2 54 1 1 27 22 4 10 12 35 27 21 1 12 1 0 8 7 8 12 8 31 7 11 6 7 19 10 52 3 2 12 4 29 5 37 22 12 8 12 19 8 0 19 16 4 0 9 12 1 11 46 31
28 0 0 27 1 3 11 10 73 3 21 4 36 21 24 17 13 2 10 1 1 8 15 5 45 15 8 0 10 20 3 18 18 3 2 9 15 7 1 7 2 15 6 43 14 20 7 17 4 10 2 7 29 19 2 9 3 6 19 11 5 7 20 11 13 5 96 9 14 3 28 1 7 13 8
22 13 10 14 27 3 30 0 3 0 36 28 14 0 10 8 6 2 14 11 3 28 1 23 25 22 7 18 1 17 20 6 2 17 4 4 16 27 2 2 15 10 20 31 7 6 3 21 1 11 15 2 13 3 4 6 14 32 10 13 15 15 15 7 51 62 16 3 1 2 7 10 1 28 34
1 1 1 13 13 4 13 5 1 17 24 27 4 0 35 2 12 24 6 13 13 8 3 12 59 7 3 2 21 9 58 8 39 15 12 18 9 2 43 8 19 23 17 4 9 11 16 8 7 7 43 8 15 13 4 1 12 2 1 6 2 20 1 6 1 2 21 25 33 2 4 0 61 6 25
14 1 31 15 32 41 4 8 3 10 6 2 11 14 1 21 24 0 12 20 12 4 8 11 2 39 1 18 15 29 3 17 1 3 6 45 14 6 14 7 18 15 24 21 12 5 8 1 1 9 2 4 43 13 5 5 7 6 24 1 5 39 10 17 19 41 20 22 2 27 1 6 18 0 24
63 19 4 0 2 3 5 4 4 36 16 2 38 9 6 25 5 0 11 1 4 69 23 6 0 14 12 24 8 10 3 7 3 13 25 55 8 7 12 11 23 14 3 14 5 6 6 26 18 7 7 7 4 10 0 0 26 7 7 0 69 34 1 39 0 6 25 0 4 8 11 0 11 8 27
12 0 8 0 14 6 7 3 1 31 14 14 4 5 21 24 44 10 2 6 5 2 33 7 6 15 1 12 12 14 31 34 4 13 2 14 4 6 7 2 7 4 10 6 21 11 26 2 4 7 26 64 44 7 0 0 10 16 17 45 62 11 4 2 0 7 12 3 3 3 70 0 2 9 35
20 47 30 9 4 5 4 16 3 1 11 4 18 5 1 16 4 3 11 79 26 22 24 9 6 3 1 28 59 28 2 7 1 59 5 6 3 4 15 1 6 18 14 5 7 14 4 45 16 0 8 17 21 3 17 10 2 24 5 2 65 6 1 14 8 7 8 0 0 7 0 8 32 5 1
