25 75
15 3 5 4 2 9 2 4 0 5 13 15 3 19 13 10 7 25 49 1 1 0 31 3 6 36 18 20 16 7 35 4 28 19 19 30 8 9 27 0 22 12 2 14 25 21 5 9 23 19 1 2 1 42 0 21 31 19 20 14 2 34 8 3 3 18 14 2 35 2 3 35 10 3 4
13 7 3 4 27 69 1 4 0 7 5 5 7 0 15 24 18 23 5 17 1 3 9 25 1 7 15 4 27 9 15 5 24 24 1 28 35 6 2 27 9 15 6 7 6 43 0 6 20 4 0 33 10 7 29 18 11 2 39 2 21 4 5 12 8 7 14 14 2 34 14 7 28 3 38
12 25 39 5 8 34 26 9 24 45 1 3 5 19 15 1 11 29 9 10 19 19 0 21 15 4 10 5 2 4 24 3 1 16 27 18 12 4 13 0 41 1 8 10 4 26 24 53 2 5 20 6 10 15 17 4 12 4 0 2 2 10 9 12 4 30 23 23 2 5 15 6 2 1 45
1 3 0 6 13 22 19 5 0 8 28 21 11 35 18 4 22 25 0 6 4 5 5 2 16 7 3 4 13 12 81 8 7 0 18 19 10 6 7 17 7 16 26 9 8 7 9 6 18 16 5 22 51 3 16 45 6 12 0 3 0 11 34 3 12 87 3 3 1 6 22 4 12 9 17
16 7 11 4 0 7 2 12 1 14 6 31 0 6 19 4 30 18 1 11 17 4 2 43 0 28 5 1 7 5 37 5 30 0 32 84 0 8 6 29 3 0 39 9 9 7 10 17 2 4 14 8 5 3 31 7 6 11 3 18 13 51 14 33 16 5 6 36 25 25 7 1 10 0 9
13 21 8 1 5 11 9 8 23 27 16 9 3 18 3 4 29 17 2 12 1 31 25 45 3 8 35 0 0 3 0 22 9 14 9 18 2 19 4 13 19 9 20 12 60 23 28 0 6 10 0 35 1 18 24 7 29 0 4 6 6 2 0 38 15 0 13 10 39 2 8 11 7 12 26
9 9 3 4 2 11 4 7 15 11 1 2 15 19 14 6 29 3 17 13 18 4 8 22 2 9 27 4 17 17 8 11 1 11 2 1 26 12 7 2 8 22 25 30 8 6 4 20 17 7 23 0 2 5 41 41 43 73 3 1 54 42 3 4 15 9 29 15 15 9 7 3 7 3 3
7 5 9 1 1 20 14 3 2 27 17 15 9 8 12 6 0 8 0 20 12 14 3 5 63 16 1 14 19 14 15 5 0 30 10 6 2 19 0 14 7 1 12 0 1 1 20 23 75 5 27 11 3 37 17 0 1 1 3 2 8 1 28 4 121 11 6 5 5 17 2 35 57 2 5
20 3 4 11 28 17 3 14 1 13 8 31 2 16 5 17 1 37 60 1 7 1 11 17 8 44 11 12 1 5 24 15 3 1 2 21 25 30 2 6 5 17 19 2 8 10 6 2 30 3 21 21 14 4 20 3 18 36 6 2 81 1 8 15 3 14 1 13 3 11 27 1 10 15 12
8 9 4 24 5 2 8 1 0 25 21 2 2 17 6 19 39 14 5 5 4 2 21 6 11 5 5 13 13 48 13 15 7 11 20 13 5 5 36 6 16 39 4 16 1 2 6 12 12 3 1 33 23 6 6 5 32 24 3 16 25 11 20 17 19 49 25 5 25 23 5 1 22 7 11
30 4 10 16 0 26 3 16 33 2 10 7 12 2 6 1 3 3 16 1 26 37 20 1 6 20 6 0 1 11 18 8 1 28 13 7 6 8 5 4 3 1 3 7 15 6 7 27 5 33 19 20 0 48 1 38 3 15 4 15 2 12 8 7 113 8 10 36 11 27 14 24 7 5 19
15 2 37 17 15 13 0 55 47 6 4 10 3 16 15 2 28 8 23 0 1 1 1 17 13 15 15 0 9 4 10 17 10 7 7 0 20 56 6 35 7 6 0 5 4 7 14 7 8 14 9 1 7 24 7 2 4 17 19 38 13 1 9 8 51 15 11 52 12 18 6 14 0 17 13
9 17 2 29 14 13 1 3 8 17 25 2 6 6 0 4 21 1 18 7 5 0 17 7 38 2 6 2 8 24 15 8 8 14 3 25 46 39 13 9 23 0 2 12 0 12 2 20 22 10 26 5 0 29 11 14 23 3 13 8 2 73 3 18 6 11 13 10 7 20 21 13 27 45 4
5 3 22 2 3 9 7 25 17 5 8 5 1 3 35 0 19 29 4 9 2 1 34 0 3 2 23 10 46 9 1 20 66 1 57 1 0 10 5 37 19 1 2 10 5 19 9 5 1 2 31 8 14 3 15 1 22 3 12 41 1 15 11 2 14 27 4 9 6 5 9 54 14 36 31
2 1 23 29 7 30 9 22 0 0 13 7 11 11 3 28 1 11 1 23 0 7 7 8 2 15 34 26 10 9 9 2 22 14 10 0 2 4 8 14 24 16 24 1 1 35 26 25 11 11 0 22 32 15 18 27 23 8 27 31 1 2 0 1 2 2 25 20 16 39 0 11 18 31 20
0 5 9 5 8 25 3 2 6 1 6 22 4 10 20 1 13 10 15 21 104 41 6 1 16 2 1 13 0 11 47 22 9 16 0 16 3 10 43 1 1 22 3 5 1 6 18 14 31 60 1 38 5 13 10 5 6 13 2 24 7 1 0 2 1 23 18 52 16 0 0 18 5 5 26
38 34 9 21 9 16 18 2 3 5 49 0 21 47 45 10 10 17 67 17 13 2 23 0 35 12 17 21 15 8 7 8 2 5 13 5 7 15 5 0 12 13 22 16 3 3 15 6 7 14 45 4 2 4 1 2 5 24 0 30 3 0 0 14 6 20 30 14 1 6 3 4 1 2 17
70 4 20 3 13 9 4 1 0 0 0 6 51 30 15 22 8 19 27 27 0 46 6 3 11 1 1 1 2 1 8 2 22 5 9 4 2 4 8 26 0 1 26 11 9 2 65 7 63 0 19 16 14 12 2 15 21 2 2 4 4 6 18 16 20 9 3 30 3 30 30 5 10 9 25
4 12 2 12 45 5 10 15 0 9 2 2 47 45 5 13 9 3 40 19 3 22 1 37 0 19 4 2 5 21 7 15 41 3 4 38 6 14 9 34 13 30 1 9 5 1 10 5 28 3 4 8 29 0 3 22 21 10 1 6 1 28 0 58 52 1 2 12 5 3 2 3 21 6 13
0 0 5 18 8 16 16 21 22 2 5 15 8 5 4 10 0 7 12 14 21 8 60 0 21 13 20 5 19 27 22 4 3 14 11 11 14 21 16 4 24 2 8 24 1 2 24 8 2 33 1 7 32 4 3 8 20 11 13 9 22 4 4 25 17 10 9 7 20 1 14 59 0 14 56
13 16 8 13 18 7 1 17 7 5 18 8 13 8 2 11 13 8 3 4 2 31 8 8 4 10 5 13 48 6 0 8 4 0 8 2 3 6 21 4 5 0 20 21 9 22 5 21 10 6 5 11 1 15 4 48 31 32 10 20 1 26 18 4 8 104 8 57 14 13 25 6 12 9 15
8 3 45 4 47 16 14 0 3 17 5 15 10 33 6 2 0 7 1 4 2 22 22 48 11 7 0 4 4 6 1 0 14 41 14 18 2 1 23 15 1 6 1 5 25 3 25 35 47 12 7 71 2 0 2 4 5 8 2 3 13 25 17 1 61 13 41 2 5 9 13 4 10 2 25
5 7 20 34 5 14 7 2 28 6 4 8 0 8 1 12 11 40 3 38 2 13 3 9 2 33 24 13 21 35 1 0 2 2 9 25 5 3 2 5 5 5 1 15 6 6 24 0 2 37 30 84 7 8 18 8 34 7 6 4 4 31 1 27 5 0 1 5 4 2 23 61 22 21 24
18 0 45 0 0 25 4 3 5 25 20 1 11 33 23 0 7 4 4 20 27 14 72 4 0 4 2 8 23 1 10 5 19 19 4 31 11 9 9 17 11 1 19 11 2 42 31 22 37 1 7 1 3 22 9 29 12 10 4 7 12 2 2 14 15 13 2 0 31 13 11 5 41 19 2
3 15 5 26 4 54 1 20 11 6 14 12 0 3 3 31 2 1 6 14 2 17 0 19 0 9 3 5 8 18 0 10 38 39 8 1 18 27 0 10 11 2 7 4 10 34 11 12 32 1 17 9 99 24 3 2 5 5 20 18 2 1 36 5 65 5 41 2 12 10 4 7 5 0 16
