25 75
23 26 33 39 5 7 3 9 1 14 1 13 9 6 24 9 19 2 24 49 3 17 1 18 0 8 6 25 21 2 4 5 27 0 16 17 8 16 5 0 14 2 6 13 3 55 20 9 1 0 44 7 9 37 3 27 3 6 12 4 18 27 42 0 63 5 1 9 2 2 7 8 2 22 2
28 5 0 0 15 1 0 4 30 6 20 0 4 35 13 6 7 7 7 30 6 23 11 2 3 15 38 12 11 11 9 3 6 4 14 12 22 0 7 9 14 3 3 27 12 5 14 18 31 4 9 16 9 36 12 9 35 8 31 2 6 3 21 27 27 7 7 10 43 23 7 0 63 20 2
3 10 14 49 6 6 64 3 8 8 20 0 7 0 7 11 26 35 5 10 19 3 2 0 0 27 0 5 11 8 60 14 20 16 5 3 5 4 3 0 25 26 11 24 6 0 4 25 47 10 7 6 31 24 10 14 1 11 19 2 30 2 12 11 31 0 68 12 14 0 0 0 4 12 4
32 1 8 0 27 0 7 10 0 27 4 13 31 4 7 24 3 5 79 29 14 5 5 29 27 29 21 5 4 6 26 1 14 3 4 8 3 1 1 4 7 2 1 23 21 4 4 9 13 19 9 5 26 23 9 23 1 39 10 13 3 10 3 57 8 3 7 6 8 26 2 24 16 38 7
-1 10 59 27 12 2 3 3 3 15 10 7 6 50 1 22 20 4 14 16 9 24 5 13 37 4 3 3 7 1 18 4 27 9 18 5 65 18 17 2 1 0 13 17 2 0 4 11 22 37 8 12 2 14 41 1 41 1 37 0 1 15 19 1 23 10 18 21 11 10 5 11 6 7 6
17 5 32 14 12 5 4 0 43 10 11 66 0 8 3 11 9 12 2 7 24 11 9 29 13 1 0 4 38 9 1 2 8 2 20 4 14 33 25 1 8 3 10 34 38 7 4 7 19 18 0 23 2 0 1 8 2 12 12 42 31 35 11 6 3 1 10 31 0 10 55 4 8 11 15
0 19 4 13 5 0 0 5 17 13 4 32 30 0 22 1 7 13 11 13 10 33 23 12 15 25 49 19 2 5 8 1 5 34 5 5 2 18 3 6 35 11 3 0 5 33 9 2 2 1 13 0 0 13 4 3 68 14 36 20 21 0 9 9 15 5 25 10 6 9 0 51 8 46 25
23 20 14 68 13 41 11 7 2 1 10 4 35 3 12 0 5 5 14 5 12 22 4 24 20 6 3 29 4 4 1 0 6 5 0 5 7 29 11 15 10 3 2 3 8 30 13 5 2 24 2 5 45 1 30 3 38 14 4 3 55 16 10 11 20 19 1 11 27 9 7 25 17 7 20
1 1 17 1 22 3 3 1 1 3 13 4 14 8 43 61 23 33 7 3 22 26 12 2 14 11 5 9 3 15 10 2 46 0 14 3 0 23 0 14 22 8 22 57 55 2 13 9 1 3 22 8 4 6 17 16 6 29 8 3 9 23 6 13 47 11 19 0 1 20 11 14 7 9 6
22 23 5 9 19 13 5 11 4 36 8 5 6 27 2 7 13 15 1 20 32 11 19 0 10 9 6 4 6 6 8 2 0 6 7 14 47 3 51 10 10 19 2 6 1 1 31 0 0 4 17 25 13 16 48 0 4 1 14 12 6 30 22 0 6 16 19 30 13 3 53 13 12 8 43
32 6 3 11 7 0 9 3 58 3 5 1 7 17 5 54 0 10 1 22 6 30 42 10 13 17 6 9 25 1 10 40 7 18 6 14 9 4 24 9 22 9 7 4 4 7 14 2 1 6 10 1 36 24 13 11 27 17 32 36 9 31 7 19 17 1 28 0 12 1 4 0 27 3 4
5 5 10 57 8 0 20 17 0 0 3 5 22 57 12 5 2 7 19 42 7 2 11 24 42 13 14 15 0 30 1 16 49 4 16 2 6 16 1 14 24 4 51 3 17 7 25 11 22 2 6 31 12 4 1 0 25 9 6 0 0 9 30 4 1 2 1 1 8 16 19 27 28 7 8
11 19 6 9 1 12 14 31 12 5 4 9 11 2 5 19 1 5 18 0 6 5 20 2 0 1 4 0 14 38 41 5 47 26 25 35 23 42 2 4 7 29 21 6 8 2 3 4 7 4 15 24 4 8 15 9 21 26 37 10 8 32 9 4 4 79 6 1 16 5 15 9 4 12 2
3 8 29 33 4 6 24 12 12 17 33 18 18 16 2 8 18 29 0 20 48 19 0 15 0 8 2 3 45 8 3 3 2 1 8 8 1 18 19 14 30 2 11 13 13 1 0 0 2 4 12 11 25 14 12 10 1 87 0 34 8 7 62 6 0 2 1 18 0 5 13 7 36 8 10
22 32 8 6 16 4 15 8 40 1 36 7 1 22 1 2 10 0 15 5 3 19 7 7 13 38 36 3 9 16 5 18 14 32 9 8 14 53 30 9 13 73 3 7 0 7 4 1 3 20 9 17 9 6 0 2 8 4 14 34 17 5 4 8 9 5 6 2 8 1 23 74 1 6 3
0 14 5 11 21 5 4 17 3 4 19 1 10 0 1 1 13 12 8 5 4 5 13 3 30 8 38 0 1 25 3 27 10 14 2 17 9 11 80 2 1 44 29 9 0 2 6 29 28 8 26 6 0 11 2 7 1 7 32 49 8 7 20 6 26 0 43 28 4 22 3 7 21 31 21
28 1 1 6 54 25 16 1 7 23 14 25 2 21 18 16 31 2 23 13 25 10 22 15 11 3 4 8 2 2 1 7 13 37 31 2 1 12 21 28 1 22 27 13 2 5 14 6 14 10 2 8 4 25 4 1 0 10 18 32 11 12 11 3 11 10 12 0 10 3 59 14 7 28 9
-1 1 1 17 19 3 9 16 5 2 0 29 0 17 10 0 3 17 16 6 3 26 3 32 15 4 11 2 23 12 32 10 4 28 13 6 2 32 29 8 13 14 6 0 7 15 16 14 27 62 2 10 0 5 24 0 11 2 36 6 89 3 0 45 7 14 52 1 16 5 0 20 1 0 12
6 17 50 0 52 0 23 1 4 3 0 12 10 6 28 13 0 9 33 7 9 4 9 51 27 3 19 7 12 52 4 9 2 12 2 0 40 6 5 20 9 2 36 10 13 23 4 19 4 22 12 43 6 0 27 17 4 10 9 2 16 20 1 3 29 11 5 29 0 3 17 8 1 16 2
28 8 2 6 16 8 27 15 27 27 0 1 7 19 8 4 22 8 9 41 47 6 4 15 4 1 11 33 3 36 4 16 7 5 1 1 5 6 24 8 42 11 2 5 2 3 16 9 10 7 16 8 1 9 1 10 5 6 58 16 45 30 79 2 3 3 11 7 6 11 6 3 20 6 11
11 5 25 2 3 27 10 13 2 36 1 13 24 28 4 26 2 6 1 5 4 6 38 4 2 4 19 0 17 21 9 39 26 16 2 0 39 7 18 11 4 3 4 33 44 13 6 32 36 13 14 12 7 10 18 12 7 15 13 15 8 3 13 18 12 12 7 12 4 13 10 11 17 18 5
5 9 2 1 2 29 14 38 0 3 0 27 1 8 8 5 18 3 32 9 12 4 15 11 28 6 5 7 17 15 13 6 33 36 3 22 21 7 1 0 1 6 31 11 23 45 7 6 2 47 4 18 8 29 9 16 10 33 10 4 48 4 3 6 2 4 42 14 5 5 9 13 27 3 19
8 16 7 18 8 0 27 14 9 2 25 1 32 21 22 12 20 1 35 7 5 11 25 1 2 1 12 9 8 6 14 27 17 11 12 30 22 18 33 12 10 4 26 0 30 7 7 0 17 3 10 11 6 0 31 11 8 16 21 38 4 2 22 9 11 0 1 5 50 15 39 12 10 2 1
23 17 12 49 16 6 10 4 6 5 15 4 17 5 24 7 32 18 1 0 0 7 2 3 26 23 0 47 24 43 36 10 0 24 16 5 6 16 16 8 27 1 9 28 2 1 0 0 0 25 1 24 8 24 8 3 1 13 22 17 2 9 4 4 5 30 10 26 9 14 26 12 25 24 3
15 8 47 32 2 0 1 3 31 1 9 11 4 20 0 2 19 14 14 7 4 40 9 5 7 1 18 26 18 12 0 3 19 32 9 0 3 21 2 2 2 19 49 20 17 7 4 7 56 6 10 5 61 25 11 7 32 4 6 39 6 10 13 5 5 0 0 18 3 12 3 43 12 8 4
