25 75
-1 4 2 1 1 3 9 6 8 6 8 11 4 38 1 6 5 8 3 20 19 39 9 4 18 0 0 10 24 10 3 30 0 6 25 4 7 0 0 10 15 15 28 16 28 7 2 53 6 3 35 12 9 30 33 68 7 38 1 8 62 2 1 10 3 3 39 5 11 12 20 24 3 25 5
-1 22 26 11 4 3 6 20 10 27 4 30 4 2 16 12 45 10 2 5 8 27 22 33 33 11 13 4 12 13 6 23 6 6 12 0 16 32 0 8 6 18 11 3 5 3 13 1 7 68 25 22 10 3 1 3 10 0 1 45 10 4 5 30 0 20 9 5 6 31 31 19 22 2 8
7 8 4 76 1 51 0 25 9 3 17 1 13 5 25 32 0 3 9 11 16 9 28 8 6 78 5 3 24 18 14 13 11 17 4 9 9 18 2 18 0 29 19 5 1 9 28 10 12 2 21 25 12 0 5 8 12 5 1 4 21 2 4 1 9 0 5 11 1 16 3 13 71 14 11
0 34 39 17 4 2 1 12 26 12 24 9 4 11 11 21 5 99 47 5 0 20 6 17 38 1 3 11 3 11 0 13 1 43 5 30 19 2 23 7 13 1 7 3 3 14 14 32 26 3 2 14 14 13 10 38 10 0 16 22 13 0 17 3 9 3 9 1 0 1 9 0 4 18 22
30 3 3 1 32 10 22 56 31 10 40 41 10 18 6 6 4 17 2 6 6 5 10 23 2 13 20 7 17 32 4 4 0 6 7 16 14 10 3 5 11 5 9 1 1 1 10 31 33 18 21 0 0 1 10 34 2 16 38 2 12 6 7 56 16 13 9 25 0 1 2 10 6 2 39
22 32 30 4 18 30 8 14 4 5 2 2 43 2 35 2 1 0 3 10 5 21 6 29 13 18 11 8 3 15 8 16 2 8 36 14 2 21 24 28 10 30 20 0 3 22 37 7 9 16 11 11 24 0 15 7 39 15 4 8 3 21 9 6 32 24 4 5 0 14 1 8 3 25 2
8 0 32 6 10 9 3 47 3 12 6 39 7 12 6 1 1 27 1 46 0 20 22 0 2 23 26 15 1 4 3 2 1 0 79 9 15 1 63 14 23 44 13 28 17 9 4 14 1 3 0 17 14 3 23 5 1 23 6 12 8 6 2 25 32 21 2 28 4 6 3 13 1 1 12
3 7 40 4 51 0 13 23 4 26 3 5 8 7 6 14 4 2 4 18 0 9 0 8 21 4 2 14 1 9 0 11 0 10 4 53 9 21 14 8 12 6 42 17 28 16 3 8 0 12 0 18 1 3 2 7 26 84 14 6 11 12 48 35 11 12 7 17 0 22 6 26 24 15 9
-1 0 34 6 2 24 1 25 15 5 2 11 1 16 13 7 20 20 12 1 11 1 39 4 48 0 2 8 22 38 1 10 2 4 1 5 5 0 4 8 3 13 43 18 35 5 4 23 30 4 2 12 29 22 8 1 25 23 3 10 0 1 16 49 12 22 5 21 2 6 33 1 38 17 37
5 2 12 0 7 5 20 5 4 3 1 7 14 0 17 2 6 9 12 0 44 0 19 28 6 17 4 56 7 3 35 6 15 12 46 16 3 3 15 11 12 22 34 15 0 4 19 13 0 13 12 10 2 12 6 24 7 9 8 24 2 37 5 7 0 0 24 102 4 0 39 20 24 1 12
2 2 6 2 0 13 0 6 19 27 1 1 6 15 2 26 9 25 0 0 0 3 17 20 17 28 0 13 6 27 12 4 19 21 16 15 10 5 39 2 14 11 3 22 59 1 12 2 5 14 3 83 3 2 132 2 0 35 7 6 21 2 7 3 4 17 2 0 3 0 18 34 15 9 13
42 0 8 35 17 31 6 11 10 4 3 6 20 13 4 0 10 70 9 7 10 23 1 17 8 11 30 1 34 2 1 12 0 9 0 5 0 16 9 4 4 20 3 3 20 54 16 10 10 25 56 1 2 5 6 0 4 4 26 31 8 1 2 6 2 5 27 12 25 37 3 20 15 18 20
17 25 11 26 36 14 17 18 6 5 1 7 35 0 21 8 1 1 5 7 25 7 1 30 27 20 10 23 21 19 3 13 1 9 39 2 2 33 8 3 30 11 12 26 11 17 0 4 18 6 21 8 1 38 11 3 17 0 21 11 13 1 12 27 0 6 6 39 15 0 2 1 15 25 15
6 9 2 20 3 3 11 71 13 1 19 15 9 27 8 6 2 4 5 36 23 28 12 21 19 10 10 13 0 28 11 6 7 19 1 4 7 13 11 9 25 5 31 16 1 32 19 3 14 11 3 7 37 40 28 5 5 3 16 14 22 19 14 1 4 1 5 19 9 4 2 14 5 2 42
3 13 79 25 9 7 5 5 0 3 13 0 1 4 13 59 31 13 4 21 22 4 7 4 26 3 13 2 6 20 56 20 22 1 6 10 1 43 9 5 6 50 17 21 5 13 24 12 22 14 10 2 4 0 0 3 18 0 14 12 9 13 0 7 8 26 10 2 15 3 44 3 13 5 7
1 17 9 4 19 18 4 2 20 52 7 9 9 1 19 9 0 22 13 1 5 5 74 11 0 30 5 5 20 11 12 3 31 4 29 0 34 23 8 48 14 5 23 19 18 11 2 22 8 21 0 28 10 5 12 19 20 0 12 17 6 27 12 1 16 6 15 0 4 4 5 15 8 0 21
0 6 13 6 8 3 2 3 16 25 23 6 3 34 12 8 8 3 9 5 3 11 0 15 17 5 25 9 20 10 3 41 6 2 1 40 4 9 9 17 81 17 32 15 3 25 2 6 18 0 5 62 4 36 4 3 7 14 11 1 5 34 8 19 0 10 20 11 1 28 2 29 10 26 11
30 2 3 0 8 11 1 2 10 15 1 23 23 24 8 2 12 6 1 11 35 5 33 6 2 11 18 9 0 15 22 8 31 23 10 12 22 2 8 13 56 30 2 6 18 2 14 16 11 13 5 26 15 20 0 26 24 28 27 1 16 17 19 13 27 2 5 4 14 7 15 8 4 14 17
3 26 6 29 24 20 2 14 11 2 19 15 24 16 18 1 16 12 12 0 6 3 28 8 26 2 12 10 5 3 2 54 52 0 10 11 32 9 39 9 11 15 7 18 2 2 0 0 8 20 27 14 3 0 26 4 20 5 1 5 4 2 10 2 17 19 12 21 1 28 57 26 14 0 8
1 29 22 2 19 6 8 22 74 69 12 20 6 7 4 15 6 15 4 10 26 4 6 2 56 2 4 7 1 0 47 13 4 8 6 8 13 22 14 22 5 36 3 17 1 9 0 15 4 1 15 13 23 12 11 31 6 27 3 2 26 7 7 2 13 0 15 24 1 0 1 25 2 9 18
10 0 1 33 0 4 8 11 77 11 6 6 0 8 15 6 5 2 1 7 2 2 14 4 68 30 4 19 13 4 3 38 2 17 23 5 21 0 8 11 2 22 58 8 16 16 10 23 26 2 15 42 31 3 26 0 11 9 14 9 7 17 28 0 20 1 10 12 2 8 6 16 20 0 11
7 19 46 4 46 5 3 13 8 22 11 5 18 13 9 16 14 42 7 8 9 14 2 6 5 8 31 5 12 2 1 6 7 18 9 10 2 6 2 0 3 5 16 13 3 7 20 35 12 3 0 39 32 3 21 57 10 22 6 5 9 16 0 12 1 29 15 2 26 8 29 12 9 25 24
1 14 4 4 13 17 0 12 10 34 22 37 15 11 0 22 9 10 1 8 7 0 0 7 24 17 5 25 9 34 7 8 40 36 3 12 34 6 7 2 2 14 35 2 3 3 18 53 9 4 34 10 32 17 20 7 2 4 12 0 2 20 13 6 16 19 13 5 13 12 8 25 11 19 10
5 16 9 6 6 6 6 36 7 5 45 4 8 8 10 41 1 22 32 11 7 15 1 20 6 1 12 2 53 29 20 26 11 0 51 6 2 13 7 4 3 17 6 6 12 7 25 13 11 0 24 7 14 18 13 37 9 21 1 46 6 9 2 11 0 0 0 9 6 3 20 14 21 2 37
3 4 14 1 3 4 18 19 2 6 10 1 0 0 10 49 10 34 33 20 8 0 11 11 9 20 24 3 35 12 3 16 31 12 17 12 3 22 9 0 7 0 16 38 10 11 1 3 12 21 13 19 1 19 39 39 14 2 8 7 27 11 1 20 2 12 38 20 4 7 20 9 1 2 47
