25 75
1 0 3 0 14 18 3 5 14 5 18 7 16 11 4 13 40 1 21 5 3 31 4 15 31 12 22 14 9 21 15 4 64 7 2 37 14 2 10 4 22 16 36 5 4 2 20 41 20 13 5 0 18 21 54 1 14 2 2 12 13 53 13 1 10 15 3 11 2 8 3 1 14 14 11
2 11 5 31 10 20 1 15 46 4 0 1 6 1 33 2 9 33 9 38 2 2 7 12 7 15 3 3 5 9 1 10 11 2 47 4 17 41 11 2 17 47 0 24 5 2 22 6 10 28 13 58 16 19 0 21 0 2 16 13 3 17 5 9 7 8 3 10 1 8 13 10 0 96 3
2 11 6 35 16 20 25 25 5 10 6 7 16 5 12 0 14 1 5 15 15 1 0 0 1 14 20 8 9 36 49 25 37 12 23 31 14 12 27 3 10 52 15 9 9 6 72 7 3 2 2 27 2 14 2 11 6 1 23 6 4 3 0 26 2 5 10 12 0 13 5 13 6 31 18
24 0 5 14 11 15 0 17 14 36 35 11 37 0 46 3 3 4 4 5 28 11 11 25 50 2 3 9 18 6 3 2 14 6 19 9 5 35 11 2 0 6 8 28 20 2 6 9 4 5 6 7 8 8 45 3 0 5 3 26 21 27 16 23 11 11 11 26 11 1 48 8 4 5 25
6 22 1 3 15 8 11 20 19 15 35 19 25 1 8 11 29 26 3 15 2 4 17 1 12 8 5 45 6 0 14 10 1 22 25 1 17 60 23 0 5 0 7 9 8 16 3 8 26 2 18 30 8 8 8 11 10 0 47 13 2 28 1 40 7 11 15 5 7 0 23 4 14 4 37
12 21 10 34 14 0 6 8 17 14 27 76 35 4 0 6 5 2 21 4 9 9 16 15 16 5 5 61 26 27 1 0 6 35 24 22 9 6 3 54 7 1 2 1 7 15 2 3 0 18 0 26 8 2 9 0 7 2 10 5 36 11 2 20 11 12 12 12 4 38 1 2 0 41 8
7 0 33 34 8 13 6 0 0 39 4 39 20 4 14 2 15 0 46 24 10 0 0 6 29 21 1 0 3 11 0 15 7 28 30 65 6 18 0 37 1 37 0 14 7 1 0 38 4 15 29 6 1 7 8 48 1 6 8 14 1 11 4 2 16 5 19 0 11 19 7 0 6 44 15
-1 20 2 1 0 7 16 6 2 9 15 10 15 1 9 6 8 8 17 19 31 7 4 0 18 3 11 3 50 26 10 22 3 0 1 0 10 37 11 18 21 37 27 24 0 9 4 18 58 10 3 8 34 6 15 12 0 1 8 58 0 27 3 11 2 100 12 15 6 8 15 0 1 0 12
19 9 22 27 13 8 13 3 35 6 23 16 2 11 12 1 7 1 13 42 0 6 22 5 14 9 0 11 1 17 10 1 36 4 76 23 2 35 6 4 4 18 13 0 3 39 4 0 20 0 1 17 3 1 1 8 10 11 1 2 24 8 22 37 11 10 45 7 20 18 19 6 27 22 3
14 2 2 23 14 5 14 33 15 1 14 0 6 8 1 8 23 8 6 7 49 16 9 7 29 8 0 10 5 6 41 10 15 15 10 27 1 48 24 10 16 4 17 4 4 41 18 80 17 2 8 23 0 2 10 8 20 18 8 1 0 9 13 5 14 7 28 1 0 6 3 6 11 39 13
14 18 2 0 20 22 13 8 2 25 11 16 3 49 20 44 23 0 16 11 12 5 2 6 19 0 20 20 9 2 3 1 3 35 0 12 2 12 2 20 1 0 14 6 0 26 9 11 19 22 10 18 4 4 40 3 22 22 2 35 12 3 29 23 4 1 7 3 24 11 73 6 18 11 5
22 20 9 39 14 5 2 21 11 16 14 6 4 11 0 1 1 4 15 7 6 6 12 1 12 53 53 18 12 9 16 5 14 10 0 1 35 2 8 11 18 4 18 3 42 29 49 44 0 23 4 7 10 0 14 10 12 6 25 0 20 13 12 15 0 2 31 9 7 19 8 14 21 0 5
4 39 37 10 4 24 0 26 41 9 1 0 7 4 1 6 10 12 14 12 6 3 20 6 27 65 24 29 18 0 2 2 12 1 16 4 2 17 5 6 3 6 9 3 0 11 4 4 5 2 11 6 30 7 1 17 11 9 18 13 3 6 21 6 0 0 24 51 0 5 61 15 47 20 45
1 1 4 11 21 19 28 21 9 34 5 23 5 9 21 15 14 13 26 51 0 5 8 38 18 3 15 20 2 8 16 5 27 3 0 1 3 4 11 8 24 20 12 20 4 6 0 7 16 5 66 36 48 11 34 20 9 11 0 3 4 9 4 14 6 14 2 15 0 5 4 4 1 1 39
9 2 20 3 25 26 5 4 63 7 33 9 1 5 2 17 17 6 24 6 10 35 34 5 49 5 0 9 0 2 5 6 6 9 1 9 5 31 24 4 20 4 8 5 4 18 30 9 11 0 9 17 8 2 38 1 24 23 16 11 5 49 2 8 6 33 4 13 13 2 18 8 1 12 35
8 3 3 28 4 3 29 11 8 0 11 15 17 3 40 2 2 15 16 5 4 3 4 16 5 9 11 11 35 21 42 3 14 22 12 19 0 32 9 14 0 2 3 7 24 30 24 0 6 5 4 4 38 2 5 5 1 0 25 10 40 4 0 30 58 3 33 23 2 6 35 27 20 7 8
8 12 20 19 0 6 35 10 7 9 9 29 4 25 3 12 3 1 9 16 1 23 34 0 20 5 8 5 26 7 8 10 15 26 27 8 1 27 67 0 5 3 2 9 6 9 2 2 4 6 69 5 30 14 14 19 33 7 5 6 12 24 33 5 6 8 2 12 7 11 28 0 7 26 14
0 15 5 8 30 0 39 9 36 12 1 16 0 4 12 13 15 21 3 21 21 11 9 6 20 23 25 23 1 5 10 1 4 18 0 14 1 4 3 5 19 3 7 14 17 4 9 11 20 19 60 7 3 6 13 13 8 109 4 12 1 25 19 9 3 46 2 10 0 15 17 9 18 2 2
7 20 5 13 4 1 16 36 12 3 5 13 9 3 1 14 2 0 1 2 40 3 29 8 12 17 7 12 15 8 23 4 7 8 12 19 0 7 47 31 46 2 10 5 7 0 4 1 17 0 15 4 7 67 39 58 1 0 0 26 12 6 7 18 4 1 30 25 1 3 16 21 12 58 1
21 2 2 4 8 42 32 18 43 0 58 2 1 19 5 7 12 0 0 3 6 6 9 40 2 20 25 29 1 10 7 1 4 66 26 11 4 6 5 21 2 6 26 21 5 10 6 9 20 4 0 35 14 10 2 17 18 7 22 9 10 24 18 38 14 0 18 6 1 1 21 9 3 5 11
3 4 24 23 2 3 2 6 14 2 1 4 13 0 21 24 13 18 19 40 0 8 33 2 25 9 13 21 9 50 3 21 1 23 1 18 14 1 8 7 17 12 41 18 4 3 23 0 1 24 16 8 36 1 0 48 7 16 6 9 20 4 15 12 17 11 2 18 11 19 12 5 10 5 46
6 32 12 32 20 8 1 26 50 35 8 2 5 5 8 2 27 17 3 50 2 14 13 10 4 1 0 17 1 5 5 5 9 5 24 27 1 9 23 60 11 6 7 7 0 5 3 19 3 16 4 38 19 1 21 2 29 1 21 27 1 1 21 0 59 3 1 8 1 13 3 3 16 18 28
0 11 12 4 3 6 31 0 23 17 16 47 29 3 18 9 1 13 1 10 5 13 58 12 2 35 8 17 9 43 46 2 10 16 0 3 11 8 1 1 6 6 19 8 17 30 18 34 0 8 3 2 22 31 5 1 10 32 8 6 30 10 16 4 13 3 4 21 3 50 6 7 9 2 2
1 8 9 20 10 0 8 47 4 6 2 1 28 48 0 10 22 33 21 5 3 8 6 5 63 46 1 17 15 8 12 32 51 9 6 5 6 20 9 16 9 13 7 30 6 4 13 17 0 8 9 25 4 2 1 10 0 2 20 2 3 1 2 16 27 16 26 26 7 39 12 10 2 2 8
23 13 14 2 6 13 1 0 18 0 18 12 4 48 24 42 3 4 13 6 0 18 33 10 8 1 5 17 9 16 3 3 14 0 4 22 27 4 5 68 25 3 6 0 2 14 33 60 0 6 16 15 4 26 6 1 10 16 3 3 0 17 16 7 23 9 7 73 1 8 10 17 5 18 9
