25 75
-1 11 5 4 5 31 2 3 12 0 10 0 5 7 10 1 0 0 8 4 4 4 0 17 10 24 4 15 15 20 4 12 10 1 24 91 11 13 15 5 14 0 20 1 30 7 2 0 36 33 9 2 9 53 0 19 16 55 22 43 3 11 20 4 13 3 16 36 12 10 16 33 16 19 1
9 6 37 26 1 10 15 45 10 13 17 4 16 4 23 10 7 14 7 1 0 13 10 16 12 1 2 31 10 12 5 6 16 9 0 36 4 34 8 16 25 2 14 4 0 18 1 42 2 21 15 16 6 5 8 8 3 36 2 6 3 54 0 23 36 6 18 1 34 10 9 15 10 27 4
19 42 25 1 18 0 10 8 58 6 19 8 8 33 6 6 12 27 16 14 25 20 9 17 18 3 0 48 1 0 0 50 13 17 6 7 28 23 7 8 7 3 0 24 4 5 0 2 2 0 14 10 18 9 12 4 9 24 15 33 20 21 0 27 1 1 18 4 2 5 14 6 25 10 15
31 19 13 6 5 1 44 17 5 8 19 1 4 14 37 2 3 4 13 110 4 1 0 4 10 30 25 8 7 10 2 0 5 10 31 2 3 10 29 7 27 2 11 5 40 6 2 7 15 16 12 15 0 4 8 11 45 7 11 10 20 3 34 3 16 5 17 30 8 8 24 7 14 2 1
26 32 75 1 3 3 4 16 32 0 1 12 6 2 10 3 11 16 15 10 2 7 5 28 22 3 27 31 13 43 8 24 35 7 0 5 14 1 1 8 16 8 5 17 9 3 1 3 8 1 20 17 12 46 4 10 8 17 2 12 6 3 2 28 2 35 2 43 2 49 12 2 12 13 8
20 6 4 50 20 3 34 15 16 18 33 5 16 29 1 12 3 37 0 13 9 13 4 1 8 17 3 11 7 35 20 24 12 14 3 25 41 1 7 20 11 20 3 9 11 46 2 2 9 2 17 4 10 5 32 3 1 3 1 10 7 33 12 2 4 1 8 16 10 23 1 5 30 13 24
22 16 3 1 5 29 24 23 42 14 12 11 20 1 4 11 50 10 4 5 8 20 1 8 11 4 66 30 6 18 7 8 26 4 4 0 10 0 15 5 0 13 0 7 10 9 2 5 21 101 18 5 10 14 43 0 1 19 19 4 1 0 3 2 3 20 11 6 50 2 4 11 3 10 15
23 18 6 11 7 34 2 7 9 12 30 6 0 8 8 10 7 23 5 1 4 0 17 0 10 26 12 18 22 9 1 13 12 2 40 9 3 0 5 4 39 0 13 20 48 14 28 8 8 15 37 0 27 6 8 54 27 0 4 0 0 0 33 65 7 16 4 5 12 4 18 9 30 5 2
14 22 6 39 9 5 23 6 1 11 0 0 4 10 6 122 7 28 3 10 4 7 1 13 0 2 4 4 16 10 8 0 4 13 0 19 5 24 15 1 13 11 4 5 35 110 25 2 1 30 1 30 10 10 26 5 3 3 6 2 7 22 24 0 1 5 20 26 2 18 4 13 26 6 18
8 4 5 4 41 6 4 18 101 2 8 3 7 34 6 0 10 10 10 12 10 2 31 11 26 14 12 24 10 2 2 2 4 40 6 36 0 0 28 14 9 21 22 21 1 58 10 3 3 20 37 1 11 6 2 4 23 3 2 11 19 3 27 5 10 31 9 6 9 5 3 10 21 3 4
10 2 21 21 26 11 61 11 9 27 10 4 7 14 1 7 10 4 12 1 8 21 8 26 13 7 5 1 0 9 14 16 16 4 23 25 4 3 6 21 0 5 8 12 12 3 3 22 39 30 16 13 15 13 3 29 4 43 20 6 0 0 23 20 11 5 44 7 9 8 10 26 29 11 2
-1 0 2 17 40 13 16 15 3 0 1 10 5 42 4 11 2 43 3 9 32 2 12 0 63 5 2 4 32 12 3 54 4 3 32 10 7 1 0 24 5 27 13 1 19 0 14 1 7 0 8 13 4 11 21 5 18 8 12 1 15 6 9 3 14 23 0 18 43 15 27 14 5 55 28
14 1 40 32 6 4 26 14 15 13 81 22 20 7 21 2 6 4 20 0 11 8 5 10 3 17 2 4 41 3 4 19 2 38 0 8 34 5 11 7 12 10 0 9 15 10 0 23 1 1 25 6 6 41 10 21 7 12 13 27 17 17 6 19 0 0 39 36 0 16 5 1 0 8 7
0 8 8 8 8 51 0 11 8 19 12 8 2 6 14 25 8 12 29 0 11 3 20 24 5 16 22 16 9 28 21 33 16 0 21 20 71 3 3 7 21 3 26 13 5 29 7 8 6 16 4 4 5 20 0 29 11 6 8 14 10 43 8 0 3 0 10 23 0 13 7 33 14 7 8
17 3 23 1 4 8 19 6 52 21 4 0 2 1 2 3 3 10 46 7 2 5 9 8 30 5 15 3 3 9 22 5 29 12 19 31 4 32 35 34 6 11 2 3 20 4 14 14 9 1 7 0 9 0 30 8 8 17 19 2 25 6 3 23 6 18 24 13 12 3 5 45 37 9 43
-1 16 13 0 10 35 6 16 1 34 3 13 48 6 4 45 9 12 26 9 2 1 21 18 2 16 9 12 7 7 17 14 4 0 2 5 0 16 7 8 4 1 15 21 15 1 0 14 16 28 24 43 2 10 37 21 20 0 1 1 15 2 8 41 3 46 40 4 21 4 21 3 12 9 24
4 15 35 14 7 2 10 12 8 13 21 37 17 22 10 41 2 3 12 0 0 3 5 86 6 9 4 5 21 1 8 24 0 16 23 1 1 13 6 8 13 0 28 4 5 11 5 0 25 34 12 2 1 8 0 55 8 5 27 9 30 6 10 25 11 20 37 5 7 0 8 33 7 23 1
28 9 25 0 4 40 1 4 16 2 3 3 7 6 1 0 12 6 1 2 3 22 15 3 26 7 0 15 4 44 20 12 5 0 18 4 0 11 29 9 28 14 1 36 33 2 0 4 36 21 10 2 12 39 66 1 13 4 32 22 2 24 24 27 11 12 22 6 6 0 0 11 2 53 7
9 13 16 19 3 8 1 12 2 12 5 3 9 5 5 53 15 20 13 3 20 20 18 8 2 43 53 5 13 12 3 3 3 1 8 6 2 40 11 12 5 12 6 1 13 4 17 4 38 61 48 23 1 38 7 3 28 21 0 14 11 17 1 14 11 12 11 4 4 24 5 23 3 1 6
9 15 2 9 1 3 11 26 5 6 20 13 10 8 4 3 5 42 11 35 23 6 15 9 3 51 4 1 3 4 18 15 17 17 13 1 5 2 11 5 14 17 4 33 5 21 34 32 10 15 23 1 5 2 30 33 25 2 14 3 5 4 9 22 5 3 2 8 5 20 22 1 95 6 9
-1 8 13 19 0 20 7 23 0 51 34 2 10 1 26 11 14 5 14 4 0 6 7 10 4 1 17 19 0 7 16 4 10 5 1 24 4 67 28 2 27 3 48 45 62 14 17 5 17 8 10 11 2 6 0 49 3 3 37 17 13 0 2 4 4 3 9 11 4 1 0 35 3 4 30
-1 9 3 23 5 2 23 17 0 2 11 5 26 22 19 26 10 4 55 12 31 14 18 10 6 1 7 32 12 11 6 27 2 4 1 14 10 2 3 3 11 16 10 4 8 8 65 12 19 0 8 9 5 4 20 31 12 7 7 8 1 4 8 5 34 6 6 79 23 7 4 18 3 10 41
8 2 4 4 0 3 13 11 44 51 5 6 8 5 10 8 11 13 10 3 0 34 18 0 8 28 3 5 44 2 17 11 23 28 16 10 8 0 13 6 35 10 0 0 0 9 16 48 7 37 35 4 4 1 12 24 0 11 17 13 15 13 14 8 23 4 24 37 13 18 1 13 6 19 16
8 22 17 18 17 0 42 8 2 5 3 0 6 36 1 4 1 61 3 4 11 0 11 0 10 2 4 8 27 35 14 46 19 90 22 23 19 9 10 28 23 12 3 3 4 14 2 2 4 13 29 4 3 35 8 9 2 4 11 16 2 14 3 12 1 6 23 5 42 14 3 4 7 2 15
11 1 6 4 3 9 9 41 3 6 2 10 41 8 10 44 0 48 4 36 13 23 6 5 6 5 17 14 22 2 34 9 12 2 18 5 46 16 9 7 1 12 8 0 0 5 14 10 7 10 2 18 43 12 30 18 9 18 24 3 15 11 6 5 28 18 7 0 12 0 2 38 24 5 18
