25 75
34 1 1 12 4 6 21 2 13 44 17 1 1 1 3 4 17 13 5 18 26 60 10 28 2 14 22 22 14 19 6 13 2 13 6 16 31 3 8 2 35 1 49 2 23 3 14 2 29 5 3 4 5 6 40 10 6 24 3 0 1 6 9 15 5 44 0 52 3 27 0 5 16 2 16
1 10 2 3 5 4 29 3 12 0 17 2 6 9 23 15 10 6 5 15 55 19 3 45 12 10 22 7 1 13 2 1 4 22 23 11 49 5 1 1 23 17 9 7 4 5 10 19 5 15 4 2 5 36 50 2 15 1 27 95 7 11 45 1 5 4 1 0 10 10 24 40 2 1 5
9 33 7 29 0 23 6 12 0 2 13 19 17 57 3 6 20 7 18 11 30 0 31 14 21 1 6 83 3 3 1 7 3 8 15 27 3 6 16 5 1 2 4 27 1 22 9 12 13 7 2 15 12 26 0 6 14 3 8 18 21 10 12 12 31 14 20 12 33 14 11 0 23 5 5
13 6 0 29 3 29 19 26 4 23 15 2 0 12 2 1 5 22 22 3 0 7 10 4 15 63 6 18 4 12 72 5 3 14 2 18 0 11 4 1 4 2 40 16 22 9 1 1 12 25 11 37 21 15 2 23 13 12 42 2 1 7 9 21 4 21 7 33 1 21 32 0 2 1 25
4 1 24 9 2 20 16 19 7 5 3 21 5 4 20 15 8 10 5 3 2 0 17 19 2 24 23 26 33 4 0 7 10 8 38 35 43 7 6 1 0 1 35 5 10 36 5 10 12 7 22 5 22 11 5 43 9 23 11 24 5 5 25 3 46 15 18 21 4 5 21 6 19 4 1
10 6 10 8 24 6 2 13 33 25 13 12 12 12 21 4 8 1 17 9 0 9 15 5 15 17 25 29 23 5 8 2 12 0 5 6 8 19 3 2 21 15 6 21 11 23 20 2 10 7 2 9 1 2 8 4 1 26 6 12 3 20 29 15 29 8 1 12 32 5 14 148 12 6 5
9 12 10 14 0 0 9 6 2 2 17 4 12 31 10 0 5 5 21 15 24 2 43 4 22 5 5 21 1 6 8 35 10 47 3 0 9 0 8 27 16 4 31 29 24 15 58 8 5 5 26 11 13 26 15 5 1 11 0 1 11 38 14 32 24 1 4 4 49 7 9 0 15 9 15
7 2 7 1 6 46 8 5 19 17 17 0 7 2 16 79 8 2 21 22 4 5 1 11 80 4 0 28 5 5 9 6 33 10 10 10 1 5 0 12 0 1 5 2 7 8 8 10 118 3 16 0 11 6 10 16 23 4 34 18 8 7 0 16 13 14 30 11 14 3 0 6 20 1 26
44 1 0 2 0 18 2 5 1 19 16 14 2 39 3 34 14 2 3 15 12 2 11 28 44 40 8 0 3 4 11 2 23 10 20 22 22 3 3 5 5 4 20 2 14 17 10 22 1 7 8 14 4 12 4 37 13 5 3 12 5 6 25 59 18 4 0 4 19 29 22 6 52 29 1
0 0 4 65 32 7 58 27 28 5 16 15 23 46 21 1 0 8 21 24 26 73 47 0 6 0 2 0 10 4 3 9 26 14 6 5 25 0 13 1 15 12 10 0 3 0 3 22 4 1 0 27 20 0 0 3 3 1 16 15 7 20 0 0 35 6 3 3 34 11 3 23 0 12 17
1 8 1 2 27 7 10 7 5 0 9 0 1 2 0 5 0 10 26 10 22 1 31 15 10 6 21 21 35 11 45 17 12 48 1 31 0 2 0 0 5 18 17 27 15 5 19 1 2 6 12 18 17 8 4 0 1 1 21 4 24 8 0 34 47 9 17 12 36 60 17 4 29 12 30
1 9 0 5 38 3 16 9 1 27 20 0 18 20 9 8 14 2 1 34 18 1 3 2 4 27 2 7 7 34 3 2 15 35 1 21 1 7 32 26 9 3 15 10 46 7 38 24 41 6 7 17 2 17 30 5 15 23 2 1 4 17 10 41 4 0 2 6 11 23 15 3 10 52 1
6 8 1 4 26 44 22 2 9 10 6 3 7 7 8 15 6 8 5 31 2 22 0 13 35 12 15 1 7 9 21 36 16 10 8 1 20 29 14 1 5 14 50 55 18 29 0 10 20 19 10 53 23 5 21 2 1 6 1 2 10 9 0 29 7 4 17 4 2 4 17 1 4 11 37
7 8 8 4 8 26 3 2 18 21 9 13 41 14 8 0 37 4 4 15 17 7 2 5 3 39 38 1 14 23 6 18 13 12 11 27 7 1 16 6 24 11 48 4 9 6 1 2 0 13 55 12 21 4 13 2 5 32 1 16 4 4 6 14 2 1 6 66 0 41 10 34 3 13 1
12 0 7 31 4 8 8 22 12 4 28 0 16 24 13 33 25 82 2 19 35 16 18 17 29 44 35 10 28 3 27 1 20 9 9 2 3 14 0 14 0 15 4 30 9 11 1 2 15 11 6 4 18 0 19 10 0 26 0 42 4 6 2 6 3 4 6 4 4 7 0 4 7 20 16
-1 26 17 2 15 15 9 7 11 14 12 31 1 4 2 6 9 10 9 7 10 2 4 0 27 4 10 15 25 8 6 31 16 66 3 4 21 13 47 11 3 13 8 3 10 0 13 2 25 19 14 2 16 8 26 31 8 27 6 56 7 0 36 3 1 10 14 15 9 15 15 20 0 13 23
50 5 6 6 4 3 4 7 0 2 11 15 11 45 15 76 4 10 9 4 2 3 7 15 3 9 27 21 20 0 16 8 42 5 19 2 5 15 18 1 25 4 40 20 8 6 8 3 1 40 4 16 12 11 3 6 4 46 0 1 10 12 1 12 15 6 4 0 34 13 13 28 49 3 17
16 2 12 14 3 4 8 21 17 0 17 6 41 11 6 5 0 2 1 12 28 12 11 0 8 4 0 0 3 7 11 4 48 16 0 8 17 5 30 16 1 4 20 1 18 8 12 1 0 24 20 10 3 9 11 21 17 2 0 3 19 82 2 21 13 47 11 54 1 36 33 3 26 26 15
22 1 14 22 49 5 2 11 14 12 8 3 13 5 44 2 15 18 11 2 2 28 6 50 36 21 4 7 14 4 8 4 11 6 5 1 35 3 18 71 9 3 5 3 5 2 3 10 7 29 2 15 3 4 2 5 4 34 14 23 20 5 27 4 2 14 2 2 2 20 13 2 25 54 19
16 32 5 13 25 2 37 15 33 32 12 5 6 3 11 28 4 1 3 45 2 1 3 6 1 7 2 21 5 10 5 39 13 10 1 11 13 6 16 28 8 10 27 18 9 15 10 12 6 3 29 18 1 0 6 12 25 3 4 17 16 0 6 2 11 11 3 0 21 69 16 11 33 31 9
22 33 5 1 1 9 0 40 2 3 41 7 4 3 47 33 5 30 15 0 32 14 3 2 9 7 14 14 0 3 47 3 10 10 15 12 1 18 9 6 4 10 25 59 9 8 3 10 10 8 27 0 24 13 12 1 9 3 8 17 36 4 3 2 36 3 13 11 0 1 19 10 9 25 38
8 15 28 12 5 6 1 2 2 9 28 10 14 7 35 1 12 6 2 8 12 7 19 35 10 11 1 6 9 13 4 19 5 0 32 40 0 43 20 6 11 45 27 27 21 13 12 19 9 0 1 1 28 21 9 22 6 6 4 19 13 15 12 5 15 6 6 1 4 39 5 30 32 5 8
2 14 10 40 10 6 21 30 22 11 4 16 35 1 13 8 3 27 9 55 45 0 13 73 13 11 23 18 14 12 29 7 2 0 3 1 5 26 9 28 18 21 14 14 32 1 7 8 6 1 1 5 1 12 0 0 25 0 14 5 5 3 0 13 10 31 14 27 3 8 20 6 2 2 2
23 11 0 17 12 11 2 4 18 1 14 6 4 24 20 4 9 8 75 7 5 4 15 27 8 2 8 5 25 6 5 14 17 3 0 6 4 0 21 0 4 4 39 13 62 14 33 7 30 14 34 25 14 26 4 28 6 2 2 0 9 27 3 18 16 7 54 2 7 3 25 3 4 4 12
9 13 3 6 26 9 26 1 4 25 35 26 11 32 24 6 14 28 18 9 3 9 15 14 15 2 3 18 4 49 13 3 27 31 12 23 1 16 49 0 6 12 16 21 7 0 26 10 0 4 22 18 61 8 3 0 10 4 0 3 6 25 4 4 27 1 17 8 0 14 0 5 4 0 22
