25 75
17 4 5 34 19 4 20 7 2 15 11 5 0 3 10 8 8 2 23 27 9 26 6 56 6 11 8 7 7 13 1 7 9 35 11 9 21 7 5 3 9 16 7 7 11 12 21 10 5 7 0 14 15 13 1 6 30 5 37 26 0 26 0 34 5 4 23 0 85 20 9 8 34 10 9
0 0 1 7 9 1 3 5 21 33 57 22 13 14 15 2 6 2 42 26 15 0 7 2 21 7 20 14 0 5 1 44 7 5 12 16 13 3 16 3 6 8 44 9 21 9 5 18 3 13 3 7 31 22 2 2 21 9 12 130 2 7 27 3 14 15 2 0 9 1 6 24 0 21 4
4 20 4 6 7 7 44 1 14 43 0 12 0 16 19 4 46 0 1 3 0 7 12 1 3 5 58 8 4 11 17 22 10 9 8 10 6 5 11 9 77 39 8 23 25 17 11 38 9 17 23 16 12 30 10 16 9 6 1 5 6 8 0 17 25 17 4 8 6 3 6 18 0 16 7
13 15 8 47 49 4 17 26 11 0 1 7 14 7 17 21 7 4 28 8 10 1 23 1 7 4 5 0 4 0 27 7 7 5 7 1 1 2 3 9 14 2 28 19 21 17 3 22 7 36 6 6 2 10 0 8 39 8 18 1 25 4 54 1 4 12 20 38 10 29 18 3 41 20 26
1 4 20 0 8 6 2 6 7 18 7 12 51 0 12 8 1 16 21 38 28 1 15 12 33 15 4 9 14 2 0 1 40 17 6 3 10 38 12 14 15 4 29 18 10 16 2 4 9 0 56 0 18 64 1 15 8 2 36 38 0 23 4 4 2 1 19 0 9 0 1 0 8 54 18
2 5 18 3 3 2 34 67 3 0 7 29 3 3 8 21 8 0 20 5 43 1 3 30 61 21 2 32 3 36 4 33 0 13 11 0 22 54 1 6 4 14 2 10 9 23 9 8 0 0 2 32 17 1 0 18 8 11 2 7 82 20 8 0 2 5 2 13 13 5 12 7 10 21 6
2 4 0 20 4 7 10 12 6 17 7 9 3 5 20 41 2 10 4 4 11 2 4 1 12 18 3 3 0 6 43 71 2 10 34 9 11 7 17 0 25 7 9 22 0 20 20 11 1 7 19 15 4 8 23 0 58 7 33 15 11 15 5 4 25 10 17 20 1 15 17 23 62 2 18
1 33 5 1 0 5 14 12 14 20 0 7 13 22 11 6 11 12 0 13 29 8 13 47 20 5 6 8 2 1 5 33 30 11 5 4 5 5 4 12 36 5 20 28 1 36 0 18 27 29 1 27 18 1 22 5 25 1 9 3 13 1 11 2 7 64 16 3 23 35 4 0 32 13 11
41 1 8 8 5 1 8 28 8 18 25 25 30 11 2 15 5 10 15 27 13 0 9 4 29 0 22 1 44 3 1 40 12 20 4 8 1 9 11 11 15 25 6 25 31 0 2 1 2 10 8 35 35 13 1 3 2 30 36 8 18 3 23 18 0 6 24 2 1 6 9 11 17 40 1
29 0 12 30 63 36 1 25 21 2 0 3 11 6 0 1 5 39 1 2 3 3 34 1 20 4 4 6 23 64 8 21 1 10 2 3 7 18 26 27 0 1 12 20 0 3 11 19 0 0 9 6 3 10 10 19 38 3 14 13 6 14 35 1 14 4 7 15 48 12 24 8 18 25 6
1 36 12 14 11 11 62 1 5 67 0 6 11 5 4 9 0 12 18 0 10 2 9 19 22 15 5 3 12 2 42 52 12 30 18 14 18 10 16 21 9 28 0 3 0 14 7 28 8 4 55 11 25 6 2 2 20 2 6 7 1 5 0 0 17 0 3 60 9 20 3 9 3 14 2
4 1 1 11 21 4 16 19 9 3 27 23 32 34 23 24 4 2 4 12 4 16 0 35 0 5 31 12 7 15 7 1 14 2 7 26 3 11 21 0 6 8 8 19 7 42 31 56 4 23 2 8 9 10 12 36 0 1 6 17 7 25 3 6 4 6 3 4 10 21 17 58 0 16 24
8 3 17 10 3 27 2 21 1 3 2 51 3 14 33 4 17 2 8 26 8 0 14 6 10 11 8 5 10 14 13 3 15 15 7 21 4 32 2 40 28 11 15 5 10 6 15 25 9 38 11 33 3 5 7 15 4 29 30 24 0 7 39 0 3 9 0 27 1 32 23 5 2 30 6
0 0 21 1 4 42 17 5 2 11 5 9 2 66 7 4 12 15 1 18 75 3 15 10 26 14 16 10 41 47 3 8 7 3 27 3 4 1 18 0 29 4 25 18 50 23 1 0 6 9 6 6 8 10 2 68 6 6 8 7 1 7 6 3 22 0 18 7 9 8 25 5 2 21 1
38 11 2 3 10 11 5 10 10 7 6 4 10 25 15 9 32 10 5 5 0 64 5 26 1 34 4 22 5 2 17 39 5 10 0 4 27 2 1 32 2 24 9 6 36 23 20 16 3 3 4 32 23 9 25 11 15 0 19 6 3 34 11 16 3 16 36 8 15 6 6 1 6 22 3
25 7 34 2 30 4 0 2 10 16 2 3 32 5 5 8 2 10 40 5 0 14 31 3 5 10 5 1 25 6 64 1 2 15 11 13 4 10 11 8 13 24 7 6 8 3 2 27 7 22 10 4 39 17 4 11 19 17 2 0 19 7 87 1 12 33 21 1 13 16 13 9 4 25 16
20 8 21 19 17 1 1 10 4 3 21 30 10 13 19 18 14 33 0 0 3 13 1 1 57 17 11 6 10 36 1 2 0 5 14 8 0 42 14 3 9 6 0 24 9 20 17 25 16 10 9 11 0 21 13 49 2 8 0 22 11 8 0 21 80 8 6 3 30 13 7 14 10 1 11
0 2 8 4 43 21 0 57 29 31 25 1 5 16 8 1 8 7 2 9 1 22 6 2 14 15 6 3 4 3 24 7 3 5 6 12 1 18 0 8 18 4 15 13 36 60 2 20 9 7 0 16 47 18 40 21 12 8 11 0 0 5 2 0 16 9 15 10 28 17 20 0 12 31 41
1 40 1 11 23 20 58 13 19 8 3 31 2 31 16 15 5 13 14 2 15 25 6 16 8 3 0 19 16 1 46 36 5 5 10 28 3 5 4 14 16 1 22 5 13 13 16 14 3 18 3 16 4 11 22 35 0 45 5 6 31 6 12 5 5 7 7 2 0 4 46 3 1 7 5
1 8 3 15 12 17 14 2 4 6 16 0 0 21 7 55 102 0 0 8 3 14 23 18 0 0 1 21 0 6 26 7 11 3 6 19 32 8 0 11 18 9 50 37 0 0 9 1 33 6 4 17 9 15 35 14 4 16 0 6 47 18 2 29 10 4 10 8 9 5 52 7 5 3 8
2 4 14 18 44 7 1 10 21 35 22 15 6 2 2 0 10 26 1 4 23 21 19 6 11 50 0 64 0 0 8 21 1 18 40 2 2 4 2 3 10 0 4 0 30 4 19 3 6 9 2 1 32 22 7 49 7 8 9 53 39 0 54 11 21 0 6 25 8 3 0 10 1 4 4
9 10 9 32 1 13 20 19 9 0 8 6 12 18 16 1 3 8 1 5 51 0 2 1 30 2 28 3 9 13 4 3 50 0 6 28 21 8 40 20 14 32 10 46 7 21 2 22 16 1 2 9 6 16 11 2 12 18 7 0 18 8 30 3 13 63 24 11 0 2 25 1 10 8 11
4 2 2 6 1 24 0 34 12 2 15 2 13 3 17 22 8 28 12 9 4 2 12 7 24 6 24 12 5 10 6 9 7 7 11 9 29 7 7 33 12 5 28 10 4 2 1 0 14 17 12 3 62 0 0 4 14 4 9 15 2 48 32 4 28 30 23 12 28 19 16 24 23 27 21
3 21 3 14 24 7 24 16 26 22 13 24 6 5 2 4 13 10 23 6 18 4 29 20 37 11 1 5 21 22 4 24 6 22 0 6 5 10 12 9 0 4 0 30 37 6 27 2 12 0 9 5 4 17 34 9 11 5 14 10 38 9 0 7 24 18 0 42 15 40 11 2 8 9 9
-1 4 1 12 9 8 12 5 12 3 8 18 23 15 43 35 10 3 21 2 23 9 12 4 9 2 7 12 7 22 3 42 9 6 15 8 0 8 4 25 29 7 6 9 13 76 23 79 3 5 4 18 12 38 17 18 4 12 3 2 10 8 11 9 6 19 4 1 0 30 24 21 0 3 6
