25 75
-1 5 7 3 34 10 2 0 10 2 4 38 44 28 1 12 1 29 5 0 28 15 11 1 29 34 29 5 1 1 3 26 14 68 23 7 10 44 25 8 21 29 7 20 1 6 4 2 7 8 5 3 17 4 25 12 2 18 13 16 15 6 6 0 9 2 4 3 23 13 0 2 5 26 50
11 14 0 4 14 1 7 25 8 22 7 11 14 16 33 27 30 10 6 48 11 1 30 0 19 10 2 26 4 26 14 0 9 43 7 1 5 9 11 4 34 7 36 10 20 12 4 19 21 5 19 15 6 15 20 11 31 22 6 5 6 5 12 3 6 6 24 35 3 3 12 0 21 2 4
-1 33 7 31 4 28 48 8 12 1 46 3 8 3 42 2 17 2 20 1 10 15 4 12 2 2 4 1 4 3 18 12 7 46 44 0 5 3 4 6 1 1 47 42 2 9 0 11 10 6 14 19 16 16 16 3 10 12 11 35 0 13 20 15 13 2 9 15 7 8 18 12 16 52 2
5 13 36 22 0 19 24 25 47 10 8 9 40 25 15 0 11 12 8 43 31 1 7 22 3 29 13 3 21 4 48 4 25 2 2 22 7 0 18 7 5 44 7 13 8 2 12 4 2 6 16 35 17 0 25 1 4 9 23 4 1 12 1 15 4 3 0 1 3 1 23 4 15 4 35
12 5 3 9 3 9 24 17 51 11 34 6 16 18 0 4 1 4 33 6 4 3 25 2 9 6 10 9 19 2 4 4 9 2 11 5 1 1 4 3 61 0 13 91 49 8 5 5 15 3 8 12 12 14 44 12 26 14 21 23 5 7 3 14 11 33 5 11 4 25 26 3 6 5 7
6 0 7 3 10 3 23 0 9 1 10 3 15 38 13 12 0 53 19 33 26 6 1 41 5 1 15 16 15 15 58 0 17 12 0 27 18 29 3 1 4 1 11 29 10 13 59 51 1 10 7 10 24 2 0 19 10 19 10 15 4 5 5 25 4 2 0 5 4 13 14 6 9 10 25
8 1 42 23 2 8 0 3 5 46 9 22 6 44 5 14 10 12 6 6 10 0 20 9 0 2 4 48 5 17 20 25 33 2 10 1 6 12 11 16 24 0 3 33 21 4 46 25 10 4 4 5 4 90 1 11 1 2 0 0 20 3 6 14 2 1 2 14 6 25 3 42 8 17 26
22 9 8 1 6 11 1 7 3 2 28 20 15 47 10 6 5 1 1 10 6 3 12 8 5 12 5 10 7 2 9 27 5 36 32 21 0 9 38 21 8 27 23 8 2 6 6 21 19 12 18 8 42 21 13 14 0 11 16 20 38 27 2 2 26 6 34 30 6 12 23 1 3 5 9
0 8 1 18 8 7 2 4 10 16 15 49 16 18 22 1 7 0 3 3 12 1 9 6 11 15 18 24 16 11 12 12 1 9 13 9 2 78 87 84 6 3 3 7 29 6 0 18 0 2 8 31 10 5 2 10 26 20 3 3 1 7 4 4 9 20 5 3 2 7 41 1 12 36 18
4 1 20 0 4 0 0 10 18 13 11 0 7 9 3 25 11 27 10 6 5 37 4 31 32 3 31 3 7 10 21 3 8 12 15 11 6 25 8 0 16 0 19 0 4 7 2 9 3 7 3 3 39 11 4 60 2 3 6 71 11 41 21 23 30 28 17 3 32 20 33 6 11 3 1
-1 17 11 6 11 20 2 8 4 2 79 6 3 18 0 0 45 4 8 2 5 3 18 15 0 2 26 6 38 0 15 17 6 44 14 4 9 1 1 6 1 5 18 37 10 11 11 3 31 0 43 13 4 55 2 11 10 4 23 6 14 10 7 12 9 2 14 9 40 8 24 11 3 31 33
-1 11 19 25 4 19 12 13 0 13 2 9 2 10 8 25 40 3 1 6 3 0 10 14 6 5 9 30 10 9 23 2 5 7 44 6 11 29 1 11 5 0 18 28 2 43 31 33 29 14 19 4 11 16 19 23 7 4 7 5 21 15 10 9 27 4 19 16 17 8 21 12 11 22 14
0 16 78 41 7 7 15 7 1 9 4 15 8 4 2 20 17 5 30 1 0 2 4 8 12 22 28 1 2 0 10 27 10 17 1 4 7 13 5 11 13 1 4 2 2 17 58 21 4 11 13 69 1 10 20 9 6 11 4 26 0 29 10 14 6 14 7 35 15 39 6 21 9 3 19
9 14 2 15 12 12 2 10 22 1 2 18 12 16 6 3 7 11 57 23 1 4 0 9 42 4 18 0 14 42 2 20 2 28 0 3 20 19 2 45 6 0 16 11 22 1 16 14 14 1 18 1 45 13 15 3 7 24 3 14 44 8 33 1 20 4 5 5 10 26 14 12 5 8 32
1 4 25 36 27 45 41 3 17 29 9 14 6 20 24 14 13 4 1 2 4 1 0 10 6 6 6 10 17 4 19 1 14 4 8 20 5 11 2 10 4 0 1 15 14 18 23 15 1 8 28 31 4 19 2 8 12 6 6 2 0 3 36 1 66 1 20 24 8 15 2 38 3 0 73
18 15 5 9 2 11 18 11 25 18 23 2 7 3 18 2 8 41 0 4 0 11 3 4 10 9 19 20 0 39 7 17 5 1 13 25 12 22 39 24 31 1 7 14 16 7 47 3 12 7 1 13 14 15 49 23 0 0 14 16 0 5 0 9 0 79 9 7 4 1 2 17 16 29 12
1 14 0 3 30 21 24 25 5 26 12 6 21 17 20 13 16 1 10 21 8 6 2 15 0 32 23 7 35 0 5 12 8 42 7 12 56 0 5 0 18 19 5 24 3 47 17 25 24 1 3 21 17 20 0 10 14 22 28 3 3 3 8 18 7 2 2 5 4 2 11 14 0 27 12
0 20 10 18 0 4 58 17 1 11 8 18 7 1 10 41 52 12 2 12 3 0 5 3 21 11 5 4 45 10 3 25 19 6 50 39 2 13 12 0 22 6 18 4 25 4 9 21 39 10 31 3 3 6 0 40 2 1 0 26 17 35 1 16 6 5 4 27 1 21 9 2 1 1 6
0 71 17 5 26 10 4 17 36 8 28 0 22 2 18 2 0 6 7 11 39 2 9 7 6 11 0 22 11 8 1 35 3 42 15 14 58 13 49 0 0 28 5 20 8 0 2 19 3 0 8 14 2 14 4 8 4 17 3 38 0 25 0 6 17 13 0 13 24 25 2 18 12 11 2
0 11 13 2 10 15 24 15 13 7 11 0 67 4 36 11 2 6 0 3 17 23 12 0 10 28 27 0 11 62 45 7 22 9 15 7 2 16 5 1 1 4 17 8 7 1 15 5 6 3 5 12 18 1 4 18 6 27 23 32 5 33 44 3 26 9 20 8 10 9 1 3 7 29 11
10 3 2 68 1 3 14 5 8 20 4 19 4 29 51 20 15 11 4 30 8 9 21 3 33 7 8 3 14 9 30 42 11 4 10 2 16 60 5 22 9 36 11 12 1 18 7 19 2 1 11 13 0 3 0 8 26 3 8 6 2 1 32 9 9 18 10 0 13 11 5 31 1 1 25
0 0 1 10 3 15 13 0 12 15 14 40 37 41 23 3 51 41 24 16 2 18 11 11 9 7 22 14 3 5 19 29 16 0 14 4 38 18 2 6 7 24 15 7 2 7 17 10 4 0 19 0 11 9 11 8 23 3 11 37 17 6 1 0 29 5 0 41 8 1 28 4 12 4 12
12 6 3 42 0 8 11 9 3 26 30 5 0 8 7 3 2 2 26 6 14 14 26 5 2 16 10 1 2 35 32 5 43 0 12 3 13 11 16 10 2 27 63 7 17 14 5 33 5 46 6 2 8 3 4 26 18 0 7 10 13 0 6 19 5 29 3 68 1 8 19 1 35 5 6
1 14 6 12 0 24 0 24 0 0 1 2 6 8 6 0 42 33 10 6 1 2 23 6 3 26 11 25 1 62 23 0 5 7 1 9 2 31 7 24 10 39 7 0 4 20 16 12 1 6 18 8 6 16 1 18 17 14 13 6 10 163 0 6 1 4 14 28 0 16 1 8 39 12 2
3 0 12 0 5 10 0 0 0 1 25 18 33 22 0 2 26 46 16 21 11 24 10 11 15 19 7 3 20 44 25 22 1 13 1 3 72 0 16 10 4 6 0 9 0 7 20 6 8 59 14 0 4 16 1 13 21 8 3 24 24 9 48 9 17 24 12 5 5 11 14 8 7 3 14
