25 75
19 10 28 3 8 0 28 1 3 2 10 14 4 31 3 5 6 1 9 45 21 15 0 8 1 2 17 58 2 35 48 7 11 3 7 30 1 4 11 28 11 4 5 6 21 30 12 18 6 8 27 5 2 2 17 2 44 13 22 9 17 9 7 16 9 18 37 11 21 6 3 3 18 1 21
1 30 6 5 1 21 15 2 3 35 27 0 13 4 1 40 1 27 0 19 82 1 4 26 2 6 13 15 8 4 11 15 8 13 9 19 16 19 2 11 3 10 34 7 66 11 4 3 35 6 1 2 2 2 0 14 18 14 12 15 27 9 0 10 12 2 32 10 7 21 1 35 16 22 2
26 9 0 39 10 2 2 44 2 10 3 4 2 22 48 2 1 26 32 0 0 5 9 15 31 1 27 47 6 7 21 40 14 0 43 39 0 16 1 1 7 48 0 30 10 0 28 6 16 30 4 25 13 6 2 6 4 9 5 1 1 8 3 5 0 26 8 5 4 19 22 3 2 35 2
17 16 21 14 25 1 12 17 8 5 23 17 35 9 16 5 33 3 16 9 7 18 15 8 19 47 23 2 36 3 2 18 6 12 8 18 11 7 3 19 2 5 0 22 0 8 6 29 1 16 5 11 3 11 2 9 11 1 40 23 26 7 60 3 20 28 2 3 6 1 0 0 1 15 39
5 5 21 6 7 8 3 11 23 22 5 7 47 6 4 0 2 9 11 19 4 3 28 20 28 0 33 2 19 3 7 4 6 48 6 6 12 5 10 6 2 6 4 25 37 10 7 8 5 12 0 26 7 12 26 4 17 16 15 4 107 16 10 2 15 11 21 31 34 7 0 3 2 19 8
0 29 21 5 0 7 6 10 0 3 17 6 14 2 4 15 11 37 5 37 11 13 8 28 34 29 12 28 13 8 21 9 37 54 27 4 22 0 6 13 8 6 6 57 10 2 13 2 20 8 11 0 1 12 15 0 4 12 28 1 3 25 6 13 11 5 13 16 3 22 15 16 8 14 8
9 10 24 14 16 10 6 18 13 35 12 0 6 13 10 9 12 11 7 1 0 0 5 23 34 6 2 6 34 27 14 0 7 3 16 24 9 1 16 6 7 42 37 8 15 27 7 23 28 26 6 9 3 4 3 4 3 22 13 43 6 0 4 5 6 58 2 6 1 4 19 8 59 1 22
24 3 18 0 19 8 4 9 1 21 13 6 3 2 32 40 2 5 21 39 35 1 14 0 9 8 56 2 1 6 1 5 1 8 12 48 32 2 17 3 0 42 2 40 11 21 4 12 7 1 14 39 12 19 9 0 6 9 3 8 15 13 8 2 2 7 79 6 1 8 17 1 12 5 34
3 9 4 12 15 2 27 33 18 29 2 13 12 1 25 4 13 16 9 2 12 27 19 13 26 9 24 11 25 21 64 7 4 11 15 6 6 0 18 30 7 5 2 13 8 0 17 5 0 21 13 26 14 21 5 12 3 12 0 12 11 28 2 32 12 20 7 10 23 4 14 15 14 7 8
17 18 25 0 3 16 20 4 7 0 4 4 49 9 6 22 15 1 9 10 15 4 9 2 26 38 1 2 27 3 7 33 38 29 15 9 20 11 3 3 5 6 24 15 14 3 8 30 14 12 10 18 31 2 1 12 8 4 6 1 9 49 1 18 8 11 9 1 43 33 0 4 38 2 16
-1 38 24 0 15 12 18 6 20 12 8 21 12 19 4 39 32 11 26 25 1 2 5 29 20 19 28 7 19 16 3 6 33 17 0 4 1 61 4 6 5 4 2 6 1 5 2 24 14 0 11 20 33 23 2 49 4 1 1 25 6 5 3 28 24 7 5 10 24 1 2 0 6 22 3
10 14 7 6 14 10 0 4 1 20 8 0 22 19 3 8 9 2 4 5 31 0 5 13 4 15 7 21 13 15 8 24 0 4 50 1 13 24 3 0 4 8 14 24 79 4 18 6 22 20 55 6 3 8 12 17 27 7 0 0 12 4 14 38 18 32 26 2 0 2 14 38 2 1 46
17 18 31 11 4 16 29 1 4 6 3 4 15 2 3 7 0 14 2 8 6 7 0 6 42 2 1 20 2 30 7 11 31 1 14 3 4 56 4 8 20 29 1 11 8 0 16 21 9 5 5 55 8 15 40 32 8 9 30 26 13 34 9 5 4 21 27 11 8 8 31 2 5 7 17
4 6 23 74 4 19 65 0 13 34 4 7 4 0 15 12 6 3 17 39 7 5 26 13 5 13 2 8 4 4 7 2 36 0 0 25 18 15 29 2 5 5 15 11 10 19 47 2 14 11 4 18 11 6 0 0 17 11 16 5 26 2 23 8 12 30 6 23 22 0 15 1 1 0 34
3 17 11 0 13 5 1 0 12 8 8 3 27 26 1 11 0 6 25 18 3 13 0 28 8 1 37 48 17 10 10 1 9 22 11 4 4 14 7 8 4 29 24 64 6 22 8 1 4 9 6 11 9 27 27 1 11 8 4 20 1 19 3 6 9 7 17 8 12 34 0 43 7 56 33
16 6 8 8 10 34 2 15 30 24 39 21 8 13 6 31 6 21 1 12 20 20 23 20 4 4 12 0 5 29 8 39 34 8 2 8 12 10 19 4 11 16 15 11 6 9 8 37 6 7 9 12 4 2 3 14 9 8 1 12 1 5 6 18 8 61 9 23 1 21 11 13 7 17 7
-1 11 9 8 12 43 1 18 14 2 32 0 26 8 5 0 18 3 0 0 2 0 23 1 11 12 4 47 12 20 44 0 8 45 9 14 59 2 28 1 5 2 14 6 0 0 43 6 37 20 5 7 13 14 1 11 33 9 1 6 26 5 4 14 8 48 10 15 2 17 35 2 12 1 17
5 10 14 0 5 10 4 13 2 0 8 1 37 4 2 5 13 45 20 2 3 8 2 4 24 6 3 0 13 0 14 6 3 8 10 8 11 5 6 62 53 18 8 4 12 12 8 5 1 47 16 19 8 32 10 20 26 1 8 15 34 13 7 32 6 42 4 20 2 3 8 39 34 28 9
15 1 56 0 1 30 11 34 19 8 24 29 23 8 11 8 17 2 17 25 0 5 41 13 5 7 4 10 42 5 4 6 2 4 32 1 3 6 9 17 7 39 2 15 6 2 13 5 11 9 10 39 19 23 3 62 5 13 0 0 4 5 8 3 30 7 20 4 25 20 14 4 1 1 16
6 5 2 8 0 13 10 6 16 15 6 24 9 2 1 8 8 2 14 6 2 0 13 19 11 12 45 2 29 9 24 15 3 8 13 7 6 0 32 2 11 16 6 7 9 7 13 15 2 2 24 9 32 7 30 19 22 16 6 0 12 8 25 12 47 27 19 4 17 17 37 17 49 38 5
6 11 1 0 7 17 22 23 7 12 0 3 6 3 2 10 6 2 7 0 22 7 12 47 18 27 18 10 38 6 9 11 3 18 59 14 11 3 37 0 4 2 15 6 19 36 9 5 8 14 18 1 10 22 8 54 18 14 25 2 22 0 29 8 1 5 1 9 37 11 2 19 23 7 21
1 9 17 15 13 16 12 9 13 3 2 20 10 17 0 0 10 66 5 18 34 6 15 11 5 4 1 22 32 3 12 21 7 1 20 1 8 7 30 23 6 1 9 21 1 9 53 7 3 4 5 1 17 11 10 17 34 23 12 7 20 45 28 11 0 11 33 16 0 3 3 7 24 12 17
5 18 12 21 1 4 10 11 2 6 31 3 68 48 15 10 4 7 10 1 0 9 22 2 0 1 25 49 4 24 33 3 26 19 5 4 15 4 19 10 3 11 7 2 9 0 57 1 1 28 21 54 4 10 7 8 14 5 8 2 13 1 22 16 19 13 0 28 6 21 30 9 3 5 1
1 1 11 0 18 61 14 5 27 19 3 6 19 23 19 12 26 56 7 0 35 21 53 2 9 5 2 29 48 6 12 18 0 0 12 4 25 6 26 5 11 2 19 2 12 8 0 5 14 29 10 0 24 4 4 4 27 12 19 4 13 3 0 13 23 5 8 1 19 8 24 0 0 1 26
5 14 4 7 5 1 3 4 7 1 23 8 12 18 2 44 2 2 9 9 4 32 26 31 2 13 45 0 5 8 8 15 83 13 16 37 40 2 4 2 4 0 19 8 4 10 10 47 3 4 17 7 1 1 6 11 55 35 23 5 0 13 3 3 16 6 2 17 17 11 11 20 2 16 27
