25 75
20 9 18 21 0 16 3 6 0 6 27 13 0 6 10 0 3 8 8 24 19 35 17 41 14 4 3 0 2 12 44 7 1 1 33 11 8 41 1 10 8 11 6 9 27 9 49 10 0 6 4 19 27 1 68 0 11 64 1 4 12 19 3 7 3 12 22 31 7 5 1 1 27 13 1
15 10 23 13 14 3 12 6 11 9 0 5 11 47 1 2 8 26 12 3 20 10 25 31 4 35 23 10 1 7 6 24 18 63 3 2 9 1 4 26 16 0 24 6 5 12 63 9 2 10 20 21 1 3 14 23 2 7 4 1 15 5 26 1 16 5 0 12 0 2 23 11 1 56 31
25 14 13 3 24 31 27 15 10 6 5 7 0 25 13 27 22 0 12 26 7 1 0 5 11 21 2 10 5 13 0 10 92 10 7 23 11 8 28 1 7 2 5 2 14 11 1 9 4 44 6 7 0 13 5 11 4 32 3 0 2 8 16 46 1 4 14 18 35 38 27 9 3 4 25
34 10 23 17 16 5 1 12 7 5 18 34 38 28 1 0 0 9 7 14 7 6 0 10 14 7 15 54 3 1 8 32 21 0 28 13 0 2 12 10 6 49 37 1 23 13 13 3 11 8 40 6 1 8 12 15 3 7 13 24 7 10 14 25 7 19 6 6 31 9 10 13 16 3 9
48 13 75 7 9 7 0 4 12 16 27 5 3 3 3 47 0 17 6 7 7 5 1 22 3 12 29 41 34 8 39 1 11 16 10 10 0 3 7 17 4 11 0 24 1 11 2 9 1 29 0 35 6 2 29 0 11 16 25 3 10 14 13 9 11 46 13 13 4 3 8 16 8 3 25
2 11 4 16 6 13 11 4 44 4 7 5 25 18 2 1 23 24 58 53 11 25 10 7 1 0 26 4 4 1 1 26 3 8 1 7 16 3 11 27 3 40 9 36 33 12 11 3 0 6 12 64 14 7 1 10 3 3 5 4 23 27 5 21 5 13 5 24 1 10 9 26 2 23 7
7 38 14 2 18 7 0 32 4 22 6 8 0 0 2 26 2 22 5 2 12 1 6 5 7 7 11 4 9 12 1 26 22 22 6 5 4 16 2 1 24 33 0 6 35 22 49 6 29 28 25 28 61 1 4 10 10 11 5 1 2 1 37 37 7 29 9 10 4 0 32 29 2 14 3
10 28 9 31 0 11 43 1 4 18 0 30 13 27 26 11 12 10 9 21 11 5 2 24 17 0 14 4 1 7 7 24 2 19 4 29 23 30 4 14 23 20 3 4 5 25 27 1 2 17 17 22 2 0 9 10 4 7 21 4 7 30 14 42 8 0 1 14 23 0 13 21 22 8 19
36 6 23 31 1 4 8 5 8 7 10 3 2 13 8 10 2 22 4 19 38 8 20 22 18 6 1 1 16 24 21 46 16 8 4 15 3 14 8 33 1 1 1 11 14 18 9 29 30 27 17 6 12 11 0 3 0 7 34 12 3 31 0 9 74 43 8 4 6 3 5 8 8 8 3
17 7 12 1 20 0 3 6 4 16 16 17 31 21 19 1 2 6 1 13 13 50 6 5 3 13 1 14 2 1 19 21 6 24 10 9 0 5 3 2 2 1 19 10 14 100 18 1 10 19 11 20 27 12 0 13 28 12 9 4 16 0 11 32 6 18 20 31 9 29 5 7 25 6 35
0 17 12 23 10 2 8 0 6 4 5 11 6 15 8 2 16 5 16 4 4 5 12 9 6 29 10 12 5 12 15 4 41 7 9 2 40 40 9 15 15 10 3 18 21 3 19 7 22 0 12 6 57 5 10 3 55 20 47 4 3 8 0 3 3 12 7 16 8 53 37 4 24 28 1
1 33 2 0 39 11 15 4 5 1 7 19 41 16 65 2 7 1 26 22 8 1 5 2 9 5 11 17 4 19 3 60 0 33 17 13 2 49 7 3 14 13 10 50 17 5 6 7 6 36 25 7 6 31 4 16 14 27 3 2 14 6 30 8 16 3 3 2 5 3 16 0 0 0 10
8 12 9 0 2 19 9 1 4 3 21 30 63 9 15 13 22 0 32 49 8 19 4 22 11 7 3 23 21 4 12 8 47 39 4 11 2 25 25 14 6 5 3 7 1 1 1 9 79 18 2 9 10 2 9 3 16 8 7 5 3 19 7 11 25 1 8 2 7 2 8 0 10 57 9
5 6 21 3 31 4 47 11 8 8 2 2 15 19 0 16 13 1 14 11 29 2 7 5 7 13 12 3 8 0 56 21 1 19 6 7 2 19 31 10 9 35 29 4 38 26 12 11 3 6 11 5 2 11 21 12 50 43 2 22 5 0 30 39 0 1 7 12 20 13 1 10 13 1 1
9 0 12 3 5 2 1 21 6 26 12 7 63 10 24 0 7 16 7 6 33 20 13 20 7 24 9 3 19 5 10 4 11 3 13 14 5 26 13 26 11 3 38 22 33 0 10 10 11 16 15 52 6 12 13 0 11 35 8 1 5 2 20 10 14 0 6 35 6 7 26 4 10 15 18
20 44 3 15 12 4 24 29 5 13 12 7 13 0 1 5 12 0 0 15 12 6 7 10 40 6 16 1 1 5 1 15 0 32 11 5 13 2 0 27 1 5 4 12 8 7 10 43 32 34 5 27 43 18 21 31 2 23 2 38 23 6 2 2 6 27 27 5 9 3 12 16 15 10 27
-1 32 10 2 3 14 39 1 12 21 6 3 15 41 2 12 4 6 26 3 3 3 4 5 1 13 12 6 15 14 15 0 11 0 3 2 4 51 19 7 0 3 31 10 16 16 77 23 10 5 31 8 17 3 45 22 32 1 5 14 4 3 20 11 3 51 11 14 8 4 2 15 7 3 36
4 7 0 6 27 4 0 4 25 28 4 0 30 9 19 0 52 26 4 9 0 6 26 42 4 14 0 23 40 17 4 23 20 21 18 0 1 3 2 10 18 7 6 27 29 32 51 20 10 12 22 17 11 7 2 1 7 3 4 0 16 16 18 20 23 2 4 1 31 10 7 11 1 4 18
3 2 2 3 13 10 2 7 36 5 18 0 9 10 2 2 36 3 10 1 30 1 2 9 48 0 22 2 35 44 1 0 5 40 20 14 5 25 11 3 21 0 34 24 7 16 4 85 10 4 25 3 1 0 78 16 9 8 2 5 36 17 2 1 2 6 4 7 5 12 5 27 13 8 12
30 7 0 0 0 19 6 55 0 0 2 34 6 53 11 2 10 36 1 19 33 28 10 20 5 5 2 31 29 12 2 3 1 8 1 0 2 91 27 21 15 17 5 0 25 9 1 9 11 6 11 11 14 3 10 7 13 2 4 51 31 14 4 1 15 1 2 21 15 7 19 13 2 4 5
10 18 1 29 10 0 0 5 14 33 0 29 4 17 26 7 3 2 3 7 7 38 5 1 31 4 13 8 4 3 3 11 26 73 4 4 0 14 20 4 0 20 7 13 26 33 2 19 15 1 11 21 1 37 23 4 12 5 19 9 12 17 8 2 3 0 12 49 21 1 0 31 61 10 4
2 32 3 31 1 4 19 19 8 5 10 7 13 36 3 4 6 7 4 10 13 14 10 14 12 13 9 21 9 9 5 8 43 5 1 16 14 5 7 44 10 7 2 0 2 16 7 0 24 33 21 19 56 37 9 14 40 8 18 7 22 5 34 1 15 10 11 2 26 7 6 14 2 15 4
5 10 21 16 3 40 11 14 2 2 6 19 4 1 1 5 1 49 14 34 4 23 0 8 1 39 6 31 10 2 2 27 12 10 33 16 1 8 24 24 47 5 56 0 16 5 18 33 7 8 17 3 1 6 8 6 13 18 7 42 3 2 12 18 16 11 9 23 5 2 25 7 2 3 7
-1 30 28 24 32 46 29 9 22 5 0 6 10 22 2 2 0 5 22 19 9 19 10 12 10 4 5 24 36 15 7 3 12 16 15 25 16 22 43 14 7 6 11 13 24 4 1 6 13 30 1 24 10 14 2 7 0 20 8 14 5 10 39 3 6 1 6 5 16 12 6 5 15 12 15
6 10 29 10 9 40 1 17 2 6 33 0 4 3 25 8 2 11 9 11 29 18 2 16 0 0 34 23 5 0 3 8 2 7 32 5 10 5 5 26 1 0 4 5 28 13 2 48 3 26 1 32 3 4 50 5 24 38 11 4 7 17 3 1 9 10 17 20 7 44 3 2 15 26 51
