25 75
-1 45 5 39 34 6 2 4 3 9 19 17 0 38 24 10 18 8 52 0 12 4 1 3 28 11 6 10 1 0 7 23 3 6 1 3 1 7 23 12 5 15 17 14 6 18 20 12 15 10 0 25 10 16 13 1 5 24 5 6 14 14 17 2 24 33 16 7 27 0 8 1 42 34 30
2 7 9 0 8 19 25 31 22 5 44 9 32 16 4 42 34 29 36 6 25 19 12 14 19 1 1 22 7 10 10 7 7 12 6 8 9 26 1 0 3 10 6 24 3 12 2 14 31 1 6 14 15 3 13 2 10 1 22 2 51 5 1 6 12 6 2 27 29 1 24 12 3 23 8
5 7 13 9 17 12 17 7 12 12 6 3 35 42 4 11 5 6 2 41 11 11 7 3 45 4 12 4 2 5 34 13 1 33 19 0 20 3 0 29 3 6 1 1 16 20 9 32 2 23 45 6 29 11 8 9 12 18 18 9 10 14 4 39 20 13 31 28 9 1 11 2 11 5 2
12 8 16 13 4 22 3 30 37 30 9 7 6 2 1 5 10 13 26 50 22 8 12 8 12 27 9 3 12 11 7 1 1 6 7 13 1 10 19 17 42 20 4 22 4 2 0 7 20 4 2 8 19 7 0 36 1 33 8 14 35 14 19 16 22 0 0 43 3 37 17 13 5 7 6
9 29 12 2 3 4 8 1 24 4 11 10 26 4 0 18 22 5 16 5 17 4 4 0 3 23 5 12 36 23 3 80 9 9 24 47 16 33 14 7 7 14 5 13 1 2 17 20 14 2 2 0 36 10 21 14 15 19 64 12 10 13 31 4 11 10 0 4 0 13 7 2 9 11 5
2 10 3 7 16 1 16 5 7 2 5 1 18 9 25 10 6 10 0 62 6 9 3 3 8 3 12 11 25 51 21 18 17 11 15 55 2 11 21 18 0 6 7 10 2 13 13 5 5 61 5 24 5 10 2 4 21 9 10 15 46 34 1 17 3 23 7 23 2 2 24 6 10 27 13
11 13 29 13 23 1 29 17 0 2 4 32 6 13 30 27 0 20 53 22 1 10 14 19 11 6 4 29 11 18 6 11 18 9 41 8 3 19 10 14 1 12 14 30 8 2 13 11 29 6 15 33 2 1 35 2 0 3 3 9 18 14 42 2 1 23 6 4 2 2 11 16 9 7 7
22 5 0 14 8 23 8 5 10 7 24 3 1 1 3 3 7 4 33 28 12 12 12 0 20 18 14 6 51 6 7 5 0 1 20 8 2 63 22 12 8 16 6 18 19 11 12 11 1 12 28 20 21 11 3 1 15 2 13 11 15 1 1 6 16 56 11 4 34 24 22 26 4 6 35
5 1 9 4 20 8 17 23 8 31 15 22 2 0 17 8 23 6 0 29 3 24 2 24 5 42 2 5 35 9 12 3 0 1 24 12 43 5 28 29 7 15 48 6 11 6 3 20 21 33 8 1 2 23 28 3 34 4 1 1 2 1 47 15 3 5 1 3 6 2 0 13 18 44 9
5 26 18 9 8 31 30 6 14 3 11 2 3 17 6 25 45 3 15 17 12 11 1 38 43 13 16 12 35 10 23 8 4 41 19 0 6 83 5 4 15 0 25 14 22 5 2 7 12 3 1 19 6 4 24 3 3 1 14 30 8 15 3 6 5 13 15 5 7 11 3 6 8 0 7
-1 22 13 5 15 25 20 1 4 6 0 10 37 23 4 34 16 17 36 3 5 15 7 9 10 40 11 13 19 3 5 8 10 3 40 17 8 6 12 8 9 28 9 3 10 7 23 17 7 1 28 5 1 14 26 3 10 44 0 15 4 0 0 3 0 26 32 8 11 25 26 7 41 8 10
13 61 4 1 2 3 18 9 15 3 10 5 0 20 17 1 18 13 63 4 19 20 11 10 3 83 32 0 32 9 7 3 6 14 37 24 9 2 5 22 23 2 16 0 0 15 38 14 1 4 10 10 18 9 10 17 1 19 3 7 20 21 15 13 0 4 14 7 0 3 6 20 23 2 7
34 25 0 1 0 18 0 28 5 35 15 39 2 3 18 3 9 3 6 9 50 4 16 70 1 5 7 0 19 1 19 12 4 9 12 10 11 11 12 36 0 9 27 49 0 25 14 15 2 8 19 4 9 14 8 10 6 5 4 2 62 9 20 1 12 3 4 15 3 0 6 31 18 20 4
20 8 30 1 5 41 5 4 1 8 7 2 36 1 16 12 13 13 16 2 37 0 2 15 3 43 9 1 1 2 10 3 9 5 15 2 7 22 6 4 2 31 10 4 12 7 5 64 16 77 27 30 2 24 1 15 9 3 1 10 24 15 11 5 1 43 8 33 51 11 5 0 2 2 2
29 2 4 9 11 43 18 28 9 10 36 8 10 3 20 16 4 13 1 14 0 57 4 2 16 0 0 22 0 1 21 0 12 55 9 14 4 53 4 0 25 32 1 5 3 10 1 18 0 16 0 5 19 35 17 28 6 6 10 24 20 3 3 7 14 14 5 10 21 0 17 27 14 16 6
16 0 12 0 15 13 16 7 29 10 28 6 15 42 6 11 34 7 33 1 7 28 0 10 4 25 0 39 10 5 19 1 26 0 0 8 16 0 1 32 13 19 5 14 2 2 0 6 19 54 16 34 7 0 16 12 44 21 0 11 1 19 2 5 2 52 20 7 19 12 4 2 14 5 9
7 34 16 2 31 11 41 2 18 18 3 31 7 4 13 7 5 2 17 1 20 14 2 1 89 3 4 15 22 15 6 9 7 24 35 1 22 24 5 1 18 11 3 0 8 5 5 14 9 0 16 2 32 0 9 2 4 20 28 4 4 13 0 1 1 5 6 13 10 0 7 8 31 110 12
15 44 17 12 4 29 5 34 13 4 9 3 2 6 2 12 11 2 8 33 1 34 12 15 18 6 19 3 13 12 9 10 36 12 14 24 28 11 2 12 7 20 11 11 34 2 11 21 13 3 2 1 9 1 8 15 3 4 16 6 14 0 58 3 28 5 4 9 16 3 19 7 20 23 37
7 11 31 8 21 7 4 6 35 2 27 18 3 0 24 0 1 21 1 3 13 4 4 8 10 11 15 5 23 13 14 2 6 23 2 12 50 1 14 59 9 15 4 29 3 13 5 16 6 0 43 0 15 16 2 2 39 3 28 0 10 2 4 19 15 20 5 1 33 9 33 2 13 43 24
12 8 0 9 4 13 16 12 5 1 16 15 51 12 1 11 4 13 25 5 4 22 7 65 10 11 3 34 13 18 4 30 25 17 1 7 12 34 31 23 5 13 12 13 9 12 10 3 0 14 17 3 12 8 17 27 34 0 15 6 17 26 20 11 6 3 8 10 17 6 11 4 9 2 16
3 7 7 16 22 6 33 10 2 0 19 10 4 9 23 12 0 67 2 2 16 15 0 0 12 54 49 37 30 3 0 7 7 8 12 11 8 2 36 6 1 1 4 29 5 12 0 24 10 10 38 16 25 10 43 4 0 11 8 36 26 5 0 0 6 10 1 36 6 43 0 8 3 1 1
24 36 14 3 5 11 13 6 6 10 4 4 2 4 12 0 27 13 28 8 11 28 8 2 12 8 13 16 12 25 29 10 2 6 16 0 20 31 40 6 7 4 6 68 34 5 31 9 0 34 1 2 16 25 2 25 3 5 8 24 14 23 18 7 8 1 3 7 23 4 24 4 5 10 15
31 10 37 16 2 3 27 1 22 26 9 54 4 8 3 2 1 3 4 8 14 16 41 39 15 21 44 17 12 1 0 5 0 14 46 0 55 8 13 10 3 1 19 2 2 4 1 10 25 2 2 2 3 12 7 3 19 9 13 18 6 9 2 25 28 5 0 9 16 6 7 19 8 41 20
27 40 10 7 39 9 18 25 6 12 9 3 23 14 2 0 6 4 14 7 12 1 15 38 4 18 0 0 36 43 3 1 8 17 21 3 23 15 7 22 20 16 12 5 17 13 17 4 30 5 10 6 19 5 10 20 11 27 9 10 41 9 34 8 7 9 1 1 16 2 30 0 0 10 4
0 29 0 7 4 27 9 3 33 2 1 14 22 14 30 4 16 23 9 5 45 18 36 4 19 17 29 12 0 3 12 8 11 15 11 8 16 10 12 20 16 24 42 14 3 14 5 1 16 0 8 3 37 8 2 7 42 11 22 0 2 6 7 3 20 27 5 0 5 11 6 13 36 2 24
