25 75
15 18 35 3 6 2 12 39 3 4 11 6 20 9 16 12 32 31 25 9 15 30 29 25 2 3 6 1 6 6 20 10 31 3 20 2 4 20 2 2 6 1 40 1 8 14 6 4 1 8 2 30 49 15 8 0 31 26 4 24 2 27 55 3 20 1 5 2 3 2 36 11 0 3 7
29 29 2 9 14 10 17 24 6 2 23 11 4 10 9 26 0 3 11 1 18 1 2 4 13 24 17 49 8 0 27 4 27 8 15 6 2 33 14 25 4 19 0 3 10 1 0 27 23 24 18 7 29 2 15 26 1 2 4 33 0 43 15 7 30 8 1 9 8 3 0 48 4 11 28
15 2 10 30 41 8 5 13 20 6 6 2 1 55 9 30 25 0 0 2 5 14 2 34 10 47 5 2 1 33 9 1 1 24 25 6 9 8 10 38 11 12 1 10 33 12 31 4 8 4 9 1 21 2 1 15 29 13 4 8 7 38 14 4 2 4 3 15 2 10 4 26 49 19 10
6 7 1 23 3 41 22 4 5 2 14 10 0 6 5 25 3 4 14 20 13 2 3 6 16 3 2 9 63 3 0 2 10 15 84 24 27 40 12 2 3 9 46 51 16 1 5 1 8 2 31 9 4 12 0 33 8 2 38 1 12 4 13 11 9 2 2 2 29 18 12 9 7 6 33
19 23 48 14 8 23 2 4 15 13 10 2 12 6 2 3 18 24 15 4 16 28 7 25 3 7 0 1 19 2 0 32 6 25 17 6 0 11 9 80 3 15 3 14 79 32 24 23 40 1 8 0 16 3 8 4 1 2 29 9 6 12 9 3 4 20 5 6 2 6 10 8 19 4 13
2 2 1 9 7 27 32 0 25 7 1 2 27 17 33 2 13 1 8 11 4 11 74 17 2 8 0 0 10 14 9 38 24 1 10 4 3 16 35 18 23 0 4 0 20 4 26 12 24 5 10 1 8 4 3 34 1 15 23 33 7 8 22 8 2 16 1 46 6 5 3 2 30 19 50
20 24 38 4 5 43 10 0 3 11 5 34 9 16 7 12 8 2 24 34 0 3 7 39 12 21 6 3 4 1 19 52 19 6 1 13 7 16 9 1 15 22 15 4 11 13 8 4 5 41 26 11 6 31 38 5 18 6 15 11 1 11 19 7 2 2 1 8 7 20 40 1 3 3 22
4 32 8 1 1 13 28 22 28 7 28 8 5 42 18 9 12 0 2 3 3 2 4 13 0 0 3 1 8 5 11 2 9 9 55 5 2 28 21 4 2 1 40 25 48 6 12 8 45 32 15 8 3 35 12 26 13 24 16 10 2 3 27 8 3 2 14 4 33 0 5 56 1 2 3
6 17 24 12 74 22 13 1 1 1 22 0 20 33 49 19 2 33 12 3 1 2 23 4 12 4 9 43 26 13 1 7 6 10 4 7 7 15 0 22 11 14 3 1 14 16 5 2 7 12 17 23 13 10 17 33 12 4 34 16 0 29 9 2 16 27 17 6 14 6 3 3 16 6 2
1 98 15 7 3 6 2 5 7 2 18 12 12 3 9 5 12 28 9 55 44 11 4 2 29 13 10 1 3 5 39 11 0 34 12 6 11 2 10 22 0 22 7 4 14 24 4 4 1 8 2 17 1 18 6 21 8 3 0 0 13 36 12 18 13 2 22 34 4 3 48 4 18 5 26
14 3 1 7 7 8 8 10 11 0 2 11 10 0 0 10 12 23 0 1 19 6 11 9 9 34 3 64 15 13 15 23 9 6 7 17 0 38 22 17 4 0 0 15 5 12 9 50 4 17 5 71 31 63 4 5 0 13 6 2 8 17 10 69 21 2 1 1 3 1 11 23 1 34 7
50 8 9 18 68 8 13 19 10 6 2 5 24 17 11 5 17 6 26 1 3 3 5 13 1 8 5 8 28 3 31 1 1 8 15 23 3 80 15 3 9 8 10 34 6 5 7 1 43 15 7 11 10 23 5 46 37 27 17 4 25 12 0 4 0 1 15 2 1 1 2 6 13 1 12
12 26 3 0 55 0 7 20 43 6 14 33 2 14 7 7 5 11 14 6 1 3 0 93 12 9 3 11 8 34 6 6 11 3 4 8 8 34 5 21 5 11 81 1 6 0 3 8 3 14 1 10 5 18 21 6 8 5 7 3 18 13 13 1 12 17 14 0 12 7 7 19 31 18 37
13 0 8 39 1 5 3 59 23 7 24 4 8 52 23 9 1 12 0 13 2 33 5 63 16 19 33 10 26 6 15 54 18 16 14 16 15 2 20 3 0 28 8 8 13 7 2 0 1 2 6 22 20 1 2 9 25 27 11 2 7 21 21 9 2 0 1 5 1 9 0 19 14 6 1
11 23 5 13 0 15 6 14 0 36 10 4 118 0 0 3 7 5 41 3 45 40 12 4 10 1 0 6 0 23 2 5 0 9 2 20 40 3 27 0 7 1 46 4 0 15 14 9 14 5 2 24 19 2 15 3 42 28 1 14 5 11 12 5 3 25 37 1 6 7 14 0 2 24 20
15 5 15 11 0 15 15 15 5 0 12 8 1 7 54 15 7 48 4 12 2 14 9 34 8 8 21 6 2 4 14 1 53 1 11 5 7 4 0 8 26 16 8 25 46 61 18 16 9 13 18 8 9 10 9 14 27 2 0 4 7 9 20 4 30 14 3 17 8 0 3 6 9 0 55
-1 13 0 7 42 7 72 3 31 22 0 2 21 8 4 1 10 6 35 11 24 11 20 7 7 2 4 5 36 4 0 16 13 22 29 15 18 1 18 2 7 7 0 24 1 43 27 11 0 15 39 34 32 2 5 24 15 3 2 10 1 5 15 10 6 6 2 11 12 6 32 8 9 4 24
0 6 9 6 4 44 10 15 15 0 30 39 19 16 2 4 0 4 2 4 19 41 3 27 0 15 2 3 11 25 10 66 9 6 36 18 25 1 15 18 30 6 0 38 2 9 20 15 51 15 0 3 4 9 5 15 15 1 4 17 2 2 16 0 6 28 2 12 7 11 4 12 38 7 15
14 28 2 22 41 69 7 1 9 11 53 15 4 32 14 36 18 5 1 7 29 1 11 9 12 7 19 5 3 2 24 7 1 4 8 8 21 17 3 4 16 3 5 1 7 28 12 21 13 2 2 5 11 11 10 0 11 34 1 66 16 1 15 3 5 0 14 13 3 8 25 5 9 1 39
1 11 8 22 1 8 28 4 7 3 7 8 10 39 36 1 0 14 0 1 0 18 21 22 2 10 23 1 9 11 6 13 8 0 12 14 59 40 14 1 19 26 4 0 12 15 16 8 49 32 1 24 1 20 0 38 15 2 2 10 4 7 8 10 9 3 35 18 53 5 3 9 11 29 9
6 5 35 12 17 16 9 1 39 8 2 30 25 4 3 8 7 6 7 16 13 5 14 34 16 23 0 7 1 18 18 2 4 4 0 4 32 3 22 1 4 20 2 4 21 6 7 27 37 15 2 4 8 2 3 4 20 9 29 61 22 4 79 8 0 2 4 4 3 24 64 12 3 6 3
11 15 16 29 0 13 31 39 52 18 16 5 4 28 6 1 1 13 7 5 0 35 2 19 1 13 0 4 11 11 28 43 14 30 0 1 89 2 61 5 1 8 2 4 9 0 0 0 24 9 12 7 1 27 0 18 31 5 2 15 4 1 12 6 9 11 12 9 9 6 2 12 11 23 19
1 7 23 4 15 5 5 16 14 17 17 24 27 50 0 15 54 6 21 11 10 27 15 0 9 3 22 7 10 2 14 5 0 11 3 4 4 15 8 2 30 16 51 28 4 22 61 11 1 30 5 13 2 6 14 5 3 21 1 5 8 37 2 33 3 35 10 2 4 10 11 8 2 0 3
10 1 10 21 3 15 8 0 28 0 35 4 26 6 6 23 21 0 12 8 3 36 9 11 4 12 0 22 1 3 13 7 9 89 5 0 7 17 12 16 8 1 2 26 10 19 35 12 4 10 5 4 14 15 28 3 3 25 26 11 51 8 22 10 5 1 19 1 26 0 10 17 0 43 13
4 2 0 0 57 32 4 2 12 14 0 7 7 2 4 27 42 5 8 1 1 57 10 25 9 2 3 20 0 8 24 0 10 24 4 20 0 2 6 38 0 18 0 24 34 13 16 28 1 45 6 30 15 35 1 4 7 6 4 5 4 0 70 37 15 6 18 11 0 13 7 12 18 2 2
