25 75
2 28 29 3 1 1 17 1 1 13 0 11 18 24 8 17 5 10 12 8 2 72 7 2 9 73 4 14 6 1 4 5 0 2 14 8 28 7 26 32 6 21 11 14 5 4 2 16 13 0 3 8 16 33 11 3 10 15 4 7 14 1 41 19 1 6 7 1 0 3 19 42 42 43 34
5 2 8 18 6 13 0 47 1 2 16 13 17 9 0 19 23 21 17 34 36 6 14 10 4 8 37 56 13 15 9 7 0 9 1 3 8 24 13 8 9 8 1 12 1 35 10 38 5 3 51 3 0 24 15 5 4 31 3 53 1 3 10 15 3 34 4 1 1 6 10 3 0 45 1
8 2 28 7 1 3 7 25 0 0 0 3 25 33 15 53 0 14 14 5 15 32 18 22 37 3 31 18 43 1 1 20 17 13 10 23 7 2 15 38 3 9 11 2 19 1 6 2 4 8 2 3 27 24 12 18 27 0 5 17 30 8 6 0 5 24 15 14 0 10 39 23 12 2 3
16 0 12 13 17 4 5 18 16 12 3 12 17 14 12 5 2 23 1 24 7 60 18 14 9 3 19 15 3 3 19 40 5 47 34 1 41 4 25 17 18 1 0 8 5 10 1 2 6 4 1 47 11 16 7 4 12 6 27 23 3 36 10 2 12 11 3 9 2 28 17 30 13 3 2
4 9 9 5 28 5 8 15 10 19 18 10 26 21 4 3 19 19 7 5 0 21 23 15 6 54 40 18 30 4 25 11 5 2 11 3 1 7 12 20 17 9 33 43 2 6 1 35 11 6 22 22 5 13 0 6 33 13 5 8 11 11 15 4 4 16 20 11 14 8 15 7 14 1 7
7 7 6 0 33 54 2 1 21 37 23 13 11 2 19 42 20 28 7 4 2 12 9 4 9 23 0 30 5 16 21 5 44 40 7 18 11 2 25 1 16 10 5 4 2 1 15 2 19 19 18 38 4 23 18 17 3 9 4 10 10 3 19 7 7 40 12 2 3 1 5 4 6 12 11
23 19 59 27 6 0 3 33 34 39 6 19 71 22 1 1 2 2 18 10 1 22 23 36 3 0 19 2 0 4 16 3 9 10 10 25 1 2 19 4 21 17 3 15 4 2 36 5 2 16 0 1 1 9 9 56 3 16 1 8 4 2 22 4 1 13 8 2 3 6 22 1 3 32 48
3 12 3 7 12 12 5 26 22 13 7 6 0 61 1 9 4 8 23 2 30 0 22 63 19 11 4 17 8 18 6 22 1 1 4 0 0 17 4 31 4 4 7 4 7 34 20 19 4 3 16 6 34 6 18 11 6 25 24 13 17 25 3 1 6 62 10 50 1 30 6 3 4 2 1
7 1 12 3 0 50 1 10 7 6 24 11 19 1 0 2 0 20 3 10 2 1 14 7 25 9 23 82 1 3 18 10 5 5 4 2 12 42 45 2 9 4 10 5 33 32 30 3 28 48 6 5 0 27 19 14 15 19 2 4 0 9 34 1 22 4 28 3 5 10 39 15 10 0 8
0 24 1 1 38 10 12 3 5 9 11 1 6 21 1 27 2 1 7 8 35 7 14 11 4 19 10 21 16 9 34 5 18 14 0 16 45 21 12 12 16 39 9 5 11 2 3 15 20 8 49 35 2 7 1 5 12 1 21 4 42 17 16 1 0 1 20 34 1 1 2 3 38 24 24
0 1 18 26 28 59 34 6 3 8 3 19 7 3 9 8 11 27 19 31 3 3 14 3 5 7 5 4 25 0 5 3 2 12 40 4 71 11 6 5 6 24 16 6 25 5 21 1 17 4 18 22 13 16 8 5 52 21 4 3 3 11 6 4 3 5 6 5 39 25 2 0 2 1 53
9 3 3 16 17 31 24 11 21 8 18 2 7 5 2 6 19 1 1 3 8 13 20 3 3 25 5 20 25 35 10 16 7 44 11 14 14 8 12 26 49 7 10 5 26 3 31 16 1 32 2 17 3 5 18 6 2 10 4 7 18 3 2 2 17 28 14 12 32 7 14 17 23 9 22
34 12 0 1 24 8 4 2 2 13 7 4 12 39 21 4 24 19 8 38 13 25 33 6 12 0 0 8 10 7 10 1 19 23 0 29 5 15 22 42 8 10 11 25 37 49 20 6 1 15 6 5 8 1 8 5 27 4 30 47 14 10 9 15 1 8 2 24 9 2 1 6 2 5 13
19 6 0 2 31 29 52 42 6 9 7 22 2 14 14 12 78 26 3 2 4 1 22 8 25 6 14 10 5 24 2 5 8 2 0 3 24 9 4 0 3 19 13 6 17 4 13 25 36 5 1 1 8 6 42 47 30 8 15 31 8 4 6 55 10 5 3 5 1 1 1 7 2 5 5
22 29 8 7 16 12 7 5 13 12 4 5 19 31 0 19 1 18 15 17 3 16 19 16 3 25 10 25 17 8 13 84 8 18 14 27 2 8 7 4 21 52 13 8 7 8 23 8 3 0 0 2 5 12 0 18 7 2 30 1 8 32 2 11 28 3 14 13 1 4 19 0 7 7 44
12 17 17 1 10 10 26 13 6 12 11 0 0 0 25 19 13 15 8 12 2 2 14 3 0 5 17 26 3 5 21 3 51 5 22 6 18 21 1 2 28 5 13 40 3 23 9 0 4 7 36 6 8 2 0 15 18 27 0 30 15 3 19 2 51 16 8 5 8 6 4 22 28 11 74
-1 34 0 1 21 10 9 11 8 1 8 40 17 13 8 28 24 4 26 1 7 5 21 16 7 0 33 1 16 1 20 4 43 56 11 41 6 3 8 1 0 24 4 10 0 6 4 2 5 31 6 8 0 14 26 8 3 5 34 6 1 4 8 4 43 1 46 38 16 1 2 20 10 9 38
2 10 20 0 6 2 18 8 6 66 11 7 17 0 12 4 15 66 17 14 22 1 0 15 16 0 4 2 20 17 39 12 8 1 5 7 9 7 7 12 5 6 6 17 17 9 7 0 40 1 10 23 7 9 2 6 22 22 63 82 11 5 3 3 11 16 20 0 17 2 22 1 0 27 3
4 3 12 8 4 17 15 24 14 0 1 4 2 42 11 22 2 7 8 3 32 70 3 15 31 3 1 23 16 24 54 13 18 60 4 15 13 7 10 5 14 9 16 17 0 17 7 17 2 11 20 1 2 0 1 4 2 28 17 43 6 2 26 21 2 21 3 13 2 5 11 39 0 0 1
-1 11 1 8 1 7 1 17 21 3 24 32 13 7 26 9 10 6 46 32 16 25 10 17 13 14 3 17 2 21 12 14 0 4 25 7 9 18 17 10 0 25 4 8 0 0 22 20 6 7 8 16 1 0 20 1 43 8 10 6 12 9 12 9 7 8 36 10 31 9 10 19 3 88 4
13 7 21 9 3 5 7 30 25 31 3 8 31 0 0 29 10 22 14 6 8 0 11 20 59 13 1 20 29 23 0 1 11 0 33 22 0 21 6 0 1 24 5 5 9 12 16 60 19 16 12 21 18 5 24 30 1 3 1 10 23 7 14 2 8 3 4 20 21 12 2 1 5 18 16
2 23 17 6 4 2 0 3 16 12 5 8 3 7 3 3 2 41 2 6 12 5 68 0 16 4 5 22 0 44 43 10 1 61 30 1 19 26 7 5 13 23 9 6 0 23 17 44 12 4 5 3 5 9 5 25 42 5 41 12 3 0 0 19 6 16 6 1 3 31 24 8 5 20 11
9 15 13 68 12 11 14 1 17 3 7 10 2 2 6 11 5 2 35 16 45 34 8 0 5 14 65 30 70 0 18 9 15 10 14 24 35 4 1 0 15 4 9 4 5 14 6 16 0 31 0 2 26 4 20 6 0 21 0 8 17 5 0 21 2 11 3 14 5 13 5 7 2 14 30
0 22 10 19 3 11 4 2 11 14 77 0 4 1 24 4 4 34 0 34 12 19 2 17 3 2 2 5 2 9 2 8 7 8 46 27 9 0 3 20 2 2 24 1 45 31 10 6 11 7 12 19 8 9 32 4 22 11 41 7 5 40 2 21 0 13 1 10 1 39 53 4 13 8 5
0 6 4 11 25 6 23 24 17 30 11 10 6 8 13 2 7 63 0 15 1 2 13 43 19 4 7 8 7 5 7 7 24 1 0 3 1 18 14 10 19 31 1 16 1 10 0 1 3 17 5 22 4 4 6 40 13 18 2 49 22 4 12 32 6 1 0 3 10 72 8 17 28 21 27
