25 75
-1 8 1 75 6 15 2 20 5 1 1 0 34 10 42 22 6 13 31 33 2 18 9 3 2 6 4 10 14 28 9 1 2 26 5 32 4 52 15 1 0 16 10 2 9 3 10 2 2 4 18 34 11 30 3 34 15 6 10 30 6 13 1 13 21 1 17 20 7 26 25 1 3 18 12
-1 0 28 0 2 25 2 26 16 16 9 49 5 3 6 31 7 8 4 3 9 15 31 4 8 0 48 17 2 28 2 0 13 13 42 32 2 36 37 18 10 18 13 8 0 21 12 7 2 0 1 31 4 13 2 21 32 10 18 8 16 36 11 18 4 0 10 3 13 28 18 5 1 3 7
11 12 8 28 6 0 2 7 19 5 18 25 61 36 3 13 1 0 7 25 3 10 6 20 16 36 10 36 1 2 13 7 1 11 14 14 20 13 6 2 2 18 10 40 7 7 3 3 9 25 5 28 5 5 18 0 26 16 0 10 33 8 4 17 12 34 2 23 8 2 22 40 6 10 14
0 7 23 13 43 8 2 20 37 6 36 6 21 12 12 19 0 19 25 5 16 13 4 0 35 37 5 7 5 27 8 14 34 10 9 16 5 18 4 1 0 18 2 3 15 6 2 10 8 10 29 5 3 33 35 1 7 8 30 21 6 6 7 0 6 0 9 29 1 13 26 0 26 18 25
5 0 3 1 8 2 15 9 58 51 9 7 3 8 17 3 8 5 15 21 10 7 18 43 1 1 19 9 4 63 9 17 5 1 8 25 25 5 6 5 52 0 35 34 10 12 4 2 22 23 15 0 0 15 71 13 8 11 8 5 2 2 0 5 14 1 14 1 16 9 0 1 13 20 33
28 5 12 29 44 0 8 30 10 11 20 46 0 23 0 10 14 0 4 66 3 0 1 2 2 0 17 4 8 16 1 34 6 17 15 15 1 22 11 22 1 51 6 16 14 14 7 44 13 1 18 26 22 3 6 2 10 0 25 23 8 24 15 1 3 26 3 12 3 3 6 11 5 12 9
10 6 4 4 13 4 17 11 10 30 6 3 24 25 35 0 16 4 10 24 4 15 9 11 0 31 4 5 1 10 25 0 21 5 7 3 7 4 8 22 17 57 16 0 3 2 10 11 22 0 15 9 30 49 57 5 10 18 10 21 1 9 6 47 26 24 2 2 0 10 5 2 30 2 24
0 5 0 7 0 31 30 22 48 3 10 10 10 21 3 0 6 64 3 16 3 3 22 2 4 2 3 35 7 20 2 8 23 13 20 11 7 15 6 0 15 10 3 4 4 8 0 2 2 13 2 22 15 8 6 8 14 38 3 8 15 24 44 0 67 16 1 59 9 0 36 31 9 8 1
-1 15 16 26 5 13 0 12 24 29 4 0 4 19 24 18 0 7 2 11 5 20 5 0 9 8 10 15 29 0 4 7 21 9 47 2 20 8 15 0 2 1 35 46 0 12 28 4 0 11 43 4 0 11 52 23 30 10 2 11 0 6 22 22 15 7 4 2 8 22 7 70 5 7 16
5 26 17 45 34 20 29 6 9 1 5 1 5 26 0 4 0 2 13 13 8 8 60 15 2 20 8 14 16 2 40 13 59 18 17 2 17 10 3 14 12 6 11 40 11 0 17 16 16 29 5 10 9 2 4 16 8 18 8 11 0 7 24 14 11 6 12 13 23 0 5 11 15 1 2
5 2 0 37 46 4 0 6 2 15 22 0 43 13 5 57 5 11 1 16 30 3 22 10 2 4 29 0 7 3 10 0 3 11 44 12 7 3 11 26 9 0 49 2 17 8 2 7 19 18 8 18 14 5 3 14 4 0 10 4 8 30 13 18 11 3 28 23 4 1 38 28 39 2 16
32 6 8 11 4 4 37 11 1 3 11 38 14 40 25 4 7 20 18 2 3 0 0 12 32 0 13 13 0 23 2 10 9 27 32 8 1 25 6 53 18 5 12 3 31 4 3 12 12 38 1 5 15 7 12 15 2 6 4 1 2 4 43 7 8 7 5 5 8 13 31 10 1 55 30
11 6 6 9 4 4 6 16 4 3 4 22 19 31 35 3 19 54 25 18 6 13 18 49 29 30 5 16 15 4 0 20 4 2 16 3 5 8 3 3 12 8 18 15 7 6 12 25 20 5 23 19 4 0 9 20 11 1 42 33 3 6 10 0 5 10 9 22 13 13 0 16 10 28 17
16 0 4 22 25 1 9 11 5 48 19 10 5 6 0 0 1 16 24 6 11 0 10 23 35 22 1 4 8 33 7 1 15 9 13 14 9 10 2 0 1 32 26 14 1 9 2 3 42 37 41 58 10 16 15 14 3 15 4 33 17 5 1 1 26 15 14 8 13 0 15 3 42 1 8
1 2 135 17 7 14 10 3 11 1 21 8 11 0 14 4 9 13 9 21 3 4 16 2 5 20 15 7 26 30 0 13 0 4 2 2 7 7 63 4 12 36 31 7 31 0 40 18 13 10 4 3 1 19 11 26 4 6 7 4 25 10 18 2 0 41 12 6 0 9 0 14 6 27 6
12 31 1 2 6 17 4 6 0 16 2 17 20 21 7 0 16 3 9 3 7 50 13 39 16 0 25 16 8 14 19 4 18 2 42 9 6 21 28 6 2 1 5 32 20 43 11 5 35 0 8 29 5 1 13 2 4 33 12 20 18 16 6 11 16 4 16 45 10 4 7 5 7 4 14
6 5 4 5 12 0 21 4 2 14 12 9 2 10 4 12 15 24 31 10 4 3 12 5 25 3 8 9 35 34 0 65 1 17 6 6 56 11 36 1 1 15 1 22 49 15 18 1 7 14 23 1 22 1 0 3 30 1 13 27 2 4 8 8 0 23 31 5 4 32 24 20 31 3 2
14 20 33 14 1 5 23 16 22 8 12 17 15 1 16 15 10 9 4 6 20 3 31 0 23 12 4 2 1 4 26 6 4 27 0 17 1 31 2 26 48 29 2 6 18 6 36 0 7 22 14 18 11 12 1 6 4 12 18 7 22 6 1 7 7 13 0 22 19 15 7 6 29 46 22
17 27 10 11 33 3 0 13 20 16 12 3 29 10 8 1 14 28 44 17 18 21 10 6 1 2 15 29 1 1 0 13 7 33 7 9 17 30 1 22 0 25 21 29 2 2 18 2 3 4 16 2 14 18 2 1 3 19 17 13 11 42 21 20 7 18 10 0 10 23 12 19 12 22 3
0 5 34 34 4 0 7 21 1 0 16 16 3 5 14 5 14 14 50 19 1 4 11 13 8 10 22 0 7 19 17 13 51 6 1 3 0 4 10 44 21 7 4 68 8 2 7 11 7 2 4 12 26 9 51 20 10 18 18 4 3 55 17 2 14 4 2 8 12 10 0 31 16 8 3
16 10 13 3 17 20 8 37 5 7 19 3 2 24 10 8 3 40 5 16 20 27 24 24 7 10 1 31 4 12 3 12 26 9 28 27 5 19 5 11 18 10 21 14 15 11 9 7 7 10 3 32 24 8 12 3 9 3 5 52 16 0 6 9 22 3 21 8 3 4 3 29 1 15 16
4 4 54 7 30 7 4 10 5 7 11 7 61 3 13 4 82 4 19 8 9 12 2 6 15 1 21 0 8 9 5 4 10 29 18 25 3 6 0 0 28 18 76 33 0 20 5 9 2 3 2 5 30 16 2 38 6 5 11 0 1 23 15 0 4 11 15 3 1 3 30 9 0 47 2
6 6 25 22 17 16 16 16 25 15 9 1 40 2 7 15 7 2 13 42 0 39 11 9 62 0 7 3 5 0 12 4 21 1 10 16 17 6 12 15 13 3 14 7 3 19 12 13 3 1 7 5 3 3 13 12 12 66 15 7 58 13 5 21 0 1 2 27 20 10 4 24 26 0 6
2 31 10 16 14 77 44 3 5 16 1 18 26 0 45 4 0 5 4 9 4 2 24 0 4 38 16 2 14 9 27 34 0 25 29 8 1 2 18 3 14 5 14 4 13 9 2 20 4 31 4 6 4 3 43 11 23 3 6 11 16 5 7 4 14 30 18 12 8 0 1 10 16 21 18
1 116 13 0 1 29 65 4 1 1 3 45 10 24 13 10 5 14 1 3 32 1 17 3 10 8 3 11 37 2 5 0 25 1 32 21 4 8 48 5 1 4 12 3 10 3 0 1 7 7 35 0 13 6 9 5 1 14 12 31 2 16 5 12 3 20 14 6 17 17 22 1 37 6 16
