25 75
5 7 8 1 66 4 7 42 2 3 18 3 1 2 35 4 1 4 0 3 0 15 52 23 14 3 26 1 13 8 36 13 20 65 5 8 19 2 1 2 2 14 52 5 2 11 16 0 0 6 72 1 1 6 11 16 33 30 14 9 4 48 7 1 23 9 5 0 7 15 0 12 14 3 9
0 7 0 0 7 3 1 26 21 18 2 4 0 9 10 57 13 37 5 31 29 28 11 16 32 14 24 4 11 1 10 4 10 31 3 13 23 0 7 7 5 6 3 7 10 1 64 14 6 10 8 56 11 5 19 10 23 4 20 42 24 8 0 19 27 2 7 16 0 2 6 9 3 10 14
12 11 0 16 0 6 6 1 24 10 8 3 4 16 14 12 17 7 3 28 45 7 3 1 7 24 12 0 27 2 34 11 33 51 6 1 4 3 31 9 2 24 40 26 28 18 36 10 14 14 14 1 1 19 21 36 12 0 2 44 4 5 0 1 9 13 17 21 9 4 7 22 1 5 11
60 6 1 4 21 6 30 2 0 18 16 2 4 7 10 19 4 34 50 7 34 4 11 0 4 8 0 20 6 0 4 1 3 30 22 52 2 19 51 1 27 32 7 0 6 4 18 24 7 18 30 8 6 3 2 8 10 7 24 22 3 8 34 18 22 11 26 3 5 8 1 0 12 0 13
9 27 4 15 13 1 7 0 8 27 8 3 53 13 6 16 12 2 31 32 0 13 26 39 14 10 9 15 5 2 9 2 12 2 2 13 22 1 20 2 31 5 0 7 76 36 26 6 5 4 32 0 0 3 23 6 21 15 5 2 0 0 29 1 6 42 15 5 5 34 36 6 4 6 3
0 11 8 2 7 19 26 3 9 12 14 31 42 21 76 56 9 2 46 65 13 6 29 13 7 12 4 5 46 22 17 0 0 1 4 3 0 0 12 2 16 6 0 3 37 13 12 11 11 6 4 0 7 7 32 23 16 21 28 9 3 3 0 6 2 9 13 3 0 22 1 12 4 1 4
9 1 9 4 10 28 18 37 53 14 11 4 3 19 12 10 29 33 13 7 5 33 37 7 24 0 12 4 4 6 4 2 2 2 20 0 0 13 1 10 23 4 18 20 9 22 4 16 9 52 42 10 3 11 5 26 9 13 1 2 22 1 28 3 13 3 3 19 7 24 14 38 5 1 10
0 35 14 0 14 5 21 27 11 29 17 13 9 8 1 9 58 11 1 4 46 9 33 27 1 11 8 14 0 0 2 5 9 9 7 32 16 1 6 12 30 3 4 19 2 2 6 1 32 2 2 15 9 5 3 6 17 0 22 11 5 18 2 9 23 12 9 9 43 10 54 38 5 25 12
10 6 1 5 9 0 21 9 39 5 66 8 23 12 16 2 16 19 13 3 0 7 27 41 6 1 2 2 49 17 5 1 11 8 17 22 1 17 28 57 11 6 6 3 5 6 45 4 9 19 5 11 1 2 33 2 25 3 17 6 22 45 24 3 20 2 2 13 2 10 1 18 3 12 2
4 19 0 2 9 3 32 7 16 10 5 14 1 4 54 4 2 0 1 12 3 7 21 33 10 0 8 7 19 1 76 5 15 12 9 11 1 10 19 1 44 7 23 11 0 12 31 0 6 21 22 3 0 3 33 10 35 4 2 0 27 27 4 12 28 1 52 18 17 2 9 20 11 9 29
1 17 44 80 20 21 0 7 2 1 3 20 4 7 4 6 4 15 5 21 25 6 11 14 4 7 7 2 11 8 3 9 5 6 11 0 6 12 16 18 9 0 0 5 3 4 24 8 32 7 4 52 29 5 0 8 17 9 6 7 5 53 35 18 49 8 26 19 3 3 33 11 14 7 24
27 22 6 11 7 12 8 16 3 30 1 4 10 10 1 1 5 0 8 43 9 0 20 48 24 8 1 7 25 0 34 28 0 4 0 7 48 3 9 9 18 36 3 1 0 4 8 22 1 6 6 3 1 2 3 61 11 0 26 4 28 25 15 12 24 30 6 6 15 1 88 8 2 14 1
9 5 5 6 14 9 32 14 19 0 2 2 9 12 14 0 6 29 2 5 9 52 2 1 8 30 15 3 5 41 15 3 2 0 3 19 32 66 20 2 13 24 3 5 6 3 8 9 20 34 5 25 34 4 3 36 13 12 2 20 10 4 8 6 8 3 25 30 0 4 34 5 34 1 27
21 6 8 12 2 1 37 22 19 62 2 30 3 5 0 4 20 6 17 8 1 1 3 5 14 14 12 6 0 8 7 1 11 9 11 15 13 12 25 1 10 11 44 1 28 13 1 0 1 52 12 21 27 18 35 21 1 0 14 6 8 68 2 18 1 3 24 13 20 7 3 33 8 21 1
17 8 10 6 13 6 16 20 9 10 14 11 3 4 11 20 5 20 26 9 4 5 19 1 22 0 14 14 2 10 62 11 5 5 3 19 0 7 0 21 6 9 8 15 11 7 0 7 9 9 18 13 17 61 25 70 3 15 12 2 0 71 1 1 1 25 0 0 22 1 10 27 30 22 10
-1 4 16 29 0 0 55 6 37 41 18 52 3 15 46 12 24 9 2 0 16 10 20 36 10 32 6 4 1 11 26 2 2 10 7 2 9 7 19 43 3 6 25 0 16 3 37 0 7 10 15 6 6 3 25 5 4 4 15 19 0 13 17 15 11 9 1 0 0 3 11 7 7 52 4
5 22 29 13 16 6 3 7 38 13 9 5 12 6 8 6 21 4 6 1 6 5 6 76 20 1 12 3 33 28 22 18 5 22 26 6 13 78 25 14 10 6 18 11 23 16 17 1 16 1 4 0 21 10 1 1 23 5 3 3 24 18 7 2 13 27 9 1 5 4 33 0 3 14 1
14 25 8 2 2 1 5 0 18 0 34 4 4 8 47 23 4 15 8 20 9 25 5 0 5 20 2 21 2 37 8 2 1 4 9 6 0 3 68 11 2 10 37 34 10 14 7 40 1 69 4 3 10 15 23 10 19 8 32 11 7 30 9 5 6 22 6 8 9 12 27 13 0 2 5
2 7 11 1 8 3 6 0 20 32 7 21 4 6 18 9 0 13 5 0 46 3 0 26 3 3 9 2 1 19 3 13 28 12 34 4 33 35 31 5 4 0 6 12 2 37 4 7 2 11 0 25 7 0 12 5 4 33 32 1 3 12 21 2 68 19 18 5 4 89 4 15 27 21 5
17 6 10 32 8 11 17 23 13 4 0 2 9 1 0 1 25 16 23 15 54 5 16 22 36 3 16 11 8 3 0 7 6 13 5 2 5 32 1 43 16 6 9 43 0 9 16 17 47 5 21 7 7 3 13 2 17 3 0 7 2 21 16 4 16 24 19 13 2 11 0 21 50 23 9
16 38 17 1 34 21 7 1 2 3 1 2 0 11 3 6 11 4 0 7 43 6 3 4 1 11 17 27 9 33 14 55 5 12 6 12 10 5 21 1 17 2 3 16 7 0 10 24 22 24 0 15 22 15 48 19 16 0 2 2 11 25 29 7 28 31 11 20 36 1 3 36 6 8 4
23 2 3 11 5 4 17 1 6 5 24 1 0 20 23 27 29 2 2 35 17 28 2 19 3 5 4 4 27 7 11 11 11 29 55 3 6 13 4 2 26 15 15 7 5 1 6 3 20 13 11 7 18 8 10 45 1 10 33 13 3 13 10 10 0 16 10 38 19 11 43 8 7 12 32
17 0 6 13 22 8 4 2 5 15 0 83 7 11 9 0 0 5 14 4 18 65 10 0 17 22 7 19 54 5 16 19 0 7 69 3 21 16 3 15 3 20 0 8 43 10 22 4 6 3 4 24 12 28 7 20 29 21 2 5 1 22 5 8 5 28 2 12 2 3 1 9 4 0 16
4 2 16 9 5 17 5 5 24 1 15 2 2 11 0 7 1 3 26 19 2 4 1 4 25 3 14 59 24 27 0 3 4 31 22 4 5 8 14 7 5 14 0 2 35 46 20 3 2 6 5 20 0 0 1 16 19 22 1 24 29 14 39 3 9 12 20 19 4 29 16 2 19 65 44
7 6 2 17 0 5 5 8 18 9 2 12 15 22 4 7 2 3 33 45 2 7 8 0 1 4 7 3 21 3 13 5 27 3 2 10 23 0 6 32 8 18 24 18 37 22 25 0 24 0 2 7 37 69 5 23 45 26 9 4 2 40 6 0 8 25 1 15 0 16 41 0 10 24 10
