25 75
27 8 9 2 2 1 18 9 12 7 11 21 12 13 19 5 2 20 24 3 5 4 12 26 18 24 18 8 31 6 5 1 4 8 13 3 1 41 24 8 6 12 10 1 5 20 26 17 16 4 22 2 20 9 1 19 2 7 18 5 10 30 0 3 0 6 26 1 17 89 1 19 31 4 56
-1 2 18 37 20 8 37 18 8 10 5 32 3 7 12 6 1 2 3 8 2 23 14 66 15 7 10 31 48 2 22 3 2 2 4 2 4 9 5 17 5 1 33 18 3 29 6 13 4 5 8 79 4 55 11 17 12 9 10 0 1 2 4 14 2 26 3 14 31 6 6 19 3 4 19
-1 45 16 18 2 5 5 9 67 0 1 6 1 40 0 3 6 44 74 0 0 3 5 27 0 21 1 7 2 12 5 1 4 33 1 1 16 0 0 40 9 10 20 18 2 19 5 18 12 5 31 14 7 26 24 13 6 21 62 6 2 1 4 11 7 6 1 2 2 11 6 14 67 1 17
11 13 6 10 6 21 43 16 3 10 0 29 20 12 29 5 29 6 1 8 12 13 4 48 6 5 2 2 30 2 31 8 17 5 4 2 18 37 9 19 10 2 0 21 16 1 10 34 2 31 13 3 11 58 7 54 38 6 4 8 18 2 0 6 16 9 8 4 1 6 12 3 4 25 5
7 6 5 1 11 13 5 4 2 17 1 22 20 8 37 11 12 29 3 1 51 4 9 5 14 4 47 60 1 30 9 28 10 14 24 22 18 2 8 20 10 2 15 5 4 15 11 6 6 2 5 1 40 2 17 3 8 5 4 0 11 1 22 19 19 3 7 9 12 3 19 31 51 31 6
12 0 16 3 9 8 2 0 2 4 6 19 22 17 1 26 30 7 32 20 6 29 16 3 2 2 17 6 46 10 16 17 15 39 0 33 38 1 21 20 10 6 5 4 25 10 12 2 7 18 7 45 5 6 5 4 10 1 10 4 7 4 19 2 2 25 16 4 18 85 3 7 11 9 19
5 41 2 7 15 29 22 18 7 6 8 40 14 12 21 39 12 3 11 10 3 6 17 26 0 7 3 23 2 0 36 4 3 3 8 6 11 6 10 13 11 5 3 15 6 25 2 7 4 19 13 6 6 15 6 11 18 4 6 20 5 37 13 33 1 45 12 0 71 4 4 44 16 1 3
18 23 7 26 1 48 10 24 20 14 11 12 11 28 46 8 21 5 27 5 2 6 20 1 32 19 9 0 5 0 15 18 15 14 17 19 29 25 2 4 24 24 3 0 21 9 4 4 15 19 21 44 2 10 3 0 3 5 11 22 2 10 2 3 1 15 27 14 1 17 1 6 10 0 30
6 0 14 2 3 19 54 11 19 23 19 5 14 0 50 47 3 0 0 1 23 1 24 10 7 1 1 14 4 25 23 23 0 3 0 17 34 1 31 22 4 21 3 4 2 20 78 4 11 31 35 0 20 15 11 4 20 21 3 7 11 0 3 8 2 9 46 0 20 3 1 12 2 14 1
9 3 4 5 8 8 3 56 0 41 0 3 11 2 8 4 47 1 7 6 11 3 11 0 2 2 1 12 25 9 16 5 7 29 16 18 0 1 25 4 0 6 2 29 5 18 0 30 1 9 27 56 0 21 6 3 12 5 3 2 13 72 26 14 2 63 8 29 13 20 7 4 20 47 4
9 8 30 11 2 3 21 13 3 17 2 77 23 22 33 58 9 19 8 1 11 3 2 15 2 7 16 28 7 6 37 21 2 55 12 9 15 0 19 9 10 14 9 4 3 2 3 8 26 1 6 33 1 1 14 30 6 2 39 18 0 2 3 9 5 0 10 0 32 7 2 9 13 9 24
4 3 7 11 15 28 3 24 3 0 0 3 11 17 31 0 3 26 6 11 14 2 37 20 33 0 2 3 6 11 3 18 11 7 1 20 7 0 12 4 1 10 17 5 24 7 11 15 33 21 34 8 5 0 13 7 13 5 14 38 14 15 1 14 27 0 40 86 20 9 9 25 29 1 12
50 10 26 35 13 4 4 6 9 31 7 2 1 12 2 48 4 17 1 9 20 6 18 10 33 27 3 0 7 3 33 3 4 43 17 5 9 32 12 27 1 2 6 0 0 5 4 20 14 34 3 30 14 0 14 22 30 9 19 5 12 8 5 9 8 9 4 0 11 21 43 3 14 9 9
8 21 24 1 35 0 4 27 33 2 1 10 8 14 4 3 17 11 5 1 10 6 9 3 2 10 17 8 1 23 7 40 6 4 26 3 23 0 0 15 8 0 14 42 3 14 15 25 10 16 26 47 35 21 1 7 3 1 20 21 9 32 19 1 17 23 25 9 11 8 12 12 4 2 45
1 3 44 0 2 7 3 31 2 26 6 30 4 5 44 21 18 17 15 16 6 1 3 3 7 2 13 10 6 0 5 7 6 2 20 25 6 9 4 8 14 21 20 7 36 13 41 9 6 6 0 2 25 4 24 20 8 31 43 13 3 25 15 11 3 8 2 17 5 24 30 48 22 3 3
15 24 26 9 7 12 25 5 16 42 2 9 2 10 20 4 2 14 57 24 10 0 32 6 5 32 11 9 14 2 2 17 11 0 9 4 11 2 6 0 22 17 24 16 8 22 8 7 15 82 0 9 8 17 2 4 4 2 17 5 9 40 18 9 24 13 17 9 4 6 1 17 2 31 3
33 1 35 2 2 4 16 21 19 9 5 13 9 16 10 7 20 7 0 15 5 41 7 4 32 19 8 5 11 47 0 4 8 29 1 13 17 8 26 14 3 27 0 5 21 3 8 24 5 7 6 23 22 10 30 23 7 17 31 3 1 9 27 5 23 5 2 0 8 44 16 17 17 4 4
6 1 5 6 0 1 30 39 6 10 21 34 34 4 10 6 3 28 11 3 23 14 10 24 4 9 0 1 16 12 3 22 63 1 18 27 34 47 15 25 13 33 2 11 2 1 17 1 15 4 5 11 3 3 2 9 37 25 2 15 0 20 6 10 14 24 9 1 1 7 3 3 15 49 1
12 0 7 6 29 1 12 11 9 13 23 12 16 2 0 27 9 16 5 7 7 40 31 19 27 14 17 21 13 12 65 12 3 90 6 11 11 54 4 12 3 2 12 4 5 0 28 4 4 1 10 1 44 8 26 16 6 10 2 20 2 9 17 9 7 1 7 7 5 7 4 5 2 14 12
-1 1 7 8 22 14 14 25 21 19 32 4 21 0 3 3 24 19 4 46 6 32 1 10 15 5 2 4 33 4 9 10 18 6 4 0 24 10 20 4 4 1 23 3 23 33 4 0 40 19 17 3 1 14 10 25 4 12 14 16 14 1 2 9 8 0 41 26 25 9 2 8 29 6 51
16 6 3 15 10 2 1 16 4 18 3 2 8 6 38 6 0 21 7 2 3 27 96 1 7 3 34 10 24 4 29 6 17 8 8 19 21 11 9 5 2 5 44 3 15 10 10 2 5 101 5 5 10 12 15 4 12 5 28 16 32 15 7 6 5 23 20 8 4 4 7 15 15 3 1
13 11 50 2 12 17 11 3 4 13 56 3 46 5 27 19 45 19 10 27 8 12 8 2 10 1 39 19 6 27 3 8 5 5 8 10 4 4 15 7 10 6 9 22 17 15 1 9 6 13 8 8 18 39 1 0 8 13 10 8 28 5 1 59 2 5 3 2 4 5 27 19 0 1 24
87 61 28 34 33 1 9 3 11 44 2 4 21 2 7 5 33 14 10 0 3 0 20 9 0 0 26 9 13 18 8 1 0 28 6 14 6 11 10 11 3 33 3 22 0 7 3 25 10 4 11 18 3 8 8 2 12 1 8 9 8 15 5 65 3 2 6 17 22 11 6 1 33 7 7
1 18 24 0 53 1 14 4 24 0 29 17 1 3 8 14 5 24 17 7 26 1 32 3 21 9 1 10 0 5 17 26 8 21 1 38 17 21 20 4 5 0 14 17 13 30 4 1 36 14 11 12 15 7 24 4 40 22 19 5 5 8 1 6 0 48 2 16 7 1 1 22 15 11 19
1 8 25 0 33 0 17 25 1 15 6 2 16 15 14 8 12 5 21 5 8 29 22 22 10 27 10 8 7 1 42 3 3 65 19 12 1 5 30 1 24 0 38 1 25 31 7 17 4 23 15 7 0 1 10 0 7 4 0 41 11 13 7 5 3 48 12 44 5 18 0 7 6 1 11
