25 75
-1 14 8 17 24 5 7 12 22 1 24 3 7 10 4 20 41 12 14 2 67 54 7 6 44 6 5 15 3 17 6 8 28 2 37 0 6 4 3 9 5 15 2 34 27 29 9 12 0 12 7 16 8 14 7 10 4 4 3 5 54 8 3 13 13 4 31 2 26 13 2 2 19 1 13
11 3 1 7 2 2 24 8 8 17 10 27 2 35 12 20 4 40 11 32 1 26 9 35 46 24 2 7 20 7 13 16 23 20 14 21 38 10 23 10 7 1 14 4 11 16 5 1 0 9 6 36 3 4 26 9 10 3 3 23 3 2 5 1 1 2 11 23 7 28 31 1 18 4 31
19 13 6 0 13 16 7 8 15 2 14 41 21 19 12 13 1 15 0 20 14 12 9 11 13 3 10 7 13 2 15 12 1 5 15 2 2 0 20 6 0 19 16 47 11 5 12 26 24 12 28 0 9 1 8 4 75 4 33 10 15 25 1 1 11 25 4 33 15 4 0 44 23 15 13
3 2 5 23 25 4 17 1 37 22 13 0 24 43 12 2 5 7 13 0 2 5 6 19 27 22 26 4 14 11 0 50 8 2 7 11 4 5 32 3 12 39 10 0 6 1 0 9 12 6 2 5 17 0 6 5 11 41 12 9 15 14 18 45 31 25 16 22 12 18 14 10 35 2 4
2 5 8 4 24 12 41 0 17 8 0 17 6 35 7 0 5 2 8 22 10 28 16 23 76 28 15 8 3 5 24 7 10 4 37 14 4 21 4 8 26 1 7 3 31 25 17 7 29 14 1 5 11 43 0 6 1 25 0 2 3 21 4 10 11 2 2 4 20 6 23 16 2 2 52
24 3 9 15 0 23 4 3 2 1 7 6 7 12 35 1 20 5 18 11 18 35 24 11 6 26 18 7 9 51 11 29 0 1 43 2 27 10 17 9 1 10 3 25 1 0 9 21 0 29 0 0 10 9 49 20 6 24 16 12 10 4 13 1 56 19 25 9 20 0 2 9 12 0 15
12 11 10 24 3 7 6 0 3 11 0 8 1 2 14 5 24 11 11 53 3 12 6 51 8 29 1 4 19 5 45 4 10 9 6 16 62 20 15 22 23 21 15 1 2 2 6 24 40 12 18 1 25 9 11 2 8 51 13 3 0 3 2 2 25 11 0 12 13 30 0 0 3 4 45
7 74 39 5 3 38 30 15 5 19 6 13 4 17 12 2 17 7 7 4 4 42 5 1 5 26 4 19 1 11 9 2 12 4 10 18 10 0 9 6 28 6 0 13 0 4 0 22 13 9 8 11 40 3 24 6 6 11 12 33 2 4 0 3 28 27 6 3 33 15 0 59 7 8 34
7 15 5 63 17 7 27 3 13 0 14 1 19 33 13 30 16 7 0 9 5 4 26 17 9 22 8 10 9 19 1 23 4 1 24 1 46 0 0 2 51 0 8 7 3 21 8 7 20 1 46 16 1 6 2 13 0 7 35 5 23 4 4 7 14 8 10 35 4 28 8 0 35 18 15
7 2 28 2 16 36 20 2 1 24 7 4 30 20 39 0 11 11 4 4 7 8 27 45 20 4 12 8 6 21 0 5 9 23 11 11 7 14 3 14 1 19 46 1 11 27 3 16 23 25 0 9 32 17 1 10 8 39 8 21 9 8 21 12 3 15 4 0 3 9 24 39 4 1 8
-1 8 7 13 2 0 26 3 7 8 3 8 2 3 4 0 13 11 4 9 1 23 38 11 4 29 9 18 19 4 2 18 31 3 12 28 1 5 4 14 1 30 11 10 27 4 2 0 5 45 14 6 16 7 4 5 40 63 26 52 11 52 2 1 11 3 4 5 5 0 37 36 39 8 14
10 5 5 32 32 18 2 15 16 14 6 52 4 6 35 47 0 55 9 11 6 5 22 15 11 0 1 12 17 0 11 3 10 12 1 9 1 14 2 46 19 11 2 6 15 0 45 5 0 13 23 25 23 7 1 20 6 13 13 18 12 0 2 10 20 2 8 14 24 6 7 1 18 12 27
50 3 4 18 3 5 4 0 48 21 2 5 3 1 6 5 20 15 5 11 13 16 15 22 4 2 5 4 5 21 0 78 3 7 12 22 9 35 9 12 17 10 0 0 16 13 28 20 5 1 18 19 6 15 12 0 22 1 10 2 17 11 34 4 3 2 20 3 55 4 5 7 15 41 41
25 5 1 1 21 31 10 6 0 11 10 10 0 6 5 56 10 1 16 9 0 17 2 9 20 44 24 3 3 35 9 23 29 1 6 47 2 16 27 12 2 7 3 19 35 7 11 15 29 25 17 58 5 54 9 4 4 4 0 24 11 5 1 2 1 11 14 18 15 19 0 3 0 2 3
23 28 4 6 2 33 19 2 44 5 7 6 5 21 9 10 3 4 1 5 18 1 11 17 21 12 2 26 15 26 16 17 17 8 7 0 14 8 1 34 27 4 4 4 3 47 2 18 2 74 6 26 12 8 2 10 2 18 6 24 25 6 9 5 8 6 8 7 5 36 58 19 0 0 1
26 14 2 14 17 14 2 9 0 14 1 11 1 21 4 15 6 22 2 4 5 27 38 19 2 4 11 30 27 0 23 6 2 9 26 3 21 15 18 23 13 0 41 4 1 5 2 21 10 6 17 11 9 30 2 3 15 21 23 0 0 8 14 14 69 26 44 7 0 0 1 17 7 36 15
8 9 16 3 6 6 15 8 16 7 0 4 10 23 13 15 0 12 10 17 19 24 2 53 10 28 12 4 4 2 10 0 27 0 8 8 40 14 2 5 9 2 28 27 15 1 19 2 8 45 17 26 31 12 0 2 15 9 8 5 24 41 6 5 18 19 59 5 2 31 21 2 2 3 11
3 3 14 20 41 3 0 12 6 2 5 1 5 49 16 0 3 38 14 8 11 1 35 8 2 4 0 27 1 14 24 30 1 1 10 31 8 0 6 12 27 23 0 45 23 11 14 18 7 0 0 10 35 0 9 2 4 3 31 3 0 9 18 75 17 46 36 7 17 5 6 0 4 6 20
-1 4 5 1 22 14 10 17 10 26 23 17 3 1 30 12 25 22 23 17 29 0 19 8 24 10 13 51 0 3 6 3 5 14 22 6 22 4 16 0 8 9 13 3 6 7 5 10 8 16 22 35 43 6 17 3 24 6 26 25 30 16 4 0 11 4 2 21 10 31 21 6 0 15 1
50 0 13 25 7 5 22 10 3 6 4 35 19 22 4 7 33 6 2 11 5 14 6 1 45 15 12 6 57 13 1 15 13 6 20 26 66 1 6 5 0 3 30 11 12 11 15 7 12 16 9 59 2 20 19 10 0 13 4 6 0 5 7 23 3 12 18 11 14 3 11 10 0 1 6
9 30 39 9 5 11 4 2 10 3 1 21 26 18 39 0 3 9 19 2 88 9 0 47 12 1 10 17 21 17 1 0 7 24 29 8 21 0 18 18 5 26 7 8 3 1 12 43 17 10 58 16 14 8 42 13 2 5 3 5 3 5 8 15 11 4 2 17 7 3 5 10 0 2 2
4 16 11 6 51 10 8 10 57 4 2 8 25 11 1 12 17 9 23 0 7 4 9 6 2 29 2 1 10 4 4 2 24 1 16 4 19 7 3 10 21 35 14 15 59 18 1 1 3 4 70 4 3 6 30 1 0 24 30 15 4 2 7 15 6 45 6 26 17 8 14 6 32 0 9
3 1 16 5 33 23 18 12 0 12 19 27 5 23 9 1 16 8 1 5 26 12 0 9 9 6 5 12 12 14 27 27 6 30 3 14 20 16 1 20 9 2 24 2 1 22 10 5 15 11 2 8 4 16 8 30 7 35 48 13 55 14 27 34 1 6 4 28 0 10 0 22 13 7 1
23 52 8 16 23 7 8 21 3 11 13 16 1 0 12 10 0 10 4 24 10 32 30 26 0 36 4 9 0 9 17 40 3 7 2 6 5 0 22 13 17 7 11 3 29 21 1 2 5 0 31 19 31 4 17 8 6 0 32 2 9 27 2 22 0 23 0 49 27 1 4 0 28 14 15
51 30 6 17 1 39 40 4 10 6 7 14 19 8 0 4 28 8 3 10 1 17 22 12 36 3 26 39 9 43 0 1 14 2 22 33 3 2 3 4 4 19 5 8 14 5 0 8 11 15 1 1 12 14 6 18 42 1 7 8 16 28 25 28 9 1 5 7 13 13 14 10 3 20 12
