25 75
0 4 4 0 3 14 20 4 47 5 4 5 14 25 13 23 3 2 6 3 14 4 4 6 20 2 15 10 0 10 1 1 30 21 6 11 0 10 19 10 20 1 43 5 3 9 66 17 42 12 7 2 13 2 9 22 2 25 2 20 16 8 17 36 7 32 13 20 13 28 28 33 15 16 3
10 24 0 4 3 2 16 8 26 36 1 29 20 17 6 3 1 15 41 14 26 30 1 11 1 21 35 7 1 15 2 4 18 9 9 3 4 49 5 6 7 9 6 0 5 1 5 15 5 1 10 9 6 7 29 61 25 11 22 34 5 23 36 11 2 1 17 8 7 4 7 31 7 22 18
32 36 18 16 4 7 0 3 0 15 6 6 10 31 15 12 25 17 0 17 14 52 2 25 0 10 8 0 10 3 16 13 31 3 0 33 16 11 13 19 1 9 2 32 8 1 3 7 12 28 29 19 2 0 0 6 3 5 24 13 13 64 25 47 3 0 7 16 7 32 14 4 2 12 1
4 31 17 3 44 12 10 30 0 1 2 4 12 5 17 45 1 3 0 12 5 30 1 10 18 5 17 18 5 3 3 4 7 16 1 15 33 12 11 21 5 18 3 12 13 25 49 38 32 11 4 12 14 18 11 17 14 4 14 14 13 0 7 25 10 1 10 9 3 11 17 15 51 1 11
38 8 8 7 14 17 2 8 17 7 22 9 9 10 50 0 1 8 48 5 2 34 0 5 51 0 1 8 10 4 4 3 4 22 13 1 0 23 3 23 1 12 55 13 6 53 2 22 6 8 5 0 10 14 12 18 20 11 18 4 2 7 6 17 0 15 42 11 21 23 21 0 32 6 8
3 30 37 1 26 9 5 0 11 9 46 21 6 13 43 6 3 39 18 17 71 0 16 21 29 2 18 6 4 31 21 1 1 47 8 1 7 2 2 1 6 2 1 6 0 11 24 13 1 7 11 23 12 13 1 23 6 5 9 2 39 2 25 2 7 4 27 5 1 32 0 3 21 2 22
0 3 5 40 5 0 4 23 12 0 2 28 5 28 3 7 0 1 0 9 9 41 49 6 4 7 45 11 14 25 0 10 9 0 11 2 22 7 1 2 69 0 29 12 2 1 1 0 8 7 13 10 21 1 5 3 33 33 47 0 49 5 8 7 14 65 15 14 0 1 4 48 16 0 9
2 15 23 16 6 1 32 7 0 31 2 20 42 17 7 12 7 6 10 11 5 30 6 4 1 9 11 22 5 8 3 8 20 7 7 1 28 71 30 14 2 8 2 56 18 8 8 1 16 1 2 10 3 0 50 4 16 1 6 16 17 20 9 14 0 7 40 4 10 13 56 9 8 7 1
39 4 9 1 5 39 18 14 40 29 6 23 1 18 4 9 5 2 3 6 2 17 27 6 5 9 11 18 2 12 2 4 22 2 2 15 23 18 1 8 21 26 27 6 10 14 20 3 43 0 7 1 8 8 17 20 43 40 11 53 17 8 13 0 5 31 2 21 4 20 4 3 5 5 3
2 21 0 10 5 0 44 7 9 32 5 36 13 6 0 12 3 9 30 33 3 19 37 7 9 17 19 8 9 1 59 3 8 27 15 2 12 19 8 3 11 13 21 13 6 23 11 27 6 7 41 50 7 6 10 5 10 21 0 26 7 15 5 8 21 3 6 4 3 12 10 10 8 3 9
-1 27 2 5 8 30 27 30 2 2 9 8 25 23 6 16 30 19 1 11 10 25 23 6 3 13 28 5 14 1 1 7 6 3 23 1 58 13 19 63 0 8 9 15 8 25 21 3 1 5 10 1 10 0 4 49 1 0 34 3 11 10 28 5 0 23 18 21 15 1 31 1 22 1 4
2 12 2 5 2 7 28 14 11 3 2 11 54 45 0 0 46 2 1 10 9 16 5 4 18 4 24 28 4 10 19 27 15 15 8 4 13 5 13 5 30 2 41 0 51 3 28 3 18 7 2 8 18 30 14 15 5 1 2 0 6 7 8 24 7 40 1 2 19 26 41 23 11 3 1
3 0 17 2 61 42 3 5 16 14 55 30 10 0 6 4 28 18 16 11 1 7 0 16 17 1 10 9 6 2 19 0 22 3 13 23 14 24 6 1 23 1 19 4 6 7 28 0 0 13 38 12 5 1 2 67 5 1 14 41 30 13 6 9 8 7 3 40 8 3 12 20 7 2 10
0 1 13 3 8 0 7 8 22 8 17 8 0 0 26 16 0 38 15 26 20 6 2 6 10 20 1 12 1 28 9 7 25 2 21 30 8 16 12 4 12 1 12 6 49 26 1 19 13 49 70 19 8 0 5 5 19 7 7 11 8 5 0 3 26 30 0 13 35 0 0 34 16 16 19
7 10 17 11 2 3 3 29 2 23 55 36 11 30 8 16 7 1 7 26 15 7 19 5 0 15 3 4 7 58 46 42 11 7 34 23 16 7 6 25 3 8 18 7 3 11 5 8 14 5 1 16 7 1 0 17 30 5 13 1 22 15 18 8 27 13 10 9 22 1 7 8 0 12 1
8 6 16 19 36 1 5 13 5 2 22 4 2 5 4 2 17 8 15 15 1 8 11 1 3 9 0 11 31 40 29 13 27 1 3 18 21 2 32 56 6 2 17 13 29 10 6 49 5 12 3 5 21 8 68 7 0 0 5 10 14 47 2 22 1 48 30 3 7 13 0 6 5 3 1
23 37 15 10 1 13 9 6 16 2 9 1 2 1 15 6 6 3 10 18 61 0 0 13 2 10 11 28 44 14 7 13 40 13 6 7 74 8 19 23 10 1 8 2 3 5 8 52 2 2 17 31 3 11 2 34 10 2 10 15 1 5 0 20 11 3 20 31 2 29 1 1 19 17 16
6 1 23 3 10 3 6 85 25 17 1 15 33 0 15 15 1 0 3 16 15 27 0 1 6 1 3 1 29 2 6 59 17 1 13 28 39 41 21 6 16 9 2 5 4 40 5 7 4 8 0 12 38 9 3 34 40 9 21 0 3 3 2 36 29 30 5 0 1 9 10 3 1 0 8
25 27 2 15 7 30 7 3 1 33 2 10 1 5 3 32 31 7 2 1 2 15 42 25 8 7 0 12 24 12 25 7 1 31 24 29 11 1 1 13 21 10 14 0 1 9 10 34 9 5 4 1 3 24 16 1 50 2 10 6 12 49 0 0 15 17 25 15 15 27 11 13 2 33 2
-1 5 2 6 23 3 0 23 25 5 10 6 37 10 4 16 1 41 1 6 11 82 51 19 35 1 8 12 9 4 6 2 0 1 17 8 1 1 14 12 24 15 3 22 2 10 1 4 45 12 36 4 21 3 7 8 1 3 22 3 26 12 3 10 27 2 9 19 42 4 15 13 14 36 5
-1 6 15 5 15 28 13 11 11 12 0 5 6 37 7 16 5 15 15 9 34 23 3 14 9 15 8 5 38 51 3 5 20 8 10 12 8 18 5 24 4 36 2 6 31 1 7 14 4 0 47 1 22 21 7 29 7 3 19 24 9 26 2 14 5 5 15 8 16 5 13 28 0 13 13
13 11 29 1 5 5 33 18 0 36 21 1 11 0 20 7 1 2 5 0 0 9 7 14 2 18 9 3 34 0 13 5 9 18 1 29 20 27 35 20 8 4 2 0 11 14 17 0 3 5 22 32 67 9 24 16 2 11 0 6 10 19 11 31 12 12 70 15 8 6 12 23 15 2 9
2 16 51 28 0 4 7 6 7 1 2 6 18 13 16 44 36 2 20 41 0 4 2 41 1 45 6 0 2 21 29 11 15 41 50 3 12 2 13 7 41 12 5 7 1 6 9 0 4 1 4 4 4 1 7 1 4 28 24 0 9 0 33 5 13 0 2 56 5 16 44 4 18 6 1
11 58 6 17 6 4 1 46 4 27 0 33 4 14 41 45 11 3 2 1 9 10 3 10 19 13 5 16 1 7 44 9 1 23 13 10 28 28 0 8 3 16 23 36 0 14 20 41 6 12 16 10 19 0 19 3 7 0 3 29 0 4 1 4 1 25 3 37 1 13 2 3 7 27 4
5 6 14 8 1 10 10 1 26 8 9 33 43 6 2 27 10 12 0 23 2 0 30 55 51 9 6 11 6 18 7 2 9 3 5 16 14 27 19 25 15 13 0 20 9 36 8 6 1 17 9 19 29 10 12 28 2 11 8 0 32 6 11 13 5 14 5 2 1 0 34 8 9 15 23
