25 75
19 31 2 6 8 12 1 4 27 24 11 2 3 37 17 0 4 5 8 5 26 24 16 17 0 6 17 18 10 6 0 16 51 0 26 2 15 5 25 12 0 11 11 1 4 13 30 28 4 62 0 6 3 1 1 8 2 18 53 0 17 5 15 8 62 8 17 20 24 12 4 0 32 0 2
18 3 44 0 38 2 5 52 2 2 4 4 0 11 2 0 3 36 1 4 7 3 11 11 20 7 13 20 4 9 1 48 34 23 6 10 21 6 6 8 18 76 8 47 5 28 4 21 0 8 6 13 46 20 16 17 1 8 7 5 2 9 2 2 2 1 6 10 0 35 6 6 17 4 45
2 1 5 18 35 11 21 27 23 5 0 21 26 7 48 8 0 1 7 3 58 3 0 14 9 8 42 18 0 24 7 0 0 58 11 18 15 16 6 7 7 22 3 26 12 0 40 14 26 19 18 4 16 6 5 1 7 42 5 0 0 3 17 9 18 0 1 13 17 8 0 5 1 48 4
-1 0 13 6 39 8 0 6 29 5 4 13 16 3 10 8 22 8 2 7 5 16 13 46 2 28 4 29 3 10 7 26 5 13 1 7 8 11 9 33 17 24 6 57 12 25 4 15 11 10 13 7 10 25 4 41 4 4 1 19 1 0 15 38 7 43 8 35 2 9 20 3 8 1 27
2 16 1 1 8 8 15 6 19 13 22 21 0 1 37 20 2 11 12 9 2 19 12 0 20 19 0 3 0 7 0 38 70 2 36 10 13 6 5 1 23 38 9 0 32 0 7 18 3 0 1 10 8 35 39 3 19 25 3 50 1 2 27 3 2 5 4 8 5 19 74 7 12 18 3
19 0 6 6 3 19 10 7 3 0 2 5 14 24 19 23 15 28 2 29 13 25 4 19 9 3 2 37 23 6 4 32 7 7 0 4 8 1 4 4 5 14 0 3 9 4 17 4 7 33 8 11 4 20 13 78 1 0 25 4 13 27 0 27 35 30 5 6 50 22 10 32 2 6 29
1 34 0 4 7 8 8 14 13 9 33 30 27 8 9 13 16 3 10 37 11 1 32 0 21 1 2 5 16 52 6 2 3 2 16 42 31 7 6 29 8 16 2 15 36 2 5 2 2 9 5 15 1 13 24 8 15 1 19 9 1 13 12 8 0 14 3 7 22 58 26 34 22 1 3
36 16 16 6 6 25 7 5 19 48 25 0 4 2 4 15 13 17 2 10 0 13 24 13 5 25 30 1 4 3 2 6 1 34 11 10 0 9 16 11 40 10 15 53 2 14 14 16 40 16 9 5 20 0 30 6 1 8 20 20 0 4 13 24 0 3 23 5 8 0 6 25 35 11 10
5 9 4 12 1 25 4 69 20 0 31 47 17 0 7 7 12 16 3 0 16 1 19 16 28 1 16 5 19 6 11 6 15 17 16 18 9 2 7 36 8 22 13 16 8 1 1 3 5 30 34 3 8 20 17 4 10 2 10 26 3 36 17 3 26 12 20 6 15 43 2 3 2 3 15
29 13 0 25 11 0 15 12 5 1 15 0 41 9 24 6 14 14 32 3 4 0 27 11 0 7 20 3 6 68 33 22 18 2 10 6 7 30 1 23 11 1 6 38 3 7 22 2 3 10 14 4 7 3 30 2 39 10 9 2 3 38 0 15 36 12 9 17 3 37 0 7 5 13 15
-1 10 17 7 90 1 0 9 2 50 9 24 6 17 5 13 3 1 18 3 6 15 19 12 5 5 44 5 19 31 29 9 4 8 2 21 6 16 0 0 31 6 27 10 42 12 10 14 4 3 3 3 30 8 6 5 0 4 17 14 5 13 41 0 13 2 1 19 31 42 10 12 15 5 2
6 64 13 3 13 45 1 58 10 14 2 19 10 3 0 4 26 0 3 5 27 35 22 3 30 2 11 1 4 11 12 10 7 5 46 2 15 21 9 2 15 32 34 4 2 7 6 19 1 10 14 28 23 3 7 2 3 26 2 19 30 15 13 18 18 3 6 9 6 8 11 5 18 2 7
2 9 17 1 4 32 19 1 20 7 18 5 13 1 7 2 8 5 27 0 20 44 21 7 8 38 5 57 8 3 20 1 1 46 10 3 9 7 19 2 19 0 29 35 17 63 15 4 7 15 46 0 0 25 0 1 0 9 2 25 6 5 30 11 3 7 26 6 14 4 0 6 7 3 33
13 44 13 27 20 21 3 10 3 15 1 2 1 26 35 24 19 11 6 9 25 1 10 17 13 11 23 0 21 1 28 6 24 0 3 10 56 11 3 0 5 21 40 4 11 13 1 87 5 2 11 6 20 5 2 4 57 0 11 0 3 1 22 0 9 7 16 2 4 11 31 10 2 4 7
8 25 20 8 0 28 3 20 2 17 40 16 16 7 12 15 17 0 24 42 33 39 2 2 3 2 13 1 35 23 1 17 18 28 1 57 14 25 5 0 20 28 3 13 2 17 5 12 28 0 8 7 4 4 30 33 0 4 0 7 1 1 7 15 21 2 0 4 5 25 18 27 1 2 7
19 18 19 25 3 9 2 2 4 4 15 3 14 44 10 4 12 37 7 19 26 7 2 5 16 71 4 6 18 52 9 2 11 7 6 35 42 20 9 0 6 7 4 3 15 4 46 15 6 18 4 5 34 0 3 68 14 26 1 8 5 11 1 0 0 1 1 9 20 10 1 2 6 3 25
12 15 20 14 2 23 5 2 13 0 9 9 8 25 12 0 26 34 32 12 36 8 9 0 2 1 15 11 8 1 15 16 7 20 6 37 0 7 4 5 0 0 28 4 43 10 26 1 11 7 29 54 6 20 34 22 7 21 1 6 14 26 0 28 1 16 7 13 6 7 4 15 1 46 5
3 12 22 6 35 8 2 16 14 6 32 2 47 11 5 15 10 0 9 53 7 12 25 57 0 13 12 56 11 3 9 0 10 0 73 0 9 0 11 9 37 15 14 18 0 1 9 0 6 21 33 2 5 11 0 1 7 13 40 13 16 18 10 17 4 6 24 0 6 17 0 1 4 3 3
14 8 4 4 5 2 3 6 54 7 4 10 27 3 0 5 19 1 0 2 1 19 6 7 34 2 30 0 34 13 10 11 8 39 1 11 4 22 15 21 23 40 16 12 10 6 10 19 9 43 2 2 25 21 3 8 45 30 0 40 4 5 7 1 9 17 33 15 21 12 11 1 14 11 9
20 21 28 18 0 3 4 1 0 3 14 19 6 2 14 6 27 21 5 0 16 30 15 5 3 6 3 15 20 8 7 29 7 0 3 36 34 29 19 8 10 13 75 8 12 13 4 17 20 17 0 4 29 24 12 5 11 1 38 0 7 2 0 33 12 2 11 44 15 14 16 3 3 19 1
0 45 11 19 24 26 9 7 9 50 34 34 6 2 68 0 4 14 5 8 3 8 1 17 8 22 22 0 1 1 0 5 5 1 14 23 8 8 8 26 6 4 4 23 16 20 7 13 32 0 32 17 12 5 36 4 12 0 33 13 2 4 9 18 26 4 7 16 1 11 20 10 18 1 8
0 1 0 5 8 0 8 22 14 11 39 34 9 1 19 13 0 10 3 5 10 9 15 1 9 3 0 35 1 18 8 30 11 44 1 32 39 3 14 3 9 11 18 25 2 10 10 22 15 2 22 0 35 2 7 81 5 15 22 35 5 0 33 1 9 11 19 0 26 20 7 10 1 7 15
4 21 5 10 9 6 17 7 73 1 37 4 16 29 2 17 1 1 7 7 14 18 17 1 8 20 2 9 5 4 33 0 9 6 13 8 14 4 12 18 0 5 31 26 25 0 1 5 59 6 11 3 3 11 2 0 41 12 9 38 17 5 6 18 2 5 10 3 32 8 33 9 32 32 11
17 9 35 29 12 12 1 8 1 3 14 61 20 35 0 4 6 1 3 64 4 22 9 2 12 30 10 28 27 33 14 9 4 10 18 17 1 5 13 1 2 33 15 18 12 5 16 1 10 0 29 7 11 10 16 5 15 2 16 8 10 24 11 6 2 19 10 15 5 2 14 3 4 18 22
9 2 42 18 11 13 42 8 8 63 1 9 4 1 10 0 8 0 10 7 12 12 9 39 7 28 12 16 51 4 16 6 3 1 8 15 9 4 4 7 8 5 0 7 0 77 17 16 5 9 4 2 0 44 14 19 15 9 3 2 4 29 13 1 6 15 31 0 0 4 4 1 83 13 11
