25 75
10 8 20 1 46 8 20 4 0 18 31 22 40 40 1 26 5 18 59 0 26 43 1 3 22 28 23 5 34 5 8 1 0 0 1 0 23 2 38 8 2 31 13 18 23 2 7 1 20 38 17 26 4 4 11 9 5 1 1 3 17 10 4 0 14 0 0 8 25 8 1 2 6 20 1
59 4 0 43 4 2 1 5 4 10 8 11 14 4 30 67 21 3 2 3 3 28 2 6 6 17 1 17 8 32 0 31 11 6 43 18 1 2 7 3 1 29 0 3 49 17 28 33 2 1 16 11 8 10 25 4 2 23 21 2 2 10 2 0 20 8 1 13 3 41 39 1 23 1 14
23 48 2 2 1 19 81 0 2 2 0 19 3 7 3 10 8 8 0 7 6 19 8 0 8 11 3 13 11 0 21 4 1 5 1 48 2 0 3 4 30 8 13 82 4 7 9 21 13 39 19 16 0 51 14 2 10 22 28 20 30 11 26 10 0 7 16 34 4 0 7 8 20 2 4
7 13 4 6 0 19 1 7 2 10 5 2 10 22 14 28 23 10 10 16 2 7 5 2 9 9 15 33 2 32 8 32 20 7 19 24 5 4 25 41 35 1 45 6 5 3 8 17 4 8 38 4 14 13 14 2 12 0 54 20 16 0 25 10 23 11 11 1 7 0 15 18 13 25 12
2 3 30 8 1 6 10 5 32 17 0 8 10 45 6 15 20 4 10 29 18 11 20 26 2 4 9 1 18 9 26 2 12 3 17 5 2 17 5 25 9 2 9 4 26 6 28 36 7 4 16 24 18 1 10 0 0 16 4 6 26 14 6 29 3 34 0 4 48 0 5 27 76 0 9
19 1 3 15 1 22 14 2 4 7 1 8 7 18 20 20 3 36 6 3 50 10 6 13 13 0 6 32 35 0 15 6 8 2 4 16 54 10 1 24 8 3 3 28 16 10 8 17 9 11 16 7 16 6 42 12 3 18 0 26 13 21 2 6 37 12 17 25 0 4 13 13 6 19 38
3 5 33 5 3 26 8 16 33 11 4 3 15 13 26 8 20 12 11 14 0 0 14 3 0 53 21 14 11 3 11 23 5 34 2 0 15 8 2 28 11 26 1 25 10 23 6 28 8 51 0 30 2 3 8 7 13 16 18 5 25 0 6 3 31 14 5 1 23 13 10 30 10 20 2
1 27 16 15 7 2 4 12 11 5 19 9 6 5 0 11 37 2 17 3 33 3 8 19 1 3 5 4 22 1 6 3 0 4 30 88 4 9 22 40 17 0 10 20 8 16 37 35 4 3 1 6 16 5 4 3 17 4 20 12 10 3 5 12 9 44 16 12 5 9 2 34 0 0 87
1 20 7 3 9 15 32 2 12 7 4 4 28 36 1 24 42 45 16 1 14 20 15 0 3 4 4 4 7 5 4 30 10 38 0 17 13 20 9 7 3 58 7 34 9 13 46 2 5 0 10 7 15 0 23 7 13 5 83 8 4 20 1 9 3 1 11 21 1 3 1 16 5 13 10
12 3 11 4 10 2 10 17 11 12 45 15 8 7 37 32 4 1 36 3 13 2 19 5 5 6 11 50 32 8 5 7 3 4 2 18 8 18 31 15 17 77 11 18 6 5 4 10 6 4 11 12 11 23 4 19 24 5 4 8 10 3 14 35 0 19 0 15 11 24 2 7 28 1 10
8 14 30 1 28 22 1 29 6 26 10 0 22 1 2 28 2 40 20 2 17 36 0 19 3 7 9 0 35 5 29 1 3 24 9 20 2 0 6 4 5 25 11 8 25 28 1 5 28 4 23 3 9 17 11 12 3 0 19 7 99 2 19 32 2 7 6 8 14 9 16 5 8 3 5
19 1 23 0 1 5 8 46 25 69 13 8 19 9 9 9 17 0 7 16 0 3 3 0 10 2 5 38 24 9 3 2 1 14 20 12 9 10 50 17 45 26 17 1 6 5 11 0 5 19 1 3 26 30 11 0 16 18 9 2 5 20 7 9 42 27 17 9 3 1 24 45 2 1 1
2 23 0 18 8 1 2 7 0 17 5 7 11 3 8 9 41 14 16 4 4 12 6 36 8 38 6 0 13 22 11 0 14 47 9 45 7 5 4 10 14 6 6 10 13 3 5 10 7 1 12 22 2 14 15 20 6 17 1 10 20 7 47 10 6 54 40 24 24 6 4 5 32 22 12
20 10 4 22 9 0 1 42 1 34 12 17 11 7 14 15 6 45 17 3 3 13 18 17 6 4 23 1 19 26 21 0 2 9 6 7 9 1 4 6 23 11 19 34 25 20 26 35 3 2 0 2 2 1 7 9 7 23 2 62 0 4 20 8 56 6 9 30 24 20 5 0 3 14 3
12 1 5 20 1 21 46 25 0 2 3 18 26 20 19 1 9 2 9 1 36 25 60 6 43 31 13 11 40 4 11 8 8 42 10 6 10 12 2 26 7 0 1 3 26 18 3 37 2 0 3 7 22 10 7 0 6 10 8 19 3 7 16 2 41 1 32 1 9 3 8 4 0 31 8
18 6 1 5 24 4 2 15 18 5 38 3 2 26 1 0 27 1 11 13 1 3 8 0 52 16 9 15 71 0 1 8 6 21 3 2 31 1 21 35 27 5 0 2 19 13 14 11 5 23 4 8 16 6 11 4 0 0 23 6 30 13 26 6 47 36 4 28 3 54 3 10 0 13 6
11 1 10 10 28 9 41 1 9 7 27 2 0 16 18 6 10 29 24 52 5 1 5 16 1 6 4 10 37 21 3 11 3 4 14 13 8 44 23 13 1 37 3 8 5 9 9 71 3 1 7 4 14 2 13 37 8 10 23 36 14 11 27 2 6 6 21 23 1 12 4 0 13 3 3
5 8 28 3 5 5 8 22 49 0 42 8 53 2 20 24 3 7 15 17 64 1 8 7 30 3 2 38 1 8 0 10 5 8 6 10 2 14 1 41 11 16 7 16 1 2 14 16 9 1 6 23 7 8 11 9 6 33 19 0 4 60 1 20 0 19 25 7 16 9 0 23 11 4 3
6 14 6 1 59 9 6 0 0 19 16 20 3 17 2 16 12 10 4 0 1 12 15 28 48 1 19 20 3 0 23 18 1 4 11 8 10 3 26 3 2 9 1 3 10 7 19 3 57 0 7 13 2 3 71 8 3 2 1 0 7 33 40 2 15 4 42 3 17 31 56 20 17 13 5
16 3 4 2 25 47 60 10 13 27 57 1 4 6 1 57 4 4 2 7 1 21 7 29 23 6 5 41 22 31 0 19 10 14 23 0 2 28 7 18 28 0 12 6 8 21 11 0 0 6 4 20 3 3 6 7 5 0 4 6 12 27 4 14 0 2 6 0 1 49 28 4 14 16 16
14 72 23 33 7 11 0 11 11 10 10 0 8 9 11 34 7 41 2 39 7 4 1 10 12 3 3 1 0 6 8 38 18 8 27 15 5 0 15 27 17 9 14 15 14 21 1 12 8 30 0 9 2 3 16 2 6 9 20 29 18 1 4 2 17 20 6 44 2 17 10 22 5 12 22
6 21 9 17 16 16 42 54 11 3 4 20 0 0 6 12 46 4 12 21 1 9 1 26 28 0 4 23 1 9 4 12 1 37 8 19 12 36 21 32 20 6 4 2 0 16 2 17 30 18 9 0 14 10 14 33 9 5 38 12 0 5 3 33 2 1 20 3 3 7 5 1 11 16 27
21 10 11 3 0 37 10 29 6 15 5 78 2 39 16 10 4 16 47 3 0 3 4 17 7 1 24 36 4 9 15 17 6 7 8 4 10 12 6 9 33 29 7 11 4 24 3 9 15 11 17 4 7 6 28 8 6 22 6 19 2 9 6 2 2 3 1 10 40 3 12 60 4 11 5
6 24 7 11 16 21 11 30 8 9 22 2 4 8 11 7 17 11 8 0 27 28 1 25 3 30 7 2 7 10 3 92 11 11 19 6 21 5 12 1 10 9 10 4 12 2 36 8 16 16 14 11 12 10 21 3 8 6 27 16 9 59 13 5 24 9 0 0 0 21 9 12 13 17 4
1 13 17 9 8 6 17 43 9 8 3 4 5 14 1 3 3 26 3 11 61 10 15 22 13 12 9 27 1 7 13 1 0 9 14 41 5 3 47 22 1 9 10 0 0 12 17 9 15 33 9 9 33 70 18 26 13 1 2 13 27 26 4 1 16 1 5 25 1 0 5 2 22 11 18
