25 75
4 5 9 34 7 5 0 25 2 44 25 10 3 2 6 15 0 3 32 44 3 9 0 23 8 20 2 5 4 7 5 7 3 1 4 30 5 10 6 5 28 4 11 3 41 10 10 3 19 51 3 9 8 29 1 9 46 1 12 10 58 2 1 4 26 52 12 20 0 52 4 12 1 8 8
2 4 6 22 26 4 17 33 1 20 18 1 0 9 2 4 4 4 20 3 7 11 9 17 16 36 24 8 2 50 45 11 0 1 3 60 32 14 9 14 5 9 1 5 4 16 8 2 4 8 20 17 5 8 1 11 5 16 13 20 31 8 14 28 3 17 13 21 0 29 10 16 4 52 7
25 12 11 27 1 19 2 37 22 16 4 6 13 3 8 0 43 3 3 16 18 4 28 6 1 25 1 4 0 19 12 17 12 49 21 18 6 17 4 15 48 13 40 8 3 54 23 13 0 6 6 21 14 29 15 6 9 29 8 1 11 1 22 14 8 2 1 1 0 0 28 3 7 1 7
11 13 21 3 3 18 9 10 4 26 18 12 5 0 1 13 20 12 2 7 5 0 13 16 9 4 18 12 9 16 22 7 7 15 48 2 6 19 8 47 0 26 2 31 10 5 7 21 7 16 0 1 0 16 17 32 10 16 10 47 40 11 2 1 15 23 3 0 32 46 24 11 19 5 3
6 18 46 3 15 11 9 50 7 8 2 8 7 3 6 13 2 17 15 4 17 20 44 11 1 2 2 24 6 4 2 36 14 2 45 0 22 6 5 4 13 13 39 20 1 1 9 28 10 9 49 18 31 9 21 25 6 12 5 7 4 1 13 37 7 30 2 10 3 7 7 9 6 2 19
22 22 0 6 11 22 10 27 5 3 0 0 10 11 10 1 0 0 13 16 14 41 25 18 15 28 0 4 55 57 1 27 30 11 4 6 3 21 25 27 2 34 16 14 2 1 24 7 39 12 19 25 32 0 9 15 4 8 13 12 5 2 9 0 11 1 0 8 8 8 36 9 1 3 10
8 48 9 50 0 17 2 11 7 1 28 2 0 0 42 0 3 1 10 6 1 7 7 4 3 12 0 7 4 12 4 16 22 15 14 13 14 14 12 2 10 6 5 1 2 1 12 22 27 10 10 6 2 13 2 19 23 16 0 33 10 5 70 19 26 42 26 1 18 0 14 1 2 8 110
45 62 14 10 6 9 14 2 0 2 9 10 3 27 55 1 46 11 9 11 8 4 1 15 12 24 16 6 5 7 3 8 10 46 10 36 13 0 5 14 29 20 14 23 4 64 1 4 16 4 6 2 20 1 1 17 4 8 5 7 1 5 2 5 43 0 22 8 16 0 11 24 1 15 8
75 1 23 3 18 42 12 1 12 4 4 1 0 1 3 23 1 0 21 25 9 8 0 25 5 0 15 24 26 21 16 3 6 6 2 25 0 5 4 1 13 31 24 6 42 16 0 52 1 5 11 17 0 13 17 5 5 8 1 13 18 12 2 52 33 1 0 2 11 0 57 13 9 11 28
11 4 3 3 13 17 8 15 0 8 10 3 19 3 29 3 14 4 1 1 3 6 26 29 19 20 15 12 3 23 4 5 4 10 6 8 9 9 17 2 71 14 1 12 50 24 42 3 3 13 4 3 47 2 2 32 17 7 15 0 5 12 21 47 8 6 16 2 5 45 6 25 2 25 14
-1 27 33 1 11 6 29 6 5 31 16 1 10 3 19 3 4 9 12 8 13 5 12 26 20 5 1 28 0 6 9 0 8 11 10 6 3 19 4 4 7 14 23 24 23 2 8 6 8 22 22 9 9 3 11 15 9 5 66 68 13 14 58 11 12 21 17 15 22 0 5 2 4 23 6
54 1 18 8 0 15 3 10 3 5 46 18 17 16 14 10 5 3 0 29 3 4 6 6 19 3 3 5 34 7 54 1 2 20 4 4 5 21 5 9 5 26 4 39 9 17 21 19 1 9 5 12 11 22 18 18 19 10 43 1 18 12 2 18 10 5 32 27 21 25 4 0 11 3 13
37 36 2 25 23 1 54 8 11 5 1 0 11 11 2 14 43 3 1 9 20 9 2 5 24 21 11 14 27 2 18 2 17 36 12 0 17 13 9 20 38 17 16 21 23 3 20 4 2 9 2 7 3 14 5 4 13 4 3 32 27 23 4 0 15 0 9 13 22 20 5 4 4 5 33
0 24 5 4 10 10 12 32 32 0 1 41 25 13 20 6 6 29 0 55 4 7 2 17 3 6 3 35 0 11 11 7 4 1 60 38 0 6 6 39 2 21 6 9 7 36 14 1 5 7 17 0 3 6 14 7 6 14 11 3 2 20 31 2 1 21 0 3 2 6 7 1 49 51 30
71 4 5 19 14 40 18 13 2 9 16 13 29 1 7 0 7 26 0 6 21 25 25 41 14 13 1 15 12 5 32 7 31 0 13 1 23 11 18 7 4 0 13 20 0 10 5 16 27 2 0 1 9 15 29 16 6 4 0 14 7 0 18 0 4 5 13 52 24 21 3 2 8 18 19
10 18 19 21 6 4 3 0 6 0 19 34 16 34 41 21 39 21 16 5 2 14 54 4 0 7 6 1 0 29 5 8 14 33 10 22 6 21 7 31 16 28 3 21 20 23 7 4 0 1 14 10 2 0 4 0 13 1 18 6 3 5 25 29 2 6 27 4 9 6 47 2 2 5 30
8 21 35 7 1 10 6 28 11 16 6 0 39 3 24 12 14 42 13 31 8 20 3 3 2 21 9 1 22 10 13 39 17 24 14 6 32 5 6 0 20 13 8 7 2 1 15 12 11 1 14 6 33 13 3 16 22 4 3 8 44 1 3 14 4 13 31 3 0 36 20 15 11 5 6
4 1 3 43 26 2 41 25 70 18 8 3 1 25 6 6 0 37 28 31 3 13 21 1 1 16 5 4 1 2 10 0 0 1 4 23 1 14 8 0 5 7 12 2 9 34 1 8 3 8 53 4 24 2 10 1 12 2 46 3 8 35 5 0 24 5 7 8 8 0 10 56 5 51 26
25 20 5 24 16 5 52 17 14 46 30 15 32 2 10 10 3 4 17 7 10 20 7 7 5 6 1 8 7 29 14 39 6 23 5 6 24 0 10 13 12 20 49 5 9 4 4 10 26 0 3 20 1 0 2 2 5 22 8 16 1 24 29 15 10 16 34 9 8 2 0 9 14 9 8
2 4 20 0 3 27 2 21 39 11 11 6 29 9 12 6 8 14 58 7 14 6 8 5 1 3 5 13 0 5 0 11 33 9 3 16 45 39 46 1 2 5 8 6 7 0 3 18 10 28 14 13 18 36 26 3 2 5 29 33 47 7 1 0 16 2 15 9 36 0 15 4 8 19 3
18 8 5 10 6 17 3 16 10 2 0 4 19 7 0 5 31 58 5 16 16 12 2 8 15 4 19 6 7 5 5 18 11 9 2 10 4 2 2 27 14 12 41 20 8 3 8 3 2 6 5 7 4 5 19 5 9 40 35 46 11 60 4 20 5 21 5 0 37 36 29 10 5 5 36
28 6 2 36 67 37 1 3 0 12 22 15 29 14 1 4 30 4 8 15 20 11 5 16 3 24 7 10 32 9 4 3 19 2 13 2 4 6 28 8 6 5 49 6 0 16 4 11 16 16 23 9 2 4 1 11 19 22 14 42 0 29 10 7 6 7 12 9 1 10 27 10 16 14 6
1 13 1 15 0 0 19 5 1 1 0 25 28 2 7 19 0 29 20 3 12 17 14 16 26 23 2 0 42 31 41 17 13 12 4 9 25 6 1 0 7 3 7 22 2 24 3 77 21 2 1 0 6 4 22 53 9 4 4 73 1 8 1 7 8 9 2 16 1 0 6 20 54 7 16
12 3 0 17 2 30 17 13 55 5 6 15 82 9 3 0 57 7 10 4 1 2 1 9 23 0 17 15 4 29 20 5 16 1 19 30 4 4 13 13 11 3 14 20 32 7 9 5 72 12 1 3 7 19 17 7 12 21 2 32 7 7 13 3 2 5 4 2 7 7 16 11 22 10 5
7 8 21 1 3 19 13 4 0 8 6 4 14 2 5 6 22 19 1 6 3 11 20 4 7 19 30 10 32 23 7 7 24 2 25 2 36 58 12 8 32 14 1 25 7 37 5 22 2 6 23 33 39 23 20 25 6 16 35 14 6 11 0 1 6 4 3 4 31 2 3 18 0 3 14
