25 75
26 4 18 8 2 4 7 8 0 14 15 0 12 30 8 1 45 13 9 25 0 117 14 10 16 4 6 2 31 8 14 9 3 0 9 0 11 15 7 0 6 6 13 1 11 20 0 1 22 6 0 37 23 21 12 8 3 1 6 14 2 12 13 2 9 20 67 0 8 12 24 4 55 4 32
16 16 10 28 41 6 8 6 0 9 3 3 15 21 2 17 33 34 2 28 17 15 8 6 7 11 4 22 13 16 15 10 4 12 18 7 35 2 12 2 3 1 10 8 7 7 21 6 34 18 9 4 8 22 1 25 3 31 40 5 15 7 5 2 30 32 29 6 21 8 36 2 2 5 3
11 22 8 15 25 0 18 8 5 14 22 10 5 6 31 7 2 1 26 22 0 10 9 5 34 0 5 12 13 25 29 20 54 10 18 5 16 11 26 3 5 6 19 2 22 3 14 13 3 13 3 4 18 16 42 3 27 6 30 19 24 1 10 4 12 21 21 1 0 12 21 25 9 3 5
2 30 6 10 7 5 10 4 22 47 0 6 20 23 31 17 4 1 13 3 10 23 13 47 3 6 33 0 18 17 19 31 5 1 46 5 10 6 2 9 4 11 13 5 13 12 2 11 16 12 4 6 21 8 3 2 9 18 15 6 28 26 11 8 1 55 7 42 24 5 0 0 28 8 1
-1 5 20 5 11 5 0 9 3 13 11 11 12 3 5 30 9 31 7 51 16 6 2 18 18 8 13 2 39 7 14 7 23 8 4 16 17 11 7 21 22 22 33 2 43 10 0 17 6 14 2 1 5 12 9 10 35 6 5 16 1 38 20 4 14 33 33 8 2 7 6 0 25 38 4
11 58 1 10 18 9 0 28 6 9 15 1 17 0 31 1 4 31 7 58 1 1 5 0 26 9 10 8 27 5 2 2 3 24 50 61 58 14 7 3 9 8 7 16 0 3 5 31 29 4 15 1 2 18 3 16 27 0 5 14 2 1 1 54 8 4 4 13 9 0 6 30 9 10 5
11 2 0 23 7 1 32 17 21 13 16 3 2 55 5 17 19 22 13 11 0 22 3 9 30 4 3 10 5 1 2 3 22 4 17 21 3 11 26 31 6 12 43 13 8 51 1 4 15 6 17 13 24 21 36 13 6 17 2 2 2 8 2 3 39 0 13 18 26 0 15 4 21 2 20
24 1 31 15 70 11 14 12 30 0 4 4 20 20 4 35 9 0 0 5 14 21 32 21 2 8 15 15 9 0 6 13 12 3 0 10 0 45 1 23 2 3 9 5 3 3 2 29 0 3 39 1 6 17 20 18 10 14 27 22 10 13 43 16 8 5 6 23 35 0 1 15 21 0 12
24 36 5 10 4 0 45 27 2 5 1 3 20 0 31 19 8 34 10 8 3 18 0 0 77 7 26 8 0 3 8 8 6 8 5 1 21 5 24 2 22 14 3 1 31 10 12 27 14 10 30 8 29 4 12 21 19 28 0 18 3 1 8 4 3 35 8 30 1 18 20 9 1 15 9
13 6 3 7 16 1 6 3 6 0 13 16 8 15 0 17 8 2 6 78 18 0 5 3 11 6 7 5 6 9 24 13 8 30 11 3 24 0 7 51 2 21 21 4 53 18 5 1 59 18 3 7 25 0 1 16 26 11 5 13 11 0 6 9 15 31 36 2 50 9 6 4 29 14 4
0 4 9 10 28 1 23 5 16 7 0 0 32 41 3 14 13 2 4 10 16 7 25 30 52 2 13 53 2 27 8 11 11 45 19 17 29 3 6 6 1 4 38 3 5 2 7 2 34 0 6 9 5 9 8 9 6 12 1 14 11 7 13 9 20 0 36 16 55 12 8 12 5 11 6
-1 15 12 6 12 21 2 37 11 6 0 10 11 4 16 71 7 3 10 10 6 20 2 11 1 4 32 8 15 4 39 15 37 0 0 7 23 11 4 3 10 1 13 7 15 1 18 13 18 74 3 4 24 14 9 9 0 3 13 43 0 0 8 18 5 23 18 15 1 30 2 15 37 3 28
-1 8 36 32 0 0 5 14 2 5 34 6 10 5 10 47 75 39 4 42 22 1 3 9 2 6 4 30 5 26 1 1 33 6 7 11 19 22 16 2 14 1 2 12 7 2 31 5 17 9 8 9 50 3 10 11 14 9 0 10 0 20 8 0 5 10 4 7 48 8 3 38 20 1 5
22 3 1 1 0 1 23 39 4 3 28 18 25 1 3 31 18 5 8 22 0 18 3 3 8 17 18 3 25 1 6 0 6 1 8 7 19 20 5 18 37 0 48 5 3 4 26 4 9 9 7 55 16 7 3 59 30 6 13 29 17 12 18 30 1 0 6 1 6 5 4 26 24 27 11
10 18 1 6 41 9 17 1 2 2 26 45 12 0 0 1 109 18 7 8 10 5 26 12 16 2 59 2 7 1 2 19 4 7 6 7 0 1 10 2 1 45 3 36 27 2 3 19 33 1 15 20 26 6 4 4 10 14 2 11 7 5 59 4 2 3 39 3 4 1 1 9 4 32 14
5 24 11 24 19 17 9 0 7 34 13 11 18 11 5 13 5 19 10 5 18 1 3 3 26 34 16 12 0 27 3 33 32 52 0 4 4 0 5 10 0 8 6 7 7 7 9 19 10 22 10 22 1 16 33 6 34 23 5 15 1 7 6 19 0 21 2 5 20 57 2 40 2 14 1
78 2 24 8 15 5 29 6 26 4 25 4 2 13 15 11 1 2 7 6 2 20 12 35 3 16 18 50 4 28 3 7 27 4 7 10 10 5 4 26 11 33 2 0 11 16 8 1 38 4 20 2 3 7 7 2 4 7 14 20 13 9 4 5 8 6 6 37 23 58 3 3 25 12 4
24 17 27 2 3 4 2 1 19 6 1 56 26 23 35 4 8 3 68 1 0 12 6 3 4 2 15 12 2 8 13 0 0 1 10 58 20 5 20 4 41 2 49 2 10 4 18 1 21 13 3 20 17 1 16 3 0 26 1 0 0 18 13 3 2 13 18 32 19 11 30 19 11 2 36
9 4 48 5 28 0 7 10 6 6 28 38 6 1 19 15 0 0 18 2 46 26 2 6 47 3 11 12 6 1 26 6 18 9 26 5 2 1 15 4 14 8 0 12 0 14 5 7 36 19 8 0 7 2 0 26 7 31 89 9 5 22 3 9 10 23 3 52 3 11 0 1 13 13 16
32 52 5 12 35 4 14 1 5 4 0 20 1 11 0 1 27 8 0 10 6 7 6 7 0 11 9 1 41 17 22 3 6 7 0 67 21 5 1 2 0 29 42 16 2 8 5 29 0 56 18 6 3 7 5 42 14 14 6 11 8 15 7 0 27 21 1 25 34 5 3 0 16 15 29
10 15 1 25 15 1 5 4 33 49 10 3 6 3 1 9 16 9 27 27 0 16 5 45 12 38 6 23 2 23 3 5 28 0 19 4 0 1 29 29 12 2 0 4 0 4 11 3 18 32 8 12 6 66 52 2 18 28 5 1 6 8 1 8 3 2 15 34 5 4 23 3 0 6 41
9 3 0 13 12 19 22 1 24 12 4 23 2 3 7 13 6 55 33 4 3 7 25 4 3 33 2 8 27 0 22 6 2 47 18 5 1 9 25 15 5 2 13 43 0 9 12 16 0 1 0 43 37 36 2 8 1 1 16 29 5 8 4 18 4 25 0 46 9 13 1 11 32 14 9
17 5 26 4 32 20 38 44 3 2 8 10 4 7 10 2 18 19 3 5 7 32 8 10 7 11 15 2 28 18 4 3 8 2 16 14 10 7 5 6 6 33 1 7 0 20 18 18 4 15 18 1 11 11 54 23 5 24 1 108 39 32 0 3 6 4 1 3 2 8 7 15 1 3 8
6 23 2 8 1 12 14 3 13 2 13 0 7 15 1 7 4 1 1 29 0 25 0 22 4 26 28 17 12 8 21 8 1 6 0 16 17 20 19 0 3 7 10 1 22 0 5 13 55 26 9 12 9 43 28 35 7 0 10 21 11 29 5 47 9 4 16 3 33 16 62 14 2 20 1
22 3 41 8 9 12 1 61 8 18 42 18 26 14 10 1 6 7 1 24 9 9 0 8 1 47 3 18 0 18 3 17 2 2 20 20 2 8 27 37 5 30 3 9 6 2 2 27 10 4 5 7 11 10 11 16 16 7 0 17 14 25 42 1 7 13 0 7 72 3 10 2 7 3 13
