25 75
5 6 0 33 38 15 2 6 16 0 5 21 13 6 2 0 33 49 4 15 19 9 30 8 11 18 43 10 12 4 22 10 5 21 19 3 33 8 25 9 41 3 28 20 20 20 18 6 0 3 3 2 7 0 2 36 1 7 2 4 0 36 39 5 5 9 9 11 1 8 4 18 26 1 17
7 7 0 25 2 34 27 9 3 5 13 6 2 27 9 3 15 2 21 2 15 28 8 16 13 12 19 2 21 24 14 12 4 45 0 1 12 41 39 2 8 33 0 0 27 47 2 10 6 3 24 1 15 26 31 18 3 10 2 1 10 0 2 14 11 0 4 4 9 6 20 11 46 44 5
35 5 25 15 9 31 9 3 4 18 27 1 2 1 5 19 26 25 2 7 34 2 5 9 14 6 14 10 3 45 32 12 17 0 1 30 25 3 1 0 1 47 3 11 21 0 6 7 17 5 7 8 15 38 1 3 4 8 4 57 5 37 0 38 5 11 3 24 3 1 7 45 8 16 2
18 2 5 5 11 0 10 19 1 1 28 7 2 31 7 42 5 23 33 12 14 10 17 42 6 2 2 24 5 43 15 0 8 21 3 5 5 13 9 29 1 5 2 11 4 16 2 0 13 9 24 3 63 6 1 27 52 8 51 13 28 5 6 2 7 3 9 2 4 34 14 10 4 24 2
13 0 42 19 3 0 2 21 11 2 12 2 10 1 24 0 11 1 0 1 0 5 0 1 2 42 3 4 6 2 4 0 7 61 7 0 4 17 20 9 17 25 42 8 3 15 28 26 8 30 2 14 34 41 23 16 47 1 12 5 4 4 55 15 12 6 5 8 16 12 0 54 22 16 5
20 6 25 8 0 8 3 0 1 1 11 2 4 2 4 5 16 8 19 22 6 7 6 18 24 7 26 24 0 7 4 3 7 8 1 0 4 6 13 27 49 8 18 5 18 54 9 19 16 0 2 16 6 15 70 2 11 4 62 3 21 35 3 12 4 2 44 21 0 24 5 45 9 10 15
15 1 7 10 30 17 24 0 3 34 35 0 14 5 8 1 11 0 28 66 1 2 18 17 3 11 0 16 5 21 2 32 15 11 41 46 20 11 4 1 44 1 10 5 30 5 2 4 14 9 1 1 3 33 0 34 1 1 38 0 9 18 22 22 5 1 7 13 11 27 12 9 6 15 1
22 15 9 3 8 14 30 12 7 1 6 4 0 46 6 22 0 2 4 15 16 41 18 3 11 0 19 3 0 12 5 9 9 3 6 5 1 12 8 25 52 0 16 13 30 1 1 40 7 4 3 55 41 35 2 5 2 16 13 2 1 8 17 21 77 11 16 28 9 2 1 10 8 17 4
-1 42 5 0 3 19 22 17 7 13 5 6 13 6 9 3 17 5 57 5 17 6 5 3 29 34 19 31 0 5 22 33 28 17 33 6 5 10 12 27 9 6 3 1 23 4 17 16 6 14 17 9 17 4 2 0 6 4 11 36 10 0 11 3 2 1 17 18 10 49 23 18 9 13 16
30 16 8 29 0 4 21 3 34 7 1 7 1 18 0 14 32 15 0 25 4 47 8 0 30 5 21 3 1 10 1 8 8 12 4 33 0 5 8 13 7 26 18 19 6 14 15 1 0 5 4 22 3 25 2 36 30 9 37 0 6 14 5 20 19 9 32 47 22 35 6 5 6 0 9
1 15 5 8 3 38 23 40 30 23 42 28 10 19 7 9 24 16 6 4 5 16 8 5 8 5 32 1 5 15 10 2 9 2 2 14 0 54 7 10 7 8 10 3 38 31 60 23 6 19 6 17 4 1 0 7 15 5 6 11 2 3 3 9 9 21 40 6 5 3 2 0 37 6 16
6 2 43 12 11 5 13 11 3 10 28 18 3 0 32 5 25 31 0 13 10 11 31 7 23 13 29 17 0 12 1 24 18 11 19 19 20 25 0 1 0 8 8 36 6 4 29 27 5 3 11 26 39 3 16 4 12 3 1 11 0 1 0 13 20 1 16 44 15 10 37 13 0 9 7
48 2 12 30 2 7 3 3 2 11 13 11 26 1 15 7 5 4 27 1 3 11 18 15 12 7 6 4 10 2 16 2 1 9 10 6 30 5 8 41 33 51 16 0 30 1 33 11 20 10 29 2 20 4 59 6 13 2 6 6 5 11 31 13 58 13 9 4 21 0 6 15 3 11 2
31 26 14 6 11 13 13 17 14 14 4 12 0 32 5 35 15 12 15 13 0 35 1 4 2 27 62 4 2 6 6 2 0 14 11 4 41 0 2 25 1 6 15 2 25 42 43 16 12 17 16 23 34 3 3 2 5 10 3 13 2 0 4 2 11 17 18 1 9 3 1 22 6 16 47
3 12 19 9 23 27 48 9 9 29 9 32 19 1 42 27 0 4 8 6 17 32 9 19 4 1 25 9 40 1 3 12 8 1 28 2 11 5 28 10 20 2 1 5 24 1 9 20 8 9 4 2 24 14 24 3 47 14 2 2 2 46 9 21 27 17 1 4 11 1 7 1 0 8 9
6 6 13 11 24 13 21 0 3 24 35 4 33 0 17 7 13 20 14 53 13 6 7 9 0 26 8 2 17 0 34 12 43 24 9 0 4 7 0 7 5 9 7 11 5 7 0 20 8 7 1 27 20 5 18 34 9 0 60 19 17 4 8 28 13 5 1 16 8 24 32 3 3 6 15
60 47 19 6 14 9 5 17 27 7 4 27 2 3 9 2 3 15 6 2 4 35 5 13 6 17 16 17 12 15 1 15 16 1 17 13 16 6 7 3 8 10 2 20 6 3 0 0 3 12 41 18 25 2 23 5 4 0 12 26 5 0 2 37 1 15 8 25 17 32 6 7 1 53 52
24 26 3 1 5 49 75 7 7 19 14 1 51 17 2 0 20 15 0 32 46 14 0 8 8 2 13 3 8 14 1 8 6 10 10 0 5 8 13 42 56 1 4 10 3 6 44 3 1 7 1 9 16 3 5 2 36 1 10 10 6 3 13 12 6 13 8 8 37 4 5 9 41 12 8
15 71 0 3 31 4 6 3 3 10 11 11 11 6 6 12 0 6 7 2 4 5 10 1 24 1 4 4 23 22 9 5 4 5 13 13 26 17 1 0 13 3 11 11 8 32 4 25 6 29 12 15 0 25 9 3 2 7 2 2 10 10 14 16 89 54 35 0 18 29 11 6 53 15 12
10 2 2 1 1 1 0 0 17 12 8 11 2 5 10 5 7 6 49 1 18 4 12 19 20 6 8 36 10 16 13 6 31 31 7 1 12 40 13 9 10 3 7 0 2 36 9 2 5 36 5 6 9 10 3 4 21 43 4 44 28 9 43 69 11 39 2 12 21 7 4 5 9 2 18
7 21 5 15 13 19 55 16 2 7 4 46 2 11 1 31 14 12 0 5 1 20 19 15 10 22 13 16 1 1 17 8 9 13 15 2 24 0 17 38 34 13 30 18 39 7 5 1 4 11 7 6 6 15 0 49 36 19 11 0 0 0 4 0 39 4 5 2 26 18 16 5 21 0 2
28 7 3 13 1 5 24 29 17 6 18 2 15 4 7 32 47 23 0 6 10 0 6 5 9 21 6 13 19 0 12 2 10 19 5 42 3 5 1 15 8 8 31 16 27 6 3 12 21 11 19 4 3 14 25 39 15 7 5 33 1 24 24 11 3 11 2 18 5 31 35 9 5 1 23
5 9 11 22 6 14 3 14 3 1 18 5 44 49 43 9 1 50 7 1 36 3 27 31 6 0 4 9 19 22 0 64 1 20 6 7 4 3 3 26 3 1 1 6 4 7 5 6 23 6 2 49 22 0 9 4 3 21 0 23 21 30 41 8 5 8 18 14 0 8 18 3 9 2 14
9 8 3 18 58 1 0 62 20 15 4 7 1 2 0 31 35 5 3 11 0 11 21 3 0 12 16 32 5 22 6 9 29 6 16 10 18 22 0 31 2 28 17 0 34 24 0 23 16 2 2 5 1 5 23 59 14 6 15 25 36 14 1 0 9 8 8 14 0 10 3 13 8 8 5
9 13 6 4 26 16 0 36 13 3 22 2 33 10 39 16 31 2 2 13 14 0 8 39 2 6 10 9 32 4 29 6 12 1 6 2 30 25 25 11 39 9 18 0 8 27 6 0 6 0 0 11 9 8 6 9 18 20 23 4 1 20 15 32 1 22 8 2 3 4 2 39 7 0 56
