25 75
18 1 28 18 11 10 7 16 4 11 22 3 25 0 40 2 3 44 8 11 10 13 0 30 0 2 22 15 47 1 25 23 9 13 4 23 5 5 7 21 31 1 1 31 12 6 6 0 12 15 54 7 12 9 12 2 21 22 3 4 8 4 4 15 2 32 9 22 35 0 2 10 16 1 22
16 8 19 6 15 0 1 29 3 1 10 12 5 17 11 20 13 24 33 1 32 32 69 14 7 3 9 16 10 3 8 0 27 2 1 1 40 16 4 7 20 4 2 4 15 4 0 1 9 2 10 27 0 38 2 54 2 1 7 97 31 0 12 2 5 12 18 8 18 1 1 11 14 17 6
25 16 13 6 12 14 25 10 6 0 6 7 2 41 48 14 11 6 24 18 40 4 4 15 35 21 3 7 8 5 9 4 2 3 12 7 30 4 13 4 4 4 2 1 10 7 13 8 4 29 3 2 11 40 8 20 29 11 1 2 71 46 13 6 16 12 0 7 3 2 59 0 11 1 10
2 84 16 1 3 58 12 10 24 8 4 8 20 6 1 2 1 16 9 27 3 2 33 0 29 1 14 5 4 4 16 24 6 14 3 11 13 23 10 23 19 35 0 20 9 0 5 10 4 5 8 9 4 38 24 2 42 5 1 35 5 7 6 5 22 0 9 13 2 0 20 17 23 2 44
22 11 28 22 18 0 2 4 22 10 9 11 7 5 23 11 3 8 50 15 1 24 10 47 5 5 7 6 8 12 25 9 21 19 18 0 33 13 6 16 27 14 6 11 15 23 1 19 8 8 3 30 5 30 14 0 26 13 8 7 51 1 0 1 2 20 4 8 13 10 23 15 13 1 4
51 22 5 3 27 12 23 11 3 21 0 4 44 4 35 6 22 19 4 1 6 6 33 0 6 11 1 15 7 2 3 4 18 34 15 7 32 1 3 27 13 4 8 10 2 17 2 12 34 1 23 0 9 12 42 1 1 31 21 7 1 0 35 14 16 14 20 3 19 9 18 21 0 13 19
8 12 4 2 12 47 81 39 54 9 15 12 29 6 3 1 12 14 21 20 27 7 12 11 4 0 2 0 6 5 11 8 35 3 3 0 43 1 25 6 28 2 5 1 1 3 6 10 7 7 10 6 9 22 0 3 21 10 50 3 33 6 14 7 20 0 12 0 1 8 65 2 6 2 10
18 36 3 6 11 15 1 0 0 13 18 23 7 6 1 2 9 11 1 22 4 4 12 68 11 14 26 14 41 16 13 26 3 17 3 2 52 13 27 3 31 7 0 4 0 0 28 44 8 7 10 13 33 0 10 4 6 6 6 9 3 13 3 5 12 30 13 3 9 0 55 0 35 3 18
5 0 2 45 21 13 5 3 24 14 35 0 9 18 20 0 18 17 27 13 1 6 56 1 11 3 5 6 5 13 7 22 16 20 6 7 11 12 4 15 6 12 2 6 1 12 22 53 17 5 2 8 12 18 8 10 3 36 24 33 18 11 17 4 0 48 5 38 8 2 10 18 11 0 4
12 3 12 2 17 9 11 16 2 21 0 7 6 21 1 8 15 27 21 7 26 30 6 0 23 4 2 114 27 1 7 21 1 40 7 6 3 2 4 14 20 4 38 0 0 31 14 10 3 4 18 4 9 9 20 3 7 11 3 29 60 3 9 0 6 15 35 0 21 5 12 5 11 4 21
37 31 27 0 10 4 4 82 4 1 7 16 34 6 3 5 6 1 3 23 15 14 23 20 29 14 15 13 4 28 12 0 0 18 0 11 15 18 2 9 16 19 10 14 2 7 17 25 8 28 2 0 13 11 3 3 9 24 7 35 16 9 0 24 27 12 3 38 0 3 3 21 1 23 3
12 24 11 1 0 31 29 20 3 2 0 20 3 7 10 24 0 5 37 3 5 0 22 10 48 16 34 31 27 59 4 8 11 5 5 14 12 3 0 7 15 2 11 12 17 3 15 13 10 7 0 14 5 47 23 21 21 0 33 2 18 15 34 7 15 4 3 0 4 34 3 12 6 6 5
0 5 54 2 3 34 13 20 13 9 20 28 10 0 13 16 22 6 2 38 22 38 16 11 9 0 34 3 25 2 1 7 7 0 12 0 20 37 0 17 1 13 4 7 12 7 9 1 5 5 26 9 10 6 0 2 46 24 1 0 8 2 32 3 20 19 36 0 24 16 16 11 17 4 35
7 1 2 17 19 3 4 3 3 7 5 60 2 5 42 14 0 0 18 27 36 10 5 22 2 2 1 8 18 8 2 30 13 8 4 8 0 19 21 28 79 33 30 4 44 15 1 34 0 17 7 16 1 10 21 32 0 14 5 6 12 2 3 56 15 30 2 3 13 2 0 0 3 4 2
40 0 3 41 2 7 5 2 0 60 1 0 34 10 2 1 56 44 1 3 3 7 33 4 23 4 26 8 7 21 8 4 3 0 17 7 27 19 18 9 4 9 13 16 5 3 5 11 2 26 1 12 24 19 9 13 33 37 0 5 24 24 8 2 14 11 1 20 0 5 12 10 10 21 31
1 23 12 10 11 8 37 15 8 3 26 29 11 22 15 33 7 41 29 1 51 17 2 23 4 20 3 19 4 16 17 3 0 0 3 4 2 3 4 45 13 9 2 7 9 10 15 55 38 44 1 15 5 16 1 14 40 4 0 1 16 8 4 4 43 2 12 1 1 2 10 7 1 3 5
12 17 11 2 7 44 23 47 0 26 0 2 1 13 54 2 25 12 48 0 10 3 18 24 10 10 1 5 14 6 9 43 48 17 6 2 51 12 0 32 8 22 1 3 7 5 10 23 11 10 2 5 44 8 14 3 11 6 0 1 6 26 3 0 14 31 3 1 10 1 15 17 2 2 8
1 2 16 11 31 1 7 12 7 2 20 39 34 15 1 1 23 11 25 24 21 18 3 17 11 3 13 13 3 0 13 23 20 26 30 9 17 27 10 16 0 66 13 16 4 8 8 9 4 1 10 1 20 42 0 7 6 3 16 32 9 11 0 22 12 24 6 7 2 23 5 4 5 13 15
20 5 7 18 7 0 12 3 7 13 3 2 35 2 27 7 30 15 10 4 6 34 7 19 4 45 25 9 14 8 12 0 6 2 3 15 10 6 10 14 17 0 4 10 13 19 18 38 15 3 49 2 3 12 33 6 1 7 9 42 32 1 0 4 4 24 7 1 6 7 42 15 24 37 19
3 17 3 11 6 33 21 2 1 17 7 2 53 3 33 19 3 31 11 8 8 6 0 10 23 33 1 3 8 59 40 43 2 8 40 0 30 8 11 4 11 5 18 3 18 8 2 7 0 0 8 6 4 9 5 1 6 1 3 7 6 15 5 16 0 0 8 14 7 13 6 77 4 15 71
5 6 1 5 2 29 9 28 0 1 55 6 19 11 14 0 10 28 6 7 48 26 6 16 7 6 18 17 33 50 14 5 18 12 16 13 40 6 3 24 8 3 11 0 28 44 9 9 0 8 25 2 1 6 11 0 11 8 8 13 14 21 5 13 0 3 17 2 0 12 6 22 17 9 34
12 50 4 32 1 50 1 1 12 31 1 2 10 1 38 34 0 15 14 8 2 0 8 2 6 23 2 7 10 5 19 21 10 30 10 21 14 5 11 4 1 2 12 16 19 4 45 16 13 7 0 11 10 10 10 5 15 3 4 27 20 29 5 21 18 2 2 16 7 21 27 1 42 2 30
31 3 9 4 49 3 5 13 14 11 0 6 2 8 9 3 6 4 0 39 2 1 1 13 16 12 1 4 34 24 2 30 2 33 3 1 2 2 3 19 0 7 13 4 20 0 5 56 98 6 14 2 6 0 14 13 7 3 3 67 51 50 1 30 26 15 0 18 12 1 7 6 1 11 9
53 35 28 6 0 5 10 1 6 3 0 2 5 21 3 7 43 2 3 2 0 20 77 2 0 13 13 12 19 7 13 17 5 0 4 3 3 2 9 10 15 1 49 5 16 20 3 0 6 30 13 10 7 21 9 9 46 65 4 25 7 4 3 0 6 22 15 17 1 37 16 3 8 23 20
29 22 5 26 1 2 7 39 26 2 5 8 0 5 3 33 0 52 31 7 24 1 11 4 2 35 10 45 4 24 5 17 12 34 0 19 4 5 5 15 18 34 7 3 16 32 8 8 2 14 25 1 2 0 7 13 0 4 21 12 29 14 22 15 21 19 8 1 8 15 16 4 8 0 14
