25 75
10 29 39 1 37 11 37 0 35 10 2 26 13 0 18 1 5 3 16 25 29 13 14 13 14 46 4 18 22 1 4 4 22 20 27 17 1 0 3 12 12 0 0 8 20 3 14 3 2 2 6 3 10 18 9 23 17 11 26 1 15 13 18 6 32 12 11 12 8 0 5 2 23 37 16
9 16 7 7 5 14 0 2 24 11 21 17 0 9 0 17 25 17 24 2 11 5 9 4 2 1 23 30 38 9 11 39 17 17 0 1 9 77 1 7 16 1 18 8 32 6 3 27 16 6 17 4 4 5 0 6 1 7 2 4 16 7 16 6 12 6 12 7 52 0 51 3 1 87 3
0 28 5 33 25 8 19 1 13 48 5 34 16 16 4 3 11 2 10 28 7 16 7 0 19 48 19 7 3 21 40 2 7 7 2 0 17 21 14 2 5 15 5 7 40 0 3 17 5 5 11 28 45 11 10 12 12 41 16 10 5 6 8 32 5 16 0 8 17 7 6 1 12 8 3
-1 17 3 27 10 3 7 3 3 14 22 10 2 42 2 5 19 0 12 3 11 5 1 0 17 1 42 31 32 0 103 42 9 7 1 14 4 26 27 6 2 0 44 12 17 9 21 2 4 1 47 1 9 0 1 17 13 1 9 6 13 18 31 15 0 3 2 1 30 24 21 6 22 0 16
16 11 3 1 11 8 36 14 4 19 7 15 4 31 27 14 8 6 18 2 19 11 20 0 2 43 1 0 10 3 0 22 19 10 8 3 35 2 9 12 13 10 3 11 14 17 37 29 41 20 25 1 0 8 17 20 25 1 13 3 2 2 6 17 11 21 17 3 0 0 5 50 29 30 15
2 14 2 30 71 5 12 8 19 22 1 12 13 29 11 3 1 11 4 0 1 12 28 12 13 19 12 8 17 9 5 32 29 16 12 5 1 10 0 5 0 4 38 7 12 1 22 0 9 8 5 3 0 28 8 0 4 6 13 5 16 1 13 9 32 34 35 4 59 8 13 32 31 22 2
4 42 31 24 2 24 5 9 4 0 1 29 24 4 4 19 4 11 37 10 18 25 0 1 15 1 15 14 24 0 3 2 37 1 1 9 50 8 40 25 3 1 2 1 0 2 2 15 32 14 0 0 42 3 1 7 4 20 21 0 34 12 11 5 11 2 23 5 29 26 14 36 35 4 6
5 21 5 0 1 1 13 0 2 3 1 6 46 10 7 2 22 27 13 32 1 7 26 14 12 13 9 23 62 10 13 12 4 7 14 44 5 8 28 36 7 46 12 6 11 6 12 10 2 6 7 7 14 26 1 13 12 10 48 9 4 9 14 16 4 2 8 25 25 0 4 9 2 0 48
38 32 17 5 24 14 39 20 4 41 2 4 15 9 1 25 0 20 10 18 12 24 3 8 0 13 15 2 11 1 5 13 9 0 3 14 32 10 37 18 24 11 32 1 0 5 6 1 0 20 1 11 0 6 18 3 3 20 2 34 5 10 2 2 48 42 47 0 28 20 11 0 12 2 5
14 0 9 16 4 7 18 36 22 12 28 8 5 4 6 51 19 25 13 0 3 23 18 20 6 3 11 14 7 0 10 17 1 9 4 37 34 3 6 17 2 28 0 1 5 12 6 20 4 4 8 14 7 25 57 10 4 13 16 0 7 1 5 43 0 42 5 21 20 25 14 2 0 11 28
7 41 13 29 13 3 39 18 9 5 5 14 68 2 52 14 10 15 9 2 10 7 1 15 5 6 17 7 2 4 7 27 27 20 7 22 2 13 0 0 2 5 5 11 15 16 9 12 10 6 22 13 0 15 54 0 6 32 20 15 10 10 12 6 3 7 8 2 19 18 23 11 6 7 23
1 21 10 36 22 0 2 15 22 55 1 3 2 10 15 18 10 17 9 18 6 2 25 30 11 17 13 25 10 0 0 11 0 7 1 9 0 0 50 10 58 4 11 13 9 1 0 15 5 4 22 8 16 17 1 18 5 16 72 10 1 14 16 5 16 12 15 2 11 19 14 5 1 18 32
0 4 14 16 21 53 17 9 9 21 10 22 2 8 0 4 4 51 10 3 17 23 2 39 53 10 37 26 23 9 18 8 21 31 1 10 0 15 2 1 4 4 32 12 0 13 2 12 10 1 16 7 18 10 23 5 1 67 1 33 6 16 0 16 2 5 8 0 1 23 17 4 2 1 4
15 24 25 9 13 8 4 22 2 10 38 1 23 7 4 23 15 25 3 2 19 21 21 10 1 5 0 41 5 27 2 45 26 19 3 1 52 20 14 16 55 15 48 5 11 2 7 1 7 0 2 0 0 7 8 7 5 3 11 0 10 12 10 12 3 53 4 17 18 4 10 0 5 21 6
4 13 4 5 21 6 2 7 2 8 18 7 6 26 32 65 9 2 38 0 19 3 2 7 10 10 0 97 30 16 29 4 16 1 36 13 12 5 15 10 1 3 4 8 0 12 11 13 14 44 3 8 21 0 12 1 39 7 0 0 1 17 5 6 21 4 32 22 19 6 7 22 10 16 1
9 5 58 4 19 50 7 16 21 2 17 0 23 0 1 0 2 25 11 12 9 45 6 6 8 8 5 26 16 8 9 15 15 5 2 33 9 15 5 23 2 7 33 59 45 16 4 4 1 14 14 19 0 9 5 18 36 5 6 6 14 7 15 14 0 20 3 5 0 6 11 4 39 7 2
6 23 5 0 7 9 19 6 9 6 26 8 1 3 22 10 16 18 8 36 1 8 0 15 6 7 5 9 10 13 0 1 33 1 11 4 11 3 21 9 6 6 2 40 22 14 14 7 0 2 36 2 36 18 13 1 45 10 4 4 12 12 62 15 4 17 52 98 0 14 0 8 2 13 3
-1 5 54 10 1 1 34 37 18 13 5 30 0 9 63 14 4 15 13 1 6 25 8 0 24 27 1 4 7 7 14 2 7 4 3 13 8 9 23 5 24 26 14 8 25 27 25 13 21 2 28 3 18 8 27 0 2 12 42 2 6 0 2 9 9 21 2 42 19 7 1 16 3 10 3
6 1 22 4 74 6 1 6 5 2 2 13 17 5 4 1 15 6 1 13 22 13 26 13 1 12 2 15 1 2 6 20 1 5 7 7 39 20 13 27 14 18 10 35 4 26 6 24 4 0 0 9 11 48 50 5 45 2 23 0 45 1 15 27 13 12 3 8 37 12 12 3 7 1 14
69 6 17 20 7 31 2 10 6 0 5 16 5 7 57 2 5 9 9 21 6 37 25 1 9 7 2 0 4 1 9 22 19 41 6 19 15 0 4 5 2 33 11 19 49 1 6 1 13 6 0 52 12 7 11 49 25 31 8 25 5 8 10 0 8 15 5 1 9 0 5 0 22 5 10
17 0 0 7 30 36 6 19 7 5 16 13 7 0 16 11 17 6 33 4 15 6 14 9 6 10 14 17 13 0 6 8 10 2 10 37 11 26 32 23 5 12 2 0 16 6 4 5 3 16 18 14 14 37 16 13 2 1 5 20 0 6 7 51 0 36 22 45 19 8 24 25 11 5 13
17 43 3 15 16 3 4 27 3 40 2 27 8 0 7 4 21 13 1 23 3 3 11 7 6 11 46 7 0 43 3 20 1 17 8 0 4 5 36 31 56 3 45 0 0 1 8 32 13 3 7 4 30 10 0 5 22 5 2 17 7 54 11 18 22 9 10 14 7 1 30 1 0 11 3
-1 20 10 0 5 55 5 41 26 37 25 19 9 10 7 12 18 39 22 0 32 3 3 0 10 30 8 47 10 13 1 0 10 30 3 1 9 5 0 9 13 5 4 46 9 27 11 13 7 8 20 2 0 5 3 6 5 22 21 32 21 8 33 21 5 21 3 4 0 13 4 7 1 15 2
1 19 2 16 28 14 7 2 35 8 7 5 3 12 18 0 5 5 7 24 10 31 22 5 12 8 0 13 3 7 8 0 7 11 20 1 10 0 48 18 4 25 0 13 10 52 10 24 16 14 4 13 12 7 32 0 28 0 31 2 6 22 26 9 2 8 19 14 3 2 24 62 19 8 27
6 18 4 15 27 1 1 18 0 5 14 20 28 1 5 3 3 1 8 1 5 52 1 16 17 2 4 2 14 1 20 41 4 16 14 15 41 42 11 17 9 29 2 2 64 10 2 15 5 16 19 2 3 16 38 4 19 4 3 2 16 71 3 5 7 12 29 16 5 1 3 13 5 8 28
