25 75
6 7 5 2 24 17 19 27 17 3 12 3 5 0 2 3 46 12 14 25 14 10 4 8 2 12 28 10 7 20 16 12 19 3 8 6 5 24 13 33 5 8 11 12 7 4 20 19 2 61 2 10 20 3 17 2 8 35 15 22 29 1 12 18 12 13 31 1 3 23 0 39 12 6 14
29 20 29 8 24 0 2 29 5 14 34 5 30 26 10 29 13 7 45 9 0 5 0 20 0 17 14 39 58 1 20 2 1 18 15 5 22 9 4 6 8 1 19 24 5 20 0 6 8 13 10 22 0 10 9 14 2 6 3 11 0 8 3 63 7 1 18 2 24 9 4 11 1 27 7
1 9 42 5 13 5 46 35 3 3 3 10 10 23 3 7 1 4 33 2 37 2 24 28 2 9 48 8 0 0 31 28 4 11 6 6 0 8 12 1 5 0 18 11 9 1 12 31 43 28 19 0 12 11 21 22 8 1 1 31 11 5 29 1 42 0 36 1 1 1 44 10 1 10 1
8 18 27 4 5 10 1 0 2 50 2 42 6 5 8 22 10 19 21 29 35 14 8 77 7 18 10 7 36 3 0 4 1 6 8 9 17 27 10 4 0 8 23 0 5 4 0 20 4 2 15 9 1 24 26 22 48 0 21 15 20 0 1 8 26 12 1 21 10 9 12 11 5 22 5
9 10 17 10 2 0 13 18 15 27 20 1 3 18 9 39 11 5 12 12 19 15 12 3 4 13 17 9 35 20 15 14 1 0 3 13 9 4 43 13 44 6 10 9 3 12 31 7 13 3 16 43 14 7 1 13 22 0 17 6 6 13 20 0 21 4 25 5 11 1 14 50 27 7 6
19 8 3 20 7 32 5 12 18 1 3 4 3 3 24 26 13 2 1 5 5 16 20 7 9 25 1 14 3 0 1 18 2 18 17 11 0 11 12 70 19 18 5 2 44 34 15 44 7 24 8 19 9 9 17 0 16 26 6 21 3 1 0 1 4 23 7 5 17 8 26 27 21 6 39
6 4 4 13 16 9 8 27 3 2 18 1 11 0 3 0 7 12 7 0 14 0 24 5 0 11 4 54 6 2 15 13 10 1 34 19 41 17 4 58 27 1 0 5 23 13 0 39 14 18 12 9 5 2 18 0 7 3 15 12 1 21 32 1 40 34 26 4 8 24 15 36 13 29 10
1 28 50 3 5 2 18 34 9 10 19 4 9 6 14 8 3 0 26 11 17 3 24 0 9 7 4 0 0 11 30 5 5 21 9 3 8 5 16 6 15 7 21 13 7 4 6 15 22 40 29 9 4 20 5 5 3 2 16 18 12 18 21 21 3 2 46 4 9 33 0 44 6 40 37
73 15 0 12 4 24 34 6 0 3 0 48 4 1 5 19 18 6 0 17 16 6 15 0 21 4 16 7 42 6 25 1 62 14 16 1 13 6 15 2 18 7 14 0 16 8 3 29 23 18 17 12 17 11 40 2 7 7 16 0 11 0 6 27 13 9 13 10 1 2 6 34 9 13 4
0 6 10 3 3 1 13 1 28 0 7 14 19 2 1 23 26 4 20 14 1 16 79 0 34 15 13 2 1 12 5 6 1 11 0 54 20 0 19 6 5 2 10 40 34 3 7 53 12 37 10 17 5 7 38 5 1 68 6 6 19 0 5 1 12 2 18 4 4 10 10 1 25 11 22
6 13 18 4 30 7 38 1 0 23 1 27 15 10 4 3 3 11 2 16 0 29 20 14 8 24 16 9 2 14 10 29 13 12 22 31 24 0 17 39 3 65 4 15 19 2 0 2 2 43 5 11 11 20 11 39 18 34 15 18 7 0 9 4 0 4 9 24 3 9 3 14 0 10 2
3 64 5 8 1 2 25 0 11 21 2 17 5 3 18 12 2 4 1 8 7 6 4 18 40 1 10 0 3 12 5 23 2 13 1 10 47 2 10 10 1 8 23 58 2 11 1 15 1 15 24 7 18 1 11 22 4 9 9 2 17 41 9 3 4 1 76 1 15 107 0 5 2 22 19
11 0 1 3 26 7 5 1 21 14 32 53 7 13 15 19 10 7 3 4 22 20 17 11 11 52 4 8 1 10 4 2 34 6 15 11 10 84 3 1 0 0 11 6 19 10 4 7 42 32 21 5 1 9 3 1 45 15 7 18 5 13 27 3 1 0 5 2 1 38 33 8 13 0 17
17 3 26 45 16 32 2 7 3 1 0 15 2 1 15 10 15 11 46 26 0 41 9 7 2 8 0 12 11 4 2 15 7 36 1 31 26 6 21 1 21 30 23 21 56 8 11 5 19 3 3 17 10 9 3 14 27 0 5 24 28 0 4 0 17 13 18 5 3 3 5 4 13 6 39
22 1 27 6 0 15 0 45 6 0 3 21 0 21 8 24 19 0 5 3 7 10 6 22 3 3 2 12 11 12 25 4 1 29 11 20 10 4 3 11 4 0 1 33 50 23 2 31 2 2 14 9 20 18 5 14 33 36 30 33 20 1 8 61 11 4 8 0 7 4 35 12 0 22 15
1 4 3 8 30 8 9 1 30 7 9 9 1 25 8 9 4 3 8 10 40 3 22 9 4 9 9 17 61 3 28 7 3 28 55 67 8 8 12 9 0 1 24 6 11 22 31 0 20 0 6 10 12 9 31 2 3 7 4 11 13 56 3 9 12 1 13 3 9 6 29 1 2 34 10
24 15 3 26 25 13 5 19 21 4 28 10 61 13 1 3 34 1 5 4 12 27 15 0 4 18 1 23 1 14 12 7 16 10 8 0 18 2 19 1 3 15 0 13 5 0 1 13 10 5 30 4 4 1 3 5 19 6 2 2 9 72 62 6 4 22 14 6 14 0 40 6 21 58 2
5 7 9 2 31 4 1 1 2 31 16 1 13 8 2 10 35 5 19 13 40 10 16 48 3 16 13 13 3 25 10 3 5 23 3 6 2 32 28 15 0 3 2 21 2 2 4 14 12 1 10 4 6 31 24 34 6 52 9 27 12 8 7 41 22 5 1 33 26 8 4 2 27 5 6
6 0 15 4 2 11 2 4 26 12 12 48 7 0 4 2 20 20 2 3 74 5 14 16 0 55 8 0 2 5 0 69 12 11 7 18 41 1 29 7 8 2 10 12 20 4 11 23 2 2 14 7 10 0 4 10 3 10 17 31 29 24 6 7 1 44 12 3 9 47 1 3 4 20 16
27 11 1 2 0 11 8 14 15 2 13 2 34 16 4 10 11 0 10 0 7 3 15 2 1 5 12 26 4 3 28 6 20 27 3 8 18 12 41 8 49 50 12 0 0 6 14 10 23 6 12 53 0 11 31 6 5 7 5 3 1 24 6 44 9 1 1 26 9 4 60 4 2 10 56
10 17 45 7 2 16 3 9 39 10 2 1 7 19 14 13 29 0 0 6 25 38 9 7 7 4 6 31 38 28 11 5 34 10 8 18 0 9 0 11 16 11 4 19 4 6 4 4 9 3 51 1 14 2 19 4 14 0 8 1 7 5 3 44 14 3 24 7 25 8 5 96 2 9 6
8 4 7 2 45 4 8 2 7 16 27 9 11 2 14 13 9 42 28 0 0 37 4 42 17 12 45 17 23 2 10 12 12 22 10 0 22 17 0 3 0 11 24 16 9 3 3 10 5 13 5 5 39 18 16 9 12 5 13 11 12 24 7 7 19 0 0 7 56 3 8 11 2 4 48
18 3 1 34 11 22 0 19 18 1 2 7 20 6 10 66 5 5 0 4 19 1 5 0 6 17 21 10 8 5 5 49 14 0 10 14 11 45 47 5 2 8 23 18 15 9 5 17 8 22 20 7 2 0 12 2 10 0 6 49 45 5 6 23 7 1 35 2 32 14 10 9 6 13 13
1 12 15 2 20 16 13 35 6 6 1 18 5 10 33 0 12 7 2 9 10 7 9 31 15 15 29 4 16 11 8 8 60 5 9 50 20 0 37 15 3 6 9 22 7 10 3 22 5 4 0 5 13 5 40 6 10 57 27 30 13 1 4 5 28 7 12 14 2 0 5 6 26 10 1
3 19 5 11 5 2 20 26 1 6 1 13 24 25 2 6 14 2 9 14 11 17 29 5 23 12 11 0 11 14 36 37 23 14 9 10 46 43 0 45 3 2 18 30 23 9 14 8 10 4 5 11 13 32 11 0 13 8 5 2 14 5 0 6 11 44 5 33 6 22 0 10 4 9 6
