25 75
-1 7 16 0 1 8 10 12 7 8 4 0 9 16 21 0 28 15 38 1 48 11 5 5 33 5 8 1 11 20 13 20 2 6 3 3 33 0 45 6 6 50 12 8 21 27 0 11 1 6 24 58 10 19 7 7 7 4 0 3 73 15 4 3 17 23 12 6 0 2 2 7 23 51 3
12 5 15 15 5 19 15 20 2 6 5 3 1 4 10 13 13 9 43 13 31 13 4 12 49 25 2 1 19 28 15 2 28 31 6 18 1 30 4 2 0 5 19 27 2 16 3 8 4 5 14 39 50 1 12 73 7 0 7 2 10 24 9 22 21 7 15 0 7 0 6 0 2 5 29
59 9 24 21 6 1 27 7 3 7 33 8 10 13 1 32 7 16 4 7 41 4 10 19 0 6 57 0 7 6 20 3 1 3 10 11 49 2 1 21 33 23 11 2 10 0 8 3 9 9 17 35 15 43 22 11 13 11 1 6 2 0 16 21 6 11 8 11 7 0 5 47 13 3 2
13 50 19 14 7 7 44 23 7 14 3 34 24 2 0 24 9 14 6 11 31 22 4 0 6 0 2 25 43 35 1 6 17 0 2 11 14 6 2 9 6 3 34 38 6 18 2 2 20 2 1 15 0 21 17 22 8 0 55 5 12 29 20 11 1 4 0 5 34 9 0 1 18 1 19
5 3 2 47 27 3 4 11 3 5 7 31 2 27 15 10 5 78 11 3 7 1 21 21 30 16 2 43 5 8 14 9 12 7 2 5 28 2 17 18 2 11 10 21 28 17 7 29 39 1 39 11 6 15 32 1 10 35 12 1 1 22 2 15 8 0 2 7 3 0 16 9 5 8 8
21 0 12 47 6 15 0 7 7 27 25 10 8 8 0 57 17 55 7 29 11 1 24 28 10 3 8 9 22 21 2 28 2 3 16 1 18 21 6 2 0 15 30 26 22 1 3 11 17 9 3 5 9 13 34 35 11 4 6 11 0 0 6 5 0 1 11 29 5 1 36 27 2 9 9
13 1 31 15 5 15 28 18 4 6 30 8 41 3 33 4 26 12 3 19 1 3 0 6 1 7 7 13 4 3 14 7 16 26 47 36 11 6 11 12 8 0 23 15 8 0 5 11 26 2 18 23 25 6 3 13 25 0 29 1 6 11 0 29 18 30 23 1 13 33 18 16 4 5 6
4 2 5 53 13 6 6 40 24 50 7 0 38 27 18 13 16 17 1 31 32 8 7 12 21 1 18 5 69 9 14 23 7 2 16 17 14 23 4 7 3 13 8 12 5 0 3 1 3 5 1 15 24 6 9 5 26 4 19 20 3 18 7 1 22 10 1 10 6 24 3 0 5 19 9
25 13 17 4 3 23 7 0 8 5 11 68 0 13 2 17 8 19 0 8 0 54 24 12 6 52 24 12 0 15 18 3 9 9 11 16 2 17 1 2 0 5 12 9 12 7 22 11 4 10 5 7 4 14 4 4 62 5 0 9 1 16 18 51 43 41 11 18 8 6 29 4 2 6 2
11 12 22 4 27 12 8 0 2 19 8 0 28 4 13 20 20 22 8 9 3 11 11 14 1 3 24 0 12 2 2 45 8 1 2 7 26 16 1 10 12 0 3 19 7 24 0 3 2 9 9 16 13 15 18 29 10 18 7 0 32 17 35 29 17 2 29 54 11 10 8 9 10 30 45
17 21 5 7 70 0 8 12 14 21 12 17 0 2 0 45 4 70 2 13 2 3 0 22 2 2 9 17 13 12 1 5 33 5 2 38 4 3 15 0 12 10 8 2 29 8 28 7 18 3 5 8 6 0 1 20 52 19 3 3 20 31 30 26 11 14 5 8 0 10 4 7 14 22 28
29 11 6 1 39 0 15 49 9 4 4 2 3 22 17 2 14 8 19 13 13 10 10 10 2 14 1 0 0 10 36 16 2 0 26 11 35 10 0 68 33 2 22 11 22 14 46 4 2 9 5 2 20 11 19 24 10 7 1 24 20 6 16 18 5 5 20 20 23 8 20 2 2 4 2
11 11 8 32 3 18 45 16 30 8 50 13 3 2 5 41 9 0 5 8 17 7 23 58 2 28 40 25 5 0 1 38 6 0 0 18 24 5 1 6 29 16 3 6 24 14 5 0 14 30 2 8 9 3 4 31 0 16 1 3 7 3 7 20 9 0 14 25 5 11 2 33 6 1 17
4 16 1 17 2 29 1 70 6 27 6 25 55 8 12 19 0 2 1 3 3 18 12 21 2 5 27 35 20 15 4 18 2 0 15 5 7 1 3 5 49 14 4 17 22 2 9 3 0 50 2 0 0 5 30 21 5 5 3 1 38 3 11 33 8 37 15 8 2 2 24 12 9 23 11
30 4 62 1 13 26 3 1 5 39 25 0 10 1 14 17 4 5 23 1 0 12 7 6 11 5 6 26 26 45 5 1 1 0 30 14 0 42 6 60 13 1 0 10 2 10 21 1 14 21 18 12 9 21 2 8 29 3 9 0 6 14 2 16 4 0 21 60 10 9 14 5 9 5 34
14 11 3 17 3 10 23 20 0 66 1 14 7 3 3 3 5 11 29 20 16 5 12 4 0 39 11 13 3 5 12 8 48 8 27 31 19 37 2 4 5 62 35 2 0 4 20 1 4 8 1 2 6 2 4 22 22 8 38 31 17 2 0 13 9 6 1 8 2 13 7 8 13 29 28
37 19 15 9 3 13 19 5 2 12 34 4 37 17 0 31 15 8 3 4 10 3 2 0 32 2 6 9 1 3 3 9 7 1 2 13 27 7 8 4 9 2 50 3 1 44 0 30 17 19 5 3 53 0 18 4 35 39 43 6 10 11 8 39 21 18 6 4 2 6 1 18 5 23 11
3 35 15 3 28 2 13 1 17 6 2 15 16 0 50 40 17 15 13 18 15 8 32 25 4 6 3 0 22 11 4 23 18 3 1 2 8 42 15 31 0 10 7 6 7 50 42 27 0 16 4 3 5 12 53 1 6 0 5 3 0 18 14 10 22 0 8 29 0 16 9 19 9 4 3
6 9 0 13 27 1 2 6 18 20 13 9 11 7 9 39 19 11 2 7 5 2 4 8 9 35 83 18 2 32 35 4 1 12 33 11 34 3 3 9 19 13 2 17 4 14 3 15 14 2 5 3 17 17 1 1 4 14 26 3 15 1 2 17 21 15 2 78 11 3 0 35 2 10 22
20 23 4 5 14 3 4 24 39 25 0 33 13 31 10 2 1 11 0 23 0 29 3 8 0 36 13 7 7 14 2 6 3 19 4 53 0 0 5 47 9 39 23 9 0 2 2 9 17 18 47 9 35 2 13 1 18 8 14 10 14 2 0 3 16 4 0 40 6 10 17 10 23 8 21
5 10 7 24 0 0 20 11 0 10 5 33 7 0 2 10 15 23 4 4 2 15 4 7 5 1 0 13 31 39 16 19 0 10 19 3 9 2 10 41 5 5 12 12 15 15 3 11 4 12 0 75 21 7 2 27 15 13 0 11 4 44 16 13 0 23 4 7 9 49 4 66 44 9 7
8 1 12 2 55 20 43 5 9 0 9 3 34 7 18 1 34 35 9 37 20 23 5 19 1 34 15 7 8 2 11 0 8 19 6 0 43 25 8 0 34 15 24 11 4 6 9 1 1 16 20 4 17 23 1 17 1 14 15 51 4 10 2 8 23 11 9 15 2 12 9 2 3 3 7
9 4 9 1 17 10 20 16 1 4 0 16 13 11 5 24 2 0 9 10 20 32 3 15 4 10 15 1 2 1 37 2 20 6 12 30 70 33 4 13 1 40 24 12 39 3 5 23 0 2 9 8 35 9 1 3 41 13 4 9 12 0 4 22 11 15 48 16 22 5 1 22 12 6 12
5 5 6 5 0 3 13 6 15 1 6 3 8 10 17 33 5 15 18 1 28 15 3 17 3 29 51 21 31 0 45 6 5 13 13 1 0 15 0 0 8 7 29 12 14 16 10 53 14 7 15 33 4 9 1 9 33 0 17 8 5 55 0 27 3 35 6 1 2 4 21 6 30 12 23
2 58 21 4 5 7 9 1 13 40 4 12 1 8 61 6 18 0 19 23 0 68 4 33 37 1 7 30 1 37 17 30 31 2 4 43 4 4 9 2 24 5 2 18 0 8 9 2 1 6 10 16 2 16 0 7 0 7 3 12 15 17 20 2 5 6 53 5 4 0 5 0 0 36 8
