25 75
30 9 0 13 7 11 54 23 33 11 8 5 7 0 8 23 12 12 6 12 9 11 32 3 16 0 6 25 4 10 14 4 12 4 26 1 3 1 10 17 3 21 4 23 8 10 42 3 19 15 1 7 18 30 2 7 20 41 38 23 2 21 35 5 13 8 1 5 1 34 6 25 2 1 14
4 10 13 2 3 19 1 21 7 18 3 0 5 35 19 4 15 7 16 3 16 78 0 4 0 23 12 10 8 2 2 5 9 29 44 19 2 83 17 2 7 19 8 36 11 5 2 5 15 21 11 44 18 8 25 19 4 9 23 5 19 6 2 9 5 6 0 5 3 12 24 12 19 4 9
0 6 4 9 1 27 25 15 3 42 6 20 1 7 15 20 21 9 15 4 13 4 7 3 14 5 20 0 5 6 15 0 20 3 11 5 4 8 4 7 5 11 7 22 34 13 16 2 15 6 0 46 2 8 19 54 20 25 2 4 9 22 27 27 1 19 14 9 8 19 0 0 11 98 21
15 5 11 14 5 5 21 1 0 29 41 14 8 47 7 5 19 17 0 48 2 39 4 28 9 55 34 9 12 1 18 10 6 11 3 0 12 7 5 13 0 8 10 15 3 0 8 10 11 27 29 0 11 8 2 14 11 4 2 9 3 3 6 14 38 10 10 15 44 2 16 19 17 27 4
0 5 2 2 5 10 12 17 33 39 0 5 15 12 6 28 9 9 14 1 12 0 0 40 78 7 4 20 8 14 34 9 2 29 2 17 5 2 12 7 9 15 10 5 2 37 30 2 6 28 27 16 14 0 16 8 52 16 3 6 4 1 39 1 3 2 23 1 36 5 1 2 3 14 37
59 9 1 25 0 61 27 0 4 33 2 11 32 35 23 4 23 34 8 19 11 0 1 12 0 1 1 3 20 38 8 1 14 3 17 0 2 27 3 7 35 1 18 4 3 28 17 5 0 40 1 4 34 1 7 8 0 17 9 6 20 22 3 15 2 1 22 6 10 8 3 1 4 64 2
18 55 29 20 3 7 4 4 6 51 26 14 6 7 0 13 51 2 6 19 4 4 0 1 5 9 33 21 3 4 10 40 39 7 1 5 1 12 11 23 1 2 8 11 8 1 18 7 2 1 12 57 53 1 27 35 3 9 4 19 45 9 1 0 1 37 5 4 0 2 24 8 6 3 2
14 25 46 31 5 69 5 5 6 19 1 12 11 4 10 7 2 17 38 23 17 7 10 48 7 5 26 11 21 7 5 11 3 2 27 11 3 3 3 0 2 14 1 13 9 2 1 1 6 12 6 13 50 2 9 1 1 1 12 11 19 28 4 49 19 19 24 7 7 21 36 19 1 1 2
17 3 19 25 2 13 10 7 36 15 36 1 1 15 16 0 4 20 22 14 61 29 33 4 10 17 20 28 7 9 28 3 22 16 2 17 8 7 11 17 6 50 20 24 9 1 10 16 11 18 17 44 20 2 8 1 3 18 3 9 1 2 7 1 5 1 1 13 0 15 8 6 19 0 6
23 12 10 15 16 1 31 0 50 2 0 2 15 14 51 1 2 8 4 2 0 9 2 2 0 4 16 15 7 1 1 70 21 40 3 6 23 5 13 14 4 16 19 1 35 0 6 8 17 17 8 12 28 10 44 2 0 13 16 2 49 0 3 11 20 14 3 49 11 2 15 4 2 22 26
30 14 24 13 29 15 4 25 7 8 3 8 23 31 10 2 13 1 24 20 28 23 11 25 7 31 6 18 7 28 18 4 14 2 22 1 0 7 35 17 8 11 8 23 1 11 11 6 36 16 2 1 0 2 10 27 1 0 12 19 16 1 31 10 27 4 37 6 14 14 5 12 5 0 5
33 15 27 45 8 15 7 17 3 10 33 30 29 3 5 2 1 13 66 4 12 3 11 17 1 14 27 12 7 10 12 9 16 20 3 10 1 5 3 12 17 35 1 16 3 8 11 12 13 26 20 13 2 1 5 27 4 9 34 6 9 1 1 5 2 3 1 7 21 13 22 2 41 30 8
2 12 36 26 10 22 9 5 7 54 0 6 0 12 16 26 11 1 13 3 2 14 5 27 14 32 5 31 13 1 12 7 24 1 3 9 18 12 10 1 4 3 1 10 15 45 12 2 0 2 21 19 19 30 22 2 11 23 7 39 2 30 2 31 3 13 37 13 3 6 0 19 20 18 4
0 12 20 38 24 1 4 2 12 32 14 3 0 41 10 12 12 14 6 12 16 25 24 29 36 17 12 16 2 20 10 30 3 35 0 19 33 19 15 3 9 2 3 0 2 4 27 11 11 13 8 30 48 37 8 16 1 19 6 4 7 17 1 12 19 14 3 8 7 4 2 6 0 6 2
5 44 2 5 20 6 14 11 16 38 7 19 2 22 0 15 46 17 1 19 3 32 9 0 2 12 42 17 11 36 7 23 25 20 2 11 11 1 0 12 7 3 5 14 25 2 0 18 14 18 7 1 48 35 1 1 2 6 3 5 19 15 13 4 2 1 13 12 21 18 44 1 18 15 4
1 3 36 9 0 41 11 2 0 25 5 24 5 3 9 15 5 12 21 42 2 11 29 6 18 1 15 0 5 7 5 47 4 17 0 54 2 5 0 18 8 4 4 1 7 10 14 21 13 2 0 31 5 9 22 11 11 86 8 37 20 8 8 3 3 1 2 5 11 5 14 19 33 17 32
40 2 27 2 2 0 8 3 8 3 9 14 14 2 7 9 47 0 4 13 27 0 3 8 6 0 1 13 39 0 25 20 7 22 13 4 1 16 0 14 13 11 23 10 33 18 4 1 10 7 43 46 67 24 2 26 30 44 25 0 5 15 13 29 6 2 13 13 3 7 1 18 0 4 1
29 9 5 9 6 11 11 11 2 14 1 48 2 17 12 8 5 5 7 2 0 0 5 9 27 49 2 3 7 3 25 8 2 0 14 8 1 9 1 13 0 2 14 9 18 27 4 2 10 2 33 1 4 11 2 10 22 119 6 0 29 10 79 11 3 9 31 0 23 10 49 19 10 1 20
10 6 16 4 8 3 0 27 4 15 6 1 6 6 6 58 2 28 5 24 16 7 2 3 15 15 2 9 9 17 9 2 20 15 13 3 20 34 4 13 39 15 6 1 21 23 50 4 14 21 33 13 7 15 6 21 6 13 19 19 0 15 3 0 5 10 35 11 17 13 4 8 34 4 32
21 22 63 3 2 9 3 35 19 6 2 0 2 3 4 8 20 36 34 22 4 35 2 14 25 67 9 1 36 1 6 5 46 0 28 2 28 1 9 7 4 32 1 7 1 12 7 2 7 5 2 8 3 13 16 4 10 3 2 18 11 3 24 4 0 20 8 18 15 2 8 6 15 47 22
3 38 10 16 4 14 10 6 13 6 12 16 9 16 3 5 0 29 5 41 0 5 0 8 17 13 10 20 9 20 1 30 4 4 0 11 7 12 5 1 21 8 3 5 10 19 1 37 3 7 5 4 4 23 42 24 12 40 4 1 12 15 22 9 9 40 29 13 39 5 13 10 21 5 52
14 5 34 46 30 3 2 0 13 7 7 4 8 5 2 5 24 0 10 8 3 13 29 0 5 11 35 13 3 14 5 0 66 19 27 13 34 11 0 26 2 3 9 3 32 2 2 5 23 16 51 8 1 2 10 55 14 50 1 0 6 10 3 19 18 19 6 13 11 12 12 8 3 6 11
17 27 4 14 23 4 1 0 39 20 19 1 16 11 0 6 24 11 11 13 8 0 10 11 5 45 19 9 8 6 23 35 17 4 6 12 0 11 1 3 14 8 15 0 14 6 16 4 8 5 17 0 2 9 14 31 46 59 35 4 20 47 10 11 18 0 5 4 4 40 1 12 9 16 2
4 4 13 4 4 4 7 3 10 10 0 10 5 9 17 14 12 9 10 10 4 11 0 0 2 1 0 51 17 26 12 19 5 21 2 25 98 12 76 7 13 20 53 8 2 56 3 0 16 4 21 3 5 22 9 16 11 9 10 4 5 24 64 11 24 7 0 13 2 10 0 1 4 1 1
8 4 16 4 4 22 1 31 1 22 18 13 32 7 1 7 16 14 0 77 12 0 14 1 2 5 12 6 4 17 13 12 10 29 3 35 6 2 7 27 9 0 45 37 0 11 2 5 47 0 27 6 21 14 14 11 34 5 6 10 23 24 9 18 1 17 3 1 14 26 2 6 0 19 18
