25 75
22 34 47 17 15 0 11 1 8 0 49 4 2 5 6 0 24 30 1 5 8 1 26 2 33 14 1 1 3 1 0 4 16 0 0 4 85 3 38 15 0 1 15 1 17 73 13 5 10 6 0 5 1 13 6 5 51 17 26 1 18 13 12 2 16 11 28 27 39 3 0 4 12 5 8
1 15 23 13 37 11 23 3 6 33 15 8 2 20 21 3 19 1 24 2 17 6 21 0 21 22 4 1 0 2 6 17 5 4 38 3 6 3 8 23 13 34 22 34 1 9 1 1 11 2 26 9 11 4 27 4 12 3 3 6 2 4 36 5 34 20 6 1 41 67 10 22 2 28 2
19 17 14 11 21 0 22 1 4 6 0 17 15 6 4 10 4 10 0 8 16 26 33 1 4 12 15 3 6 1 7 19 12 47 1 17 36 2 10 0 2 0 0 28 49 5 10 42 3 7 2 63 6 7 4 9 6 14 22 17 19 2 3 5 10 28 15 4 3 49 24 66 8 6 5
10 32 23 3 5 6 2 2 4 6 2 9 0 22 19 6 8 5 12 1 4 29 4 3 0 12 4 3 3 26 27 42 3 8 20 30 1 2 8 2 42 15 0 15 17 1 65 18 7 1 6 16 19 2 34 11 4 7 47 8 3 6 19 5 33 16 57 1 8 12 10 38 0 46 3
5 8 13 40 1 10 9 8 51 20 7 7 5 10 0 13 14 35 6 44 1 20 4 6 4 1 2 11 46 7 2 0 2 8 14 4 22 8 30 4 26 14 26 39 8 49 1 10 4 13 6 19 7 23 0 15 0 10 24 0 14 15 4 1 2 1 53 1 31 10 3 41 14 13 1
4 25 34 0 16 19 20 9 16 9 5 0 4 8 6 43 0 4 6 24 9 3 22 4 0 8 3 10 10 26 23 18 8 1 38 14 11 15 34 7 20 27 44 0 16 2 5 10 6 2 11 10 2 41 0 1 15 17 8 48 28 15 49 2 30 7 3 3 4 20 0 9 8 15 6
15 0 11 3 6 19 26 5 5 10 0 44 10 10 1 3 47 1 13 6 22 37 2 2 7 2 25 20 0 0 44 24 1 11 9 3 4 6 7 11 23 6 0 4 4 7 22 7 6 4 3 1 25 8 1 4 4 4 72 63 12 7 7 11 15 18 10 16 57 19 6 2 59 9 12
8 30 2 9 4 1 21 9 1 10 16 3 11 11 0 1 5 9 0 13 27 23 14 22 13 54 9 16 1 1 9 38 2 102 9 9 10 5 2 64 32 7 1 2 4 12 20 2 8 3 22 27 4 1 9 13 10 1 6 26 12 1 44 0 0 3 19 2 2 11 47 10 6 17 22
14 21 13 5 38 58 9 14 5 26 5 8 15 10 6 1 1 1 8 31 6 6 1 0 7 7 23 7 43 8 20 6 0 21 12 7 3 11 23 1 10 1 9 29 10 0 7 3 2 3 21 45 4 19 21 1 4 1 1 4 69 17 59 31 1 15 1 17 7 18 38 13 10 0 8
5 5 14 29 2 1 10 1 35 2 7 3 7 6 8 7 19 10 19 34 16 9 6 8 18 0 17 0 4 3 2 1 34 18 4 5 1 10 5 30 2 13 37 16 22 40 14 18 38 45 1 10 6 5 1 25 10 0 1 16 68 2 9 3 42 15 9 45 10 5 10 1 22 14 10
10 12 2 15 3 7 24 50 3 10 28 10 0 8 3 0 17 2 34 24 2 50 2 11 1 23 8 0 55 2 16 0 1 46 4 13 20 36 51 4 3 30 1 4 12 1 4 10 24 16 14 15 2 13 8 8 15 6 6 10 2 35 16 8 0 1 3 43 3 10 13 9 3 15 30
2 9 14 27 13 11 11 9 10 10 16 2 27 1 17 31 21 3 23 3 18 27 29 34 12 4 0 15 3 37 2 31 9 12 1 1 30 3 1 0 19 2 5 11 16 1 16 12 23 4 6 19 2 16 7 13 6 40 1 16 33 1 1 13 25 0 29 10 19 0 23 17 42 0 23
40 17 4 0 6 8 4 18 18 46 23 12 2 1 0 18 8 18 27 14 0 12 8 15 23 30 12 1 16 18 10 10 12 1 42 8 11 15 0 31 9 13 24 7 30 0 12 5 14 9 4 6 15 12 22 1 8 7 14 28 21 11 14 26 1 0 39 0 9 1 15 29 1 12 22
5 1 11 61 25 14 15 31 5 0 0 4 11 13 16 26 2 4 11 12 9 0 13 10 55 23 35 7 1 2 14 15 2 4 6 11 12 16 4 12 20 43 1 6 2 3 23 9 13 23 11 0 12 9 16 16 20 9 20 1 3 0 47 3 6 8 23 6 31 27 24 5 8 15 19
0 17 44 10 1 39 1 22 30 2 0 0 4 14 34 19 38 3 2 26 6 3 0 3 35 5 33 12 20 10 0 30 3 10 1 0 7 1 82 10 39 33 12 19 25 3 17 2 0 7 15 4 0 34 33 13 13 4 12 7 1 12 6 11 34 22 0 2 18 3 1 0 1 7 13
3 14 16 8 6 4 64 20 3 25 20 7 14 1 76 3 2 1 33 3 30 3 16 2 23 32 16 11 15 10 5 2 8 14 1 7 9 0 12 0 28 1 28 3 6 10 17 3 15 24 6 3 23 1 14 7 25 10 8 1 15 11 0 0 3 34 21 22 0 14 24 19 26 10 29
-1 30 16 26 13 88 2 5 4 11 9 3 35 22 11 13 7 0 16 5 1 23 3 9 8 21 3 14 0 43 66 0 1 3 14 6 10 4 17 6 50 7 1 5 9 7 1 0 2 9 32 7 4 3 14 29 6 15 5 5 26 39 7 8 13 18 26 6 5 17 7 37 5 1 7
16 9 2 2 5 25 3 28 6 17 7 39 11 22 25 3 23 6 10 5 15 11 2 17 0 19 20 2 8 10 6 62 4 9 32 4 13 38 2 15 14 7 1 9 6 2 5 5 20 8 9 21 17 0 2 4 5 25 11 25 12 1 16 44 20 23 14 3 22 2 4 13 18 19 40
20 33 27 6 5 10 25 11 5 2 3 4 10 38 21 5 27 10 9 6 8 0 30 23 15 16 5 11 11 8 0 0 9 12 40 5 23 3 0 2 27 0 5 14 1 13 27 13 9 5 13 7 21 2 16 6 38 30 12 3 5 10 34 41 0 36 0 10 20 20 14 0 13 36 1
43 0 3 9 7 20 2 3 2 12 39 12 12 12 13 8 7 32 23 4 10 7 19 14 7 18 7 56 5 2 15 0 9 2 13 9 7 0 3 27 17 10 19 12 7 0 3 4 22 10 1 26 7 17 8 12 16 17 6 33 12 21 3 3 36 0 5 8 16 31 45 25 20 12 23
3 2 8 6 3 2 3 24 9 42 9 6 11 16 2 14 15 42 9 3 1 31 29 9 3 35 18 3 3 6 1 6 13 40 19 18 13 10 11 15 1 1 14 13 0 27 20 1 4 0 12 5 0 16 5 45 28 18 9 0 22 11 24 14 23 33 44 8 30 8 0 14 12 3 22
5 3 7 10 11 9 11 25 1 0 9 7 5 16 39 2 9 3 2 16 0 21 3 4 24 5 16 40 37 44 3 40 9 15 20 19 4 27 0 11 21 38 7 2 3 25 3 30 46 12 48 34 1 2 27 24 5 2 0 28 9 15 29 2 1 0 11 3 9 3 1 1 14 6 6
6 12 15 1 21 8 22 2 6 2 8 4 8 8 2 9 50 4 23 5 6 8 13 41 34 23 22 0 10 2 0 27 9 22 8 58 32 27 3 12 7 8 12 17 1 14 7 33 10 1 3 4 8 18 15 8 20 0 21 0 2 19 82 2 10 0 9 9 9 4 4 1 10 22 37
19 6 2 28 23 16 93 10 2 25 11 21 5 28 37 4 16 25 10 16 33 20 10 5 20 25 13 15 7 13 9 5 0 3 10 6 5 5 2 0 4 1 4 31 29 24 4 13 3 12 4 2 17 9 21 17 20 7 23 10 8 31 8 29 3 11 2 4 8 5 7 12 0 8 6
6 10 0 1 33 4 3 8 30 13 32 22 8 0 11 2 4 2 0 5 18 1 3 8 1 34 1 15 75 35 0 15 77 0 3 33 37 2 13 1 14 7 32 1 3 11 9 7 11 0 39 2 4 24 4 33 1 2 19 30 6 8 11 0 18 8 17 18 9 16 2 6 18 39 5
