25 75
2 3 5 12 2 24 7 2 1 6 42 11 10 17 15 8 30 37 7 3 47 9 12 0 15 8 4 3 9 16 11 18 0 4 66 1 14 8 1 18 6 9 15 22 33 4 14 5 3 0 5 12 60 8 22 43 2 16 1 0 16 25 25 2 33 7 0 0 7 33 33 3 7 19 2
4 4 18 1 4 5 3 19 1 6 0 7 74 15 16 24 18 9 0 6 5 10 17 12 10 3 2 10 42 41 7 6 0 6 13 0 11 1 46 16 1 20 12 16 1 4 15 37 5 21 0 14 6 1 6 6 17 7 65 23 6 17 5 37 21 1 5 4 7 5 18 32 22 38 13
-1 5 22 32 1 28 3 22 4 2 9 13 19 35 27 1 1 3 9 14 1 3 21 3 9 1 57 11 10 3 5 4 34 3 8 0 6 14 3 6 41 18 13 9 29 12 18 3 24 10 10 5 24 9 9 19 26 1 40 10 11 7 0 0 12 5 18 26 24 13 3 66 15 8 11
6 22 4 2 2 1 20 18 31 24 11 32 48 29 7 15 10 12 16 3 31 8 12 0 15 0 1 22 15 3 12 13 3 15 3 5 13 27 5 30 2 8 6 5 3 3 0 6 13 10 15 23 32 20 2 15 40 19 4 41 10 14 0 11 28 6 15 36 0 2 0 1 0 0 64
21 3 10 17 0 11 7 30 33 6 23 15 19 19 15 11 10 10 5 18 12 15 13 25 0 43 52 8 3 14 4 5 9 0 1 29 8 3 0 34 14 1 8 7 39 56 14 4 2 3 9 19 2 3 1 1 1 28 7 24 1 17 14 6 7 54 3 17 5 2 36 4 5 2 23
53 6 0 4 29 0 32 6 39 11 2 18 2 0 3 12 0 29 1 0 8 10 19 3 23 18 1 9 0 6 8 23 5 22 9 6 0 10 14 49 19 6 16 15 9 0 13 14 18 9 16 15 9 15 36 12 18 3 25 4 24 2 8 20 0 0 7 22 17 32 19 17 60 4 6
32 1 1 21 2 0 18 5 36 5 40 8 2 3 0 21 17 7 1 4 7 9 19 5 5 27 19 2 7 51 3 63 13 2 7 16 6 24 21 110 15 4 5 16 22 29 4 2 10 9 23 15 0 22 11 13 6 0 5 11 20 8 38 6 5 3 18 1 4 3 5 3 6 4 14
9 5 2 53 14 12 7 1 24 0 4 7 15 35 5 1 3 7 10 15 58 20 8 54 7 14 2 22 15 36 1 27 6 24 8 23 9 20 5 0 26 22 28 7 13 20 0 18 9 28 9 11 16 4 9 4 9 18 9 5 11 6 6 5 10 17 18 15 3 16 10 0 18 7 5
11 8 6 1 9 2 23 17 8 2 84 23 1 17 6 28 12 15 1 0 30 12 2 42 25 2 5 0 2 26 4 17 4 6 10 37 10 15 0 33 34 2 7 5 0 1 4 13 14 1 6 6 42 1 2 8 2 0 16 1 8 26 3 2 2 4 13 32 14 10 74 79 1 8 3
12 19 1 40 1 19 5 0 2 6 16 15 25 23 17 7 1 0 35 13 19 5 12 1 32 76 16 1 11 18 57 12 1 3 35 59 1 8 7 5 2 34 5 12 16 26 2 10 3 5 2 10 0 13 10 29 3 7 15 19 8 17 16 8 1 2 6 10 0 41 1 18 5 0 8
7 26 13 5 2 8 11 16 1 4 9 7 6 30 4 5 7 12 2 1 30 14 11 0 18 25 11 15 2 5 32 29 13 0 22 7 5 0 5 1 4 2 12 26 13 11 13 9 33 68 2 37 1 11 7 16 34 4 5 1 13 26 21 10 1 12 6 33 3 58 12 46 2 14 13
32 33 0 4 1 29 5 0 3 40 5 21 4 3 2 3 42 28 8 4 2 8 1 5 16 0 10 6 34 26 10 17 32 80 15 31 6 11 0 9 4 50 41 4 15 16 1 11 5 9 9 4 1 11 14 0 32 5 10 17 0 21 3 5 20 2 6 30 17 3 0 17 17 2 12
2 33 35 25 2 6 2 5 16 2 2 18 48 38 15 40 37 3 58 7 13 32 4 5 19 14 7 10 6 1 5 2 13 24 23 21 1 22 16 9 11 4 8 13 11 1 7 5 2 7 13 30 1 1 8 1 9 4 13 18 14 10 0 50 4 6 25 7 6 3 3 4 34 0 26
1 2 7 21 2 1 16 17 30 22 19 1 16 5 3 16 3 11 8 42 6 47 0 17 43 6 3 22 26 10 27 0 4 10 11 16 0 11 5 2 6 42 3 6 3 12 15 5 16 10 4 0 18 19 30 5 7 12 4 15 2 30 29 0 11 1 59 41 9 9 12 13 7 18 18
20 7 4 3 6 4 10 13 4 34 28 3 0 29 13 6 11 10 13 16 4 22 27 12 11 4 34 10 29 5 2 21 14 7 9 13 5 29 29 4 7 6 18 8 5 5 25 5 33 8 2 44 7 16 12 16 0 4 0 23 9 19 28 29 7 11 8 31 18 4 13 21 19 10 4
23 8 2 50 41 14 11 3 2 9 7 34 17 14 4 42 11 15 8 3 3 45 28 9 0 1 4 13 13 2 13 8 14 10 0 0 7 16 4 0 21 4 0 3 3 2 19 29 9 17 19 32 11 54 18 30 21 13 2 43 21 5 11 28 26 3 1 8 0 1 4 6 0 7 21
10 8 7 21 4 20 0 8 12 3 14 1 27 7 17 3 22 22 1 4 8 40 0 3 2 2 26 41 6 5 1 59 17 36 20 6 14 1 6 17 26 16 14 2 36 11 4 24 0 0 20 20 16 17 10 0 7 39 3 7 11 0 33 2 40 8 2 10 3 30 6 9 9 29 15
0 6 7 17 16 27 27 28 31 5 4 2 2 16 17 2 2 61 1 20 3 4 25 10 44 2 8 31 20 1 20 32 14 7 9 12 0 7 4 2 4 3 2 3 6 12 22 4 4 3 6 24 10 14 9 0 5 21 24 5 11 5 58 2 10 39 15 52 29 19 0 1 18 9 5
28 18 19 8 4 46 93 29 22 0 23 2 6 0 13 5 15 15 4 2 8 0 2 1 4 6 11 7 37 32 26 4 3 13 5 4 12 24 28 8 5 19 21 5 6 9 10 0 2 22 5 13 17 42 22 26 22 1 5 10 6 7 30 6 4 4 2 4 28 26 7 0 11 14 2
2 4 16 24 58 12 4 0 0 14 5 1 49 31 10 0 5 8 55 12 27 9 40 0 3 2 9 6 0 5 14 0 21 18 1 13 0 11 6 4 30 6 57 0 7 12 0 9 18 6 3 1 25 29 1 19 6 13 30 2 15 5 26 21 28 40 2 15 6 4 24 6 1 15 19
6 2 40 0 19 16 9 3 9 16 8 16 8 2 27 4 34 11 7 34 8 24 0 14 1 3 24 3 8 9 22 30 1 8 7 6 0 44 11 24 12 8 3 6 4 1 6 2 17 16 50 51 2 2 2 15 2 9 13 39 15 12 1 18 32 24 24 21 0 4 16 15 16 14 10
3 10 7 30 0 6 0 7 20 15 4 5 6 19 4 24 4 6 7 5 1 8 26 7 29 12 0 15 8 13 1 13 14 1 0 12 21 10 15 43 2 63 9 6 4 6 3 6 37 4 7 2 7 33 14 9 29 26 3 101 7 0 4 5 17 3 26 5 1 30 1 20 57 1 21
17 22 49 13 36 3 12 18 37 19 1 6 6 1 13 1 7 16 7 8 3 34 7 0 1 18 15 14 14 6 8 8 18 23 6 2 7 8 7 3 6 58 94 10 13 37 7 0 1 3 0 9 27 1 1 3 5 32 31 1 3 5 12 15 10 2 3 37 8 0 5 4 6 21 36
13 35 13 8 10 36 5 29 0 13 31 14 18 18 14 7 0 8 27 6 6 77 22 13 2 7 7 4 1 13 3 22 4 21 17 12 16 0 5 21 6 17 6 2 13 6 17 5 9 4 5 2 6 5 11 22 7 6 27 28 11 20 25 4 26 4 30 12 2 35 5 0 19 15 10
2 12 28 9 22 17 3 27 13 37 1 0 7 3 30 17 7 1 6 47 9 5 33 26 38 2 17 14 0 9 20 18 38 9 0 18 7 8 22 15 1 5 36 9 43 10 30 7 23 10 1 9 0 18 17 2 4 8 2 3 6 5 0 34 9 5 2 0 19 2 4 6 6 4 63
