25 75
1 2 15 57 13 0 5 42 17 11 3 9 22 5 5 11 17 15 20 22 1 15 8 22 24 19 2 10 21 28 0 32 6 10 4 19 1 1 17 13 4 8 0 4 2 9 28 14 7 1 23 1 13 23 27 6 1 15 1 8 16 25 13 0 26 9 1 43 7 49 1 30 7 22 11
34 21 10 0 6 0 2 2 33 3 18 17 18 5 28 4 2 26 0 49 22 50 6 3 8 28 18 6 0 1 1 6 15 12 3 30 14 1 0 22 25 6 12 0 100 2 1 26 5 1 16 5 4 0 6 2 26 0 12 4 4 3 11 20 11 12 3 4 50 12 9 1 43 4 36
30 3 12 6 8 4 44 20 3 12 17 15 12 3 12 4 5 9 23 0 5 15 2 3 2 38 3 24 1 8 0 13 15 15 3 11 0 1 36 62 0 4 33 1 6 14 22 7 16 61 2 12 6 7 19 4 3 23 3 7 25 21 12 14 3 3 7 11 20 46 4 29 13 5 38
12 3 4 85 17 13 93 1 1 1 30 50 8 0 0 1 7 7 1 12 10 0 12 3 18 9 22 3 14 5 11 5 45 10 19 3 3 3 1 28 32 14 24 8 1 27 11 6 27 6 13 6 16 14 30 3 6 5 5 6 8 7 1 41 18 5 32 0 20 2 11 11 1 12 1
9 12 2 10 34 5 9 5 5 10 8 12 62 3 2 5 24 0 5 2 53 5 16 20 2 0 23 0 18 6 8 15 31 5 0 10 3 28 59 13 30 9 2 3 1 12 17 3 18 13 15 12 24 7 4 8 2 51 2 10 12 23 19 1 12 5 12 13 17 40 43 13 0 7 1
9 3 14 4 64 3 19 5 10 4 5 19 24 3 12 6 4 4 12 14 48 0 0 20 2 4 17 3 0 1 2 24 20 34 4 10 5 14 10 0 5 9 4 8 10 10 32 14 1 43 8 70 14 12 0 9 17 10 26 6 10 15 11 58 11 3 13 13 37 0 40 2 4 5 14
19 5 39 1 5 2 12 10 11 48 30 7 17 23 2 1 11 1 26 2 21 0 37 35 21 15 10 4 3 0 9 0 26 30 3 26 8 7 39 17 6 2 28 18 23 16 16 5 19 7 16 8 5 3 17 8 27 3 7 15 16 0 8 52 4 2 19 19 18 2 3 6 8 0 11
2 8 10 12 2 22 25 33 53 9 4 0 13 11 17 14 0 13 7 4 16 0 9 26 12 3 13 5 0 14 6 1 15 0 2 38 9 0 11 19 12 28 2 24 5 32 41 76 1 3 17 13 14 6 7 0 8 57 10 2 44 2 11 6 21 5 1 6 41 12 15 0 4 4 12
17 2 2 12 9 25 4 4 4 2 5 1 1 3 28 17 8 7 2 3 9 7 20 32 11 19 24 29 2 12 17 31 5 52 0 11 19 39 5 15 12 2 11 2 2 0 30 6 3 5 9 3 27 1 5 5 28 6 14 9 32 1 6 50 10 0 7 75 40 25 11 21 13 6 8
8 7 13 14 21 2 10 5 4 29 61 9 2 32 31 17 15 4 0 9 4 43 12 7 20 46 7 7 5 31 21 1 24 3 11 4 25 1 34 7 4 5 2 3 11 18 25 10 31 10 8 7 2 9 42 24 0 6 20 13 0 15 20 9 0 14 23 3 0 18 10 17 2 7 6
4 2 5 2 35 11 7 34 14 15 5 5 30 3 22 20 1 25 13 16 6 20 3 8 3 22 1 0 7 3 29 19 19 14 16 5 5 16 55 21 22 3 0 15 15 4 0 4 1 27 1 0 26 0 9 18 4 0 39 26 15 24 0 0 5 13 27 1 25 0 20 11 63 34 7
10 23 26 8 6 6 7 8 0 6 11 36 13 14 31 14 6 1 10 0 0 23 8 2 2 21 54 19 3 4 3 23 1 18 7 38 1 2 35 23 2 15 20 7 9 14 1 1 12 11 7 10 9 24 13 4 4 5 28 41 29 31 2 4 5 9 11 28 25 26 0 18 24 22 6
6 1 8 9 12 3 6 6 12 14 26 4 1 5 39 1 22 27 4 10 8 17 15 18 6 8 6 7 12 28 0 0 14 1 1 27 33 58 19 21 18 0 12 53 21 21 0 36 34 9 11 3 4 6 11 6 17 5 42 3 2 12 30 10 23 1 24 17 0 0 0 13 17 8 16
7 37 9 16 9 5 8 3 15 19 17 23 8 5 12 10 32 2 15 6 25 18 27 1 12 12 6 3 16 14 0 15 8 6 6 6 7 6 12 4 13 4 1 15 26 16 36 7 26 2 2 15 2 7 7 6 5 69 28 7 13 2 78 27 19 0 11 2 7 1 46 19 3 0 16
25 3 50 6 10 12 12 8 10 12 24 1 25 1 22 39 5 3 23 2 1 11 12 2 2 54 0 3 31 13 24 38 28 17 0 0 49 10 0 15 6 19 13 20 1 3 26 9 25 4 34 1 5 11 5 66 1 3 10 0 3 12 13 4 5 0 12 6 2 21 4 3 8 10 32
6 25 29 18 4 32 5 27 21 21 0 1 11 5 5 5 5 9 12 26 3 5 11 37 9 13 3 10 2 16 64 1 0 1 12 30 2 19 4 4 62 11 24 8 9 7 13 16 25 35 11 1 12 0 11 20 7 54 15 2 1 5 9 0 6 0 0 2 12 55 5 23 1 10 15
6 52 15 7 26 21 13 2 9 0 13 11 8 15 35 19 47 36 6 1 12 4 3 0 8 16 7 28 1 1 4 14 7 27 12 26 40 24 8 7 31 17 29 5 3 1 35 13 1 25 8 6 6 1 0 17 14 26 10 3 8 22 1 2 14 7 7 1 21 7 5 11 15 17 20
17 10 3 21 14 2 0 0 0 26 20 14 20 24 10 23 0 35 4 2 13 9 6 9 17 8 18 1 7 5 27 3 12 26 25 14 3 18 0 11 67 29 1 7 15 20 8 20 9 3 13 70 8 11 12 0 5 33 4 43 18 8 6 7 20 4 0 12 0 0 14 5 34 10 7
0 22 0 20 7 11 10 4 10 1 2 13 6 34 12 5 39 3 29 1 6 2 47 50 21 3 69 3 5 6 57 5 25 18 34 40 1 16 33 1 0 12 22 2 1 7 0 32 3 22 36 24 1 0 20 3 3 14 3 2 6 17 3 5 4 7 8 0 2 3 40 11 1 9 6
4 5 2 1 1 18 5 24 19 19 8 40 5 26 1 4 8 31 8 4 16 26 13 3 19 5 5 3 26 17 7 1 6 1 12 20 6 40 28 8 5 14 0 1 11 25 44 10 2 1 1 24 6 16 3 5 41 14 15 33 20 3 2 15 33 9 16 5 85 0 11 2 22 10 1
5 1 11 0 41 18 2 4 5 11 34 7 10 19 36 7 2 24 2 22 17 1 10 13 25 24 24 31 7 0 8 33 8 0 17 8 22 4 25 20 6 8 18 4 22 22 2 5 3 6 27 0 3 54 22 12 6 17 9 2 3 2 11 45 10 15 12 24 12 11 7 4 9 24 5
5 12 33 13 11 6 0 2 12 34 21 15 20 0 13 2 8 48 10 9 3 6 19 15 40 7 2 0 86 32 35 21 25 9 19 13 9 3 6 3 3 12 0 4 41 9 39 4 6 0 0 23 3 1 1 4 34 31 8 10 0 2 3 23 10 21 12 1 4 22 15 4 1 4 18
24 0 16 16 3 12 32 15 4 47 0 19 38 30 1 16 2 73 3 12 7 1 4 2 8 19 10 8 17 3 9 12 37 4 4 2 3 11 14 6 2 22 72 10 16 4 18 9 11 5 4 5 15 36 19 1 18 6 0 0 2 8 16 26 10 0 28 10 1 35 9 22 9 1 6
32 4 13 9 3 1 13 4 21 2 8 12 0 53 9 8 28 4 20 3 1 0 33 9 5 7 5 4 3 21 6 0 22 10 19 5 9 8 31 10 39 17 19 8 6 3 11 25 4 13 19 37 10 11 1 1 0 10 19 3 49 49 6 6 19 11 5 20 7 16 3 11 34 18 35
25 7 13 3 5 30 10 8 19 8 2 14 0 35 34 10 7 0 4 56 4 1 26 67 6 11 14 6 15 9 31 13 8 8 1 8 22 4 12 8 15 12 2 10 10 10 6 10 7 41 26 18 22 11 6 3 15 5 19 3 53 5 3 11 2 22 8 14 17 1 8 10 3 19 9
