25 75
11 2 8 0 3 11 0 30 63 0 4 28 59 0 2 17 5 5 10 24 25 3 2 2 15 12 17 16 22 0 4 5 1 2 8 31 13 3 19 3 3 23 19 1 2 6 2 16 7 22 59 8 0 3 40 16 3 13 20 60 6 7 8 10 7 8 4 71 15 9 4 3 1 31 8
1 12 2 21 10 30 10 8 17 46 4 11 46 13 2 2 49 14 4 0 18 10 30 3 6 23 5 21 1 19 50 17 2 0 2 1 11 9 11 8 6 24 16 15 5 9 10 26 0 28 1 5 5 3 12 1 5 10 28 22 2 9 44 0 5 21 2 25 6 12 54 2 23 9 6
3 14 1 2 4 1 7 45 0 5 6 12 12 20 11 4 3 7 4 12 20 6 6 7 16 25 19 8 10 8 0 26 34 6 18 2 17 3 7 3 4 17 21 2 37 22 11 1 1 0 26 31 20 0 31 10 53 9 6 4 31 9 6 6 36 12 6 32 38 34 21 2 21 16 10
8 35 4 48 21 4 40 2 1 7 1 0 18 7 0 7 3 48 12 15 22 26 35 2 4 18 26 4 18 2 1 6 2 6 3 2 7 5 10 21 52 1 9 0 0 9 8 17 10 7 12 59 0 3 15 7 0 20 20 17 18 26 13 29 55 15 18 20 15 5 3 0 3 11 2
-1 1 7 1 41 16 7 15 0 10 22 19 14 25 5 17 17 11 6 0 0 7 12 9 22 37 10 66 2 3 17 29 36 19 3 1 16 0 19 2 23 10 9 0 4 7 2 10 13 24 2 20 17 17 28 5 12 4 0 19 6 13 5 1 9 3 22 7 4 39 6 13 26 35 42
-1 2 16 29 5 15 2 31 12 4 6 3 1 4 8 6 1 34 2 3 14 8 37 22 5 6 8 1 26 1 11 26 26 12 24 1 4 37 6 21 24 1 3 1 16 5 0 1 16 5 3 44 7 20 43 24 18 4 12 12 3 25 25 1 93 3 11 0 10 16 13 3 28 17 14
-1 12 1 9 7 10 4 22 23 15 16 0 8 15 1 12 8 2 5 3 4 2 1 14 20 12 4 12 3 17 5 37 3 8 14 8 32 18 17 11 1 31 19 9 8 0 45 8 4 19 4 72 0 2 2 36 14 18 12 39 45 8 12 12 32 1 33 24 2 13 3 4 12 13 29
0 11 6 33 14 36 13 3 24 5 5 73 27 10 9 11 24 2 4 2 10 19 26 11 0 4 32 8 8 3 23 22 8 14 0 2 44 30 3 1 5 7 5 24 8 1 2 30 0 3 37 6 10 52 27 2 0 0 7 2 15 2 23 0 10 16 43 11 29 5 7 11 0 1 19
31 1 2 16 8 10 11 17 2 5 13 1 1 4 49 2 9 6 29 0 1 22 29 6 31 38 12 7 47 4 16 14 5 37 16 7 7 38 4 16 32 9 5 4 5 0 1 2 18 20 9 0 3 11 10 32 25 29 37 3 13 2 4 32 35 1 12 0 14 13 0 17 4 15 9
54 3 2 6 28 3 20 4 2 1 1 2 12 0 15 7 9 7 26 5 20 1 12 4 1 17 10 12 22 17 18 0 4 33 1 45 6 3 87 28 3 37 41 2 1 47 21 32 19 7 14 12 11 6 15 0 1 5 0 20 27 7 14 5 1 32 21 2 15 9 2 11 0 8 4
0 5 3 20 0 16 0 8 16 5 77 3 10 0 34 13 35 4 39 37 7 3 11 6 7 5 8 31 4 2 44 17 27 3 20 33 26 10 0 1 42 32 16 2 8 5 19 4 6 31 14 5 11 3 11 9 13 21 6 37 6 0 1 18 0 17 8 4 0 14 10 27 8 0 2
1 1 4 0 11 12 0 6 5 21 11 15 37 11 16 5 18 5 18 0 2 36 6 1 62 15 23 15 0 1 0 14 1 13 4 9 19 10 59 5 24 2 26 15 3 13 10 9 30 36 4 42 43 3 0 15 4 23 9 6 9 5 4 3 54 5 18 23 14 31 4 2 2 13 4
1 38 29 31 24 2 55 4 16 8 5 18 1 0 24 1 20 6 3 11 2 10 2 2 6 13 13 36 11 10 12 4 1 2 24 28 22 21 2 8 23 4 4 4 3 12 48 19 5 0 4 0 33 0 16 26 1 1 25 30 0 0 11 0 34 7 2 24 22 14 16 11 27 4 44
9 1 11 3 17 10 13 0 3 40 37 14 30 30 8 3 25 25 21 0 7 15 4 6 33 33 14 1 4 2 26 14 27 3 27 6 3 7 5 6 10 12 51 34 6 13 11 20 13 6 14 4 31 23 1 3 33 18 7 2 6 2 7 25 5 4 18 2 2 2 33 4 12 16 7
19 1 7 8 42 6 14 39 2 21 38 16 10 23 3 16 13 11 0 14 19 14 10 44 75 44 5 12 6 26 5 1 2 0 5 16 0 4 2 5 0 8 3 10 23 27 3 14 7 3 7 14 1 3 37 38 22 5 1 16 9 10 15 1 9 7 0 33 22 0 8 16 16 12 2
3 2 12 1 20 0 13 27 22 13 10 5 4 38 20 0 6 15 7 10 11 2 30 16 12 5 64 31 10 1 36 39 5 26 18 27 6 7 16 17 7 13 4 1 14 5 18 31 17 9 4 1 8 13 16 0 12 10 0 0 4 4 9 12 0 17 20 15 6 43 2 5 36 33 4
30 12 1 9 20 13 8 50 8 3 0 5 43 3 5 0 14 37 16 33 4 20 7 9 35 2 8 24 1 4 16 11 10 7 32 1 26 58 5 20 3 5 16 3 3 8 9 7 22 6 13 4 12 7 24 7 22 0 14 9 11 14 8 19 14 3 6 12 16 11 17 20 10 17 18
33 4 43 11 2 3 0 6 2 7 3 6 6 6 7 8 7 21 2 7 7 7 14 15 33 47 0 3 3 7 8 6 37 2 1 37 14 12 14 10 4 10 9 5 6 14 45 8 5 4 0 61 22 20 37 5 12 8 20 21 1 19 12 34 28 16 2 5 18 9 24 9 16 13 17
22 5 2 2 1 11 21 9 0 10 22 0 2 9 8 13 0 25 22 2 19 12 9 5 39 26 8 36 0 23 0 26 31 5 14 8 6 4 5 65 56 20 4 19 41 21 47 9 6 1 4 47 14 6 7 1 2 13 1 14 5 9 6 13 1 14 1 11 3 5 4 30 7 28 3
36 12 3 6 34 15 29 23 3 0 16 2 9 30 20 8 24 28 19 2 30 16 1 2 0 70 4 15 11 15 7 9 40 13 5 8 25 33 4 1 22 14 0 12 19 6 0 9 13 6 2 2 7 13 2 0 1 32 11 4 9 21 2 17 31 3 11 23 11 10 17 7 8 18 9
2 47 9 58 18 8 37 1 1 23 7 10 19 6 15 0 1 8 8 11 9 34 5 32 20 10 12 23 6 37 8 31 40 3 4 1 7 7 34 1 11 32 7 3 16 28 6 1 5 3 2 10 8 5 19 0 6 7 20 4 16 28 4 23 1 35 1 26 11 13 0 0 13 9 14
-1 32 7 12 3 0 0 4 2 11 0 12 11 17 19 4 3 3 3 20 19 0 1 8 107 10 27 22 2 16 31 4 43 12 31 0 3 5 0 14 28 0 6 7 1 0 8 60 7 13 22 29 2 16 12 13 26 7 7 10 0 6 9 4 41 4 10 7 10 1 30 36 0 10 41
2 4 23 20 54 8 7 8 8 43 4 4 15 27 14 42 14 0 12 1 10 4 19 5 25 1 12 33 2 36 7 0 8 6 16 1 10 16 7 23 3 5 6 11 32 21 3 14 10 3 66 22 8 19 18 6 15 61 14 1 5 5 9 9 6 4 3 2 30 6 7 0 21 1 3
5 3 2 8 18 35 37 10 3 0 14 17 27 13 9 89 3 5 26 47 6 0 2 0 3 3 2 9 6 12 7 0 17 7 13 4 25 0 45 12 11 4 22 9 34 29 10 2 3 19 5 8 47 9 6 3 0 3 7 24 4 17 3 4 5 0 0 55 5 18 27 3 5 39 16
1 51 19 22 36 3 20 21 25 23 11 9 2 19 1 17 11 3 2 4 5 14 19 24 6 2 2 1 31 4 23 15 34 7 25 39 9 2 0 10 11 52 52 10 2 23 10 8 26 27 11 1 22 11 3 2 0 4 20 22 1 2 7 15 23 5 22 1 1 4 2 5 9 3 11
