25 75
0 17 7 14 10 9 2 7 17 10 4 22 37 4 13 14 22 15 34 2 12 4 33 7 4 25 10 1 7 0 26 11 17 65 5 17 0 15 0 17 9 8 2 16 0 38 31 9 43 0 16 10 25 24 30 24 2 3 39 15 6 3 8 6 3 15 7 16 19 9 3 9 2 0 14
6 6 0 8 26 7 4 4 12 28 49 8 5 5 1 17 1 19 15 35 10 22 15 2 0 6 28 0 1 15 8 17 3 1 5 33 3 19 5 13 5 33 10 6 29 1 3 1 41 6 4 78 9 28 33 20 1 3 51 6 4 6 3 16 33 9 0 13 16 12 12 0 25 12 9
9 20 49 2 19 21 35 8 5 2 5 46 17 0 7 30 0 3 0 20 11 8 7 8 4 0 1 17 4 2 3 15 44 5 3 59 30 5 42 4 15 12 29 20 15 26 21 22 26 9 24 2 2 2 11 29 2 1 14 10 4 29 1 2 5 22 31 1 19 0 1 3 8 2 10
9 24 6 33 36 43 3 4 0 7 18 3 6 1 3 9 1 0 2 24 10 1 8 2 0 0 2 42 55 0 5 26 31 7 0 32 33 0 4 10 7 3 7 7 23 5 7 60 1 15 5 6 23 5 0 5 0 11 15 31 28 5 44 38 52 5 9 1 3 27 21 17 3 6 5
3 4 5 19 11 12 4 22 19 19 28 11 5 10 5 13 4 32 72 0 0 7 4 30 1 5 5 17 3 12 1 1 0 1 11 7 31 14 0 6 37 18 1 14 9 4 9 2 17 61 14 15 5 13 19 11 16 3 25 15 6 20 0 11 14 36 35 5 14 31 3 17 30 11 5
4 57 11 11 1 1 32 3 5 0 13 2 3 12 3 31 11 8 14 1 34 9 34 7 18 31 18 6 2 23 7 13 21 2 5 4 5 6 27 11 2 1 8 20 27 53 32 16 5 2 12 9 10 4 27 30 11 0 7 10 26 0 34 1 24 5 19 14 30 20 5 4 10 14 2
0 10 30 12 17 25 4 10 15 9 6 7 30 25 17 11 19 22 15 6 41 23 1 38 15 12 3 15 11 7 37 0 13 12 8 9 41 7 7 1 4 8 16 6 4 16 21 32 11 39 3 6 20 41 0 4 15 1 1 18 7 12 31 11 9 0 0 3 6 8 32 16 5 0 3
2 13 2 4 1 23 18 57 4 2 2 0 8 39 8 0 0 29 0 20 13 4 15 2 10 2 8 25 4 17 1 6 24 2 19 12 17 0 23 0 7 26 7 22 1 6 1 23 7 2 13 67 30 8 5 8 49 8 5 2 16 44 9 43 5 20 6 2 19 45 2 25 0 20 11
12 7 12 3 26 11 3 2 5 19 53 3 23 5 12 21 12 1 27 5 7 4 48 53 0 38 2 5 3 7 9 0 2 10 3 11 19 4 0 14 27 3 25 11 15 25 5 8 13 18 14 34 9 9 14 3 17 16 3 11 21 6 10 29 3 36 1 11 8 7 43 2 1 37 4
4 8 11 8 25 18 8 8 4 26 34 19 65 9 22 12 31 6 21 27 20 12 15 2 0 43 14 2 5 5 1 8 2 32 3 1 10 7 36 3 5 20 36 24 4 3 16 1 4 0 0 17 1 2 12 5 27 23 6 11 2 5 11 2 19 2 0 15 29 14 21 9 9 25 33
5 32 23 52 3 9 27 32 0 5 25 14 41 2 6 2 0 1 0 3 3 11 3 10 2 3 18 16 0 44 6 31 0 8 23 5 21 32 2 7 28 15 0 2 11 45 2 31 2 5 4 4 24 0 20 0 5 2 6 73 3 2 0 2 5 1 24 31 6 19 6 1 6 51 37
1 7 27 2 1 30 15 8 24 0 1 5 5 17 36 20 5 9 2 10 6 38 32 1 42 5 25 31 6 18 6 3 0 17 9 14 68 2 1 11 2 6 2 17 83 14 13 2 6 38 2 17 9 6 12 0 16 10 29 2 2 3 16 14 10 14 22 19 1 10 11 3 7 11 11
22 24 26 56 10 39 11 32 12 5 20 6 5 37 22 7 2 0 11 4 1 8 33 0 3 9 35 8 13 2 26 8 0 3 15 13 12 1 31 0 11 18 4 11 15 9 1 7 20 0 8 0 0 7 56 12 19 38 2 14 31 0 1 19 0 17 4 1 26 31 7 2 7 4 26
2 27 3 3 4 4 1 9 2 21 29 15 16 8 3 1 14 9 19 27 24 10 3 15 9 24 6 22 32 8 0 0 15 30 0 3 4 0 31 17 11 11 38 15 1 12 3 30 0 4 13 14 24 3 1 10 30 0 65 4 5 0 26 16 47 44 3 3 3 14 10 29 1 11 29
3 5 4 10 45 3 7 0 4 6 18 30 4 47 55 17 9 16 4 1 41 37 10 35 30 2 0 27 8 15 4 0 18 6 2 12 19 8 8 11 30 16 1 32 16 8 22 12 4 6 9 30 3 16 0 14 6 7 10 2 18 2 3 13 12 8 0 21 32 8 10 6 17 15 10
-1 7 10 3 3 2 12 4 5 10 16 22 34 24 14 10 17 25 6 11 17 18 13 22 4 5 49 5 12 10 5 1 2 11 4 9 7 15 13 32 6 5 7 53 3 7 11 14 0 19 33 3 1 9 0 20 13 9 14 1 35 26 4 1 16 27 18 25 3 52 0 8 25 40 4
29 5 10 5 23 0 10 10 5 6 33 8 12 13 40 1 6 21 37 4 22 26 6 9 18 6 6 9 0 7 0 4 51 12 16 11 27 24 11 49 0 1 7 10 2 6 4 5 30 7 11 1 26 12 32 6 8 6 0 3 23 7 10 1 5 37 3 53 8 4 5 10 37 12 16
2 13 0 25 15 8 42 7 5 35 17 12 1 0 12 5 20 7 16 24 31 5 4 19 0 7 3 5 24 7 5 20 0 11 8 36 6 9 5 0 9 11 16 7 2 12 3 3 5 16 39 34 14 76 0 7 9 5 11 24 9 4 6 34 35 2 8 2 6 10 28 5 7 6 64
23 0 20 6 15 21 39 3 38 6 8 10 21 29 4 2 35 8 6 3 4 6 9 11 7 4 11 2 26 4 23 3 11 27 15 50 6 14 1 11 5 23 0 7 0 0 25 9 22 6 25 12 16 13 63 18 34 18 0 0 37 5 0 1 40 1 4 2 18 16 2 10 12 7 7
48 7 16 9 0 15 43 33 28 2 33 10 5 0 5 4 0 22 5 10 34 4 0 20 11 2 9 2 58 13 18 25 13 1 13 30 28 21 16 0 16 0 3 2 1 13 4 5 7 11 9 54 36 8 3 11 10 38 16 11 2 2 20 13 8 0 1 24 1 28 2 6 17 2 3
4 1 10 31 4 20 8 29 15 20 11 3 18 3 14 26 16 13 4 18 31 24 0 9 1 1 35 2 0 8 22 27 5 36 0 4 1 13 14 79 1 7 26 1 8 18 18 3 3 5 1 5 8 7 18 10 22 0 15 4 10 9 1 16 8 16 29 58 20 10 2 28 6 13 14
47 31 25 6 41 15 19 5 29 22 0 6 23 30 6 0 5 4 33 38 19 9 2 2 4 4 3 14 0 5 30 17 9 16 11 10 5 1 11 6 9 15 11 17 10 78 15 6 20 0 0 6 17 8 15 9 2 13 0 14 12 4 0 2 26 2 0 7 4 0 4 12 34 29 36
17 7 14 0 7 9 5 4 7 0 8 7 1 4 24 0 39 33 7 17 1 8 1 3 15 9 4 43 17 4 18 47 3 61 4 9 18 0 13 23 2 8 22 7 2 0 5 2 51 2 10 30 1 0 10 15 25 1 7 25 4 38 17 35 17 1 2 20 0 22 14 24 5 6 59
0 0 3 6 16 10 27 3 7 21 19 2 2 2 38 2 4 3 11 2 8 14 25 3 6 7 23 39 12 2 34 15 8 8 20 5 7 23 9 0 65 22 34 9 10 7 41 17 6 18 17 13 14 13 40 1 9 22 1 11 0 0 44 4 15 21 4 1 23 10 23 0 21 11 7
0 54 17 12 10 8 7 9 30 8 20 0 13 7 6 7 28 5 3 28 5 10 14 7 0 16 12 39 19 4 3 25 12 19 1 8 9 18 3 0 23 6 24 16 2 13 39 7 16 16 2 25 0 13 9 45 40 9 1 24 1 1 24 17 34 10 3 2 15 8 32 8 12 0 7
