25 75
14 1 2 21 13 1 10 36 16 4 9 1 3 29 1 1 51 9 1 27 9 13 22 8 15 23 42 19 8 4 25 7 0 3 75 10 16 24 0 2 29 36 16 1 17 12 1 7 3 33 0 6 6 8 23 18 2 32 27 5 3 12 2 9 2 11 23 17 3 1 1 3 3 37 16
19 30 2 11 8 3 11 21 16 11 36 3 16 11 39 15 5 5 2 1 24 0 7 2 11 11 0 1 2 9 1 2 4 32 12 27 0 6 4 21 11 27 27 13 5 32 10 9 29 14 27 10 43 24 6 5 50 9 7 6 6 9 12 4 12 5 9 8 36 40 25 4 15 1 9
18 7 2 16 18 8 21 1 2 1 8 45 18 8 9 7 1 0 2 7 9 10 3 22 1 0 0 3 7 27 46 2 0 22 14 28 24 4 9 7 7 8 10 14 25 4 10 29 4 13 17 18 2 2 4 14 4 24 32 8 2 25 31 22 0 8 14 8 90 88 6 9 1 0 10
3 21 5 6 7 29 19 26 1 35 0 9 3 8 26 5 3 21 0 32 0 40 22 3 2 15 4 22 4 46 9 21 12 1 53 16 1 26 22 1 22 10 5 0 1 32 19 12 4 5 2 24 7 5 15 14 8 8 17 15 8 1 57 2 4 21 5 7 12 25 0 36 6 7 5
1 8 5 18 8 4 5 1 9 10 1 14 28 10 3 0 4 12 5 20 0 2 18 24 16 1 17 28 3 1 44 0 0 46 24 5 11 13 34 5 1 12 12 10 17 7 28 16 19 15 7 9 7 0 54 5 6 1 4 23 1 24 5 83 9 3 0 3 2 75 8 10 20 27 19
-1 8 53 18 1 28 9 50 17 32 5 2 11 32 2 18 13 21 18 6 21 15 14 41 27 41 13 0 10 11 17 2 8 9 8 23 5 10 11 5 23 7 4 2 32 7 2 0 1 2 4 4 11 2 7 18 8 9 2 4 10 38 0 39 2 25 22 9 8 4 35 7 6 11 1
4 6 21 3 6 0 5 16 1 8 16 8 2 27 8 2 17 18 5 22 4 10 31 7 10 35 3 10 0 28 2 10 1 7 35 13 15 19 8 1 18 0 0 29 9 2 55 17 2 13 23 75 1 51 0 14 0 0 22 15 0 23 1 14 0 14 22 1 8 9 32 54 1 2 29
9 24 6 8 6 1 0 2 0 4 11 30 4 7 6 20 15 19 50 12 23 0 3 16 5 19 1 54 16 4 6 20 3 16 12 1 17 18 8 6 18 6 4 23 3 1 18 9 18 3 1 27 1 33 13 9 5 12 60 21 46 23 13 8 9 16 31 13 14 13 25 3 5 3 11
10 2 26 1 3 0 19 23 20 8 28 1 14 26 1 3 22 39 26 9 2 50 1 9 26 8 3 9 8 1 4 39 15 6 45 23 0 1 37 2 23 1 3 8 30 15 15 17 14 12 4 24 5 8 7 13 5 50 3 4 19 15 38 10 0 0 8 23 3 7 12 0 11 7 16
11 22 35 1 44 24 3 38 44 3 61 11 13 8 17 2 5 18 6 11 1 13 1 6 18 19 42 16 0 2 27 21 10 0 1 4 0 38 22 1 14 5 41 1 2 4 25 14 9 6 5 10 5 1 2 9 5 33 10 17 9 12 10 23 7 4 3 15 20 2 4 33 1 9 11
33 0 4 12 5 4 9 3 3 2 67 2 14 22 2 28 1 33 24 3 20 1 18 6 34 2 4 7 13 2 21 17 17 8 5 11 13 9 11 4 3 1 66 7 15 0 4 5 16 14 4 27 17 1 11 7 11 0 32 19 3 9 36 6 10 1 17 16 23 14 0 16 72 18 5
11 2 2 2 15 0 11 2 9 11 21 2 3 29 4 5 15 18 2 24 1 6 8 6 9 13 40 2 26 35 4 16 16 26 44 85 13 4 11 9 4 28 4 7 2 10 2 20 9 5 40 6 0 63 27 6 1 25 9 0 11 0 1 3 7 23 15 4 5 25 46 6 4 9 11
1 3 19 0 14 11 11 5 8 10 20 4 3 54 11 5 11 16 0 8 0 15 27 28 5 17 3 17 14 2 4 3 9 1 3 4 5 30 27 40 5 7 0 30 13 81 24 14 53 5 2 8 5 19 6 18 10 19 10 57 10 9 22 21 1 12 0 22 27 1 10 1 2 5 3
9 5 12 6 9 3 8 4 32 11 32 1 12 15 17 3 39 6 50 3 30 13 2 1 9 0 7 7 46 14 10 5 2 3 60 38 0 7 26 7 0 22 6 8 2 4 14 8 8 7 17 39 6 13 2 14 27 23 6 48 3 18 2 8 4 5 13 16 10 1 8 21 42 3 8
3 6 11 5 5 1 4 4 56 14 19 4 12 17 18 20 13 7 11 2 13 45 7 4 20 5 33 4 13 30 12 1 16 18 8 7 39 6 7 2 6 12 0 3 3 29 69 37 15 28 3 14 0 13 41 1 2 3 0 3 0 0 11 22 10 19 1 7 9 15 33 16 27 17 9
-1 21 0 28 74 27 54 28 12 7 5 49 14 9 18 11 23 5 14 32 3 14 60 3 13 5 13 20 22 4 15 6 7 1 5 3 12 7 9 13 22 15 6 2 5 77 2 7 14 6 11 4 12 4 1 2 6 1 18 1 11 3 15 7 0 6 12 6 15 1 11 0 4 1 27
22 4 12 3 0 1 7 10 6 13 2 0 3 4 1 3 9 15 14 62 4 11 31 11 5 38 32 15 23 11 23 3 1 7 4 5 8 16 25 26 28 13 28 0 23 9 31 6 54 6 0 3 30 3 6 14 2 21 9 23 0 6 31 19 2 0 3 23 54 10 4 5 18 22 4
1 23 8 20 1 12 2 1 11 11 46 8 11 14 55 11 12 18 7 57 32 3 24 0 21 16 16 24 0 19 2 19 2 25 27 24 6 12 32 5 8 6 25 17 15 11 0 5 4 43 7 19 0 8 3 25 1 10 1 2 1 2 17 0 15 26 14 3 27 1 7 15 19 3 2
39 4 6 1 10 11 0 16 30 28 5 28 9 7 2 6 5 6 13 3 2 7 5 2 12 0 17 19 8 6 23 12 4 17 15 3 5 16 5 2 39 1 25 42 12 3 19 15 1 9 8 8 10 31 8 11 13 9 6 44 2 0 44 48 15 9 34 26 7 35 17 0 26 2 12
-1 10 5 3 4 2 5 15 5 2 9 3 7 8 10 6 6 11 26 35 10 0 3 8 5 12 55 8 29 2 1 19 25 4 2 0 45 0 1 0 43 3 7 60 3 0 29 36 2 27 11 19 12 3 19 4 8 3 0 4 17 8 24 58 21 6 77 3 51 0 3 3 9 9 18
2 8 7 26 0 16 3 16 36 2 17 1 1 8 3 4 2 5 0 16 19 2 17 22 10 17 4 1 22 60 10 40 26 65 22 11 12 2 17 21 5 7 1 18 11 16 4 16 2 49 0 8 10 2 21 25 12 17 3 11 9 3 1 6 5 6 56 33 4 7 27 27 0 4 1
6 38 28 12 25 23 38 2 1 0 3 17 10 11 20 29 16 18 13 11 17 6 0 3 19 0 32 7 17 15 4 13 10 61 16 8 31 0 0 23 30 7 6 21 16 30 10 2 6 9 5 10 16 13 3 1 11 2 1 5 1 41 5 5 3 27 11 0 17 4 42 0 6 30 1
20 9 24 39 0 12 0 15 6 50 11 0 27 11 0 4 4 24 15 2 20 0 24 21 14 3 12 20 10 6 16 26 5 34 1 1 6 5 0 27 3 33 2 11 2 9 20 6 1 36 30 16 0 5 23 4 4 18 34 18 2 17 3 17 5 64 9 7 0 13 9 15 15 24 1
0 13 1 36 6 41 12 23 1 23 11 15 17 0 21 3 15 49 3 9 36 0 3 5 19 6 14 14 5 5 6 5 10 8 4 41 17 33 6 4 28 32 12 8 0 2 8 16 19 1 2 43 15 7 7 0 11 26 0 4 2 24 3 3 0 13 1 20 8 23 69 7 7 17 22
10 6 1 5 17 0 0 12 15 3 76 45 31 11 7 0 9 16 5 5 6 6 23 4 22 35 21 9 32 5 2 20 45 6 16 5 7 12 4 17 1 2 3 33 3 14 2 0 15 13 10 7 37 32 13 5 3 25 23 21 27 11 8 14 1 9 1 18 20 16 1 8 11 11 11
