25 75
18 19 4 4 27 4 3 22 0 0 5 27 36 17 16 21 35 1 10 4 4 12 51 5 19 12 16 1 4 3 48 6 24 24 20 15 6 24 4 20 4 37 21 14 4 22 12 3 1 19 8 2 18 6 5 3 2 6 3 8 39 6 23 16 15 23 11 18 8 8 0 2 0 34 8
14 0 0 9 4 0 1 7 9 13 20 11 7 16 5 16 6 3 2 7 24 3 25 13 9 1 24 18 15 6 9 3 9 53 17 27 1 2 19 37 22 4 21 14 0 48 57 3 9 3 3 4 38 17 7 2 20 8 1 2 19 27 35 17 13 6 3 17 5 56 1 12 8 28 5
13 13 0 29 9 37 12 28 1 8 4 6 6 3 3 2 56 17 0 26 3 10 21 74 21 24 16 12 11 6 0 16 10 12 7 1 22 28 16 3 29 11 3 7 8 18 3 0 6 15 2 0 1 10 39 26 37 0 34 0 23 11 0 9 3 4 1 49 12 0 16 3 15 6 13
8 73 0 23 36 35 0 6 5 19 6 23 8 10 9 25 4 9 10 24 10 28 9 18 21 12 2 17 44 1 14 7 9 0 38 1 56 4 9 14 17 1 1 7 1 10 9 6 28 12 30 0 3 1 24 4 14 9 14 39 11 6 6 4 6 1 6 10 2 26 6 14 13 0 12
48 16 7 10 9 2 7 5 13 16 5 2 9 4 4 6 2 3 3 1 1 2 23 4 17 1 7 0 6 4 15 3 1 27 72 13 5 4 10 26 24 24 18 26 4 1 56 0 49 55 18 15 1 12 13 29 55 27 4 4 11 6 11 1 30 0 21 6 11 12 13 6 0 18 6
4 11 4 2 4 0 5 25 13 3 4 47 27 0 19 1 68 21 4 1 43 17 15 0 2 19 21 5 10 3 49 15 19 0 1 8 14 7 2 1 25 6 25 22 17 22 19 31 7 9 2 1 0 9 17 18 11 11 17 3 2 4 10 2 23 13 8 0 12 41 43 5 33 11 7
4 18 2 0 28 6 13 18 8 6 9 0 16 12 4 2 31 20 0 7 2 30 29 19 22 43 16 36 3 2 28 0 20 22 8 0 0 5 12 1 5 11 15 29 23 3 12 67 18 16 10 4 9 13 17 15 5 1 3 3 7 15 5 6 7 50 11 11 8 8 9 3 28 15 36
5 2 2 8 17 21 21 1 23 11 1 1 16 1 18 49 1 57 54 9 3 22 1 17 0 16 30 7 17 0 25 45 8 22 0 22 1 1 27 5 18 1 12 11 11 6 7 8 29 6 30 2 18 16 33 26 3 17 11 21 3 3 2 5 3 3 2 6 10 17 0 11 52 6 4
8 1 2 10 8 2 10 19 13 8 34 8 9 8 35 0 9 13 27 0 7 4 21 7 5 28 2 8 13 13 0 41 27 17 7 11 13 7 0 14 2 39 21 9 79 43 38 6 6 31 4 27 1 1 9 17 44 5 11 2 22 4 16 0 0 3 3 9 1 2 25 24 11 1 15
10 11 4 0 4 15 14 36 1 12 7 2 0 27 24 4 2 2 27 10 32 2 38 1 14 3 12 12 2 12 24 36 21 4 9 10 37 10 2 41 26 0 25 3 30 34 1 2 15 8 18 15 1 6 5 2 4 9 10 3 6 11 20 0 5 11 28 23 46 19 11 7 41 16 5
9 8 9 7 5 3 3 9 13 12 1 10 7 1 4 3 3 7 14 30 28 22 11 10 12 1 72 11 3 28 16 5 7 19 3 7 18 15 5 50 6 31 20 6 2 16 20 17 37 77 3 3 11 7 1 0 18 18 17 8 16 4 30 55 1 4 13 7 4 26 8 5 5 0 3
15 8 5 7 30 48 5 21 40 9 27 30 2 41 2 3 6 1 35 16 2 7 4 7 26 2 22 12 3 20 3 20 32 14 4 15 11 13 8 3 4 6 57 10 3 5 19 2 20 6 1 29 9 3 5 10 39 9 9 36 39 20 15 6 5 6 5 2 0 14 2 11 6 4 4
12 11 17 5 13 17 0 3 16 42 40 23 5 7 0 38 2 24 17 2 21 12 49 13 1 28 8 11 1 4 5 8 8 15 0 9 2 0 9 77 19 15 0 0 11 5 18 7 18 0 15 10 11 7 10 3 2 0 2 3 13 10 14 2 1 8 52 4 38 39 6 20 47 3 12
4 34 7 7 21 8 18 14 68 12 8 4 2 9 7 13 9 11 18 3 14 15 12 4 8 24 4 31 3 28 41 0 4 21 2 8 15 2 7 12 13 0 32 17 4 4 16 3 8 3 23 9 7 1 42 26 41 2 9 15 5 27 6 6 24 30 9 1 6 9 35 16 1 13 5
4 16 1 4 3 8 6 16 19 18 3 22 40 5 0 1 25 10 14 16 1 34 4 2 29 7 0 8 16 10 39 3 24 28 5 1 6 17 21 4 12 14 22 40 29 24 6 4 41 8 1 5 36 9 15 9 12 6 7 0 1 13 27 18 17 8 14 4 0 3 10 60 9 20 6
17 13 46 2 2 7 33 10 31 3 25 1 6 9 8 13 27 6 13 8 2 7 4 16 8 32 2 14 2 9 15 4 5 8 12 1 35 38 10 3 0 11 0 10 24 0 24 30 10 7 20 0 0 21 21 28 72 6 3 6 5 28 7 19 5 33 22 0 0 24 17 15 11 4 10
0 35 1 1 3 27 17 28 9 34 63 34 15 2 12 1 3 4 15 0 9 27 16 16 2 0 5 14 37 0 0 8 1 11 0 9 15 11 5 2 18 3 28 15 19 11 22 8 13 6 14 0 6 13 13 72 46 0 1 28 20 9 0 4 6 21 5 0 15 18 1 6 10 30 27
24 5 18 13 5 9 16 7 17 21 12 50 7 47 3 6 2 47 16 7 7 25 4 32 40 1 0 34 6 35 3 6 5 12 22 12 0 0 16 14 4 14 3 6 15 6 53 34 5 4 10 7 7 25 8 20 4 7 11 17 10 2 19 0 1 21 2 23 7 27 9 0 4 7 2
7 14 11 41 2 2 23 18 7 26 9 8 1 11 6 1 13 33 33 1 28 5 4 3 24 20 10 19 1 0 4 21 8 17 10 13 10 55 1 12 43 28 8 1 23 3 3 16 5 2 24 28 12 2 0 33 32 12 27 2 4 2 7 16 33 14 7 24 2 6 26 11 5 4 3
7 21 25 11 1 8 10 8 2 40 22 16 27 28 25 30 11 5 21 2 17 33 11 18 22 33 2 3 24 8 0 6 10 10 22 42 0 3 18 22 4 24 2 20 18 5 14 35 24 15 12 0 5 7 4 9 5 19 14 6 29 0 6 4 5 1 11 3 2 25 19 7 15 2 5
23 16 19 20 1 58 6 6 14 24 5 24 21 12 16 37 6 9 32 1 4 18 3 4 11 31 3 2 4 7 2 14 13 11 11 7 9 1 0 1 18 12 8 0 2 5 6 11 2 0 2 5 23 7 1 62 10 12 48 5 8 43 28 1 1 2 35 54 0 3 4 3 48 20 5
3 23 9 25 76 1 8 19 5 16 1 24 17 0 51 26 12 2 0 7 5 25 32 9 5 4 10 4 12 13 27 8 34 8 3 7 3 37 6 21 12 3 2 16 12 17 38 3 17 10 5 14 25 7 20 13 18 0 1 15 8 2 13 0 26 7 11 36 7 7 1 1 4 9 22
24 17 0 8 6 5 5 1 0 0 35 1 7 15 0 1 29 11 1 35 8 3 15 17 8 11 12 33 19 65 0 19 46 6 11 4 8 42 1 3 7 3 0 4 0 40 1 12 3 10 6 0 9 12 25 16 2 52 18 27 7 3 6 22 25 5 20 47 29 19 6 12 10 9 1
6 1 1 2 0 7 20 16 0 22 5 32 10 2 18 15 7 23 5 34 12 10 11 0 8 10 2 8 10 26 5 8 9 6 5 8 22 30 15 6 6 36 31 1 13 13 25 0 52 0 20 4 21 25 1 0 28 2 7 27 2 10 43 3 21 11 32 3 18 28 30 15 20 5 10
6 5 6 18 8 11 1 11 26 7 22 36 13 4 2 11 1 29 20 57 8 5 7 4 11 6 11 1 19 8 59 19 13 2 8 4 0 0 61 1 3 27 4 13 8 7 33 6 1 5 17 31 43 14 13 8 32 1 13 18 12 9 3 18 3 4 17 12 2 28 7 25 7 7 8
