25 75
15 28 12 7 77 0 6 2 2 31 0 5 0 10 15 0 9 7 16 33 10 4 0 17 0 10 4 4 3 21 0 1 0 7 18 7 18 2 2 46 41 11 49 0 13 21 12 0 46 10 33 37 10 6 27 14 5 17 0 2 10 5 12 61 8 1 4 12 7 8 4 1 5 32 27
9 10 1 4 36 1 2 40 24 46 20 11 11 19 19 8 7 1 3 23 39 11 36 6 6 29 13 1 17 0 2 1 9 14 42 32 1 16 11 30 2 14 20 17 3 35 27 3 16 1 13 6 0 10 4 4 14 16 6 16 9 7 19 4 0 16 12 3 1 2 17 30 3 32 7
60 6 15 3 0 40 13 0 5 21 7 17 5 38 11 19 15 0 4 25 45 21 2 1 4 13 0 6 14 21 12 2 2 19 4 12 16 9 45 3 29 6 0 6 1 12 35 21 11 23 19 28 17 0 2 5 12 4 5 15 17 17 3 0 2 36 0 4 5 5 52 22 3 11 17
1 12 1 5 8 3 43 2 2 36 42 19 7 0 11 0 9 11 3 17 5 5 5 17 14 9 0 4 32 20 1 7 11 3 9 42 10 5 10 9 8 24 0 56 15 21 13 33 1 60 9 3 3 4 9 1 5 8 1 48 8 70 8 22 2 9 8 2 39 23 0 1 14 14 8
18 5 2 4 0 26 1 11 27 12 5 13 28 12 68 20 3 19 14 22 11 13 12 5 10 3 0 9 12 0 6 40 34 18 3 1 17 4 4 19 20 42 9 5 14 1 4 21 14 6 12 6 11 42 0 9 20 2 22 17 5 1 3 6 11 8 2 19 5 41 39 16 5 7 24
-1 3 10 24 0 1 0 6 16 0 3 10 65 5 68 7 4 14 9 12 0 15 5 9 22 34 4 46 0 8 10 2 5 4 13 0 10 7 8 9 27 44 5 9 0 28 55 22 2 4 18 3 5 0 17 14 38 9 2 9 6 15 5 26 3 60 1 12 15 2 9 28 5 26 9
2 7 16 3 17 5 7 28 5 11 6 2 4 29 9 16 24 6 3 2 13 1 13 9 4 5 3 6 41 37 17 22 27 10 13 0 23 17 10 19 15 0 7 25 4 3 3 15 48 19 0 57 28 12 29 13 13 13 9 0 10 1 27 1 26 46 2 12 19 12 2 5 16 6 10
10 3 27 33 9 16 11 3 1 0 28 1 0 5 36 5 9 21 6 10 14 15 26 9 5 3 15 13 7 3 7 24 11 9 12 3 1 21 1 3 18 12 32 62 8 29 19 2 4 0 8 1 10 14 34 8 12 32 2 1 14 5 30 24 4 6 15 4 39 5 27 31 19 31 2
4 53 3 3 4 8 56 5 2 4 41 6 10 4 6 45 16 2 2 2 9 18 2 4 12 6 19 1 7 2 34 0 37 19 27 13 2 16 14 13 0 30 10 5 27 16 10 5 50 6 2 3 13 22 12 12 17 14 31 12 1 32 2 9 55 11 4 8 6 2 7 0 6 3 26
12 0 5 8 3 4 56 19 11 6 10 35 7 3 1 39 11 6 61 23 24 38 6 6 16 3 40 1 14 9 5 6 15 5 2 13 8 3 11 31 4 45 37 5 39 16 3 1 46 9 11 10 0 8 2 24 1 9 1 14 3 7 1 35 10 2 4 11 12 13 0 2 15 12 12
18 0 13 14 21 17 0 8 22 24 2 15 2 30 0 6 1 56 26 4 24 8 17 10 26 6 44 8 2 0 24 17 4 21 7 20 7 5 2 2 1 22 26 2 25 4 21 7 0 0 1 21 15 0 18 0 32 2 6 70 11 0 24 31 19 2 2 6 12 19 21 6 7 19 15
7 17 8 15 1 5 4 30 4 16 1 2 0 9 18 4 29 42 10 4 25 46 0 16 2 1 0 4 10 1 16 2 40 17 5 3 6 5 4 41 51 11 22 20 2 4 3 14 55 10 12 0 4 2 12 7 108 2 0 15 18 13 17 11 26 4 15 0 22 34 0 1 2 5 8
12 9 9 12 2 28 2 9 6 36 4 23 9 18 14 5 17 14 5 31 19 18 11 23 21 10 31 8 13 24 2 5 1 20 2 4 15 3 4 15 4 3 20 6 47 33 0 6 0 10 11 14 19 10 2 30 6 5 2 1 31 6 10 18 0 30 8 7 23 15 4 25 21 54 5
-1 24 9 3 25 36 36 6 6 25 24 5 3 4 7 3 17 7 27 9 10 5 0 0 17 1 4 15 12 0 8 11 22 5 28 5 0 16 9 6 6 13 60 10 29 11 14 2 28 3 5 49 7 20 48 8 39 13 43 7 31 4 4 23 3 1 19 12 3 2 2 7 10 7 8
2 12 51 32 19 5 4 0 39 4 13 17 12 2 6 4 11 23 0 6 14 4 0 27 11 6 33 5 2 2 7 15 2 27 3 2 4 6 0 3 29 3 33 17 32 7 4 51 32 10 6 11 16 7 57 9 20 0 36 10 23 1 2 17 6 10 3 27 27 3 4 21 12 6 13
4 0 0 1 0 7 4 5 21 2 12 17 7 4 7 24 6 30 17 4 14 1 4 6 16 11 1 7 17 8 28 2 19 0 3 31 10 12 2 46 32 23 15 2 51 0 13 17 10 7 20 24 3 51 23 11 16 15 13 7 2 6 8 18 5 2 89 18 32 26 22 1 5 2 1
11 7 32 30 5 15 12 9 11 4 6 11 7 9 0 33 4 43 6 6 10 25 55 8 20 14 20 6 7 4 22 23 6 7 10 4 10 31 31 0 4 1 7 2 8 19 7 4 3 14 2 21 3 2 1 8 9 1 1 25 0 14 22 12 5 28 49 13 59 28 4 7 21 1 21
-1 5 6 2 23 19 6 21 1 19 2 32 14 5 0 1 14 8 1 5 4 22 7 31 9 23 20 20 0 14 19 0 7 9 3 10 8 8 7 29 7 33 2 26 19 31 22 15 2 14 0 11 5 43 15 15 12 26 9 23 25 7 0 28 22 4 28 23 7 40 3 10 22 10 8
13 6 23 16 10 2 14 1 15 8 6 2 33 19 3 5 2 16 32 29 30 22 28 14 1 11 25 1 9 20 47 30 4 2 1 10 0 9 13 11 6 8 40 2 9 8 1 2 2 2 20 39 19 10 14 25 2 4 20 29 6 12 10 5 3 4 37 1 10 1 21 41 25 11 8
36 2 14 17 18 10 0 12 32 30 4 13 16 27 8 15 10 7 19 10 2 36 27 16 14 22 2 9 3 53 36 23 2 2 23 16 3 28 14 18 6 0 11 12 9 11 5 10 54 10 19 2 14 5 5 5 6 0 32 1 12 2 16 9 0 2 11 5 17 1 19 14 5 0 21
16 15 9 5 16 12 18 20 2 2 36 8 8 1 72 9 0 5 2 18 1 3 12 10 12 6 2 3 1 2 4 4 5 76 1 36 18 0 10 28 13 18 8 1 5 52 8 13 12 4 44 17 9 1 4 3 14 25 23 16 20 8 5 10 10 17 12 29 7 12 12 6 44 4 6
20 1 4 3 1 18 0 55 18 2 0 18 74 23 2 28 3 12 17 13 6 11 40 23 30 4 8 31 22 32 3 15 12 9 3 1 2 22 34 21 45 3 0 23 3 3 7 4 8 3 29 0 15 0 17 8 29 24 7 6 32 2 5 2 10 0 23 4 1 6 5 24 5 3 3
9 1 5 2 68 14 69 4 17 21 30 4 7 4 0 2 5 0 7 5 40 0 1 4 56 19 8 4 3 0 23 7 0 5 32 28 16 24 17 26 18 22 3 29 11 4 5 4 14 20 0 10 0 23 0 5 31 29 7 6 48 6 33 5 13 4 1 3 7 8 22 1 3 14 4
0 9 2 16 9 25 5 5 7 58 22 7 8 6 12 14 25 14 0 23 4 1 7 35 55 28 0 2 3 10 5 10 2 0 10 23 32 10 6 24 8 6 3 26 3 23 17 7 7 9 4 8 25 11 80 12 17 15 0 2 18 3 22 0 28 24 14 3 2 0 12 14 7 30 6
37 6 4 14 4 7 5 73 38 6 19 17 60 1 0 14 3 9 14 3 50 15 15 3 9 21 14 0 12 4 1 0 3 57 2 3 29 6 6 1 0 5 5 13 2 18 26 18 4 4 0 29 13 6 4 12 12 16 33 1 24 10 31 8 4 1 0 10 17 17 23 5 14 21 9
