25 75
4 5 11 12 18 54 3 14 6 11 16 8 5 6 4 33 13 7 7 21 6 19 3 1 29 19 2 1 13 55 3 3 5 4 0 6 3 3 24 29 10 5 60 5 4 13 3 70 29 15 37 4 17 10 9 2 17 69 29 3 8 8 1 7 3 7 13 15 1 9 5 5 7 2 12
4 15 42 8 38 4 5 12 7 17 4 0 15 10 15 8 8 14 7 14 5 20 0 1 15 30 4 47 28 7 10 11 3 1 40 10 4 4 13 22 5 8 6 1 8 29 11 7 4 19 27 2 2 7 15 23 5 45 9 22 27 39 22 3 3 20 20 1 16 1 33 24 0 11 3
11 61 16 8 5 0 23 8 8 14 0 16 24 14 51 11 0 0 6 10 2 8 0 34 10 0 37 4 2 2 0 3 8 8 0 0 4 22 8 10 11 9 3 17 2 23 18 64 7 15 10 0 7 8 17 8 18 49 5 6 10 11 20 32 1 22 6 32 12 9 14 21 40 16 9
0 5 7 0 15 9 32 1 2 5 11 9 34 0 0 14 2 58 26 0 16 13 21 13 25 5 15 1 10 4 24 0 15 7 1 37 29 29 22 9 29 0 42 0 4 5 5 23 12 1 29 6 17 5 11 4 0 7 5 22 15 29 0 20 0 12 33 48 5 4 0 30 12 17 22
7 40 42 5 0 7 37 11 23 5 4 9 16 2 40 26 2 18 25 10 5 9 3 0 11 6 3 0 37 19 32 11 8 13 3 11 0 13 13 19 17 11 3 2 25 20 14 10 53 9 25 1 4 0 9 22 9 1 21 12 10 3 6 12 3 6 29 10 25 2 16 6 0 37 22
29 11 8 1 57 6 3 3 2 7 9 3 14 23 9 5 0 1 2 11 6 9 8 18 4 26 4 25 6 10 4 21 7 2 0 4 87 0 5 9 0 12 0 9 7 12 4 13 1 54 9 37 2 21 18 10 38 54 4 8 0 48 1 7 5 42 12 9 19 27 18 0 24 1 15
1 3 32 3 6 20 14 11 10 56 10 18 0 26 18 3 9 4 42 20 14 9 0 2 0 19 63 1 15 28 4 19 4 20 12 4 7 3 10 0 2 6 11 27 30 1 44 18 19 12 12 10 4 11 23 4 14 0 10 8 10 14 4 7 19 20 20 35 7 2 0 8 3 12 33
22 5 14 27 10 4 19 6 15 9 19 7 16 13 1 7 22 27 10 1 17 18 8 13 17 4 14 8 3 13 11 32 7 15 34 4 19 34 34 23 41 2 8 8 19 21 2 3 1 1 11 2 31 3 5 8 4 38 29 6 8 16 23 11 27 22 3 2 19 11 3 10 4 5 11
26 14 0 11 19 8 20 6 15 7 9 2 8 0 11 0 10 9 6 7 26 30 4 3 18 7 5 56 5 34 18 1 10 14 3 9 0 40 5 14 26 33 0 8 2 18 3 1 2 36 12 11 8 36 9 42 15 5 7 15 7 36 40 20 4 11 4 11 9 6 18 3 7 23 22
21 6 8 18 75 11 0 5 10 33 29 1 12 3 2 17 9 5 3 24 8 18 15 3 5 5 24 7 7 11 16 24 1 13 5 6 16 8 15 10 15 41 9 58 11 16 17 23 6 6 6 6 21 7 0 21 1 19 3 4 2 7 24 17 23 0 5 4 25 6 8 35 13 29 3
11 16 2 12 19 1 14 8 8 1 15 15 5 61 5 2 24 1 12 1 10 3 29 23 0 6 1 2 5 0 0 15 8 50 7 33 3 4 52 36 3 6 6 7 1 5 20 20 30 48 11 20 57 10 12 19 13 12 10 10 4 0 3 0 5 25 12 19 3 26 4 1 19 3 36
38 29 8 12 25 16 27 9 5 2 2 29 14 2 19 20 2 22 26 10 35 4 2 8 10 1 13 3 5 1 7 1 3 36 10 21 6 31 33 34 4 21 1 8 19 8 9 17 24 25 3 8 16 3 26 20 10 7 43 8 0 7 12 20 1 4 15 24 1 1 29 8 7 6 4
28 15 11 2 11 11 15 6 1 42 16 14 18 10 22 36 3 15 10 0 46 25 11 52 6 36 4 10 12 2 15 1 3 3 4 6 16 40 5 14 1 1 35 6 1 4 14 2 2 31 22 48 2 1 49 7 9 10 2 7 11 18 0 0 4 10 21 6 15 2 13 13 0 32 4
12 27 4 30 21 1 28 9 26 4 12 14 3 7 37 18 7 5 24 3 5 3 4 1 50 0 6 6 2 13 6 5 0 39 5 7 6 28 2 0 17 19 24 9 30 12 1 5 9 15 24 4 16 30 12 7 2 6 20 0 8 60 2 3 18 14 9 11 17 23 2 49 1 16 25
2 6 0 9 11 3 16 10 9 4 21 5 5 12 5 15 18 75 0 4 9 2 13 2 11 4 22 12 10 16 15 19 25 25 13 8 2 18 29 4 3 12 23 48 14 33 13 2 7 26 0 22 8 7 12 1 14 21 11 4 7 2 2 4 7 16 6 16 5 5 30 13 44 49 24
7 11 0 13 2 15 1 3 27 6 35 11 14 3 7 0 41 23 4 8 3 60 10 17 21 9 24 25 0 16 7 10 1 2 13 25 25 17 5 37 0 1 15 3 11 8 24 3 17 2 42 1 18 18 5 0 9 10 9 18 14 14 3 29 17 0 3 69 0 3 8 2 13 47 6
2 27 7 6 17 27 2 11 9 7 8 12 16 12 28 9 19 22 13 6 23 20 15 0 17 12 10 27 4 2 8 25 1 0 20 15 5 12 3 3 23 5 40 33 15 11 1 9 25 1 8 30 5 2 5 15 1 3 24 16 18 51 2 13 6 1 27 76 12 7 2 11 3 8 9
8 41 7 26 17 10 20 9 31 0 6 1 34 16 11 8 7 7 61 3 17 39 1 0 8 9 14 33 25 16 0 8 3 7 13 10 1 6 14 0 7 28 39 14 2 15 18 5 0 6 2 7 21 22 35 19 1 4 2 1 14 0 24 13 12 2 8 15 17 23 37 13 8 12 7
9 9 1 2 12 2 26 4 5 11 15 9 15 3 3 8 28 1 8 16 24 0 7 10 6 8 34 12 56 47 17 1 26 12 19 14 12 25 1 6 5 1 0 4 49 32 2 0 26 3 9 12 1 26 50 25 3 3 7 1 4 30 6 16 18 5 28 15 22 19 6 10 1 14 23
1 24 3 1 60 2 16 25 0 14 27 14 5 10 2 4 21 2 2 2 15 20 12 6 3 6 5 5 7 0 1 5 23 9 1 1 65 48 1 31 14 8 13 4 36 7 15 35 1 11 9 12 17 19 13 1 5 1 17 14 54 5 0 4 1 7 10 24 8 22 2 21 81 6 4
6 10 3 2 3 11 0 6 19 2 10 14 14 4 22 45 2 1 7 25 8 3 19 11 19 1 20 28 4 25 98 11 19 5 20 2 9 40 12 2 28 1 29 11 6 39 0 4 1 4 19 26 8 1 6 1 14 1 4 28 42 7 3 7 9 8 3 18 4 8 5 3 7 10 73
28 3 12 1 40 3 7 32 1 7 3 15 8 4 9 14 2 8 4 12 23 0 1 4 21 8 12 26 11 21 3 1 5 2 31 27 5 11 11 33 1 9 0 21 90 2 13 1 7 47 5 12 7 3 31 10 1 6 2 30 12 44 31 30 11 33 2 7 22 20 0 7 9 3 2
5 9 11 1 26 2 4 36 19 5 9 6 36 4 1 13 7 5 0 2 10 0 3 57 5 0 2 3 8 5 38 23 29 13 28 1 27 27 10 39 3 27 16 12 2 46 6 3 10 19 35 3 41 10 9 21 7 45 0 2 5 6 12 7 24 32 28 9 9 1 0 6 7 1 7
1 5 5 22 32 45 3 4 10 69 56 2 10 8 30 3 42 1 9 18 6 13 17 11 0 3 8 5 23 0 7 4 8 8 11 0 5 15 8 1 13 33 0 16 13 3 6 2 1 27 35 31 9 23 55 4 7 2 1 1 20 1 3 26 1 4 3 23 25 6 18 37 6 13 4
11 17 13 8 26 10 4 18 14 10 10 15 19 11 1 45 42 1 0 6 15 2 27 1 13 29 3 34 4 7 1 8 1 6 20 25 21 4 13 1 35 25 5 21 9 17 0 21 21 3 2 5 9 3 9 6 6 5 13 77 2 13 21 6 3 25 4 34 3 32 8 22 0 18 1
