25 75
18 9 18 1 11 12 32 22 63 2 13 14 11 2 10 20 19 8 20 60 3 6 11 0 3 18 17 11 19 37 17 2 13 16 9 38 7 2 1 35 7 34 20 2 5 7 14 1 19 42 6 2 9 5 4 4 8 12 35 2 7 7 22 1 28 29 0 1 19 2 5 0 2 7 2
2 1 16 3 12 4 2 1 20 3 10 27 2 10 5 19 7 3 4 2 2 17 2 6 39 13 11 7 4 17 13 13 7 12 10 11 18 3 1 0 16 6 14 8 2 2 20 33 24 21 6 3 9 30 12 1 40 25 12 22 35 15 9 3 11 27 84 38 6 41 8 3 18 34 3
8 21 7 11 7 25 10 33 1 1 9 5 0 43 15 2 16 9 5 0 0 29 16 9 2 6 15 38 4 7 0 0 2 1 39 23 19 7 2 19 20 18 4 41 21 19 12 37 24 5 11 3 0 13 73 4 16 0 0 21 25 1 5 1 0 1 19 34 7 35 7 40 5 7 5
10 0 4 13 11 1 21 5 4 8 32 21 0 37 8 52 21 12 11 22 23 8 49 14 11 2 4 33 4 1 6 1 4 17 0 8 29 0 15 1 12 19 17 6 3 1 6 31 6 13 5 11 3 27 1 1 7 2 21 9 15 4 17 2 37 11 2 35 3 10 67 26 34 1 12
3 28 4 3 7 4 3 31 5 6 11 26 25 2 22 7 10 11 2 6 10 10 1 13 8 43 31 11 6 3 14 13 0 19 12 0 1 22 0 2 8 22 4 12 15 37 15 7 1 1 7 3 4 31 2 38 14 76 15 20 4 13 23 11 12 22 11 9 51 0 6 16 0 2 53
-1 10 54 23 12 26 37 2 12 25 4 22 8 7 21 18 0 4 0 30 3 1 28 11 13 2 23 15 12 10 11 4 41 16 3 32 11 39 14 8 5 4 3 12 4 27 19 1 7 6 27 37 1 0 6 5 6 1 4 0 5 8 7 34 20 8 3 4 20 21 14 3 8 16 43
15 57 4 10 1 7 45 3 9 2 3 11 28 3 17 3 21 33 14 8 21 25 6 21 1 62 4 58 7 11 16 0 33 5 4 19 35 2 29 14 4 17 1 1 2 10 2 13 11 3 9 11 1 4 38 5 6 11 4 1 22 0 36 1 15 2 16 2 9 4 5 1 19 30 17
21 9 3 15 8 2 56 11 9 4 0 21 17 3 23 4 1 26 16 21 8 15 37 15 21 28 0 9 1 13 11 3 20 3 26 9 4 27 3 29 5 2 1 17 4 3 17 26 15 12 0 37 2 0 16 8 1 1 16 23 43 34 6 48 7 3 5 4 18 1 14 35 1 19 4
21 3 33 23 2 4 3 55 4 3 17 4 9 20 25 24 3 37 0 7 3 3 0 0 6 3 2 0 33 12 5 29 19 57 12 24 2 10 2 1 15 2 14 11 3 1 35 1 17 6 40 14 5 0 10 37 31 2 7 1 2 50 44 10 34 5 17 2 9 1 2 16 14 4 18
1 45 8 2 0 29 23 9 0 9 7 0 22 5 9 8 16 1 11 22 10 37 5 11 42 9 6 20 16 5 4 28 5 30 1 9 15 4 26 8 17 4 3 3 0 10 9 7 7 11 8 26 16 14 16 31 36 8 0 7 8 32 31 2 10 31 1 7 19 8 7 33 41 1 18
71 2 2 9 6 1 0 6 1 14 8 48 9 0 10 7 4 4 0 5 22 38 20 26 3 18 18 24 16 3 7 15 0 18 16 6 44 51 4 4 31 13 2 1 5 0 1 5 11 1 3 3 25 20 20 53 3 13 17 12 12 6 17 12 10 13 14 0 17 40 15 23 2 0 20
31 18 14 0 23 15 0 5 15 31 13 9 4 8 15 3 23 2 9 38 32 14 34 27 20 0 20 6 1 2 3 13 19 3 19 2 8 0 1 5 13 0 34 2 9 91 8 0 18 6 30 6 2 26 39 5 5 3 25 7 6 8 13 14 5 2 0 8 7 9 37 13 7 13 24
22 7 14 15 0 22 4 13 0 44 5 4 6 5 19 9 9 13 56 8 1 17 15 4 18 1 19 28 7 30 11 23 15 1 38 42 0 13 24 0 7 2 3 7 8 8 10 34 18 30 19 11 10 32 1 29 10 4 16 19 9 11 11 13 0 0 1 7 1 17 15 24 1 2 28
8 1 21 10 2 23 13 42 5 11 28 0 49 20 2 9 0 6 38 8 8 14 2 2 0 5 1 0 3 30 3 3 1 5 2 6 3 22 26 7 29 37 1 9 22 6 8 2 4 50 9 3 2 29 6 13 4 23 4 4 6 8 0 97 13 33 14 19 7 13 12 13 33 15 13
16 0 29 9 11 26 29 14 14 0 0 71 2 6 10 4 9 19 15 17 0 12 7 19 39 25 2 1 1 3 8 22 4 40 15 40 9 5 4 16 18 3 21 3 9 13 13 11 13 12 7 9 17 0 27 13 20 18 3 18 21 29 4 24 24 1 3 8 34 4 2 7 7 5 6
7 13 60 30 2 9 10 19 18 5 0 19 14 22 17 17 1 14 9 36 13 2 4 3 14 4 37 4 5 9 9 26 8 21 0 3 8 3 7 4 11 9 6 14 4 0 36 19 15 1 22 12 17 19 0 0 4 27 8 5 18 25 27 24 1 25 23 23 3 10 14 26 4 4 38
15 9 3 7 2 2 5 20 5 0 11 9 18 8 4 19 5 1 3 0 10 3 17 36 10 0 21 36 63 34 13 4 5 18 0 3 95 6 6 14 15 2 0 0 9 9 48 9 31 0 25 1 9 17 3 2 17 2 7 25 13 35 8 12 31 1 4 6 0 27 30 9 14 3 36
4 5 44 9 5 16 3 19 27 0 22 2 28 22 2 8 44 29 0 2 1 7 18 3 48 4 26 53 5 26 31 25 1 20 43 23 1 19 3 3 12 5 31 7 12 19 41 11 1 26 16 0 6 4 6 6 11 1 17 2 11 19 1 4 4 7 1 12 10 21 2 2 8 11 2
2 37 18 18 0 8 3 14 9 3 7 7 2 10 3 2 21 0 23 10 16 4 0 1 36 8 56 7 11 6 9 15 12 12 1 21 3 20 1 9 11 25 68 1 1 1 38 11 22 11 4 6 17 12 28 17 11 11 13 3 28 11 0 7 11 17 7 16 47 41 31 16 7 4 1
12 4 70 5 33 43 18 11 2 3 13 17 8 1 15 20 4 0 47 20 2 19 22 1 0 7 15 0 11 6 32 12 1 14 5 10 7 7 23 2 15 10 34 8 14 9 4 7 0 33 31 22 16 1 8 8 3 14 36 0 12 12 32 6 3 0 34 24 19 2 2 14 9 1 15
6 2 37 19 4 16 19 3 3 23 2 10 47 2 10 25 6 17 15 20 0 27 16 10 0 2 16 10 14 6 12 21 17 0 1 4 6 21 34 13 16 3 4 13 8 3 8 0 10 24 11 45 38 33 9 17 9 19 50 3 3 20 16 10 7 0 6 24 27 13 22 5 0 2 6
24 23 9 0 6 12 8 17 27 6 16 3 21 24 8 0 23 17 11 12 32 31 15 8 1 2 15 3 12 17 12 1 12 3 5 13 0 6 2 13 5 10 31 31 17 14 29 6 21 21 29 60 19 32 4 5 5 3 16 14 20 6 19 1 14 13 23 5 3 3 3 10 11 16 11
3 3 1 10 29 40 3 13 25 7 5 26 28 14 13 1 17 5 4 16 7 20 3 71 3 16 11 16 6 0 13 9 16 11 7 46 2 2 7 43 50 8 5 48 13 7 4 40 12 9 2 42 3 2 4 8 13 9 3 6 22 0 5 0 1 6 7 5 10 5 63 1 13 1 1
35 1 0 3 5 65 7 13 9 17 5 25 5 0 20 12 90 1 18 4 57 0 9 4 57 21 2 19 6 0 5 12 17 15 7 8 35 28 6 2 8 11 20 2 3 2 17 3 14 14 36 21 1 11 0 12 34 1 3 0 10 3 10 6 8 13 0 22 4 7 12 22 0 10 15
3 22 3 4 5 7 2 7 16 4 10 16 24 29 0 9 2 42 10 1 27 1 58 3 8 14 13 3 5 31 22 2 1 2 6 3 2 20 2 4 27 47 14 9 40 8 45 32 18 7 0 28 2 13 2 13 1 23 21 18 2 1 7 27 9 5 12 13 6 60 13 4 8 6 16
