25 75
15 9 1 65 0 14 5 13 13 1 12 21 10 27 1 9 12 5 33 2 9 0 48 17 17 6 7 11 4 14 5 0 43 3 0 22 16 11 18 0 11 6 0 11 32 0 37 56 4 0 16 12 7 24 1 1 43 6 5 24 19 19 5 2 13 4 10 16 5 4 29 2 15 20 22
15 7 36 37 44 4 3 17 34 4 16 7 3 22 43 33 3 22 22 52 3 8 5 20 27 8 10 6 17 10 3 1 19 0 19 3 4 5 15 5 36 5 25 6 17 0 2 14 5 4 5 8 24 0 3 28 19 1 11 2 10 1 1 6 10 10 1 0 2 3 12 14 34 7 62
5 9 1 0 0 2 2 1 4 4 22 1 3 4 18 27 10 7 22 9 0 0 16 3 17 24 7 0 13 5 78 30 27 6 40 1 29 8 14 41 3 23 20 3 7 17 20 4 10 6 57 15 11 16 1 10 14 28 12 4 10 2 26 6 16 34 17 5 11 8 8 21 16 6 23
8 2 5 14 3 10 4 24 22 10 1 18 2 82 37 1 10 5 11 7 11 18 7 7 25 9 17 11 3 1 0 21 24 8 11 3 15 3 15 1 28 4 3 0 14 16 23 0 46 13 1 17 27 6 9 18 3 24 3 22 13 25 7 5 28 8 23 4 0 4 1 28 10 70 11
36 5 9 2 36 10 16 11 8 3 21 10 12 27 1 37 39 17 2 17 0 23 7 13 18 5 0 6 5 7 20 19 7 10 25 1 29 6 22 3 27 18 4 7 2 3 24 8 15 1 0 20 12 8 17 0 3 0 6 1 16 2 3 19 13 4 28 3 3 16 50 12 3 30 77
56 3 7 1 31 3 3 22 32 27 47 18 9 32 22 4 10 10 7 6 15 26 15 4 10 16 24 8 21 0 29 1 10 7 7 34 2 32 3 7 32 1 2 11 12 3 47 3 23 10 19 8 11 5 22 16 18 4 13 1 0 18 14 10 0 1 13 1 7 14 2 1 23 6 8
26 41 22 18 9 4 14 23 25 5 32 1 6 8 1 1 6 4 12 12 1 3 11 36 43 10 20 9 0 49 5 4 22 2 24 11 4 38 1 5 0 81 7 5 2 4 24 18 5 3 7 16 53 10 2 33 2 8 43 6 11 2 16 5 15 1 4 5 5 3 5 2 9 14 6
21 11 3 20 12 0 2 42 20 2 1 12 18 16 20 28 12 0 51 8 19 3 16 2 11 39 8 2 12 6 13 30 3 5 18 4 63 8 23 4 3 13 28 34 30 0 26 7 9 15 2 20 3 8 6 7 16 0 13 26 13 2 3 14 3 17 13 11 20 23 14 2 4 3 4
6 18 69 13 3 15 23 36 0 19 19 7 4 11 7 45 5 17 10 16 9 1 5 31 11 5 2 6 11 92 0 35 3 4 1 1 5 5 31 12 2 9 25 12 4 10 2 4 20 14 1 15 2 2 1 26 17 20 4 18 5 15 39 13 5 8 16 14 3 6 22 12 5 2 14
-1 2 0 23 34 18 13 53 1 14 10 28 1 23 2 16 3 4 6 12 4 19 5 4 2 7 5 24 0 16 17 3 2 11 4 6 4 26 6 7 1 7 10 30 31 9 13 23 70 13 3 17 9 16 8 5 4 31 2 16 4 25 35 13 18 6 3 35 13 3 40 3 7 4 39
5 12 13 39 3 20 9 7 11 9 10 46 7 4 31 1 14 20 32 27 26 9 3 8 23 13 31 35 0 9 9 23 3 13 17 1 1 13 5 5 11 4 0 15 15 15 5 1 1 11 6 14 16 2 46 5 11 20 7 24 20 1 5 0 10 14 2 13 7 0 59 6 16 35 16
14 6 34 5 5 29 3 1 0 9 19 11 1 10 14 8 13 3 8 3 19 4 12 3 23 5 12 12 23 5 28 44 14 19 53 16 7 18 8 1 37 0 1 11 5 10 92 15 10 2 13 19 2 11 2 13 11 0 0 18 5 11 3 40 1 44 2 9 12 15 3 40 7 12 2
10 17 10 20 18 14 6 0 22 20 15 67 22 9 7 10 8 7 4 8 18 6 28 1 40 6 0 25 1 10 0 2 25 9 15 40 1 7 7 30 9 4 31 18 23 30 0 1 3 11 7 21 19 1 10 4 1 28 13 8 43 14 14 3 21 16 9 1 19 4 2 31 9 0 7
1 3 0 0 9 5 16 1 18 23 8 17 0 5 4 19 8 9 86 30 8 14 59 1 21 58 26 28 0 13 8 47 25 9 0 9 5 11 5 0 9 23 0 0 0 7 6 16 1 10 0 11 7 10 6 2 9 34 38 2 13 7 1 5 5 2 31 5 21 23 48 13 7 15 4
2 9 2 1 24 9 14 3 15 10 5 2 7 15 46 5 2 3 2 23 15 14 10 9 9 10 80 16 7 4 9 9 5 12 34 7 100 21 7 9 0 23 0 3 82 1 5 6 11 0 3 6 17 6 8 25 7 14 1 9 0 27 12 33 40 11 3 10 0 38 1 10 0 1 1
16 2 16 4 9 3 5 3 1 8 6 5 6 9 18 4 17 20 7 28 2 1 3 17 5 4 2 25 5 2 19 1 20 9 3 6 11 16 19 21 10 26 2 37 0 23 6 25 17 13 48 7 0 21 25 17 12 2 3 41 34 15 22 12 16 7 3 4 0 1 23 102 19 9 20
11 0 20 8 6 18 21 44 14 0 45 26 4 11 12 18 33 33 3 1 5 22 39 10 2 30 1 29 21 4 20 12 1 0 0 1 32 13 5 5 8 8 1 3 23 0 2 8 11 10 10 4 3 9 34 10 0 9 35 35 21 21 5 15 26 5 9 2 17 4 17 17 0 13 25
17 4 11 39 1 15 27 7 13 8 4 1 0 10 21 24 60 39 7 9 14 11 9 3 1 31 11 36 15 1 3 7 0 0 13 5 31 12 0 67 8 4 5 1 12 0 9 25 38 10 0 19 27 11 10 1 12 6 11 19 59 14 11 24 12 20 13 5 16 1 7 2 0 0 1
5 0 29 4 2 2 5 22 5 12 4 9 3 5 1 45 9 5 24 35 12 11 7 43 52 8 29 28 2 62 4 2 11 4 27 15 3 16 15 2 10 4 10 9 4 19 2 12 29 0 7 11 16 12 29 56 5 2 16 4 22 4 15 0 0 7 3 4 12 0 10 13 22 28 24
7 9 0 4 7 0 3 3 9 17 14 7 5 29 70 7 75 2 5 1 21 7 21 14 3 11 3 18 28 1 5 5 2 2 25 1 17 7 38 15 2 45 12 12 9 4 15 17 24 0 39 4 0 37 25 29 14 26 47 1 0 17 48 2 1 2 2 16 5 9 1 0 13 2 2
3 31 26 47 16 7 13 5 7 15 8 8 0 3 29 36 8 0 8 0 5 30 43 9 20 8 7 3 13 13 24 25 10 13 5 8 11 23 18 4 8 43 16 21 50 5 11 11 11 4 1 27 5 15 8 3 4 4 19 6 23 23 21 6 10 2 31 1 15 5 12 4 7 0 6
16 2 25 14 2 6 49 0 36 39 39 1 14 6 5 28 9 5 5 0 5 10 29 26 19 25 3 0 7 28 16 2 14 1 0 4 10 0 51 14 27 8 19 82 0 1 25 6 18 2 11 4 41 37 9 15 0 6 10 12 4 3 11 11 3 7 1 17 1 5 5 18 1 0 15
38 31 8 1 11 13 18 11 12 26 4 12 3 0 4 5 20 18 5 5 21 19 8 19 0 10 33 22 13 4 8 9 7 2 37 14 0 0 41 47 6 22 36 6 8 36 6 12 3 8 31 5 1 1 11 15 1 0 31 14 1 8 5 21 11 25 36 24 2 3 12 0 21 14 5
23 4 22 23 27 3 17 6 3 8 8 22 9 1 9 6 23 4 14 2 3 53 29 18 14 17 1 4 8 14 6 18 2 9 42 42 0 21 16 0 20 1 0 22 16 10 10 7 5 2 1 5 19 23 78 3 4 6 10 11 9 2 15 5 3 41 58 2 2 8 3 7 28 8 5
3 50 15 13 21 16 0 1 31 27 16 17 3 12 8 11 5 16 12 40 6 6 36 9 9 1 3 4 11 18 17 26 0 25 2 15 5 10 25 68 10 7 18 9 11 14 10 11 15 1 4 11 43 0 7 22 6 0 19 4 8 1 1 12 14 9 17 23 0 5 28 1 9 0 37
