25 75
3 5 33 11 9 35 8 31 37 21 4 4 23 9 2 9 62 15 4 43 7 7 7 6 0 15 5 2 25 4 4 15 2 10 0 0 0 14 4 15 21 31 0 16 0 16 3 2 18 3 3 2 7 0 16 43 19 5 4 0 53 37 40 46 8 14 8 11 3 9 28 3 11 7 3
-1 10 4 14 13 0 19 19 16 1 3 3 15 3 0 48 4 16 29 6 101 12 0 14 8 61 10 18 1 0 24 1 16 9 1 16 15 11 1 42 5 25 27 3 3 11 8 27 18 1 3 10 3 5 1 1 7 14 0 1 29 7 11 3 12 4 2 13 56 33 48 18 7 0 1
18 11 7 17 25 26 3 17 21 4 1 1 18 1 3 10 46 6 2 8 5 7 1 6 36 1 9 28 8 22 13 12 40 5 8 1 6 6 11 3 4 55 28 22 13 37 8 12 6 8 0 5 1 19 0 3 16 18 10 21 24 10 15 29 5 76 7 13 22 4 3 2 27 2 2
5 23 15 26 6 18 7 1 33 0 24 17 7 2 20 3 17 4 18 2 10 26 21 8 2 0 5 14 16 7 6 3 6 5 7 9 5 29 7 3 31 7 2 43 51 1 8 27 38 19 8 5 10 30 12 7 18 7 12 44 1 19 2 27 14 9 5 3 23 2 15 11 13 26 13
4 22 40 1 6 6 4 4 3 10 4 4 7 12 15 6 17 2 9 29 41 3 7 14 1 17 72 11 32 1 9 10 48 37 3 9 18 15 4 13 7 25 14 16 22 1 14 14 1 1 0 22 14 6 14 0 13 2 8 2 24 0 21 11 6 29 0 35 2 36 23 31 2 0 14
5 24 42 43 7 8 10 22 15 7 0 18 7 3 10 9 17 23 2 15 12 0 3 6 5 11 2 12 20 54 12 6 9 5 61 0 0 14 7 1 17 17 46 8 3 30 10 5 27 4 31 8 2 5 2 4 16 3 34 18 3 2 26 20 57 16 9 4 1 2 5 3 1 11 23
21 1 15 5 1 6 18 4 7 3 2 31 9 1 14 0 0 17 46 37 0 13 12 9 3 30 2 18 17 12 12 18 8 0 19 9 15 22 32 3 19 44 22 14 4 17 1 16 3 8 7 17 4 11 3 1 13 8 8 46 23 0 8 13 11 9 13 5 46 2 0 69 16 25 2
9 49 5 7 9 2 23 29 0 28 69 1 8 8 15 2 1 2 3 1 11 0 70 8 7 10 2 50 7 57 0 23 0 4 8 26 11 8 7 2 0 11 5 23 0 2 20 20 3 22 20 3 3 8 17 45 4 8 2 12 9 3 17 2 17 0 29 2 3 0 1 19 0 1 87
0 4 8 6 4 20 6 53 18 3 0 6 19 0 1 22 26 24 29 4 0 1 0 1 21 12 27 9 4 23 12 37 10 16 1 17 4 26 0 24 1 1 12 11 9 6 1 2 20 13 52 10 33 10 3 37 9 30 4 7 28 26 19 49 1 5 3 13 17 11 7 25 23 0 4
2 8 5 24 6 19 6 20 16 4 12 31 9 0 6 20 12 7 29 9 23 4 25 46 28 2 6 26 2 10 28 6 14 18 8 22 7 0 3 17 8 10 7 9 2 7 76 0 6 48 12 3 5 0 24 28 8 39 0 1 8 3 6 18 4 5 15 24 6 14 29 4 30 0 1
16 2 34 0 18 6 3 6 0 15 52 59 14 2 15 7 11 7 12 0 4 1 17 5 12 2 6 5 19 1 4 4 13 16 12 6 17 13 5 7 2 74 1 3 13 17 5 29 61 1 21 24 0 24 3 11 0 1 64 3 11 4 6 2 10 13 34 19 14 6 7 23 19 2 25
42 0 4 0 9 4 5 1 4 7 7 12 40 36 24 3 7 4 5 25 7 6 2 18 64 21 1 2 11 6 13 13 2 8 7 2 3 6 7 45 37 9 14 0 36 4 38 0 1 4 16 0 8 33 9 4 17 19 32 14 10 1 4 7 21 12 15 18 6 16 2 12 19 60 19
5 2 7 1 6 19 3 6 20 4 0 1 16 61 30 23 10 1 0 6 11 0 3 28 8 32 4 3 32 37 19 3 33 3 18 4 1 11 10 2 11 11 13 18 7 33 21 22 13 11 17 24 18 0 1 23 20 0 3 21 6 42 13 31 20 17 20 3 12 3 14 11 9 8 21
15 3 3 11 5 18 6 4 23 20 37 0 10 6 1 25 2 10 6 15 28 47 10 32 4 0 3 6 23 24 18 1 13 0 5 2 3 3 8 33 21 28 5 6 7 1 4 10 5 32 0 31 2 26 7 11 1 6 16 10 31 1 5 15 5 10 30 19 25 27 42 7 21 46 4
15 8 88 19 14 8 47 29 5 14 5 3 18 20 1 2 0 30 31 25 20 26 12 30 28 0 4 0 41 6 1 6 3 7 2 7 16 20 10 1 4 13 9 13 7 6 4 8 17 5 0 36 7 8 0 0 11 39 16 8 2 24 0 41 3 13 3 9 11 9 0 7 14 14 17
18 12 30 16 8 7 27 6 27 49 18 7 3 4 3 24 0 7 9 6 1 32 7 4 4 1 2 4 1 32 8 80 5 4 11 14 4 37 9 5 1 16 44 21 3 15 4 3 48 6 20 24 0 16 3 13 28 5 4 4 6 5 54 2 22 2 0 35 9 4 0 1 27 5 4
3 17 29 43 4 6 3 18 21 4 17 3 20 5 8 18 11 9 21 44 5 5 14 3 3 4 11 6 17 5 5 1 16 7 2 13 12 29 33 16 7 2 8 23 9 6 0 9 12 3 0 34 13 5 23 29 15 27 28 2 12 11 21 39 8 25 33 36 2 4 17 0 4 9 13
6 21 5 20 23 0 11 12 26 12 23 8 6 2 3 8 19 0 4 2 6 13 4 17 12 8 2 16 0 3 45 6 21 15 4 18 7 2 3 3 0 0 2 10 23 20 11 18 18 1 5 4 57 51 8 4 12 5 1 19 29 10 105 7 15 17 11 4 18 8 23 34 12 14 8
4 17 17 17 14 8 4 6 0 4 43 47 27 11 1 9 9 0 19 2 6 1 6 16 9 5 10 9 5 6 7 1 0 36 21 25 5 24 29 40 6 8 0 0 12 23 58 6 6 18 16 2 14 23 28 8 30 25 20 22 1 10 6 19 0 23 18 9 12 17 14 13 6 4 3
0 20 5 25 10 38 6 1 12 8 2 26 2 6 3 6 12 47 10 69 47 3 6 33 4 13 0 8 0 25 3 10 11 9 9 14 1 13 6 11 5 11 0 55 46 0 7 2 11 51 4 1 15 10 9 11 20 11 8 0 6 44 10 27 5 6 1 11 9 8 13 2 14 32 1
5 33 9 16 16 2 27 1 1 9 7 7 7 1 39 6 9 11 11 10 36 3 15 7 17 2 10 17 42 11 19 12 24 45 5 22 11 25 9 12 12 0 21 19 15 6 11 11 23 29 6 10 12 4 9 8 14 23 12 0 12 15 27 10 6 11 58 5 4 11 2 8 9 4 2
8 13 13 0 2 21 23 9 5 18 4 8 0 4 12 7 0 7 8 21 15 5 8 37 24 12 1 20 8 5 15 1 6 5 20 5 17 33 11 24 15 9 11 7 7 5 4 22 0 0 0 5 15 17 1 3 33 36 19 5 10 148 1 0 4 13 25 10 11 10 36 17 26 16 4
20 7 62 11 51 1 7 23 23 2 6 1 13 5 12 1 15 21 10 18 4 28 7 4 13 123 9 0 1 15 18 22 1 37 8 14 1 6 16 11 2 1 1 1 15 35 34 10 3 21 2 7 3 2 4 0 32 1 14 36 0 7 0 14 8 24 14 9 12 5 8 5 0 10 13
10 25 26 8 8 51 14 13 4 8 3 0 19 1 36 4 12 19 3 3 20 5 19 12 11 0 14 11 16 45 4 45 8 8 20 29 27 4 11 29 0 28 17 13 3 4 26 2 3 3 4 29 1 0 16 3 0 0 26 6 53 0 7 13 14 0 10 46 5 1 0 11 5 1 45
12 3 14 16 10 15 35 68 1 8 36 14 1 11 22 11 3 5 45 28 0 15 5 56 69 14 26 21 9 13 22 4 20 22 19 23 10 6 8 0 4 12 5 8 11 5 23 5 13 7 5 2 9 14 2 0 20 13 3 0 12 2 0 12 17 2 20 2 10 6 18 1 7 9 1
