25 75
0 10 2 0 38 21 21 0 13 15 0 26 10 34 8 10 7 3 12 1 11 12 32 20 4 8 7 12 50 16 0 35 37 9 2 0 2 3 15 3 0 16 14 39 1 7 20 18 9 15 0 30 1 7 21 35 26 4 19 15 2 0 13 39 5 11 13 17 58 2 7 1 2 0 24
16 6 5 1 0 16 30 7 6 0 2 15 21 13 41 14 3 8 30 14 26 6 1 17 5 3 21 13 10 19 20 1 3 1 9 15 49 0 47 0 0 41 2 67 10 1 6 2 21 43 5 1 16 5 0 29 6 9 12 0 42 10 6 6 22 21 20 3 15 2 0 2 32 16 13
3 1 12 21 7 17 8 29 21 9 19 19 1 5 7 7 17 4 12 8 2 11 1 11 21 1 10 9 2 2 3 6 15 12 7 27 2 0 41 9 2 7 2 24 4 21 33 3 60 7 17 4 42 6 11 57 0 4 5 19 14 13 28 3 1 2 19 4 20 6 16 2 78 4 43
2 14 6 12 23 40 3 0 51 2 1 8 9 33 9 6 5 15 7 21 31 8 1 1 8 2 17 50 8 5 15 16 1 2 18 15 32 7 29 23 12 12 10 9 9 6 3 0 4 14 17 30 17 22 12 2 9 14 35 8 5 17 14 0 15 2 41 9 11 7 2 38 5 8 25
8 0 14 8 7 35 18 25 27 3 13 6 20 18 4 48 2 17 12 2 27 7 27 2 2 5 1 1 4 7 2 4 2 3 13 5 44 15 14 66 12 0 9 41 5 0 18 28 0 16 30 2 5 11 7 0 45 1 4 17 17 43 16 10 9 2 1 15 8 2 16 1 38 15 18
21 7 36 9 8 16 8 14 6 0 5 1 17 5 1 28 0 2 60 8 5 5 4 10 27 18 14 2 13 4 23 1 7 24 14 25 2 8 10 48 2 25 1 5 5 0 8 7 4 29 12 25 18 5 9 15 2 4 3 13 2 18 16 9 13 12 2 8 10 1 13 91 12 83 2
28 11 3 5 15 10 5 2 4 4 0 1 24 20 19 13 69 19 3 26 15 1 17 34 9 5 8 9 17 4 18 1 20 27 18 0 16 31 0 39 14 16 19 1 5 17 6 1 18 19 0 12 1 2 35 0 4 0 5 0 49 0 2 6 15 21 46 2 7 0 8 34 2 32 31
29 45 5 5 9 38 0 7 1 6 6 14 9 41 3 6 6 4 4 9 0 14 9 13 19 69 13 76 1 10 4 7 15 33 26 4 5 5 2 2 11 12 32 11 31 34 8 27 6 13 0 12 42 9 4 10 5 4 19 0 0 0 19 0 25 10 1 14 8 6 2 4 0 37 10
2 10 8 14 15 29 39 4 14 9 5 7 6 14 10 7 16 5 5 1 22 28 22 28 0 10 4 9 5 10 15 0 15 21 4 6 41 19 5 7 10 20 8 13 22 2 11 27 32 3 12 10 10 50 20 14 8 8 0 47 11 2 8 27 6 23 2 7 2 3 5 7 24 2 53
40 49 5 38 14 5 3 12 11 32 37 0 26 6 4 1 31 1 29 20 17 8 5 4 15 4 1 4 18 9 1 64 16 51 2 7 13 13 19 4 14 14 1 3 10 10 1 15 3 14 0 19 9 3 0 11 23 8 1 7 39 0 2 6 5 0 3 27 2 57 13 8 4 16 13
15 25 9 11 19 4 6 28 8 53 11 29 23 19 2 3 5 11 9 15 7 0 17 15 1 15 13 5 44 3 3 13 19 2 5 14 16 5 3 16 30 10 8 1 23 19 21 8 1 5 16 13 2 17 3 2 12 14 8 3 1 40 47 12 2 11 5 44 25 0 33 31 7 3 2
2 21 29 10 32 15 22 1 14 4 1 1 3 16 16 30 1 0 40 1 20 9 13 0 8 41 21 3 22 0 17 3 3 0 8 5 12 35 7 4 9 18 3 3 19 12 3 41 8 23 9 41 11 6 2 9 10 8 1 44 15 23 15 32 51 11 4 14 11 5 15 4 16 1 13
18 17 9 3 5 1 3 5 44 17 21 8 9 4 45 9 2 3 2 54 14 7 19 0 7 37 1 8 17 13 21 24 4 40 0 7 0 13 8 1 19 27 2 16 5 36 5 9 13 16 8 5 11 8 0 17 43 2 6 27 0 3 3 2 6 1 13 75 15 20 3 2 3 37 22
13 23 6 1 3 11 53 5 11 2 1 21 22 3 6 3 13 2 0 39 14 5 45 5 2 4 22 16 31 8 11 2 21 3 3 5 6 9 13 40 0 3 4 2 8 20 9 6 9 1 4 9 10 35 3 4 0 27 32 8 50 8 6 76 8 0 20 11 5 20 12 30 37 5 15
8 7 20 3 20 0 11 9 33 0 47 36 21 2 6 3 16 48 53 30 7 15 29 17 0 3 9 1 25 3 1 11 36 2 5 13 0 21 32 22 0 1 7 3 1 17 39 21 17 27 11 3 11 3 4 8 6 0 4 37 2 38 3 18 0 1 5 2 1 11 21 18 6 2 27
-1 6 17 46 1 0 4 6 18 15 12 24 2 1 15 23 9 19 8 55 12 15 3 15 26 35 10 16 21 11 0 8 23 4 15 40 11 8 0 28 19 6 28 0 3 6 25 11 3 3 10 4 14 19 6 1 12 4 16 38 12 4 9 29 1 3 13 18 10 9 23 40 1 8 11
6 1 26 19 37 5 18 26 3 14 6 15 4 7 2 3 18 7 6 42 14 14 0 14 17 12 10 3 25 29 6 7 10 23 13 43 21 8 4 1 0 14 7 10 0 0 11 15 26 30 7 5 18 2 10 18 2 23 17 6 34 16 28 12 15 7 23 26 4 33 12 0 18 11 1
33 16 38 15 10 1 3 26 21 25 16 27 6 3 17 10 8 0 3 8 7 12 1 3 43 1 0 69 17 13 0 5 6 14 9 23 0 65 18 22 0 12 3 2 0 7 11 0 2 10 15 9 4 11 22 17 1 10 3 3 6 0 28 11 4 11 3 6 18 14 14 67 17 24 21
3 9 4 24 3 21 5 7 26 13 9 6 6 4 4 2 1 2 10 4 32 21 35 2 2 21 17 2 9 39 15 24 24 8 19 29 1 4 0 10 15 11 4 9 22 33 1 15 0 23 11 9 28 40 10 9 3 8 4 1 13 5 10 14 44 3 26 5 17 9 8 15 58 30 10
18 13 29 0 9 17 8 6 5 21 5 7 23 12 9 8 28 13 8 7 0 13 2 0 12 23 4 50 7 2 29 8 34 31 32 5 0 6 0 24 1 34 17 26 0 36 0 42 5 12 4 12 11 5 14 4 15 4 15 39 25 7 5 0 7 20 11 47 0 1 21 1 1 0 30
1 29 15 98 39 6 17 6 20 8 27 10 19 15 19 5 14 3 5 17 9 2 10 9 0 9 24 0 13 15 0 16 1 6 15 3 4 2 7 11 25 0 14 8 8 2 27 2 8 1 7 3 41 20 20 14 0 3 8 3 4 13 13 22 3 63 19 36 33 7 9 6 9 2 18
3 6 5 26 3 11 0 12 12 17 14 1 12 27 49 6 19 24 13 4 9 3 6 42 7 2 22 5 8 6 15 39 14 13 0 5 23 14 10 2 29 1 16 13 21 40 0 61 4 20 6 5 3 0 9 9 2 4 1 7 15 22 0 15 3 30 21 13 15 2 12 26 7 16 43
4 21 22 41 28 3 47 11 1 35 17 14 6 10 6 27 14 4 33 14 7 16 6 36 3 6 33 2 10 22 1 8 25 9 7 10 4 17 16 8 22 3 8 5 6 8 14 2 19 8 3 2 2 16 5 10 4 10 24 5 13 0 45 17 17 13 6 6 13 3 33 11 0 4 39
7 27 6 4 5 22 18 8 9 7 23 54 3 18 1 16 0 8 16 2 10 19 6 2 38 14 21 21 8 7 1 0 2 0 3 16 2 15 21 7 5 8 0 12 4 21 1 18 8 11 35 37 22 4 14 8 25 7 21 9 6 15 32 28 18 8 19 39 11 6 7 15 3 1 55
1 18 13 16 13 2 17 0 14 16 20 10 9 16 4 11 25 4 14 23 8 11 19 7 17 37 15 10 59 4 5 2 53 0 31 7 2 37 8 13 13 1 5 40 1 27 7 24 7 1 1 6 2 0 9 11 8 31 13 17 0 20 30 7 9 18 1 3 2 31 15 9 7 28 5
