25 75
12 0 7 0 3 3 14 3 11 28 34 20 2 6 2 18 16 34 10 5 7 5 0 4 0 17 14 11 0 2 12 2 8 1 17 7 2 11 0 5 10 26 53 18 2 5 2 36 14 12 1 0 44 8 23 17 17 17 11 22 23 20 0 24 9 4 3 66 11 10 36 28 13 54 8
1 30 14 20 39 17 5 2 24 25 11 13 7 9 17 15 28 0 16 3 2 15 27 22 31 2 4 4 29 16 6 4 6 3 38 8 0 24 2 2 3 8 59 2 27 0 0 4 3 0 5 5 28 6 10 4 8 5 32 2 0 3 13 10 14 4 10 66 4 17 1 49 4 9 44
55 3 14 3 2 10 0 2 22 33 0 7 55 58 32 5 0 10 6 0 37 30 3 13 9 6 13 3 16 32 3 0 10 16 4 3 0 41 4 18 24 11 0 4 1 18 20 8 43 19 0 0 5 29 5 5 9 0 20 12 22 0 14 7 2 9 19 0 4 21 7 1 30 19 34
6 10 25 16 26 7 0 6 33 11 15 17 15 32 6 0 0 10 10 3 13 10 13 18 6 8 35 1 7 23 5 8 1 37 8 21 2 2 11 11 17 22 0 16 57 9 3 21 17 7 19 17 18 15 15 39 14 20 5 3 4 7 34 5 6 17 18 36 9 9 1 3 5 1 23
18 15 22 12 2 2 2 5 0 17 22 6 3 4 3 6 4 33 1 4 36 3 11 1 2 4 9 15 9 2 10 18 11 39 32 28 13 0 2 7 17 1 2 2 0 10 1 10 10 41 34 25 2 13 0 77 11 3 17 80 19 19 5 29 5 20 15 6 8 19 43 0 0 20 3
14 10 4 52 3 36 14 10 14 14 4 28 26 13 8 19 9 14 12 9 4 23 5 16 21 30 8 0 14 13 69 10 3 1 5 18 6 2 5 14 42 11 25 8 24 20 14 16 3 12 9 14 7 3 46 11 2 6 2 5 2 0 17 1 7 5 6 17 16 20 3 13 29 2 2
20 16 7 30 8 36 5 12 13 18 0 32 1 5 13 7 26 19 6 5 4 0 0 1 13 6 9 15 2 6 25 2 2 18 26 29 0 44 17 2 17 8 0 51 56 32 16 17 0 20 2 0 6 2 3 11 9 5 25 0 38 5 9 30 31 1 11 6 1 8 15 5 7 29 24
13 19 33 4 4 11 16 14 16 5 31 14 15 14 32 2 12 4 23 7 22 17 20 3 20 5 57 25 20 9 13 6 19 15 7 23 6 2 10 52 23 5 6 8 11 7 64 3 6 9 14 13 3 2 2 7 1 2 47 4 1 9 4 7 2 0 13 14 9 8 2 0 22 8 24
4 2 15 21 1 9 20 2 10 5 6 8 3 7 0 29 3 5 9 0 23 14 0 8 35 4 25 27 1 3 25 6 14 30 4 20 17 13 2 11 5 9 15 18 9 26 31 2 26 23 4 24 20 15 10 28 2 2 17 59 14 3 13 22 0 1 35 40 38 1 7 23 4 5 8
22 1 10 33 2 1 3 16 8 3 20 74 4 9 9 12 7 9 18 15 31 9 8 4 5 8 4 5 18 22 5 20 7 5 24 2 0 60 2 7 33 19 8 1 10 2 4 9 7 4 4 48 11 16 15 7 37 30 10 21 3 0 7 5 19 8 5 4 2 44 4 12 0 19 50
5 1 21 33 2 17 38 7 12 0 9 6 7 1 13 2 0 52 15 15 22 8 50 4 7 0 0 35 3 5 14 27 0 2 0 26 46 2 15 0 3 7 4 24 4 2 2 10 9 42 19 71 5 36 2 7 10 0 2 0 10 17 6 49 6 6 13 10 27 35 9 8 9 1 13
5 5 18 6 7 0 6 6 1 4 9 10 7 1 14 16 8 52 6 3 1 10 20 12 2 10 4 51 4 29 34 27 26 24 4 10 6 5 16 22 13 9 16 31 50 8 5 23 15 24 18 6 23 23 0 25 10 1 9 2 4 42 15 5 3 4 12 13 16 11 29 16 8 7 3
5 19 1 64 1 11 76 31 5 6 13 21 4 50 8 18 14 9 0 11 0 4 9 4 40 18 2 26 19 11 3 5 6 0 27 5 13 4 0 23 0 0 3 11 38 46 4 4 32 13 8 19 4 32 6 30 10 17 7 11 34 3 11 4 1 15 0 3 2 6 0 2 4 28 6
0 21 20 22 18 10 34 5 2 3 19 0 6 4 45 32 14 9 46 16 2 10 1 5 12 2 11 46 12 82 14 8 12 1 1 27 0 5 13 2 48 27 0 6 0 11 0 28 11 7 2 3 3 5 4 2 17 15 8 22 3 31 14 0 12 17 8 7 1 3 40 16 5 4 28
17 1 56 20 46 20 19 14 15 0 10 27 6 3 10 9 0 4 4 40 7 4 9 6 5 1 6 0 21 5 22 10 27 6 1 25 11 5 18 2 18 1 1 3 4 53 53 31 1 1 11 3 2 6 9 22 23 32 13 12 14 29 21 27 18 11 7 10 15 6 19 11 0 0 1
19 15 14 27 14 39 17 36 0 10 9 12 27 1 3 15 45 7 11 3 38 21 1 18 8 15 2 6 9 11 15 10 15 10 5 2 2 11 7 2 19 0 8 7 9 31 1 18 22 36 25 15 0 12 0 6 9 19 14 1 11 30 2 49 14 27 11 10 22 10 8 2 2 17 1
6 4 26 17 17 16 14 52 5 3 0 3 13 16 46 0 10 30 4 9 21 39 30 2 39 7 9 2 8 5 16 8 4 18 28 17 33 17 1 28 4 20 16 32 15 11 6 7 7 8 31 7 5 14 26 13 19 2 3 18 24 5 17 14 0 10 0 1 2 7 1 8 11 4 9
7 1 18 14 48 5 14 14 42 8 24 34 7 3 22 3 11 32 1 7 1 1 13 11 9 9 16 17 9 5 12 30 39 8 0 13 25 2 13 1 5 8 28 28 8 7 5 0 2 17 27 25 4 16 5 27 9 10 37 13 1 1 12 3 12 21 25 17 12 3 28 12 18 1 4
2 3 22 8 2 0 5 55 1 28 20 0 27 7 10 1 15 0 0 9 7 10 10 1 19 11 20 18 3 9 33 42 15 33 6 28 4 41 3 8 1 6 10 3 4 19 18 4 14 9 22 19 2 21 10 7 11 20 73 0 45 3 13 7 0 4 1 2 10 5 33 18 25 4 21
-1 15 1 15 2 12 5 17 1 41 2 7 5 18 0 12 3 8 26 70 1 12 39 21 13 1 13 5 13 10 5 6 5 20 61 1 34 5 5 0 8 57 26 14 35 1 0 2 5 10 7 0 19 9 26 9 0 0 13 4 32 15 21 13 0 7 23 0 45 10 5 0 30 3 22
1 27 3 6 35 31 24 27 16 0 0 17 4 33 11 34 31 15 2 0 34 27 4 20 3 0 29 21 28 3 0 18 23 7 15 16 26 0 2 6 2 10 29 25 22 0 31 4 0 44 8 11 5 3 8 19 25 1 11 1 1 7 32 2 2 0 26 1 11 4 11 6 4 32 3
8 0 16 6 4 0 0 2 3 0 50 6 12 4 19 17 17 0 35 29 74 2 1 3 13 6 10 4 4 10 11 22 18 11 0 0 9 4 16 8 20 25 0 0 0 3 13 2 10 1 23 1 5 25 15 30 14 2 12 6 17 12 3 93 17 11 52 26 5 4 38 33 13 4 11
48 5 2 14 9 7 6 7 10 0 0 2 19 9 43 15 19 21 9 11 6 5 24 11 3 11 40 0 15 3 26 3 18 1 34 20 6 18 10 4 32 9 4 43 24 21 15 0 22 19 14 7 14 3 4 36 15 21 18 0 19 4 14 20 22 10 16 17 1 5 9 4 9 4 11
2 2 13 20 22 43 1 24 27 3 7 12 48 0 4 1 12 18 5 16 54 10 17 13 2 12 1 17 22 20 28 9 26 23 20 4 5 8 0 9 2 5 47 9 12 0 13 16 2 12 5 14 16 0 3 29 0 0 21 14 12 1 57 11 2 3 11 21 18 14 19 11 4 14 2
10 0 12 8 7 21 36 0 5 14 5 6 12 13 6 7 4 6 3 4 0 9 31 10 9 22 21 121 4 3 3 23 33 1 1 13 4 32 9 9 4 4 4 0 13 22 9 20 31 27 2 2 6 29 0 9 4 0 0 3 28 3 12 6 18 21 28 1 23 54 9 11 6 19 35
