25 75
2 6 16 5 15 9 39 12 2 2 3 33 1 29 7 10 21 30 34 24 40 8 2 4 20 34 17 55 2 2 0 54 12 3 23 7 9 5 10 38 21 9 18 7 20 0 0 2 2 1 0 25 1 1 18 2 1 12 36 28 8 7 0 14 4 6 6 5 18 34 14 17 10 7 1
5 11 53 0 14 0 36 22 3 23 3 18 8 19 10 1 0 7 42 4 32 1 11 2 13 1 9 14 7 2 43 2 39 4 58 10 25 4 28 23 13 14 39 30 20 2 32 8 9 23 15 21 4 2 4 41 4 12 18 1 9 3 7 1 6 12 3 4 5 1 4 9 12 2 3
8 17 16 14 13 6 2 12 49 29 8 6 35 10 2 3 0 24 12 11 2 36 20 21 19 20 10 4 3 8 39 2 1 7 11 37 35 32 7 8 15 2 2 2 2 16 9 5 9 5 0 48 13 29 14 3 3 1 20 36 8 14 22 11 1 8 0 10 14 18 15 20 18 0 8
13 70 15 4 8 9 15 12 2 1 2 30 25 16 39 30 6 22 45 2 1 7 19 1 11 3 11 19 2 22 4 1 27 0 25 3 2 4 12 9 9 32 0 16 10 13 15 5 7 32 2 2 16 3 4 21 3 16 29 18 4 31 9 8 34 6 25 1 4 24 20 7 12 5 8
13 16 8 20 20 11 3 9 2 21 10 11 1 8 12 9 7 5 29 6 11 19 4 24 10 2 8 9 28 3 3 59 20 1 40 8 1 15 53 26 5 17 30 11 1 22 1 4 6 30 2 25 7 0 6 6 22 30 0 27 10 6 7 3 41 36 0 15 5 16 3 5 1 5 30
14 6 0 5 0 2 2 22 18 1 0 8 22 4 4 7 55 26 16 30 12 3 20 0 37 0 5 4 37 22 16 1 12 9 24 4 13 13 0 63 30 1 10 61 9 0 35 8 36 3 4 16 4 11 9 1 6 17 13 10 6 9 15 3 7 10 7 1 12 31 6 16 2 51 3
7 9 1 42 9 45 18 9 20 36 4 17 12 1 42 13 9 15 9 3 11 16 4 6 7 4 33 6 22 7 4 42 36 0 11 0 10 11 11 17 7 15 3 17 8 9 8 7 11 55 5 15 14 2 1 3 17 31 10 2 8 20 27 6 2 9 4 10 9 5 10 17 25 13 16
5 5 4 7 41 17 2 4 32 9 16 21 2 2 37 21 11 21 1 4 7 12 21 5 6 0 4 7 21 7 13 25 28 5 0 8 7 8 0 20 18 11 13 5 7 24 50 6 42 6 28 9 22 4 32 14 0 13 0 34 21 4 8 12 21 10 35 13 19 13 12 19 3 4 2
3 6 37 9 12 3 31 11 2 2 5 10 6 6 31 50 8 15 4 4 0 1 8 8 0 0 23 8 9 7 6 2 3 6 20 35 12 5 27 16 1 34 12 37 16 9 2 7 20 12 7 15 1 9 18 10 7 5 13 15 6 52 20 11 27 35 10 20 20 6 4 25 10 25 28
-1 6 10 16 3 14 4 14 49 25 15 0 2 12 5 7 7 1 9 12 2 6 27 15 6 60 43 3 6 16 1 10 14 20 0 41 35 1 14 27 0 4 5 8 23 1 1 12 4 5 13 33 25 2 5 3 38 8 19 9 15 5 12 15 12 21 15 23 9 48 16 20 4 7 3
1 32 1 8 4 5 5 1 3 2 1 4 7 7 21 3 10 24 18 4 19 6 16 4 18 36 1 11 45 5 26 0 0 6 5 8 0 5 29 9 5 10 18 42 2 0 10 17 2 5 19 6 1 23 6 49 22 44 2 30 9 4 19 48 24 22 2 13 8 19 41 22 36 3 7
47 2 17 37 0 16 8 19 11 19 8 8 4 12 1 0 47 3 4 28 21 0 6 6 20 30 7 4 9 52 6 19 0 8 0 1 29 41 0 1 5 2 28 29 21 3 33 22 11 0 1 21 9 41 5 27 3 28 3 4 0 21 7 23 4 3 16 20 0 5 2 2 16 18 16
7 31 16 26 5 3 10 19 9 26 0 4 20 10 2 6 9 2 11 12 21 10 5 31 29 63 1 18 45 23 9 3 14 2 11 1 19 3 4 12 49 23 19 7 0 14 10 7 14 4 12 20 0 5 6 11 9 9 22 29 0 21 45 31 2 26 4 4 12 1 17 6 2 1 6
1 29 16 11 6 53 9 18 7 0 17 34 35 5 6 9 17 6 11 27 9 8 1 14 24 1 27 3 12 7 13 1 2 7 4 41 19 20 6 19 3 2 1 16 0 0 0 3 16 2 9 6 10 22 16 50 13 4 6 25 2 38 2 8 15 5 1 3 54 1 4 38 22 27 21
18 7 2 16 2 21 10 26 12 6 1 11 10 0 23 4 22 22 2 8 26 1 14 12 25 24 2 14 15 13 29 29 5 13 20 15 28 25 27 0 26 1 7 58 6 8 13 6 29 19 47 3 9 8 4 25 1 8 4 26 0 16 12 4 2 51 14 13 4 6 4 1 0 1 4
29 16 15 19 7 23 11 15 15 37 7 0 1 8 7 46 8 40 3 8 7 2 6 9 22 9 2 24 10 4 2 9 3 5 13 2 10 10 12 1 0 21 10 10 5 2 0 19 20 14 8 24 47 10 19 22 2 18 26 41 56 6 16 13 2 7 10 7 2 16 27 17 11 2 13
6 17 1 36 0 9 19 10 0 2 11 34 24 3 28 46 9 26 67 0 5 20 26 8 1 21 6 13 15 5 4 11 10 5 4 7 4 2 0 23 6 3 6 44 5 5 26 1 16 3 4 29 1 20 5 25 16 16 0 17 4 15 30 2 12 1 14 4 6 31 13 9 31 38 4
-1 12 19 1 45 5 2 4 5 5 21 0 2 22 7 22 6 63 15 23 5 7 8 10 4 3 0 0 9 9 21 33 3 5 12 0 41 8 0 16 53 6 5 15 12 4 17 10 7 31 14 1 10 60 35 4 1 10 30 6 6 3 25 11 2 5 14 4 2 36 10 2 27 38 12
6 1 5 3 33 4 14 8 8 57 50 32 18 50 31 15 6 6 1 4 15 91 0 6 1 12 27 0 3 19 8 6 3 12 5 27 0 1 2 34 12 9 6 5 11 18 38 3 7 5 22 37 1 4 10 1 1 5 17 3 8 2 4 3 14 10 5 4 6 11 20 41 3 19 11
5 17 5 23 25 10 9 4 23 7 31 5 6 1 0 25 19 7 18 19 15 28 9 6 22 2 11 21 8 26 13 19 4 6 16 41 43 7 13 6 13 38 1 4 14 1 46 0 10 0 6 2 16 33 21 5 55 2 5 0 1 3 17 3 12 16 3 3 5 1 28 28 2 19 12
29 1 13 1 64 3 8 45 17 9 4 6 11 1 13 44 14 1 4 14 10 6 16 0 4 11 33 1 19 1 10 0 0 0 27 33 10 6 10 5 7 12 24 1 8 8 3 34 12 5 32 9 22 12 18 10 5 1 16 16 3 23 1 22 13 19 2 20 15 3 42 11 12 42 13
25 17 15 25 1 20 18 11 8 3 13 3 11 4 1 0 30 10 4 10 25 0 10 4 11 2 1 3 47 2 9 0 5 44 31 19 13 46 48 5 16 51 8 21 10 5 16 16 7 6 21 10 24 1 8 4 57 1 4 15 1 12 3 5 7 3 0 17 15 6 3 17 44 10 2
21 9 16 11 5 8 0 44 1 27 18 2 0 4 1 4 13 34 19 7 23 9 12 8 33 26 7 5 22 6 2 24 15 1 5 9 40 2 8 25 5 14 38 8 1 1 14 26 35 4 16 10 26 0 1 4 0 0 8 22 12 54 11 26 0 30 1 22 6 17 31 16 0 10 5
5 14 47 22 13 5 35 14 2 18 4 2 16 6 82 4 2 11 35 15 16 4 29 32 21 11 8 15 1 4 67 17 18 6 17 3 19 22 2 15 13 0 19 33 12 4 6 1 35 7 1 4 17 3 16 7 1 8 9 3 6 4 6 7 9 19 16 10 1 7 3 1 5 20 8
4 1 0 19 1 31 13 7 4 8 8 32 23 35 16 10 36 0 4 25 21 10 16 6 12 1 11 27 57 26 11 2 12 4 4 5 0 5 3 1 16 1 9 3 1 0 17 26 1 11 46 7 16 32 10 15 3 23 7 6 68 3 10 2 9 18 9 44 10 1 2 6 30 9 18
