25 75
5 3 14 11 4 4 9 5 7 0 41 1 12 35 19 5 9 22 7 2 10 31 1 8 33 4 1 9 29 8 16 36 19 8 10 35 1 9 7 22 62 1 11 1 16 0 42 12 0 0 8 4 7 8 0 9 1 18 4 13 8 13 63 7 0 30 9 18 51 19 12 13 5 11 12
0 0 3 11 0 10 44 41 15 6 10 22 8 14 7 10 23 31 0 12 3 85 27 10 50 9 4 4 4 0 8 16 2 12 1 2 9 51 11 3 18 25 8 2 4 13 4 18 18 0 18 17 3 0 1 21 9 9 5 77 0 27 7 9 4 35 19 14 7 4 2 1 10 0 13
2 4 9 16 2 2 32 22 2 0 12 29 13 11 14 8 10 18 6 8 12 2 0 0 17 6 15 4 0 35 3 12 26 5 22 18 2 9 7 1 11 11 11 8 5 16 26 19 5 32 2 47 2 1 63 10 13 21 3 42 0 16 11 6 6 38 17 69 11 1 7 11 11 22 10
7 11 2 17 11 1 2 1 51 9 32 0 7 29 3 17 16 7 25 33 8 2 26 54 43 4 7 11 7 2 17 2 35 9 2 22 5 9 36 15 3 7 9 35 4 3 0 8 9 3 32 18 2 8 36 11 8 1 1 3 13 5 9 8 16 1 8 8 29 4 24 20 12 2 43
1 9 2 7 33 13 7 3 3 1 27 15 0 6 2 42 5 5 5 2 15 69 6 0 20 7 35 16 13 38 0 11 0 6 18 2 20 10 27 57 9 34 16 0 50 16 9 7 0 11 7 25 19 4 9 7 7 10 10 17 30 26 0 13 2 9 16 3 11 14 7 13 3 8 20
7 1 6 41 5 7 19 5 36 19 2 2 9 7 6 39 48 2 10 34 9 4 46 17 1 12 8 2 2 19 17 2 3 60 4 18 7 4 1 30 9 15 0 1 6 2 13 0 9 4 25 14 2 49 31 0 2 28 8 24 11 14 6 9 16 8 12 5 30 8 44 2 12 5 5
7 6 0 32 6 24 2 4 5 3 1 10 35 5 7 22 3 2 12 11 0 45 24 18 9 23 0 21 9 40 3 7 26 14 23 0 15 28 22 14 20 9 10 4 4 6 1 5 18 1 3 17 14 11 3 37 11 47 8 16 36 7 11 2 1 9 30 2 3 0 0 11 7 91 7
2 10 17 9 11 17 15 37 1 9 7 32 5 6 33 19 26 0 15 33 7 19 11 1 6 15 3 19 15 13 9 4 12 30 9 8 0 21 34 25 2 12 42 0 3 12 21 8 1 1 8 15 19 42 16 10 3 4 6 39 7 12 1 11 3 5 10 18 0 51 18 28 5 1 1
8 5 1 4 1 13 24 5 0 17 36 4 6 2 3 3 8 0 6 15 22 40 4 11 8 12 12 7 34 3 36 7 21 11 8 19 2 26 24 2 44 1 19 9 17 11 31 0 3 1 5 1 20 19 8 1 113 5 6 35 19 17 4 3 16 31 3 11 0 12 2 22 5 12 24
19 10 11 4 9 12 21 13 0 26 2 17 37 30 0 14 28 0 3 18 6 7 6 40 4 15 69 4 36 1 0 0 32 11 3 0 33 4 20 61 7 37 11 24 3 0 12 40 7 3 21 26 14 13 0 13 7 2 0 4 30 2 0 4 10 1 4 0 16 18 8 9 3 0 25
6 1 0 9 6 11 8 0 44 18 42 16 5 22 14 6 10 11 0 2 4 6 17 41 16 4 3 37 17 0 5 8 2 9 60 15 2 1 0 11 20 27 19 18 7 3 0 35 3 0 10 23 34 50 5 7 6 8 13 10 6 24 3 11 14 15 19 1 6 25 14 0 47 8 20
14 16 14 7 2 8 1 5 24 6 50 10 20 2 11 5 41 2 2 15 15 43 10 18 46 19 19 23 25 22 15 4 10 2 6 3 6 0 2 15 5 27 1 1 26 5 38 2 5 5 9 11 1 1 20 3 22 28 52 3 0 19 1 27 12 5 15 0 0 5 30 21 9 0 33
4 2 32 41 24 24 1 2 47 23 1 11 28 31 2 3 1 20 23 37 15 2 3 113 4 6 1 7 9 8 3 2 15 9 4 22 5 1 5 1 5 7 19 25 2 8 6 8 10 49 4 16 4 3 1 0 16 2 50 20 10 24 5 2 6 1 1 25 20 3 9 2 35 3 7
34 16 12 26 1 19 5 22 11 4 1 1 14 5 5 44 0 0 28 0 3 9 0 6 2 5 1 9 4 13 3 10 6 19 12 17 15 7 35 21 4 21 4 31 1 6 0 16 16 2 9 4 29 14 3 1 5 0 1 25 5 5 60 48 6 63 4 4 0 19 57 14 4 63 11
0 8 21 5 0 7 12 13 17 9 2 29 5 1 11 10 2 5 7 23 15 1 1 16 2 54 42 46 18 6 28 3 2 9 59 15 18 1 15 16 1 20 13 21 7 27 4 33 0 4 10 5 12 39 13 0 1 21 0 2 5 6 28 7 1 30 9 18 0 7 7 15 61 5 14
1 28 6 5 22 3 2 2 30 2 3 14 7 7 9 5 5 26 7 6 5 24 13 3 1 11 25 2 13 9 4 9 15 5 9 17 11 0 10 61 13 43 28 2 47 0 1 3 4 36 28 12 22 26 1 29 82 0 6 40 7 22 12 10 9 7 9 7 5 19 24 3 2 0 4
16 0 27 8 2 10 52 4 21 5 32 29 16 1 1 23 6 9 5 6 50 15 0 18 3 5 15 4 7 21 32 38 5 33 9 50 38 9 40 16 0 1 13 11 4 17 8 3 10 1 21 3 13 15 10 10 8 9 31 14 1 13 4 2 25 7 4 28 3 2 13 1 3 3 8
16 25 0 8 7 5 21 7 27 12 23 8 23 21 11 22 19 19 2 6 33 12 19 35 26 14 1 7 11 15 0 22 4 13 24 21 18 6 5 9 6 6 18 17 1 18 32 6 6 33 33 0 0 24 10 9 11 21 5 23 35 3 2 4 11 1 18 12 6 2 10 2 11 0 27
19 8 3 31 2 2 24 19 0 16 17 16 5 21 30 10 47 3 5 1 2 29 3 10 3 27 0 11 8 2 0 9 0 14 14 17 4 31 0 12 9 26 4 0 7 4 33 4 10 10 24 0 31 1 26 11 0 3 6 40 8 3 7 17 50 12 68 26 10 7 1 17 9 18 23
22 20 7 32 16 9 28 17 12 0 9 5 1 11 1 1 8 2 8 0 10 2 19 30 32 16 8 1 2 19 23 30 53 0 11 21 23 10 3 9 0 3 9 37 11 9 7 12 55 5 4 48 15 15 19 10 1 3 11 0 15 2 0 16 10 3 17 50 8 11 7 24 1 10 21
-1 18 3 18 1 7 9 38 25 0 18 3 5 19 1 1 9 61 3 11 0 10 3 1 9 7 16 3 15 3 11 40 17 28 13 8 8 7 38 23 10 4 0 21 9 0 27 5 5 47 19 9 11 17 8 1 17 10 11 4 16 0 76 8 8 39 1 2 21 7 6 25 19 26 2
3 1 1 5 1 4 8 17 19 1 16 9 12 2 17 9 21 13 6 16 11 3 28 39 6 25 22 16 39 22 9 6 1 16 39 1 3 19 3 8 7 4 73 7 13 5 4 1 20 4 11 3 17 0 16 16 14 9 2 6 1 5 8 0 39 22 19 8 10 3 13 20 77 33 13
2 6 2 10 6 1 19 13 6 0 31 4 33 24 10 35 0 1 22 12 68 2 6 5 25 45 12 7 5 1 0 12 24 8 17 37 41 13 0 2 5 2 10 27 5 4 7 10 17 8 4 8 13 1 22 19 12 0 19 17 31 25 1 1 16 15 20 11 14 37 19 18 1 6 8
1 14 9 21 2 22 25 6 1 12 5 14 28 6 8 0 20 15 11 26 0 10 3 51 44 3 28 12 65 5 42 13 1 3 18 0 4 18 25 32 7 31 20 3 7 4 2 42 2 28 14 4 11 1 9 0 13 9 5 16 31 25 9 13 1 16 3 7 0 1 6 18 0 8 11
33 11 5 12 26 9 2 2 0 27 1 14 0 21 1 30 7 23 8 13 7 3 21 5 3 7 45 2 2 18 6 56 16 24 3 40 1 23 6 0 23 9 15 10 1 33 20 1 2 14 12 3 37 20 7 2 30 2 12 0 13 59 1 0 9 4 12 1 21 0 24 13 30 24 3
