25 75
34 7 29 46 12 5 5 0 4 29 22 0 10 2 22 5 20 19 7 18 31 10 2 15 5 5 8 25 5 13 10 6 9 11 4 17 4 6 12 9 23 15 34 0 1 9 5 7 0 14 51 1 7 13 24 2 3 12 5 79 3 31 2 2 16 10 6 7 27 35 1 10 10 29 3
-1 10 13 29 18 16 30 15 13 9 2 0 33 4 3 1 9 21 4 4 9 9 16 43 32 7 22 4 0 0 1 20 2 1 69 16 8 11 4 1 29 22 37 23 21 17 2 10 7 4 55 2 26 9 16 13 9 24 3 2 12 10 0 39 15 5 3 2 1 6 4 19 13 15 17
9 47 18 1 7 13 6 10 21 1 3 34 62 11 2 17 36 36 14 13 0 13 20 17 5 0 12 55 4 1 0 25 24 20 9 13 30 1 17 4 10 5 28 1 6 4 8 6 2 17 1 5 21 30 3 13 6 7 16 2 24 1 5 0 3 11 8 18 31 0 14 15 0 23 25
10 3 6 15 4 2 31 11 6 3 3 23 11 52 0 14 20 1 12 42 6 21 22 29 12 49 2 5 7 8 5 4 0 33 14 33 11 3 11 14 24 14 15 31 8 12 11 10 8 13 12 0 5 10 10 3 23 1 10 30 6 5 52 2 9 13 31 3 1 10 4 0 9 16 31
2 7 8 7 19 50 15 8 18 19 2 46 15 20 18 20 23 1 10 2 67 2 2 11 12 3 26 18 4 4 13 17 10 20 7 2 5 10 11 3 10 1 6 22 18 8 8 1 43 10 23 18 1 2 8 3 1 14 6 0 27 74 11 14 12 2 20 3 1 6 6 6 31 26 1
24 13 14 19 15 14 23 4 25 1 8 58 14 16 2 13 12 11 42 13 6 0 6 43 6 0 4 5 14 14 1 17 19 20 15 6 10 7 9 9 11 0 30 3 4 25 14 37 1 21 37 9 9 1 22 0 13 2 2 2 0 13 2 0 0 32 29 33 31 7 9 9 12 11 17
35 15 4 6 3 6 5 11 9 17 26 7 11 13 15 18 14 6 5 5 33 52 43 3 39 1 16 7 16 21 1 2 7 8 3 6 15 9 8 9 17 6 15 27 25 0 3 9 0 16 23 43 6 8 6 4 0 2 22 30 4 7 19 18 10 1 1 7 15 0 50 4 1 17 54
7 0 1 19 58 25 6 8 14 16 8 2 20 24 22 28 10 3 2 2 12 20 5 6 0 2 23 2 8 0 22 33 1 3 1 6 10 9 3 32 4 0 28 1 9 1 11 14 8 43 46 2 1 6 2 63 25 4 12 4 12 21 11 3 5 3 3 15 15 70 17 56 4 4 4
39 5 3 33 29 2 7 4 58 0 10 9 4 14 3 31 5 15 2 40 8 31 29 4 0 1 26 12 11 21 17 13 21 17 2 6 16 11 6 0 5 38 14 4 3 2 7 17 2 4 9 12 0 6 0 45 24 2 10 21 5 25 4 21 15 14 6 5 9 47 6 0 14 17 22
21 21 4 20 18 13 0 29 9 0 15 27 4 2 4 7 15 3 5 37 3 41 21 0 4 6 11 11 2 25 2 0 63 8 13 6 10 7 5 28 18 21 5 7 16 31 3 24 0 14 5 24 13 3 10 4 60 5 6 1 9 4 39 0 18 31 25 1 1 9 4 2 41 0 26
-1 9 22 0 7 4 18 27 22 58 13 6 11 70 0 1 8 8 5 15 15 16 17 1 10 4 23 14 9 4 6 21 17 8 10 4 7 92 7 8 29 17 10 28 1 4 1 23 19 18 22 1 8 30 0 17 14 0 0 42 0 5 13 13 10 27 1 15 3 9 2 11 2 4 5
15 13 14 0 36 9 11 3 12 27 27 16 7 0 6 21 38 11 12 7 2 4 1 13 24 3 6 50 11 18 6 2 6 1 3 15 54 10 19 4 2 21 4 20 9 10 8 1 10 5 15 0 9 13 28 39 1 0 2 19 14 16 3 25 15 4 8 12 5 61 21 40 1 20 2
6 2 41 15 1 4 0 18 2 0 1 44 37 6 0 7 15 1 10 37 21 10 3 16 18 6 6 0 15 18 1 25 13 13 55 8 13 9 21 34 8 3 24 63 9 38 11 8 3 2 2 20 10 7 18 26 6 5 5 13 10 0 9 15 4 43 2 3 29 10 9 1 7 4 21
12 3 0 49 8 74 47 1 15 26 2 17 19 7 31 5 19 16 8 16 4 17 13 5 3 48 40 42 8 2 16 3 4 25 24 15 3 0 16 1 1 2 14 7 29 2 0 7 5 16 3 8 2 9 13 9 46 11 26 1 1 2 0 2 18 8 6 26 12 3 6 2 0 5 34
25 5 15 1 4 7 11 5 18 29 3 29 40 6 0 35 11 5 20 3 10 2 34 4 16 17 5 23 7 12 4 5 21 0 14 3 2 19 47 27 10 4 1 15 2 5 4 32 20 31 4 7 29 19 16 0 64 14 8 35 9 3 8 2 10 1 24 18 9 4 3 7 26 6 6
13 19 12 9 33 3 0 8 2 9 19 21 1 10 10 6 1 3 4 12 12 21 28 23 50 0 3 15 8 5 4 17 8 0 2 3 20 13 11 27 4 3 4 13 38 20 17 1 44 1 0 15 33 3 13 10 0 43 2 4 15 38 3 16 3 12 2 2 10 82 22 18 19 2 23
19 7 36 7 16 3 3 6 43 22 24 37 29 4 0 20 18 6 1 12 16 10 5 7 3 5 3 46 3 18 8 6 20 12 22 11 3 4 7 0 7 25 18 10 22 16 10 22 1 23 0 11 8 4 1 49 5 3 43 7 2 13 20 0 29 11 14 14 3 5 7 6 3 44 22
6 22 5 10 7 67 7 21 7 39 6 15 4 5 6 7 9 4 77 3 5 13 4 24 21 13 2 1 51 5 32 17 34 7 16 9 19 13 1 0 21 14 27 4 3 27 3 12 14 27 4 22 34 0 7 3 7 18 6 30 12 8 0 22 14 0 11 9 4 0 1 0 15 3 4
22 5 16 14 7 8 41 35 27 5 5 18 23 20 21 5 14 2 36 0 26 2 17 15 4 7 1 11 10 2 14 15 10 6 3 7 37 2 7 7 16 7 1 29 33 0 5 22 7 10 66 1 2 2 39 1 33 5 6 46 7 1 25 0 15 24 26 0 21 2 4 4 2 3 8
12 28 2 16 4 24 15 3 1 31 8 5 37 38 1 17 1 0 17 11 4 3 19 22 31 47 32 52 3 23 0 24 6 10 12 1 8 4 43 3 16 4 28 1 0 13 6 3 5 24 3 9 20 6 0 22 26 11 4 2 22 9 6 2 6 26 6 10 4 20 1 40 10 12 5
52 3 28 3 0 15 9 0 13 2 19 3 8 8 12 3 5 7 7 23 6 123 4 7 3 26 25 14 1 11 9 49 31 19 4 0 24 16 42 3 8 11 1 5 5 11 10 3 3 11 6 12 0 5 48 4 8 0 8 14 17 17 20 10 6 9 50 30 2 1 0 17 3 0 8
3 2 5 16 0 5 19 2 12 27 19 0 15 3 4 9 31 17 3 46 11 26 9 33 18 17 7 15 11 1 54 9 0 5 3 9 4 3 1 19 5 0 6 19 15 2 13 45 1 34 7 1 13 13 22 16 33 5 29 8 5 3 10 11 13 4 21 15 18 15 11 2 21 70 1
31 4 14 31 4 2 5 32 13 5 14 10 17 4 0 1 21 18 32 3 20 24 5 3 53 2 12 7 2 1 10 26 7 1 18 5 6 20 24 37 3 27 4 6 8 0 8 18 11 7 3 2 18 3 2 19 36 12 39 21 32 5 33 10 9 22 10 15 19 18 9 6 14 6 1
6 7 47 0 56 30 0 9 36 4 77 28 11 4 25 3 14 0 16 44 2 18 5 45 0 1 1 4 0 34 2 10 37 2 2 4 14 4 33 0 5 24 23 14 7 15 3 0 3 6 19 17 4 11 11 9 5 2 10 14 20 1 0 23 9 2 28 9 8 37 9 5 4 5 3
5 4 18 9 32 9 7 4 12 3 27 2 36 36 26 0 15 1 2 2 14 3 0 0 12 18 0 8 27 27 23 16 2 8 15 2 28 9 16 3 5 25 3 20 22 8 14 10 51 38 0 29 5 19 12 1 4 33 17 13 29 4 0 11 5 40 5 15 24 15 16 4 2 10 10
