25 75
6 13 53 17 4 9 9 20 4 3 2 2 1 40 12 9 0 15 34 5 3 42 3 4 0 58 3 8 14 35 14 3 5 1 18 3 15 36 3 40 10 0 11 33 2 1 10 2 39 8 2 14 12 19 25 4 5 0 5 32 3 41 4 4 10 32 0 8 39 2 28 11 14 2 2
2 11 12 26 5 1 7 14 3 28 5 0 22 1 24 0 4 3 21 10 25 5 2 8 1 15 2 13 1 1 1 29 16 12 32 37 2 24 8 6 21 17 11 1 24 8 1 7 36 12 28 66 10 0 4 12 46 28 5 9 7 9 12 17 28 5 12 10 7 31 32 22 4 8 11
15 19 14 54 2 0 15 2 40 16 3 3 5 0 11 35 4 1 24 3 15 6 13 10 7 11 8 68 7 18 12 1 21 13 25 47 9 11 2 5 7 9 30 0 5 11 18 8 1 10 8 10 39 5 8 34 12 10 24 7 15 4 16 9 0 11 20 7 6 4 1 10 23 14 29
4 0 0 0 20 3 5 25 36 14 27 11 1 7 3 8 1 8 10 2 2 4 8 36 56 0 1 11 18 3 9 36 6 2 6 52 15 7 22 33 24 7 4 15 1 18 18 24 15 6 11 11 0 23 5 11 7 0 2 12 44 26 11 33 6 48 3 22 45 8 1 6 11 6 4
10 9 12 2 26 6 0 22 0 6 3 21 7 7 30 2 32 34 0 26 1 2 0 9 13 15 3 2 0 1 68 0 27 19 3 16 24 5 41 4 3 14 5 7 9 6 0 0 10 28 26 96 19 8 7 4 14 18 18 26 8 12 3 25 1 28 2 8 4 33 9 6 13 19 3
2 3 13 1 41 8 8 2 9 1 31 3 0 15 20 1 6 2 5 10 32 7 17 45 12 3 1 5 8 1 22 28 24 24 17 3 1 0 26 3 16 2 20 21 18 26 11 22 1 75 5 12 24 9 29 4 11 9 3 4 4 0 25 71 6 8 11 0 3 11 34 2 36 4 3
0 68 15 31 9 9 0 15 3 9 2 6 7 5 15 35 35 4 2 2 8 3 0 18 10 16 14 37 13 11 7 14 15 3 10 0 16 0 1 34 20 7 1 21 25 3 3 10 3 22 24 6 16 17 19 18 25 12 33 5 21 2 14 13 1 6 13 5 34 43 4 0 1 43 8
-1 3 3 46 34 50 12 40 4 24 4 6 6 20 1 3 5 12 6 26 7 9 4 14 5 16 0 18 20 30 26 4 2 24 2 4 11 26 14 33 11 6 27 8 20 2 1 8 20 11 18 44 14 9 25 12 3 5 8 4 3 30 12 4 30 5 7 6 10 17 4 18 3 13 9
-1 3 2 56 8 7 4 16 34 1 0 7 21 24 4 10 31 1 3 0 54 11 9 19 1 21 22 7 16 16 14 14 3 9 12 2 3 82 1 4 54 7 3 0 8 10 0 3 21 21 47 15 13 37 5 2 6 2 13 2 24 6 4 11 5 7 1 6 3 2 13 6 80 0 12
1 1 16 17 5 9 14 17 4 3 13 11 1 20 1 19 25 1 5 2 26 2 35 19 50 53 3 1 4 63 10 16 7 1 7 20 20 37 2 2 8 3 10 24 41 14 4 2 1 27 2 3 9 10 35 3 8 26 29 0 26 2 34 5 0 15 0 6 45 0 5 4 13 16 7
1 27 4 22 14 7 21 41 14 7 4 23 31 3 17 5 41 6 7 24 16 12 4 2 38 10 20 24 3 18 19 21 5 21 20 2 3 21 8 19 0 3 12 7 2 4 0 1 5 4 4 8 7 1 0 1 8 17 7 12 26 24 9 2 4 3 40 47 8 6 73 7 6 18 19
0 4 19 8 25 16 28 25 1 0 2 7 2 25 27 12 2 15 3 9 0 46 18 3 19 38 17 17 9 23 8 8 23 7 22 12 1 3 38 18 21 0 3 32 21 23 15 20 16 11 10 30 15 2 3 22 54 13 3 3 10 12 4 5 0 19 0 5 6 24 1 5 5 25 2
19 0 16 5 4 5 23 48 22 0 9 4 12 1 2 29 7 0 10 0 6 12 6 21 0 8 5 2 5 37 5 3 1 26 52 6 11 18 14 26 3 76 26 14 0 14 19 7 0 3 9 11 41 0 6 42 18 7 40 1 20 15 32 5 7 9 1 14 8 42 8 15 3 0 4
-1 0 5 20 29 15 2 9 10 18 15 17 25 6 32 0 7 1 2 2 20 1 40 4 7 30 16 14 19 40 14 16 54 6 10 60 4 5 27 16 11 17 1 7 0 0 24 3 3 10 12 1 28 0 22 8 17 0 10 27 41 15 8 9 21 37 0 14 0 5 0 0 10 1 21
-1 0 24 23 4 19 8 2 1 30 12 7 20 48 4 24 31 12 63 2 3 2 0 0 10 21 7 2 9 10 16 21 26 22 2 4 6 19 3 22 9 62 1 5 33 6 2 10 47 18 2 2 0 5 3 7 49 0 11 10 7 9 9 2 0 31 11 3 2 4 3 9 12 14 64
10 2 27 0 7 1 3 0 16 8 0 26 27 12 16 13 17 77 5 6 9 10 15 20 3 17 2 2 1 0 35 18 4 2 8 23 35 10 14 16 25 25 5 20 11 12 28 30 3 20 6 40 2 2 35 13 1 5 3 3 40 5 17 5 9 10 1 4 9 1 9 35 27 10 12
29 25 7 13 12 2 0 0 6 3 51 2 5 35 29 14 20 22 3 4 40 6 5 8 16 24 7 6 6 6 0 3 0 3 22 17 2 62 0 34 3 3 4 5 18 15 10 7 8 16 5 3 1 50 3 4 33 8 35 5 2 1 19 24 16 8 39 1 4 12 60 0 23 2 4
-1 4 4 13 17 0 1 64 6 4 2 1 7 7 14 22 62 37 13 14 14 33 25 4 17 1 12 30 8 6 23 20 1 43 6 7 2 10 3 3 3 33 28 11 6 33 13 11 8 17 36 9 15 3 54 4 14 0 2 18 9 0 1 8 6 34 25 3 1 0 3 4 5 7 17
7 2 11 20 18 11 8 0 0 4 11 27 2 4 6 36 10 11 3 13 39 27 1 36 56 14 9 1 4 27 9 0 1 1 6 43 7 13 11 3 22 29 20 1 4 11 1 2 13 49 18 12 0 4 15 1 1 8 18 10 46 3 33 13 29 10 42 9 9 25 6 3 4 9 8
7 9 6 27 50 6 17 4 10 5 5 3 10 27 1 9 8 39 14 20 15 18 3 1 7 18 12 17 9 31 3 5 35 2 20 1 5 1 1 7 5 5 1 2 7 41 17 2 17 2 22 58 11 1 12 4 60 15 0 27 15 7 2 3 12 0 16 26 8 42 10 32 23 3 4
0 1 6 25 8 21 14 5 51 4 17 12 66 10 11 3 1 9 8 9 6 22 24 10 44 3 20 8 2 6 8 10 8 1 14 23 6 22 18 3 9 36 32 7 2 26 16 7 12 33 1 3 7 3 19 0 50 9 1 42 8 16 15 6 23 2 9 0 14 9 2 2 15 22 3
9 3 31 37 0 2 33 8 17 22 14 7 1 0 0 4 0 5 6 16 42 11 34 41 12 1 8 8 14 7 3 3 2 14 43 1 10 2 1 8 13 21 12 34 16 2 3 7 0 11 15 24 5 1 22 25 7 10 32 88 9 11 2 1 1 51 3 5 24 0 16 1 41 2 5
2 24 3 6 10 34 43 9 0 20 19 0 50 0 0 3 17 6 0 1 4 5 64 0 2 5 34 5 10 7 16 10 27 0 21 15 13 28 1 8 2 23 5 1 4 2 21 6 0 4 0 4 19 12 0 2 33 35 13 6 9 21 11 13 13 4 71 1 4 7 18 15 23 1 75
6 20 26 2 0 24 6 6 22 3 0 40 2 1 7 4 4 56 10 18 20 2 2 5 10 14 9 5 22 4 10 7 18 1 12 0 34 10 28 7 14 1 7 38 26 2 6 16 9 6 44 15 6 18 9 9 3 12 16 5 14 15 34 23 21 5 38 33 6 21 1 8 18 15 9
5 13 14 2 7 1 49 64 0 8 6 15 21 19 10 23 4 54 12 40 26 19 20 0 19 1 1 11 2 6 31 5 15 27 20 15 8 3 18 13 12 4 0 3 0 17 27 5 25 28 4 7 5 7 22 17 4 11 2 11 23 10 0 6 11 18 14 20 23 1 8 6 3 9 10
