25 75
3 2 6 28 2 21 2 1 26 9 6 23 1 14 7 27 2 19 0 6 0 11 13 12 8 16 25 7 7 7 17 0 10 26 0 3 5 28 23 15 39 13 35 5 2 3 28 5 20 4 5 6 46 14 21 49 0 51 25 17 17 6 1 2 10 0 19 0 3 26 22 11 0 31 26
14 0 8 2 29 14 14 18 49 32 3 9 1 20 32 5 2 1 15 8 8 0 11 10 9 7 27 9 12 12 7 3 14 9 12 2 18 0 3 65 3 5 15 1 10 3 7 10 27 4 10 13 46 5 2 25 3 17 11 10 10 13 12 10 16 5 29 2 39 12 24 33 3 49 2
29 6 4 24 3 4 48 29 32 6 2 2 1 20 15 6 3 27 10 18 3 1 13 24 27 25 1 32 12 19 24 5 28 28 23 0 41 5 3 28 14 10 8 16 4 5 11 14 6 9 21 0 0 8 2 13 7 6 1 48 34 13 23 4 9 28 5 2 11 0 5 1 18 6 7
44 3 25 2 0 12 31 22 3 0 4 11 1 0 9 23 8 17 9 21 0 6 7 12 4 15 41 10 10 7 3 11 18 25 22 7 2 13 17 35 6 7 0 30 2 3 1 19 0 22 14 26 3 32 32 9 22 1 13 1 5 12 11 2 9 15 65 0 5 11 8 13 5 83 3
28 30 1 1 8 2 1 10 48 1 9 6 9 0 6 12 14 9 83 17 0 79 2 4 17 17 2 25 28 29 9 22 14 8 6 3 9 4 13 4 37 12 4 11 4 30 10 12 8 4 2 5 1 11 2 8 0 0 6 17 18 0 12 19 8 10 6 0 6 47 55 2 20 17 6
2 36 5 29 1 2 37 13 11 7 17 3 10 2 22 3 2 29 4 25 15 5 1 6 1 16 6 39 3 1 20 41 20 5 13 1 13 8 4 23 2 11 46 23 21 1 28 2 4 2 11 0 6 11 3 33 12 6 6 0 68 10 2 17 39 22 8 42 6 1 1 1 10 24 20
14 48 7 4 2 5 13 15 17 13 12 3 2 2 49 31 1 25 23 3 5 2 12 3 18 7 3 1 5 3 6 27 49 56 29 0 1 28 11 7 29 1 6 17 15 31 4 1 9 17 0 15 21 6 15 9 3 1 0 2 3 19 22 9 21 7 10 35 19 25 34 3 7 0 22
7 16 17 6 9 1 24 6 15 7 5 5 27 28 2 18 0 46 8 6 17 1 2 5 34 17 19 9 0 3 9 4 2 5 20 2 20 51 63 6 24 0 1 1 8 35 0 21 43 6 0 3 10 14 1 45 1 2 35 5 23 37 11 3 9 17 25 27 0 34 5 0 4 6 2
29 5 5 7 19 5 6 5 22 29 27 32 52 3 14 1 21 15 0 16 17 23 11 9 68 15 34 3 11 5 4 24 7 1 6 25 0 11 17 12 0 1 1 10 3 8 27 9 18 17 0 7 2 2 1 2 4 6 3 3 12 9 29 33 8 0 9 31 4 16 37 6 5 8 53
1 9 5 21 69 20 9 3 1 7 20 2 3 2 3 20 16 12 19 13 16 13 2 17 24 3 20 7 62 36 5 16 5 6 5 5 26 7 15 12 63 15 40 1 14 10 33 8 7 15 4 2 3 4 2 12 10 18 8 4 28 29 4 4 12 8 4 3 11 1 4 38 2 9 13
1 25 10 15 5 35 34 4 0 4 1 23 11 3 0 3 3 4 10 4 13 14 3 24 7 13 3 71 10 4 19 6 0 24 2 66 20 35 0 24 10 1 6 15 22 4 2 1 12 3 18 12 2 41 28 23 11 50 5 15 25 12 6 13 16 4 4 0 6 2 23 15 3 11 26
1 7 11 1 67 40 6 22 0 15 8 11 2 25 10 14 1 4 37 11 29 6 0 38 2 3 19 8 18 4 2 7 39 26 14 24 4 11 3 22 3 6 11 14 3 13 26 14 5 27 48 15 0 2 2 26 23 12 17 10 17 9 16 0 8 14 18 0 6 9 32 2 14 5 1
-1 7 16 16 0 0 11 6 11 21 24 3 6 43 17 5 7 10 7 25 10 1 2 34 5 6 1 13 5 25 6 2 6 41 12 3 15 21 28 14 16 30 14 41 28 9 0 11 11 3 9 1 4 9 11 0 4 8 17 5 9 0 36 5 23 55 8 25 20 29 45 18 1 10 1
39 12 4 35 19 23 37 2 21 7 8 9 19 7 8 0 2 1 2 0 16 47 13 36 0 3 0 1 27 14 2 45 35 14 0 11 9 5 11 5 7 10 4 9 2 2 14 16 2 0 4 11 9 35 70 6 16 4 33 21 17 16 41 4 1 0 6 0 16 0 3 29 13 24 6
10 0 33 43 13 9 5 13 0 22 22 13 1 59 59 15 1 22 14 15 5 20 19 0 8 14 2 5 25 2 6 33 11 6 0 19 27 19 5 0 2 10 5 14 3 3 7 44 0 2 30 25 3 18 1 6 2 22 5 7 7 10 9 5 4 20 57 6 10 46 3 2 10 0 7
4 3 24 21 9 2 9 8 42 4 0 6 28 7 15 42 15 3 0 18 16 0 4 1 22 18 15 18 6 26 2 39 7 28 14 1 2 25 2 5 1 30 7 6 3 18 20 9 0 14 2 0 40 18 6 21 3 25 10 84 9 15 7 5 6 33 3 27 2 1 16 1 7 39 1
4 3 0 50 0 22 1 35 4 8 3 15 12 29 7 2 24 3 0 2 8 14 2 30 33 4 49 26 23 4 5 1 9 23 30 33 31 14 7 0 12 6 5 4 12 10 41 7 34 4 7 8 0 7 32 13 2 13 1 42 2 11 8 9 12 0 17 1 0 7 24 1 1 64 13
0 6 21 1 34 28 12 2 9 1 1 2 2 2 16 25 29 51 9 2 27 25 31 1 2 2 2 1 32 24 21 17 0 2 11 10 18 39 11 1 2 1 0 2 16 19 24 7 11 1 3 0 50 0 33 32 12 6 9 1 1 0 10 24 3 38 4 5 29 40 21 6 21 26 13
0 5 1 2 14 11 4 9 10 16 4 13 8 8 13 28 54 31 19 5 12 1 15 15 4 5 9 20 31 21 3 31 22 1 11 2 10 25 1 1 17 14 3 26 6 7 14 2 1 26 13 22 9 2 1 27 4 27 4 5 20 17 13 12 9 17 1 35 31 12 5 42 28 14 19
2 6 5 14 10 1 14 4 24 23 9 34 9 3 24 0 2 15 8 14 47 11 16 24 0 19 39 15 8 4 0 16 22 3 18 2 3 0 6 19 5 2 2 16 17 14 34 25 8 4 28 73 37 2 4 8 32 1 3 25 4 26 1 13 2 22 16 2 25 14 3 11 10 14 4
3 6 13 25 21 0 2 0 2 4 0 4 27 1 3 16 19 8 0 46 26 30 5 93 7 2 5 3 14 8 6 15 1 3 18 5 11 2 2 1 17 0 5 0 1 12 11 6 45 6 40 15 62 15 12 14 17 4 39 15 12 7 3 13 15 0 40 18 9 41 3 33 0 2 11
34 22 26 6 2 14 2 17 0 36 40 8 50 14 3 0 5 0 14 0 9 2 14 10 12 19 3 55 18 0 7 11 0 7 2 18 22 25 10 2 49 10 0 2 4 7 23 3 7 12 17 22 4 7 40 14 10 4 38 10 21 2 4 7 13 4 7 15 19 6 0 24 11 34 11
10 6 25 21 41 6 3 27 5 7 5 6 3 8 12 9 1 5 3 0 3 5 10 1 14 3 9 39 4 15 2 9 2 17 32 6 3 15 5 8 50 6 0 4 51 10 3 5 43 5 3 12 29 35 0 28 34 9 9 0 22 40 18 9 2 3 22 4 4 104 5 1 8 14 3
3 7 25 2 7 2 8 9 17 11 12 35 35 15 4 13 31 13 26 4 9 0 16 5 18 22 18 46 43 3 7 27 0 4 23 1 22 4 10 4 4 27 2 6 12 1 12 5 30 21 33 12 2 19 4 8 1 25 2 0 3 7 0 0 13 21 0 36 0 13 3 57 37 16 7
8 0 2 3 6 16 8 7 24 1 21 7 7 22 24 10 12 19 5 17 0 0 2 5 17 8 16 27 34 26 10 52 20 11 10 21 2 2 1 23 6 41 8 35 10 2 1 20 3 8 16 14 2 13 2 13 21 20 1 3 43 18 0 1 21 14 2 14 12 8 27 2 31 9 53
