25 75
14 9 5 13 16 7 3 14 38 1 27 2 2 6 1 13 8 14 14 7 21 4 2 5 0 6 0 17 3 21 7 36 11 32 8 16 2 6 14 24 43 12 4 35 24 21 22 15 11 48 1 29 22 23 17 17 2 6 8 16 3 18 0 17 8 26 10 11 13 7 1 12 1 15 33
15 12 11 15 22 1 21 3 41 1 10 0 11 0 0 19 3 1 31 2 53 2 33 5 0 1 38 5 21 4 23 1 2 23 3 6 28 9 9 5 14 16 1 19 4 14 21 37 22 5 12 17 20 19 11 25 5 11 3 2 0 3 4 57 48 2 23 8 3 12 37 0 7 1 27
0 1 10 5 19 47 3 3 19 8 11 13 12 13 14 7 5 14 5 1 10 7 8 9 21 4 19 0 16 7 24 1 1 1 17 23 16 1 4 0 2 40 6 53 3 3 24 6 34 11 7 15 29 13 30 90 33 4 3 2 7 11 20 11 9 9 4 18 30 1 12 3 12 10 36
40 0 9 4 24 8 40 24 20 13 12 5 0 9 1 0 8 22 9 9 7 6 37 6 87 7 4 33 13 1 20 1 21 2 60 4 2 32 4 29 2 3 3 4 19 21 9 8 2 13 7 10 5 4 19 18 9 1 12 2 11 21 1 0 9 25 66 23 7 4 10 4 5 4 6
25 13 15 4 8 2 1 1 10 4 4 7 2 19 4 4 14 23 12 8 4 4 34 0 21 14 21 11 0 25 5 1 26 26 15 1 12 67 1 4 36 27 15 1 26 31 1 7 1 18 12 8 13 2 23 27 27 12 1 33 25 0 11 18 15 9 13 11 1 59 3 4 14 4 20
30 6 0 27 7 0 8 30 4 21 5 6 5 16 10 13 7 1 4 30 3 19 3 31 4 18 1 15 7 19 4 48 34 16 2 3 2 1 7 35 13 5 4 0 30 9 2 13 21 8 9 43 10 5 28 3 12 4 27 1 7 30 12 5 5 24 19 24 6 62 22 6 8 19 2
20 6 17 13 7 24 5 1 19 6 23 2 15 6 58 9 7 44 79 14 4 14 23 17 0 8 45 3 31 19 2 14 19 14 0 8 4 25 1 12 1 2 0 3 1 5 11 52 1 0 6 20 0 34 7 2 16 4 1 2 21 4 6 5 6 3 31 1 14 11 9 45 17 15 6
77 42 2 23 2 6 26 6 8 1 1 19 16 11 11 2 12 3 11 12 2 49 59 19 61 1 9 33 16 4 16 30 12 21 4 13 8 0 1 19 5 2 23 10 4 10 19 6 42 8 11 17 20 2 2 5 3 15 4 11 17 3 9 3 14 11 1 2 1 2 10 11 4 16 9
3 4 2 33 4 22 42 5 23 28 58 5 1 39 2 22 0 7 8 18 5 1 4 0 0 12 4 21 7 10 3 7 22 5 1 7 3 4 3 36 9 8 1 4 1 6 26 6 7 5 17 14 31 7 23 9 2 31 4 8 9 31 5 21 4 4 8 1 36 5 52 42 10 33 39
23 13 0 5 11 28 9 22 1 21 12 3 12 9 2 14 53 20 17 12 29 3 8 15 1 1 33 8 28 0 2 7 11 14 3 1 18 16 70 0 4 19 11 4 4 9 22 10 9 5 13 9 25 1 29 36 13 7 8 25 39 9 15 14 2 12 0 4 27 5 18 4 23 5 5
61 22 4 16 4 18 32 9 0 0 6 6 12 8 12 22 9 24 17 14 0 5 25 2 37 0 3 30 57 1 6 0 0 3 16 6 20 13 10 5 26 104 13 23 17 6 8 6 13 6 1 6 7 0 0 17 17 3 1 3 25 4 5 1 31 1 5 20 12 11 6 23 6 33 5
-1 5 2 3 19 2 0 13 11 3 15 12 40 17 2 20 12 12 4 16 2 10 7 9 3 55 46 1 14 0 1 9 14 1 23 2 2 3 7 3 59 10 22 27 3 16 5 7 12 0 14 3 1 13 0 9 30 2 9 7 12 38 37 14 49 16 22 37 33 38 15 0 7 3 11
14 3 11 14 5 22 22 6 26 17 1 6 4 38 26 12 22 12 5 0 1 18 1 49 7 26 43 13 12 2 1 23 0 24 46 49 0 0 4 3 26 19 23 31 3 0 0 25 8 6 6 11 0 0 1 0 0 15 15 6 15 2 3 4 40 51 7 4 1 1 55 4 17 12 1
12 23 13 7 6 14 23 22 4 21 10 12 4 9 10 6 15 1 18 10 7 2 1 7 6 8 5 13 10 3 51 1 3 15 11 33 40 6 12 18 1 12 20 56 41 29 1 48 4 20 11 29 25 1 11 0 8 2 17 5 18 5 16 6 24 0 19 4 8 3 13 1 31 1 18
7 28 8 5 25 3 12 18 20 1 14 6 67 3 36 1 5 19 24 14 9 7 13 26 2 27 0 35 18 3 1 22 8 16 7 8 17 44 8 27 15 14 2 11 7 33 3 2 24 0 15 15 12 8 2 29 6 38 5 0 1 7 16 21 4 12 1 21 12 1 9 6 8 15 11
-1 0 8 3 17 25 12 7 4 22 7 19 9 11 20 25 11 8 47 31 0 26 0 23 23 12 1 1 15 7 33 0 3 18 20 2 1 18 1 20 44 6 10 11 49 15 22 25 4 56 5 5 25 17 0 1 0 6 2 36 19 16 11 2 5 5 16 4 16 6 7 26 4 11 4
12 1 3 3 7 3 6 38 8 29 13 55 1 7 0 13 4 27 0 8 31 14 2 16 26 16 2 0 36 25 1 25 11 4 9 17 4 9 15 15 26 1 14 16 27 25 4 2 15 9 5 6 6 0 3 4 24 2 12 1 40 25 19 14 5 36 5 9 0 5 7 18 16 7 76
3 9 1 60 0 53 2 1 14 2 2 5 5 9 6 10 33 10 1 48 3 9 10 1 15 15 22 3 56 6 15 2 2 2 1 30 0 11 22 3 20 15 17 14 47 17 1 33 3 18 1 3 35 5 3 27 30 5 9 2 0 17 62 28 4 3 2 0 18 1 9 14 5 13 17
3 5 5 34 36 8 9 6 17 22 6 10 12 10 23 12 2 6 7 9 11 0 8 1 8 6 4 1 8 2 5 59 12 7 21 10 87 23 0 8 4 26 1 7 8 4 27 0 41 2 18 12 9 19 47 1 27 7 1 14 28 10 3 16 22 5 3 7 4 17 11 42 7 16 11
46 28 24 4 0 3 10 26 17 3 52 24 7 7 35 8 15 13 13 13 6 40 3 11 2 1 8 1 25 3 27 7 19 7 4 7 4 17 2 24 29 15 22 12 5 4 8 12 21 9 57 1 14 0 7 1 26 25 4 9 1 10 6 6 11 21 15 5 20 4 2 23 17 5 7
17 7 18 31 7 0 34 35 26 1 0 2 6 4 5 17 7 9 12 8 4 41 23 2 35 28 0 6 10 1 3 13 1 4 33 8 8 8 25 17 10 2 4 14 13 6 41 10 5 17 39 1 17 24 4 2 0 8 1 3 5 2 62 41 18 0 10 7 20 31 5 16 2 37 7
8 9 27 15 12 4 21 18 19 17 6 10 66 5 19 16 14 18 1 11 10 0 9 2 0 5 18 3 1 42 24 13 45 5 8 3 6 22 2 24 35 15 1 44 20 6 6 0 17 4 14 0 9 6 0 3 34 28 9 2 1 6 4 43 10 38 18 7 13 15 0 10 1 5 18
2 24 3 3 4 7 29 2 43 13 26 16 41 1 5 5 0 7 18 3 2 43 24 5 1 2 18 0 5 74 3 5 9 13 34 4 11 37 13 24 53 3 6 11 39 5 7 0 10 0 25 15 7 1 4 53 5 0 9 20 14 2 19 15 16 6 7 0 3 14 5 21 13 9 4
-1 20 12 15 20 8 0 0 1 6 15 7 9 13 48 9 0 18 6 16 6 12 1 10 2 6 0 11 5 11 44 25 40 34 10 25 5 11 9 2 12 7 10 1 18 33 1 6 20 25 16 72 8 13 58 13 6 4 10 20 11 3 5 20 4 12 1 1 8 6 49 4 25 5 2
0 8 3 30 18 15 16 38 25 11 7 2 17 7 11 33 20 8 33 10 11 7 14 11 8 5 81 0 3 2 2 11 16 22 16 2 2 4 22 13 14 46 4 7 23 0 33 26 24 4 0 5 9 18 27 6 12 7 16 9 0 22 13 3 0 13 26 12 0 25 22 3 0 2 5
