25 75
-1 4 34 33 9 4 19 17 9 3 0 3 51 21 3 22 1 5 2 16 3 20 14 18 21 27 5 1 14 1 15 4 9 5 49 2 3 3 28 5 16 7 2 1 17 6 5 17 19 15 4 2 0 4 31 38 11 29 3 0 1 9 0 1 83 5 12 72 11 2 13 2 40 9 11
8 18 2 40 20 11 7 22 2 4 2 2 9 2 7 3 41 3 6 33 4 12 9 8 9 30 22 3 23 0 2 2 0 12 15 6 34 3 2 32 18 4 29 7 35 43 1 2 4 36 20 16 5 5 3 1 7 13 16 7 10 2 15 8 3 24 27 25 1 17 31 40 21 12 22
20 9 14 12 41 0 12 5 22 9 33 3 5 18 19 11 9 11 6 3 10 7 15 27 3 7 10 12 2 31 4 29 1 3 1 33 7 2 1 68 24 6 6 40 36 22 9 13 12 7 15 13 13 11 21 16 33 0 12 20 4 1 24 1 8 0 13 13 2 6 18 9 21 5 11
6 41 0 18 24 2 24 50 3 26 13 8 12 3 9 15 25 7 5 11 8 16 5 3 14 3 25 0 5 24 9 13 27 12 15 40 17 4 14 26 17 36 24 0 23 2 5 10 0 11 6 13 5 4 9 18 5 4 2 34 13 3 23 6 29 0 9 28 23 6 7 6 7 19 11
3 6 1 9 19 1 17 6 12 5 5 27 12 3 1 2 1 3 13 9 1 1 6 24 24 47 5 8 24 12 41 0 19 4 22 18 13 28 32 8 0 5 14 3 8 74 5 10 20 32 8 1 15 38 13 0 9 0 34 2 6 23 1 1 15 15 2 32 0 1 2 18 28 11 62
25 6 22 9 3 15 12 33 0 1 21 17 12 0 18 0 40 8 24 27 35 22 29 15 18 0 7 9 5 19 9 17 7 8 49 8 6 4 34 5 1 4 18 9 9 10 30 10 18 10 16 22 26 3 38 14 6 7 5 12 2 3 4 12 1 0 1 3 11 5 11 1 20 26 33
12 3 0 29 13 18 24 16 36 1 20 16 1 23 9 5 0 42 8 10 28 41 2 3 7 15 5 36 8 4 16 19 10 7 12 7 19 8 9 3 7 14 26 5 9 10 0 2 12 8 5 10 22 25 5 8 26 13 18 31 0 15 12 0 0 4 39 6 36 5 41 5 18 13 5
6 1 12 5 10 22 17 8 23 8 16 53 29 22 3 4 15 34 5 1 1 9 14 0 18 2 3 5 14 10 8 11 17 7 4 26 39 15 4 18 19 2 14 21 24 8 0 0 17 19 27 14 19 6 13 8 28 40 9 0 8 1 0 0 56 0 38 5 0 13 16 27 19 4 6
2 18 37 4 10 5 4 24 9 12 20 3 14 18 1 4 7 1 4 24 2 51 13 31 2 4 1 12 14 3 0 3 32 23 21 33 7 1 0 6 11 47 15 2 16 20 6 15 46 21 1 2 5 33 11 32 4 12 37 9 2 24 12 6 2 24 1 0 0 20 1 14 34 17 18
60 36 10 6 19 14 13 24 1 4 16 10 11 46 21 8 1 31 15 11 26 0 19 1 17 26 9 2 18 16 7 19 17 7 11 26 22 40 17 4 6 15 6 0 11 1 2 0 8 32 7 9 4 8 7 5 23 2 61 2 0 13 1 2 26 18 1 9 3 8 22 9 13 2 3
0 3 14 16 15 15 23 42 24 2 15 11 4 8 19 11 9 2 6 5 17 20 2 22 10 2 4 15 10 27 42 3 5 4 24 14 5 0 12 5 72 2 12 17 14 13 4 12 5 7 22 35 32 5 8 7 7 43 15 21 11 8 8 4 18 4 13 43 2 1 1 0 6 3 38
18 9 18 13 26 1 5 12 13 34 20 7 10 12 4 14 20 7 10 7 13 14 53 6 23 0 1 19 25 0 29 3 15 2 5 3 14 25 9 19 26 12 3 14 18 6 2 10 71 3 9 4 5 0 20 10 44 12 9 0 23 5 39 23 3 23 3 3 0 3 2 19 5 1 32
-1 20 34 26 20 52 3 0 4 30 0 20 0 37 5 15 5 23 9 22 11 17 10 18 18 14 0 6 37 18 6 0 24 20 11 31 2 4 3 8 11 49 2 43 4 23 6 1 1 1 7 18 0 25 17 15 21 0 3 22 7 1 6 4 33 8 16 1 1 8 6 13 31 7 7
8 7 32 1 6 1 18 9 12 34 15 9 7 5 9 34 23 29 58 10 0 25 9 4 0 2 35 0 2 4 5 19 22 3 13 0 8 3 7 12 20 0 4 3 4 34 28 33 4 4 13 59 22 1 8 12 13 59 36 0 75 2 1 0 0 14 5 3 7 3 8 20 4 0 1
18 8 9 28 79 30 8 12 2 4 5 13 5 5 30 35 12 2 0 20 5 0 9 24 8 6 13 2 5 16 30 12 2 6 0 5 3 5 17 12 11 6 25 1 7 3 3 28 5 25 39 0 12 3 3 6 1 2 7 0 17 32 29 24 17 6 43 37 11 30 13 21 25 0 3
24 5 11 15 4 6 22 2 14 4 21 19 7 15 1 7 1 0 32 7 3 15 24 12 15 1 19 9 21 9 74 2 54 5 25 63 1 0 21 7 14 9 3 1 25 15 1 1 3 3 10 28 25 7 15 4 4 10 20 7 4 50 20 9 8 13 25 1 2 6 5 12 30 6 7
11 19 1 2 6 18 8 23 0 3 3 32 1 14 1 16 0 6 3 0 51 112 6 2 23 12 13 2 1 0 47 5 2 7 2 13 0 3 16 7 17 23 15 41 3 8 4 24 16 3 6 14 0 31 4 0 12 6 2 29 12 8 24 24 10 9 8 54 10 2 11 1 2 43 33
3 2 24 11 5 7 8 85 13 12 29 26 80 8 7 7 4 6 6 1 7 1 0 4 7 16 6 4 11 3 11 14 1 6 8 20 71 0 10 14 0 18 45 10 1 5 12 0 5 8 40 7 12 0 4 7 10 21 9 9 5 16 2 4 27 1 3 32 3 62 19 5 20 10 10
6 3 43 1 16 7 14 5 6 43 36 11 37 4 26 1 4 3 14 6 3 9 2 13 16 2 34 38 8 1 4 6 5 0 6 50 21 15 9 12 4 15 10 2 2 29 21 8 6 10 4 1 2 21 6 2 35 8 16 6 19 22 5 0 5 37 1 9 58 2 56 7 4 12 15
1 13 0 17 13 0 22 44 33 15 6 14 10 21 3 3 0 2 82 13 6 1 9 9 9 36 11 5 0 7 16 35 10 5 20 5 5 67 3 1 23 6 5 16 5 14 24 2 27 17 8 1 5 3 28 12 15 3 22 23 12 4 2 6 3 17 16 8 22 0 27 8 14 24 6
4 5 17 12 7 15 54 17 22 3 14 14 32 1 0 37 17 10 21 62 9 26 18 11 6 8 13 8 21 14 2 8 40 5 3 20 3 4 9 5 4 32 15 11 17 6 15 16 13 4 18 9 1 9 4 26 37 8 7 13 9 3 16 8 1 6 15 7 6 8 9 2 32 14 2
9 17 14 7 3 5 32 3 4 13 7 6 4 3 29 26 13 26 14 18 57 8 31 7 12 31 16 3 1 16 8 41 4 2 11 3 3 16 14 15 9 65 7 0 41 0 0 3 11 10 10 59 3 2 4 30 13 8 24 7 17 4 0 19 7 18 23 24 1 11 5 0 10 1 2
10 7 14 1 23 5 6 3 7 9 2 33 46 24 9 14 14 39 25 17 0 2 13 2 1 19 8 1 1 7 18 12 2 20 34 12 1 15 5 21 18 1 38 26 7 22 6 28 18 0 1 59 4 11 24 5 0 8 3 57 5 1 15 28 22 21 16 2 2 14 2 6 23 4 1
75 16 5 12 7 0 25 4 4 3 3 53 26 2 11 3 10 11 18 43 27 6 20 3 7 0 0 1 18 1 4 3 10 7 2 0 4 20 1 13 39 25 7 4 12 23 4 2 5 38 30 9 0 1 39 5 0 3 23 39 20 7 5 0 20 28 36 18 3 20 17 12 12 10 6
12 41 2 22 2 2 16 10 0 7 6 25 19 2 28 4 8 4 17 8 19 5 5 14 2 30 17 58 22 22 31 7 33 1 10 19 1 2 24 29 1 12 47 1 1 19 19 15 0 20 8 2 5 1 24 14 36 30 40 10 0 1 20 11 3 0 7 10 17 0 3 1 4 13 19
