25 75
0 1 14 0 35 13 11 25 5 6 7 17 14 54 5 5 22 0 5 0 0 8 1 1 9 1 3 5 15 15 21 0 8 1 3 14 2 21 44 40 10 23 4 72 22 14 6 4 6 51 1 8 22 2 1 0 2 20 18 30 45 7 23 1 15 27 14 23 8 20 13 10 5 6 16
4 7 2 1 3 23 21 10 35 0 7 16 8 13 1 43 4 36 0 7 0 1 35 3 3 1 38 0 30 1 1 55 13 42 4 11 36 23 23 2 4 13 5 19 22 31 2 4 12 26 19 23 1 12 24 12 21 2 0 0 17 0 4 13 3 7 8 10 22 1 10 34 18 22 16
-1 24 10 6 2 6 0 39 10 2 9 22 2 4 9 11 4 30 19 15 2 7 38 2 35 36 4 3 1 1 10 5 10 26 26 66 2 10 21 9 6 69 3 34 4 8 18 6 23 5 11 1 5 28 2 9 12 16 38 2 2 29 7 11 5 7 9 2 16 0 1 9 10 30 25
5 8 21 13 22 52 16 36 6 27 26 13 29 23 1 0 4 27 5 5 2 0 6 3 46 6 6 33 0 12 5 1 16 0 1 2 22 45 3 10 31 4 14 10 26 33 4 1 0 6 3 13 9 24 18 7 16 12 11 8 1 20 5 12 54 9 9 19 0 10 9 25 14 2 3
5 30 0 12 18 24 1 3 21 55 0 8 8 32 26 35 7 4 16 30 0 5 22 10 6 6 37 12 26 22 0 5 0 1 1 0 5 11 10 0 11 1 1 21 34 13 6 11 8 36 0 8 1 20 12 7 21 8 34 2 17 1 3 2 6 15 10 1 44 13 47 34 2 4 32
-1 3 1 22 3 2 14 30 17 14 28 0 40 5 20 26 15 12 43 4 5 16 23 2 19 1 64 53 28 12 8 21 17 1 17 22 0 7 3 10 0 23 23 2 11 7 16 51 23 9 3 11 11 13 3 5 17 3 16 8 4 3 3 5 1 4 4 6 14 18 5 24 5 10 12
15 14 26 8 35 22 1 31 32 20 33 16 22 37 32 2 1 8 3 2 0 3 9 0 4 5 23 18 3 2 26 5 6 19 17 28 15 11 19 13 21 15 21 3 1 2 21 6 6 8 29 31 6 10 4 10 0 6 5 3 36 30 24 7 15 2 13 2 0 0 33 3 19 18 4
3 17 0 29 3 19 15 15 24 6 18 5 1 26 0 31 1 0 15 4 19 75 20 38 5 2 14 15 1 15 10 0 12 11 16 15 18 25 10 5 8 23 4 21 15 54 51 9 9 4 13 14 8 9 2 1 6 22 3 3 2 1 3 6 0 13 13 10 2 1 0 9 1 82 20
21 9 7 9 4 38 17 2 3 0 15 20 30 24 23 41 36 6 1 7 17 22 89 1 12 3 5 2 18 7 21 31 3 5 8 8 5 2 4 7 4 22 15 5 6 25 12 26 4 10 2 12 8 5 8 2 5 14 6 34 0 5 20 9 0 15 44 29 8 3 21 12 10 7 9
8 5 5 11 16 28 2 12 70 9 27 15 0 25 33 6 10 6 0 4 4 3 12 10 7 2 0 5 2 8 45 4 2 29 11 1 13 37 27 22 2 43 4 4 8 3 1 35 8 0 27 5 20 15 11 20 63 0 20 4 6 39 22 3 5 24 7 6 4 17 0 1 32 4 1
29 4 13 23 20 10 19 12 13 41 5 24 9 8 20 27 5 4 10 8 1 5 3 3 0 8 7 2 22 3 28 1 3 45 3 1 13 27 4 34 19 2 11 7 0 4 10 15 25 15 0 17 7 29 0 8 6 37 5 5 37 5 2 17 19 6 12 12 14 41 3 6 7 78 2
6 22 9 6 54 8 1 18 6 3 19 7 0 0 9 1 5 30 18 13 35 7 14 13 2 3 6 37 1 41 0 14 20 0 6 1 6 0 0 16 6 0 0 22 3 3 12 5 20 5 9 11 7 3 41 7 5 2 9 55 67 3 14 29 8 13 11 4 8 3 10 35 19 36 58
8 16 3 7 3 1 10 5 8 1 32 6 5 3 12 12 17 39 18 4 22 13 27 9 15 23 17 31 19 18 4 15 3 8 10 0 11 4 14 46 27 10 6 13 4 42 11 25 11 1 12 1 9 36 40 4 15 8 4 19 3 28 4 4 26 0 0 21 7 5 6 32 8 6 33
15 7 6 42 17 4 21 16 10 1 27 0 5 7 4 23 0 17 7 17 16 6 1 1 2 1 24 0 19 0 1 12 20 1 46 16 22 8 8 19 6 2 8 17 0 48 4 6 69 12 14 16 4 6 15 0 15 6 44 20 7 21 50 12 1 9 9 1 5 10 12 13 20 16 33
7 31 2 24 7 9 0 2 4 15 21 4 12 0 37 3 21 10 19 9 26 34 12 12 4 21 43 8 0 13 27 20 4 35 11 0 4 17 38 0 20 0 29 41 5 7 11 38 3 20 19 10 40 5 6 1 3 11 47 5 1 19 5 30 3 2 2 16 2 2 10 8 12 0 1
2 16 14 12 3 29 10 9 14 0 1 4 4 15 11 55 12 8 4 7 39 15 3 4 8 9 14 6 6 29 19 43 19 20 29 3 8 3 8 2 4 30 35 4 1 11 5 21 15 3 15 12 32 5 11 3 22 15 24 11 3 16 7 27 0 1 11 32 0 22 38 7 35 4 1
3 4 4 56 11 1 12 1 18 13 5 43 7 14 15 1 8 10 9 22 7 5 21 4 38 63 4 9 37 3 14 1 1 1 1 29 11 16 2 9 11 1 28 23 19 6 5 8 1 41 17 6 4 2 0 33 14 11 43 42 9 1 2 12 2 19 6 10 13 11 6 23 25 2 11
5 13 29 8 35 2 3 43 26 7 0 61 43 4 12 6 4 45 2 3 14 0 13 40 7 13 22 2 25 3 8 9 15 6 5 2 18 9 11 4 0 5 31 5 23 26 28 1 14 15 14 2 21 23 1 2 14 13 10 5 2 16 3 2 12 0 28 9 3 23 3 10 46 0 13
51 0 6 6 7 3 12 4 8 5 6 5 34 23 20 33 7 11 17 11 19 14 20 6 8 0 27 7 3 1 12 3 9 41 7 14 1 19 17 13 28 4 41 11 19 5 3 17 2 3 11 5 16 0 4 1 55 15 21 34 9 26 14 0 32 2 15 29 10 3 8 24 18 4 1
12 52 7 6 7 15 2 0 1 13 0 8 43 3 4 3 0 9 9 7 11 1 37 2 5 21 0 23 7 14 20 32 14 5 7 25 4 17 13 21 14 2 3 31 4 10 4 10 4 3 32 39 23 9 35 12 15 5 7 18 24 1 4 29 63 3 8 6 24 2 13 12 1 33 17
50 11 62 0 14 12 4 2 3 17 19 15 8 23 71 0 6 24 7 9 8 22 4 19 9 6 2 15 1 0 0 1 0 19 9 5 0 19 3 4 48 72 4 13 16 7 3 21 14 0 10 2 0 1 40 17 13 12 9 1 36 5 1 9 45 18 7 3 1 1 8 2 8 1 49
-1 8 17 27 6 9 2 14 0 1 11 5 1 0 2 36 55 28 35 3 20 32 10 10 11 1 0 47 20 9 13 0 5 2 0 5 48 3 5 25 48 5 33 3 20 22 2 12 3 1 22 4 14 11 3 9 5 17 3 0 22 12 45 29 3 2 3 1 13 3 16 38 35 2 14
51 2 18 29 5 17 7 14 8 18 19 21 55 14 10 16 4 2 29 5 11 5 5 4 7 2 50 10 4 7 24 2 12 0 17 16 1 10 0 12 7 36 9 3 6 22 70 44 14 2 1 10 23 2 16 3 15 26 15 3 0 5 3 31 4 12 3 6 4 18 6 1 4 22 11
30 54 10 5 8 0 22 1 9 20 5 9 9 20 12 7 0 4 9 2 26 11 51 9 9 3 1 3 11 6 1 1 13 16 29 12 42 2 13 6 3 12 42 14 2 5 9 6 5 13 52 4 0 46 12 21 18 14 9 32 16 20 8 2 32 20 1 4 0 12 23 9 7 11 15
0 5 2 5 7 22 50 9 13 2 5 2 0 0 1 3 47 47 19 9 4 20 11 6 22 10 56 4 23 1 10 36 3 45 2 8 93 35 3 7 21 10 14 3 4 3 20 8 6 3 3 7 20 14 2 11 2 4 0 10 30 19 13 5 3 11 5 4 6 19 3 27 14 16 13
