25 75
45 11 5 30 19 5 6 46 2 0 17 25 62 20 0 1 6 0 21 16 7 8 12 18 16 15 1 14 11 3 3 7 7 28 21 10 4 14 13 8 11 10 7 1 0 32 14 7 2 16 19 8 0 11 10 11 22 5 9 33 4 29 29 10 4 3 1 6 32 34 31 0 13 3 16
1 15 26 0 33 24 14 1 67 3 14 10 1 1 3 0 8 9 9 12 12 16 17 4 14 3 70 13 19 5 5 28 3 33 17 2 2 14 4 2 5 44 4 7 10 20 24 29 10 8 3 4 2 4 10 8 27 24 13 3 20 13 1 22 0 58 4 38 3 10 2 14 8 6 8
15 4 18 6 19 31 21 6 10 15 34 20 7 14 1 10 5 7 10 11 5 9 0 3 15 5 0 37 12 1 4 0 3 12 1 14 7 27 10 1 10 24 32 9 16 20 35 19 0 19 49 21 4 56 1 3 0 36 1 13 11 0 15 16 10 10 31 14 34 11 3 15 2 4 26
22 12 6 69 12 4 24 20 3 12 7 2 7 15 9 3 32 44 25 3 4 4 3 1 1 12 19 0 9 26 12 4 9 4 10 26 26 19 3 5 26 7 13 1 8 4 14 1 0 27 4 18 39 36 9 1 8 69 26 0 1 4 3 18 18 6 7 47 0 12 10 1 3 12 19
23 34 13 26 3 2 12 1 9 9 4 17 15 7 12 8 1 10 34 8 38 7 5 0 5 27 19 57 15 5 6 28 0 1 22 18 8 4 13 7 5 4 2 59 16 5 12 7 11 4 15 6 21 15 21 3 7 6 9 1 17 8 1 36 43 25 1 11 15 6 8 4 25 28 10
10 0 5 30 25 27 21 64 2 3 11 3 19 7 1 33 31 3 1 28 21 9 4 4 36 4 3 24 4 19 10 1 1 11 34 0 11 3 10 4 10 1 67 5 43 2 11 8 5 17 33 22 21 3 12 8 9 1 12 5 15 9 14 6 9 7 8 9 16 4 21 35 6 2 7
33 1 0 27 9 4 1 14 20 47 21 50 16 1 15 3 13 7 6 5 3 4 4 23 1 18 22 10 6 78 32 14 8 17 4 11 1 13 5 5 50 16 21 32 17 2 13 9 25 2 4 2 23 3 5 1 21 8 5 13 8 17 10 6 1 12 3 25 0 17 3 3 15 7 29
32 4 57 0 1 29 31 21 21 9 7 79 4 8 2 16 18 3 29 2 4 11 3 16 4 4 34 11 11 4 3 1 29 25 3 2 5 8 6 2 1 7 5 10 0 4 2 6 9 20 19 68 1 25 2 9 2 15 19 51 15 7 11 9 6 1 4 17 1 28 23 20 6 6 12
0 5 18 33 48 11 18 21 20 23 10 12 19 9 10 0 8 9 31 28 20 9 26 43 11 0 36 24 2 0 0 6 12 6 12 8 43 0 3 6 9 5 3 2 23 0 0 9 4 13 0 26 7 6 11 3 7 9 16 0 1 11 5 16 5 17 8 8 1 27 49 41 49 5 4
-1 0 5 11 7 29 3 7 7 82 10 15 22 51 43 4 5 10 3 19 4 17 25 14 1 19 54 12 34 6 1 4 9 0 0 37 5 19 14 15 2 3 7 12 3 23 3 13 17 7 9 11 32 19 8 17 3 13 4 2 15 32 23 3 0 4 16 5 21 16 2 12 1 18 2
11 1 2 1 3 6 23 19 33 21 13 19 1 8 21 8 14 0 13 31 34 8 11 2 8 0 17 1 16 17 21 9 29 11 5 22 21 7 5 2 58 1 1 11 7 9 13 5 6 17 28 2 3 7 0 20 31 27 23 2 6 9 34 39 16 3 0 16 19 11 9 27 41 3 2
14 10 57 10 28 1 21 8 3 18 15 29 0 13 37 18 1 16 3 32 1 11 4 27 3 12 17 30 7 8 0 21 14 12 11 2 18 2 16 0 4 2 19 0 2 42 6 23 4 1 3 14 8 17 42 25 28 21 11 44 0 11 8 6 15 7 1 17 8 3 11 6 18 22 1
14 20 23 20 16 14 23 29 0 1 13 0 12 0 47 1 10 19 0 15 21 36 3 8 37 13 31 12 2 14 2 17 5 7 1 14 33 7 1 20 37 4 23 10 10 0 24 1 19 8 0 19 18 12 4 4 6 12 23 5 5 4 7 8 14 15 16 0 31 4 50 1 0 17 28
22 7 20 4 23 27 6 2 20 21 10 2 2 20 19 4 5 37 3 36 4 2 52 15 1 10 0 0 5 88 4 6 3 13 26 2 10 10 21 8 10 16 12 14 15 34 0 4 45 14 1 0 15 19 2 1 6 10 1 10 15 2 57 31 15 3 32 6 2 2 2 0 16 5 13
20 7 8 9 11 6 2 13 32 44 4 3 3 15 17 29 4 20 13 10 25 17 1 4 0 25 4 2 48 10 11 6 33 8 15 14 11 18 20 11 18 2 3 1 7 7 22 64 24 3 14 3 4 1 5 12 5 17 1 15 0 72 6 37 17 6 0 2 8 8 17 3 24 15 4
16 2 6 7 13 5 0 2 13 1 21 11 8 6 5 9 0 15 4 20 28 1 5 2 7 12 48 3 0 3 3 1 35 15 2 0 59 28 10 7 0 1 8 10 37 17 7 15 0 35 29 28 7 3 12 31 29 0 2 15 47 33 3 22 29 12 5 20 8 41 32 3 11 5 10
5 2 13 48 3 0 9 24 13 5 24 25 21 13 13 1 13 9 28 7 23 4 25 0 22 2 8 11 4 4 13 0 25 20 4 10 0 5 14 20 0 1 5 41 10 4 7 4 11 0 25 8 6 1 12 11 4 9 15 29 25 1 6 36 7 4 7 26 17 23 20 14 11 10 100
26 16 15 28 4 2 18 51 5 1 3 20 16 17 11 43 4 4 14 14 5 8 32 2 0 26 8 1 13 11 0 34 0 0 10 16 39 12 9 7 1 14 15 30 3 0 1 8 19 5 12 10 43 35 33 6 50 4 25 27 0 0 3 7 9 13 5 0 1 12 10 10 27 8 9
2 11 5 12 30 2 6 3 6 11 27 29 3 32 9 18 1 2 5 37 25 14 13 13 1 5 38 7 0 22 12 6 6 13 14 0 27 1 22 43 10 14 5 19 39 6 14 22 35 0 6 5 42 3 18 1 26 11 10 39 8 2 38 10 9 15 19 11 2 2 5 2 14 1 4
14 2 12 5 1 30 4 21 47 13 15 17 10 1 3 17 5 35 23 20 5 18 11 18 17 0 45 17 24 51 11 11 4 95 1 13 27 16 7 2 0 20 3 13 9 15 12 5 0 15 19 5 13 50 12 18 3 3 5 5 14 20 2 2 6 9 2 2 0 9 5 7 5 0 4
12 3 2 27 21 6 24 17 8 8 1 31 18 13 23 6 16 6 9 5 18 17 0 34 43 21 9 4 18 7 6 16 12 4 6 31 12 1 29 14 32 19 9 7 3 2 5 9 18 8 7 8 29 41 3 21 2 17 23 13 0 9 1 3 0 23 7 13 29 5 0 24 13 37 2
6 12 7 6 8 26 0 9 17 1 33 16 5 10 1 18 29 0 10 3 37 15 14 3 1 41 4 12 4 1 27 21 17 8 0 14 1 26 17 3 7 1 29 3 1 1 45 2 62 11 0 1 13 15 20 2 6 22 54 28 6 28 5 17 2 43 19 35 1 3 6 3 6 9 11
7 8 0 13 14 18 3 0 4 45 7 45 17 1 18 46 4 9 9 51 10 6 42 32 20 3 2 6 2 2 47 34 21 5 25 5 10 11 2 19 17 26 25 4 6 40 4 4 16 4 4 8 1 4 20 3 9 3 2 12 16 3 14 9 9 32 2 3 18 1 2 30 7 4 15
3 2 0 1 13 16 3 6 5 1 0 6 20 0 22 6 0 37 4 18 24 13 4 10 2 0 10 15 5 17 5 37 59 1 14 20 47 42 3 3 3 24 17 24 18 5 9 8 12 11 2 4 5 85 13 23 24 3 5 0 6 8 10 23 1 14 12 16 11 48 30 7 19 5 1
14 43 16 14 47 11 40 14 5 40 21 16 0 5 0 9 21 23 5 9 4 17 31 16 1 0 12 6 22 7 0 2 16 0 5 19 21 18 5 29 2 7 3 3 9 7 21 4 5 26 14 18 13 0 3 22 7 1 24 7 14 2 22 1 28 6 3 22 11 8 20 43 36 2 2
