25 75
7 5 8 23 29 41 5 3 1 3 1 7 30 1 1 21 6 5 25 15 11 13 16 18 9 2 0 13 7 0 27 25 11 2 23 36 5 0 21 13 9 3 2 18 3 13 10 2 20 4 11 12 15 31 3 27 22 45 13 9 16 1 13 71 12 2 6 12 11 0 9 11 34 1 40
15 33 15 11 32 9 7 11 10 1 38 7 5 17 7 4 11 3 0 3 14 3 10 16 20 6 25 17 7 17 4 38 13 5 3 6 3 9 28 1 11 0 19 34 39 6 20 10 8 7 0 10 1 22 21 7 10 18 3 2 38 16 39 25 28 8 4 7 19 24 13 0 0 13 34
35 2 8 28 29 27 16 23 1 3 8 15 27 11 5 9 33 9 4 4 1 0 3 11 1 8 1 31 34 23 5 9 5 8 10 2 23 7 5 52 50 6 17 11 35 29 17 1 11 0 1 4 0 5 19 10 21 3 22 9 34 2 14 18 4 20 8 1 4 21 11 17 1 37 1
6 12 18 0 8 13 0 14 2 43 12 2 3 6 1 46 7 15 0 29 10 8 16 0 23 16 33 3 0 36 0 13 64 0 1 23 4 12 6 0 3 24 28 3 38 35 1 0 2 15 2 1 37 2 15 9 15 6 0 39 7 37 15 65 6 2 0 15 0 13 33 8 11 0 8
2 4 11 28 3 7 0 4 7 18 13 15 5 10 3 28 6 9 22 14 7 21 34 7 8 81 1 17 27 5 23 76 10 15 26 2 17 5 3 7 3 45 10 0 22 16 1 6 2 7 3 12 5 5 5 25 5 17 2 1 6 16 1 20 1 20 15 23 15 5 25 17 7 18 18
12 14 1 20 8 3 10 8 9 7 24 7 46 4 11 4 7 9 9 13 0 4 23 13 31 39 30 18 17 3 6 7 7 4 26 5 2 8 0 2 1 33 47 19 2 10 4 1 27 1 5 27 33 21 31 4 3 6 5 19 58 9 9 3 26 7 0 27 6 12 0 9 10 3 51
-1 7 36 9 6 2 16 9 15 25 14 14 13 16 13 17 9 0 12 15 17 9 14 21 52 9 18 0 2 18 30 12 0 3 11 9 26 8 0 4 13 9 12 11 27 8 9 1 15 7 40 11 10 28 12 8 4 29 17 73 6 6 3 22 32 4 3 6 19 1 6 11 3 11 13
34 29 8 14 23 19 5 25 31 17 5 13 46 2 24 35 31 0 7 8 7 21 6 16 7 36 27 0 1 6 1 2 14 2 29 4 2 11 4 21 12 4 3 23 5 12 1 4 9 32 4 8 18 8 21 7 13 7 12 1 20 27 21 17 5 9 12 5 58 5 5 5 3 6 5
7 9 5 6 15 20 32 27 35 1 18 12 37 17 5 5 2 16 2 5 15 9 10 2 31 5 7 9 11 34 5 18 14 14 24 37 5 4 25 18 5 6 5 5 4 4 15 22 20 21 39 10 14 6 52 4 14 3 19 18 2 1 6 6 4 2 35 1 2 18 13 24 9 14 4
21 44 6 8 2 0 9 18 16 12 9 14 8 17 22 17 15 9 4 4 53 0 6 10 1 14 2 29 5 10 1 23 12 49 4 11 5 5 17 51 6 16 8 4 4 4 3 2 17 18 3 2 20 1 3 18 11 19 0 22 39 14 21 2 6 22 33 12 0 2 43 7 22 15 18
4 5 1 6 15 1 29 11 32 2 17 12 10 3 8 35 2 34 26 12 13 3 2 14 19 3 43 0 11 7 14 0 19 9 2 43 16 6 31 22 51 0 18 12 67 13 1 19 0 3 0 2 8 1 3 28 16 16 4 22 31 10 24 6 1 27 21 4 7 12 0 19 4 4 4
5 25 1 0 3 16 5 0 2 21 1 4 3 12 26 2 45 1 21 13 2 1 15 20 14 3 1 9 4 5 45 33 22 3 0 1 53 14 2 3 25 14 25 26 1 19 2 6 24 15 15 3 14 19 23 19 20 7 6 65 0 11 18 43 4 11 1 3 15 40 3 10 4 12 21
-1 1 3 3 8 2 9 12 15 34 0 12 4 6 4 5 26 16 5 30 32 0 14 8 0 17 3 15 45 14 9 6 17 1 10 2 9 9 0 38 5 5 0 0 31 39 0 9 11 52 17 36 11 9 2 8 1 5 21 43 3 12 27 0 10 1 1 5 10 6 11 22 19 88 37
10 1 4 2 20 0 7 6 11 7 19 8 3 23 16 0 1 2 31 16 33 39 22 65 7 8 9 0 2 6 24 13 8 13 13 5 46 12 1 6 14 24 14 0 13 4 2 30 21 10 24 21 16 4 2 0 0 31 20 19 23 10 0 43 5 5 3 15 0 12 13 16 5 51 11
3 5 2 27 0 4 6 21 1 7 46 16 2 6 12 2 0 8 4 0 37 4 19 4 41 2 31 1 20 1 3 28 19 21 9 7 56 25 16 19 18 19 17 0 0 13 7 6 8 13 6 41 7 10 5 1 2 22 24 23 30 5 18 34 12 34 17 33 5 3 7 4 3 15 3
22 9 26 19 10 17 0 6 14 17 6 5 4 1 15 0 69 14 19 10 3 9 1 38 5 3 22 8 8 12 23 5 15 4 17 10 1 20 18 25 35 11 5 21 1 6 33 14 3 1 9 10 7 4 11 5 4 4 22 7 23 6 2 2 28 17 8 27 8 49 44 16 10 9 8
45 10 4 6 25 4 0 38 24 10 1 11 33 3 71 19 5 6 9 0 14 15 6 4 0 19 1 9 14 10 0 1 4 35 38 9 11 6 2 4 5 45 27 5 14 31 24 3 14 0 11 4 1 0 5 21 2 2 9 14 0 8 38 32 23 20 0 3 23 6 13 35 8 26 2
10 3 12 31 7 56 14 1 6 17 3 9 4 8 15 4 40 33 11 9 13 3 17 30 13 3 0 9 2 4 7 8 11 0 8 6 0 8 6 0 6 21 4 9 9 15 36 5 5 14 7 15 3 51 47 18 7 0 3 2 1 34 23 28 17 34 16 21 33 1 12 33 12 15 2
23 4 19 4 38 23 42 28 0 6 44 2 16 2 8 42 14 6 24 5 14 1 14 27 2 31 1 30 29 18 4 8 27 6 5 37 6 3 11 6 27 2 1 3 0 11 5 14 10 6 4 12 66 22 3 0 23 2 5 19 10 4 12 27 0 8 4 2 5 8 9 0 9 33 4
1 10 3 0 6 6 17 11 62 2 3 11 19 44 7 45 23 20 30 4 7 32 14 18 4 25 18 3 3 1 10 4 14 5 4 23 37 9 0 2 18 7 2 1 0 26 26 14 51 16 9 4 2 20 5 3 1 22 1 0 19 30 0 16 8 3 38 2 15 5 17 7 7 46 2
20 5 4 53 18 24 9 14 13 17 0 9 4 0 4 13 9 4 0 1 5 3 16 7 26 3 3 16 15 23 34 0 9 1 12 24 12 11 11 41 10 5 107 5 35 2 6 6 1 9 1 1 24 7 6 8 20 52 8 10 7 18 0 16 10 0 13 2 5 0 24 1 41 5 42
19 5 20 3 45 2 7 52 8 24 32 3 28 13 23 23 2 19 1 12 1 1 11 24 14 12 9 9 9 6 11 7 1 4 26 12 6 12 28 8 6 0 1 27 4 40 0 5 26 0 18 2 4 2 15 6 24 29 0 70 8 10 15 8 17 27 2 12 1 26 8 1 7 5 22
39 18 0 45 16 9 5 12 12 33 6 1 13 28 8 32 18 12 11 6 10 5 10 9 15 3 12 38 4 18 4 14 0 3 0 49 5 0 37 4 16 7 33 3 29 15 0 1 12 3 6 12 17 2 15 3 0 35 8 4 20 2 5 18 13 25 13 1 2 14 3 43 32 23 1
29 16 43 0 14 11 35 13 4 45 95 7 2 2 8 4 9 1 10 10 6 21 6 16 5 6 5 32 1 16 20 9 5 18 20 8 35 6 65 0 5 12 13 13 12 1 29 7 2 15 4 5 0 30 8 32 4 10 4 8 7 8 12 1 21 3 14 2 7 7 5 36 3 0 2
-1 2 2 8 3 27 1 17 0 6 27 22 3 5 3 11 0 2 8 40 29 6 6 6 13 23 5 3 31 2 8 25 6 14 26 5 19 5 8 46 3 5 40 3 18 2 40 2 6 4 2 14 16 10 8 16 0 2 24 10 85 0 18 3 3 20 6 4 42 3 9 3 10 6 91
