25 75
12 7 5 5 1 10 32 3 18 0 14 11 11 16 6 11 6 5 15 7 24 50 22 23 40 23 1 25 1 4 5 27 1 8 2 2 1 7 3 34 15 23 47 13 13 9 19 45 6 4 25 27 17 15 8 7 18 16 2 16 31 10 0 5 18 3 8 4 10 8 2 16 21 9 12
10 8 2 3 5 0 3 5 1 10 8 2 12 24 2 3 2 11 3 21 21 3 45 77 15 5 0 1 1 13 4 26 26 3 9 13 49 67 43 10 23 4 0 23 3 4 28 0 10 10 3 25 2 2 23 1 5 22 25 25 38 2 47 2 4 3 15 0 3 2 4 14 20 29 13
27 10 5 3 21 1 2 37 10 6 1 8 24 2 4 33 14 5 16 10 8 35 8 7 0 11 28 5 0 9 5 20 0 14 14 16 17 52 18 1 17 1 21 23 78 1 17 5 20 0 8 14 30 18 42 3 0 3 2 16 6 51 1 7 26 5 1 0 5 19 1 21 4 3 24
-1 12 8 36 46 4 0 2 12 23 3 9 8 2 9 3 1 13 24 11 17 21 41 0 55 20 11 10 8 1 6 43 8 0 8 4 6 8 28 27 9 7 50 3 0 2 21 7 29 17 24 10 39 11 11 5 0 0 24 4 1 12 7 0 30 7 3 12 18 26 42 1 2 12 7
8 16 10 56 6 2 70 3 1 7 7 14 34 0 32 43 4 10 2 18 5 15 10 11 4 4 1 32 0 16 11 14 0 12 6 6 4 45 5 11 4 52 20 12 14 8 22 2 8 26 23 6 12 32 21 25 3 2 20 4 3 12 10 8 12 16 4 10 1 3 4 9 19 8 10
24 9 2 9 0 23 13 22 9 32 5 15 5 28 0 2 2 0 16 0 12 13 38 5 30 57 0 7 7 18 14 45 6 7 14 10 10 16 4 19 5 10 0 33 0 2 10 19 21 3 0 2 11 6 3 22 9 3 47 1 26 20 1 35 11 28 3 11 5 0 29 17 9 49 1
12 19 2 7 0 5 4 4 5 1 18 28 8 7 0 18 2 6 27 22 14 0 37 15 7 16 26 12 0 29 1 11 10 34 26 5 8 1 5 10 0 11 8 19 0 0 13 7 0 3 5 15 30 43 13 10 0 1 29 15 26 50 18 4 29 5 17 23 1 19 52 4 7 38 23
8 11 13 38 4 22 11 130 3 4 6 16 0 18 3 39 4 2 4 11 26 15 22 5 23 0 11 24 5 5 9 8 5 8 7 0 4 5 3 53 15 30 3 2 12 4 28 13 7 22 63 3 15 1 11 13 7 49 8 0 13 6 1 0 1 5 10 2 1 2 5 13 35 1 14
3 9 3 9 9 1 0 25 0 4 20 11 4 25 7 0 16 8 7 16 9 6 1 19 4 4 11 103 20 29 28 56 1 24 4 7 1 14 35 0 18 8 2 55 10 13 10 14 1 17 2 0 13 9 14 1 3 2 5 34 9 0 9 29 46 4 0 13 53 10 16 3 2 4 18
8 9 26 10 5 23 0 40 16 5 12 10 27 18 1 1 3 1 35 11 3 3 24 18 6 19 7 67 33 6 45 32 0 6 1 23 0 16 3 22 2 8 16 18 22 7 3 2 49 26 7 2 22 5 6 4 4 4 5 7 1 16 8 28 1 1 5 0 13 28 49 6 5 9 16
10 4 15 13 16 0 10 39 15 17 22 12 3 26 14 5 17 12 7 5 4 0 12 25 11 5 1 36 67 0 6 17 7 9 7 3 3 20 8 21 31 14 6 25 16 15 32 12 33 14 0 12 4 36 2 21 17 15 23 3 24 10 15 4 3 0 12 16 21 3 11 0 6 5 15
13 2 17 7 4 48 6 13 4 8 2 4 23 9 22 0 88 2 2 1 6 15 5 1 15 16 27 26 2 7 1 0 2 2 5 5 10 2 6 26 0 57 14 2 22 0 9 1 2 11 14 11 29 5 100 3 30 19 10 22 34 38 11 4 3 16 11 11 5 5 25 5 5 2 10
6 4 14 31 13 43 1 0 1 9 39 12 21 3 13 21 4 3 25 5 10 16 2 2 12 4 13 24 3 0 34 0 4 2 5 6 33 22 10 3 1 32 3 14 6 0 53 4 1 23 12 6 4 16 39 10 1 29 14 39 8 21 43 19 0 25 8 2 1 2 15 27 38 1 10
3 0 13 43 9 20 9 4 5 13 63 12 4 38 12 4 14 10 8 2 5 4 21 0 12 66 19 8 11 32 10 22 4 10 1 18 1 26 6 7 3 7 3 5 9 16 8 4 31 0 6 7 0 16 6 0 67 8 0 31 5 10 17 5 33 55 13 0 17 4 2 4 3 26 10
2 3 13 9 28 5 8 1 7 35 0 12 14 6 67 17 3 13 9 23 21 17 7 9 16 43 20 11 3 5 14 7 15 1 11 4 9 3 38 4 5 1 8 3 0 5 4 47 48 5 0 4 7 0 17 15 15 9 5 15 2 41 21 4 26 35 19 6 25 6 1 8 13 1 46
1 8 0 3 33 4 14 4 12 0 20 5 16 54 6 4 9 16 2 6 21 1 1 9 42 4 4 17 47 8 4 9 24 14 7 14 16 27 74 12 1 7 0 37 4 13 32 2 1 7 3 17 18 17 18 5 13 12 2 2 7 0 38 13 14 22 5 4 11 1 5 41 4 5 47
8 7 17 6 14 9 14 9 11 61 1 11 29 11 3 8 17 7 6 1 4 1 44 34 26 78 3 18 2 2 23 41 0 58 36 3 11 1 9 8 5 8 6 17 12 10 2 26 9 9 0 4 1 0 29 3 17 0 7 8 2 19 11 1 12 4 1 29 21 6 4 16 10 37 2
3 9 54 22 7 6 1 1 1 18 5 19 4 0 15 10 3 11 33 25 15 0 58 17 6 15 11 10 12 10 36 6 16 5 9 1 7 3 12 8 11 6 9 4 35 19 12 30 16 22 6 11 25 6 17 8 19 28 27 39 8 7 9 23 19 19 2 2 20 4 5 3 4 20 1
-1 7 0 9 10 4 2 4 9 28 4 23 11 14 16 5 1 10 19 38 12 21 8 0 28 2 3 8 5 4 23 10 37 21 11 1 22 4 28 10 0 68 14 2 23 23 7 22 70 9 1 25 15 1 3 0 3 23 5 2 9 6 4 1 25 7 1 50 19 22 6 7 16 26 14
0 3 11 17 17 9 37 10 0 5 4 8 2 9 3 3 11 36 40 100 4 18 5 32 18 0 5 5 3 9 12 11 13 6 4 37 35 29 29 3 38 0 0 10 0 34 9 10 8 25 8 9 4 15 2 13 0 2 17 0 68 12 19 19 4 5 0 5 1 39 3 4 0 9 5
4 27 9 4 7 22 14 33 5 22 22 15 49 8 2 0 10 0 35 0 12 3 3 8 2 1 6 9 4 14 0 13 12 29 38 2 16 38 33 2 1 0 0 14 1 19 46 2 1 2 3 4 0 43 40 4 14 6 1 48 11 43 29 7 0 7 11 17 2 2 25 26 4 16 18
4 5 1 6 7 12 15 1 17 5 40 14 12 6 10 10 3 44 4 25 38 18 15 1 33 26 15 0 2 83 27 0 2 4 26 3 19 4 13 30 2 0 13 7 0 3 4 11 7 15 15 1 10 2 2 5 3 32 8 45 13 11 40 32 2 1 20 17 12 29 7 7 3 16 5
0 39 24 5 10 16 0 28 20 18 5 7 4 14 15 18 2 28 6 3 11 1 5 13 12 9 0 6 4 6 51 5 2 24 17 4 25 0 3 7 7 10 14 4 1 2 8 27 14 16 48 0 19 27 10 20 9 29 56 27 10 33 13 0 1 7 9 15 5 10 18 4 11 48 1
0 1 26 26 0 24 29 4 49 21 2 2 3 26 1 13 35 29 48 4 1 15 23 6 3 7 8 32 0 2 5 8 1 5 0 12 64 7 12 4 34 2 3 14 5 11 1 7 15 7 24 19 5 17 9 23 27 23 1 9 15 8 3 9 15 12 21 2 1 2 53 6 33 5 1
-1 0 4 16 4 2 27 62 4 3 6 3 7 23 40 5 4 1 10 23 1 39 2 24 1 12 5 8 0 13 1 2 42 0 4 27 9 12 43 33 21 25 7 3 8 5 7 5 10 25 1 8 22 22 14 1 0 3 2 9 13 12 15 14 35 3 0 26 7 19 25 9 54 2 47
