25 75
28 38 12 9 4 25 5 5 0 23 11 5 22 1 1 9 1 21 17 16 1 17 10 21 41 12 5 1 0 1 10 14 16 17 20 4 33 19 3 3 27 4 0 51 19 5 9 0 1 2 42 6 29 21 14 4 4 31 7 5 48 32 2 11 18 6 4 2 2 21 38 11 1 9 13
41 2 18 10 6 14 6 41 11 48 18 1 8 67 3 5 55 3 0 5 10 7 0 8 6 10 42 51 21 1 5 7 2 7 12 4 2 0 41 9 9 1 24 16 35 23 10 7 11 9 11 23 16 1 17 3 18 24 6 35 1 10 3 8 6 12 14 4 4 1 5 3 14 5 4
0 5 5 50 10 6 5 2 0 26 5 14 14 7 12 34 6 25 4 7 10 9 2 3 6 31 1 3 2 17 12 6 0 2 8 4 24 23 25 15 40 2 13 7 36 4 24 17 9 1 14 1 30 12 6 32 15 10 0 73 0 66 2 3 25 10 30 12 18 4 3 0 30 5 6
27 7 2 6 3 45 24 4 5 7 12 57 1 2 23 52 0 1 11 4 7 15 3 12 56 15 21 2 9 28 2 28 18 2 12 13 20 4 12 2 19 3 14 6 3 6 22 5 9 7 25 14 12 25 2 0 19 2 10 12 18 11 1 6 14 1 6 7 13 46 4 10 5 38 31
27 54 4 1 20 4 11 16 2 5 2 5 0 1 1 14 5 7 3 42 87 4 17 2 0 19 25 1 50 23 9 28 0 1 11 4 1 24 43 0 10 2 1 8 26 15 4 8 18 7 5 0 12 3 6 16 36 8 28 9 10 10 2 25 4 26 23 17 6 1 3 3 22 37 16
20 3 7 1 4 15 0 0 18 11 1 10 7 1 7 6 4 23 16 4 87 33 24 21 6 50 44 10 10 11 6 5 1 15 20 20 0 11 2 35 17 4 3 29 2 3 4 4 9 8 5 24 4 44 0 9 8 41 21 0 4 4 12 5 9 53 4 29 3 3 54 0 1 10 1
13 0 9 15 8 7 1 1 25 7 16 24 12 7 5 5 43 16 10 21 13 4 5 4 26 8 25 4 8 15 3 8 31 17 38 5 59 2 10 12 6 12 4 7 5 8 13 8 2 5 47 1 4 31 3 60 7 12 3 58 21 21 23 9 17 10 5 7 28 1 5 10 0 4 1
10 3 37 36 4 5 9 33 9 12 13 3 11 35 11 32 8 6 0 13 27 5 3 0 41 28 34 13 3 6 20 17 23 5 17 17 13 8 5 2 21 3 11 14 12 6 11 11 13 4 12 16 12 18 20 1 10 21 18 22 18 11 0 32 5 1 13 4 7 14 3 7 11 14 27
16 7 6 7 6 43 2 0 16 7 16 0 31 27 8 7 28 0 9 32 19 6 1 9 52 10 14 4 9 14 8 46 13 15 16 0 3 22 1 21 5 12 4 18 15 31 15 15 37 13 3 42 3 4 10 1 1 17 3 18 3 21 43 21 17 3 23 6 4 2 6 13 10 2 8
7 23 0 11 14 5 20 69 15 12 1 19 1 7 0 39 19 20 11 9 6 3 22 2 24 17 3 0 38 0 4 15 1 115 32 7 9 15 10 0 1 6 8 7 12 27 12 2 12 8 6 0 4 22 6 1 4 23 17 5 0 4 4 11 50 12 18 1 16 1 1 3 2 36 33
15 18 13 66 24 5 15 5 9 17 5 2 20 0 10 20 17 5 0 8 1 11 5 26 43 2 51 7 8 2 2 10 20 1 6 17 43 27 33 36 16 4 2 10 13 10 8 21 4 5 0 1 4 20 20 23 1 38 2 0 21 7 1 8 0 18 4 16 35 3 20 3 0 36 1
0 10 1 0 1 27 18 13 3 14 2 19 27 0 23 4 17 9 6 14 38 36 1 0 23 19 3 6 0 15 20 40 15 13 32 16 22 7 17 8 2 22 17 17 15 16 21 26 7 6 3 12 5 12 6 1 36 1 49 13 6 47 5 13 11 5 3 21 0 0 22 6 4 23 8
24 1 7 9 6 5 19 8 0 34 13 15 49 17 5 12 5 0 25 46 6 9 43 6 10 1 13 4 10 8 2 24 8 7 32 8 7 8 16 7 41 26 8 5 21 9 14 9 24 5 16 6 3 6 1 1 6 26 4 16 18 12 1 34 8 35 6 15 2 3 52 12 6 14 6
19 5 11 7 31 9 39 26 10 65 18 5 8 21 3 6 21 37 8 18 11 0 30 5 7 26 7 19 1 4 8 6 10 37 15 11 0 2 23 0 3 2 11 8 9 2 4 5 13 3 0 19 9 7 9 61 6 6 26 2 42 3 11 16 8 0 4 10 27 6 6 9 45 9 10
3 1 6 10 4 6 46 6 10 7 10 14 11 56 12 37 0 0 6 8 2 14 8 2 6 41 25 20 17 20 0 21 12 1 19 9 7 55 8 0 6 2 19 23 1 35 13 2 15 0 6 19 30 14 4 41 1 8 15 3 2 3 83 0 21 6 23 0 0 4 6 13 12 2 28
5 0 6 12 23 36 16 7 13 13 17 4 29 4 18 20 24 15 7 4 11 7 13 13 8 37 8 9 18 17 3 6 3 20 12 2 7 3 8 22 4 15 0 9 11 12 26 8 83 3 22 5 45 6 8 4 20 1 1 40 1 11 14 33 18 47 6 9 0 9 0 13 3 5 8
5 28 32 9 6 3 8 30 16 12 6 6 23 73 5 5 4 21 20 10 6 11 8 1 22 6 7 17 13 22 7 2 1 0 12 7 2 1 9 1 32 24 8 13 5 11 22 7 50 15 45 3 4 3 3 3 8 40 4 32 5 2 10 19 4 19 9 14 0 62 11 1 6 23 6
19 10 0 19 35 6 2 8 5 19 1 15 44 6 10 0 6 48 1 12 13 8 37 0 20 2 3 35 40 4 37 20 54 4 11 2 7 10 6 5 12 15 20 27 11 22 9 11 12 24 47 0 22 11 5 0 7 9 13 1 0 5 10 8 1 12 11 4 1 0 26 46 3 2 9
28 0 5 0 8 25 7 84 12 2 21 11 5 3 2 6 9 0 14 17 8 8 12 5 20 3 15 18 6 14 3 27 6 3 4 6 50 2 4 0 8 45 18 7 4 45 8 23 14 3 46 7 8 4 12 25 24 1 2 3 2 6 10 40 8 7 10 25 13 16 11 44 8 5 15
11 3 15 1 18 2 12 8 1 7 29 15 16 45 10 3 12 3 2 1 18 0 2 0 29 6 3 10 1 42 10 11 0 19 0 10 14 5 3 14 12 9 47 53 19 34 8 3 1 8 6 0 10 12 9 52 21 9 10 51 13 1 2 30 9 3 7 6 1 37 2 13 31 27 33
6 15 8 0 0 7 3 31 24 10 27 8 1 11 49 9 5 9 7 7 12 0 1 8 2 13 15 23 0 8 1 32 15 12 7 13 16 4 7 8 3 2 14 17 12 19 23 15 2 0 5 6 25 1 27 32 21 4 19 27 8 4 0 115 24 17 17 14 28 1 5 2 19 8 30
17 12 24 0 7 11 27 23 27 8 28 7 38 4 6 13 4 23 3 50 7 9 2 31 8 32 17 19 13 1 20 21 10 5 4 41 1 6 16 1 4 1 7 62 1 8 22 14 5 9 5 30 1 0 25 6 21 3 0 19 37 4 5 5 4 13 5 2 38 16 5 1 9 12 5
2 39 5 1 3 24 6 7 3 33 13 6 24 6 2 6 22 11 7 6 2 2 3 11 25 6 1 21 1 11 9 15 0 13 14 1 21 18 15 13 13 15 19 28 17 29 5 7 5 16 5 51 5 9 28 37 19 27 23 12 15 0 7 3 39 10 7 10 20 8 23 13 9 5 33
6 29 8 81 4 8 18 10 5 8 18 4 15 3 0 23 0 5 13 21 1 34 12 23 5 5 0 11 7 11 6 8 13 12 5 11 6 5 7 6 14 11 45 18 31 7 10 9 1 16 9 0 10 13 59 21 1 16 5 21 2 52 9 11 19 29 29 13 8 7 5 8 8 15 1
25 19 9 20 11 58 2 9 10 7 2 13 44 1 0 9 15 20 11 5 2 12 3 4 5 10 4 11 31 11 4 13 31 7 12 42 9 26 9 13 5 6 4 10 1 4 12 7 10 3 13 15 0 1 33 9 14 3 25 2 32 11 14 0 18 9 55 39 2 4 1 9 26 22 32
