25 75
1 6 7 0 1 11 1 10 15 5 38 1 7 5 12 8 4 2 14 18 16 16 6 34 0 5 6 10 46 7 40 17 0 16 74 15 24 3 28 7 19 22 25 7 4 13 13 26 0 1 24 19 6 50 4 10 10 10 12 15 9 9 21 0 6 14 8 4 15 31 2 2 14 25 14
1 18 8 2 2 17 10 3 1 4 43 4 4 9 10 3 3 27 8 4 4 0 28 15 1 21 7 1 9 34 7 12 7 16 6 28 35 1 8 4 18 31 5 4 8 0 20 24 17 1 57 78 26 14 1 10 24 12 3 38 9 9 1 13 1 13 20 17 1 8 1 3 9 10 69
24 5 22 2 4 8 12 16 4 64 14 14 22 3 6 14 1 0 5 24 23 7 7 10 17 16 9 9 56 7 0 31 8 0 3 3 7 19 4 19 5 12 12 24 7 9 16 21 11 28 33 11 10 11 1 20 25 4 9 5 7 24 9 8 3 7 2 22 6 21 12 1 3 7 75
14 18 25 4 15 13 32 13 1 28 19 42 47 39 5 11 12 35 14 6 0 3 22 14 2 0 46 5 0 23 18 15 23 10 2 26 8 26 2 5 4 25 5 27 19 3 5 34 4 13 8 8 3 5 2 15 6 9 16 17 14 9 8 18 7 3 6 7 6 0 0 11 2 11 27
22 8 15 7 11 4 46 3 2 6 2 2 1 15 25 10 20 5 1 9 9 7 0 5 4 6 0 18 11 20 63 3 17 7 1 4 18 26 17 28 7 0 20 2 4 16 5 46 2 8 24 3 1 6 4 2 8 2 78 37 16 26 18 24 3 0 25 10 11 24 52 0 15 3 20
44 23 12 1 15 2 20 18 10 12 3 4 11 28 8 21 1 3 9 13 9 10 35 6 1 9 0 8 13 125 6 28 19 1 26 5 8 6 15 35 24 12 0 1 0 37 11 6 9 6 3 4 16 11 2 24 13 0 11 7 1 26 6 13 22 5 4 6 1 4 12 1 17 23 39
20 7 4 1 1 55 2 6 18 7 34 23 6 16 17 4 12 9 0 0 3 65 33 44 2 0 9 11 4 5 9 0 8 5 4 31 11 3 2 20 37 2 2 14 1 3 8 2 6 17 3 20 20 6 6 4 0 5 9 24 3 27 45 9 1 0 1 49 63 2 40 9 11 22 18
6 5 24 10 3 18 8 32 1 18 9 4 26 15 7 2 9 14 21 9 6 46 2 11 5 36 18 6 18 23 0 13 8 10 1 14 37 15 39 6 15 10 17 6 5 14 27 4 8 32 22 3 20 11 5 10 33 7 8 8 27 6 0 2 21 2 14 11 10 31 1 19 13 21 2
7 4 5 4 3 1 0 33 7 5 51 16 24 4 41 3 19 0 10 8 27 1 11 0 3 42 1 43 6 9 12 21 20 0 1 3 7 7 29 19 2 29 2 19 6 20 1 9 6 1 1 37 2 1 0 0 113 3 29 2 1 18 2 9 23 12 18 15 9 2 47 6 1 25 22
22 18 17 8 28 1 12 9 17 21 9 27 12 7 18 8 24 0 13 4 14 9 28 4 25 20 20 11 10 3 7 10 3 16 5 38 20 6 9 1 2 18 37 26 1 23 41 13 15 4 45 27 13 6 13 0 4 23 4 21 16 7 17 15 8 3 12 19 7 13 0 1 0 7 5
0 32 8 2 0 5 1 15 17 8 8 24 3 4 30 23 4 26 3 2 28 6 4 21 29 36 70 0 3 13 7 20 31 5 13 0 3 10 0 6 7 10 9 2 4 12 12 48 4 10 15 31 7 22 4 6 6 2 6 4 17 0 19 19 9 20 2 11 44 43 0 31 8 35 1
7 9 61 13 12 18 30 7 9 51 9 15 12 0 3 23 37 19 10 97 1 24 0 3 0 0 35 5 5 1 1 34 9 4 1 2 24 6 4 4 11 4 2 4 16 11 22 14 18 0 32 74 7 4 4 9 7 2 14 55 2 0 3 5 1 16 3 19 12 10 1 1 10 0 2
25 16 21 0 6 27 11 12 22 7 46 9 22 33 24 13 7 1 10 5 16 12 35 13 4 4 5 30 19 13 17 12 45 18 27 3 15 5 1 21 0 22 2 2 10 0 1 15 0 10 6 5 33 25 12 15 2 2 24 9 0 12 6 11 14 28 32 12 1 21 14 2 13 0 7
10 54 33 8 17 8 1 1 5 4 6 0 13 16 4 46 1 6 26 19 5 7 18 19 5 1 5 10 41 39 39 26 25 3 1 24 19 5 4 0 15 35 3 10 19 1 29 6 0 11 8 9 4 16 10 7 14 5 17 12 8 9 2 12 1 15 16 41 29 14 17 1 18 7 5
27 1 1 44 3 9 15 5 17 7 50 14 1 5 19 14 6 0 16 14 9 28 4 1 26 9 21 0 8 36 7 25 5 0 8 86 22 3 8 10 13 0 0 2 3 5 0 20 5 26 10 44 42 9 14 3 28 5 6 32 19 2 14 0 3 1 22 17 7 8 8 7 12 0 29
13 6 9 20 16 17 7 39 21 46 6 19 5 7 0 33 27 31 32 24 6 11 5 6 3 4 27 0 15 8 1 3 11 7 1 8 1 5 10 7 11 3 4 35 6 27 7 19 23 15 39 0 52 3 24 1 4 12 13 12 45 5 3 38 3 3 17 2 7 16 13 2 2 6 11
18 0 0 12 10 19 1 17 1 0 6 4 17 37 30 5 3 2 17 0 45 23 10 5 3 3 6 11 32 5 4 33 0 10 10 39 17 38 4 10 13 22 17 4 5 7 8 18 8 5 4 0 14 35 2 13 26 14 17 8 4 3 6 0 26 28 7 13 29 0 33 5 41 35 23
19 24 12 53 9 11 8 28 1 4 36 3 13 17 0 7 3 19 6 15 1 0 3 25 5 17 15 12 41 11 18 9 2 0 15 34 60 2 9 3 16 15 5 4 57 4 1 11 3 3 19 23 15 23 3 1 19 8 3 28 5 2 24 15 23 51 17 6 2 0 1 12 3 7 1
0 19 3 48 2 5 6 13 3 2 4 9 36 0 9 12 4 6 2 3 0 36 59 23 16 3 24 10 3 8 3 11 44 11 7 2 12 2 15 8 4 22 23 13 3 4 6 0 47 55 14 1 25 14 25 6 15 4 6 26 27 9 12 15 24 4 6 6 13 41 3 6 5 12 21
12 22 20 16 22 9 13 11 47 9 0 13 16 30 11 9 14 27 0 8 22 6 4 12 11 13 36 33 8 11 11 1 26 9 13 15 0 0 10 0 27 15 10 1 19 3 7 33 4 13 5 3 10 7 5 15 3 1 3 19 1 15 5 8 45 19 9 8 3 4 41 42 8 6 33
1 7 52 9 2 9 14 19 0 19 120 7 3 2 9 15 4 5 16 20 0 9 22 3 17 5 2 11 8 10 35 8 55 43 6 6 20 36 13 23 1 7 4 13 26 5 5 4 3 8 2 0 0 12 0 7 18 1 1 38 0 40 22 4 6 35 2 3 14 6 16 20 5 0 7
5 20 9 4 15 17 47 22 16 12 0 57 15 33 67 5 4 48 3 4 4 10 47 37 21 17 3 11 18 1 4 8 23 22 23 2 6 1 5 7 51 0 3 8 3 15 10 3 11 0 0 4 8 5 6 5 17 4 2 23 1 10 18 5 8 2 9 5 18 12 5 5 19 30 2
23 2 9 6 20 0 12 4 34 25 2 8 4 0 6 14 6 0 28 17 2 46 16 5 28 8 14 8 22 23 5 28 24 17 0 10 7 8 8 44 13 1 9 2 3 35 23 29 1 24 13 4 36 9 19 31 1 25 5 7 20 9 11 8 5 41 9 0 23 2 1 14 7 12 5
3 7 9 2 7 19 2 10 8 12 15 2 21 1 7 4 7 4 25 29 0 0 13 9 4 11 17 0 22 17 17 10 16 2 8 18 20 11 27 2 48 17 38 6 6 5 5 10 0 42 3 0 7 14 24 3 4 62 20 58 48 5 4 4 1 9 5 5 15 15 10 8 22 32 27
18 5 12 3 4 12 6 23 37 32 0 40 27 19 1 7 3 17 6 15 14 2 10 1 10 0 0 30 1 13 3 6 22 5 5 0 8 10 33 0 3 5 10 10 18 0 4 37 13 5 13 1 9 27 42 14 6 21 12 58 28 27 11 42 23 4 0 12 26 6 25 2 15 6 5
