25 75
13 7 1 55 58 27 5 4 24 10 13 4 26 7 10 9 13 2 21 4 9 2 7 2 17 9 0 15 0 13 19 10 51 20 18 1 6 11 13 23 6 39 11 7 11 62 4 1 4 33 41 15 8 13 3 2 19 15 0 11 10 15 5 3 7 4 26 14 7 7 4 0 5 0 29
69 28 4 43 22 4 4 25 72 6 26 0 13 50 10 0 1 5 13 18 1 9 7 24 5 20 11 4 16 11 11 25 8 13 5 0 21 5 5 4 13 11 8 3 3 9 3 4 29 25 8 32 0 7 24 5 17 1 18 28 0 5 28 7 12 7 29 5 11 5 0 6 9 5 5
2 1 25 11 14 4 14 12 3 5 19 13 31 27 0 9 12 2 28 4 15 2 6 2 11 3 30 13 23 54 25 12 36 6 8 2 9 1 23 12 4 5 2 37 5 17 4 6 9 20 10 25 22 19 10 2 5 3 4 30 29 18 10 5 2 16 25 33 0 10 35 23 14 1 11
6 3 16 0 15 2 10 23 28 38 4 10 3 11 3 10 7 17 29 2 75 7 17 3 27 13 14 22 1 5 13 10 19 5 5 5 1 22 17 1 5 12 7 19 9 15 5 2 0 9 28 4 2 2 28 8 10 44 1 12 27 3 21 18 6 29 2 21 4 79 3 19 16 7 4
2 14 41 8 11 7 6 4 2 6 10 6 0 10 16 8 57 15 18 15 5 5 2 4 10 0 0 11 23 61 6 51 1 3 7 31 8 5 6 1 15 38 8 9 5 3 1 6 11 18 3 0 21 5 13 20 2 43 2 46 3 13 20 43 24 2 17 8 18 2 9 5 0 39 32
0 62 4 23 4 7 13 18 6 19 16 34 4 18 18 20 1 1 20 36 6 2 9 20 6 4 29 17 24 27 4 8 2 0 6 0 40 12 23 62 8 8 10 4 6 28 16 3 0 28 16 0 29 9 2 18 16 1 9 3 1 21 6 0 13 10 13 19 3 8 18 9 29 7 4
0 5 12 17 16 11 14 5 16 16 52 30 2 18 1 4 16 2 10 6 4 28 6 14 0 10 4 8 49 23 10 4 8 8 9 22 6 7 8 34 2 15 41 14 3 8 9 3 28 13 9 8 2 35 22 2 14 1 37 47 13 4 5 1 40 0 17 5 2 1 10 4 1 57 12
2 22 8 8 12 15 10 32 0 2 0 5 14 3 6 13 42 0 8 66 14 7 1 2 3 47 16 2 60 9 20 4 25 14 4 23 7 23 22 4 4 6 22 4 22 14 26 0 5 4 6 9 3 2 5 31 7 16 11 31 2 8 11 8 5 61 35 16 0 10 17 2 4 2 16
6 4 37 45 18 15 21 37 18 16 18 2 9 14 20 0 8 2 0 1 0 5 10 16 9 5 12 6 3 18 21 9 14 2 2 31 2 1 23 2 2 36 1 4 0 39 48 9 24 4 7 18 2 0 4 2 3 32 22 57 7 10 0 25 16 61 7 2 3 0 12 5 7 47 2
66 12 27 60 17 3 28 2 9 25 6 4 10 8 5 3 2 6 7 0 7 7 3 26 7 8 1 3 5 5 5 20 4 4 7 13 3 1 29 5 25 4 21 30 7 27 31 0 28 13 1 8 4 26 27 22 47 0 16 30 5 10 7 18 16 4 24 4 7 6 12 11 4 11 31
0 62 17 34 16 18 9 7 4 24 1 3 2 17 3 0 50 16 3 0 12 18 6 3 8 86 15 0 2 18 13 3 4 17 8 6 17 36 3 19 13 8 16 11 7 13 1 2 14 16 10 12 20 27 0 11 11 20 9 9 33 0 8 18 30 26 11 11 1 7 10 6 6 15 8
9 11 44 0 3 1 14 6 29 69 0 9 17 0 13 17 6 3 3 28 19 12 31 14 4 22 66 19 3 10 4 10 32 47 13 18 39 19 2 13 1 0 5 12 4 10 0 15 0 7 0 18 4 1 8 26 42 7 17 3 7 8 2 7 3 18 11 0 26 14 0 28 10 6 1
9 30 30 50 0 1 1 33 11 1 15 6 7 23 5 8 9 10 7 15 22 4 11 1 8 2 29 16 19 3 28 14 6 7 25 1 3 46 5 22 3 8 12 9 4 5 2 6 8 11 8 30 22 13 36 9 7 6 13 18 24 10 0 0 29 16 12 24 11 24 41 5 9 19 3
0 1 18 28 14 1 0 14 32 5 2 3 40 7 11 12 2 21 2 24 6 9 4 5 21 17 27 2 3 4 24 4 5 34 24 3 14 29 2 6 27 3 0 1 28 15 17 5 25 28 40 24 29 12 3 34 3 10 6 29 9 17 13 0 3 13 19 5 10 29 6 34 8 0 15
27 27 9 3 6 1 9 1 0 21 2 20 19 23 7 0 11 20 35 2 13 6 6 1 11 14 10 63 21 21 4 0 35 17 28 0 2 28 5 82 0 1 18 7 4 9 25 13 6 16 7 12 13 5 13 14 4 7 20 15 52 2 12 1 6 6 4 13 11 6 20 14 23 1 10
18 7 3 26 1 4 17 34 43 13 10 2 13 9 12 3 4 1 33 5 7 1 19 6 1 45 18 25 5 25 36 8 28 39 8 28 16 5 6 7 5 2 12 21 0 5 3 16 7 15 13 8 7 2 1 30 1 6 27 7 37 8 14 7 12 12 12 14 24 23 16 12 13 9 8
2 6 9 11 17 4 11 0 6 1 1 11 0 3 6 0 21 2 32 2 34 11 2 17 10 29 10 19 11 14 6 1 15 17 17 5 13 10 8 53 39 32 20 14 19 2 28 2 6 23 7 1 1 10 6 6 1 19 33 17 0 4 4 15 24 42 3 10 50 24 17 21 35 4 14
13 15 7 1 19 8 8 20 6 19 1 0 7 0 8 2 4 9 22 15 4 9 10 0 1 7 16 26 1 8 7 4 1 1 24 10 27 3 44 19 12 19 7 14 0 4 14 4 82 65 21 12 19 22 3 1 16 48 14 18 11 15 4 34 3 20 13 14 1 15 20 15 10 6 18
0 13 17 10 0 1 8 37 3 22 19 2 22 3 10 21 5 23 6 31 13 0 50 3 0 7 6 11 25 18 5 8 25 8 0 6 4 1 0 9 37 5 9 5 8 2 1 15 6 27 0 46 26 7 2 26 3 9 17 0 7 81 12 28 12 1 24 40 7 0 18 10 45 1 11
3 4 17 6 27 12 20 24 12 7 7 20 16 23 5 17 3 2 89 2 37 4 3 17 13 1 14 3 36 6 14 11 5 0 4 6 16 29 9 9 3 13 0 48 20 15 13 2 33 28 1 27 6 3 40 15 1 5 15 8 46 13 0 2 1 10 4 18 4 6 4 7 1 23 12
25 9 16 15 0 1 8 22 13 1 7 0 12 6 12 14 13 1 3 0 5 13 69 6 18 12 1 19 40 2 4 4 7 4 1 26 8 2 0 15 28 13 60 14 2 7 20 10 21 52 12 19 17 4 4 60 12 5 3 15 19 8 66 0 10 5 2 5 9 23 32 0 0 6 3
14 25 40 1 0 2 31 20 8 9 26 2 17 1 31 4 3 26 19 1 37 4 0 31 0 86 21 9 5 5 11 51 22 30 5 5 2 3 9 4 22 12 0 4 0 3 29 7 22 28 6 4 13 2 14 2 8 6 11 29 1 0 13 13 4 0 5 22 3 12 27 31 23 0 4
2 4 4 5 0 21 15 1 5 43 5 41 1 4 15 14 8 23 23 14 9 21 12 6 1 19 6 10 15 15 27 40 12 15 11 80 6 4 1 3 2 1 26 5 5 7 5 4 6 7 1 9 60 21 11 15 41 2 5 3 0 2 20 7 7 0 9 5 36 1 1 7 14 80 14
12 10 28 5 1 3 20 6 11 12 11 5 4 16 1 0 15 1 8 6 15 0 17 28 12 10 23 26 7 1 23 11 17 10 6 13 1 46 66 16 6 6 14 8 1 9 14 17 11 9 2 27 22 48 8 20 3 4 5 35 13 3 19 38 30 1 4 4 3 36 0 7 2 14 34
16 7 2 3 21 31 14 43 13 7 31 33 10 1 6 0 8 26 0 21 2 1 13 37 4 7 11 8 6 4 1 11 32 10 20 4 53 24 20 13 8 14 26 4 2 1 7 20 23 2 12 0 2 16 47 13 28 21 13 2 12 9 8 2 2 3 23 6 13 26 16 8 11 6 20
