25 75
0 57 14 0 2 2 12 2 6 53 1 1 11 5 57 7 3 44 0 16 1 0 39 15 10 24 23 73 1 7 10 13 6 26 0 6 8 6 9 9 31 0 60 14 23 5 11 10 2 5 9 25 0 19 22 31 28 10 0 2 0 16 8 19 3 6 14 13 0 14 7 1 5 4 4
4 5 14 32 18 2 21 5 6 1 8 5 1 1 45 0 5 1 42 7 1 41 21 11 15 0 8 2 5 101 3 5 32 29 4 6 15 24 34 13 5 10 26 10 12 1 3 7 39 12 2 5 10 2 0 10 36 2 35 2 9 6 6 1 7 13 1 55 6 24 1 44 1 0 4
24 7 3 0 19 1 46 25 0 0 10 7 2 30 9 6 16 13 20 1 1 35 1 3 6 3 52 14 18 11 4 0 36 0 7 48 9 36 7 14 13 2 5 21 47 11 3 12 13 10 4 17 82 8 16 0 1 0 17 22 0 12 2 27 7 5 8 11 4 38 11 1 13 2 11
38 16 16 28 18 3 9 1 6 2 9 24 12 60 1 2 7 22 10 14 17 1 33 14 12 4 46 1 24 11 47 9 6 4 5 5 5 2 30 11 11 12 10 0 44 6 37 34 4 13 1 21 8 7 13 5 7 6 7 8 6 32 23 5 15 5 0 7 9 2 11 7 24 3 12
15 8 8 2 4 28 22 20 61 19 6 27 2 2 3 1 20 0 12 17 4 17 21 3 11 14 7 8 25 22 12 5 22 9 5 8 8 8 35 7 3 15 29 16 10 4 10 6 2 8 0 29 8 2 21 1 14 15 0 16 5 13 11 36 14 20 49 8 8 30 44 16 5 2 2
4 23 51 3 0 9 7 44 0 46 17 9 8 22 24 10 2 65 12 0 30 0 20 8 17 1 5 3 1 27 44 2 22 23 14 4 1 8 3 12 17 9 12 22 1 10 11 31 2 2 1 7 6 10 6 8 4 11 1 16 30 11 7 42 7 22 6 2 4 5 4 7 18 20 27
20 8 9 4 20 13 8 24 9 8 6 46 3 13 0 12 21 35 15 15 9 4 6 14 1 1 18 8 31 48 30 11 26 9 5 1 2 17 7 39 7 1 11 0 4 9 23 2 29 6 29 14 1 32 6 11 20 38 5 1 23 2 14 7 0 7 14 15 9 18 18 17 15 13 3
3 9 6 9 27 48 11 5 4 4 10 36 11 12 0 17 3 5 14 6 0 21 26 45 5 12 2 44 1 4 3 4 8 0 28 30 6 10 11 6 2 60 3 40 1 6 20 8 3 17 19 4 12 12 11 3 12 4 22 9 4 21 16 21 16 55 2 13 26 24 5 2 5 8 8
9 7 2 12 2 6 10 6 7 7 24 7 10 0 41 6 4 9 10 6 9 39 19 27 7 7 5 21 45 13 16 14 4 0 9 2 22 18 16 0 27 25 3 16 4 3 6 5 7 10 0 14 18 23 2 2 6 34 15 43 1 2 12 48 41 0 0 13 4 61 19 25 5 21 7
-1 1 6 14 7 13 9 17 27 12 17 0 24 49 3 46 1 17 28 0 15 10 2 4 7 23 17 10 6 30 1 7 4 21 20 21 85 7 3 35 5 0 30 36 10 0 4 2 8 3 16 7 3 7 19 5 4 27 6 0 15 17 12 24 13 2 18 0 3 6 22 0 3 27 28
11 3 8 7 11 5 12 7 2 24 9 5 1 9 22 63 4 8 25 3 34 14 16 4 20 21 14 12 16 3 8 11 56 26 7 21 63 9 25 7 18 0 3 26 1 7 14 18 6 5 2 5 30 8 1 39 9 1 19 21 9 0 12 4 14 4 4 0 28 1 9 8 28 2 18
9 9 2 50 1 16 5 18 10 28 8 31 11 23 20 14 20 54 8 30 13 0 5 7 5 6 8 7 4 6 2 22 17 3 47 5 2 1 1 29 4 5 0 28 2 4 2 16 2 20 0 0 22 18 4 4 26 8 8 42 8 7 20 62 17 11 5 14 4 37 7 11 13 5 7
6 24 2 1 61 1 56 30 1 21 1 0 9 13 5 25 5 0 28 11 35 8 4 23 2 3 10 11 5 35 0 12 0 31 4 6 4 8 12 2 8 20 9 6 7 22 6 11 6 0 12 15 20 8 50 5 9 1 40 43 14 17 17 5 17 3 4 1 12 4 2 19 4 31 37
6 2 2 1 68 8 4 11 20 35 2 5 20 6 19 19 2 7 20 8 10 4 87 8 0 13 4 26 8 15 10 32 3 7 21 2 0 1 3 3 14 22 1 12 6 19 15 14 5 2 39 13 0 19 2 12 0 14 2 7 38 3 1 2 20 4 15 7 39 9 21 54 14 24 9
11 23 11 14 42 3 12 6 30 2 20 8 7 25 11 11 10 6 7 12 5 45 48 31 11 1 2 52 5 15 8 3 7 4 13 14 0 31 28 12 35 6 16 9 10 16 6 24 32 5 5 7 13 7 24 5 6 16 10 6 8 3 3 3 3 4 2 27 9 38 14 12 3 1 6
13 20 10 41 8 23 36 17 14 1 18 12 6 12 7 8 17 45 3 21 3 8 6 19 37 37 3 20 34 0 16 0 3 26 10 10 2 5 7 15 5 0 25 5 8 1 2 0 4 20 9 40 16 1 5 24 6 10 13 7 8 59 14 1 34 25 6 1 4 0 23 5 3 17 6
9 19 20 1 29 1 11 2 2 9 14 12 15 5 14 27 29 6 46 17 3 0 5 6 42 13 5 8 11 0 1 1 34 17 1 5 18 4 8 19 6 7 11 9 1 1 11 32 6 11 25 22 13 14 17 30 8 11 1 41 12 12 38 10 2 20 63 1 1 49 4 2 8 0 12
-1 12 7 0 3 18 86 4 0 10 8 37 12 10 24 4 1 40 8 1 16 7 2 6 0 5 9 10 8 11 6 7 29 4 5 24 1 9 6 48 35 10 26 12 3 10 2 21 19 22 1 23 24 6 11 1 9 37 22 22 7 4 3 1 10 2 15 49 1 8 8 16 11 20 32
14 0 5 1 4 1 12 8 12 14 52 8 0 12 70 18 6 5 4 28 17 21 4 4 14 1 3 35 27 5 11 25 1 3 34 13 50 9 17 12 11 6 1 9 48 8 0 8 1 10 0 5 64 2 8 1 36 9 11 8 8 4 17 18 1 22 1 12 0 0 16 9 12 2 52
11 6 12 29 5 5 9 6 4 7 17 21 0 6 1 7 15 34 3 0 8 5 1 34 0 1 17 1 25 17 11 14 5 11 34 49 16 10 9 11 8 17 2 69 20 2 31 12 19 13 14 6 7 4 9 7 1 2 40 8 29 11 48 12 1 16 7 8 7 27 5 27 10 22 2
8 1 7 5 1 1 27 44 8 4 7 4 5 7 5 7 5 10 11 7 7 9 6 4 13 9 1 15 21 3 1 63 6 14 16 27 32 6 10 3 0 3 73 1 62 11 13 10 17 0 22 3 18 36 30 6 34 16 9 4 19 5 14 3 50 29 3 8 0 3 1 24 0 23 10
1 33 5 2 23 15 0 7 3 10 70 53 33 7 6 13 21 1 2 22 53 19 1 1 7 15 37 10 11 77 8 1 12 5 8 3 29 5 4 2 4 4 35 19 22 18 0 7 3 13 0 3 5 19 21 2 4 6 12 10 15 11 20 20 17 16 4 4 14 0 0 19 2 0 16
-1 17 1 5 6 2 1 3 29 28 2 67 5 14 0 1 13 2 8 8 11 20 10 3 2 11 2 15 23 5 4 15 25 7 57 7 19 11 15 21 22 28 15 1 6 32 37 27 5 19 24 10 9 18 24 36 3 5 6 4 6 4 0 16 14 40 2 13 11 12 0 14 0 40 3
16 52 20 1 4 18 4 11 9 0 6 48 3 12 11 5 15 2 0 11 1 15 2 25 19 0 2 6 9 41 2 23 5 7 4 9 20 13 12 12 13 22 1 8 5 24 3 4 44 20 1 15 50 0 47 24 4 15 1 2 4 6 58 15 4 25 20 7 16 1 20 9 16 4 17
2 2 0 15 0 27 25 18 0 20 1 29 0 22 18 13 24 14 0 20 21 14 5 17 2 20 5 38 1 4 19 10 56 45 58 5 0 0 3 9 3 1 13 0 12 18 5 10 2 4 5 29 0 11 24 4 0 42 49 20 11 1 7 4 6 7 14 26 14 7 3 37 17 9 3
