25 75
8 29 1 2 1 8 27 18 17 15 17 10 15 0 17 2 33 1 16 11 21 5 7 11 29 3 8 31 14 6 0 6 15 14 10 2 25 42 6 64 3 4 2 8 12 4 2 7 50 1 10 17 20 28 3 5 3 9 55 3 16 3 1 20 6 9 19 0 20 28 25 3 25 1 11
4 0 11 22 15 6 6 11 20 7 0 12 7 2 7 29 34 0 15 10 21 47 6 15 12 3 15 7 15 5 0 23 2 10 19 43 6 22 40 10 28 4 1 6 26 4 12 20 1 27 11 2 4 23 5 16 14 8 26 26 26 2 11 13 6 17 0 16 5 18 0 12 34 18 19
12 1 57 29 1 1 12 0 8 10 25 19 2 11 1 11 19 13 4 17 17 30 4 9 24 0 1 20 17 9 8 23 10 35 4 2 7 15 2 17 1 32 8 12 16 6 4 12 14 2 17 6 24 27 19 4 1 3 4 7 10 24 6 5 38 23 35 52 26 3 7 13 3 23 6
3 22 3 6 5 6 28 14 19 7 40 27 4 6 14 11 6 54 6 7 3 6 1 9 36 13 11 19 3 20 4 43 6 17 7 13 21 7 7 11 0 11 6 14 15 23 2 31 18 26 11 6 1 11 4 10 12 29 30 11 28 29 18 0 15 18 3 8 9 16 7 4 5 15 9
4 0 48 20 4 7 1 24 14 14 29 24 0 3 2 9 10 5 6 35 56 8 1 0 7 32 7 42 3 17 1 1 32 25 0 2 1 19 0 0 5 2 36 1 23 7 22 1 4 25 21 10 35 5 14 8 0 10 5 7 19 34 8 9 0 2 21 8 19 24 17 2 39 1 43
4 0 13 3 10 45 63 19 36 15 1 2 6 35 13 17 23 14 0 27 3 0 25 27 2 0 20 1 10 1 16 0 21 20 8 17 3 2 1 0 12 49 12 11 7 1 16 5 8 1 43 8 29 0 5 52 3 7 27 14 0 3 19 5 4 4 20 10 14 23 23 0 2 19 21
3 25 5 19 12 5 10 45 0 7 7 42 1 33 16 45 0 4 4 12 11 4 10 12 69 15 24 11 14 3 3 5 31 34 9 1 0 22 7 7 16 15 6 16 4 4 9 2 3 20 31 8 31 17 4 5 43 41 11 1 9 3 7 11 3 1 32 4 1 1 3 3 33 3 12
7 2 36 33 15 11 22 8 36 3 17 4 12 9 17 4 4 26 10 20 1 4 11 37 24 0 2 0 4 1 6 9 1 11 7 13 14 2 1 59 24 0 29 2 20 1 2 23 27 3 2 20 5 16 5 0 30 5 2 7 57 0 47 6 11 1 21 25 19 7 1 0 59 10 10
15 21 15 2 12 7 3 50 40 7 15 6 14 11 3 6 1 2 7 58 1 10 5 2 1 6 43 23 7 4 0 60 31 8 1 17 2 6 0 18 14 18 18 6 16 6 21 9 7 12 38 17 12 0 0 5 43 7 2 7 1 10 5 28 0 11 46 1 36 1 12 25 13 10 3
40 22 5 20 0 23 8 24 2 12 5 2 16 3 15 5 9 7 13 14 9 27 11 3 22 33 10 1 28 32 5 14 3 14 3 10 0 21 25 15 10 5 3 6 0 25 32 7 17 2 38 2 7 2 5 13 7 8 7 0 34 10 29 2 60 14 2 46 14 15 10 23 1 9 4
0 11 1 25 7 8 18 3 1 18 6 18 9 60 9 6 7 8 22 25 12 0 62 7 31 11 27 4 1 0 5 2 14 1 12 23 4 0 30 9 15 22 7 5 22 91 3 15 22 40 7 12 26 5 9 14 22 7 14 7 8 5 0 5 13 19 1 6 22 18 4 0 11 3 3
4 6 9 9 1 4 9 6 29 17 24 17 6 14 4 4 13 36 0 23 19 21 6 38 28 0 35 11 8 14 12 8 1 5 13 4 53 8 83 1 10 14 3 9 3 13 23 9 3 0 2 6 8 38 6 0 16 2 8 15 2 13 19 12 49 17 24 24 21 3 7 1 0 14 3
0 20 3 6 0 50 6 11 29 10 14 8 7 4 31 1 1 5 15 1 0 6 10 12 52 13 5 43 14 26 3 6 2 17 16 19 1 18 18 9 12 4 10 18 95 14 0 1 20 15 0 15 17 35 7 15 28 17 13 0 1 0 8 10 10 4 2 4 1 25 15 11 13 33 15
1 5 2 0 31 14 3 42 34 2 20 23 2 3 8 33 29 29 6 7 1 6 18 52 6 20 9 5 6 3 1 27 2 31 7 19 19 12 3 25 0 5 0 2 2 0 2 35 14 1 1 4 8 4 43 18 12 29 58 4 34 0 13 1 12 6 2 1 42 0 10 34 10 19 8
15 2 0 7 0 36 0 7 23 0 10 30 12 9 22 6 43 19 43 35 7 6 19 17 27 41 15 6 3 1 22 5 4 2 11 2 0 4 4 19 9 1 18 0 14 32 33 9 3 11 7 19 1 8 16 4 36 14 1 4 1 1 9 23 0 63 1 37 10 6 17 42 3 12 1
10 7 15 1 1 16 5 20 1 9 0 5 0 2 20 24 20 10 20 16 0 8 2 40 0 20 15 30 26 25 51 2 1 2 0 23 22 21 1 37 1 5 9 3 17 4 19 43 36 8 3 28 25 23 17 4 3 36 18 19 8 2 4 3 9 1 6 4 1 57 24 14 6 6 6
12 9 1 8 16 5 44 0 64 32 20 16 36 14 24 19 12 16 23 20 14 5 16 6 6 1 15 29 1 34 11 1 0 11 11 0 4 7 14 4 5 8 14 2 36 6 3 4 5 18 0 2 13 15 4 3 0 6 3 8 7 0 31 3 15 14 2 1 13 42 52 5 33 33 13
1 27 1 31 36 34 1 0 23 4 25 13 36 16 11 1 0 3 16 3 0 42 29 10 4 0 6 8 1 25 32 26 1 0 2 32 4 0 2 7 21 3 16 18 13 16 5 10 8 10 24 2 7 2 57 6 3 2 0 5 3 12 14 16 30 14 24 67 8 24 0 0 12 17 18
43 20 16 17 25 2 18 61 6 6 11 9 1 39 6 12 29 18 0 70 25 6 28 3 1 11 45 9 3 20 13 7 1 3 23 5 0 1 2 22 2 4 25 0 4 11 1 18 0 1 32 0 16 9 13 13 5 54 12 5 9 1 12 1 6 5 23 6 0 0 0 6 25 36 8
23 11 1 7 29 27 4 8 32 7 22 7 12 7 38 3 13 0 3 32 0 3 33 8 24 9 1 39 17 16 9 41 4 10 14 2 26 6 4 20 7 44 8 4 8 2 4 45 39 1 5 15 10 6 6 0 6 0 9 3 22 0 1 30 0 15 17 10 31 24 12 13 6 8 17
18 21 2 4 0 2 9 4 1 22 1 4 0 48 23 21 2 21 37 0 1 31 2 4 12 4 47 6 2 3 44 6 16 31 29 6 0 9 26 1 7 6 12 11 32 39 11 7 5 1 0 0 2 100 7 10 15 11 22 5 4 17 28 3 3 6 22 2 4 7 27 1 17 11 25
4 42 30 3 48 18 0 52 54 2 0 0 5 59 34 9 0 8 12 2 12 3 3 11 1 8 9 3 0 18 32 34 17 7 0 2 31 7 20 10 29 1 21 6 14 16 21 0 0 19 10 0 5 7 5 13 4 9 4 22 10 5 28 12 39 4 16 1 13 5 20 0 11 9 11
12 23 13 16 3 2 5 6 31 44 52 7 18 2 2 51 1 1 11 11 23 18 2 14 2 10 1 6 5 24 14 4 7 39 9 14 6 39 0 2 15 10 0 9 3 6 8 13 4 4 5 2 8 15 19 20 16 3 6 101 33 12 5 5 46 5 9 2 8 4 10 0 18 11 15
2 8 42 7 4 2 25 24 2 30 10 19 29 31 14 18 22 0 13 2 2 5 32 23 1 21 49 4 4 0 9 8 20 5 4 0 11 1 18 81 3 4 51 2 0 11 4 4 9 2 1 10 2 15 32 8 0 7 14 19 2 27 9 2 14 54 22 5 4 0 1 3 6 23 28
1 66 16 1 18 9 0 5 7 1 29 19 8 8 2 2 17 0 18 18 1 5 17 5 11 9 60 2 16 0 1 9 17 50 4 7 2 3 1 3 44 12 1 43 1 9 0 15 2 19 27 48 13 3 3 29 0 4 2 2 9 9 24 7 3 25 14 21 17 38 31 13 7 11 26
