25 75
10 7 5 2 3 18 37 17 17 27 1 4 18 1 40 22 1 3 39 25 20 1 13 6 0 4 7 8 6 2 5 1 15 4 18 9 42 12 17 9 5 15 1 4 12 2 7 44 18 4 5 51 67 17 4 12 14 7 15 52 15 16 11 4 0 19 23 10 10 16 13 1 2 3 5
13 7 20 1 1 6 8 2 1 9 11 32 2 1 10 14 14 21 9 6 34 6 4 3 3 6 3 14 2 12 17 10 11 15 4 32 17 17 58 4 0 28 37 7 4 5 2 3 5 9 10 16 10 21 23 2 12 0 31 36 7 3 3 7 11 39 9 3 9 6 17 7 2 25 131
3 8 6 17 10 21 6 15 29 29 5 8 2 6 2 8 8 8 5 28 0 2 7 0 19 9 10 18 46 2 12 0 24 12 9 16 5 7 29 16 57 3 2 50 18 21 7 10 4 0 12 10 4 10 26 18 8 13 6 4 10 8 4 9 16 10 2 54 32 14 8 14 5 46 18
7 1 0 3 19 5 11 33 10 8 17 13 27 24 4 2 27 7 2 20 6 4 9 24 0 0 18 1 0 39 41 11 8 12 6 13 45 19 2 0 19 11 4 12 25 4 3 8 44 34 31 7 9 0 43 30 12 33 3 10 18 11 18 4 10 1 4 18 1 13 4 0 54 1 3
-1 30 12 8 14 9 24 32 5 3 29 0 42 0 51 14 36 6 8 7 22 6 18 13 14 7 16 6 7 0 0 3 20 21 3 1 9 13 2 7 15 0 19 6 8 8 10 0 7 1 35 28 33 0 3 0 18 47 13 1 55 7 14 9 0 17 12 8 52 2 3 34 0 7 11
2 9 2 13 16 0 20 4 6 39 0 1 23 16 4 2 15 29 3 48 43 18 49 26 8 6 25 32 9 2 7 3 0 57 19 11 0 7 12 4 24 0 18 12 35 7 0 15 15 6 3 21 2 18 8 1 39 5 19 2 25 0 0 1 1 12 7 6 5 3 29 8 10 11 42
13 28 6 42 23 39 16 0 53 3 3 5 1 5 0 11 4 15 6 1 25 11 15 3 0 6 8 6 10 3 28 41 10 28 18 5 3 3 16 5 13 31 33 0 33 5 4 9 14 4 8 4 12 31 12 11 3 27 28 1 9 19 9 0 1 23 11 22 2 31 10 19 28 13 2
-1 3 20 2 1 15 11 1 3 13 1 15 4 6 19 10 25 46 14 26 9 10 2 4 10 120 3 23 8 1 22 4 51 2 8 0 1 13 4 22 19 3 15 25 24 8 4 20 1 10 3 29 46 2 6 9 0 7 2 6 8 8 12 38 1 7 2 0 39 23 29 12 2 17 12
6 46 7 7 0 1 17 22 30 21 7 14 5 3 1 9 8 74 17 6 0 4 33 18 27 9 3 44 4 3 10 23 7 9 2 2 65 4 16 10 7 4 34 9 19 21 22 15 3 18 1 3 29 3 0 5 0 8 5 33 1 2 25 20 4 1 11 6 26 9 16 21 5 10 10
2 7 2 4 21 9 1 17 34 13 25 19 18 6 2 21 25 3 12 5 31 21 3 3 15 24 7 14 1 6 49 12 3 10 8 20 9 7 0 20 9 41 10 2 1 29 1 2 14 45 11 4 25 0 41 7 29 4 10 10 21 1 0 2 18 1 3 4 24 3 5 18 34 54 8
10 5 3 33 14 5 15 11 6 1 4 1 25 14 3 4 2 19 13 6 11 27 9 5 18 7 11 24 44 3 10 10 36 3 42 12 1 33 62 15 14 31 12 8 7 16 13 26 1 5 5 14 1 3 2 16 4 1 2 20 11 22 9 1 10 33 1 8 25 10 5 8 6 33 40
31 0 14 10 3 7 23 0 2 17 1 5 15 2 9 21 4 63 8 5 18 9 1 13 20 10 5 18 0 33 23 9 1 13 17 16 13 0 8 12 2 8 11 42 1 19 7 29 29 10 11 26 18 1 7 7 8 17 27 18 15 1 35 4 5 7 6 8 13 27 10 45 18 23 6
24 3 3 24 12 15 2 4 6 22 3 2 5 14 13 15 7 7 15 27 17 42 4 16 44 4 0 10 12 51 0 6 2 1 5 27 30 2 3 3 28 4 0 6 32 61 35 2 24 22 1 16 9 3 3 11 31 5 4 16 6 11 16 14 12 8 22 21 3 50 3 7 1 10 1
1 12 5 19 12 0 38 8 13 3 2 10 39 0 7 1 19 0 8 23 20 25 2 37 5 12 8 17 33 37 5 3 2 14 9 8 0 7 2 9 11 2 7 19 33 19 13 23 10 13 1 0 7 0 9 4 11 1 2 3 43 41 11 16 20 2 12 25 29 6 9 1 53 45 24
18 7 51 1 31 10 42 1 9 10 25 3 3 34 11 4 11 10 1 9 12 7 0 37 10 2 8 1 25 29 17 3 4 24 2 17 2 21 10 51 24 4 9 7 9 11 40 40 0 11 13 6 1 6 0 1 0 6 28 17 13 9 2 16 2 0 27 15 12 5 71 2 6 1 13
3 30 6 9 10 2 2 11 4 2 7 11 16 1 7 6 36 11 23 17 8 24 8 30 12 2 0 36 26 6 25 0 2 10 6 1 76 37 1 15 5 1 17 3 4 9 11 8 21 1 9 13 33 18 2 12 33 30 0 15 6 31 22 17 6 45 4 12 10 31 8 1 0 14 9
8 24 11 8 7 11 5 0 25 8 6 9 3 13 36 0 17 13 26 6 4 58 2 2 18 5 0 11 22 4 19 7 10 0 0 2 18 37 22 63 42 20 29 3 6 17 6 8 21 5 32 17 6 15 7 3 20 14 15 5 3 9 2 4 12 0 1 25 6 21 8 9 5 46 18
6 52 24 13 5 4 6 17 7 4 0 3 4 15 9 8 2 16 2 10 13 16 10 21 3 24 26 1 29 11 18 5 34 1 4 9 6 21 23 5 7 11 30 1 6 30 16 3 23 35 23 25 4 0 4 20 16 60 1 16 8 9 6 31 22 9 9 4 14 4 4 18 18 5 21
6 6 10 10 21 7 7 14 1 5 15 13 9 2 11 13 12 7 26 4 6 1 11 6 2 16 4 5 33 23 6 6 0 2 17 8 18 2 0 7 24 62 2 3 1 14 4 20 7 15 32 11 13 22 4 29 2 1 12 16 82 64 6 22 2 49 0 5 21 12 0 11 33 6 21
13 14 13 28 2 4 25 22 22 1 47 27 13 19 31 0 4 20 4 14 5 10 1 49 13 4 11 19 0 2 4 6 6 17 16 7 2 4 28 5 10 1 6 8 21 4 24 6 4 20 3 70 3 8 18 30 11 9 11 10 5 12 42 40 17 13 19 1 0 13 10 0 4 5 10
5 3 6 45 14 6 5 2 11 15 13 20 13 0 33 6 2 0 13 0 9 19 11 16 15 12 8 15 28 13 1 2 12 19 23 15 47 23 17 6 0 12 22 7 22 27 40 3 4 17 2 2 3 10 30 20 20 22 18 12 7 2 52 10 0 16 6 6 4 0 1 35 8 23 14
28 25 12 10 3 36 0 8 3 8 43 2 4 8 8 13 3 4 1 4 2 4 33 1 35 16 12 73 16 24 0 0 30 3 17 1 31 6 4 31 19 11 2 0 0 3 68 0 0 38 7 1 40 4 3 6 4 1 19 4 31 13 10 13 0 4 5 9 6 14 54 0 20 9 20
12 17 5 0 31 41 3 6 7 44 33 10 1 10 8 4 22 4 15 13 11 6 19 30 2 1 5 29 8 25 16 0 13 34 13 12 8 5 8 10 8 16 12 13 0 21 2 6 7 10 12 25 30 23 37 4 1 36 0 1 3 18 18 24 13 10 11 18 14 15 14 13 8 8 8
-1 2 15 26 0 1 5 1 4 0 8 20 15 10 2 6 3 4 14 29 9 1 14 6 17 13 14 98 47 16 20 2 12 5 30 22 25 4 23 1 0 13 4 9 0 20 13 5 12 1 1 28 1 0 24 24 7 62 22 4 6 9 40 4 19 28 9 25 12 0 5 3 21 1 25
6 55 8 11 21 17 49 2 12 28 9 13 39 3 9 7 17 0 32 3 19 6 25 20 9 22 19 9 25 2 15 14 13 0 7 21 5 28 7 16 19 13 5 11 16 6 3 9 2 4 11 3 0 9 3 7 12 8 1 2 15 21 38 3 3 17 1 33 1 6 70 8 1 12 4
