25 75
4 10 49 17 13 0 5 21 37 27 1 1 7 4 8 2 20 62 11 2 16 17 3 2 13 0 17 0 0 14 1 9 2 6 12 5 12 1 0 22 17 7 4 29 8 0 3 23 13 24 4 3 18 9 9 15 2 17 37 11 67 17 0 9 42 21 45 5 4 0 17 12 31 23 1
64 3 18 3 0 19 18 22 3 4 15 11 18 1 26 45 27 39 6 13 0 25 13 4 12 23 12 9 2 13 6 3 7 22 7 15 31 15 14 3 4 0 0 12 24 8 10 18 1 22 6 9 1 8 16 13 18 8 3 1 1 0 9 2 25 42 6 21 50 5 18 5 32 10 1
1 18 13 16 4 0 20 7 5 12 11 5 18 0 15 12 17 37 12 27 16 17 1 22 5 14 5 22 0 5 24 11 1 21 27 15 9 3 21 20 51 19 6 2 14 12 10 5 24 0 68 1 4 1 14 0 44 26 2 13 2 24 11 1 1 31 39 0 9 9 4 11 5 25 3
3 1 7 13 1 2 10 18 2 1 2 11 9 18 2 5 0 8 1 8 39 41 1 55 7 2 54 72 10 20 16 25 10 21 4 17 9 11 30 7 36 1 4 0 1 4 1 2 4 28 1 0 14 27 0 52 15 3 9 4 25 1 11 2 7 1 14 17 34 15 8 19 37 5 25
10 2 39 15 10 12 11 27 2 6 0 13 27 4 14 11 53 27 16 1 2 0 2 1 5 3 3 8 8 11 10 20 14 14 18 33 60 1 2 2 8 13 0 20 15 13 8 2 43 5 12 12 55 1 35 3 0 22 16 78 5 7 20 3 5 11 2 0 20 0 5 29 3 8 4
39 10 12 13 6 14 34 1 12 8 4 21 13 32 3 9 6 21 2 14 2 27 43 9 0 25 11 6 12 13 1 3 22 11 3 9 31 4 17 7 9 7 2 5 0 11 28 4 7 52 8 4 1 17 20 24 20 7 8 5 15 2 5 26 7 0 53 10 21 3 20 12 9 0 48
16 10 11 2 10 0 8 17 11 7 6 4 13 10 38 1 18 5 0 26 5 28 6 4 11 66 7 1 2 6 68 8 43 3 0 7 3 11 36 26 18 15 3 0 14 14 6 16 11 2 6 10 13 26 9 5 60 24 1 35 9 4 3 5 1 22 0 2 35 4 15 23 2 4 29
5 9 19 11 55 34 19 38 1 2 2 20 14 8 31 19 6 11 34 4 0 14 1 9 23 1 26 28 3 0 9 26 6 16 0 15 1 3 5 1 34 11 27 18 3 9 4 39 13 1 5 8 4 18 12 10 18 20 6 17 14 4 28 1 23 2 5 31 8 47 7 2 16 5 1
8 16 0 0 68 12 18 3 40 25 2 36 12 34 3 42 16 1 6 22 3 3 11 15 1 0 23 24 6 4 4 13 20 26 18 26 46 3 23 23 19 2 3 28 8 4 1 14 3 2 0 10 36 10 7 3 4 8 10 2 0 15 8 0 7 0 3 1 4 5 91 1 20 3 12
27 1 28 83 17 2 32 13 3 14 42 2 3 2 4 6 2 15 14 23 4 2 50 13 9 5 12 20 9 3 34 12 8 8 1 6 4 12 6 27 3 3 5 5 70 15 13 20 2 0 1 0 2 25 5 20 17 10 0 56 12 15 16 1 5 3 2 20 21 7 6 22 0 3 17
1 20 6 1 25 4 3 8 13 4 3 25 71 7 50 5 3 8 7 2 15 6 4 0 12 40 6 11 10 6 4 15 4 17 3 7 21 1 2 19 2 11 1 4 2 58 16 9 9 19 11 24 33 2 9 15 7 5 23 19 3 24 7 45 12 3 2 20 64 36 6 3 18 6 3
6 27 7 3 9 4 16 8 21 22 5 17 33 1 4 18 12 41 1 6 18 0 0 3 6 6 2 2 3 17 15 6 4 10 15 21 32 37 0 24 20 52 1 19 16 3 9 11 6 19 32 5 4 3 5 49 4 10 7 0 24 12 49 38 4 20 5 1 20 2 13 9 6 22 18
23 9 3 0 0 15 41 5 22 3 4 27 11 7 14 5 21 10 10 3 10 19 11 8 10 2 7 12 3 7 26 31 13 20 26 39 37 34 3 1 3 10 39 9 2 0 2 11 0 14 3 17 15 25 5 14 7 28 23 1 13 22 18 0 5 11 7 0 16 83 6 21 0 4 14
2 0 35 6 5 15 8 3 7 25 6 6 20 2 43 8 6 7 12 23 0 8 9 19 4 0 0 8 5 11 56 13 5 1 1 36 5 5 36 1 6 8 8 0 2 0 5 15 18 41 15 22 8 2 10 1 22 16 0 5 39 6 1 5 0 20 19 4 37 64 60 19 29 18 13
2 1 10 14 20 2 3 13 13 65 6 18 12 10 18 23 6 19 10 13 12 16 16 2 1 6 14 7 3 3 32 8 11 15 27 0 24 1 15 14 6 2 18 14 3 0 10 5 34 6 5 8 3 21 8 8 19 10 12 21 10 17 17 40 10 24 32 12 15 13 19 51 3 12 7
-1 16 12 12 2 23 22 3 4 30 7 13 0 13 23 20 6 17 22 0 9 4 38 20 12 11 4 23 2 17 7 17 0 5 4 1 15 11 8 1 2 30 21 8 4 8 18 5 21 13 10 14 25 21 10 5 46 39 26 31 0 21 29 0 3 4 13 4 14 3 6 7 17 66 3
9 6 31 17 10 37 35 12 13 1 25 41 1 28 11 4 8 2 4 7 6 32 18 19 4 4 11 5 0 2 9 12 8 1 14 7 2 0 10 7 10 31 4 10 2 1 6 35 7 15 1 54 56 12 4 10 4 3 8 9 7 3 39 2 0 12 11 20 52 19 66 0 2 10 2
11 6 5 10 16 25 6 0 5 2 25 72 10 5 39 31 37 2 15 36 9 3 16 16 12 11 1 1 9 28 6 2 2 2 1 6 15 12 19 7 9 21 4 14 16 93 18 18 7 9 0 32 15 3 4 1 12 4 0 24 5 17 27 1 4 27 11 7 7 15 3 7 16 7 6
31 25 1 5 1 14 16 21 11 17 23 19 9 7 13 4 25 20 3 8 3 18 0 5 0 10 1 16 46 3 13 24 73 38 2 8 5 10 6 7 21 3 0 13 26 6 26 59 6 16 0 2 9 2 1 9 13 9 1 3 5 34 34 0 0 6 7 10 13 26 29 19 8 9 14
3 21 18 14 30 17 13 31 7 1 1 42 9 22 39 18 10 28 5 2 22 0 3 7 0 1 2 0 50 1 0 0 5 11 28 39 17 28 0 11 27 0 22 0 5 7 14 0 4 21 0 50 0 54 29 25 5 32 1 41 4 2 8 9 11 13 2 5 0 1 20 12 11 2 7
17 15 47 22 7 7 19 23 19 45 3 45 1 4 14 20 8 1 1 13 2 12 11 9 12 6 3 33 19 12 12 13 2 1 31 8 14 4 7 2 22 1 16 13 14 7 0 13 9 34 2 17 1 15 1 3 1 23 23 7 38 2 1 21 19 5 19 5 22 4 12 56 19 8 3
4 5 41 20 2 17 0 10 24 19 1 4 4 4 19 2 39 7 29 4 29 17 6 3 1 5 7 12 2 0 2 17 9 17 17 4 0 1 7 23 18 12 8 30 13 33 2 0 20 25 46 36 13 7 10 28 5 19 19 40 5 8 2 9 3 10 12 24 2 20 49 5 20 11 2
6 8 9 2 30 26 9 25 19 7 0 46 5 12 40 15 31 3 9 28 2 0 20 6 1 30 2 27 0 3 8 17 0 5 25 15 15 8 7 44 17 54 1 16 31 55 8 7 26 3 15 1 1 10 6 0 8 9 5 8 17 3 0 12 2 11 9 4 14 6 3 6 7 54 6
8 7 1 4 16 0 24 6 3 33 12 2 42 4 8 10 25 11 25 12 9 3 53 7 28 11 3 9 2 19 12 7 25 15 15 18 0 45 13 36 22 18 3 6 1 1 8 13 44 11 1 0 17 2 21 4 0 0 8 17 9 31 13 3 13 15 5 33 20 20 17 5 6 24 6
-1 18 7 1 20 38 56 7 0 14 3 0 16 18 31 3 1 3 12 19 1 9 3 10 13 7 31 9 11 8 5 11 0 28 6 3 46 17 6 8 20 12 2 5 15 3 11 46 1 5 21 9 5 75 25 7 2 8 38 37 19 8 3 2 7 1 3 14 21 6 15 13 9 10 24
