25 75
5 1 4 15 6 3 15 2 50 5 21 5 2 2 14 1 27 0 13 2 0 6 10 0 4 12 35 8 7 2 7 19 12 1 41 5 9 37 6 8 10 32 13 8 43 7 23 12 46 1 12 2 4 0 35 7 2 54 21 2 30 58 8 20 1 1 10 2 51 6 11 2 13 5 26
20 20 0 8 11 47 3 44 5 12 31 14 0 20 20 0 7 30 11 17 30 3 15 15 2 3 72 5 1 0 15 19 0 5 2 7 8 3 0 5 5 6 0 17 10 11 12 9 1 13 0 43 19 25 1 4 3 10 55 0 3 0 20 1 8 21 10 15 10 18 4 91 9 2 14
7 42 7 43 8 30 1 4 56 0 9 18 2 17 4 3 43 21 30 11 3 13 8 8 17 18 0 14 8 5 11 36 84 1 28 14 29 0 14 2 5 11 5 14 16 4 21 7 3 36 7 13 23 0 0 26 0 7 2 6 3 12 30 21 9 11 7 2 4 1 1 2 7 14 1
1 16 4 18 3 6 36 19 6 14 2 24 1 39 14 1 1 27 2 11 28 7 4 1 2 17 16 8 1 12 22 29 27 2 18 20 24 33 12 2 17 14 7 4 15 14 2 13 10 3 11 8 18 35 7 35 24 9 2 36 2 12 5 25 3 3 10 29 26 7 7 14 21 14 8
17 3 10 26 0 13 1 5 0 18 7 12 9 5 1 0 5 9 19 40 28 17 4 4 5 3 0 28 3 0 22 6 18 8 66 4 11 37 8 8 3 5 6 23 16 1 2 13 2 36 22 15 14 2 18 16 16 18 15 17 9 15 23 1 0 1 14 26 61 10 36 16 22 25 1
9 26 8 9 4 29 44 7 4 28 13 17 11 29 22 6 24 12 5 6 15 11 11 4 53 2 12 2 4 14 9 4 11 0 3 11 8 72 32 5 1 12 6 6 1 11 1 32 8 26 13 29 26 5 4 0 6 13 6 0 19 21 7 41 13 6 29 3 24 7 0 3 5 14 6
7 0 3 7 9 0 17 28 12 3 14 14 3 2 13 12 7 28 2 8 23 1 4 11 5 9 5 30 19 23 32 12 6 2 2 11 35 5 11 16 6 31 14 49 9 2 6 11 22 68 26 11 2 10 7 7 18 0 23 2 4 0 30 11 17 9 36 8 18 13 28 5 15 24 7
33 15 1 28 8 13 0 2 5 9 0 1 2 1 9 3 12 13 2 63 20 23 28 36 1 2 47 8 10 21 21 13 6 57 9 1 19 33 53 1 27 5 7 7 4 4 15 5 0 0 5 1 4 0 10 20 45 13 11 13 39 1 20 22 12 25 7 4 11 9 3 6 3 7 6
13 6 6 13 8 12 13 9 0 10 3 1 33 2 22 66 9 32 3 52 15 0 24 1 6 5 22 21 15 9 26 2 4 2 1 6 1 5 12 41 7 12 11 7 5 17 11 1 56 12 10 8 7 24 0 19 13 15 21 16 7 51 4 7 3 12 7 5 4 19 17 8 4 32 17
3 24 11 22 17 5 0 1 12 32 0 24 16 23 33 8 15 1 1 6 3 6 22 6 61 1 14 5 3 12 1 2 35 17 19 4 18 55 3 11 31 17 10 4 0 12 5 15 25 11 9 15 0 4 14 5 6 2 5 52 11 4 4 0 5 1 32 3 17 15 68 12 21 4 9
12 10 21 7 9 11 1 13 8 38 6 23 15 10 2 16 12 0 30 0 4 13 14 42 36 5 3 10 9 2 72 7 0 30 32 1 10 27 0 9 53 3 3 0 14 4 30 39 15 7 9 15 1 15 9 2 3 13 11 10 4 0 7 39 7 25 4 12 1 21 29 7 8 0 10
64 1 0 37 1 0 1 7 0 11 0 8 21 5 11 4 24 10 8 2 29 6 27 9 36 68 12 5 11 10 11 17 1 10 21 9 34 8 29 0 6 8 10 2 18 7 34 3 1 2 13 2 0 2 2 17 44 3 13 36 1 12 5 13 31 33 10 30 11 2 8 7 29 7 10
-1 18 18 19 37 9 22 1 17 4 5 7 38 21 14 3 7 8 18 21 18 0 35 1 22 1 5 13 11 5 11 1 16 0 3 7 94 3 0 11 8 10 2 5 1 38 0 44 5 14 17 2 22 1 19 6 10 63 24 1 7 9 2 22 19 17 9 17 6 24 17 5 4 5 2
2 11 2 39 15 5 9 27 32 10 2 7 13 21 17 28 33 0 41 44 31 17 6 16 5 6 2 2 24 2 16 3 26 12 1 4 5 5 32 34 21 7 18 4 0 3 1 1 4 52 19 0 17 9 23 5 2 0 2 39 3 20 4 2 4 46 1 13 3 40 20 3 4 0 3
20 19 2 0 11 70 12 5 10 8 2 11 53 10 48 8 22 24 5 7 6 32 11 8 1 9 19 24 24 58 5 7 26 13 6 32 1 16 8 8 12 34 13 6 5 0 5 10 7 4 23 18 15 14 9 0 0 2 17 4 0 14 8 39 6 33 7 4 2 1 2 9 12 1 3
17 1 19 44 29 26 1 12 18 14 23 15 4 45 3 13 32 8 0 9 27 47 12 13 17 24 6 17 0 10 13 0 3 28 6 32 4 25 3 0 24 26 2 37 0 5 29 39 4 6 5 5 11 3 0 21 31 2 2 9 1 6 0 1 7 2 21 0 0 3 22 7 39 5 5
19 0 40 43 26 9 5 14 39 13 5 34 12 7 16 9 18 9 2 9 33 2 0 26 17 13 36 9 6 4 19 4 4 34 25 0 6 4 3 5 24 3 6 7 7 47 3 0 0 20 5 9 6 4 35 15 5 2 12 1 17 5 0 10 10 22 9 13 41 32 2 14 8 15 12
-1 13 18 13 9 4 19 5 0 5 5 1 38 1 1 6 11 21 0 21 7 14 29 0 22 3 4 4 31 2 5 15 8 4 55 0 12 3 6 1 7 2 12 41 0 3 0 7 6 2 0 37 34 5 57 3 45 49 20 20 13 17 55 3 11 2 1 34 29 0 6 26 3 27 8
7 1 23 9 14 17 4 4 21 7 23 21 38 11 7 1 12 8 2 1 11 36 12 18 13 6 40 2 12 9 28 39 27 0 27 3 5 49 23 6 5 4 2 2 13 5 5 18 1 10 6 19 0 38 2 12 12 4 32 4 44 27 34 11 3 15 5 1 6 2 18 9 11 5 18
13 21 9 71 5 12 39 13 16 6 10 6 4 0 49 13 11 3 0 7 15 7 2 1 18 11 7 26 13 17 13 7 0 5 1 8 27 1 2 43 30 16 38 3 25 1 16 21 4 21 24 8 4 26 1 1 34 4 5 5 7 27 7 36 5 8 9 17 3 15 17 2 5 0 23
2 0 12 16 2 12 12 12 2 3 11 0 2 2 7 3 17 11 0 7 9 4 6 0 13 4 18 19 9 46 40 12 20 0 17 29 42 1 8 0 59 17 14 12 5 63 44 3 2 13 11 15 5 7 28 10 58 3 0 0 17 14 7 3 61 16 34 10 1 0 3 11 7 7 10
51 8 10 0 3 8 3 16 2 2 3 3 19 4 21 25 8 15 40 4 4 6 25 14 12 12 12 23 1 1 8 3 2 24 14 10 19 14 0 12 42 27 0 57 31 10 17 77 25 1 17 2 36 12 11 2 2 3 11 8 4 6 2 15 10 16 9 3 37 2 1 23 4 4 12
15 5 13 25 5 22 7 15 24 20 14 9 17 3 12 10 0 10 12 11 15 2 17 25 4 18 3 11 20 0 10 16 43 1 5 2 6 34 18 15 4 13 8 10 12 39 14 2 8 5 38 36 24 6 43 0 29 4 1 26 19 1 1 2 5 11 17 19 26 24 15 10 10 1 3
20 1 1 8 31 14 11 7 0 5 3 4 19 7 12 2 23 19 23 2 6 0 3 119 9 9 7 3 1 0 32 11 3 21 1 32 1 20 27 9 15 4 3 14 6 6 6 12 3 7 0 14 65 17 0 39 15 18 15 11 16 7 0 40 9 9 2 17 44 7 0 18 4 7 24
8 11 5 45 5 44 5 27 24 33 11 15 1 14 1 29 1 44 4 11 39 0 0 15 3 6 0 53 13 19 8 15 2 0 15 2 20 3 5 0 8 32 2 6 10 3 21 8 5 4 8 17 1 28 12 2 4 53 8 10 16 23 8 28 7 11 9 2 3 5 31 21 0 27 11
