25 75
4 5 24 4 22 17 9 0 1 13 26 11 6 3 3 6 8 2 26 4 0 5 4 32 10 10 18 49 0 13 8 7 12 5 10 13 6 18 0 29 9 40 41 32 9 35 15 6 0 11 22 3 3 63 28 12 3 26 3 24 8 8 2 1 15 2 0 9 36 11 8 11 55 3 3
4 13 2 0 3 14 3 4 30 6 4 1 0 9 1 4 0 4 10 20 8 14 6 14 4 12 3 10 13 4 29 41 39 18 16 3 18 7 0 21 0 67 3 35 3 32 10 28 17 8 4 43 20 4 1 14 22 20 63 0 9 12 0 29 8 48 5 10 4 28 7 0 6 3 25
6 59 13 12 10 16 31 35 1 0 0 8 4 15 1 27 31 11 2 11 1 15 38 27 1 2 18 5 14 4 24 20 2 7 1 21 3 28 3 5 3 1 0 3 1 11 2 23 7 27 7 2 45 7 2 2 0 35 5 14 6 14 17 10 9 2 23 8 26 23 10 51 61 3 8
-1 9 48 9 18 22 9 15 3 4 20 11 32 4 10 8 11 10 31 2 4 29 8 11 1 17 4 10 2 4 8 12 4 10 20 44 0 22 7 9 31 9 25 1 23 9 18 0 1 23 13 6 12 1 5 11 38 1 0 12 3 27 1 30 5 12 14 5 39 0 14 41 20 28 21
3 21 1 13 9 24 3 24 6 2 29 0 13 4 19 4 23 16 11 21 16 18 8 10 20 12 41 2 13 25 37 6 5 25 29 8 5 7 6 0 4 10 25 21 9 25 13 12 15 17 3 18 0 2 27 18 5 25 14 16 18 9 10 12 8 1 5 0 0 49 43 8 2 16 1
9 25 13 37 19 7 29 6 6 12 14 4 12 2 0 7 11 28 14 21 4 4 17 5 10 3 4 53 27 5 2 11 11 20 14 21 19 8 24 4 5 33 3 10 21 4 0 5 0 1 18 2 20 20 4 6 3 1 4 36 10 1 16 18 11 6 49 67 1 24 25 20 5 7 2
4 19 31 10 2 4 22 7 5 3 7 12 17 21 0 1 22 2 17 2 2 11 4 18 11 15 10 26 5 17 2 12 5 5 27 6 18 49 13 17 20 4 55 25 5 16 1 1 2 3 17 2 20 3 12 7 19 35 7 5 13 24 14 0 42 2 47 9 3 8 38 7 1 33 19
8 5 9 8 27 27 50 8 9 13 5 1 9 4 17 4 13 29 42 36 14 21 22 8 5 19 3 5 21 13 14 9 28 1 7 0 36 26 10 3 23 2 17 0 4 18 11 16 9 3 8 14 7 22 65 13 2 0 6 8 30 34 3 5 1 5 0 5 5 24 0 11 16 1 23
10 9 0 2 11 36 8 16 4 7 4 6 2 9 88 1 44 6 23 43 0 26 2 10 8 42 9 3 0 15 4 1 11 1 0 1 9 2 14 10 1 75 1 17 24 8 37 66 34 4 10 6 4 8 1 19 20 0 2 13 0 3 9 3 25 25 5 12 3 7 9 5 17 9 21
5 3 14 25 2 9 36 27 3 0 15 16 14 2 20 15 3 8 35 5 10 68 6 1 5 13 12 0 15 8 21 18 3 5 6 14 0 1 14 2 10 27 1 4 3 0 54 38 3 0 3 11 6 23 15 6 20 15 6 46 32 31 1 2 8 10 11 38 5 2 0 7 6 20 57
3 33 1 1 0 22 23 3 0 41 0 18 0 13 3 15 6 26 6 42 9 0 2 17 1 24 20 29 8 16 2 6 1 10 14 11 22 13 36 4 9 19 5 8 29 6 22 2 6 28 15 3 5 27 23 0 7 10 3 4 38 11 0 8 3 62 9 5 8 41 1 8 11 8 55
3 8 1 7 23 11 9 0 6 1 8 32 14 0 0 6 8 23 49 19 13 7 18 0 11 19 23 2 0 23 33 34 6 2 15 14 10 15 3 12 8 80 3 21 47 4 4 1 20 18 29 6 7 8 18 5 12 17 33 36 26 0 1 15 3 19 11 4 2 19 11 5 1 15 3
23 10 12 5 65 15 7 4 5 0 29 4 25 3 15 3 15 50 5 15 37 1 6 11 14 24 28 13 0 4 0 16 10 0 8 2 5 20 0 8 3 2 40 45 14 40 0 14 10 0 10 1 46 1 5 12 4 37 5 12 1 4 7 3 15 14 1 2 12 9 5 20 41 20 28
29 27 20 1 3 48 3 1 6 10 6 3 21 15 3 4 4 16 28 14 22 4 1 31 2 5 1 10 22 8 16 0 14 10 27 7 5 7 2 17 1 32 19 31 10 16 2 15 3 34 46 23 0 25 28 31 15 3 7 21 8 4 5 22 24 5 2 18 2 27 26 1 11 0 10
7 5 9 10 22 8 15 17 0 13 8 30 9 24 19 16 0 4 11 39 18 29 7 11 8 1 6 11 4 24 14 23 12 7 29 5 9 47 4 1 5 14 3 7 9 4 6 29 6 19 17 22 8 13 4 29 27 17 3 15 32 4 0 6 25 2 19 20 17 7 31 4 34 1 5
6 27 21 36 17 2 4 29 15 19 16 15 11 31 1 90 6 2 11 4 2 9 15 0 10 4 28 18 2 13 12 4 41 15 8 18 13 1 0 7 1 2 2 111 0 6 2 26 13 9 9 10 49 15 5 5 3 10 13 2 35 9 2 16 3 9 11 10 2 3 6 0 1 7 10
11 5 31 47 6 6 0 7 3 8 3 42 17 10 7 9 1 7 9 32 13 13 16 3 9 10 8 18 5 0 28 10 6 2 0 1 12 25 40 23 13 20 18 1 8 44 26 3 30 5 11 17 5 0 0 18 34 4 36 19 6 15 6 55 14 9 6 9 2 30 0 32 0 0 1
26 5 23 29 14 0 3 16 2 14 9 9 20 2 4 11 11 18 27 21 19 5 1 18 13 11 9 4 19 0 14 15 11 9 10 27 1 24 10 49 29 0 3 11 26 5 65 7 37 0 15 8 23 1 2 27 2 6 7 4 9 2 10 13 31 63 0 4 17 5 6 7 2 4 16
3 22 2 12 0 21 9 4 16 6 20 20 16 21 7 3 3 20 10 0 16 25 70 2 16 21 11 3 2 3 26 11 2 14 22 16 1 42 12 1 29 65 22 12 5 20 5 4 13 4 6 41 3 6 25 10 21 15 4 19 5 3 9 6 15 8 2 1 14 17 23 1 29 5 2
12 1 2 12 12 47 25 28 1 0 5 5 7 8 3 19 5 8 15 28 6 14 3 14 0 7 7 5 71 41 16 16 0 23 6 26 26 5 20 15 4 17 30 0 20 3 7 6 26 19 7 1 6 9 18 10 2 3 15 12 6 1 5 0 26 5 62 29 5 0 2 8 11 39 22
0 4 22 30 2 16 5 7 14 20 21 13 11 1 2 34 16 8 12 24 4 4 1 1 26 45 39 18 2 46 27 0 39 3 3 6 14 1 4 10 10 33 2 5 33 33 9 6 3 11 6 1 29 16 1 1 8 0 47 2 5 8 14 8 6 1 5 61 30 3 1 22 9 5 11
1 0 22 5 7 27 4 32 21 23 7 1 16 20 40 18 23 21 8 34 8 4 11 12 19 7 11 12 2 5 34 29 3 22 8 7 5 13 3 11 4 26 5 27 36 8 3 20 18 20 18 6 16 20 17 3 0 7 11 19 7 6 3 2 5 43 1 6 16 29 1 1 15 22 3
15 4 17 6 1 4 2 11 13 9 36 4 0 24 8 20 22 30 12 3 2 33 1 18 20 16 28 70 11 79 0 4 14 0 1 19 3 24 4 30 0 13 8 9 3 12 12 2 11 3 15 3 0 34 39 45 0 2 30 3 32 10 4 13 4 2 22 8 2 2 0 17 2 13 7
-1 14 40 10 33 14 3 4 6 3 2 1 0 62 2 0 25 45 5 3 6 3 47 19 7 20 6 18 17 18 43 10 6 22 7 12 2 8 2 16 7 8 26 10 18 2 7 0 3 6 6 33 2 34 3 17 9 4 13 10 4 12 12 7 71 2 10 16 1 17 8 0 33 3 26
5 0 18 9 5 44 5 42 12 0 19 29 6 35 18 36 10 1 5 6 3 8 9 4 17 7 3 22 6 15 15 3 7 27 0 5 6 12 4 3 16 8 2 11 20 16 22 4 0 21 8 16 4 16 28 47 11 0 24 5 41 7 10 22 19 22 12 7 7 29 16 6 6 35 1
