25 75
12 10 10 25 29 11 16 32 22 9 6 15 3 6 27 14 10 5 37 0 37 44 7 2 2 33 2 26 10 3 6 33 6 13 35 1 3 8 1 10 3 12 5 27 5 6 5 7 15 29 4 1 22 18 8 20 10 7 9 4 21 26 4 9 7 6 8 5 7 3 10 24 13 51 8
6 10 3 19 0 23 11 7 10 10 5 13 17 40 1 2 37 3 8 6 7 0 2 0 7 9 23 10 16 7 3 6 17 24 21 24 3 1 9 26 12 6 10 38 25 2 109 11 4 20 32 5 29 39 38 19 8 20 4 5 3 13 16 2 11 1 2 10 3 2 22 5 11 5 12
-1 4 3 13 22 23 0 27 1 6 1 42 2 17 22 17 5 1 0 4 0 12 18 43 26 52 2 15 0 0 11 4 3 7 0 27 9 6 15 13 28 4 22 9 36 5 3 14 0 36 27 15 34 33 46 2 2 5 0 8 15 4 18 13 30 42 4 4 1 37 12 0 2 5 12
6 0 22 9 10 23 32 19 33 5 40 12 9 6 32 3 1 5 2 0 1 4 6 10 3 7 27 56 14 6 3 9 4 8 13 39 49 4 37 17 10 15 13 4 21 6 14 35 14 10 24 30 6 0 1 0 15 10 39 3 15 5 19 3 3 7 3 5 4 3 0 43 14 12 8
44 0 3 8 1 6 27 31 67 47 6 6 2 6 9 2 23 6 0 3 12 7 18 2 22 4 34 2 20 4 2 29 3 21 5 3 37 7 1 7 2 0 4 18 2 2 28 14 18 1 35 5 6 0 44 23 24 18 0 0 5 20 31 25 2 32 6 14 2 11 4 8 36 1 22
56 7 3 11 3 15 12 3 28 23 2 20 18 5 36 13 1 7 6 51 28 10 4 5 12 37 19 7 31 21 1 18 28 0 1 2 1 1 1 9 1 1 6 18 15 32 1 38 3 13 3 1 0 4 9 4 3 32 5 23 19 40 19 5 38 11 4 1 5 2 11 41 3 5 28
4 20 9 30 3 29 4 32 12 6 3 20 1 23 6 14 9 0 12 6 20 8 5 8 25 8 9 20 7 1 23 3 30 76 4 22 2 21 12 49 31 9 20 1 13 6 15 11 2 10 12 21 5 2 10 16 25 30 1 5 3 0 0 15 18 21 22 7 2 6 4 21 19 8 13
14 0 2 17 18 0 9 22 12 6 13 3 1 6 3 24 23 5 4 12 7 3 7 11 9 31 2 10 6 3 0 10 19 12 12 30 8 8 35 25 25 1 19 20 4 9 14 13 8 33 5 19 3 13 20 0 7 1 3 15 34 22 17 12 39 5 10 8 0 11 39 3 51 21 54
7 7 0 28 14 2 7 16 4 5 10 0 1 1 26 4 6 31 11 40 1 4 32 15 4 16 10 17 20 20 2 1 3 13 20 27 28 17 1 7 6 5 24 56 0 21 18 2 56 43 9 14 0 1 59 15 2 0 1 30 9 3 23 1 15 0 3 30 16 13 16 5 6 18 2
9 11 22 10 0 14 3 6 20 7 12 8 11 21 18 3 17 44 10 13 46 28 3 15 6 24 13 16 3 5 4 4 16 6 15 1 10 25 15 7 5 24 13 6 12 10 4 19 6 10 96 8 1 4 2 8 41 15 2 31 0 3 5 9 11 41 9 2 18 14 6 8 22 10 4
12 43 15 0 24 20 0 50 31 17 15 2 8 4 32 9 7 8 5 6 20 8 55 1 0 5 8 39 10 12 5 5 32 25 25 0 2 17 23 4 15 7 10 4 12 0 9 22 3 0 0 3 7 4 14 24 1 17 51 5 16 28 20 6 3 29 12 4 12 11 0 28 9 6 4
4 17 11 25 0 18 67 6 27 29 4 1 5 17 16 8 44 0 12 2 31 11 5 12 31 6 19 3 26 6 0 13 23 10 4 4 22 5 2 6 16 6 7 10 5 35 0 3 0 7 14 23 21 21 4 27 5 1 17 5 13 6 53 21 6 2 3 23 30 13 0 39 9 2 1
22 1 1 17 1 26 13 15 1 6 0 4 12 3 5 11 25 20 0 16 2 2 23 52 48 8 6 5 10 25 2 46 15 1 4 6 0 39 0 7 6 6 23 3 14 3 3 16 6 0 5 21 14 20 25 3 49 47 0 9 9 26 41 13 5 10 14 56 1 9 9 2 4 5 23
13 0 8 4 21 10 3 31 21 31 10 5 8 4 13 3 99 21 21 6 3 10 10 2 6 1 3 32 30 6 10 19 2 0 7 9 56 41 6 3 4 7 5 8 3 24 1 22 4 0 28 8 28 47 10 3 1 1 6 39 16 9 1 5 5 10 4 39 16 6 5 11 7 24 5
0 21 16 8 0 4 5 12 6 10 12 17 18 0 14 51 1 4 8 34 30 2 3 0 25 21 0 2 21 4 29 15 31 25 7 1 1 12 46 1 2 19 22 24 1 29 10 1 4 13 21 14 10 10 9 11 11 3 14 15 50 25 4 11 29 32 6 20 16 1 13 10 8 7 8
20 19 30 42 42 4 8 14 4 9 12 3 8 48 8 18 9 7 5 13 54 2 2 5 4 10 0 7 1 24 10 0 31 6 10 30 3 23 6 11 0 47 2 5 2 7 4 32 11 33 10 11 19 9 10 7 3 27 1 21 22 35 9 20 6 3 5 7 16 11 5 12 8 5 13
28 14 2 14 11 1 38 7 35 14 5 5 5 8 1 5 4 17 0 12 11 22 11 0 1 0 5 23 2 9 7 15 11 3 12 38 0 83 0 5 21 119 13 15 8 4 13 7 1 1 10 9 15 21 26 30 13 2 15 11 15 0 8 4 2 1 2 6 6 41 13 8 5 4 47
3 30 8 20 28 0 3 19 11 11 13 67 0 17 9 6 2 18 16 2 2 12 29 3 23 2 15 19 39 9 0 2 6 22 0 11 1 4 19 6 4 1 1 35 37 1 25 1 12 21 8 3 3 3 18 1 6 8 16 36 6 57 23 19 0 7 26 9 44 10 12 3 11 16 10
19 13 5 3 13 19 16 31 29 0 1 25 37 11 1 5 19 7 21 3 11 1 30 13 0 28 1 61 0 24 11 6 15 23 2 35 19 13 7 24 8 0 5 3 10 9 16 14 10 0 13 18 1 39 22 11 45 11 7 3 3 9 4 0 0 18 8 0 31 12 4 17 5 5 37
13 6 0 10 5 17 21 11 22 9 3 2 2 2 7 2 5 4 89 1 10 6 17 2 2 21 4 18 3 28 0 111 6 18 18 13 21 10 11 8 28 5 31 3 39 14 19 40 8 3 25 0 15 10 2 41 5 5 21 11 7 10 2 3 10 13 6 6 5 3 1 7 27 11 6
3 4 9 9 11 60 7 29 13 0 0 10 4 2 27 10 1 13 44 12 12 32 10 10 6 1 8 9 2 42 13 12 16 67 30 0 1 0 7 4 7 0 20 9 3 2 6 25 9 39 5 29 51 7 12 9 12 5 3 8 0 8 8 0 16 27 0 8 5 31 29 23 22 9 3
10 0 24 13 27 0 17 1 2 19 10 13 27 8 8 2 16 9 26 2 26 28 17 11 0 6 33 12 25 3 5 8 2 12 15 7 4 3 0 6 22 0 29 20 3 4 11 17 1 0 59 9 27 21 1 43 7 2 41 24 0 12 29 3 7 6 39 5 0 51 3 16 1 3 27
15 10 0 1 1 8 26 4 23 28 20 10 16 5 17 0 49 4 10 0 7 56 23 16 40 14 2 2 6 33 5 1 13 39 28 6 1 6 13 9 1 0 15 33 12 5 36 13 10 21 5 9 4 4 23 1 2 0 18 9 62 14 6 6 17 24 16 1 5 9 10 31 2 6 3
-1 1 22 17 28 22 20 7 0 58 19 21 11 10 16 11 2 34 56 23 20 51 19 10 1 34 75 3 5 6 7 3 0 18 0 3 19 14 22 28 15 12 15 12 4 9 0 10 16 7 11 7 11 2 3 5 0 6 3 2 5 9 19 5 14 0 0 6 6 17 36 8 3 0 7
15 3 11 29 16 20 16 17 13 2 3 23 15 1 39 2 39 19 15 7 19 1 10 36 8 45 12 4 16 6 22 19 18 14 22 13 0 18 3 9 1 1 20 12 26 9 3 18 2 19 8 8 1 7 2 17 7 16 30 30 2 3 17 25 23 0 2 6 38 16 3 5 3 12 8
