25 75
9 30 28 7 6 3 10 6 5 3 49 10 6 13 20 16 2 8 12 86 61 5 0 23 2 17 15 10 20 26 10 6 19 12 41 5 3 7 8 2 0 12 23 1 8 2 39 25 10 1 8 48 25 12 0 11 8 0 11 15 17 1 3 6 18 3 40 4 7 1 5 1 7 3 4
3 6 44 1 7 0 8 24 23 9 11 5 61 31 3 4 7 3 16 27 25 16 33 12 14 2 7 21 3 2 7 3 22 20 19 1 16 20 3 4 3 2 6 14 13 11 3 3 25 12 11 47 1 2 11 4 12 10 3 12 9 25 0 0 14 33 2 42 31 1 29 2 41 9 14
10 0 7 12 5 28 5 14 14 36 44 16 33 12 17 22 36 23 2 7 11 3 1 6 4 4 15 32 0 12 6 5 67 2 17 0 13 27 2 5 7 8 16 1 16 20 3 13 3 5 31 4 4 6 16 3 26 3 3 47 5 0 18 16 42 14 24 13 9 0 1 26 0 8 14
17 7 13 19 0 6 5 13 17 8 27 0 50 4 33 1 3 1 7 0 1 10 1 14 8 2 16 10 8 4 7 3 14 29 7 11 15 5 5 4 16 13 35 4 43 9 7 19 1 6 13 15 10 14 42 44 3 12 17 3 40 11 12 34 9 6 48 17 20 29 5 9 13 14 2
0 23 13 0 2 5 3 12 3 0 10 6 19 7 61 6 1 9 29 17 2 18 20 1 9 49 6 12 4 10 8 23 47 6 3 2 13 22 45 6 5 13 7 12 9 6 7 16 19 25 0 20 7 50 12 19 1 2 2 7 37 7 25 4 8 1 8 11 8 5 16 21 2 6 70
-1 10 16 8 1 19 18 0 48 10 7 8 16 2 33 14 28 24 3 0 14 29 3 1 1 28 26 16 0 5 33 3 14 0 2 9 0 10 2 3 7 5 37 14 3 17 2 0 13 42 5 17 64 6 19 16 8 19 1 8 2 2 7 28 14 0 4 7 3 26 8 37 4 63 29
8 22 15 4 0 3 0 9 8 18 63 5 12 2 19 15 8 17 9 48 23 13 0 1 23 6 11 19 34 9 1 0 24 2 21 0 0 0 16 4 5 12 2 1 1 32 2 14 10 4 49 4 7 13 2 49 18 23 1 23 36 4 3 23 1 1 45 3 4 2 0 54 14 40 6
1 26 5 0 4 19 1 33 8 36 18 10 0 19 9 3 4 36 3 8 23 8 3 68 24 42 13 6 31 15 0 4 10 34 13 0 26 31 21 9 12 3 3 2 2 7 27 17 1 13 0 11 24 3 6 33 10 1 12 8 3 27 6 11 12 9 8 10 4 4 21 33 10 7 16
4 12 0 11 2 1 49 20 0 0 2 3 3 9 0 5 1 30 11 0 28 5 3 26 0 12 18 3 32 25 2 8 21 41 2 4 19 19 15 24 15 12 14 4 19 4 33 3 32 16 10 9 1 3 23 20 4 26 53 6 2 2 5 8 35 15 4 18 19 3 13 23 48 6 22
16 30 53 32 5 16 13 0 4 26 12 11 20 5 15 3 7 4 18 40 22 26 14 2 2 12 4 1 2 8 51 13 19 33 22 30 1 15 40 8 1 25 0 7 7 1 5 12 0 9 11 1 26 14 4 2 15 18 14 4 5 3 11 3 0 10 29 32 1 11 16 17 27 2 2
1 0 7 35 22 1 7 3 6 26 10 14 8 26 7 4 3 26 27 10 18 4 43 6 9 9 15 10 8 2 2 22 10 20 9 10 11 13 0 0 1 22 4 3 25 1 5 5 49 0 36 5 52 3 4 7 31 25 11 0 12 27 12 3 58 14 7 28 6 26 17 20 7 6 4
23 0 23 0 6 26 15 26 4 4 1 18 12 18 21 4 0 5 3 9 1 4 17 3 17 6 0 6 0 0 19 50 21 8 29 6 6 4 16 54 8 23 55 5 5 2 1 4 5 6 13 22 19 7 4 41 6 18 13 5 9 16 11 24 1 1 26 23 10 28 27 0 28 13 36
9 19 16 2 15 40 13 16 10 2 15 86 19 0 8 4 27 4 1 7 21 7 17 6 15 35 3 8 5 1 21 3 9 7 2 26 10 9 21 14 18 1 2 11 1 40 63 8 4 5 15 0 78 0 4 8 21 5 9 1 5 19 3 9 8 3 0 21 16 17 8 19 4 6 15
7 18 5 41 2 19 17 8 25 1 4 6 9 26 19 7 19 40 15 28 51 11 7 4 8 6 8 0 5 11 24 27 3 12 32 75 7 14 5 13 9 0 0 3 4 12 13 2 1 27 1 38 8 24 2 3 7 8 10 12 7 14 8 9 28 3 3 24 1 7 26 29 5 11 2
76 14 14 2 1 7 24 3 0 15 10 12 6 0 5 16 0 2 43 14 14 7 1 22 13 15 22 7 9 18 62 1 2 15 33 0 13 2 29 3 6 25 9 3 59 7 1 30 0 2 0 10 51 4 0 28 4 4 6 1 24 45 28 9 1 0 4 7 0 3 3 55 2 13 4
0 1 11 15 37 3 10 7 4 102 8 7 23 7 45 12 17 3 11 2 27 26 34 7 0 18 3 3 7 21 13 0 10 18 2 0 1 5 21 11 18 6 6 19 6 71 31 16 17 2 10 1 30 7 5 1 1 37 4 0 25 3 20 25 10 7 2 19 17 2 1 4 18 0 7
22 5 0 1 24 8 14 1 4 5 10 24 1 4 10 4 9 0 0 2 47 17 10 25 21 43 3 11 1 15 4 15 10 25 9 47 22 3 19 18 38 15 10 10 15 20 30 26 1 15 3 43 0 14 0 1 9 37 4 19 45 1 5 5 17 0 0 2 1 10 7 8 33 18 25
18 3 8 8 0 5 6 14 3 23 6 5 1 25 18 6 18 1 7 29 6 19 15 27 26 9 7 23 1 6 2 1 3 38 11 7 0 3 5 13 42 38 21 3 3 92 2 14 26 1 29 2 8 9 63 1 18 1 17 6 6 5 12 1 9 2 20 0 32 28 11 4 43 1 4
6 46 9 1 13 40 8 4 4 21 17 4 1 2 7 9 23 14 16 4 3 5 20 12 7 2 7 5 6 3 5 31 9 2 21 46 9 0 8 35 6 23 12 20 13 3 60 1 4 2 14 1 11 10 31 7 3 0 23 35 2 14 8 6 20 7 36 27 22 3 25 10 30 10 16
23 18 36 8 3 2 49 4 2 31 35 13 22 9 0 5 0 7 3 0 0 9 6 21 8 20 2 6 19 7 54 15 6 6 21 16 29 21 15 17 4 3 2 31 3 0 1 23 2 7 8 1 7 4 13 16 7 16 15 41 41 75 13 15 9 1 16 0 9 13 2 1 2 4 27
5 39 3 0 11 37 4 8 25 6 31 28 1 20 5 9 49 18 14 2 25 9 13 28 0 0 12 28 18 26 21 29 18 19 6 1 14 11 1 5 3 1 11 12 3 17 46 10 11 3 5 12 4 24 5 5 23 23 10 7 2 4 11 2 7 12 7 22 0 10 19 3 21 24 22
3 14 10 23 21 49 7 30 4 0 38 19 1 1 1 16 4 23 8 18 8 36 18 20 8 21 9 3 42 5 40 20 33 5 15 3 15 7 2 1 16 7 5 0 5 7 5 1 43 19 6 4 5 8 10 3 5 51 6 15 8 6 11 10 5 9 18 11 11 5 5 2 72 1 4
12 23 1 3 11 4 8 25 15 2 3 11 0 5 20 7 29 5 16 0 7 46 4 2 6 7 7 0 1 1 16 4 22 43 1 1 3 2 1 3 29 6 42 8 23 10 18 5 20 0 14 13 3 28 5 8 16 1 25 0 19 14 2 60 18 2 16 13 0 0 35 118 46 5 1
17 3 7 11 6 5 4 79 13 8 14 5 14 2 5 51 11 5 26 3 2 24 11 0 15 7 5 10 25 9 6 9 29 20 18 9 3 3 7 28 13 8 6 36 9 7 16 18 3 1 7 7 11 59 3 96 6 9 7 4 0 16 17 9 17 14 3 9 1 31 0 1 8 6 13
-1 4 18 19 13 33 4 10 8 11 10 9 31 7 5 8 5 7 9 4 6 36 11 8 2 8 11 5 8 39 5 7 4 19 5 21 1 9 1 1 1 6 33 16 2 4 2 21 10 9 5 48 1 39 0 3 7 25 20 24 98 41 5 10 21 41 14 13 19 3 5 3 0 24 6
