25 75
37 22 4 25 4 5 6 14 12 5 25 47 11 0 0 18 12 12 20 2 15 18 16 9 8 11 13 10 25 5 3 4 2 2 30 35 11 34 11 0 10 7 46 16 27 9 27 6 7 7 21 17 0 1 0 27 10 4 3 21 9 1 7 2 1 10 5 26 10 28 11 11 0 1 69
5 17 47 0 6 15 1 9 43 15 0 1 43 3 40 6 6 2 12 0 19 9 2 8 15 5 1 14 12 6 3 40 0 9 4 2 16 5 18 4 3 31 23 4 35 21 9 7 30 5 29 7 26 2 2 6 76 7 7 14 8 1 46 6 5 33 7 3 9 0 3 31 9 31 1
18 8 4 4 16 2 5 0 12 5 20 18 7 11 74 18 7 1 17 0 11 9 13 8 16 14 4 18 13 4 4 0 10 37 1 44 5 13 73 0 4 46 32 4 0 6 3 9 29 4 10 9 25 20 21 11 8 5 10 32 9 21 14 0 4 18 2 20 1 12 12 7 3 19 26
8 3 19 20 10 12 7 15 5 3 10 22 2 9 21 34 4 9 4 0 10 9 21 5 22 3 3 1 15 5 38 130 7 34 8 9 1 20 0 13 26 11 18 31 13 32 32 10 6 15 9 3 9 2 2 0 52 15 19 0 27 21 1 0 1 5 0 10 9 0 12 3 21 1 13
9 13 3 11 0 32 1 0 0 3 12 6 0 3 17 17 18 5 14 15 16 9 29 8 10 14 44 22 28 4 48 18 25 0 10 24 49 3 8 5 24 25 1 50 9 15 4 13 11 12 0 11 2 8 1 41 9 35 19 7 2 8 9 0 3 23 13 17 18 4 21 16 9 0 7
2 2 11 6 2 26 29 11 30 11 15 2 6 21 7 3 12 6 3 28 40 1 3 8 0 5 13 8 1 0 5 0 18 25 18 53 2 12 27 62 3 2 6 9 2 1 4 0 41 6 14 7 8 4 7 8 26 5 21 21 16 8 16 8 51 10 0 34 10 0 1 54 1 10 52
25 9 13 9 1 0 31 7 0 2 37 1 22 25 5 2 3 6 3 18 8 13 12 0 6 8 23 2 61 7 6 10 8 22 3 17 58 13 0 5 9 34 0 2 14 8 6 45 7 9 1 5 0 2 0 3 2 1 25 59 23 11 45 23 20 26 12 0 18 16 1 35 9 12 16
9 23 7 36 31 64 6 2 8 28 12 3 7 0 9 6 0 7 63 4 3 8 5 39 34 7 2 55 5 6 1 0 33 9 34 3 31 0 8 5 21 31 10 37 12 8 4 17 10 0 2 8 7 17 0 16 5 1 13 1 17 19 0 4 11 24 1 7 3 6 3 41 7 20 4
2 15 10 19 16 0 15 30 0 9 1 22 34 1 33 2 13 3 1 4 45 57 23 0 27 1 6 7 1 2 2 17 9 10 3 3 8 4 24 7 11 10 5 1 4 51 33 26 7 1 5 19 12 3 1 44 3 16 0 21 17 15 43 28 9 0 13 3 30 24 15 4 15 6 19
13 11 15 26 4 3 4 16 14 7 14 43 2 9 24 4 2 17 17 49 11 6 25 4 6 35 31 43 8 2 6 61 0 2 17 9 17 2 6 1 14 13 0 2 29 1 9 10 12 9 15 5 25 12 25 0 18 26 12 0 8 9 2 15 5 24 20 13 7 21 2 6 8 11 26
10 4 0 16 16 7 8 3 30 2 11 14 14 1 28 2 5 24 7 29 5 20 2 1 8 19 12 2 14 8 3 12 0 35 1 11 34 26 4 2 2 14 2 12 1 1 19 6 11 21 34 3 56 12 38 4 29 17 3 8 19 46 4 4 16 37 15 48 1 9 9 3 20 13 13
3 22 0 3 5 6 4 3 19 3 7 12 10 22 6 17 25 29 33 23 30 17 45 1 9 9 34 7 26 1 7 4 2 12 43 24 1 1 5 15 4 1 4 14 3 11 20 18 20 1 1 14 8 34 60 1 22 3 6 16 3 15 16 12 1 7 0 3 16 11 1 1 37 8 63
9 15 7 2 17 17 3 2 31 4 5 0 2 48 3 25 0 15 20 2 17 12 12 2 32 5 5 33 8 18 22 0 5 2 48 7 13 9 25 17 15 9 12 53 15 0 9 34 20 15 21 17 66 2 7 4 4 18 16 5 3 14 0 10 2 6 4 5 6 4 8 7 29 10 31
1 3 24 1 0 31 36 9 20 22 16 12 26 2 2 34 0 17 0 31 3 17 14 6 1 17 18 43 3 15 27 0 40 2 12 12 1 9 25 35 14 8 2 5 18 6 34 25 42 1 4 6 4 6 5 0 18 2 48 24 6 1 16 17 1 9 4 8 7 34 11 1 0 22 4
33 42 1 5 1 12 9 6 24 6 40 32 3 41 13 3 5 25 39 4 9 15 7 1 25 15 15 4 15 16 15 5 38 4 3 21 10 33 3 5 9 0 2 22 17 13 4 26 2 2 0 12 1 27 0 22 10 7 1 0 1 8 38 16 13 6 32 21 0 2 1 9 12 6 55
12 10 4 11 4 4 4 9 4 7 21 6 1 21 73 0 14 30 25 3 19 24 9 5 5 0 10 27 12 42 41 55 22 30 2 7 4 3 17 4 12 1 20 32 13 13 22 1 2 6 8 47 8 30 0 5 3 15 27 6 15 6 7 23 8 5 4 0 0 2 7 22 23 3 3
19 4 0 24 16 30 12 1 0 2 7 1 7 16 11 5 49 34 0 7 2 23 8 1 2 1 8 0 0 55 2 18 17 21 8 11 25 8 1 1 6 26 29 9 16 9 10 18 2 3 12 16 26 9 31 48 2 101 17 13 8 0 24 0 3 3 3 8 14 12 9 30 3 1 22
0 50 41 4 7 4 6 27 9 60 64 20 18 6 10 22 0 13 6 0 7 35 4 15 6 18 8 2 53 1 22 20 5 15 9 8 13 7 9 17 11 14 17 0 19 12 35 7 10 8 8 0 27 29 2 3 7 16 1 14 22 6 10 2 4 4 11 6 9 4 7 16 14 3 1
3 0 41 10 14 5 1 10 36 20 23 5 20 36 0 19 5 8 7 51 22 11 27 11 8 23 3 14 45 2 1 6 6 5 3 0 14 6 33 31 8 7 1 31 18 24 1 8 3 18 15 0 15 19 6 10 2 47 15 8 4 3 1 17 8 14 37 2 1 1 6 8 0 31 26
2 21 7 23 12 0 0 15 1 2 5 7 16 1 11 15 2 10 48 6 9 5 14 7 12 9 9 33 1 2 12 9 40 13 29 147 0 46 44 3 7 76 0 12 6 8 12 4 13 13 3 32 10 26 31 4 1 6 9 5 3 8 4 19 6 8 2 1 0 6 8 2 4 2 1
3 9 3 24 11 19 7 2 3 11 69 4 14 5 30 7 7 13 1 39 7 22 23 37 0 5 3 94 21 4 0 10 4 19 1 12 6 3 0 9 4 0 0 3 27 5 3 10 41 8 53 6 1 8 10 12 39 16 12 9 2 5 9 2 34 31 1 1 13 12 15 20 7 9 11
1 32 3 23 10 9 2 35 0 3 23 6 0 17 19 8 20 21 3 7 1 4 2 33 4 11 4 7 42 0 5 23 53 7 14 62 12 9 9 0 39 3 15 19 1 0 9 3 4 79 8 27 28 54 4 1 12 2 20 16 5 5 16 15 13 0 5 7 1 1 3 14 8 5 14
17 12 8 3 2 35 5 58 1 2 13 9 21 33 32 21 20 10 4 16 16 38 15 0 2 9 11 23 17 2 0 19 13 15 0 0 6 4 18 18 12 17 0 15 31 13 7 3 5 16 7 2 11 57 10 2 13 6 10 22 8 5 3 4 8 20 1 43 6 14 21 8 4 32 16
2 15 14 10 40 0 13 7 46 19 16 23 10 29 5 1 4 6 0 17 12 3 2 23 14 13 13 32 8 10 17 14 36 0 2 2 7 33 22 17 13 6 37 25 6 19 24 0 17 6 4 42 7 5 15 0 3 1 0 11 6 14 15 21 20 18 6 3 12 3 45 6 10 11 12
5 1 58 27 0 40 8 25 10 11 1 4 33 13 0 1 9 1 2 12 12 36 11 6 6 0 16 43 23 14 1 0 16 16 0 2 5 8 36 8 11 1 20 71 0 0 0 12 3 3 5 0 38 19 2 1 12 11 10 13 2 34 38 9 6 2 22 2 22 18 23 6 11 49 4
