25 75
4 31 22 23 19 4 0 25 12 35 20 43 38 32 37 2 8 6 1 1 31 3 1 11 9 18 5 2 19 0 8 3 0 1 6 9 1 7 3 15 1 28 16 1 46 0 5 51 17 8 42 5 1 0 15 3 0 10 47 12 14 3 11 0 7 2 0 6 22 36 13 5 18 29 11
3 4 33 15 18 13 2 12 10 3 25 21 5 10 11 5 35 37 6 11 21 12 12 4 14 0 39 6 6 1 23 7 5 1 3 9 1 3 5 1 15 10 105 10 12 12 9 37 0 24 19 0 17 13 1 4 1 30 40 3 15 7 7 12 6 7 18 6 11 18 2 10 57 0 10
9 40 8 8 10 0 1 9 3 4 0 4 0 4 0 0 3 1 0 1 31 11 27 39 1 29 51 12 18 34 24 13 5 8 1 5 19 15 22 7 18 17 8 24 27 16 6 29 1 27 18 3 6 5 21 51 15 40 11 19 2 3 12 16 7 17 13 13 9 1 23 14 3 2 26
7 12 7 7 1 15 18 21 9 8 17 36 29 25 1 10 17 1 5 3 17 19 12 3 1 0 11 28 18 0 3 5 4 23 7 16 8 3 29 25 10 3 9 12 3 17 11 4 6 32 20 11 38 45 15 23 25 3 22 10 22 35 2 7 5 16 9 7 2 17 2 36 12 14 14
0 1 18 0 2 14 12 2 21 2 0 15 3 27 0 1 31 3 16 10 42 10 1 4 1 1 2 3 22 10 66 23 33 2 31 26 38 20 49 43 23 17 14 1 6 11 37 14 40 0 3 3 6 32 8 9 3 0 0 16 11 7 34 16 6 7 3 5 5 20 19 9 2 4 4
10 14 6 80 5 3 3 12 1 4 7 13 3 7 36 10 12 5 4 24 47 0 8 16 9 0 19 10 5 4 18 2 14 10 1 7 13 6 18 25 0 15 1 5 8 11 72 5 4 26 6 22 32 5 4 0 25 2 4 24 25 28 20 13 20 11 25 7 4 34 6 0 34 8 3
12 7 9 8 2 2 3 36 6 13 4 4 11 23 16 9 10 24 10 19 29 9 22 23 10 4 42 3 10 7 13 34 14 16 2 1 5 7 1 49 25 10 19 8 8 29 17 2 22 35 7 1 1 0 35 27 21 21 15 1 23 8 5 9 4 1 4 4 25 50 0 2 0 17 15
3 13 39 37 16 9 32 3 6 101 42 12 20 3 11 3 0 3 16 6 0 9 10 7 8 1 22 1 8 1 3 12 15 0 9 2 45 0 1 12 0 6 0 37 17 27 25 7 19 3 2 0 27 10 9 21 13 5 6 0 5 6 0 2 17 2 55 17 23 34 14 21 4 16 9
13 5 21 11 25 3 52 32 25 3 15 29 5 0 15 21 16 17 4 3 12 11 0 15 0 43 4 19 5 1 15 6 15 0 23 11 28 27 6 52 14 22 1 0 13 1 19 24 7 1 5 9 0 6 40 4 39 19 10 3 2 5 5 9 0 16 2 0 34 30 18 21 5 0 8
9 24 2 10 32 14 36 0 2 5 9 1 5 15 4 1 4 5 6 8 6 1 8 0 9 4 16 26 3 23 7 3 8 23 5 16 40 2 7 20 21 1 7 24 27 23 1 25 64 47 29 8 2 9 5 27 8 5 73 20 25 18 4 15 11 10 1 6 13 2 16 10 15 3 6
2 22 9 33 1 8 31 11 15 7 2 5 2 29 63 5 2 16 24 3 11 1 0 0 22 7 17 3 21 4 49 16 32 14 41 0 10 4 5 12 0 17 14 7 4 8 65 8 8 6 9 2 3 3 7 6 5 23 5 12 2 1 57 5 2 4 15 14 6 2 5 9 25 74 8
41 21 4 1 14 2 8 17 23 19 13 6 4 39 27 8 10 0 4 2 1 38 3 1 1 24 16 4 2 5 18 57 9 7 6 8 20 5 18 13 0 17 1 5 43 18 31 6 4 8 3 0 2 29 42 21 17 11 4 0 7 9 1 6 7 16 12 30 8 38 7 14 17 42 5
44 1 6 8 46 1 10 12 26 1 2 4 6 2 6 38 6 50 0 5 36 23 22 11 19 2 8 26 18 33 10 5 9 0 15 13 3 47 18 13 3 20 13 4 1 8 16 5 0 35 18 7 38 0 6 6 0 10 2 11 10 18 1 28 31 9 15 18 12 0 0 24 10 8 8
13 6 22 11 34 29 9 21 3 13 32 9 1 5 2 9 15 5 18 29 0 12 76 27 13 32 16 23 32 6 0 0 11 3 3 0 21 35 3 14 9 7 28 1 10 5 9 22 5 7 16 4 37 5 14 2 14 10 5 17 33 6 3 0 3 22 30 6 2 9 15 5 15 7 4
4 23 0 9 8 11 2 1 8 5 21 0 23 23 1 23 3 26 20 1 11 0 25 2 3 36 65 24 6 19 13 6 13 4 18 24 67 17 6 0 5 28 7 30 0 11 1 4 23 30 15 9 1 12 9 51 1 50 0 6 2 37 10 3 9 1 5 1 32 9 4 7 13 2 1
25 0 57 26 6 8 4 16 12 7 8 6 1 30 1 23 30 5 8 5 6 3 3 51 8 6 13 14 1 6 6 47 23 4 15 31 6 1 38 23 16 8 3 3 13 18 0 5 27 9 25 5 3 2 25 29 52 18 0 27 31 3 0 3 4 7 0 9 1 10 4 9 4 40 4
3 9 7 36 1 22 4 3 4 12 5 0 11 3 0 11 41 37 1 1 23 2 16 49 5 8 6 1 3 2 8 5 14 7 4 0 15 11 0 3 15 2 35 3 2 7 37 4 11 6 69 7 2 3 1 5 17 17 33 8 5 39 15 21 40 51 1 10 13 19 3 0 63 21 22
58 13 2 11 8 24 14 7 32 60 32 20 4 2 5 12 8 1 0 9 14 1 4 60 4 1 0 1 5 3 9 3 4 10 3 2 22 3 2 9 1 15 0 3 11 5 2 1 13 8 29 3 1 61 13 27 16 9 8 10 5 7 24 32 28 24 65 0 5 17 0 17 23 15 20
-1 1 5 32 27 9 1 2 19 8 3 8 20 19 0 8 1 10 15 1 0 11 1 26 51 9 15 0 3 0 15 2 19 0 66 11 19 2 49 8 20 4 65 2 0 9 14 8 28 49 13 11 13 5 33 13 48 1 13 4 6 13 3 8 31 4 7 3 8 3 24 2 6 8 26
4 16 2 9 7 70 3 8 3 35 27 9 23 0 8 10 32 2 16 8 3 2 0 1 21 24 27 13 40 41 13 16 19 10 17 20 8 1 11 34 16 21 2 21 8 1 33 7 33 34 3 0 1 16 4 11 2 3 9 15 1 9 6 14 11 0 16 10 13 4 18 11 16 8 10
22 12 58 1 4 8 1 8 12 0 22 8 3 7 9 24 0 0 5 10 19 5 10 0 42 30 14 0 4 12 38 4 6 11 29 14 23 6 41 31 19 23 0 3 3 1 0 1 16 6 19 9 37 14 22 11 20 5 2 11 1 43 8 18 3 5 7 9 46 2 3 0 56 19 5
8 1 4 38 10 19 14 18 20 12 1 20 9 1 0 54 22 11 12 16 7 25 3 1 0 55 4 1 23 7 49 33 14 2 23 30 17 34 6 4 3 14 9 8 33 18 1 14 8 0 3 3 16 2 0 9 0 0 28 12 8 6 25 3 8 2 0 19 33 5 7 56 10 4 5
3 2 15 11 3 6 51 20 2 40 12 10 13 12 26 34 10 17 1 14 22 33 4 0 35 8 3 29 20 6 1 21 3 26 2 10 19 35 0 2 0 0 32 27 15 2 20 16 1 17 5 29 5 4 4 12 2 20 31 1 6 9 7 0 19 2 3 13 10 6 2 55 36 6 2
15 4 0 5 27 29 30 16 4 3 19 9 0 0 7 10 4 8 32 21 13 5 4 15 6 14 12 20 13 8 16 8 1 39 1 17 8 35 7 0 25 1 12 10 15 0 20 7 10 9 37 25 9 13 9 7 4 11 28 59 28 25 0 17 17 11 4 20 8 18 2 17 16 19 2
40 28 67 29 2 1 84 5 0 1 0 19 7 9 0 14 29 29 5 3 26 1 15 18 12 6 13 29 29 17 14 4 0 0 10 11 3 22 11 6 12 11 1 27 2 4 3 0 11 10 0 1 0 36 13 26 1 0 7 18 4 17 1 2 1 28 15 9 1 22 2 2 32 27 35
