25 75
34 16 12 12 7 2 3 4 16 23 9 18 1 14 0 8 1 24 13 11 30 15 9 10 0 12 10 9 8 20 78 8 6 3 2 1 30 43 3 11 5 15 7 12 12 4 1 24 11 25 60 0 1 5 4 0 32 15 6 31 47 9 5 1 14 10 7 2 37 18 0 11 2 13 18
2 64 11 11 4 19 15 12 7 16 10 33 1 21 3 5 37 6 29 12 0 4 11 6 0 26 19 10 13 10 9 47 0 28 2 7 18 6 10 2 18 0 39 9 8 5 11 20 30 8 35 16 14 11 19 5 4 7 26 4 35 8 13 31 15 4 1 3 8 16 4 23 1 2 1
8 8 32 30 1 40 70 8 14 1 0 25 14 18 0 20 32 40 17 2 30 15 11 1 13 5 11 11 1 20 4 1 11 13 26 4 12 24 16 27 10 12 4 2 48 5 13 9 4 22 2 3 6 4 2 1 9 2 8 3 22 0 31 15 9 4 27 7 14 23 12 3 7 19 2
12 17 32 0 6 18 5 54 3 5 84 7 16 12 13 14 12 2 3 23 23 8 2 7 14 12 38 16 5 12 33 16 14 1 15 5 0 16 12 11 9 11 11 6 12 0 9 8 6 1 27 1 1 5 0 11 56 24 1 1 1 5 12 5 18 10 40 1 2 0 39 7 1 7 54
-1 45 16 2 12 19 18 27 22 3 18 6 18 3 4 1 38 40 20 2 17 32 0 3 13 9 36 1 35 9 23 2 21 0 8 5 4 18 1 2 4 1 8 7 18 5 9 4 2 2 31 0 15 11 16 3 18 12 20 19 17 11 6 8 2 31 14 28 3 22 21 19 17 25 19
1 4 3 5 3 6 8 3 24 0 17 21 13 9 7 3 6 49 9 10 2 16 31 22 10 3 4 4 10 24 44 2 3 17 20 9 1 18 10 7 3 22 29 46 55 13 11 21 3 22 6 3 6 2 8 18 3 23 17 3 12 18 16 65 5 14 42 8 17 14 7 2 2 4 2
4 14 19 5 11 4 12 32 15 18 34 46 3 1 4 12 8 3 14 9 13 11 1 3 73 1 3 18 17 0 6 14 5 28 26 5 3 2 11 2 58 13 21 32 31 6 2 3 23 16 23 12 10 5 14 7 2 26 11 4 2 14 7 15 5 11 3 7 8 10 24 5 40 0 20
3 21 8 1 10 4 0 7 23 5 6 13 13 25 6 2 41 7 0 4 15 1 7 6 65 19 0 3 3 13 30 33 7 5 13 13 25 2 40 0 58 10 28 2 23 12 6 6 2 16 13 24 0 8 28 22 1 70 0 23 2 9 4 8 7 25 46 1 5 17 18 1 0 4 2
3 7 36 14 0 13 7 3 7 4 5 31 21 19 1 33 14 1 52 29 13 6 3 30 4 0 4 4 2 27 14 8 12 5 2 18 5 0 7 22 3 16 2 20 9 0 12 17 95 7 19 21 25 4 2 1 4 3 7 3 5 5 27 3 5 13 13 8 0 7 5 49 26 60 18
3 11 26 4 11 14 43 13 4 12 6 15 13 1 7 8 6 3 1 5 24 13 2 11 7 7 0 3 11 5 29 50 9 2 8 10 0 10 1 19 0 18 36 20 11 17 38 1 5 22 19 16 9 3 9 0 3 3 16 13 22 12 6 25 2 15 6 24 38 16 10 70 18 36 14
16 5 5 32 8 5 7 2 19 18 6 3 4 5 0 21 7 7 6 2 15 5 91 38 31 2 9 3 21 13 15 9 45 1 1 18 17 1 2 3 4 11 3 46 13 22 27 20 6 3 14 8 33 4 6 8 2 11 11 25 29 7 2 1 2 37 31 10 2 9 11 16 2 30 16
5 0 7 1 5 2 10 7 2 20 22 25 9 15 3 7 0 3 16 58 14 4 15 14 12 10 9 11 12 3 1 5 2 6 36 50 18 36 6 10 27 31 2 13 10 44 9 10 2 8 1 1 9 18 31 2 0 4 8 18 23 0 6 19 4 1 8 20 7 5 84 43 14 2 25
10 17 2 21 19 15 5 10 4 4 0 1 8 12 4 5 48 16 7 26 5 8 31 2 1 33 5 9 21 36 4 2 1 6 0 0 7 6 14 0 12 38 13 34 7 0 34 4 5 51 24 4 45 25 28 4 3 3 4 20 14 9 25 1 24 30 8 30 15 19 12 22 2 0 6
0 1 2 14 1 5 0 4 3 10 30 13 20 1 41 24 9 30 33 15 6 49 11 0 0 13 15 49 12 27 3 13 6 34 0 14 0 18 12 2 3 24 32 32 22 13 32 27 15 0 0 13 19 0 20 9 4 5 3 1 12 15 17 0 0 34 9 5 2 13 9 4 45 12 9
-1 0 13 22 85 1 10 17 18 27 17 0 25 18 6 2 30 27 10 6 4 8 8 3 6 9 24 0 1 12 8 11 54 8 19 31 19 5 21 12 11 16 2 0 1 29 18 4 5 17 1 1 12 2 19 15 6 2 7 16 3 0 1 1 16 2 60 12 24 53 3 16 11 8 10
49 7 12 0 2 21 1 14 0 3 41 5 1 63 12 19 3 2 16 13 21 11 16 17 0 2 0 1 18 3 12 1 1 6 1 11 9 28 14 19 4 34 31 9 3 8 13 22 9 8 5 4 35 5 24 11 18 7 9 17 40 12 21 12 8 24 33 11 2 23 0 22 0 3 38
0 9 7 12 8 0 15 1 7 25 17 8 1 20 1 18 5 5 2 17 1 14 14 62 5 18 39 84 10 0 13 65 9 12 2 1 11 0 1 13 3 0 11 5 36 36 3 9 1 12 3 6 14 65 6 18 2 28 2 3 33 6 0 10 25 8 0 18 18 6 11 13 23 6 8
0 36 5 30 14 22 3 5 3 3 44 2 25 10 26 28 11 5 69 48 17 0 11 9 4 8 20 21 5 7 13 10 17 26 4 8 22 24 3 3 4 17 4 10 18 8 15 15 4 38 4 5 3 7 4 0 2 14 8 5 0 56 28 13 9 0 29 5 7 17 2 15 2 0 11
10 24 29 12 8 4 3 1 12 0 17 20 8 41 14 2 0 5 12 27 0 26 4 16 5 25 3 1 28 5 8 0 6 3 2 3 21 0 16 3 12 22 37 7 11 14 47 12 16 5 17 9 51 26 1 41 27 2 13 5 2 3 2 18 8 12 22 85 3 13 6 7 7 1 12
-1 11 86 28 53 3 6 8 5 0 7 19 1 18 6 23 20 7 17 0 29 33 3 2 0 9 17 20 50 31 20 0 5 12 12 4 43 2 4 12 16 11 9 9 1 12 12 2 10 9 4 35 6 25 16 10 2 4 20 4 3 15 6 11 4 20 4 14 1 7 10 19 20 13 11
8 27 49 13 2 12 10 19 27 11 10 12 3 4 52 1 39 67 14 22 13 4 5 3 30 17 6 0 56 6 2 25 4 8 59 26 9 0 42 1 1 2 9 0 12 4 3 22 5 5 7 2 10 4 18 2 15 7 9 0 3 2 0 3 10 1 35 9 2 21 11 9 23 9 7
4 24 2 17 70 5 22 9 44 5 11 2 13 6 5 15 13 17 5 35 24 3 2 4 0 31 8 13 10 0 2 7 21 25 8 26 4 2 5 23 45 8 32 9 4 0 10 13 11 22 1 20 12 2 36 4 2 12 8 15 7 5 8 27 4 53 1 22 8 1 22 6 5 4 19
0 10 11 9 28 7 22 18 13 2 0 32 7 9 5 8 2 1 48 1 0 40 8 31 20 2 15 3 5 28 6 1 15 24 4 2 0 42 9 4 2 36 26 15 8 7 7 61 10 33 0 12 23 27 10 20 9 3 2 1 40 14 0 28 16 9 3 28 8 1 7 6 0 5 31
17 0 26 10 42 4 4 23 12 8 8 1 2 43 17 1 1 3 1 0 2 9 3 14 4 6 4 5 16 17 33 13 12 7 4 9 59 28 10 2 27 1 0 26 24 0 1 2 34 21 7 2 5 25 1 7 8 17 0 6 14 32 0 127 17 9 0 1 11 8 28 8 12 29 10
12 0 13 15 7 26 6 0 7 43 10 7 15 8 10 0 2 7 22 8 57 31 5 3 7 3 7 1 2 19 19 16 7 15 13 31 49 5 2 0 7 62 49 4 1 4 5 5 0 14 17 10 5 29 10 13 33 36 0 21 0 18 23 3 0 14 6 6 14 28 17 12 18 2 4
