25 75
-1 3 5 15 2 29 10 34 0 6 12 1 9 14 6 11 17 43 0 1 29 6 9 37 8 14 24 21 33 20 24 23 27 9 12 11 35 16 1 6 6 0 29 34 13 31 14 4 3 8 18 22 6 12 2 6 43 2 21 6 23 7 15 0 15 9 3 5 12 8 12 11 3 14 1
23 16 17 81 18 0 0 2 0 5 1 6 10 5 6 2 2 52 5 54 30 24 11 5 51 7 9 54 5 18 5 17 52 25 5 30 10 3 2 1 13 3 0 6 37 1 33 5 1 4 7 7 5 0 34 17 5 1 6 1 34 7 5 5 6 11 0 3 35 0 12 17 2 2 6
9 2 28 4 11 13 4 4 13 2 22 13 3 8 23 30 7 4 10 14 13 0 6 6 24 1 5 15 1 14 17 2 9 1 10 11 13 11 29 12 4 11 4 51 0 10 60 12 3 10 0 43 29 19 7 27 18 3 12 1 6 29 12 3 22 9 11 12 2 75 2 11 7 50 1
33 0 14 20 1 4 7 31 56 6 38 6 1 6 14 1 4 3 20 23 8 32 9 2 18 8 5 8 23 2 3 26 21 7 0 5 4 12 15 4 27 19 3 15 16 2 1 36 29 11 1 27 9 55 4 10 13 2 0 10 13 13 20 9 12 15 11 5 29 0 19 11 10 19 24
11 5 10 2 9 5 24 7 17 19 30 12 9 7 7 19 27 8 5 5 16 29 15 5 4 2 15 26 9 0 53 16 0 7 13 34 0 5 24 9 24 7 7 19 7 4 15 1 13 18 21 4 10 11 13 13 4 55 5 22 27 17 2 24 1 26 17 37 29 0 4 4 0 1 18
22 3 1 11 32 3 15 11 45 27 11 10 8 0 1 18 6 2 31 8 13 62 1 0 0 71 11 13 3 48 15 6 9 6 8 4 11 4 6 11 9 8 17 6 6 9 2 8 33 30 2 0 5 12 10 20 0 3 43 1 33 13 3 54 10 0 4 10 14 22 6 4 8 8 20
35 3 2 19 15 20 11 2 35 10 22 12 10 0 0 22 18 0 5 8 3 4 7 12 2 19 0 21 32 41 30 4 1 11 8 0 10 18 8 2 2 24 11 3 11 15 4 17 8 0 0 10 22 4 7 27 49 19 40 17 8 17 6 6 26 7 36 18 2 5 20 4 10 44 19
13 14 6 4 16 0 2 18 13 11 7 28 3 58 27 14 1 30 9 50 23 3 2 11 79 45 7 15 5 5 5 2 8 2 26 26 0 5 1 24 34 0 44 1 25 3 20 14 3 0 5 19 6 17 10 3 29 1 19 2 10 11 3 4 5 13 3 17 8 25 8 1 4 14 1
22 11 12 10 3 5 15 6 5 15 17 9 12 1 1 0 14 1 8 14 8 2 9 43 10 16 9 5 1 5 8 12 45 0 3 30 33 2 0 2 13 0 45 20 17 14 6 6 36 10 29 30 9 18 0 7 1 18 16 56 25 20 0 11 27 21 4 22 5 20 15 23 4 0 28
5 3 4 3 3 14 16 11 1 27 5 16 19 14 9 0 92 37 4 15 11 3 8 80 8 19 10 1 12 20 16 26 22 18 2 8 2 24 30 15 0 5 12 6 3 10 1 4 2 20 23 7 7 4 5 7 1 20 11 17 5 12 6 39 51 31 10 12 1 3 6 10 3 5 8
18 0 2 20 37 6 23 1 4 5 72 4 8 7 22 53 10 22 0 42 45 27 15 15 23 2 6 18 18 15 4 6 8 12 0 0 4 6 26 4 4 2 30 12 94 8 1 24 7 1 5 2 2 9 7 9 15 10 3 3 13 5 6 14 5 35 19 17 8 10 1 0 0 8 1
9 55 10 4 32 2 13 26 17 5 21 34 8 9 7 4 26 24 5 30 26 3 8 11 3 11 21 33 0 23 23 10 5 1 9 8 26 2 6 14 9 5 3 2 6 0 1 36 38 14 3 3 38 11 1 16 9 7 15 5 13 10 17 4 4 19 29 2 10 38 29 1 11 3 4
3 10 17 4 6 24 41 0 0 3 0 8 10 2 9 17 20 30 15 6 19 29 18 1 10 10 0 51 19 14 13 0 9 16 11 0 0 3 43 7 1 18 12 2 10 16 36 24 0 7 7 8 38 21 90 30 12 5 10 8 0 6 27 20 8 3 13 4 18 17 3 11 2 6 9
12 12 3 12 18 7 25 2 8 26 3 0 22 11 12 12 16 3 14 3 13 1 3 22 17 11 8 0 44 0 3 8 6 38 0 6 9 13 16 3 95 10 3 7 9 16 3 78 3 5 7 7 0 9 10 8 11 10 72 16 13 8 8 54 9 2 0 13 1 0 4 9 3 12 43
17 9 20 26 4 48 15 22 34 0 13 4 1 4 7 27 0 15 29 15 4 20 2 10 25 8 29 2 25 11 4 1 0 1 13 2 11 23 0 29 7 21 6 15 3 0 23 14 25 14 4 13 11 38 17 20 17 6 12 13 4 0 3 5 8 5 37 12 5 16 21 7 0 6 62
3 13 5 21 3 21 7 25 20 10 15 5 12 7 13 41 1 8 0 5 19 34 1 11 4 26 13 6 31 4 18 18 12 21 3 9 16 4 7 19 11 5 9 25 7 18 12 38 2 3 22 24 10 7 13 5 11 20 54 8 5 9 1 17 13 2 6 51 8 12 22 7 11 16 5
-1 3 5 4 0 2 5 17 14 21 2 9 20 40 5 32 8 9 40 15 1 50 3 13 40 1 32 1 10 19 1 5 18 16 4 28 1 13 17 25 1 30 24 8 21 1 13 3 14 14 2 22 8 2 15 6 21 3 15 10 7 22 24 23 0 41 0 6 13 20 30 1 6 19 7
22 0 5 0 4 1 12 16 5 5 14 4 32 22 8 0 4 27 25 0 23 2 0 5 2 10 14 33 49 31 4 13 10 7 1 5 9 10 1 1 8 21 51 5 15 21 15 15 16 6 2 11 31 39 9 12 0 92 24 38 6 12 9 11 30 16 9 2 13 0 2 1 1 7 14
3 14 16 24 17 5 0 27 3 2 18 4 2 31 17 6 7 10 5 7 20 4 40 3 2 10 20 43 2 10 3 32 23 14 6 34 12 6 19 50 33 3 29 11 11 14 1 8 5 5 2 11 10 4 8 7 1 6 3 20 42 8 7 22 1 20 9 14 4 3 9 10 34 8 46
46 8 14 13 2 6 12 10 2 1 6 1 8 7 31 3 19 65 27 1 13 11 24 9 1 17 14 20 16 3 33 13 5 10 7 2 7 3 49 3 0 4 26 9 1 0 21 2 13 7 1 33 2 19 24 1 16 9 11 12 18 52 7 21 10 17 2 2 66 0 20 8 5 14 5
14 0 30 13 8 4 2 26 10 36 25 3 9 12 5 2 12 32 43 2 47 0 14 2 4 42 1 19 1 13 24 1 8 7 10 23 26 21 7 5 11 1 9 6 7 9 2 13 25 2 1 7 1 21 2 19 26 6 20 14 26 10 6 8 52 15 34 14 25 4 6 9 15 2 9
5 1 26 8 14 27 15 48 13 32 7 11 0 15 9 5 5 2 13 1 2 24 11 7 20 0 16 24 49 0 1 61 10 19 2 23 7 1 13 2 7 2 9 7 26 0 0 0 1 16 54 4 27 0 20 2 21 15 36 3 49 49 12 9 1 13 2 6 4 4 9 0 22 20 1
5 33 7 5 53 9 27 5 16 5 0 14 0 21 2 22 16 9 24 15 5 15 25 2 3 39 21 3 2 13 1 3 8 17 2 6 5 10 5 64 38 13 11 27 7 11 8 10 2 3 10 15 14 15 7 1 25 44 28 11 3 7 0 29 11 9 3 0 2 22 19 5 24 22 7
9 3 36 20 3 3 4 9 15 34 19 1 9 47 3 8 0 2 26 6 14 39 0 6 7 33 3 14 5 3 42 11 17 12 8 32 0 1 16 21 2 2 5 3 20 8 1 6 25 0 0 20 16 1 9 9 12 1 29 7 79 1 5 11 71 4 41 4 1 7 10 14 13 6 16
17 33 1 8 1 4 20 67 5 30 11 6 8 36 42 1 14 10 1 6 6 13 11 4 4 10 10 39 6 8 10 7 2 3 17 0 23 5 18 2 29 6 6 28 1 4 15 1 48 3 7 2 29 34 58 11 3 0 5 11 19 7 2 32 0 7 19 0 16 1 41 0 8 4 24
