25 75
8 8 13 4 7 4 25 3 20 9 9 2 1 7 10 25 11 15 4 3 9 20 46 54 1 4 6 26 5 4 13 11 0 3 1 2 34 20 17 15 2 41 14 5 17 1 2 13 51 49 7 21 20 5 1 9 58 42 0 9 7 39 3 16 3 11 2 18 3 1 2 7 15 9 18
10 19 3 20 1 11 13 0 29 31 6 7 1 2 18 5 40 18 20 13 4 35 2 9 7 17 5 1 0 0 3 6 3 40 7 37 13 6 1 2 17 8 7 5 3 10 21 5 15 3 47 49 17 44 23 29 4 1 12 4 2 4 17 18 2 3 1 48 1 64 2 8 0 40 1
1 3 40 0 3 0 2 30 36 12 1 1 3 0 30 34 1 2 40 30 8 18 0 4 8 12 16 10 0 12 15 56 56 1 40 5 4 25 0 2 42 6 35 10 34 4 44 5 1 11 3 2 6 8 2 9 13 6 1 53 1 7 0 14 10 16 4 11 0 28 1 28 6 3 15
3 25 14 3 5 3 11 2 19 0 24 6 18 24 2 3 24 19 26 47 0 9 0 6 30 29 11 1 11 32 6 13 8 5 10 7 23 11 44 7 0 2 22 79 16 7 3 25 30 9 8 16 10 10 4 4 5 19 15 23 11 26 13 8 1 0 18 4 1 21 14 19 5 9 2
18 14 41 1 30 3 17 22 25 4 43 10 0 3 8 0 7 24 22 3 13 17 1 3 13 10 22 11 1 24 2 0 12 26 0 4 14 5 18 17 3 4 8 8 31 6 13 5 5 10 5 19 14 7 26 42 51 1 1 33 7 21 4 29 12 19 2 38 19 15 2 4 7 20 1
-1 29 25 20 44 1 5 7 2 7 9 66 12 7 4 11 6 15 41 9 17 9 0 0 33 6 2 5 35 15 47 28 9 0 0 25 2 9 4 56 1 20 5 37 0 6 3 1 8 2 9 6 18 9 9 27 101 5 0 1 6 0 28 0 2 0 6 8 23 0 6 6 18 2 6
1 12 0 9 9 13 7 2 0 8 26 22 12 11 1 18 26 19 3 2 4 14 0 8 23 9 11 13 5 2 7 31 9 43 53 0 13 23 19 0 2 10 25 14 14 17 11 0 8 4 22 12 2 2 26 71 13 31 2 13 3 0 12 26 7 2 12 1 11 14 23 35 11 9 47
25 22 3 3 28 73 24 43 9 12 0 2 4 22 2 10 0 1 12 38 1 0 7 4 4 1 4 8 42 3 7 10 1 11 15 16 46 0 1 1 0 22 5 10 1 28 27 6 34 9 19 12 12 33 2 47 32 14 9 0 34 5 7 10 26 2 0 12 5 14 3 7 1 24 13
53 25 15 3 5 0 9 14 11 3 10 5 6 4 10 4 1 52 21 6 0 5 0 15 56 6 34 19 10 15 3 0 0 14 8 13 3 38 10 5 3 6 10 53 2 5 8 10 5 13 1 22 17 11 5 32 30 8 11 2 46 16 31 8 26 0 19 2 2 58 17 0 6 2 2
32 30 35 12 0 38 14 0 3 57 13 8 12 3 0 20 38 0 4 9 1 8 13 4 4 7 19 2 22 27 0 34 35 42 76 4 25 11 4 3 0 8 8 14 23 31 3 17 4 16 8 0 0 1 0 5 15 1 16 5 4 26 4 15 4 0 2 15 28 1 11 6 25 8 7
7 5 26 23 17 31 6 9 14 1 48 15 46 36 10 4 1 5 5 20 21 11 33 17 54 17 14 4 15 9 5 12 11 4 5 13 4 13 11 28 19 16 0 1 0 8 1 12 10 24 35 5 3 12 3 4 1 33 7 13 0 16 3 5 11 5 15 4 4 1 15 12 6 34 32
36 0 0 9 7 78 28 6 8 2 22 51 14 39 25 1 21 4 8 7 6 2 31 5 1 22 5 1 9 22 5 0 7 5 25 31 1 0 9 20 14 12 13 3 5 4 12 5 4 4 2 5 14 31 4 0 20 16 25 18 9 19 15 28 15 1 46 9 1 16 19 20 10 2 6
3 48 41 20 16 11 15 11 1 2 3 17 4 7 2 7 2 1 0 20 0 0 4 10 31 32 6 3 20 43 34 3 18 16 13 3 4 14 2 1 3 1 6 68 19 13 18 0 18 3 2 1 15 1 7 11 1 12 1 26 44 28 4 21 24 33 32 25 2 13 2 17 7 18 16
0 0 6 0 7 1 11 8 7 8 1 19 5 8 17 6 6 10 7 15 11 4 1 6 23 2 11 18 2 28 0 6 5 21 11 2 4 80 14 15 29 15 21 25 16 37 25 6 12 7 14 7 20 4 55 27 0 39 8 3 5 0 17 2 9 5 23 21 1 22 31 4 22 33 29
14 11 28 15 0 3 3 34 18 0 14 26 2 2 12 21 10 14 12 14 3 16 18 21 21 12 2 21 6 24 30 20 14 16 36 9 17 9 4 4 12 44 28 0 3 1 3 1 0 15 25 18 0 9 58 0 16 9 21 17 40 6 19 7 3 3 4 18 1 1 9 5 29 11 8
11 20 26 2 7 14 1 7 14 1 2 1 0 35 11 5 0 14 24 13 0 57 2 7 81 2 13 17 46 8 0 2 19 0 25 1 9 10 14 29 3 9 16 18 7 1 3 18 2 32 6 2 17 2 19 7 14 22 0 3 4 0 22 3 14 0 1 99 27 20 11 9 6 16 17
9 22 27 1 5 2 2 27 22 16 7 3 8 9 20 9 8 2 24 3 6 2 26 7 18 10 33 15 14 9 5 1 17 2 13 24 20 3 25 5 0 25 13 16 4 8 7 8 3 8 1 27 67 22 9 3 9 15 2 20 28 4 33 12 10 15 32 33 15 12 6 15 15 15 7
14 12 12 12 12 16 12 15 1 16 15 5 3 6 1 14 1 12 8 1 22 4 2 7 139 0 5 3 12 40 5 32 37 7 27 12 6 7 9 9 4 34 18 2 29 7 5 7 2 0 1 5 12 7 15 3 11 8 12 1 25 2 17 15 18 8 12 37 27 6 4 16 44 10 3
19 0 5 2 5 23 6 1 18 4 14 18 15 2 16 3 3 28 4 21 4 12 21 13 20 9 3 2 2 21 16 21 7 1 17 13 21 2 29 25 19 10 39 20 2 7 9 24 41 7 14 0 25 35 26 0 8 1 45 6 13 60 7 26 1 4 3 15 0 19 3 13 11 17 4
16 7 8 28 19 24 3 5 11 23 3 12 7 33 3 34 9 11 14 0 2 33 8 4 29 37 11 1 7 9 23 4 2 19 3 39 3 1 10 26 15 9 10 3 4 31 15 7 18 2 5 10 27 16 3 12 10 13 19 79 3 21 21 22 7 15 2 6 27 1 1 1 10 2 12
40 7 7 14 10 5 1 20 11 2 26 4 2 21 16 13 7 6 9 8 7 14 21 20 29 17 78 8 8 3 13 2 8 11 5 17 25 26 20 11 3 2 6 18 29 7 9 1 38 5 3 1 48 3 0 0 15 19 18 19 11 17 33 24 11 30 12 5 10 1 8 3 10 0 9
17 2 0 12 16 15 2 9 30 20 3 9 14 8 4 18 1 22 8 5 52 7 13 11 13 17 6 11 18 4 48 10 12 35 35 31 27 7 1 16 2 2 0 2 0 55 13 7 2 5 4 2 38 8 29 2 3 16 6 18 1 21 12 2 5 2 46 14 6 22 48 1 8 2 7
0 4 16 30 0 1 0 3 12 36 15 17 38 1 11 3 6 40 33 9 23 25 8 4 30 39 6 2 0 36 11 24 2 2 8 27 12 11 2 10 0 8 8 20 51 10 15 15 2 7 7 14 24 10 11 9 6 5 19 0 6 15 9 0 4 1 34 31 1 5 3 14 30 2 47
5 14 10 10 10 3 20 5 42 2 48 0 12 10 9 24 8 2 7 30 3 14 4 3 29 42 4 1 39 14 0 8 10 30 12 6 4 19 0 2 28 0 19 2 33 9 22 51 4 7 23 21 10 5 8 5 8 10 10 0 0 66 15 6 24 11 24 7 6 2 7 7 19 6 10
1 1 2 3 2 3 3 11 2 3 6 43 24 11 5 14 51 19 5 2 8 29 0 3 5 18 12 10 22 54 17 16 0 7 10 9 17 7 14 6 17 6 15 32 20 11 7 17 18 8 1 2 52 2 8 9 16 10 28 54 6 6 13 6 0 0 12 46 1 35 13 8 1 38 7
