25 75
38 2 10 83 2 3 41 2 1 1 11 16 18 9 23 7 0 15 23 1 13 3 2 13 11 14 9 10 0 5 4 44 2 0 11 4 24 30 16 2 10 8 1 4 17 43 17 7 27 18 0 30 9 12 0 50 6 43 8 23 15 11 0 14 19 0 21 9 3 5 14 13 7 5 8
25 8 5 1 18 5 4 69 2 27 10 11 26 18 23 0 5 3 3 17 12 5 0 5 5 5 42 37 7 6 2 4 0 10 12 4 4 28 38 9 12 8 1 6 28 7 46 4 11 20 2 7 22 21 13 5 20 12 4 0 15 17 14 24 18 0 23 17 30 1 19 4 3 15 36
36 0 28 9 61 8 10 7 4 18 0 37 3 8 27 6 6 3 55 4 6 22 19 24 45 11 24 9 6 34 10 26 3 5 10 9 6 0 10 5 0 2 37 30 39 4 8 5 2 5 9 6 0 9 25 22 9 9 5 2 19 17 27 16 6 7 3 1 14 12 12 15 1 4 4
27 14 42 5 9 0 5 0 5 0 1 32 9 50 18 17 33 1 10 15 29 10 28 35 0 0 1 18 21 22 1 19 11 16 20 5 19 34 0 30 0 0 34 16 5 15 5 5 17 17 0 2 20 14 10 2 7 25 15 31 14 4 5 11 5 0 5 1 12 12 8 21 10 6 34
-1 9 3 2 7 6 0 4 1 15 31 3 31 46 5 35 21 0 0 14 12 6 5 13 53 10 18 10 4 6 9 5 6 10 20 37 2 5 5 39 13 1 15 10 29 6 46 5 2 3 0 43 0 3 8 8 21 3 38 32 0 10 73 1 5 8 41 6 6 7 10 8 24 0 8
3 32 5 8 22 1 23 9 2 8 2 14 11 5 12 4 7 8 27 55 3 24 22 12 5 2 30 0 31 12 14 0 16 0 7 40 7 13 20 43 2 16 20 20 34 10 16 23 6 13 13 13 0 16 1 12 13 20 8 12 7 1 2 14 27 17 14 21 29 1 17 4 7 11 1
6 17 6 11 52 15 12 3 3 47 11 4 11 14 4 15 14 8 21 2 14 3 2 18 2 12 4 18 3 21 5 22 7 17 3 12 21 9 6 0 30 11 4 33 16 17 10 1 9 20 17 17 2 30 1 16 8 1 7 16 12 23 17 8 4 48 16 14 5 18 20 9 43 9 13
58 23 13 52 6 9 0 0 37 1 49 12 9 3 11 22 4 9 22 29 9 5 4 3 17 45 53 17 15 0 0 12 2 11 20 28 15 13 5 15 9 1 0 10 12 4 24 5 32 28 1 8 7 17 1 6 8 17 3 7 3 4 20 3 7 31 8 8 6 4 14 5 7 14 8
4 6 19 0 18 3 54 0 30 2 11 3 71 11 10 1 1 14 3 4 30 3 37 21 5 12 15 6 0 0 12 2 38 8 13 16 20 7 6 26 5 8 14 6 18 4 0 2 39 8 17 4 5 24 17 22 7 0 50 13 18 17 32 16 39 1 0 13 1 10 7 24 1 5 11
10 1 17 17 0 5 6 12 13 0 17 10 22 5 3 5 4 13 5 8 7 8 17 3 12 8 12 12 64 15 24 0 1 13 18 19 8 2 10 3 22 98 35 22 15 3 29 7 16 2 16 26 16 25 9 4 22 10 14 2 0 5 19 1 11 29 3 37 11 17 2 1 4 13 25
17 75 23 5 12 8 14 1 4 9 13 16 3 20 24 6 10 7 10 1 17 23 3 18 7 3 1 10 40 23 23 8 5 17 15 7 18 4 5 1 29 33 0 3 56 8 0 14 11 30 1 0 38 1 18 17 8 3 40 1 0 19 5 17 1 2 3 7 38 7 27 8 9 19 1
10 9 8 11 1 17 6 8 14 11 35 9 55 11 3 16 21 12 8 11 41 25 1 4 0 18 25 0 34 9 0 30 26 11 5 1 25 5 2 7 8 7 11 5 6 20 0 28 2 28 26 3 7 18 7 4 0 48 19 14 7 5 5 14 5 7 16 49 3 38 0 6 5 0 34
8 3 2 27 9 5 5 6 27 16 4 34 15 16 43 3 5 7 21 1 12 3 15 4 12 11 9 10 0 42 5 57 15 98 9 3 47 7 14 1 10 1 0 1 8 0 2 32 3 5 25 32 4 10 5 5 6 65 12 23 1 5 16 1 14 5 2 2 34 2 1 1 25 9 2
62 20 9 28 0 7 28 19 38 0 12 10 19 1 1 7 3 56 5 4 10 3 4 2 3 4 0 8 0 2 3 8 10 1 12 0 1 23 26 9 9 1 2 2 3 1 18 0 9 15 0 9 23 8 1 20 1 30 53 25 13 20 101 3 0 85 24 7 2 12 16 2 2 12 13
1 2 28 1 24 16 4 15 21 1 38 15 67 0 2 6 5 48 19 4 15 11 12 5 11 34 39 20 11 5 52 6 11 3 8 0 0 27 30 4 8 5 9 0 38 9 16 4 11 5 1 11 0 2 1 18 8 30 6 34 2 4 1 23 17 13 31 4 1 2 2 1 13 4 45
24 10 22 21 0 8 5 2 17 12 13 3 7 1 15 27 1 8 11 5 11 7 12 2 23 33 11 31 7 36 27 0 23 14 24 25 2 7 13 6 9 6 4 14 5 23 90 2 3 3 27 6 8 2 28 27 44 27 1 21 12 32 3 10 8 2 0 8 6 4 0 1 25 6 7
-1 9 37 17 10 8 11 17 15 6 11 43 14 38 2 18 3 16 4 51 0 4 0 15 5 19 12 11 1 0 37 22 16 6 0 1 8 3 24 17 8 12 5 14 2 61 1 10 14 11 2 19 5 7 6 0 0 31 45 7 16 6 5 8 28 2 3 28 10 24 1 42 13 5 19
3 0 12 17 10 2 10 15 2 31 4 14 9 5 2 9 4 4 39 12 10 13 3 19 3 9 11 37 13 0 4 14 28 3 41 10 14 7 20 0 30 1 21 21 11 49 50 24 9 0 0 3 8 7 42 27 0 18 49 21 14 5 1 0 13 6 17 27 3 1 5 29 24 0 1
8 40 12 23 4 40 1 0 5 6 8 18 26 5 4 2 4 9 3 4 8 23 4 22 0 18 0 9 3 54 23 33 13 17 26 3 19 2 13 7 23 2 11 1 28 8 18 14 4 2 11 18 26 10 6 22 6 13 40 22 0 12 21 11 12 19 3 31 12 13 1 25 8 21 7
18 14 10 22 10 0 10 2 6 0 14 9 0 2 11 9 3 32 12 14 23 16 4 7 23 21 7 19 6 26 1 30 31 11 1 0 12 2 27 5 51 4 6 17 46 13 2 6 6 36 12 10 6 11 21 12 27 49 23 15 1 9 23 10 11 18 4 1 10 39 4 1 8 6 12
2 84 3 0 0 1 3 0 16 10 15 21 45 48 12 26 0 4 4 17 1 6 0 9 4 4 32 15 23 12 0 10 20 4 3 8 6 6 3 1 28 4 17 5 10 9 59 6 11 3 14 11 18 22 8 21 4 9 10 6 24 3 6 14 37 9 6 20 60 5 24 19 14 5 1
42 2 13 10 2 1 20 17 1 13 3 25 12 0 5 42 1 23 9 3 6 19 20 22 6 13 2 65 12 16 14 8 1 3 3 28 32 3 7 2 44 11 23 15 15 4 17 24 5 21 10 10 17 15 19 5 8 15 7 3 0 4 8 29 1 7 17 3 14 60 28 7 0 2 6
1 89 16 5 3 6 18 0 14 25 2 16 21 0 18 8 0 3 20 1 4 11 26 12 21 5 18 6 4 34 13 5 3 12 4 4 44 0 5 11 42 2 34 15 1 2 70 12 12 7 4 4 25 2 20 23 48 12 5 6 8 19 5 38 1 8 37 3 3 12 0 0 7 1 4
14 20 5 30 29 39 2 18 2 16 35 1 0 4 2 8 12 4 10 9 18 30 6 13 2 20 2 35 18 5 5 2 4 0 4 1 21 14 20 31 23 6 4 7 18 7 0 4 24 14 7 16 1 24 5 30 10 23 1 9 13 3 8 11 28 9 35 24 23 26 41 19 0 15 1
14 16 37 22 2 12 13 14 14 2 32 2 8 6 15 1 5 0 1 11 42 7 8 12 60 18 3 26 33 39 16 4 26 28 6 5 45 17 9 16 12 16 16 0 14 2 12 8 3 1 13 0 15 18 20 7 15 35 1 3 15 20 12 1 4 12 23 4 5 18 3 5 15 1 4
