25 75
30 25 5 3 29 4 22 0 3 4 10 34 24 3 21 6 2 19 18 3 0 8 3 4 25 20 2 10 35 0 18 28 38 2 29 2 21 16 28 14 4 17 30 21 3 9 13 14 8 14 2 6 6 4 8 5 10 3 8 18 15 2 8 15 10 9 2 20 33 18 21 27 18 23 8
-1 5 82 7 5 4 18 14 43 2 15 30 11 36 11 54 16 4 3 3 0 2 19 0 20 10 10 4 2 19 5 13 22 9 19 12 34 7 10 16 11 1 37 3 13 5 4 14 34 0 0 5 0 6 39 10 4 7 11 7 4 49 6 11 35 8 0 4 13 1 32 0 18 12 1
7 23 13 41 0 24 4 2 2 5 28 7 10 33 6 30 23 24 8 17 10 14 55 7 9 12 6 0 5 32 23 13 28 7 3 5 0 12 10 4 20 21 15 0 32 28 7 14 5 1 14 3 8 12 1 1 15 41 10 10 13 15 11 1 3 12 13 14 11 41 25 10 8 0 3
17 2 14 11 10 11 0 22 8 3 21 3 3 6 6 11 15 3 8 22 25 35 80 26 39 1 3 22 21 2 9 27 6 3 1 0 12 16 1 8 8 23 47 8 24 17 5 19 9 6 5 18 7 5 4 6 0 6 14 13 10 6 38 9 21 24 12 1 17 22 32 1 3 21 6
8 6 11 2 0 1 42 24 2 3 14 5 0 1 6 1 17 14 1 1 10 19 12 3 1 16 45 19 33 1 0 25 6 38 11 17 7 4 19 18 40 4 20 0 7 45 39 9 11 20 22 10 10 5 13 12 20 6 34 8 19 9 8 19 12 32 7 14 15 2 29 8 3 14 11
2 2 16 17 11 3 27 12 20 0 1 2 3 8 33 3 39 16 54 12 0 5 16 16 4 2 4 2 3 26 20 2 1 1 12 35 7 31 28 11 12 11 16 14 24 20 35 4 4 2 11 19 30 18 7 17 7 13 0 1 8 18 3 36 2 1 5 6 17 16 28 35 42 9 2
-1 0 3 13 1 0 43 16 0 0 6 11 43 0 0 10 95 12 21 16 2 15 20 3 24 16 3 11 18 1 23 18 23 18 1 18 23 3 0 0 12 1 6 28 17 7 1 0 14 1 7 0 21 8 8 14 46 9 5 5 5 10 2 19 39 20 16 38 11 9 32 1 37 11 11
0 9 27 3 37 11 3 4 12 19 81 2 2 14 6 25 13 26 23 15 22 8 14 1 15 3 29 6 23 15 6 0 5 2 24 9 0 7 2 23 4 11 6 11 11 24 2 15 34 11 14 2 1 2 3 14 1 11 56 19 12 2 10 11 7 0 5 11 21 40 13 19 8 18 25
4 5 11 15 3 61 2 81 34 10 2 22 7 1 13 6 22 0 10 3 23 8 20 6 10 0 22 0 6 13 11 3 19 14 5 25 5 0 7 37 10 25 1 4 6 1 11 2 6 37 38 21 14 4 10 13 14 17 12 7 40 33 8 22 9 0 32 4 2 5 6 9 7 19 5
8 1 29 6 0 6 15 6 19 1 8 4 38 0 20 2 27 24 5 3 1 7 0 0 3 22 16 16 0 10 40 16 4 31 10 4 5 40 6 38 2 30 69 4 1 3 19 26 0 18 42 3 10 30 31 4 12 4 8 3 3 3 4 1 17 72 14 21 5 14 6 3 13 1 13
9 2 0 7 0 9 13 13 8 13 12 2 8 15 21 9 5 6 5 25 43 20 9 12 32 18 45 6 8 3 19 2 4 11 25 24 0 5 37 16 3 2 12 3 38 1 2 0 24 2 0 49 27 2 2 3 8 12 23 38 58 38 2 25 0 4 2 3 18 14 26 10 6 1 21
-1 0 33 2 9 6 16 24 2 18 56 1 1 0 7 16 3 2 13 18 29 8 1 28 22 7 6 19 8 19 22 6 7 34 16 12 3 5 1 19 11 4 30 0 14 2 35 7 0 37 3 19 6 1 7 7 53 5 0 29 9 34 12 24 22 15 2 34 25 3 7 4 37 2 2
2 41 2 27 8 25 13 1 33 9 10 2 27 0 6 13 9 9 19 8 50 5 1 2 23 4 67 2 7 25 1 0 2 5 7 3 3 47 7 5 29 8 15 18 1 0 1 1 1 11 25 1 5 8 11 8 9 0 41 22 51 29 19 7 21 28 36 10 0 1 3 17 11 2 20
8 19 2 0 5 32 39 3 9 6 8 2 8 11 9 59 4 2 2 4 0 5 37 32 25 3 9 29 0 5 6 16 24 13 9 8 0 20 9 17 7 5 4 36 33 2 17 14 5 12 4 8 40 15 7 1 7 22 46 37 22 1 1 13 8 4 4 13 11 1 70 3 10 12 6
24 3 38 30 23 4 16 5 23 17 0 9 23 22 5 13 52 6 7 27 13 1 0 5 24 0 2 10 2 6 3 5 11 8 13 10 9 2 11 34 19 1 17 19 12 2 14 3 36 0 48 0 14 26 24 7 29 17 6 2 15 23 19 23 17 8 21 1 11 16 2 9 0 13 10
-1 4 5 26 4 12 15 38 1 13 15 26 4 4 6 13 0 1 28 10 7 25 22 8 22 37 23 16 19 27 0 3 27 1 6 15 23 25 0 2 16 6 9 34 36 5 0 3 19 10 5 1 4 0 25 30 55 2 26 2 36 43 3 2 4 8 1 1 1 2 1 20 4 25 29
14 0 5 26 8 14 39 9 7 4 20 29 20 0 15 3 22 4 16 40 10 16 12 9 23 5 0 23 10 10 6 4 0 11 9 1 37 12 4 11 16 1 35 9 3 18 22 23 1 11 16 7 75 2 24 15 25 4 7 2 13 14 19 19 5 31 1 0 0 17 13 7 8 8 21
3 7 8 21 22 1 7 8 2 63 10 7 9 20 14 9 4 2 2 5 25 27 7 0 2 2 9 7 2 40 26 2 1 30 6 18 6 10 10 19 1 2 16 15 14 1 8 5 14 11 0 4 9 2 0 0 41 28 34 2 1 24 13 7 10 32 1 7 6 46 30 34 35 5 69
12 3 5 66 6 0 13 4 0 7 7 7 25 5 1 14 17 38 10 13 5 13 4 17 7 29 3 4 28 0 2 8 20 1 6 9 1 7 7 6 5 15 0 10 12 15 24 97 39 43 11 9 15 38 14 13 13 8 12 2 5 15 4 5 2 8 0 3 3 33 36 8 22 16 15
6 29 29 18 9 7 3 17 27 6 32 0 9 12 0 1 2 9 1 4 50 18 17 52 15 4 9 2 6 4 2 2 46 14 11 20 14 10 72 3 25 3 2 1 34 33 9 11 16 3 28 2 10 21 5 17 1 2 1 32 25 7 2 15 2 0 7 2 5 16 12 14 3 31 11
16 0 10 2 1 49 17 12 12 41 5 3 18 1 30 35 0 31 12 21 14 6 12 29 2 9 32 40 15 23 4 2 7 8 16 14 0 16 33 13 0 5 15 17 37 2 4 1 5 69 2 11 31 12 7 7 0 23 1 2 9 21 6 1 3 6 5 17 8 24 28 3 2 3 2
24 4 8 12 6 19 14 31 19 19 4 46 14 29 3 1 37 13 9 4 26 32 27 62 14 4 2 2 12 8 43 15 2 9 18 2 3 11 14 44 1 9 14 2 16 2 22 8 3 15 2 0 4 10 19 0 9 9 0 14 9 15 7 2 2 26 19 0 15 0 4 10 20 39 7
1 4 2 1 19 19 0 12 14 15 45 44 0 13 50 2 9 1 9 3 1 4 25 7 25 9 13 9 6 5 8 0 6 2 3 14 4 4 18 2 13 7 0 22 0 1 13 15 40 3 2 1 11 37 18 34 0 2 23 14 11 28 29 29 6 11 63 2 20 35 11 11 37 1 22
8 31 14 0 7 24 34 0 24 2 9 19 15 0 19 18 18 17 4 2 6 8 2 21 8 30 0 1 22 58 14 5 13 12 19 11 9 14 0 22 3 20 3 1 18 10 3 5 3 4 10 10 5 2 10 18 4 6 26 13 51 6 6 3 84 3 7 12 5 11 32 17 15 11 23
21 25 42 30 53 16 17 10 11 38 10 8 3 3 75 1 10 38 1 10 0 13 3 14 5 38 3 6 25 6 18 22 3 9 24 1 8 2 7 0 20 17 6 30 0 15 11 23 7 10 18 5 6 8 19 4 2 12 2 8 4 12 23 6 7 15 4 10 3 1 17 15 3 8 20
