25 75
12 5 1 22 17 25 14 15 7 1 0 2 13 17 3 4 5 6 20 17 13 18 26 18 33 1 13 33 27 0 21 9 2 2 4 2 23 22 6 6 6 32 17 0 13 4 24 18 37 4 0 6 26 25 19 3 6 3 23 3 13 25 42 11 4 2 7 21 4 21 19 7 24 24 22
3 18 3 24 2 11 8 10 46 8 15 15 28 14 4 2 1 17 26 11 12 20 3 16 5 18 12 5 48 36 4 8 109 8 3 2 10 35 9 3 7 35 4 24 0 3 16 11 5 2 1 13 18 14 36 7 21 4 40 2 8 3 20 1 20 5 0 5 2 14 2 3 0 17 5
5 11 11 1 3 19 14 10 0 1 29 23 9 24 8 62 15 0 25 29 1 1 6 9 39 13 17 0 6 1 7 11 12 9 5 51 22 43 13 23 1 15 30 82 6 0 10 2 18 4 8 9 6 3 23 5 2 0 10 7 3 6 1 13 34 20 16 15 5 14 2 6 4 10 22
4 8 52 6 27 2 29 16 2 2 31 3 49 21 8 5 1 7 5 0 4 19 0 19 18 22 53 3 4 6 45 11 3 15 27 7 6 8 2 8 23 3 15 1 16 0 2 22 10 42 1 2 3 6 8 15 14 3 6 11 11 3 41 2 6 9 0 25 13 11 16 14 4 49 35
1 29 1 15 9 10 31 8 4 21 9 1 35 0 8 1 28 3 7 9 1 15 30 29 0 22 1 22 73 15 1 24 18 20 2 21 22 1 2 2 13 8 2 4 15 30 34 9 6 30 3 10 2 44 19 20 2 18 20 19 6 5 7 8 6 29 17 24 10 12 0 2 10 3 2
7 0 13 0 46 0 26 7 43 1 0 48 4 27 28 1 10 1 9 42 5 6 22 19 27 25 14 13 4 4 2 16 39 4 2 15 19 0 38 5 16 12 6 31 11 3 18 26 1 16 13 17 0 2 19 2 11 6 8 7 8 8 1 47 3 36 17 4 5 14 14 6 2 5 13
72 6 3 11 2 2 10 1 8 0 29 13 22 20 30 8 12 1 10 9 18 67 16 2 2 17 17 14 6 53 7 2 16 44 3 8 5 10 5 9 17 39 12 37 5 17 2 5 9 4 9 2 12 8 12 35 5 7 4 7 3 14 7 10 0 6 18 33 5 11 5 6 40 3 1
8 3 0 24 21 5 11 53 6 0 20 1 6 19 10 10 2 0 7 55 4 10 1 7 19 13 8 12 49 6 53 21 28 19 15 13 4 1 11 13 2 35 1 14 10 19 20 4 6 1 9 8 10 13 17 5 13 2 9 12 13 11 22 7 17 2 25 22 22 9 13 23 7 11 18
10 0 5 7 9 14 1 17 2 18 23 23 7 3 12 18 37 1 5 12 6 3 0 14 15 5 23 2 8 19 11 15 9 8 30 0 37 13 15 25 8 15 26 7 31 85 2 4 41 17 7 22 3 10 8 4 14 13 50 1 3 2 1 6 24 1 1 1 41 11 29 12 0 5 13
0 7 4 3 6 24 17 13 0 0 8 14 24 10 9 9 12 18 4 13 42 29 4 11 2 13 4 23 4 12 4 7 29 21 28 16 12 33 14 1 30 1 29 21 21 12 34 24 20 13 25 39 20 3 26 37 1 24 7 1 1 1 8 6 6 4 0 0 23 8 26 14 2 4 5
15 16 18 8 65 3 7 16 6 2 13 6 17 15 17 5 50 10 41 23 14 4 50 26 25 1 1 2 10 33 4 0 22 18 5 16 23 2 12 13 1 11 6 1 22 36 4 25 5 37 16 13 2 4 1 15 0 47 0 23 10 11 3 36 3 3 7 0 2 4 1 6 2 8 1
3 3 4 8 20 1 1 6 12 27 2 6 6 21 7 6 9 5 5 3 18 4 15 21 3 21 31 3 1 0 5 1 6 3 13 2 19 29 10 17 10 2 16 7 75 25 22 18 2 3 12 10 8 20 39 9 23 5 23 11 33 0 10 22 13 0 38 26 0 49 8 10 49 21 4
13 8 18 3 4 26 4 15 22 26 16 2 9 3 6 3 6 6 1 6 12 44 47 31 17 8 2 0 9 29 39 31 9 13 32 7 3 16 14 5 39 5 5 2 29 3 32 9 8 6 9 17 13 9 13 6 24 4 4 1 0 4 3 1 8 3 72 1 32 25 10 20 1 4 13
1 21 45 17 3 4 0 3 28 5 10 0 3 36 4 15 78 14 14 0 29 1 2 3 15 5 6 20 3 33 13 5 7 2 14 8 6 0 9 1 10 1 2 12 35 21 20 36 1 25 27 4 26 0 4 6 13 11 3 22 10 14 12 30 1 4 50 12 20 4 10 3 10 12 46
2 14 8 10 29 5 6 14 4 11 13 29 7 5 8 4 39 10 38 22 5 12 24 17 2 1 48 0 11 57 10 13 25 4 2 4 53 12 12 6 9 3 0 8 13 8 10 4 5 6 7 20 9 10 34 1 29 3 13 23 10 5 23 12 14 1 22 1 6 25 2 4 10 50 4
3 2 16 5 1 12 9 8 12 14 33 7 78 10 11 1 16 2 2 1 5 16 27 18 12 11 7 17 23 9 12 4 23 14 2 5 14 7 16 38 8 20 12 2 5 10 11 0 7 40 2 7 13 4 5 49 10 13 22 17 3 3 2 15 20 5 2 5 15 2 8 33 88 18 1
14 14 20 3 1 3 9 50 14 0 50 2 16 0 4 17 3 6 89 5 13 22 17 25 1 7 6 2 0 20 4 1 2 17 21 32 15 11 13 17 3 6 7 9 8 3 27 5 9 21 22 1 53 0 28 2 0 13 5 1 8 11 32 1 0 9 30 1 14 33 1 35 10 9 17
8 3 20 9 23 2 1 15 14 0 13 37 19 6 12 3 18 39 14 8 5 7 6 14 20 19 7 5 6 4 42 26 1 5 8 7 18 45 0 0 0 2 11 29 11 14 17 13 6 20 0 45 2 2 26 4 3 3 0 6 14 8 77 24 6 0 4 4 1 78 7 7 15 7 25
18 5 11 14 15 8 47 34 12 3 3 22 6 4 27 10 4 2 9 6 15 0 14 29 7 7 26 9 3 15 8 4 25 5 10 1 27 1 11 9 3 21 7 29 24 0 40 43 5 6 32 7 5 22 15 9 6 6 3 9 8 13 3 6 15 13 12 25 9 14 48 20 30 1 5
63 54 36 2 32 2 14 9 21 12 6 13 5 20 5 6 16 8 2 17 19 6 1 12 56 2 2 53 4 5 9 3 9 13 22 11 8 37 2 7 1 3 10 1 22 6 11 19 34 4 3 4 29 3 5 19 5 6 1 5 13 5 34 1 6 5 12 14 35 4 9 23 8 9 7
45 11 1 43 12 5 11 11 14 1 5 16 0 22 1 3 6 6 15 8 10 0 14 11 9 1 2 3 12 67 6 1 9 54 11 1 33 7 12 1 4 38 2 10 4 3 0 23 1 27 11 5 25 13 22 0 13 20 37 15 4 1 22 2 27 13 2 19 25 29 12 3 45 0 23
16 22 2 1 22 5 7 1 14 2 0 0 37 7 41 9 2 3 10 1 15 31 12 14 6 0 8 9 9 9 46 5 3 22 9 3 12 5 3 7 40 17 32 44 23 25 6 4 1 26 2 10 14 17 12 10 22 21 19 9 6 0 9 23 22 11 18 40 51 4 16 2 0 8 6
15 9 20 2 18 8 5 3 21 4 20 15 2 3 3 8 0 34 9 4 14 26 17 6 20 2 8 13 26 39 7 4 22 2 0 5 4 15 1 31 22 5 8 17 33 21 3 5 12 15 37 17 10 9 0 33 20 8 42 42 4 4 4 8 2 7 29 11 2 19 42 1 5 5 33
20 0 8 61 4 5 0 0 11 6 5 2 16 17 18 19 14 1 9 7 18 22 27 4 9 32 4 21 1 10 4 29 4 16 24 5 5 56 28 7 21 2 0 57 5 11 5 4 7 59 17 31 1 28 30 3 5 4 56 12 10 7 1 6 0 4 1 12 1 0 8 12 6 15 10
-1 1 41 65 3 3 18 1 32 6 44 8 22 19 21 5 20 1 32 9 27 48 6 19 9 0 4 28 6 7 4 15 26 47 8 3 3 12 6 0 2 3 17 6 15 6 5 4 4 4 1 15 22 40 0 19 7 1 20 1 7 28 6 28 33 0 15 12 3 3 17 11 0 9 8
