25 75
0 3 8 20 7 21 16 18 13 3 15 12 13 2 5 12 6 30 1 27 5 6 51 29 6 26 28 7 1 16 18 26 40 9 7 1 7 11 0 27 26 7 0 12 24 9 10 0 44 6 17 4 0 34 19 1 4 13 8 26 15 9 39 15 8 24 2 2 9 41 1 1 13 2 2
-1 36 20 0 10 3 28 74 5 8 23 16 7 9 22 11 0 2 25 22 2 1 25 20 23 25 2 85 0 6 3 8 11 7 0 2 22 5 5 27 12 53 3 1 20 0 28 11 24 4 14 22 8 15 4 6 2 8 2 6 32 25 19 5 6 7 13 2 10 5 2 9 3 17 3
22 1 6 1 0 9 0 18 14 15 9 8 9 18 44 1 24 15 3 25 3 34 8 13 4 6 10 21 70 19 8 20 2 0 13 8 8 0 16 2 5 1 15 23 64 0 6 10 22 1 16 5 0 17 2 7 10 9 19 21 7 0 21 0 27 47 6 8 10 26 3 7 43 12 23
2 9 0 52 6 0 0 29 1 5 9 9 22 26 37 1 14 25 1 13 16 4 1 1 15 4 16 1 7 17 19 5 9 17 8 3 24 5 12 29 28 14 1 46 11 30 12 10 28 27 33 20 3 42 4 15 32 25 31 1 5 0 18 0 2 2 1 10 3 3 42 4 3 14 6
4 5 65 2 40 1 10 6 33 16 3 12 5 29 17 37 3 17 13 24 16 1 19 2 1 11 4 6 29 0 20 4 32 32 12 20 2 12 3 1 17 7 10 44 20 4 1 9 14 3 14 7 30 2 20 20 42 0 12 16 9 5 9 31 2 7 6 25 1 2 0 5 1 8 28
48 10 13 9 5 24 25 7 13 10 14 18 12 11 37 6 12 5 36 4 7 31 3 13 3 13 1 15 6 35 8 3 0 0 4 17 9 0 11 37 59 10 31 24 6 12 5 5 0 23 7 13 15 7 12 3 25 7 21 3 1 3 9 5 8 1 11 29 7 14 8 5 1 68 7
37 8 15 30 2 0 17 24 3 50 15 11 2 17 4 71 9 34 17 9 36 18 7 16 6 8 8 0 0 6 2 25 12 39 16 6 9 9 0 7 9 0 13 35 7 3 57 1 6 0 5 0 0 27 2 3 41 20 7 5 2 19 13 14 6 3 9 10 0 25 8 16 13 4 12
12 12 13 5 6 13 28 0 38 17 18 12 14 5 7 9 14 29 6 17 6 3 1 1 9 0 5 0 6 28 4 80 2 20 1 4 18 0 2 8 3 0 5 68 0 7 11 9 3 3 1 7 20 4 1 42 22 1 26 9 24 3 52 14 37 8 3 16 19 36 11 7 21 4 30
9 22 3 6 10 15 0 6 4 5 2 19 2 7 23 3 9 2 10 23 18 6 14 18 24 23 24 5 14 6 22 42 11 23 0 4 47 2 2 42 4 6 0 1 5 41 7 8 3 25 14 21 27 6 12 26 33 7 0 63 25 18 1 3 10 15 3 1 1 17 13 4 37 1 15
8 24 16 14 9 26 3 11 3 34 2 5 10 3 55 13 6 3 26 26 1 3 10 21 21 3 14 14 13 1 16 20 25 3 16 3 6 0 11 1 11 6 29 3 10 4 9 11 35 1 3 15 27 17 5 4 5 27 13 14 13 11 24 32 5 5 10 14 8 33 24 18 12 30 13
5 10 14 2 2 6 2 6 15 10 2 6 35 10 13 6 0 61 1 19 8 33 17 2 6 13 54 1 12 5 7 8 7 23 73 11 17 13 3 6 12 1 3 5 5 18 4 70 0 44 5 2 24 4 16 7 4 48 61 2 4 4 4 13 2 4 11 2 16 8 5 0 39 5 4
14 68 11 20 5 1 4 59 36 3 19 14 4 5 18 0 1 17 6 0 2 5 8 13 3 0 2 15 6 19 19 0 10 20 2 26 4 58 22 1 4 3 13 16 0 9 13 0 38 18 7 4 9 17 17 35 1 2 4 4 17 8 36 26 10 10 31 6 10 3 23 7 2 4 53
21 16 20 3 4 9 17 7 16 15 6 16 7 8 12 19 5 4 24 60 1 27 13 9 16 27 2 11 17 0 26 3 3 9 29 2 0 17 32 1 30 22 6 1 4 20 7 1 5 16 6 19 26 21 5 11 16 0 9 4 20 43 9 10 1 9 4 4 18 38 6 41 0 10 24
0 1 22 3 4 0 3 22 13 9 3 3 17 7 27 30 0 91 9 1 20 0 4 1 10 10 3 16 24 27 4 44 25 22 0 0 28 5 2 4 11 10 6 11 15 17 86 0 6 3 1 5 0 4 20 8 5 20 0 7 11 7 21 8 3 0 28 8 9 17 43 54 6 28 8
13 42 1 3 13 10 2 29 1 0 23 18 12 1 8 4 9 23 27 0 3 11 3 8 6 4 7 6 20 14 10 4 0 6 0 10 62 2 21 19 15 27 23 9 7 0 8 1 1 24 12 4 0 5 23 0 57 13 1 40 12 13 8 0 19 0 17 33 2 37 34 44 8 13 35
5 6 0 96 1 6 0 0 15 7 7 22 1 1 10 37 27 17 46 29 1 7 5 0 5 13 24 40 18 1 4 30 0 3 19 10 15 16 16 6 13 11 8 12 27 4 35 0 2 12 45 15 2 11 11 1 29 19 13 4 3 17 18 17 8 2 29 18 5 4 9 7 3 18 2
23 6 18 32 29 15 27 26 0 8 20 18 9 22 29 7 23 18 17 16 0 20 6 8 2 1 25 10 1 10 42 8 7 2 6 1 12 8 37 1 0 3 12 8 8 1 5 9 2 5 6 13 23 10 47 1 4 26 7 12 9 10 6 11 15 19 6 28 7 0 3 20 42 46 6
40 25 18 10 10 11 8 13 17 4 11 11 0 33 2 10 4 48 0 8 0 12 43 12 0 23 12 12 63 8 4 1 1 3 6 9 31 14 27 8 10 25 3 7 45 8 0 1 11 13 22 2 11 2 1 2 1 14 17 36 50 11 1 34 6 3 17 3 3 1 6 4 4 43 11
4 2 4 20 8 16 4 50 16 20 39 27 6 3 26 14 20 24 23 40 4 3 0 37 2 4 2 0 13 15 29 16 0 4 5 0 60 31 17 23 1 0 14 0 14 2 6 3 4 8 35 23 0 9 2 30 5 2 5 14 18 17 22 17 24 6 13 8 14 2 16 6 22 3 4
3 8 40 47 0 9 9 8 12 8 33 12 24 41 0 17 4 12 67 6 9 17 8 75 25 2 1 1 11 0 22 29 0 15 8 4 1 19 13 1 7 5 23 19 19 4 17 6 16 6 0 14 25 3 9 8 32 17 2 2 1 16 5 17 6 17 3 6 3 22 4 23 2 3 17
6 6 24 15 17 32 0 3 39 10 10 38 7 0 2 15 5 17 5 24 33 23 6 17 4 0 16 20 9 2 15 1 4 7 2 4 25 15 4 51 16 18 4 1 12 0 7 3 6 11 1 5 14 2 19 12 28 12 1 37 8 59 37 0 15 11 11 21 3 17 10 9 32 10 15
14 1 18 18 9 54 0 8 2 4 4 11 7 0 16 28 17 15 4 11 17 15 5 19 3 2 2 19 6 70 4 7 1 1 27 3 2 14 6 38 15 73 9 2 39 1 0 49 2 9 10 19 17 29 7 4 1 24 5 9 20 3 7 1 6 40 10 14 2 10 22 22 3 13 1
14 3 34 26 17 10 19 29 7 1 19 5 35 16 21 15 2 15 1 16 4 22 1 17 19 9 29 10 3 3 5 7 5 22 4 11 0 32 13 55 0 26 5 11 13 19 12 6 3 2 6 22 2 19 26 15 15 4 21 42 35 6 26 21 5 0 0 15 2 10 0 13 9 3 10
10 5 5 1 36 14 0 11 7 28 0 36 23 0 7 13 3 10 9 1 6 11 24 34 2 14 24 7 16 17 10 20 4 0 26 2 13 0 11 3 6 13 49 74 15 9 8 42 9 4 11 0 8 6 1 13 6 24 33 32 21 0 1 16 0 24 45 10 4 11 8 0 7 18 9
20 19 5 6 24 13 0 2 9 0 32 15 24 3 0 14 4 30 17 4 2 3 0 9 16 1 29 11 23 33 6 5 62 15 26 7 13 9 14 15 18 39 12 19 4 7 22 43 9 11 12 21 3 39 1 6 17 23 20 16 5 10 3 2 0 1 18 44 13 2 1 14 1 2 2
