25 75
29 27 0 6 12 42 7 30 6 2 41 1 2 23 2 11 9 10 1 8 1 10 12 0 5 3 14 2 9 13 8 12 6 18 1 29 24 11 27 17 10 5 3 20 23 13 6 1 0 16 3 4 47 25 11 7 24 22 5 9 12 0 22 13 22 2 9 11 6 30 63 12 13 29 11
8 8 4 12 21 10 8 1 21 56 8 4 7 30 5 3 1 1 4 5 26 15 13 4 4 0 15 38 26 39 1 0 68 10 7 23 5 21 4 8 4 6 25 0 25 10 0 25 2 13 7 1 41 2 21 17 5 8 9 12 53 7 15 15 20 15 6 12 21 5 4 2 21 0 27
25 4 16 13 12 7 2 8 21 10 22 8 27 5 6 14 0 6 51 10 25 16 21 4 13 6 6 4 12 8 15 28 3 10 31 13 43 9 10 14 5 18 6 1 24 9 8 1 2 3 16 20 2 20 5 4 19 35 25 28 7 21 3 0 18 8 2 20 10 18 19 23 30 0 12
-1 16 24 16 9 8 22 24 51 2 3 17 12 14 20 21 21 35 7 27 26 10 10 11 2 24 0 6 15 13 13 18 11 26 23 4 16 9 20 29 10 17 12 2 2 35 2 8 3 26 1 6 31 8 6 20 1 1 4 24 6 0 4 1 21 5 5 14 2 4 29 12 2 25 17
-1 12 0 48 11 6 3 19 3 3 0 10 4 42 3 10 30 7 6 6 11 16 5 11 5 25 41 8 10 5 21 19 2 54 2 18 20 29 9 10 28 12 2 3 21 1 20 27 10 39 3 6 17 11 8 13 27 24 11 2 5 0 0 2 7 4 0 30 14 54 25 3 3 10 15
18 3 9 78 26 4 6 13 11 2 1 19 20 8 6 0 35 1 13 3 37 3 9 1 6 17 6 18 1 21 6 4 1 4 6 14 1 11 1 3 19 7 6 20 35 17 30 45 40 2 22 8 9 1 5 7 22 1 31 4 1 24 1 16 2 33 4 5 6 10 7 39 4 53 18
0 4 0 9 11 47 12 16 1 23 0 3 4 6 12 2 13 20 0 30 38 14 53 2 0 2 4 1 35 16 20 0 7 0 24 27 17 14 10 36 5 0 17 70 13 6 12 6 3 10 20 13 25 13 14 2 4 26 17 8 27 1 3 3 63 16 0 1 3 1 19 2 15 14 15
11 6 18 36 7 4 7 10 0 16 5 1 38 19 25 5 12 10 31 16 18 11 0 0 31 17 3 4 2 15 5 37 17 20 3 5 7 0 22 32 18 9 2 13 32 11 2 51 10 2 1 7 22 16 0 26 52 35 31 5 2 2 3 21 7 1 2 3 32 24 13 0 2 1 16
27 2 5 44 18 15 2 27 32 16 33 2 3 6 0 13 10 10 22 10 5 8 20 9 14 9 0 1 13 21 13 6 21 7 3 18 0 40 7 1 10 4 35 28 0 13 1 3 1 18 34 9 7 1 29 2 9 12 2 1 17 1 63 28 9 80 17 1 3 3 7 10 13 15 1
5 4 10 2 1 25 11 4 6 3 39 24 16 5 30 14 8 8 1 18 0 10 7 12 1 29 47 44 12 13 4 24 14 14 36 6 6 3 22 10 24 3 12 0 0 30 12 0 7 23 29 2 12 12 7 27 2 4 17 27 15 13 7 10 2 17 40 16 15 1 14 7 4 38 3
9 8 4 67 69 10 26 0 19 2 3 0 21 6 8 38 1 6 23 7 2 5 10 3 11 3 0 19 24 48 23 29 13 19 19 10 10 16 18 12 4 11 1 16 8 4 9 7 28 1 26 23 7 17 11 0 12 2 0 3 20 8 0 23 0 7 27 19 6 31 22 0 0 21 5
10 5 13 1 63 5 20 42 10 4 20 32 4 35 6 0 28 12 9 1 9 18 2 10 1 31 2 35 27 10 20 10 0 14 1 14 7 22 29 24 0 1 19 23 10 15 31 32 8 11 21 2 0 10 10 12 8 3 5 3 13 2 31 11 32 2 23 1 6 8 6 8 23 1 3
7 4 7 22 8 2 4 17 27 11 1 2 2 27 61 6 2 62 2 9 15 4 17 0 11 24 12 8 6 32 5 1 19 18 24 10 1 24 25 8 19 41 0 3 6 4 19 57 6 11 6 10 1 35 5 15 0 18 3 10 9 0 29 0 23 19 11 33 0 12 2 1 16 12 17
17 10 4 2 2 25 7 12 16 23 30 18 23 18 6 16 3 10 10 27 5 26 10 10 9 2 18 0 3 10 2 10 14 18 44 4 9 1 11 21 2 4 23 0 7 11 12 0 27 22 1 12 11 12 35 13 42 60 17 4 1 5 4 39 44 3 29 13 0 14 6 9 10 0 2
53 5 7 13 9 74 5 6 3 30 15 16 10 1 3 23 2 11 1 20 90 5 7 1 1 17 7 1 3 0 5 8 13 58 20 2 2 9 17 5 10 7 32 27 11 8 16 6 9 48 0 13 1 3 11 10 5 14 0 6 10 10 30 1 13 10 35 7 6 2 30 17 5 1 8
31 20 12 7 13 14 2 14 5 105 15 35 26 4 0 4 18 9 3 5 6 20 1 7 1 13 34 21 5 3 2 28 2 18 7 0 58 7 21 1 18 6 33 22 17 11 9 4 12 6 0 6 2 8 8 42 6 1 2 3 6 49 2 4 6 17 6 20 22 5 1 5 28 0 16
20 1 5 13 10 1 1 8 27 38 8 2 49 38 28 1 12 26 27 0 4 1 6 1 27 16 13 5 11 2 16 3 6 25 18 4 2 34 7 49 12 7 9 14 27 0 29 15 1 0 1 15 4 3 5 8 20 9 12 10 3 3 7 1 10 34 2 7 5 1 73 22 21 34 11
15 3 12 57 3 11 7 26 25 4 20 18 3 2 19 26 9 9 9 6 36 50 2 13 12 29 9 5 0 2 9 0 2 33 38 13 16 14 4 9 2 5 9 10 7 16 5 18 4 4 31 2 57 5 1 6 2 3 19 0 8 0 4 10 5 63 0 4 7 3 5 25 18 60 2
-1 9 11 28 25 5 2 14 6 6 53 13 16 0 17 4 18 16 5 19 5 41 10 5 24 0 24 12 18 42 0 28 8 1 3 13 6 25 27 8 6 10 1 1 4 38 1 4 11 0 17 7 26 16 13 11 10 14 1 32 12 8 0 7 21 22 13 10 30 8 11 6 24 34 5
21 1 3 10 3 19 12 14 0 37 20 5 18 4 6 3 5 2 14 9 3 15 7 10 6 8 6 32 0 25 33 0 0 20 9 42 6 6 5 4 15 16 8 25 1 20 26 35 17 24 9 10 1 39 10 13 28 13 2 13 3 2 18 4 13 3 20 9 24 4 11 13 33 55 20
0 13 1 26 31 39 44 5 20 7 8 1 9 3 8 45 10 36 2 15 9 2 7 0 37 18 5 23 37 15 6 2 13 6 56 4 11 8 2 35 8 23 1 30 1 5 2 3 2 18 11 2 2 3 11 3 8 34 5 6 9 0 27 0 18 6 39 3 3 26 0 1 37 33 1
17 6 4 16 6 2 4 0 1 4 8 0 4 3 1 52 10 18 9 17 5 14 8 57 27 19 2 8 32 2 4 27 7 47 14 0 31 7 11 2 24 3 20 11 6 1 20 0 20 50 5 7 14 31 34 6 7 4 6 8 26 34 11 12 3 11 14 1 35 3 13 7 12 4 31
5 17 31 1 1 42 1 22 27 2 5 15 19 17 10 23 6 13 10 9 14 47 3 2 1 14 4 0 3 6 9 21 4 1 16 6 20 2 12 5 26 8 10 38 8 8 13 34 4 6 5 14 11 8 5 62 23 8 19 1 67 0 18 4 12 6 26 4 31 4 1 20 13 3 14
20 0 13 34 14 6 5 7 4 1 2 5 79 17 0 3 8 16 5 42 1 1 9 0 24 3 19 6 4 27 8 10 9 9 0 9 8 1 21 23 33 23 17 2 38 3 40 11 15 4 13 6 3 11 18 2 46 2 27 18 6 1 18 36 2 5 4 6 29 10 1 27 14 12 24
18 16 10 0 5 5 7 8 40 12 5 3 3 28 11 2 28 23 16 1 10 17 7 23 21 17 23 8 3 3 10 31 1 27 26 2 2 5 4 12 2 0 3 31 39 20 2 21 16 18 10 2 2 54 2 16 16 6 2 10 24 33 13 59 0 21 6 2 5 5 10 9 9 37 2
