25 75
12 2 53 1 36 7 3 18 32 3 19 11 14 2 9 16 21 24 42 23 30 2 4 27 3 11 48 13 9 21 13 17 0 9 20 5 12 1 1 1 4 21 5 12 9 0 4 6 22 16 5 2 3 16 5 13 21 2 1 7 22 30 33 6 2 8 6 14 33 0 21 3 24 19 10
17 4 8 3 58 51 24 36 6 35 51 4 4 0 4 5 7 13 4 16 10 35 1 13 3 0 2 12 8 1 6 28 35 24 4 3 2 40 5 17 5 15 4 3 0 5 11 3 23 7 4 15 5 3 25 1 8 1 7 20 15 5 1 15 17 0 16 18 8 26 8 41 20 31 15
0 2 0 8 4 18 16 11 11 3 8 2 9 7 0 22 70 0 25 14 15 5 16 12 5 0 15 10 24 28 3 14 26 2 61 0 2 1 8 5 4 2 32 1 4 66 15 52 5 25 10 11 7 10 16 33 15 24 5 12 12 3 1 6 8 1 18 21 31 3 11 33 1 15 5
19 0 12 10 0 0 17 1 11 19 5 40 0 20 8 4 41 55 23 1 8 28 4 29 18 0 3 31 37 6 1 11 2 30 18 20 0 11 7 18 7 5 10 7 9 4 1 12 7 18 7 42 26 25 0 2 0 0 16 2 4 16 1 23 32 31 6 3 0 38 10 24 9 32 3
32 5 3 11 1 18 30 6 45 8 19 33 8 30 14 8 2 17 0 25 15 7 20 7 4 7 0 19 3 4 7 32 1 10 8 3 9 16 15 10 5 15 8 3 16 14 11 5 6 0 3 21 3 2 10 6 19 4 22 15 11 18 44 3 14 43 46 14 1 7 14 14 40 29 2
19 41 10 12 1 13 7 5 2 12 16 16 5 13 0 21 18 10 51 15 11 3 26 34 21 5 0 3 4 3 8 6 3 16 10 6 5 8 0 6 12 18 20 12 24 8 30 2 16 2 13 58 3 24 1 15 6 33 5 24 4 16 6 6 3 16 28 30 6 13 38 6 5 30 2
6 18 31 2 5 10 24 23 11 13 3 7 15 33 15 29 22 9 15 47 5 13 4 1 33 12 5 1 3 5 3 16 5 3 2 3 4 18 26 16 13 10 5 20 7 14 20 3 5 15 35 10 27 4 32 2 0 23 8 0 11 11 17 1 4 4 36 15 20 21 34 7 5 14 31
17 12 8 2 5 4 7 4 2 14 2 11 14 0 18 11 9 23 12 7 15 0 14 4 22 39 8 2 16 20 33 10 18 6 17 69 26 2 16 24 37 4 23 2 17 0 52 13 0 21 18 38 10 44 0 7 0 2 13 2 14 9 2 8 38 23 3 14 1 6 2 6 16 8 4
25 9 3 1 6 21 27 35 25 0 44 22 2 1 14 12 19 2 76 10 0 0 16 9 50 2 9 23 18 0 17 2 4 29 16 4 4 31 21 2 8 0 1 3 4 5 6 28 6 36 12 28 0 8 8 19 4 5 3 35 24 3 6 0 16 24 18 1 15 6 6 28 5 5 13
-1 2 5 0 4 21 1 0 4 1 3 22 2 1 11 13 1 32 15 9 16 58 71 0 2 0 1 16 8 11 4 18 16 11 11 0 71 17 2 2 8 5 32 3 3 7 35 37 9 10 1 17 33 38 6 17 18 4 1 18 0 9 1 7 13 20 4 2 8 8 50 34 51 3 7
3 0 16 12 8 16 17 1 3 4 8 58 13 0 7 53 5 14 26 17 1 4 9 38 36 6 11 10 1 1 2 18 3 31 0 12 20 15 16 8 3 53 5 23 18 63 19 13 7 16 7 1 2 28 5 1 0 8 4 4 14 18 11 18 0 22 16 13 6 8 3 5 6 31 26
15 23 15 0 22 18 18 9 3 41 9 5 1 4 13 51 6 3 22 6 7 26 3 17 4 28 17 2 9 3 38 22 39 0 8 2 35 8 6 28 2 19 11 0 2 1 0 5 10 9 2 7 9 49 6 38 4 7 24 1 7 9 0 0 8 7 19 15 3 14 32 1 37 27 29
19 18 11 20 25 5 24 12 12 6 3 37 7 5 11 16 0 1 41 47 1 9 11 14 15 4 8 16 0 1 3 20 8 13 17 39 22 33 0 18 6 15 3 21 10 21 3 6 6 15 29 16 27 11 2 14 24 12 51 7 1 0 29 10 3 6 8 14 26 6 17 2 0 5 2
-1 3 16 28 12 9 3 14 28 2 12 5 69 19 17 22 8 22 3 8 17 12 9 8 28 0 25 44 14 17 3 5 11 2 25 27 1 24 1 2 8 24 10 0 6 21 0 1 12 1 3 21 0 0 2 6 17 6 6 36 16 5 13 37 29 7 28 2 6 5 1 29 21 21 26
2 3 20 7 16 5 17 2 23 14 2 20 15 10 0 17 5 8 22 19 25 24 16 17 8 29 17 57 15 2 28 4 5 6 14 23 17 3 9 1 0 25 5 0 12 9 2 2 0 28 9 77 35 13 6 23 5 0 9 16 8 15 9 13 3 10 0 28 2 2 20 2 23 6 36
0 24 8 1 24 12 25 3 11 15 18 12 13 7 2 23 2 5 2 2 8 2 33 35 17 14 0 1 8 0 5 27 3 15 13 9 0 15 16 37 50 7 4 10 32 23 3 26 3 11 4 0 34 20 3 22 13 0 5 15 17 6 15 9 1 18 16 22 9 0 13 71 31 17 3
27 18 18 1 0 45 18 9 0 2 38 11 35 2 41 31 2 1 11 3 28 35 3 6 10 8 10 2 29 0 8 13 5 11 10 2 50 2 22 18 4 9 7 4 3 0 54 3 2 8 18 15 0 11 3 6 34 2 0 17 1 38 9 2 17 7 1 32 17 9 12 16 30 23 1
6 12 7 14 7 19 16 9 37 20 19 4 2 27 17 4 4 23 9 6 7 2 21 7 4 5 7 14 8 14 3 15 59 42 2 34 13 3 10 7 30 36 28 13 12 11 0 2 1 0 4 11 3 5 52 6 2 3 9 1 7 32 5 10 11 3 20 7 14 53 34 6 24 3 3
8 68 19 16 3 0 15 16 27 3 20 13 20 33 44 2 24 15 18 12 11 18 6 22 14 38 7 6 12 11 1 7 14 17 0 3 0 13 20 6 0 11 51 8 1 0 37 4 5 1 4 1 3 6 3 27 2 10 36 5 17 3 9 24 15 4 17 1 2 7 8 33 14 15 14
2 1 47 1 19 14 30 6 13 3 14 28 3 10 19 12 0 36 26 0 21 21 4 0 7 12 3 15 26 5 24 23 7 9 3 10 11 6 7 18 5 2 0 46 0 11 0 10 15 21 4 35 3 16 5 13 34 2 4 1 75 18 27 37 6 9 12 8 2 3 6 24 5 4 21
0 19 5 10 7 11 41 6 2 7 7 9 8 1 27 13 3 23 26 10 10 17 4 24 10 6 32 6 8 2 7 35 8 4 15 15 42 14 26 12 7 19 14 3 14 10 33 5 2 27 1 4 5 58 1 53 6 2 5 7 21 20 5 6 2 15 13 7 22 7 29 5 27 1 12
14 6 23 3 6 3 23 30 10 13 18 9 4 16 15 6 4 11 2 19 0 21 7 12 14 15 2 22 9 21 10 6 5 0 5 13 2 29 16 15 35 0 5 0 15 4 18 39 3 18 5 22 13 26 8 14 7 18 40 3 9 2 22 8 13 21 2 34 6 28 49 7 13 31 3
11 6 1 38 7 0 1 30 3 9 2 6 14 1 10 10 0 21 8 8 3 22 5 14 8 14 1 10 0 12 81 13 63 1 6 5 2 8 24 30 4 8 22 19 4 11 12 8 7 3 9 24 7 16 28 0 14 52 1 21 48 44 0 14 14 4 2 8 0 28 1 9 13 16 21
8 16 24 5 25 28 20 4 12 18 10 26 13 5 25 8 17 1 8 14 16 2 11 10 1 10 23 23 9 9 12 16 10 4 1 9 35 9 15 5 4 16 27 15 2 30 6 0 1 4 19 10 1 9 19 31 21 8 9 3 13 19 8 23 10 1 4 22 27 11 46 0 15 27 22
4 17 23 3 13 65 10 4 23 7 8 3 8 18 11 19 11 12 2 2 3 4 16 9 5 1 6 14 6 10 5 11 6 1 5 2 26 6 43 20 2 2 0 16 27 44 26 30 11 9 3 6 22 32 31 6 2 5 34 5 2 25 4 6 12 4 11 26 9 37 1 20 14 41 13
