25 75
5 4 8 24 18 28 0 44 2 11 17 1 13 7 2 0 26 8 7 21 11 18 3 17 3 4 2 41 3 6 2 12 32 23 15 8 17 0 6 8 10 5 7 7 7 18 10 1 15 6 7 4 4 8 11 36 7 11 4 14 4 55 161 24 2 4 7 8 13 12 1 3 22 4 11
24 18 8 5 40 6 23 4 51 2 16 1 21 1 12 44 1 25 64 7 3 8 4 5 3 0 15 20 3 10 38 24 4 0 8 22 29 4 1 1 7 12 1 0 10 9 92 2 21 22 32 2 2 18 0 6 15 9 9 28 16 8 0 2 29 0 14 1 0 30 10 8 6 2 2
1 25 31 3 40 11 9 12 10 1 38 2 8 16 30 6 12 39 21 0 11 16 3 3 0 2 9 7 5 11 7 42 39 1 22 28 9 7 15 64 48 3 16 5 0 22 7 11 8 4 19 0 2 16 15 13 2 4 1 44 1 4 23 10 4 20 21 8 0 5 12 14 10 9 3
34 7 20 7 1 15 16 6 21 0 6 27 14 4 0 7 13 1 54 2 0 25 17 24 5 10 22 7 0 0 6 15 20 0 22 13 19 7 1 29 19 7 7 7 3 8 49 10 35 28 0 25 17 8 45 29 20 2 2 1 5 8 28 26 2 1 9 8 21 23 5 9 11 7 18
17 2 0 43 4 10 2 9 0 12 6 50 21 3 3 18 6 19 15 8 15 35 2 23 9 12 8 22 11 20 0 16 13 5 0 16 14 22 4 4 10 2 7 34 4 10 19 15 5 30 0 3 26 0 9 16 69 11 9 33 45 15 27 9 21 2 13 7 3 0 0 25 5 9 8
-1 24 33 15 40 5 9 11 38 0 9 8 29 18 10 7 4 21 8 3 1 4 6 39 3 42 27 18 6 5 12 0 23 10 0 32 10 5 16 8 3 11 2 26 13 4 11 1 0 3 45 0 4 20 1 28 23 1 2 8 8 57 3 13 5 21 34 25 13 2 26 10 0 6 13
4 6 14 34 2 14 4 32 8 10 2 8 44 7 13 0 7 11 3 9 0 23 30 49 29 3 2 1 6 8 7 4 6 10 10 2 17 11 11 37 4 13 30 0 27 1 14 2 11 8 15 5 14 5 8 1 8 2 45 22 1 36 52 71 1 16 17 11 2 9 4 27 3 15 2
5 38 0 7 1 15 4 20 29 32 2 1 17 44 21 60 22 10 13 14 1 0 22 61 2 11 3 5 2 1 6 16 34 22 11 19 10 7 18 9 4 1 6 18 4 17 4 6 0 26 41 11 4 6 2 24 3 7 4 4 33 5 6 0 1 5 4 56 8 3 4 19 11 5 33
51 20 22 22 1 6 18 8 15 13 6 15 12 3 12 8 46 1 10 1 10 0 5 5 1 13 27 17 10 1 10 8 17 1 4 12 6 4 3 19 27 9 7 6 5 11 7 2 1 40 26 2 32 27 26 24 14 16 12 6 2 18 28 2 5 72 2 19 4 0 27 6 17 34 1
8 7 19 16 7 25 12 13 7 1 15 2 25 9 6 12 33 29 6 9 28 9 5 7 23 5 6 2 29 46 3 25 53 21 6 3 42 3 1 15 1 7 11 32 0 0 44 4 0 2 4 12 24 36 0 11 24 2 1 1 22 8 2 23 12 20 10 2 8 0 31 6 14 14 19
0 3 18 18 50 4 26 2 12 13 11 32 8 2 2 10 4 35 8 4 22 20 1 10 5 1 37 5 42 15 25 10 18 20 8 26 3 4 18 7 0 45 0 5 0 6 9 9 4 8 14 0 7 4 0 46 19 2 2 6 25 43 8 6 44 15 9 34 3 3 9 14 11 4 27
14 1 11 36 7 5 4 2 13 3 27 12 4 3 8 0 1 24 7 3 12 5 12 5 8 6 43 7 55 11 0 19 7 47 4 24 9 2 6 6 23 3 26 6 12 2 11 32 11 13 3 26 9 15 4 7 14 6 1 39 0 16 1 0 13 7 59 20 4 22 4 19 0 49 50
3 2 10 3 33 12 22 19 12 0 7 7 11 6 30 4 7 11 0 23 12 26 35 45 24 1 10 0 5 95 8 31 8 23 9 17 15 40 2 3 8 23 9 0 4 6 30 35 9 2 11 6 26 26 8 12 0 17 2 10 2 6 6 7 25 3 20 20 3 0 3 12 6 8 4
14 5 2 2 31 0 1 1 17 7 2 6 18 4 1 7 6 39 3 3 33 6 15 37 4 6 19 13 10 15 2 7 9 12 2 21 3 21 25 0 1 5 2 13 4 15 27 7 56 4 1 64 11 8 17 7 10 6 36 12 0 21 19 69 26 13 0 9 13 10 1 16 12 26 30
4 42 15 17 5 2 1 16 11 10 3 15 2 12 33 12 13 22 13 8 3 16 10 45 5 20 13 12 10 30 2 6 53 4 33 3 21 5 13 2 29 4 0 4 11 0 0 0 5 0 16 16 19 13 0 61 2 52 4 0 1 8 16 4 16 7 16 6 5 27 0 36 8 2 50
26 12 25 49 22 0 0 7 8 3 3 8 16 9 35 8 0 3 10 0 15 9 24 6 9 46 4 14 2 39 2 3 18 10 4 5 3 1 33 12 4 14 5 14 0 8 7 92 10 13 5 3 7 0 3 58 41 0 34 3 9 15 2 0 15 1 2 1 21 4 39 26 34 0 7
9 4 9 1 3 0 23 4 13 2 10 35 9 15 14 18 17 0 3 0 15 16 10 2 5 5 44 2 3 17 6 12 1 11 2 14 16 1 9 22 30 6 5 0 6 33 12 22 10 21 6 4 21 48 9 3 0 10 48 3 9 6 13 4 111 41 11 7 10 8 3 12 32 11 23
8 9 20 2 9 8 10 56 6 2 25 15 9 0 4 14 0 18 13 43 35 7 17 10 3 12 21 0 28 27 61 5 21 28 15 18 13 21 6 14 6 1 3 1 6 15 4 3 11 21 18 0 1 7 15 2 0 29 7 30 18 3 18 32 5 9 0 15 2 16 8 5 16 2 38
15 5 8 9 5 8 4 39 16 20 0 2 6 5 3 1 23 16 9 24 2 4 16 19 0 6 24 4 8 1 23 14 0 2 0 5 27 72 41 2 9 6 6 119 14 14 22 12 10 10 11 3 4 24 0 27 23 34 8 40 1 3 11 1 5 11 16 11 15 3 2 2 0 11 24
20 14 4 16 25 22 11 7 5 5 4 7 51 31 12 3 29 0 0 16 2 0 7 6 17 64 2 25 2 7 8 4 7 5 57 8 20 1 8 39 29 1 7 2 0 0 5 0 5 10 36 7 26 1 84 23 0 20 59 12 12 6 0 7 2 10 15 16 5 8 2 9 2 5 3
21 1 3 40 37 5 9 12 22 12 16 25 52 17 0 1 3 4 44 14 1 16 28 4 55 14 9 32 6 0 5 4 1 1 17 16 0 2 7 0 4 9 16 10 2 11 8 10 3 2 28 4 2 5 23 1 7 1 11 25 12 34 27 1 16 5 37 6 21 4 50 3 16 25 5
21 26 7 11 7 11 28 24 40 13 13 0 0 6 11 11 0 11 43 6 25 5 8 8 1 12 8 23 7 6 17 13 2 11 70 21 14 2 6 0 6 18 2 53 5 5 34 34 1 6 5 9 11 4 25 8 17 0 16 16 1 0 23 8 7 7 9 19 9 37 24 5 22 1 5
23 64 3 29 4 1 7 24 0 5 27 9 18 1 7 6 5 4 22 8 41 0 15 12 6 1 7 15 13 22 5 11 1 17 2 20 3 11 22 10 12 4 10 22 8 15 3 45 0 21 26 7 13 19 26 17 0 3 17 37 29 0 6 11 0 4 16 42 6 10 6 10 18 25 11
25 4 9 22 4 13 14 4 15 19 0 5 1 3 11 7 5 24 5 1 14 11 5 3 6 11 4 17 54 5 20 11 4 32 66 0 3 25 38 4 3 8 23 0 72 1 25 9 17 19 1 9 25 2 7 13 10 11 12 33 4 25 6 3 8 30 9 26 14 11 6 17 11 1 5
-1 25 11 2 52 15 12 58 2 15 3 8 14 15 4 6 27 16 7 5 7 7 7 0 16 37 14 17 43 12 11 8 0 3 3 36 42 23 4 6 3 6 0 11 11 28 2 3 20 25 12 20 7 21 17 20 0 15 5 6 1 7 0 30 23 42 5 1 9 14 11 2 4 9 18
