25 75
6 3 8 27 18 5 16 24 1 21 0 1 29 4 10 0 15 2 6 9 4 15 1 30 6 10 71 5 1 2 36 12 5 22 7 6 29 16 10 124 6 0 8 8 34 3 13 1 9 20 15 9 35 8 14 4 7 19 4 19 11 10 7 4 26 9 42 6 4 17 0 5 0 2 4
10 14 31 40 7 5 7 5 15 43 18 9 5 4 3 16 1 53 4 8 10 13 10 0 0 7 29 0 3 30 25 20 23 3 5 4 5 0 0 2 56 12 4 9 4 9 9 15 30 2 35 8 55 20 4 0 4 0 10 42 19 15 50 15 2 1 16 34 10 2 7 0 9 4 1
36 0 1 0 29 13 33 16 49 16 26 17 8 11 25 19 32 22 9 3 6 10 2 27 34 1 13 13 9 0 2 4 5 13 22 17 22 7 0 6 19 0 12 10 35 42 0 22 10 22 0 10 10 0 8 3 19 11 20 25 1 15 7 9 16 8 6 1 8 8 2 17 0 18 28
6 5 19 39 1 30 20 51 10 0 17 9 10 2 2 27 4 34 1 26 1 27 37 2 18 3 10 0 24 2 2 3 52 8 3 2 0 6 0 10 2 17 1 24 0 3 2 4 22 7 13 6 7 48 0 3 23 16 9 7 1 2 11 19 14 23 76 4 8 6 36 12 11 13 27
15 16 40 22 4 11 27 31 7 46 6 37 4 8 0 5 4 11 4 4 0 15 1 27 5 3 29 12 16 3 38 16 5 31 1 33 17 5 26 19 3 10 16 10 14 4 2 1 13 9 6 1 0 3 5 1 22 0 3 3 15 0 1 11 0 0 69 18 21 3 20 49 3 49 11
11 3 24 13 2 5 26 9 19 0 0 9 34 35 14 28 7 8 26 22 19 26 21 18 7 9 12 33 2 2 4 42 12 2 18 22 45 9 13 9 32 4 3 8 9 40 2 24 5 4 15 3 0 5 0 2 7 21 4 12 2 2 1 37 24 2 4 11 7 6 24 31 8 8 13
13 19 11 3 33 31 7 10 4 8 7 15 6 0 4 11 22 40 13 6 4 32 0 10 22 21 3 6 8 25 5 34 7 6 8 31 9 1 14 13 27 6 3 13 1 18 57 8 3 9 10 5 15 13 19 2 2 44 39 4 6 38 2 16 0 0 3 2 6 1 61 22 8 5 10
17 2 9 12 48 2 2 2 14 24 6 3 6 45 9 0 5 10 3 12 4 9 1 10 8 2 7 13 7 14 39 7 23 25 10 2 12 28 53 1 18 33 0 4 7 5 34 55 0 14 24 0 0 4 4 5 8 10 2 21 29 17 8 15 19 21 51 1 5 15 50 1 3 0 11
4 11 13 14 8 13 14 17 14 16 6 30 0 44 5 23 12 8 1 4 40 25 4 11 2 18 5 25 3 2 0 8 7 11 21 5 25 3 24 10 1 3 11 10 0 29 8 2 44 59 6 5 16 15 1 9 5 14 43 2 6 25 8 66 1 0 3 25 38 0 2 11 1 1 24
21 14 5 4 7 6 3 13 45 5 24 0 1 1 12 40 11 4 36 83 0 23 9 2 2 13 0 7 26 6 0 19 11 0 12 10 9 16 2 1 7 25 0 9 13 15 22 0 8 5 10 44 1 7 22 9 24 20 5 3 8 9 1 40 1 30 11 19 53 35 13 23 1 1 3
27 3 6 1 27 7 0 2 51 0 7 13 2 4 6 10 68 6 9 0 19 1 21 12 26 13 0 19 18 28 20 0 2 5 7 4 4 58 11 16 14 10 9 1 29 12 18 0 4 3 0 18 2 32 4 28 30 13 11 8 21 28 7 6 14 17 15 5 12 6 0 23 54 2 11
4 49 13 0 5 14 0 9 17 31 2 2 7 0 11 2 14 32 19 0 2 22 1 15 3 25 2 7 1 29 10 2 13 12 27 28 0 14 6 27 1 5 17 0 5 25 3 11 3 8 29 22 5 30 25 3 38 6 49 12 25 2 2 2 13 2 4 15 35 12 33 20 9 16 36
1 48 29 2 2 23 1 25 0 21 22 56 4 15 12 12 23 1 6 3 2 1 4 23 25 17 21 5 2 6 16 2 7 4 14 8 9 0 29 8 37 1 25 5 12 17 1 25 20 3 4 13 9 9 5 13 2 8 0 7 2 40 2 12 7 14 3 76 15 19 12 7 13 20 33
5 4 3 9 7 9 11 7 30 0 43 14 1 27 29 21 23 6 20 36 20 1 5 26 14 14 15 3 26 30 18 53 8 2 13 0 2 14 6 45 19 6 5 37 5 4 35 8 26 9 3 0 0 12 27 11 3 3 7 11 0 0 3 15 7 6 4 43 0 0 5 8 43 6 9
-1 9 9 25 3 8 32 33 13 17 1 3 31 3 0 31 10 39 7 9 4 35 12 8 16 3 29 8 8 3 5 5 14 2 11 35 7 52 6 37 1 2 3 10 19 0 19 15 16 26 26 10 28 4 11 12 14 10 9 5 19 2 2 7 9 36 6 3 7 17 9 18 19 0 24
12 8 7 8 3 35 5 8 5 12 3 2 9 16 25 0 5 17 26 4 20 3 15 3 7 8 11 2 7 29 31 1 3 30 10 17 11 5 13 4 24 2 3 52 12 5 3 14 19 4 5 3 55 15 33 28 0 6 85 16 1 42 4 2 0 24 1 1 8 20 22 1 32 4 14
25 8 12 0 6 13 5 23 3 25 6 5 34 2 4 18 5 3 9 0 29 30 5 2 12 10 27 34 4 5 6 8 0 9 16 0 26 3 0 8 14 9 9 46 28 0 33 6 28 23 20 10 7 30 34 17 30 5 8 33 4 5 3 10 8 0 28 24 2 11 20 31 3 20 1
8 2 3 9 4 2 9 8 14 12 16 17 27 39 1 10 4 15 7 3 0 1 27 5 12 17 9 26 7 13 0 9 12 42 33 31 23 11 14 10 1 4 12 0 15 3 0 2 5 12 7 10 23 54 44 7 46 18 11 18 6 6 41 4 21 0 15 38 1 23 4 6 23 3 5
12 1 4 16 1 2 6 2 25 25 2 2 5 16 26 2 43 16 15 3 9 4 3 9 7 37 21 9 8 7 0 8 3 12 22 23 9 37 20 38 4 13 1 6 13 14 28 4 12 14 12 5 1 7 3 11 12 13 1 55 3 1 22 4 9 12 34 40 42 0 1 3 62 2 26
32 5 3 23 4 1 16 19 12 51 2 11 9 4 43 2 0 14 9 11 9 8 4 1 3 12 3 10 54 0 3 9 14 5 4 0 11 8 4 18 3 13 3 12 1 13 21 10 7 0 6 11 13 7 15 15 58 10 42 31 15 37 4 14 40 36 23 2 23 20 21 8 3 0 12
29 6 1 55 22 10 33 5 2 42 11 14 2 1 1 10 18 36 47 4 2 34 2 3 19 11 19 9 37 1 3 4 24 2 0 37 14 19 5 31 0 26 2 11 6 5 35 3 20 6 12 23 1 7 0 3 10 1 33 5 9 22 12 26 10 16 0 6 12 32 9 3 6 2 1
-1 6 5 8 1 48 2 13 24 9 8 5 64 25 7 12 2 2 5 10 4 28 34 19 4 7 3 29 12 34 65 0 4 9 6 0 19 57 5 16 5 26 2 3 5 16 0 13 14 12 12 1 0 22 26 15 20 3 9 0 25 1 1 24 37 4 1 11 17 5 5 19 32 1 3
17 12 5 4 11 6 6 34 0 6 9 1 16 2 10 1 6 20 29 1 33 32 14 8 2 0 24 17 1 55 12 0 3 14 30 1 7 3 6 14 20 18 25 27 6 23 34 3 6 1 6 26 0 9 9 57 3 24 26 7 26 8 5 3 16 15 15 54 1 29 4 3 1 17 1
0 0 5 0 10 15 2 9 35 0 7 5 18 39 5 5 19 24 3 32 4 8 7 42 5 0 7 68 6 8 1 27 3 4 3 18 1 8 17 20 26 2 1 20 18 19 39 24 13 0 10 1 2 4 2 19 23 24 16 6 1 89 5 3 3 1 16 22 0 13 13 2 8 56 9
0 16 1 19 1 18 5 11 4 15 0 12 3 9 6 2 14 7 13 10 47 4 0 19 31 46 0 7 10 47 9 38 30 13 1 12 1 7 11 40 55 6 21 37 3 13 10 5 3 12 5 17 61 2 3 44 11 16 28 0 10 5 0 12 1 2 1 0 17 8 17 11 3 3 19
