25 75
0 0 10 22 15 22 0 8 6 6 13 45 9 4 18 5 12 68 29 1 0 53 6 14 0 37 7 1 3 4 7 25 3 4 11 48 5 4 6 14 9 0 1 8 1 52 22 33 26 11 9 12 13 17 0 0 12 19 16 36 4 0 0 3 28 15 7 15 5 15 5 0 45 7 9
29 7 19 10 3 5 7 13 3 27 18 7 8 0 27 11 5 31 25 8 19 4 9 16 26 3 2 14 9 11 5 9 1 0 0 33 14 39 10 10 16 18 37 10 12 4 45 11 17 15 24 15 13 16 5 6 5 9 29 11 10 3 22 6 10 17 3 9 28 6 3 5 4 40 19
19 2 16 11 2 14 5 26 6 17 10 6 16 17 37 6 18 10 12 27 8 18 4 15 0 7 26 6 12 10 25 8 0 7 6 1 13 6 5 26 2 25 28 21 46 14 7 39 0 12 19 9 12 18 20 8 0 12 8 10 69 13 17 3 2 2 15 29 12 3 3 2 6 33 1
-1 0 8 2 8 19 33 2 9 31 27 7 0 12 3 0 26 38 6 109 39 16 32 4 4 0 2 20 42 1 24 1 30 22 7 10 16 12 3 37 10 2 13 10 11 6 0 3 3 11 13 8 23 2 11 6 0 5 5 26 1 42 13 9 8 2 6 7 4 14 1 10 1 8 45
5 10 45 1 1 2 1 16 28 22 9 23 9 24 8 14 0 25 4 16 48 1 5 17 40 15 2 1 0 16 20 9 10 24 14 0 8 9 28 0 4 34 5 15 14 6 6 1 13 1 10 3 39 23 19 26 0 3 12 1 5 3 3 68 14 44 0 10 9 16 7 33 2 0 21
15 2 4 12 1 1 13 21 16 0 6 29 16 17 3 22 1 3 21 0 1 9 10 7 0 18 11 1 10 59 24 6 16 6 12 1 69 24 5 7 23 24 6 31 3 24 0 5 22 6 23 4 20 6 2 35 2 6 2 48 39 11 3 20 1 19 4 6 53 9 7 2 18 4 13
5 35 0 5 5 6 4 11 1 24 23 7 35 5 2 37 11 10 10 15 13 22 1 0 45 28 6 23 62 12 2 20 0 3 17 27 39 16 22 4 52 22 14 13 1 0 14 0 4 15 22 7 21 4 0 0 1 12 14 10 22 3 11 4 5 18 5 0 5 4 10 16 35 6 17
4 1 7 0 3 2 27 4 1 0 22 10 6 40 0 48 7 0 40 13 8 23 1 11 0 21 20 15 12 11 19 3 9 27 14 30 13 4 6 20 30 27 9 22 4 1 12 2 11 0 13 37 56 55 8 1 13 4 18 8 11 44 5 23 1 3 15 6 1 2 30 1 6 7 12
14 25 33 9 25 4 4 17 7 20 5 15 5 30 6 15 14 9 33 15 5 1 10 40 1 10 2 0 29 7 12 41 4 14 4 20 31 24 23 8 21 5 5 25 16 27 6 3 13 11 6 7 13 9 10 18 8 7 1 3 10 29 5 17 8 16 6 3 12 29 22 1 0 3 34
2 23 8 3 13 0 4 6 2 13 3 8 34 11 15 9 1 12 1 6 3 3 5 1 44 0 0 2 11 11 26 22 3 13 17 1 16 12 10 21 2 52 22 10 41 0 46 4 0 2 38 26 14 2 1 22 17 2 3 28 8 51 18 1 10 24 9 8 13 44 49 2 35 0 1
7 9 26 22 2 17 0 2 38 0 10 10 6 26 18 33 0 8 4 18 3 6 12 11 3 16 26 2 1 8 3 7 21 6 30 6 12 21 3 4 10 21 3 15 4 2 0 42 2 32 6 37 10 18 9 25 20 21 22 29 8 4 35 6 2 49 4 7 1 7 19 25 39 5 4
11 8 3 0 23 1 9 1 12 20 2 24 10 0 12 21 17 0 0 1 2 0 0 4 1 25 19 29 18 46 11 28 16 13 1 2 18 6 6 11 10 1 56 22 45 14 4 28 2 17 29 0 37 3 2 5 1 12 7 5 5 45 8 30 1 12 16 36 7 3 68 21 7 4 6
4 13 15 9 17 10 25 10 20 9 2 9 11 1 7 6 19 0 6 3 20 13 0 10 35 15 7 14 1 30 3 1 1 6 4 83 14 9 0 43 3 30 46 0 8 14 2 73 17 0 4 3 43 4 3 15 6 4 16 4 23 19 10 36 0 13 2 18 5 14 10 16 13 13 8
0 22 3 69 13 10 6 10 19 19 0 0 42 12 14 24 14 4 1 23 1 6 1 10 28 7 0 4 0 22 16 5 16 7 23 18 5 36 3 8 18 3 1 18 5 4 19 6 42 5 51 21 13 18 3 25 5 3 9 5 25 35 1 23 6 5 7 24 11 3 47 2 9 1 6
28 13 3 32 30 30 4 37 2 3 2 5 1 5 12 2 18 26 6 7 18 45 12 51 11 1 6 4 7 19 6 44 1 23 7 17 2 10 15 6 4 38 64 5 17 34 9 1 4 6 1 7 10 2 5 8 2 4 0 8 9 3 46 20 3 20 13 2 3 4 22 9 2 41 3
15 8 21 13 15 9 4 3 2 3 9 4 4 30 0 3 19 58 2 12 1 51 1 32 16 0 82 14 0 18 50 6 2 20 11 7 49 14 12 4 0 2 2 1 2 1 0 1 33 53 5 8 14 35 2 8 16 14 1 19 2 4 0 25 6 14 5 16 6 8 1 13 3 55 1
7 4 3 15 1 12 4 20 27 19 3 44 5 39 15 13 10 3 6 2 16 7 40 20 6 4 1 25 26 18 24 17 8 13 9 2 7 19 11 0 3 3 11 14 11 48 0 54 16 0 14 11 0 4 9 5 3 11 1 30 5 0 8 8 8 23 39 38 34 1 20 19 12 5 7
37 27 13 37 0 7 9 0 9 4 6 26 18 12 20 15 28 6 8 4 15 43 42 4 0 11 13 1 12 1 1 36 17 5 10 9 17 21 15 6 8 12 8 3 31 5 10 9 66 41 7 3 18 21 14 11 1 13 14 11 10 4 18 33 4 19 12 8 1 1 1 7 3 5 3
1 1 23 11 7 15 46 8 11 4 6 36 19 2 11 10 8 14 5 1 6 0 8 4 7 23 8 32 14 31 8 13 8 2 6 8 0 9 20 6 43 3 27 13 0 23 21 2 22 3 0 12 21 0 17 8 18 24 6 48 1 36 12 3 15 19 13 41 25 28 5 23 6 4 6
11 6 4 1 6 11 3 8 10 24 1 14 8 16 11 1 26 25 21 29 47 4 6 3 10 5 24 28 2 2 36 19 6 12 9 24 0 0 2 12 0 40 0 26 8 19 21 4 15 11 2 1 2 42 37 25 0 8 15 7 8 6 0 2 6 9 1 7 4 9 6 49 121 1 1
7 5 8 5 19 7 0 2 1 19 8 16 12 22 1 4 11 13 22 9 4 39 1 25 3 6 15 23 1 3 46 15 86 7 17 23 22 19 12 3 22 1 0 8 11 41 6 14 5 14 1 4 2 15 0 4 76 35 18 5 14 17 30 5 6 24 3 18 1 11 7 1 3 16 1
27 34 35 16 1 3 12 7 5 5 10 0 0 27 3 68 0 5 17 5 46 10 7 0 9 26 34 12 22 11 2 9 4 21 0 11 4 77 4 5 4 8 4 38 3 6 2 9 2 10 10 35 9 9 12 2 83 10 5 0 5 13 13 5 25 10 8 15 4 1 3 2 16 3 22
14 7 40 6 5 0 20 12 0 7 0 0 14 19 12 16 12 24 1 15 15 38 0 3 4 9 19 6 6 100 10 3 12 5 29 25 14 21 2 40 9 9 19 10 5 36 24 11 2 4 9 3 7 9 7 17 5 7 9 8 2 30 33 29 3 17 4 0 7 13 4 3 5 2 53
20 1 38 3 19 7 1 28 17 21 10 1 5 0 22 7 2 11 6 1 0 43 23 5 9 5 9 67 7 5 13 1 10 23 6 32 9 5 6 3 10 12 14 4 10 12 10 6 27 0 3 19 38 30 8 24 0 12 0 4 20 27 9 1 8 7 62 14 20 29 43 2 4 4 6
12 6 15 0 4 0 31 5 0 4 21 1 2 12 2 9 41 2 37 0 1 16 38 1 8 80 2 8 2 0 2 35 6 9 4 10 10 28 10 1 27 6 1 17 10 1 25 17 2 4 32 3 23 4 11 0 6 48 17 0 27 3 9 7 14 1 14 9 17 17 8 13 49 34 49
