25 75
8 0 28 25 57 4 0 52 5 17 13 16 35 29 5 2 9 26 7 2 18 38 1 8 5 27 15 6 2 27 5 17 13 2 7 13 4 10 0 14 22 38 0 17 4 6 11 13 1 5 7 17 2 10 14 13 13 3 0 8 4 8 79 25 14 6 15 0 18 9 0 11 19 10 6
7 38 14 22 35 4 2 11 7 9 22 3 5 21 2 2 8 5 5 7 12 0 25 18 6 5 2 20 0 12 2 5 0 20 5 12 7 9 43 30 16 7 2 1 42 13 18 28 24 22 4 36 13 13 12 22 35 2 14 0 22 3 8 7 25 11 15 2 3 7 59 9 30 10 3
12 4 0 48 7 18 24 0 10 7 4 13 15 23 1 5 19 20 3 11 20 3 8 29 35 7 16 7 4 10 2 15 8 12 1 51 45 4 78 18 0 10 8 8 7 7 17 0 4 4 12 36 2 18 29 17 4 2 26 1 1 10 2 0 21 7 0 21 31 21 1 4 13 12 27
1 4 50 21 14 60 86 5 1 20 9 6 10 5 5 11 24 14 15 22 0 3 43 14 10 5 11 8 13 2 25 2 2 0 0 9 10 1 55 0 8 2 1 17 6 3 12 2 27 9 3 10 24 16 9 1 10 22 8 5 1 18 14 4 37 8 24 17 36 11 3 2 10 23 1
22 7 32 1 2 3 0 0 17 2 2 38 8 36 23 0 4 2 10 11 27 1 5 16 2 29 21 3 13 11 25 4 0 4 2 23 6 3 23 10 12 25 29 12 38 30 2 0 2 0 10 18 59 19 5 10 7 23 50 3 5 20 9 7 2 16 5 2 17 6 15 43 13 0 38
67 8 45 28 13 22 0 20 4 0 20 3 5 3 1 10 10 8 18 0 0 22 0 2 0 31 9 13 22 11 12 7 9 9 13 10 7 0 6 34 7 11 8 3 7 42 2 9 11 0 17 6 22 44 0 32 3 9 8 10 3 1 6 16 1 5 16 10 27 0 34 13 40 33 42
20 4 0 11 3 23 45 27 2 15 2 17 0 1 3 1 48 7 1 20 9 0 7 3 10 5 9 33 7 12 6 3 6 6 30 3 8 2 6 3 13 3 0 25 7 10 48 15 3 0 9 0 27 8 8 10 15 76 5 75 52 20 15 17 14 22 3 17 1 6 17 28 3 9 1
3 5 14 7 16 6 5 10 5 19 20 5 10 58 0 5 7 3 2 13 32 8 18 7 0 52 4 5 18 7 20 18 2 0 0 14 14 10 47 35 1 28 43 5 0 42 2 0 33 2 29 0 3 15 10 1 0 9 37 18 5 14 23 48 0 13 0 4 1 5 32 15 8 25 5
62 0 20 0 15 7 1 2 11 6 9 6 13 36 0 0 12 11 5 3 28 8 45 10 47 5 42 35 6 7 14 0 24 14 1 15 2 8 4 21 4 2 7 7 0 12 3 48 28 12 8 10 7 5 20 2 24 21 6 12 38 9 10 34 7 3 14 7 11 5 9 11 37 9 3
1 17 3 5 7 1 32 18 7 11 5 3 29 16 12 2 12 17 27 1 42 20 10 19 6 12 12 20 10 10 4 32 0 17 11 0 47 6 42 20 2 34 0 23 11 0 30 12 0 1 25 20 10 2 5 13 17 9 19 20 16 6 1 9 20 25 2 23 19 22 5 0 16 7 10
2 11 7 1 11 16 20 4 0 29 2 24 41 2 2 18 15 18 12 5 1 5 15 29 6 24 23 15 9 26 2 9 9 4 15 13 10 47 5 7 7 3 71 13 6 7 17 22 10 0 23 48 9 17 19 17 3 11 5 10 2 10 5 2 0 1 22 5 27 7 19 35 17 15 1
24 14 38 4 1 35 6 4 16 11 2 1 30 7 23 1 9 38 27 27 6 5 25 20 13 8 9 3 0 11 24 26 4 8 21 6 16 13 32 37 5 9 27 18 1 5 0 5 4 14 37 3 14 3 18 29 6 25 7 15 0 18 22 20 2 8 32 5 1 1 3 16 3 6 13
9 0 3 13 12 21 11 30 1 16 30 4 1 5 0 5 0 1 57 13 0 3 10 0 19 53 5 16 15 21 8 15 27 0 12 10 8 24 26 19 3 9 0 21 4 0 38 7 43 23 41 4 17 17 57 1 0 21 6 35 26 8 9 1 0 35 0 15 5 10 0 3 5 11 2
31 5 3 30 8 17 13 25 21 7 2 16 2 1 7 31 0 1 17 9 3 10 0 12 18 20 2 10 10 13 9 17 6 0 21 6 15 7 5 14 4 4 79 59 6 6 11 4 16 34 17 1 7 29 6 19 6 4 2 16 7 2 24 9 0 16 24 16 7 10 35 14 4 28 30
3 2 17 21 17 2 2 1 10 2 17 4 32 10 6 28 3 3 0 6 19 0 4 69 2 5 6 5 26 15 0 14 4 21 3 5 2 6 11 15 50 13 57 38 12 25 3 3 1 19 2 7 17 0 12 26 19 3 2 3 23 4 35 12 11 56 10 0 18 25 35 16 1 5 19
11 19 10 4 11 9 6 8 72 23 5 20 8 2 2 2 15 10 19 33 1 14 7 8 26 29 5 3 12 1 6 10 7 5 1 19 50 14 0 8 43 0 1 34 5 6 25 16 8 5 37 19 15 9 6 10 14 9 30 2 11 1 5 72 3 8 2 1 3 4 21 11 29 9 11
12 27 3 6 15 46 3 1 1 4 4 2 2 42 1 1 1 2 1 0 20 3 58 2 32 32 35 12 2 22 15 17 5 5 18 18 18 5 6 16 1 18 1 16 3 0 19 6 8 6 23 24 9 4 17 0 28 25 14 15 0 51 3 9 10 49 4 43 3 13 34 6 17 1 5
16 4 4 14 2 4 1 16 9 2 21 2 5 21 0 10 41 1 26 64 5 16 2 17 1 18 10 17 13 11 8 4 8 9 5 20 5 6 33 9 17 38 12 2 28 27 31 19 5 1 8 11 3 22 6 0 2 26 14 0 50 15 2 73 4 6 4 10 10 5 1 5 15 22 26
2 10 1 8 19 16 18 0 1 35 1 30 1 5 28 5 0 19 8 1 47 6 23 27 11 42 11 31 9 4 0 1 2 9 32 4 14 25 4 2 5 5 1 0 64 26 4 2 37 7 41 11 6 13 2 12 1 1 37 27 1 5 45 2 8 3 9 13 9 7 1 38 2 0 43
39 22 13 6 5 16 14 0 20 14 15 3 9 14 2 4 20 14 7 14 0 0 0 6 12 7 41 4 5 8 10 17 0 82 5 3 28 9 70 6 0 45 1 3 9 0 12 4 17 35 15 6 1 16 25 16 0 7 2 10 22 17 0 2 4 14 11 6 31 1 54 15 12 2 21
3 0 12 5 5 17 22 23 11 2 24 4 21 29 4 4 9 7 64 12 9 72 15 5 3 0 0 0 16 9 53 12 4 4 24 27 0 17 0 1 36 7 0 40 0 17 46 9 18 6 0 0 5 11 9 17 2 22 3 1 0 15 5 0 29 12 13 17 5 24 5 9 33 33 2
4 22 7 0 31 29 1 0 33 6 45 1 13 1 21 4 1 7 12 50 1 28 19 29 13 1 13 14 24 0 0 0 49 0 18 1 5 26 7 16 7 0 19 7 13 1 1 9 1 38 18 16 7 0 3 41 20 37 35 4 6 0 16 0 1 8 1 19 11 36 35 28 0 6 4
3 15 5 4 25 2 2 1 8 8 10 5 10 11 0 6 6 5 6 0 8 9 1 12 6 0 22 4 23 27 5 4 0 3 16 44 17 0 5 0 14 24 33 49 9 2 4 4 8 100 23 18 37 16 10 17 5 2 31 8 32 2 21 36 8 6 17 0 0 3 4 1 30 15 73
-1 13 3 7 0 1 5 28 0 7 25 4 16 8 21 23 7 10 24 16 5 1 10 13 16 12 8 12 11 3 15 1 6 9 17 5 5 0 2 6 59 5 26 6 20 5 20 4 3 9 0 34 0 29 34 9 29 18 11 57 18 38 2 4 11 3 32 27 29 15 12 5 21 26 5
51 15 6 14 17 3 2 30 9 0 12 11 13 6 4 38 7 7 0 9 7 1 7 20 1 3 8 14 11 17 15 5 26 28 18 4 7 37 16 1 36 5 17 8 3 1 16 17 28 22 17 8 3 19 9 11 0 3 18 18 10 32 18 32 21 5 19 5 11 3 2 44 11 2 26
