25 75
14 29 25 29 7 12 39 22 10 0 13 5 29 15 14 9 1 31 44 32 14 6 28 19 15 34 0 0 9 15 24 5 2 14 26 15 4 6 5 4 12 49 5 17 9 17 26 10 20 12 16 8 9 21 6 1 0 2 5 0 7 23 10 2 6 5 0 24 11 6 0 13 15 2 6
32 8 3 19 13 9 9 29 18 21 6 3 4 10 6 0 5 19 10 2 34 23 0 2 1 7 12 7 17 7 20 8 13 64 19 0 41 26 7 21 1 7 5 45 32 2 13 1 2 0 1 13 2 6 42 24 1 10 1 10 3 48 13 19 5 20 1 0 4 29 23 4 19 31 8
6 14 23 5 5 6 9 6 0 4 4 9 5 1 17 7 3 5 2 83 24 38 16 0 2 41 1 13 5 13 10 8 13 2 2 4 5 10 24 6 6 5 47 28 17 24 4 1 0 2 9 8 24 12 26 8 8 16 9 15 22 24 45 23 55 12 2 25 3 24 15 12 12 5 1
3 14 13 2 1 18 0 9 26 9 11 41 8 14 3 15 54 0 5 51 39 64 1 24 8 10 30 15 9 17 0 15 0 2 0 1 6 13 9 5 10 15 2 12 23 11 31 0 2 21 10 25 4 17 16 3 23 15 3 28 1 25 4 8 3 3 9 3 6 7 69 5 2 0 19
3 12 42 15 7 6 4 24 9 10 15 8 13 39 33 5 21 5 24 25 1 16 25 24 19 3 2 3 28 15 12 0 10 16 28 0 37 2 7 13 15 0 17 38 12 11 7 7 14 5 3 1 7 29 18 11 13 26 4 10 5 0 6 27 1 1 9 12 12 15 3 36 31 0 13
12 16 0 3 2 7 10 12 1 29 0 1 1 35 35 0 3 2 8 4 0 41 5 21 13 14 19 16 10 1 17 11 1 41 16 16 6 3 73 13 15 9 67 19 16 7 0 17 3 15 20 14 3 15 11 28 23 10 37 5 15 19 14 2 3 3 0 5 5 3 40 6 11 11 11
29 20 8 3 20 1 0 5 29 3 1 9 4 2 12 4 5 6 25 4 39 6 0 1 46 6 1 1 22 7 9 3 28 63 17 17 0 9 16 8 7 34 19 7 7 13 0 9 2 7 18 0 4 17 38 7 10 18 31 4 33 1 20 16 30 21 5 3 20 1 60 18 2 28 1
25 42 39 18 4 16 3 3 7 5 8 2 2 26 34 1 68 11 22 25 1 11 19 0 0 10 12 8 12 5 11 10 16 21 11 7 30 8 3 8 27 0 6 3 10 3 11 20 1 2 4 0 67 4 29 0 16 10 22 2 25 14 3 13 9 14 16 20 7 7 9 3 9 33 17
22 2 10 47 16 6 8 0 5 7 8 8 4 3 18 30 4 51 0 26 24 29 3 4 3 5 1 17 5 26 6 18 6 43 36 1 2 7 16 38 20 9 41 0 40 9 20 15 2 19 25 8 0 26 10 2 6 6 6 6 25 34 2 3 2 0 1 2 24 12 13 2 1 15 29
7 33 36 0 1 3 19 8 1 10 14 8 31 67 19 17 3 40 14 3 26 5 5 15 17 1 16 5 10 1 0 15 1 13 58 5 15 91 14 0 17 20 7 7 5 7 12 0 6 5 0 16 14 1 4 3 31 4 43 1 2 5 17 13 5 0 13 2 9 2 30 16 6 8 22
6 23 2 12 6 0 2 15 13 6 26 4 33 1 3 5 10 1 0 22 34 10 9 2 5 24 11 1 14 46 27 47 3 3 8 22 27 2 5 8 38 4 15 18 1 70 27 2 1 11 23 5 8 49 35 0 10 10 11 21 5 3 13 23 18 2 0 16 1 0 20 6 0 14 22
40 17 8 9 5 13 40 17 25 28 27 5 4 4 14 5 23 3 9 3 12 5 9 9 5 2 0 17 30 0 0 2 9 7 13 1 24 13 2 45 1 10 25 2 57 66 24 18 10 8 2 3 30 18 7 1 31 10 20 3 0 4 1 10 22 8 11 7 1 17 2 16 2 19 30
1 16 23 6 10 0 10 22 3 6 4 6 19 2 0 1 13 3 0 13 0 0 28 4 14 23 23 4 36 3 17 5 52 3 0 2 99 9 2 5 21 19 34 21 4 6 34 2 8 19 3 52 6 34 0 8 15 0 27 23 5 3 3 4 0 10 8 11 54 14 6 3 17 37 2
25 5 2 0 5 27 10 13 53 2 2 4 9 18 2 19 58 0 7 12 4 3 2 27 2 1 1 18 16 0 1 5 15 3 7 19 3 1 1 59 7 22 16 27 0 33 1 9 37 0 40 21 42 1 31 0 2 7 4 13 12 18 12 24 2 3 19 11 3 58 2 4 17 13 28
12 14 3 13 6 4 51 8 9 2 2 8 21 11 40 3 55 10 7 53 12 47 7 5 7 27 2 7 8 0 0 15 12 30 12 32 6 9 0 13 45 0 7 16 7 0 2 22 24 11 4 0 7 0 5 11 10 11 4 7 20 17 13 4 2 14 45 37 3 23 9 10 11 6 10
15 5 10 5 0 30 6 15 8 5 1 12 7 1 52 20 4 1 3 43 27 0 20 6 21 3 2 7 2 12 62 37 13 28 8 19 26 0 7 20 21 39 13 4 8 12 13 3 0 9 17 4 35 3 0 55 0 42 1 1 0 3 13 2 7 9 10 7 18 3 10 15 45 14 1
7 1 60 13 12 6 21 2 12 41 3 2 24 4 10 18 3 28 13 9 17 1 12 15 51 8 33 24 15 1 0 11 20 48 3 36 3 1 12 4 12 4 16 3 31 17 27 3 19 0 18 30 4 14 27 0 23 1 1 9 17 3 0 4 0 16 6 1 4 1 21 0 1 0 63
8 37 5 14 5 6 16 10 10 17 44 6 27 18 16 22 5 1 20 2 18 20 5 17 13 2 1 2 25 23 3 59 11 22 9 43 8 10 7 0 6 7 20 2 7 3 33 0 8 6 14 1 9 7 3 5 12 17 3 10 19 36 7 9 6 17 2 13 37 21 5 9 17 16 26
-1 13 18 41 11 16 24 4 26 31 20 7 12 3 0 3 4 27 4 23 8 14 18 6 4 5 17 23 5 7 17 23 49 17 5 16 33 1 24 20 1 3 2 39 10 43 3 23 4 4 35 20 4 15 3 15 2 0 23 17 7 19 3 18 1 4 8 4 0 25 8 24 11 2 2
4 2 4 13 0 3 14 10 1 57 8 26 26 24 60 5 4 0 30 5 23 11 46 2 0 15 0 4 7 12 7 2 8 13 31 12 3 20 11 19 9 4 19 25 6 0 3 14 11 3 0 4 36 4 7 18 8 11 3 1 10 8 100 29 1 9 26 9 6 12 2 46 1 1 12
23 9 0 7 2 3 1 1 1 46 11 32 15 10 16 6 3 1 8 3 14 10 8 3 15 16 4 0 8 14 56 0 4 16 9 24 3 9 15 31 0 2 30 22 39 12 5 23 9 13 12 10 14 42 1 12 16 8 15 27 20 4 8 10 16 20 27 0 0 4 33 41 14 24 10
11 0 7 4 4 8 50 7 15 10 20 2 21 16 9 12 7 9 22 12 11 30 10 1 38 34 6 8 23 59 7 4 15 12 6 14 1 1 4 6 47 1 1 1 4 26 27 5 12 25 20 7 9 0 3 11 1 10 31 2 65 3 11 14 7 10 8 15 5 11 18 2 49 1 2
9 3 5 4 18 10 7 2 1 13 2 21 30 2 5 38 6 11 17 14 1 3 1 36 9 15 4 5 0 18 67 10 14 8 23 9 18 23 15 5 0 10 13 18 7 78 1 16 7 19 25 0 14 12 1 9 16 4 1 5 1 40 106 2 28 4 12 6 1 2 4 19 15 1 1
21 2 30 16 3 22 1 4 0 4 1 0 32 3 2 4 0 35 10 11 22 7 9 12 22 18 10 8 2 2 10 2 18 15 0 32 11 13 5 17 5 4 16 16 27 8 23 49 18 6 44 12 13 6 19 34 6 28 18 7 0 5 4 10 3 1 8 23 1 17 50 20 46 8 9
8 21 8 6 1 2 30 30 4 15 26 16 0 1 14 16 11 36 0 8 38 2 30 13 8 35 0 27 0 0 11 42 9 9 24 21 11 5 3 9 21 23 6 11 10 7 1 3 16 12 16 2 1 11 5 39 25 2 0 3 24 0 0 4 8 0 0 12 0 45 0 12 15 44 72
