25 75
18 0 3 35 10 8 2 9 8 9 0 18 45 22 9 6 6 19 8 16 33 3 27 3 0 6 1 8 8 6 0 31 28 10 31 11 27 10 17 5 41 26 7 5 3 10 11 7 2 8 1 4 23 10 32 8 3 5 16 2 40 2 38 17 14 7 7 1 18 34 45 19 7 5 6
5 2 4 1 0 15 9 11 24 13 5 21 3 45 4 0 6 14 15 6 11 62 0 6 2 1 11 0 10 12 18 36 10 34 20 24 40 14 14 7 0 8 13 0 10 57 53 8 2 12 33 16 37 31 3 4 6 30 11 1 5 9 4 18 17 11 4 6 8 2 6 13 9 11 7
24 24 50 8 6 0 13 18 5 1 32 2 14 66 20 7 7 4 41 1 22 0 6 9 7 22 12 19 0 0 4 5 4 9 3 19 37 14 33 27 1 73 10 14 8 2 7 6 1 13 21 0 13 27 13 1 1 14 20 23 16 7 2 18 6 13 2 6 1 10 45 4 0 2 5
8 2 20 10 2 26 3 12 3 20 1 18 13 18 24 3 14 36 10 1 0 16 28 16 0 20 0 29 26 2 21 0 20 3 1 4 13 12 9 0 20 0 24 0 6 69 11 11 39 16 33 3 1 0 1 2 49 1 3 2 13 2 46 11 7 38 1 45 18 7 4 40 10 0 3
2 4 28 4 7 8 28 0 22 3 14 1 2 13 47 10 0 11 11 20 28 5 12 1 1 3 26 2 2 19 14 21 30 45 27 34 3 4 38 22 5 8 4 13 9 1 23 9 4 4 24 26 28 1 1 13 21 7 23 17 10 1 0 0 12 2 30 3 0 18 11 0 15 0 85
1 2 0 1 13 4 3 38 25 5 14 34 9 3 7 14 14 4 33 50 15 14 21 15 5 6 11 0 34 11 5 0 5 4 53 2 26 16 5 8 4 12 2 3 8 10 28 7 10 31 6 0 46 3 37 0 12 20 2 32 29 22 32 11 9 6 6 1 12 5 11 2 11 22 18
12 18 4 1 6 0 6 32 1 2 7 13 0 3 44 16 9 33 17 6 5 2 4 27 14 8 6 24 8 51 1 9 41 0 34 13 0 19 0 4 1 11 7 24 17 2 17 8 3 5 11 5 1 23 0 52 6 16 3 53 1 21 18 15 1 15 16 18 11 3 5 48 31 0 32
11 23 34 12 20 9 6 6 22 2 9 31 16 8 1 0 2 0 13 32 8 1 10 2 3 61 10 11 13 27 10 8 7 0 9 9 30 1 20 0 6 8 34 34 16 8 71 4 11 1 4 22 0 3 2 5 12 13 2 33 17 0 26 7 46 4 12 30 0 12 0 15 5 30 10
9 30 13 18 1 8 5 9 39 3 3 3 30 0 8 1 16 14 1 3 15 8 13 65 42 17 0 10 3 3 7 3 24 17 6 34 1 6 16 10 1 8 10 6 17 10 10 14 71 1 18 2 30 7 1 20 0 6 31 32 19 12 4 6 7 4 20 81 5 8 5 1 3 12 4
10 6 0 8 4 6 2 2 14 2 16 16 2 10 35 8 16 0 6 3 0 20 9 20 9 9 42 2 15 10 98 13 30 0 1 18 1 4 1 1 4 1 4 1 4 28 11 12 18 26 8 4 27 24 16 11 6 25 11 52 34 3 4 13 50 16 21 5 14 2 5 0 10 28 33
48 7 7 0 0 5 38 16 10 43 15 9 30 24 15 4 11 14 6 0 5 11 4 6 5 23 42 2 21 23 14 8 4 1 11 17 13 3 4 29 6 21 40 23 0 5 14 25 36 26 7 13 15 8 26 8 30 4 0 2 15 60 2 0 4 2 11 8 2 2 1 6 13 12 5
18 12 1 4 5 3 5 16 14 3 1 33 0 2 11 21 13 6 6 31 25 27 13 1 18 25 14 5 1 3 24 24 10 49 13 17 11 12 4 15 16 22 6 11 14 0 0 19 8 11 1 25 6 28 9 23 3 17 30 7 25 7 2 6 4 10 25 20 10 3 5 24 43 29 15
29 2 0 24 30 45 11 0 1 27 1 0 15 31 30 6 8 8 6 8 0 4 11 5 7 25 46 6 41 2 12 11 21 2 20 4 5 16 13 8 7 2 2 23 8 0 17 5 9 3 2 16 14 7 67 15 5 2 0 8 26 14 57 5 13 3 4 34 9 0 3 33 21 17 8
53 9 14 27 11 6 12 6 4 18 6 47 21 5 2 10 1 15 27 0 31 2 1 35 18 13 2 16 19 4 14 1 12 37 13 6 11 4 8 2 0 2 38 75 10 7 14 21 27 40 9 11 12 5 5 4 10 7 20 31 9 5 18 2 18 4 6 4 1 3 1 8 6 0 24
8 13 3 2 3 8 19 1 32 24 10 2 43 11 14 11 2 7 4 53 0 9 9 8 12 8 6 15 9 13 22 10 12 17 26 5 40 5 74 1 44 23 21 3 15 3 5 1 12 6 5 2 27 0 8 2 0 7 8 24 4 4 3 34 15 2 44 0 23 34 3 9 2 9 27
5 14 37 2 33 9 27 2 0 4 3 7 12 46 4 37 1 0 2 91 7 5 7 7 2 5 8 11 2 20 19 10 12 14 10 21 6 6 7 28 3 35 7 27 14 3 9 2 14 14 18 21 1 16 22 14 8 2 8 12 2 24 14 7 6 0 9 6 49 1 10 16 26 26 11
7 14 2 41 1 15 5 0 12 13 0 27 21 43 24 11 11 1 36 4 47 5 11 21 2 27 24 12 9 0 11 3 1 3 9 9 3 3 36 29 14 47 37 12 7 10 1 34 9 13 1 0 23 19 3 6 24 25 5 18 11 1 6 5 5 9 4 15 12 1 0 3 31 10 26
3 4 11 46 26 6 21 18 0 4 1 19 1 8 9 3 3 0 22 3 9 0 8 23 8 23 4 7 8 17 4 7 23 1 6 4 19 56 5 5 9 14 21 6 12 3 12 6 53 10 8 2 13 5 30 26 9 10 37 6 8 27 13 31 3 7 18 11 18 25 4 0 11 65 22
80 5 4 0 15 33 16 8 4 59 0 15 6 17 19 13 31 0 18 17 0 0 9 34 32 9 4 1 7 33 8 5 1 26 2 8 2 6 11 42 4 27 2 8 8 2 10 9 4 4 10 8 2 6 0 1 29 1 16 43 10 0 12 29 5 8 25 13 26 18 18 1 11 11 19
2 7 0 2 47 5 14 5 31 0 11 10 10 40 9 6 27 8 0 1 52 10 14 8 16 23 12 14 1 24 7 17 15 14 6 1 7 10 9 1 0 39 7 16 25 43 6 6 17 10 5 12 24 21 23 3 4 24 25 2 2 2 2 26 11 14 20 5 16 5 11 12 6 33 27
16 26 7 14 21 2 6 25 6 9 15 1 0 1 10 4 17 0 7 14 1 3 21 1 13 7 0 4 10 13 25 8 13 66 10 0 41 0 10 25 5 25 9 8 21 9 46 5 9 4 8 15 10 13 9 31 8 37 14 44 18 31 8 4 16 2 4 27 20 33 4 4 18 1 8
11 0 9 24 29 5 9 14 8 9 35 18 14 9 6 1 11 17 22 5 14 5 29 6 2 9 25 14 1 9 18 2 28 16 5 6 7 3 6 139 39 15 7 7 25 4 0 6 5 11 10 15 18 0 0 15 0 45 16 29 10 27 19 2 0 25 0 4 4 0 12 17 0 0 13
-1 7 11 44 1 33 10 16 68 2 10 9 21 1 0 36 4 6 12 6 1 2 57 2 16 13 4 4 2 11 6 14 8 4 14 2 13 14 13 9 5 16 32 29 0 5 5 4 0 0 12 7 6 29 7 3 0 17 45 28 74 2 14 1 10 22 20 4 3 0 9 39 21 20 6
18 23 2 0 4 3 1 10 57 2 19 16 10 0 6 5 19 13 5 41 29 7 1 18 2 1 7 12 25 3 9 46 0 0 16 2 12 8 10 16 21 27 6 7 14 29 8 20 4 8 4 1 2 3 13 10 6 40 27 1 22 3 44 15 13 11 16 29 5 23 36 15 35 0 4
1 33 0 0 8 5 19 11 6 14 16 6 10 11 54 0 68 1 2 2 2 5 7 0 9 3 6 6 15 46 3 4 13 1 16 53 8 24 26 8 15 16 11 7 21 14 5 1 10 15 2 0 0 16 34 3 17 6 25 4 9 5 10 16 10 23 9 8 91 35 26 0 5 5 4
