25 75
2 3 7 30 8 1 59 26 25 10 31 22 33 14 0 11 7 8 3 19 32 35 12 14 1 3 4 30 0 1 6 6 9 17 25 24 29 32 40 2 16 3 17 7 1 5 13 3 9 5 46 14 12 0 11 4 17 16 5 11 7 7 1 3 6 14 0 2 16 25 24 6 8 24 1
18 1 25 8 6 23 12 15 3 14 4 10 3 0 4 4 4 5 14 13 36 17 15 13 0 2 3 5 26 4 3 6 7 27 6 8 12 12 22 17 19 24 20 1 0 9 49 13 3 13 29 10 0 9 19 35 18 25 30 1 20 2 5 19 15 6 29 19 14 39 19 21 1 2 35
1 3 11 0 20 9 3 16 1 11 2 0 17 40 6 0 3 8 0 15 5 40 18 12 10 44 4 5 0 7 18 2 17 33 5 2 10 16 3 37 4 0 8 15 64 13 1 4 15 16 18 28 11 6 42 25 9 8 4 44 6 10 11 64 14 4 12 0 39 7 11 4 0 18 11
51 22 29 48 7 13 2 11 10 9 15 1 25 2 13 9 11 32 8 3 26 4 9 0 27 4 1 50 6 0 14 5 19 10 11 14 7 25 4 21 6 0 13 20 4 12 7 13 17 25 9 7 21 9 26 30 2 8 30 8 15 0 12 0 7 9 5 8 18 8 18 27 13 7 8
11 33 14 0 29 2 5 8 4 8 32 5 30 1 6 8 76 0 2 2 20 2 7 6 29 0 2 19 4 8 8 12 21 8 3 23 11 1 4 26 4 8 17 28 34 1 1 0 4 32 2 13 97 11 0 11 3 19 3 17 41 25 11 1 3 14 2 8 20 25 22 0 13 17 3
3 1 16 4 18 4 12 36 31 9 12 9 8 2 10 13 26 39 32 2 7 15 10 0 30 0 3 2 11 45 19 29 20 7 16 17 16 13 0 5 22 5 18 6 1 2 26 0 14 31 3 1 20 1 11 4 7 14 1 19 3 2 13 10 5 23 9 4 32 34 4 5 13 17 68
6 48 30 59 20 18 12 6 0 25 2 1 6 18 9 16 10 0 3 1 18 0 25 53 4 19 6 18 12 29 15 19 2 10 68 59 6 35 2 13 1 6 30 13 13 11 4 5 13 8 3 19 11 1 15 4 3 4 4 4 2 9 42 2 0 11 2 6 0 2 14 12 2 9 12
7 13 24 15 10 5 1 37 8 8 34 51 4 0 9 1 2 7 69 30 23 12 6 3 0 1 25 12 28 8 16 6 54 8 14 14 3 34 2 1 38 12 1 4 23 3 4 7 14 0 4 16 31 5 6 10 16 4 5 3 4 7 0 32 15 15 47 2 7 12 5 10 19 5 9
19 31 3 11 1 45 11 5 20 21 8 8 14 25 9 5 11 2 18 14 6 4 11 13 8 17 7 19 28 10 12 0 9 29 20 2 4 11 9 29 2 36 25 4 36 15 3 11 15 6 13 11 6 11 23 17 11 0 50 7 25 0 26 4 5 40 7 3 22 0 2 8 3 1 23
2 27 11 2 1 3 30 1 5 4 45 24 9 3 12 25 16 14 9 17 9 3 9 26 3 6 1 5 35 38 4 14 0 9 6 23 4 2 18 2 4 8 14 23 17 3 6 43 51 7 25 5 7 7 1 3 3 6 10 0 35 8 7 7 0 0 7 0 41 6 60 1 7 69 32
0 21 41 18 18 11 11 11 28 3 0 6 12 1 11 12 25 2 2 2 10 18 6 3 28 7 4 25 10 10 9 13 2 61 22 5 50 2 17 7 3 4 5 1 3 1 15 19 13 25 30 60 7 3 3 0 0 2 12 13 70 36 6 3 8 28 5 24 5 8 17 11 2 13 1
12 12 15 42 1 22 2 0 17 18 7 24 18 1 10 16 10 38 10 8 18 2 4 10 21 14 3 2 10 10 1 4 9 22 17 2 0 20 27 34 46 17 51 16 22 12 11 10 5 12 14 2 23 6 10 15 12 0 2 3 6 31 17 36 2 4 6 45 3 9 8 5 0 23 3
2 50 18 9 18 30 31 5 3 8 13 10 6 0 5 13 14 2 1 19 5 5 15 18 3 62 17 2 5 0 47 1 4 10 24 5 6 33 15 4 11 24 2 6 31 5 2 7 5 17 13 23 40 41 4 22 17 16 19 7 62 6 3 8 8 7 4 5 4 18 9 0 3 3 10
7 8 4 29 1 11 7 2 14 65 3 7 25 8 8 10 8 25 5 4 14 13 12 27 8 9 24 2 1 8 16 25 23 1 11 15 23 0 3 6 9 11 7 10 19 7 20 43 31 7 5 17 20 8 33 10 9 30 4 11 8 9 2 17 33 6 6 9 7 3 18 21 25 12 21
11 12 7 4 3 21 30 28 0 3 36 6 0 55 13 13 26 16 7 18 1 10 0 5 19 21 21 40 21 14 7 9 2 6 10 5 25 15 3 3 2 63 27 27 4 20 10 3 10 13 1 0 12 1 7 37 2 5 3 32 6 13 13 1 8 2 59 16 1 30 0 8 10 1 7
3 8 8 1 5 4 2 0 0 0 8 3 14 7 25 3 15 22 1 2 16 19 8 6 17 38 14 0 49 25 25 28 30 0 6 3 4 4 37 51 8 11 2 18 49 57 1 2 7 0 24 12 0 28 13 16 10 26 27 22 0 12 44 0 34 1 0 13 6 5 0 24 6 8 3
26 2 6 6 27 10 16 12 19 14 16 23 13 4 6 1 0 37 11 15 17 45 36 12 4 14 17 24 50 10 12 5 13 0 32 9 3 29 5 5 4 4 16 0 17 1 1 13 25 14 19 26 0 13 57 2 1 8 17 1 2 1 3 25 9 3 0 34 14 1 15 15 5 0 28
3 13 28 1 3 7 1 7 35 15 4 0 8 54 6 53 19 5 5 6 30 23 18 34 13 2 29 2 30 5 9 8 40 8 2 0 26 20 22 24 9 7 5 10 9 13 5 4 7 60 9 34 7 34 6 1 1 8 12 2 19 6 2 2 4 3 15 7 8 2 9 4 18 34 6
7 23 42 3 11 1 17 32 9 17 1 14 6 1 31 14 1 2 27 10 15 12 14 11 7 0 2 0 3 14 9 9 8 21 21 20 0 0 26 16 6 6 26 19 13 23 2 5 14 0 1 27 19 0 0 13 6 18 41 10 9 13 21 8 20 0 11 36 47 27 32 11 16 18 5
5 1 27 27 10 3 8 14 4 14 9 0 1 6 18 3 21 10 33 5 0 4 5 17 36 0 10 18 20 5 40 7 21 10 0 1 17 41 10 40 0 8 5 0 9 9 17 3 2 4 12 6 36 38 26 0 8 1 11 3 27 11 16 9 5 3 15 24 5 36 2 25 58 11 34
11 9 5 13 18 3 46 3 14 7 4 5 0 19 2 14 3 28 2 22 2 25 2 3 16 0 13 6 5 7 41 19 0 2 2 19 8 33 17 25 14 31 0 21 0 23 12 35 9 0 13 0 27 10 6 8 5 4 2 4 8 11 20 66 8 10 32 25 22 19 14 17 12 22 17
27 1 5 3 3 2 2 11 8 7 13 7 10 0 5 2 9 38 43 26 0 18 9 9 19 5 3 40 14 15 9 11 1 10 4 8 2 11 43 1 30 32 4 4 15 9 8 41 24 14 8 8 39 90 8 28 30 12 9 17 6 5 19 5 9 2 0 11 4 12 10 13 7 8 5
0 18 2 25 34 17 9 2 20 5 0 0 1 16 18 18 7 16 23 7 3 15 7 32 10 2 5 8 1 15 27 34 12 4 25 3 7 5 1 3 20 1 5 10 63 8 6 3 16 2 1 10 11 9 31 2 5 8 46 22 39 0 0 74 15 23 10 8 25 4 11 15 2 7 31
25 0 13 25 6 35 27 17 2 15 14 7 4 17 14 17 17 26 2 1 0 4 13 8 11 11 15 43 4 21 2 0 2 0 14 4 11 10 13 37 1 3 9 34 42 16 7 3 41 7 46 10 2 9 4 13 20 10 36 13 14 1 13 21 6 7 20 1 5 1 4 14 0 18 42
-1 14 16 63 30 14 26 3 12 2 40 33 1 2 27 2 2 3 5 6 8 2 13 1 0 4 1 8 12 11 20 9 50 26 17 1 56 2 0 2 3 4 28 5 9 15 22 7 9 8 17 2 16 4 2 5 11 9 24 39 46 25 6 2 21 4 28 23 3 29 13 2 12 2 2
