25 75
5 2 9 0 7 3 8 13 0 27 2 20 29 10 12 38 38 7 13 3 1 3 16 26 27 24 2 14 5 8 2 6 6 7 5 11 16 8 12 5 39 13 6 17 13 4 0 6 7 4 28 2 5 23 3 4 13 10 21 0 35 21 3 48 6 1 9 35 5 8 42 35 44 0 40
3 33 6 1 9 52 3 13 18 23 1 31 8 7 5 38 1 0 3 11 42 3 2 4 8 2 4 0 1 2 25 9 31 12 20 23 1 17 12 2 0 2 10 2 3 1 25 1 1 5 2 21 3 1 7 3 22 11 9 1 79 11 0 16 20 19 41 54 9 6 15 23 44 33 14
4 19 9 15 27 1 3 28 3 16 5 35 10 4 46 0 6 12 3 18 36 16 0 12 4 43 11 4 0 0 2 9 5 6 20 4 0 23 16 11 9 29 2 2 5 8 3 11 4 9 16 0 32 6 18 4 2 29 10 19 5 14 28 8 3 4 78 34 30 22 7 32 0 7 24
3 5 8 6 23 14 28 12 4 12 2 23 14 1 0 22 28 11 6 22 15 9 36 9 8 1 9 10 27 10 25 23 20 15 25 4 11 3 4 6 1 11 14 7 0 5 48 5 20 1 18 1 10 75 7 3 2 21 8 42 64 13 22 4 12 0 2 7 27 0 12 1 9 0 14
-1 6 10 25 13 10 0 6 3 0 11 8 5 23 1 36 11 10 1 33 15 22 2 7 31 16 6 13 17 7 15 7 10 10 17 24 8 36 1 22 12 3 5 21 20 13 0 5 20 27 21 0 3 6 18 3 10 25 6 13 8 5 6 8 21 1 10 55 3 29 7 1 3 70 45
18 6 11 14 4 21 37 0 1 0 11 19 62 0 2 24 4 5 10 0 15 19 0 10 34 13 1 9 21 0 3 26 11 30 12 5 1 28 0 3 11 5 0 4 7 0 26 41 8 16 2 34 29 15 21 19 0 18 30 1 2 12 26 15 4 33 0 5 49 8 2 1 22 7 37
5 18 6 4 30 0 34 14 47 19 10 5 16 7 3 22 9 47 3 0 0 2 10 16 31 11 35 0 48 7 31 0 8 7 21 6 14 0 27 5 24 19 48 15 1 6 3 2 22 0 2 9 1 10 0 9 43 19 12 13 6 15 5 10 3 35 12 11 3 1 24 28 6 2 3
4 12 18 3 4 54 26 0 23 1 16 6 3 1 42 5 26 1 38 9 23 1 6 6 23 17 17 10 25 7 2 9 0 3 26 54 28 36 6 9 0 12 38 0 48 36 3 13 6 20 21 0 8 2 2 11 6 18 9 20 0 1 2 14 38 2 12 8 4 20 11 5 4 2 4
13 11 36 9 10 13 9 28 1 7 11 0 16 4 6 31 9 33 13 19 4 6 5 8 43 16 8 7 4 15 12 9 7 35 1 33 21 22 17 3 9 3 7 7 3 2 17 5 2 0 4 9 9 11 3 1 78 36 44 17 3 6 15 14 22 38 16 5 8 31 4 7 6 1 2
64 2 19 8 19 4 9 6 0 9 1 0 3 1 1 1 15 1 10 21 3 14 23 8 17 7 0 19 24 30 21 1 12 10 46 26 31 15 10 27 14 7 0 10 0 6 21 2 3 10 28 1 22 39 6 3 11 53 5 16 3 9 6 48 0 6 25 24 29 20 6 0 11 14 4
28 21 10 1 5 9 4 0 19 4 7 0 5 60 14 22 6 36 2 18 16 12 6 4 8 10 11 5 11 0 15 14 6 13 5 0 21 1 7 44 31 10 2 5 14 24 82 1 9 7 2 12 15 6 0 16 1 3 59 10 3 2 45 43 5 10 12 9 34 3 3 7 23 2 10
0 2 3 10 20 3 2 3 2 9 6 12 7 18 8 9 0 40 30 25 18 26 8 1 14 9 36 11 15 43 7 17 1 2 53 12 13 23 24 10 9 4 4 8 18 10 10 0 13 38 4 21 30 19 6 9 17 21 12 2 9 8 0 40 25 19 3 29 0 7 2 14 22 12 3
0 2 33 4 3 6 5 32 19 16 6 3 5 73 6 9 11 6 1 13 6 2 41 4 18 4 0 41 1 15 0 12 11 20 0 16 19 2 47 10 7 10 7 11 7 35 4 48 7 18 5 3 18 23 10 1 4 9 7 8 3 26 3 3 8 5 53 5 56 10 2 14 34 2 12
0 21 30 12 2 7 2 50 38 23 30 17 65 0 7 54 6 9 29 12 50 27 12 2 13 2 20 5 2 16 21 3 5 39 3 8 31 0 11 41 5 1 57 3 11 6 2 31 5 15 16 10 5 3 5 1 18 11 0 5 1 13 7 1 6 11 0 3 10 3 1 1 1 2 5
19 20 11 10 11 24 28 5 1 60 12 13 0 24 27 0 16 4 1 5 28 6 1 8 16 23 20 19 13 5 1 0 13 25 16 5 2 1 24 0 9 2 0 57 25 0 18 55 0 2 3 20 5 4 8 0 26 26 14 16 0 7 32 7 4 38 2 13 5 33 11 18 9 5 9
16 59 16 1 1 5 4 10 1 4 11 0 19 85 3 26 11 4 17 4 10 15 56 17 10 7 16 12 6 10 3 5 3 17 6 1 0 4 13 42 46 28 0 16 16 0 19 11 6 16 2 3 0 13 0 12 7 25 15 14 10 39 10 15 2 20 16 8 1 47 2 2 9 18 2
19 28 3 7 34 4 0 14 6 1 0 17 5 9 0 14 17 7 33 16 12 7 22 14 15 7 8 7 21 8 5 6 32 10 0 10 9 3 10 12 10 15 26 99 21 50 23 7 3 11 4 9 8 14 6 18 12 2 5 1 6 2 14 0 10 8 0 28 2 11 10 36 4 31 42
3 14 6 14 3 6 25 72 8 12 30 43 12 14 5 25 30 22 0 1 18 16 17 10 12 14 5 46 15 7 21 7 13 4 0 10 3 7 10 49 2 1 26 8 0 0 3 3 1 12 0 5 33 3 2 5 22 14 10 9 6 41 19 3 18 7 5 23 10 22 16 33 7 1 1
2 2 3 18 11 38 0 9 6 7 9 21 6 2 30 5 9 12 6 51 18 14 11 32 1 11 8 8 9 9 16 8 3 25 25 41 21 3 59 13 2 12 6 14 4 14 2 18 18 17 17 3 8 8 11 5 5 21 10 19 10 18 0 7 5 22 20 40 14 0 25 2 7 4 30
0 1 28 13 0 59 60 14 8 54 12 11 30 26 9 47 5 13 6 1 14 3 10 1 2 2 21 4 0 21 23 15 10 12 9 2 5 13 5 1 13 8 10 2 0 24 10 22 22 10 3 1 56 18 25 3 13 20 6 3 6 39 15 7 15 4 4 10 1 33 7 2 7 1 10
10 3 4 1 4 5 12 1 5 21 13 32 1 9 9 1 2 26 49 48 4 30 4 5 0 37 13 6 9 11 0 11 12 10 79 5 5 65 11 18 2 16 1 15 5 8 2 2 9 9 4 19 26 1 55 12 13 10 8 9 2 10 22 3 3 2 13 63 16 14 8 0 10 4 13
1 22 6 21 14 2 0 7 3 6 9 8 6 8 24 10 8 15 8 17 3 32 4 6 22 6 23 38 57 18 12 1 1 6 0 4 7 16 9 13 11 27 58 5 16 0 7 9 1 27 0 41 11 11 7 2 5 4 10 42 27 5 18 13 26 2 2 67 3 35 7 1 20 3 4
30 13 5 9 2 6 28 24 10 8 5 5 22 1 4 17 40 34 0 31 5 16 25 6 19 0 10 6 20 11 21 1 12 30 3 15 4 11 1 11 53 10 9 13 6 33 6 2 46 20 2 5 17 25 3 6 11 31 15 12 14 10 1 0 2 16 29 16 1 11 17 5 7 14 11
8 41 25 20 3 33 0 9 6 6 1 8 24 9 4 11 17 27 14 9 9 18 3 11 8 12 35 1 8 2 14 14 6 9 4 29 2 18 6 21 12 17 81 1 37 11 14 14 17 5 4 2 3 22 7 2 7 19 5 1 6 7 14 9 23 3 3 40 19 4 56 8 5 9 8
9 13 16 5 1 3 27 9 9 48 1 30 8 7 2 21 8 6 1 51 0 14 29 12 7 14 3 12 7 0 4 25 34 21 3 37 4 0 4 47 33 1 20 16 9 3 11 19 34 10 4 31 28 37 33 1 2 3 0 13 9 7 11 2 3 14 19 2 3 22 1 0 24 13 10
