25 75
4 0 20 7 2 0 5 2 4 25 0 12 15 29 27 10 4 10 5 3 12 24 25 7 0 40 9 4 38 0 4 2 11 4 10 29 18 3 1 32 83 29 2 12 16 24 1 8 20 23 7 2 16 9 24 8 14 0 5 2 20 16 3 6 10 20 30 15 6 22 45 25 11 2 7
3 0 5 32 12 11 15 1 9 7 20 13 38 3 2 21 8 1 2 17 33 15 1 5 10 9 13 3 11 9 45 1 20 4 6 17 42 16 6 18 12 11 4 25 17 3 3 5 29 0 5 14 19 11 2 2 19 4 9 20 5 1 8 45 64 8 46 2 8 8 9 17 4 48 9
13 1 1 63 1 9 4 4 7 1 6 16 4 0 8 0 3 11 0 11 19 7 2 18 11 0 5 14 3 57 9 39 23 9 1 68 16 13 12 1 1 36 37 4 0 3 6 50 8 1 3 20 12 11 3 15 0 9 8 36 23 2 42 16 27 1 6 3 16 32 1 26 43 1 8
20 49 6 11 11 1 0 22 18 42 2 1 21 2 2 7 16 2 4 55 3 6 5 13 10 26 9 19 11 6 0 1 4 13 2 10 11 23 21 3 14 4 10 18 2 29 9 4 0 4 6 10 29 3 13 3 1 64 24 3 21 31 28 19 24 2 0 6 21 19 10 5 26 10 40
15 59 22 18 11 2 34 5 3 0 22 8 2 6 17 2 0 5 10 24 8 27 6 18 9 15 2 5 2 21 3 47 2 5 20 40 21 5 1 26 0 13 2 15 17 3 29 24 17 11 0 12 5 2 17 0 26 2 15 2 5 4 48 4 14 3 46 19 0 15 10 24 12 27 9
24 53 19 5 3 0 23 4 7 10 9 1 10 0 4 21 11 35 23 15 15 25 12 5 21 1 16 26 18 14 27 10 3 6 0 0 2 5 5 3 28 16 46 16 35 1 3 1 32 12 14 1 24 1 21 10 12 7 0 5 15 21 19 12 9 16 11 11 5 36 4 15 14 33 3
18 6 14 15 26 30 16 7 3 5 11 1 34 34 8 7 19 2 11 38 9 9 13 25 12 0 3 4 15 7 14 2 9 1 7 12 0 12 8 29 1 9 21 1 43 5 1 9 21 24 18 3 16 18 7 8 4 14 28 13 20 10 0 25 31 18 4 15 21 59 3 2 11 9 12
24 3 27 6 4 20 0 12 9 4 29 6 5 5 17 21 5 6 5 7 13 52 32 5 0 13 19 10 8 5 17 46 10 0 16 2 7 10 12 11 10 1 1 12 31 7 0 60 3 3 2 15 5 34 3 16 14 15 1 15 2 7 2 1 9 3 38 18 83 23 41 3 3 10 6
3 23 3 14 0 12 18 12 12 5 13 5 15 16 10 8 40 9 1 15 0 10 16 18 29 6 45 7 0 7 1 9 17 41 27 1 12 4 1 0 43 19 5 35 1 24 16 11 35 6 1 15 4 5 24 6 21 1 1 8 7 2 18 41 3 23 6 10 11 18 18 6 8 10 53
2 24 25 26 1 3 40 1 3 2 11 12 16 15 2 6 5 6 22 27 16 1 17 10 7 8 14 13 10 14 0 7 26 7 2 30 4 28 28 0 13 3 6 48 14 19 4 49 1 7 8 13 4 44 14 12 0 0 2 6 45 27 4 18 29 6 9 34 11 4 12 11 9 21 2
6 23 5 20 10 17 13 18 13 4 7 2 22 29 2 25 4 116 43 0 4 30 39 1 8 2 8 2 0 3 9 4 8 8 15 12 47 22 13 7 15 37 36 13 30 9 5 0 0 4 13 17 38 3 12 7 3 8 15 13 17 1 0 2 7 4 9 5 4 14 8 22 2 5 1
3 7 9 1 5 14 15 25 0 23 25 3 19 11 4 17 6 0 20 50 3 10 2 17 4 20 4 1 21 1 7 26 2 41 29 5 27 3 31 5 27 1 25 2 1 0 18 50 1 31 15 0 3 20 6 3 12 14 2 14 23 4 13 17 22 0 25 16 32 13 34 4 4 13 19
9 1 18 1 31 11 35 16 6 2 1 1 0 16 3 2 2 5 22 5 3 3 6 9 2 3 6 23 6 5 7 2 7 4 39 26 11 6 7 23 7 20 2 30 36 3 13 1 26 2 6 1 5 42 6 5 18 21 18 5 21 83 13 27 3 76 18 7 3 48 19 18 1 7 4
34 6 32 9 4 10 15 40 26 4 33 8 17 36 9 2 2 3 20 11 20 35 5 12 6 25 1 2 0 5 28 11 3 6 0 18 4 0 3 42 50 13 22 20 0 2 23 13 25 2 6 4 2 9 7 7 9 5 30 0 6 12 6 11 12 13 2 0 59 13 2 13 21 3 31
23 53 9 9 16 1 15 20 5 12 12 69 2 8 24 0 4 0 0 6 12 64 1 5 0 20 17 22 9 0 0 5 45 3 35 3 6 2 0 15 12 7 20 4 23 46 1 7 7 1 23 13 5 19 32 9 24 16 13 12 4 7 0 29 9 0 34 23 9 7 9 6 2 3 12
5 1 11 7 31 33 23 7 0 16 3 37 6 1 12 9 80 32 26 5 1 7 12 1 17 9 30 19 4 7 22 7 23 0 23 3 5 15 19 20 5 26 4 14 52 5 3 0 3 9 0 7 3 35 2 2 6 17 15 34 14 32 34 0 19 11 9 5 15 4 9 8 4 1 4
6 0 38 6 31 7 1 7 15 33 0 2 0 1 29 0 3 5 2 5 34 36 23 42 24 37 2 54 0 0 10 5 4 16 3 17 7 4 14 15 20 0 4 11 59 6 1 29 3 5 7 14 6 10 9 1 32 2 7 20 7 2 61 6 9 19 0 20 2 7 1 0 3 52 27
11 29 8 5 30 19 7 3 15 6 15 25 11 8 2 10 14 2 24 0 13 6 25 4 22 22 13 4 55 6 34 4 57 9 1 0 4 5 12 2 5 18 3 47 23 18 7 16 0 3 0 11 10 2 10 7 0 6 25 8 2 14 11 27 23 5 19 5 51 5 28 27 9 10 3
2 12 17 3 1 11 0 1 1 14 9 18 14 9 19 28 7 89 30 8 25 0 4 42 9 11 14 14 1 5 4 3 12 0 0 3 12 0 37 10 4 14 1 28 3 25 8 25 1 10 5 53 46 2 8 8 9 47 2 2 49 22 9 0 19 10 50 3 5 14 5 8 3 1 2
0 4 13 22 7 2 11 1 7 0 3 12 12 15 36 1 10 44 19 23 29 0 6 4 18 7 1 14 3 15 4 1 13 79 2 8 12 5 9 4 5 2 0 32 1 7 4 16 29 4 25 5 21 29 25 2 4 58 2 1 11 12 51 5 17 59 19 8 22 5 7 3 4 9 20
16 3 19 1 20 5 5 15 11 0 13 6 8 2 26 1 0 22 9 7 21 17 27 0 29 15 1 2 14 55 10 8 4 4 16 0 5 13 4 47 10 7 28 20 8 5 20 41 6 0 1 12 11 2 3 0 34 20 0 0 2 10 20 1 9 21 38 14 21 28 14 21 45 8 39
9 6 7 12 13 15 22 8 5 2 13 3 6 10 31 77 7 27 8 9 26 0 23 15 27 6 1 1 3 32 36 14 22 0 4 2 3 7 9 2 31 24 0 1 0 17 2 43 9 19 3 5 25 3 21 9 16 64 3 15 17 3 32 4 2 18 2 10 25 11 4 3 4 19 13
18 1 5 1 16 42 21 1 9 5 8 31 5 4 6 31 5 1 0 13 34 20 36 11 42 43 11 6 16 4 7 3 14 6 30 23 16 10 20 15 25 2 12 10 3 20 3 5 0 12 1 3 1 55 2 19 15 16 14 2 13 13 27 11 38 0 10 14 3 12 7 9 5 15 13
5 10 9 17 13 4 55 1 26 3 12 19 53 10 8 3 55 14 13 2 11 27 0 16 18 29 7 15 3 19 17 10 21 2 8 0 9 49 2 16 9 4 0 2 25 1 11 1 7 1 17 9 2 3 15 44 8 2 1 1 7 6 3 23 24 9 57 19 11 6 16 8 28 1 8
6 35 8 8 0 22 27 20 8 17 55 6 17 2 5 8 10 1 15 5 12 11 3 0 0 23 0 3 0 52 25 47 6 9 17 2 20 31 9 16 1 26 6 16 1 39 0 1 36 44 1 1 7 14 19 13 1 10 6 7 9 10 17 7 3 19 6 11 1 29 0 20 6 2 50
