25 75
0 0 10 15 0 32 13 13 32 10 2 7 21 21 3 42 11 22 25 6 6 3 2 0 4 7 2 21 14 5 30 39 7 3 7 0 85 2 76 7 33 13 9 12 35 6 12 3 23 22 1 0 20 0 11 5 4 2 13 7 1 5 3 8 46 6 5 2 1 10 8 28 24 4 13
5 40 8 0 2 49 21 28 46 0 5 7 0 2 20 13 4 17 10 53 6 10 22 7 10 6 21 9 2 0 31 14 33 11 2 2 2 20 13 17 44 19 2 0 17 0 7 4 5 5 18 1 2 3 9 18 6 1 82 14 27 13 3 18 0 13 6 8 9 0 0 26 3 26 23
0 5 23 30 27 1 25 1 3 4 3 12 23 59 7 12 13 0 14 5 2 32 12 4 6 0 10 13 4 15 25 23 2 8 14 9 14 16 16 1 13 47 39 4 5 9 24 2 15 0 19 25 29 27 9 20 10 5 3 12 3 0 5 2 2 3 15 12 9 4 6 8 96 24 1
2 2 2 7 2 20 15 8 0 2 8 15 7 13 52 40 20 0 9 16 5 33 30 39 49 13 0 11 13 20 21 6 2 25 18 6 8 9 1 37 37 2 37 3 8 21 10 4 8 3 58 6 4 6 46 10 4 6 6 8 42 0 3 9 3 2 0 6 16 4 1 27 3 7 4
1 37 0 34 13 6 6 23 6 6 16 16 38 16 4 11 2 16 3 11 26 4 10 9 18 9 4 40 53 1 8 27 20 22 9 8 7 11 14 5 5 14 3 24 3 5 12 10 1 26 10 5 2 2 8 4 38 27 6 1 31 3 1 20 14 16 6 6 48 30 11 1 0 13 24
3 6 12 41 8 0 6 13 13 1 19 3 3 4 18 2 1 22 29 12 12 13 6 12 4 0 1 21 9 2 26 0 13 31 2 11 92 24 16 1 8 7 42 8 6 17 0 68 19 3 10 0 8 7 4 18 23 2 5 5 6 3 2 37 12 6 41 20 6 31 7 37 9 2 9
4 3 25 4 32 5 0 49 1 14 3 3 5 24 45 11 4 1 7 35 23 11 14 32 16 1 21 4 13 9 5 28 5 6 1 11 1 0 33 13 4 18 2 6 4 12 15 2 20 2 18 1 0 13 11 15 3 53 42 5 1 24 14 10 31 26 12 19 17 20 7 0 46 0 5
27 35 18 5 17 11 17 3 0 3 16 10 21 26 15 6 7 8 4 5 0 11 9 3 5 14 0 43 21 12 0 51 7 10 35 11 4 10 9 7 10 20 34 3 19 31 11 16 1 12 6 3 7 22 28 0 1 32 17 8 25 7 20 27 15 9 24 1 12 27 7 0 4 4 21
22 31 0 0 11 11 18 7 6 10 6 16 8 14 2 10 1 6 26 37 10 1 30 0 27 49 0 22 13 4 10 8 1 14 4 0 15 21 15 11 4 18 30 23 2 44 11 37 16 14 14 22 21 18 5 9 14 10 4 9 3 0 1 8 19 21 19 36 5 30 10 11 3 4 8
9 19 1 5 4 6 16 21 9 13 22 11 35 0 1 23 10 18 9 4 12 28 0 22 1 12 2 37 16 2 1 13 8 7 3 0 7 4 14 25 6 21 3 1 1 7 3 25 31 4 18 16 12 38 25 45 14 35 13 10 32 0 4 10 6 5 2 19 47 18 4 19 20 33 3
11 2 5 2 28 9 3 4 1 9 2 4 3 9 13 29 30 73 1 16 18 33 4 6 4 0 17 13 14 34 9 2 30 29 0 3 2 41 10 13 5 5 2 0 3 27 5 22 4 7 1 26 6 5 2 44 1 9 18 7 5 32 31 56 8 4 4 34 15 21 31 0 4 9 11
-1 27 9 32 12 16 23 20 43 3 3 8 13 17 41 17 9 6 1 13 17 8 24 7 15 5 5 8 0 1 41 41 3 2 1 5 6 27 0 9 4 1 8 18 9 4 11 6 3 16 27 22 11 5 18 4 2 27 7 12 0 37 30 4 19 0 36 30 12 0 29 9 23 6 13
13 16 10 19 3 10 0 21 0 8 5 3 5 6 7 8 5 3 2 1 8 8 15 9 6 0 6 32 0 13 4 5 23 9 40 3 9 28 17 16 17 2 9 39 21 44 2 43 6 0 34 16 98 2 8 2 0 15 19 15 12 16 8 1 5 53 20 3 1 23 9 17 19 2 23
26 34 7 8 25 18 12 19 0 2 1 3 16 28 0 4 8 19 8 6 17 6 7 12 5 10 0 13 4 24 18 2 59 22 7 4 3 3 5 12 66 3 0 8 41 2 9 1 15 5 21 23 32 13 37 44 5 18 1 15 9 39 0 9 20 7 6 46 1 1 5 5 8 2 6
2 14 20 21 5 4 1 22 16 13 20 5 4 38 10 1 28 10 40 22 3 26 17 7 1 12 8 9 7 2 17 0 17 3 2 37 12 17 60 4 12 21 19 11 14 13 26 5 1 5 41 6 2 15 19 4 0 0 19 20 13 5 3 13 5 18 22 23 22 2 3 2 21 17 21
19 7 16 8 23 5 9 17 10 20 37 0 6 14 12 4 9 8 8 3 2 15 11 1 2 8 11 27 17 26 11 3 1 12 8 19 12 10 39 3 42 3 15 20 21 36 22 12 8 4 0 7 10 0 44 9 3 24 12 12 33 6 23 38 15 4 2 18 5 29 33 5 2 6 4
25 8 2 7 6 68 12 4 20 6 8 7 34 4 7 1 7 27 17 14 12 14 0 8 1 11 4 31 4 15 4 0 5 12 2 8 21 9 4 4 12 10 5 45 3 12 2 14 11 33 4 3 21 50 5 16 40 6 5 28 1 4 75 7 0 4 16 3 33 9 21 3 18 26 2
8 16 1 2 6 13 0 7 2 2 1 13 4 0 35 1 2 11 25 21 6 28 11 46 3 37 2 5 52 1 2 14 19 33 9 4 6 37 0 4 9 14 1 3 50 2 0 21 5 23 7 5 27 1 5 6 46 22 10 2 20 34 24 3 4 21 14 24 14 14 0 5 47 3 25
15 1 45 37 2 1 0 3 0 14 3 1 0 34 15 76 14 15 6 30 10 1 36 17 2 37 3 5 0 16 2 1 10 15 41 10 17 1 3 26 29 18 0 25 3 3 12 10 36 21 22 19 15 21 20 16 13 10 23 3 5 4 1 6 26 14 14 6 17 11 0 6 3 2 1
35 23 13 46 18 10 1 33 4 5 15 23 4 15 2 9 31 20 26 20 9 15 17 17 4 7 13 3 0 15 2 5 12 37 6 27 37 4 11 11 0 13 30 3 7 13 2 12 2 5 18 42 47 7 8 5 4 2 2 2 13 23 15 8 11 4 5 27 0 31 13 2 9 8 2
7 26 0 15 26 31 35 6 9 8 1 5 47 26 20 7 27 22 0 30 27 1 13 20 12 63 17 1 19 14 35 24 10 6 0 1 20 3 11 0 4 0 7 10 1 12 12 6 15 4 11 15 0 13 21 11 5 41 1 10 26 30 9 8 2 20 9 13 12 6 1 0 4 3 13
16 3 16 53 2 8 7 5 2 4 20 22 0 6 6 24 12 32 0 39 33 15 3 54 39 5 14 6 27 13 5 14 33 2 18 0 29 0 4 21 5 2 9 14 1 19 1 0 0 3 2 8 3 9 8 14 3 4 69 5 30 21 47 0 11 9 23 8 13 8 6 22 2 6 3
19 18 10 3 5 20 4 23 4 24 54 2 0 14 11 7 18 11 12 0 5 6 10 11 1 58 8 34 3 26 9 44 10 10 39 4 20 1 10 34 8 2 4 16 11 13 1 4 12 3 0 37 11 17 41 10 1 7 17 35 7 9 22 6 7 10 2 3 4 43 3 7 8 5 12
-1 1 20 35 3 8 16 21 48 12 0 0 10 11 16 0 4 2 0 14 49 31 44 17 21 2 25 9 2 6 22 26 1 48 11 3 36 3 1 16 5 14 22 17 8 25 5 0 11 0 1 3 47 17 2 10 0 51 3 31 1 5 6 6 3 10 18 6 4 13 6 4 32 11 10
16 12 37 22 1 66 2 26 1 0 2 4 9 0 7 5 16 26 5 0 4 70 6 20 1 10 3 80 5 30 5 9 11 12 3 3 10 5 18 5 4 0 2 8 8 11 9 0 44 12 5 2 34 6 11 34 1 7 1 14 2 7 30 1 25 18 16 30 4 36 11 9 5 16 10
