25 75
22 3 3 12 25 34 11 2 7 6 2 5 0 1 16 10 20 1 6 7 6 6 51 10 2 39 7 3 9 10 10 10 79 8 13 8 4 1 12 2 24 15 0 6 33 21 3 1 2 6 3 63 1 16 2 12 21 56 27 3 1 32 9 9 10 14 21 24 24 10 2 0 29 8 9
13 1 19 13 0 2 15 21 13 18 8 3 3 0 2 1 9 24 8 30 4 5 20 0 12 1 38 2 13 1 7 17 11 3 13 1 24 35 4 15 6 16 0 5 3 46 7 39 10 1 1 45 9 0 24 4 28 62 7 24 24 0 18 3 12 16 60 7 53 29 4 0 0 1 7
4 0 3 4 40 12 26 12 10 8 4 12 11 5 11 0 1 5 45 23 4 23 2 22 34 17 15 27 18 2 11 18 18 34 2 14 11 2 49 0 15 7 12 1 4 8 10 1 10 25 5 9 0 0 0 46 79 8 15 42 1 2 0 15 5 15 13 9 12 26 11 1 8 6 20
10 5 8 19 14 5 6 9 22 24 4 5 0 21 11 19 13 4 2 2 15 0 60 34 8 7 16 6 20 5 3 0 19 4 29 6 1 1 3 18 8 9 11 29 34 14 3 20 0 4 28 5 21 8 31 41 11 0 4 4 5 13 9 1 17 5 13 17 7 43 26 18 11 13 59
7 21 15 4 0 7 10 3 4 9 5 1 10 8 29 11 36 6 0 19 4 31 12 47 11 26 7 5 4 3 0 5 17 13 6 10 7 28 3 4 0 51 45 3 9 20 22 49 4 8 9 4 5 30 7 3 8 14 52 23 16 4 8 7 36 22 7 6 9 39 5 4 6 7 10
13 6 0 11 7 6 23 20 19 2 2 21 19 0 24 16 1 1 20 15 32 93 71 9 9 2 0 7 18 24 6 3 3 10 1 29 1 23 0 5 2 40 1 2 13 4 1 12 11 0 8 2 8 11 38 33 11 1 27 41 5 7 9 36 38 0 3 10 3 26 0 2 8 0 15
16 12 6 22 50 95 0 15 11 5 0 6 5 5 2 6 22 7 13 13 30 12 10 3 16 25 15 3 17 19 48 1 39 10 10 15 7 10 6 36 8 16 46 11 10 5 2 3 28 34 20 2 6 2 8 7 13 10 0 3 10 2 14 9 5 2 33 1 1 10 2 14 0 7 13
4 11 3 8 16 27 34 48 38 10 5 15 8 18 10 2 6 13 54 15 12 6 3 2 4 8 8 15 12 39 5 7 9 33 3 9 16 31 39 37 9 9 17 2 5 0 0 3 21 2 29 24 16 1 5 11 5 13 2 13 3 10 5 10 0 18 29 12 10 1 19 12 1 6 34
9 56 12 10 1 6 33 3 0 5 4 23 16 7 12 7 9 0 23 18 26 36 21 71 11 0 13 0 3 61 1 2 5 14 45 16 2 30 33 26 24 0 5 9 16 15 13 2 3 9 13 3 14 10 7 3 16 9 17 4 13 9 2 23 0 10 22 3 19 2 6 10 9 4 6
4 24 2 27 0 9 7 2 4 72 1 13 9 0 13 7 13 103 13 42 2 16 5 6 0 8 2 1 0 35 12 2 1 20 6 6 8 14 12 2 1 10 2 24 37 2 5 27 14 10 8 11 9 21 19 1 19 10 3 0 10 4 43 27 22 22 18 12 14 0 2 18 6 21 25
15 20 34 2 4 8 0 7 12 16 9 1 5 6 11 2 8 43 17 26 11 21 56 5 14 12 15 0 13 6 18 13 16 4 14 3 0 37 0 47 25 6 10 19 3 23 9 48 11 16 11 4 24 1 7 3 4 17 4 0 10 11 3 30 6 18 15 3 11 2 56 21 8 5 5
10 1 16 1 16 0 7 4 7 2 0 16 26 12 22 10 1 11 6 16 16 28 47 0 12 31 3 2 31 3 10 4 0 2 11 8 6 13 9 39 19 19 13 23 9 5 5 42 55 0 14 1 18 4 4 17 15 12 13 1 4 25 28 1 24 9 2 35 7 0 30 4 60 8 15
23 60 13 4 5 0 18 5 7 11 8 4 18 9 15 4 2 40 0 11 9 10 59 0 51 21 18 26 9 15 5 42 2 23 13 15 2 0 51 23 0 42 6 10 3 8 0 9 18 8 1 1 10 21 7 7 5 8 12 33 20 5 3 7 0 20 18 27 5 3 10 6 12 3 1
0 9 13 15 48 51 16 8 22 19 3 13 13 4 5 61 1 11 2 25 1 5 10 26 1 6 68 16 4 4 11 12 16 2 30 0 5 39 2 8 0 3 10 16 1 7 61 37 9 3 7 10 10 2 10 14 42 11 0 11 3 11 25 0 11 10 23 15 4 5 3 8 5 1 7
8 3 0 1 4 42 7 24 32 15 16 8 0 5 16 3 6 3 6 10 11 3 14 5 18 3 4 35 15 1 20 5 1 0 5 13 2 11 2 7 11 7 6 3 9 0 30 17 68 23 16 0 23 6 58 5 0 21 10 5 34 9 40 64 12 6 7 10 2 1 6 20 18 25 44
7 2 7 15 0 26 8 2 16 4 21 29 9 14 2 14 6 2 3 41 36 0 6 8 4 7 4 13 58 0 10 17 0 14 37 14 50 11 2 0 4 23 27 15 5 2 5 86 28 8 18 8 1 14 0 0 5 15 0 22 0 3 18 1 19 0 35 4 1 1 6 68 0 15 24
13 1 3 5 4 1 11 3 0 7 74 10 35 12 23 2 58 8 7 2 13 1 8 7 1 1 7 43 23 31 6 14 17 0 6 0 0 20 48 15 5 4 4 3 2 0 11 63 14 4 2 4 7 6 6 9 18 6 4 25 6 10 70 1 4 9 20 10 7 8 24 47 11 4 32
4 6 0 24 1 0 14 9 25 4 5 1 3 4 1 6 33 2 42 17 17 70 12 0 20 9 4 32 10 13 24 4 1 0 26 18 4 2 1 6 30 0 19 20 11 5 11 3 12 49 2 22 16 0 5 14 19 10 4 6 16 2 9 7 5 0 85 17 0 26 9 10 46 13 23
2 13 5 9 26 27 1 25 6 6 0 30 4 7 20 3 13 23 39 11 0 0 9 15 3 15 8 11 1 0 14 6 19 28 10 13 3 3 2 4 7 46 70 5 8 10 0 25 26 0 9 15 11 10 22 33 21 10 2 0 15 21 10 0 5 28 14 2 13 94 12 2 8 0 12
7 9 10 4 14 6 3 2 7 0 0 3 10 17 22 14 22 27 23 46 26 20 8 26 14 17 29 0 4 0 44 17 34 11 6 4 24 0 9 3 0 2 2 7 23 2 20 13 9 27 0 12 21 4 72 6 3 0 13 19 9 10 3 4 36 1 1 32 10 5 25 2 45 18 2
-1 3 2 10 51 25 10 3 10 19 10 4 9 2 4 54 7 8 1 6 21 18 12 8 70 19 7 43 36 11 5 3 5 3 2 14 3 8 0 13 0 1 12 0 6 5 24 34 10 9 5 3 15 6 2 59 24 8 14 6 18 24 21 43 0 16 0 17 36 5 14 6 1 17 1
3 7 9 71 11 6 5 10 32 0 28 0 19 11 1 28 13 5 2 0 7 38 0 10 23 13 11 4 12 8 14 0 9 22 3 7 7 23 7 15 6 28 6 6 3 6 8 4 5 35 22 25 35 4 72 6 7 13 56 6 5 24 11 17 0 7 1 16 0 4 22 30 3 6 7
62 11 17 10 0 16 4 7 10 0 5 25 1 23 3 25 5 31 14 2 0 16 29 2 42 7 2 10 7 4 22 0 33 4 13 5 19 3 6 16 0 19 21 8 9 6 12 20 18 25 7 29 10 0 15 8 29 15 7 8 23 11 28 6 30 12 6 28 9 31 26 6 5 0 2
8 12 27 12 11 1 1 17 0 12 5 14 13 39 10 6 0 3 10 2 0 12 1 2 10 12 12 22 5 17 35 24 64 12 0 0 11 0 24 6 33 5 22 43 9 12 10 0 36 4 37 8 36 2 65 3 20 11 5 10 1 8 6 5 3 0 0 24 7 0 0 5 31 42 25
5 7 9 7 12 19 12 54 11 1 22 17 5 5 12 6 10 0 5 56 8 16 9 8 36 1 10 44 5 0 34 18 6 13 4 11 3 9 1 6 51 2 11 3 16 22 0 14 2 12 24 10 46 3 13 13 1 13 12 57 25 17 21 0 5 1 12 15 14 10 0 14 1 11 12
