25 75
40 35 1 31 1 9 7 6 2 0 20 2 19 7 6 31 19 17 35 5 23 2 6 12 4 24 12 11 1 8 14 8 5 12 48 6 16 10 3 24 3 3 32 1 5 11 24 9 5 1 27 22 17 16 0 9 43 4 11 32 2 0 3 6 41 0 39 4 29 5 8 2 10 14 20
24 28 6 38 19 36 4 1 7 67 3 9 9 17 0 0 0 22 0 8 0 23 4 7 29 26 8 14 17 8 5 22 9 6 16 11 3 27 5 1 10 0 6 12 55 6 3 2 12 74 30 8 47 20 14 14 6 16 13 2 1 9 24 5 19 6 4 7 2 2 14 9 1 6 2
5 8 13 14 17 3 85 0 12 3 7 1 4 30 17 16 4 18 21 7 5 18 8 37 7 18 17 39 11 2 16 0 27 3 36 1 9 16 10 39 3 2 6 3 1 3 8 0 15 6 2 0 2 4 40 38 38 35 36 21 13 6 26 4 0 11 0 3 7 17 1 11 12 21 1
14 5 31 4 33 1 6 80 8 2 7 4 9 11 24 25 1 6 7 7 8 26 22 2 7 11 5 22 2 19 45 0 10 4 16 17 3 35 0 6 8 5 8 26 7 4 43 7 8 0 41 3 7 26 8 6 13 41 15 16 2 3 1 2 2 2 16 12 19 33 11 22 0 27 11
7 21 3 0 10 1 20 2 6 4 3 17 0 0 20 56 7 10 46 11 1 6 64 2 4 61 13 5 7 27 0 15 1 6 29 3 18 12 7 5 12 6 4 35 7 6 5 9 5 0 40 0 5 86 6 18 26 3 37 7 18 1 6 3 1 33 6 12 9 1 13 22 1 10 17
6 22 1 10 10 7 42 1 5 1 7 37 1 7 34 12 9 50 5 15 21 1 1 6 12 9 43 28 2 9 11 48 0 11 21 19 5 19 24 7 5 6 28 1 8 14 8 3 28 9 17 27 1 9 3 5 2 9 17 34 28 3 4 6 10 16 3 15 9 21 45 3 9 6 9
6 11 7 8 16 24 43 9 2 1 11 31 0 2 3 58 4 7 0 36 10 11 1 0 25 2 4 1 35 0 27 24 9 36 6 26 54 7 0 4 30 5 4 36 32 10 6 1 19 8 8 12 24 19 0 0 17 31 15 23 1 7 4 19 13 0 9 20 28 2 2 1 11 4 18
4 2 17 3 47 22 4 14 10 0 23 21 8 10 2 17 20 0 93 9 7 0 11 4 1 6 0 32 21 17 9 16 17 25 24 20 12 51 8 9 3 3 18 7 3 34 6 8 19 8 42 5 7 3 20 1 4 3 14 15 13 18 4 15 6 27 3 3 17 2 6 8 25 0 14
25 12 0 19 5 1 20 5 7 12 8 7 11 22 0 4 5 9 7 46 38 1 13 3 31 12 18 18 26 16 5 18 5 28 5 9 9 9 0 0 0 66 14 20 4 17 1 2 13 1 37 0 3 51 15 28 5 5 18 0 24 22 25 12 11 2 11 26 2 4 44 7 8 2 11
5 10 6 9 0 28 2 3 4 3 4 17 12 6 1 4 0 4 4 17 16 32 16 42 16 20 4 11 0 4 6 17 37 39 3 0 7 26 31 18 24 17 47 7 1 19 10 17 0 29 14 11 12 13 1 15 9 9 35 14 23 4 7 9 17 1 4 5 0 6 2 19 3 104 8
14 4 16 5 24 41 7 2 8 0 11 1 2 2 11 4 14 22 8 0 3 5 1 16 1 2 14 56 7 4 4 2 25 13 0 19 3 5 14 9 7 32 8 6 32 7 81 16 6 14 1 5 1 14 1 65 25 12 22 19 37 19 14 1 5 0 25 8 14 16 13 4 7 41 23
7 39 7 5 21 19 2 22 17 39 2 7 9 17 5 18 3 2 34 6 5 17 22 27 15 10 6 47 0 12 3 22 1 11 17 11 48 20 4 35 18 13 23 0 2 1 10 32 4 2 6 1 15 10 7 2 2 0 46 35 20 20 6 6 8 5 5 0 14 3 12 14 18 22 4
-1 11 4 12 9 4 17 15 5 0 0 0 37 0 2 7 4 10 0 0 20 14 34 0 8 10 3 14 12 21 4 1 6 30 38 20 1 52 7 36 36 31 23 49 45 1 39 17 11 32 2 2 10 8 17 0 3 39 7 3 1 10 9 1 4 16 17 14 23 1 21 0 8 2 31
10 19 41 1 10 4 3 9 3 11 26 3 0 0 12 2 6 8 35 3 30 1 2 0 4 27 26 17 26 10 19 4 56 0 10 5 6 32 1 4 3 10 0 2 5 14 28 2 2 24 0 45 9 7 5 4 49 5 15 10 12 9 22 17 40 10 7 6 52 13 5 3 16 27 36
6 55 8 7 2 15 3 0 0 93 2 22 5 0 14 8 20 2 8 22 6 1 6 19 5 1 10 16 13 16 17 32 2 15 11 10 7 54 0 17 2 17 1 7 41 1 3 5 28 2 8 14 10 5 51 15 53 25 16 4 39 10 12 4 8 4 12 4 2 10 2 4 12 15 4
22 0 18 8 65 14 28 14 6 1 44 7 7 63 4 16 4 86 1 4 0 10 16 10 0 4 7 5 23 22 40 5 2 8 2 12 4 10 11 42 8 17 13 11 15 6 0 20 4 5 7 1 14 11 26 6 1 2 15 11 0 16 6 15 11 8 4 19 0 18 16 13 3 30 3
5 16 15 14 15 1 20 1 6 14 37 11 7 22 10 6 25 16 56 10 2 8 8 5 51 14 10 0 0 11 2 0 1 10 18 4 7 9 16 19 11 0 2 11 19 1 32 4 13 55 8 69 34 11 1 6 2 24 2 32 18 36 12 9 17 3 12 1 14 0 0 3 4 6 26
21 0 1 11 3 4 3 6 0 8 34 12 14 6 10 15 52 1 10 5 0 0 8 9 13 39 12 1 30 2 8 3 28 28 3 2 7 6 21 37 0 10 24 7 46 4 12 8 30 11 6 16 24 11 9 18 2 1 1 8 30 7 7 13 7 1 14 2 13 41 58 61 2 15 8
16 8 37 10 17 4 20 21 4 3 0 13 0 37 26 28 9 12 11 0 10 4 17 6 1 11 17 1 50 12 17 11 0 5 2 3 6 30 1 3 1 0 12 14 2 12 7 12 4 34 16 26 30 10 21 15 7 2 12 56 7 2 27 24 0 25 33 3 48 15 7 18 0 3 12
89 6 14 3 2 25 44 3 10 34 8 22 5 1 14 7 5 10 5 3 1 4 23 10 2 27 21 16 3 5 16 7 8 44 9 2 7 10 2 19 17 5 10 6 8 8 15 20 1 6 0 12 4 1 12 18 28 10 30 5 0 12 39 6 2 19 1 26 3 4 10 44 20 20 32
3 34 1 10 13 12 12 7 2 9 31 58 52 13 10 11 4 4 58 5 0 20 27 13 23 14 3 2 49 4 9 8 12 16 8 5 2 15 8 20 3 2 18 3 9 5 24 4 0 29 6 3 15 3 19 26 4 3 9 4 9 21 1 30 20 5 1 28 6 2 11 16 36 11 7
6 26 8 12 9 2 2 10 9 29 6 9 31 11 19 5 15 28 41 11 25 13 23 5 0 7 5 17 18 0 21 9 5 20 5 39 7 20 1 7 29 6 0 12 18 0 3 22 4 7 8 11 15 24 5 12 3 19 14 0 23 32 39 11 2 13 12 20 9 7 16 22 16 2 28
16 30 41 1 3 10 2 23 4 5 2 5 21 0 9 3 33 10 71 3 4 5 15 4 2 61 0 9 10 3 4 28 13 12 6 44 51 2 15 7 1 15 1 7 1 10 8 9 28 21 23 17 39 12 25 3 9 2 5 5 19 1 5 0 33 16 5 19 7 23 10 13 2 16 3
6 34 20 0 2 22 15 4 11 19 27 28 17 9 65 0 12 7 12 9 1 9 4 11 1 29 16 10 3 17 8 66 6 1 3 18 31 5 13 29 1 3 0 0 13 3 1 14 47 3 17 10 12 6 4 1 9 13 2 0 22 13 35 8 2 7 0 20 13 35 20 33 18 2 13
0 0 12 44 3 19 0 3 0 1 16 19 2 0 7 9 0 15 1 2 1 28 2 40 11 19 1 9 17 4 2 3 0 31 61 1 3 19 29 41 7 0 3 2 44 1 4 2 6 13 3 2 3 6 10 50 17 42 7 61 1 27 18 29 6 0 4 47 16 10 20 42 3 7 12
