25 75
2 17 62 28 1 5 4 0 14 3 13 13 9 4 1 9 6 7 8 16 21 3 20 14 31 6 11 15 28 19 29 31 35 18 8 6 23 5 15 8 23 24 12 7 4 28 0 0 18 10 5 47 6 3 8 11 3 2 7 5 1 2 48 1 19 3 16 5 27 1 31 7 40 3 5
16 6 20 2 6 1 20 58 22 1 25 15 16 3 18 15 7 17 4 4 6 65 1 38 17 22 3 10 12 2 6 37 0 0 5 0 0 17 6 1 33 11 26 19 3 2 2 8 28 9 6 35 3 9 41 7 40 1 12 24 5 8 0 9 19 18 8 8 14 0 35 11 13 5 4
10 26 1 1 1 23 2 1 33 1 24 3 0 13 1 10 14 69 18 4 6 28 1 11 11 2 48 17 7 18 38 21 16 24 0 0 7 26 6 8 68 12 0 25 1 9 15 2 3 45 21 26 4 13 4 7 37 15 13 3 4 9 5 2 20 1 0 21 10 11 28 0 9 6 1
22 0 37 6 10 0 58 9 4 40 30 27 7 19 3 0 18 21 7 9 21 1 15 6 33 5 1 21 29 10 35 0 5 0 12 17 9 10 6 4 7 22 24 8 1 10 2 16 15 12 7 1 2 14 18 18 2 4 2 23 45 0 42 11 0 2 41 10 6 2 28 15 1 13 9
-1 57 18 4 0 3 35 27 10 11 1 0 18 2 48 8 1 13 21 13 10 7 14 3 23 21 1 5 21 0 3 20 19 45 4 24 61 1 0 0 14 6 8 40 2 0 3 7 3 5 30 1 5 3 16 41 17 16 26 12 15 0 3 3 6 11 8 8 8 49 10 25 5 21 2
14 13 7 2 5 2 1 16 30 3 0 6 21 29 4 1 2 6 1 38 69 1 7 28 11 9 15 5 19 3 9 1 14 9 1 18 3 7 21 5 53 2 83 26 22 23 22 3 9 20 18 0 12 22 30 12 12 10 2 4 9 6 20 5 1 3 24 8 24 20 14 0 5 12 8
-1 26 3 2 11 3 16 13 23 28 6 14 9 17 44 12 28 18 2 19 11 6 6 1 0 2 58 8 16 2 30 7 9 46 11 1 6 23 4 6 5 0 0 9 8 11 28 3 0 17 12 12 1 8 19 3 22 2 2 45 34 12 17 31 39 6 33 5 1 14 25 2 8 10 10
7 13 2 28 27 7 7 5 17 4 12 7 3 13 54 15 12 11 8 2 0 10 7 6 8 11 5 5 11 49 0 5 3 15 22 1 41 19 3 14 16 14 7 2 73 25 4 12 20 13 22 0 1 14 16 14 2 9 15 9 4 2 29 0 4 6 22 45 34 7 34 12 14 7 3
0 2 12 0 0 10 8 2 27 11 22 20 8 20 13 7 1 1 5 4 4 2 5 34 19 24 9 1 1 13 6 5 25 7 3 2 13 14 4 8 17 14 18 37 60 6 4 93 35 6 11 13 11 7 14 0 3 1 13 1 6 72 1 26 0 17 0 5 9 69 5 11 16 14 13
1 4 14 0 9 4 49 3 12 6 6 1 50 8 5 3 12 15 12 8 6 2 2 0 19 2 13 10 17 12 0 2 4 13 20 0 0 9 5 55 44 2 10 15 6 27 62 21 6 2 5 0 6 0 0 91 11 3 13 20 5 30 3 23 14 38 14 4 4 26 16 5 8 17 36
16 26 12 6 8 6 22 6 6 8 2 10 1 2 2 0 5 7 48 15 38 29 7 6 24 21 13 0 19 9 18 16 31 24 17 19 18 12 8 10 1 38 34 1 12 24 21 0 5 9 8 2 2 3 28 0 38 19 10 37 8 9 2 8 18 17 11 0 45 3 12 8 3 14 3
6 2 3 4 24 69 13 36 48 10 13 3 27 44 10 5 1 7 3 19 17 12 0 14 28 4 15 15 4 1 0 10 0 0 14 3 28 18 14 53 17 8 20 41 6 4 6 4 3 24 10 19 11 7 12 9 3 8 3 20 5 10 22 8 7 2 0 0 17 6 8 5 2 61 15
2 35 5 4 8 31 33 3 31 3 15 3 2 5 6 74 44 16 1 3 3 2 12 3 12 11 22 6 0 56 19 64 19 20 8 3 4 8 7 0 7 1 3 26 0 5 6 6 0 6 14 9 4 19 11 13 56 37 12 2 11 8 31 7 16 11 5 5 22 4 11 3 5 14 7
22 43 34 3 0 3 47 59 22 8 3 8 28 12 1 3 12 4 29 3 19 4 17 19 4 8 1 4 0 0 15 2 15 11 12 40 13 19 12 3 6 7 5 3 3 0 4 60 4 8 29 27 5 14 11 6 8 23 20 4 21 0 5 48 14 0 6 32 4 17 1 8 14 17 4
35 15 11 11 19 23 0 2 6 14 10 15 4 2 3 9 2 17 34 34 31 4 5 28 7 14 8 3 21 3 3 2 10 4 20 13 5 9 8 8 1 13 14 61 101 32 8 8 9 11 7 7 15 5 1 21 4 23 5 17 24 20 7 4 8 3 14 6 0 1 20 8 20 24 6
61 32 4 19 27 4 15 19 1 6 51 9 18 7 0 2 3 11 5 7 4 19 3 19 13 25 14 22 21 0 22 0 26 31 2 7 19 3 2 2 15 0 11 10 2 7 1 57 8 4 7 1 7 45 17 67 3 1 6 10 3 5 1 44 7 4 5 1 2 24 12 0 0 8 50
14 3 0 14 18 4 7 0 9 6 33 1 10 20 19 32 0 3 2 4 0 1 19 3 7 5 4 58 24 9 10 2 1 13 4 1 3 3 28 34 15 10 9 18 3 8 1 21 3 5 28 4 8 14 52 73 4 28 2 3 3 41 5 26 36 26 15 25 4 8 1 22 4 16 31
11 3 20 5 4 56 12 7 19 42 1 18 2 6 5 6 46 28 10 12 17 6 0 6 2 3 34 3 10 26 1 1 6 3 1 14 38 4 1 1 2 11 10 5 1 6 5 34 12 7 25 7 48 2 11 1 19 30 11 12 17 26 14 37 10 4 20 41 3 47 11 0 14 1 6
6 13 0 4 8 1 28 36 9 1 11 10 32 12 0 4 6 14 6 0 1 11 16 2 18 14 31 12 4 4 5 33 9 18 9 1 19 6 24 1 6 41 4 16 4 17 24 10 17 0 21 39 1 2 67 3 8 34 12 22 34 32 5 54 25 5 3 3 2 17 0 2 16 11 4
4 2 28 13 0 23 4 12 25 9 12 10 0 25 16 7 3 12 31 16 1 21 12 12 57 0 11 10 5 1 24 4 6 9 1 0 4 7 6 26 8 82 40 0 7 11 11 37 11 1 10 8 6 15 17 3 37 14 22 3 11 10 19 19 4 19 34 7 16 1 29 1 0 13 5
21 38 6 22 0 16 3 21 28 3 6 8 0 31 23 13 16 23 5 16 11 9 3 7 4 33 6 18 32 2 23 1 3 8 19 24 30 8 23 20 11 3 7 1 5 23 9 0 0 3 3 9 3 4 88 13 44 3 2 18 5 2 10 6 2 0 11 7 26 9 28 11 9 10 32
1 17 4 12 86 3 4 16 18 3 25 2 7 3 29 22 1 36 6 1 7 3 5 19 9 6 6 3 0 34 10 25 0 3 40 28 2 38 42 0 35 17 2 2 1 32 14 58 5 4 10 11 11 10 6 0 26 1 2 10 22 0 23 14 18 4 21 10 4 3 17 7 5 4 15
4 0 17 1 25 13 64 3 33 10 7 21 0 13 34 17 47 6 2 1 28 1 13 20 48 3 0 4 25 4 9 0 9 2 5 10 6 4 17 21 27 13 0 18 3 1 23 2 6 23 11 28 17 13 5 11 1 46 11 24 18 20 1 12 2 24 28 6 0 2 13 12 2 5 25
4 1 1 2 20 1 16 11 1 11 8 1 25 0 15 90 28 6 4 14 0 32 38 12 72 14 8 4 4 6 14 26 50 18 27 0 6 2 29 2 1 2 5 1 23 3 20 45 30 0 3 6 18 22 40 2 0 8 4 16 28 1 0 5 1 2 10 30 17 7 0 22 0 4 1
3 5 17 31 20 6 5 2 16 7 14 18 0 14 0 16 18 2 30 4 35 29 25 0 18 6 7 2 3 8 41 6 7 35 8 11 14 18 2 0 0 11 36 25 1 4 6 38 0 5 7 44 29 7 9 24 32 44 8 6 6 22 5 18 15 18 6 34 2 7 4 1 10 6 7
