25 75
5 25 17 12 6 2 4 5 0 1 9 13 9 11 0 32 2 16 5 5 8 9 29 7 1 11 3 15 19 34 7 53 8 16 10 21 6 15 5 3 3 10 7 10 13 26 25 1 19 38 3 4 0 30 0 6 9 50 42 20 31 6 31 1 51 14 1 9 9 2 29 16 20 4 1
1 21 14 8 52 22 7 48 15 0 13 2 2 0 2 7 19 8 7 63 2 15 22 3 25 26 39 20 20 3 14 10 13 13 4 1 19 28 4 6 37 18 6 8 32 1 5 9 0 17 27 52 6 2 26 1 10 1 4 29 4 12 7 7 2 2 0 5 0 16 24 10 16 4 2
20 8 0 3 4 27 1 10 9 4 34 2 10 21 16 41 7 7 18 4 14 0 1 9 12 6 10 7 29 1 0 6 57 17 63 12 13 8 10 3 14 20 0 30 18 3 22 6 8 7 10 7 0 4 65 12 47 13 34 1 6 13 4 0 5 25 26 0 12 8 13 1 19 3 20
-1 7 12 9 1 23 34 28 16 5 10 19 0 13 6 44 18 28 4 9 45 6 2 2 54 6 1 24 18 8 16 1 29 12 3 6 12 12 1 19 10 17 6 19 11 0 0 4 0 21 7 1 11 4 2 8 4 31 42 0 16 55 33 2 10 34 4 2 5 8 6 27 11 15 12
15 20 0 31 44 5 8 13 7 3 21 2 14 6 11 5 18 1 6 13 18 41 7 10 22 18 3 21 50 6 1 0 3 1 19 23 10 6 3 5 24 6 1 0 2 4 29 7 2 0 3 10 55 7 52 6 31 8 6 27 2 30 26 48 23 8 9 1 4 9 4 15 8 9 14
6 3 6 5 11 6 2 2 1 11 8 7 4 10 9 4 24 14 0 7 8 8 28 18 11 41 5 23 8 2 5 17 64 17 8 17 11 10 61 9 10 9 72 4 27 11 5 13 15 18 9 3 12 24 14 0 3 35 4 26 21 6 20 1 11 40 12 4 0 1 16 11 7 7 18
2 22 3 0 0 44 15 0 2 7 21 6 7 6 5 0 2 5 4 4 6 2 5 48 3 10 16 22 7 41 31 5 6 14 0 29 3 3 48 7 23 0 30 1 1 5 12 8 8 8 14 7 43 6 93 26 12 4 0 11 4 18 16 15 21 4 35 22 21 9 30 0 20 7 5
26 20 25 11 4 6 6 0 51 9 1 9 5 15 11 28 8 8 36 16 27 5 0 4 8 7 33 89 1 5 10 4 13 12 12 26 2 18 4 1 7 5 14 11 21 4 1 8 7 18 17 0 1 9 23 9 6 5 23 1 13 12 39 1 8 22 28 11 8 15 24 7 5 38 3
5 0 3 10 0 7 7 20 20 24 17 22 42 17 9 4 21 52 1 19 25 38 1 9 37 11 40 8 3 8 18 63 0 9 2 13 2 25 7 10 3 50 9 1 12 31 1 2 6 0 1 11 13 1 7 15 6 2 7 9 14 22 0 6 8 4 7 6 16 9 44 22 12 2 12
12 4 6 20 13 27 18 8 1 13 24 40 9 6 14 9 6 10 5 9 21 6 15 14 22 17 1 28 6 9 4 5 27 40 11 17 27 5 0 41 5 6 6 3 9 1 3 55 6 46 2 35 5 1 15 0 15 0 29 8 1 0 16 26 31 41 1 1 1 26 1 15 7 3 10
16 12 0 5 57 1 35 3 10 1 9 7 5 9 16 6 3 2 12 13 20 5 67 19 14 2 11 32 11 20 1 38 11 3 11 10 1 8 5 13 1 2 16 6 4 1 4 13 21 4 8 3 1 3 70 43 20 13 23 18 12 0 9 20 13 0 38 20 5 15 5 9 34 13 9
27 19 31 26 6 22 6 46 11 18 23 18 8 49 20 11 15 2 5 9 8 27 16 2 23 10 14 1 4 13 11 0 11 1 2 4 5 8 16 6 1 4 57 3 34 9 1 8 2 3 6 10 11 3 33 2 48 12 47 1 7 9 9 24 5 7 15 24 4 28 0 8 0 9 2
21 1 9 36 10 15 23 0 4 40 30 2 5 15 33 7 3 12 17 7 3 8 36 15 1 13 22 19 5 7 9 51 4 0 1 17 20 8 11 4 10 4 9 9 5 5 49 4 4 12 8 1 12 8 6 3 9 4 9 60 18 28 4 3 30 3 3 16 3 50 15 11 4 23 14
2 11 5 60 15 12 30 4 39 10 20 26 0 5 1 11 17 12 14 17 8 35 0 9 16 10 17 22 17 25 1 12 26 55 1 32 18 7 26 28 8 8 24 1 14 17 21 3 14 8 21 3 1 5 15 8 14 6 14 6 6 2 3 1 22 6 3 4 10 2 26 3 7 5 13
36 9 11 12 7 19 0 1 19 39 17 0 12 1 1 10 46 0 3 2 63 46 22 0 9 3 3 17 3 22 6 20 3 8 11 46 16 1 12 20 19 9 62 4 3 6 29 10 17 2 0 12 8 4 22 7 1 24 4 10 11 5 0 1 62 0 1 25 14 10 0 7 5 5 25
4 22 1 6 23 0 8 18 9 15 7 26 25 1 8 1 0 2 3 11 1 29 16 17 4 22 6 7 18 15 1 22 23 42 18 12 39 1 14 3 9 9 26 39 6 45 1 4 15 15 13 16 10 3 4 2 16 24 6 6 6 30 51 3 10 11 2 4 0 27 2 49 6 28 2
2 2 30 1 7 21 6 1 21 4 18 5 50 2 27 1 0 1 0 1 24 10 2 18 0 4 37 12 69 26 9 34 28 28 3 0 6 27 28 2 3 26 10 13 20 1 2 6 8 3 10 0 8 2 5 31 12 12 3 19 3 23 28 8 28 13 11 4 7 19 2 26 26 18 23
16 5 15 3 2 4 3 3 3 10 15 5 15 45 7 20 3 5 14 21 55 13 26 0 0 25 1 10 6 22 14 2 2 17 29 18 1 16 8 24 85 1 0 11 26 16 33 2 6 5 7 4 3 8 31 15 50 4 7 8 14 0 7 16 15 19 22 3 2 30 1 14 2 4 26
0 13 64 10 13 56 39 9 5 53 11 2 5 19 8 5 10 19 30 11 10 2 2 11 1 22 12 23 3 23 19 13 5 5 11 22 1 7 4 4 21 1 37 19 19 7 2 1 13 6 35 5 7 16 5 3 12 10 20 11 5 7 15 6 13 0 8 2 3 10 40 2 1 24 32
14 12 21 9 3 15 18 19 12 17 4 11 16 35 10 30 6 32 0 24 5 22 10 1 3 20 30 9 55 0 0 5 8 29 3 1 18 8 1 11 0 6 6 17 27 8 5 10 9 0 1 34 8 4 45 5 23 2 1 1 18 1 35 12 12 22 9 52 0 12 2 8 15 27 16
17 19 0 25 6 3 5 13 21 0 15 3 14 4 36 4 9 25 20 19 5 56 18 33 36 11 2 28 9 12 2 1 25 18 23 6 6 0 25 5 8 8 8 56 8 3 14 13 4 21 0 4 2 16 31 1 3 15 17 11 2 10 8 28 35 8 4 10 1 11 3 35 10 10 3
20 4 11 21 6 12 3 3 0 0 11 44 3 9 5 3 4 10 13 17 0 18 1 1 7 3 14 4 32 26 52 34 15 13 9 1 0 27 84 7 0 2 21 16 9 3 7 13 2 10 13 16 13 4 28 48 7 6 7 3 37 2 8 4 31 0 9 8 8 10 43 5 17 12 31
29 27 30 3 0 3 17 7 8 2 3 13 8 2 5 36 15 9 20 11 5 7 14 9 14 36 7 9 1 2 0 23 15 13 5 26 5 21 3 3 9 15 5 1 20 3 42 14 18 1 7 0 5 2 31 24 5 15 45 19 17 34 19 4 3 7 40 1 2 8 28 21 23 4 42
22 3 7 0 14 11 8 8 20 40 12 5 9 6 3 15 3 0 10 7 18 6 4 9 23 15 1 11 4 0 27 21 4 4 6 8 9 1 23 18 9 37 12 20 1 33 6 33 9 3 9 2 18 20 11 19 20 65 19 9 24 6 63 1 5 5 7 8 14 4 11 0 52 19 11
0 18 0 6 0 21 19 38 2 26 0 0 24 3 2 10 9 10 62 26 16 4 17 8 4 11 22 18 1 0 7 1 3 16 0 3 78 3 8 2 30 3 5 26 49 7 18 6 6 4 25 39 2 5 5 10 0 5 7 32 3 9 7 1 11 66 29 6 13 22 4 17 16 1 13
