25 75
10 28 26 6 11 5 13 10 36 8 0 4 13 30 0 22 17 3 3 1 5 2 14 27 1 22 17 2 11 3 7 8 3 6 0 48 6 23 13 7 4 3 1 8 14 4 8 64 12 6 1 37 17 37 4 9 12 3 9 21 8 1 21 52 12 7 1 19 9 41 3 3 68 8 2
1 21 65 26 5 10 0 2 12 0 5 8 8 18 0 4 2 10 4 12 27 11 16 3 27 15 33 17 5 20 11 16 12 17 15 4 18 13 13 3 34 8 65 14 19 10 14 2 39 8 2 14 2 8 6 6 10 2 25 9 5 8 0 5 45 19 20 19 3 9 5 42 5 3 6
11 0 51 41 13 8 6 16 7 0 3 56 7 38 6 20 6 32 2 3 27 5 15 10 23 6 0 5 5 11 31 8 2 27 28 13 14 2 21 16 14 3 10 36 5 34 3 0 25 31 17 23 6 22 11 1 16 0 14 4 2 8 17 0 8 14 13 10 12 1 18 13 0 8 6
16 3 44 13 34 4 13 7 15 35 2 56 6 11 19 11 36 12 2 0 34 4 31 34 2 14 22 15 34 6 1 11 24 30 2 1 1 12 6 0 19 11 4 4 3 43 2 3 8 11 11 3 13 2 2 0 1 30 5 0 18 25 13 5 1 25 5 3 3 12 10 30 28 12 12
24 10 2 16 6 5 11 24 4 11 57 2 13 8 9 10 3 14 26 5 5 2 8 6 49 11 2 2 3 5 3 2 6 2 14 50 35 12 4 17 14 21 10 1 11 21 32 37 58 48 6 47 18 3 20 1 11 8 6 20 0 15 0 0 11 0 1 12 10 27 0 4 0 6 23
18 6 9 3 41 9 0 14 10 11 5 24 2 7 39 2 16 30 0 3 22 10 25 16 8 24 8 3 0 0 5 3 41 85 29 8 4 20 1 4 42 2 1 8 8 11 34 7 0 0 5 37 0 14 16 25 9 22 2 7 7 26 9 29 27 5 9 7 11 3 0 13 11 21 7
3 22 4 2 10 4 17 5 36 21 15 24 14 27 22 5 1 3 27 6 18 10 8 0 8 7 25 7 11 5 27 18 10 0 1 33 12 2 3 24 14 43 21 8 0 5 19 1 8 14 4 21 0 32 4 28 1 9 5 21 3 0 38 28 9 5 3 22 22 26 21 28 6 21 13
5 3 0 15 2 3 13 15 8 0 13 5 14 9 8 22 8 67 39 18 9 3 17 14 5 4 10 1 28 30 9 3 1 25 7 84 3 14 26 3 7 10 4 39 25 8 5 2 6 27 1 3 43 13 19 2 2 10 2 7 56 1 16 5 0 11 14 3 3 18 12 15 0 21 27
27 21 4 12 5 13 55 49 14 1 1 15 19 2 19 17 39 13 2 25 15 20 20 0 14 1 6 15 1 69 12 0 7 12 11 17 4 6 34 23 10 0 8 4 11 0 8 16 42 15 7 6 8 7 0 3 0 1 14 4 17 0 2 9 13 37 18 20 19 4 9 6 8 22 12
9 6 6 26 56 12 8 4 1 8 14 6 4 8 8 0 7 3 38 3 16 10 10 35 23 42 29 41 4 5 15 24 6 5 11 1 1 2 1 15 13 15 7 5 0 12 12 14 24 33 7 0 2 5 13 14 18 23 15 28 12 18 2 1 14 21 8 0 31 22 9 26 7 42 4
-1 34 16 10 4 0 17 1 6 18 15 1 15 1 2 9 30 16 3 7 0 21 4 16 26 5 15 1 2 2 12 27 19 16 36 22 1 44 5 17 2 14 9 46 10 21 35 26 10 37 9 5 12 3 6 2 22 3 22 3 8 11 17 15 18 11 5 7 12 28 22 6 14 23 11
7 22 23 2 34 2 4 21 2 44 28 19 3 56 2 25 19 2 12 16 7 41 11 18 16 5 2 0 4 19 19 5 10 2 49 22 7 14 2 12 16 1 3 0 4 18 21 7 32 15 3 20 20 4 2 3 5 3 14 26 0 18 13 28 2 18 9 18 23 6 20 1 4 9 6
21 43 6 17 26 51 4 3 5 20 9 5 2 25 49 5 21 2 2 21 4 22 17 6 19 20 9 7 2 18 33 2 1 0 3 21 16 9 34 22 5 3 18 2 2 3 14 19 2 3 24 4 10 1 2 13 12 13 9 2 2 35 3 13 13 4 32 1 9 22 27 3 28 3 42
10 20 9 24 14 20 32 0 3 10 7 17 20 5 1 9 23 2 14 6 15 3 5 10 9 7 15 96 21 4 11 0 32 12 24 10 20 3 6 0 30 12 0 4 35 10 0 53 4 7 0 11 15 19 16 3 1 3 4 8 35 4 20 4 2 0 39 38 9 2 9 9 5 29 11
-1 13 1 24 2 1 2 27 16 5 8 11 8 8 19 0 10 16 10 2 1 3 0 20 19 4 3 5 6 7 7 6 48 21 14 20 14 39 5 13 0 43 18 0 6 11 9 24 46 8 1 45 7 12 1 41 8 1 24 2 0 21 5 32 7 20 6 8 8 1 67 17 10 15 39
40 10 2 11 3 24 37 8 18 8 12 7 3 7 0 4 18 14 14 10 0 0 6 4 6 19 31 18 45 13 9 32 17 27 50 19 5 67 21 10 2 4 22 10 10 5 4 0 2 15 3 13 13 6 21 20 26 1 18 4 25 18 8 16 20 10 7 0 6 3 29 1 1 5 3
10 6 11 3 23 7 2 2 24 16 0 0 52 19 28 34 13 4 11 12 1 11 8 15 7 10 2 28 45 12 4 20 14 0 5 1 4 31 13 8 14 59 16 14 3 1 4 3 46 1 13 4 19 9 19 33 2 5 36 18 8 0 7 12 5 15 15 5 9 29 15 2 11 0 32
1 12 5 3 2 10 26 7 36 23 1 4 9 14 0 10 0 5 20 2 1 6 14 1 20 25 20 7 0 0 8 37 6 6 46 8 7 32 31 30 12 6 26 16 34 22 12 4 6 1 25 29 12 3 27 0 9 12 19 2 29 17 31 5 15 15 19 22 1 1 8 6 18 28 13
4 17 2 2 9 10 5 15 5 11 5 13 10 16 1 3 15 9 15 4 6 20 5 29 15 19 7 1 63 12 6 8 26 3 4 23 27 1 46 8 10 24 18 15 5 23 3 4 22 7 2 45 33 0 6 4 15 12 14 13 3 47 3 30 1 27 19 2 13 37 10 2 7 5 19
15 8 29 27 32 7 9 0 10 20 10 16 19 6 0 53 1 16 31 8 18 11 4 2 2 52 4 3 2 5 0 4 2 53 17 2 11 22 8 26 0 17 3 17 10 0 12 8 7 27 2 7 6 0 0 7 29 10 4 13 30 15 3 0 22 3 21 22 2 2 42 6 68 12 8
44 8 67 5 52 4 9 30 44 0 3 7 17 4 7 0 0 6 5 20 2 9 9 1 8 0 5 37 22 16 6 25 11 7 28 21 0 6 15 8 1 10 10 7 13 32 3 7 30 1 0 12 19 3 10 30 28 2 6 12 2 7 13 27 45 5 8 13 13 6 5 9 3 31 9
3 1 0 12 20 66 5 15 0 7 14 13 59 1 6 35 4 9 4 0 5 2 12 8 13 13 56 12 28 2 10 11 3 22 27 23 47 20 7 19 15 8 1 0 7 12 15 34 8 3 16 20 38 5 1 10 8 25 4 6 7 6 11 2 11 0 5 3 34 0 1 11 14 13 32
15 5 10 6 4 0 1 67 15 5 10 19 17 23 5 0 21 10 14 24 9 20 8 19 41 40 5 29 12 2 20 0 5 2 9 6 2 1 14 7 12 6 6 1 4 30 29 0 22 3 16 9 4 15 30 5 44 6 13 0 6 5 10 6 46 12 5 6 22 11 29 43 12 8 2
5 10 2 7 3 23 0 4 7 2 88 11 2 18 4 5 14 2 0 6 0 3 37 1 16 18 4 4 27 9 41 41 13 0 5 27 6 3 6 17 31 11 8 7 6 24 9 1 5 33 5 3 27 1 5 7 8 28 10 8 5 7 42 28 4 23 30 5 25 18 10 1 55 6 13
3 10 7 31 3 9 27 6 4 15 12 3 3 3 12 43 4 16 1 6 9 2 21 0 4 22 20 29 2 18 1 19 8 41 20 13 9 26 8 10 2 1 10 16 30 0 4 1 5 17 13 1 12 2 37 36 6 3 30 11 1 17 50 17 21 14 4 13 37 38 3 1 17 3 27
