25 75
0 30 37 0 2 4 10 10 4 4 4 31 29 3 13 1 7 21 10 17 17 0 9 23 21 7 27 6 5 4 22 3 3 10 15 2 10 22 1 10 3 9 11 7 20 3 3 26 7 18 32 7 61 28 2 58 3 5 21 14 8 5 8 4 11 29 9 73 22 26 0 6 0 0 7
23 2 21 3 17 15 17 1 3 3 1 35 10 9 15 36 1 22 51 8 29 27 4 8 2 1 13 2 6 35 63 1 14 8 14 5 19 6 4 27 5 4 3 3 18 1 12 9 4 19 1 23 20 24 30 33 4 6 0 24 40 6 1 15 0 9 16 8 4 16 29 6 7 17 2
9 3 18 12 4 70 10 27 8 23 3 10 10 4 42 3 28 9 1 4 11 16 2 6 15 24 10 2 25 3 7 10 0 20 0 7 20 0 69 2 54 3 1 10 4 7 18 38 3 7 31 14 23 6 6 2 23 0 5 16 9 5 17 9 5 5 2 5 11 2 9 6 4 15 78
7 45 10 0 0 13 0 20 13 14 1 6 82 10 51 3 21 1 3 1 0 44 29 53 20 2 1 25 21 3 1 6 19 34 5 4 8 7 8 20 14 9 2 2 44 11 5 0 3 0 7 6 2 6 3 15 36 0 1 86 2 3 3 34 7 7 7 11 3 1 8 7 12 27 5
0 12 9 8 4 18 12 57 19 14 10 13 5 7 35 16 13 2 4 7 21 2 43 13 32 47 6 8 2 2 5 5 4 8 31 1 4 0 10 7 25 9 7 7 0 6 9 23 5 1 2 4 22 10 47 7 29 16 20 7 9 49 13 2 18 18 6 3 7 22 3 7 34 36 1
44 3 4 13 1 3 4 7 36 22 13 15 33 9 8 4 9 30 3 6 2 54 2 9 22 4 0 1 40 18 19 1 11 1 1 16 6 7 4 25 7 17 12 22 15 52 31 1 6 17 6 3 7 25 7 6 3 28 6 9 1 10 7 19 1 20 33 11 6 2 17 17 16 48 2
1 25 7 0 4 42 1 7 8 21 33 1 8 11 12 11 0 9 18 21 8 22 10 10 14 19 27 7 27 18 0 29 10 7 10 11 2 2 4 51 1 2 2 27 37 8 53 4 22 4 23 5 49 10 3 7 8 4 6 6 25 14 16 4 45 13 15 11 1 9 2 19 3 0 14
16 8 12 0 10 3 2 5 2 9 3 8 5 3 0 5 10 8 9 2 16 7 30 7 2 8 3 23 10 3 21 4 16 10 10 52 42 16 19 38 4 32 1 2 0 3 18 7 7 39 41 7 13 14 1 11 23 1 20 22 9 33 8 39 32 2 35 24 5 6 6 36 20 15 7
38 12 37 1 13 10 4 5 6 6 82 26 6 3 9 4 17 29 8 1 30 1 3 54 5 4 13 0 24 16 11 4 0 27 0 14 7 13 8 4 10 17 3 3 1 7 13 14 6 1 15 33 30 23 13 3 30 12 10 37 2 4 37 34 15 0 5 6 7 3 15 1 14 15 6
34 2 36 10 8 13 1 21 3 7 5 12 17 3 1 10 41 18 31 27 4 20 2 5 14 3 0 19 11 38 10 46 3 3 15 4 0 5 5 41 2 10 12 22 21 19 33 1 13 18 2 9 2 5 43 6 6 31 23 17 14 5 3 6 6 22 4 48 3 15 7 0 3 19 2
2 12 17 21 1 4 65 4 18 20 26 4 2 10 3 5 44 0 24 0 13 3 1 31 0 9 2 14 14 16 2 44 3 74 1 0 1 1 16 13 2 7 8 16 4 29 9 28 18 3 3 19 4 19 17 7 7 16 1 12 0 11 22 21 4 2 14 17 9 5 7 2 11 37 69
5 10 24 3 9 15 5 10 31 10 9 5 3 23 12 7 8 8 12 12 9 14 7 30 10 8 4 10 63 6 11 3 0 1 16 24 11 7 16 8 22 66 9 17 11 34 29 22 15 5 12 18 14 5 9 13 40 1 1 21 30 4 27 9 12 6 2 4 25 0 11 7 7 11 2
6 17 13 5 53 10 5 5 25 2 9 22 6 9 10 37 3 5 6 0 0 9 0 17 35 6 6 8 51 3 2 17 12 0 1 19 15 11 23 1 39 29 9 5 1 0 0 15 4 30 15 4 25 2 7 19 4 2 31 47 7 10 4 0 23 31 24 9 3 34 14 30 11 20 8
3 39 16 6 4 3 0 1 18 8 4 24 0 43 21 0 17 14 12 2 15 3 4 1 16 45 3 75 13 39 40 0 33 13 11 6 11 3 9 4 10 3 10 2 20 7 2 10 0 14 5 16 18 18 35 4 18 9 46 15 14 10 2 28 6 5 14 0 5 22 1 16 0 24 12
7 22 17 21 6 13 26 0 1 4 63 35 11 4 8 1 5 19 10 6 23 14 2 18 0 23 0 9 11 17 24 1 3 17 10 25 15 24 2 4 1 7 12 0 37 14 1 13 11 31 14 18 61 4 10 14 18 12 3 5 0 15 39 0 37 38 4 3 0 5 2 14 7 13 16
3 1 7 2 110 37 16 6 3 16 25 26 0 1 13 0 4 7 17 35 7 1 16 3 19 9 3 13 59 5 3 4 46 2 5 21 1 5 7 16 2 2 16 0 4 10 8 19 12 14 6 23 28 1 10 24 23 0 6 10 2 11 0 33 11 1 13 7 43 40 5 15 4 13 10
14 17 64 1 7 78 10 19 2 9 8 10 15 4 1 21 0 33 14 10 0 36 0 1 6 4 2 11 12 13 66 1 13 6 6 4 2 18 25 5 21 1 16 0 27 1 13 2 29 27 21 8 25 2 0 28 16 34 7 17 0 17 38 9 5 2 0 5 2 8 0 1 5 0 45
0 4 20 29 7 11 8 20 33 2 7 1 3 8 0 15 7 21 8 7 43 32 20 5 19 20 14 4 20 1 29 1 29 18 5 6 3 9 23 17 18 4 16 18 10 18 33 0 6 7 14 1 20 7 19 0 33 27 2 23 11 1 10 4 19 24 16 4 7 5 19 13 48 8 6
0 2 5 5 0 8 3 14 14 11 7 4 6 13 13 1 12 18 16 4 9 27 14 5 3 4 4 14 11 8 22 47 12 31 10 36 5 59 8 4 10 0 1 27 25 15 11 1 24 0 22 2 12 7 28 44 0 7 11 44 20 44 1 13 6 12 20 15 2 7 3 11 7 43 16
8 2 4 22 7 3 7 25 5 5 7 1 10 3 34 13 49 4 3 10 7 4 20 12 51 2 2 30 20 0 1 4 9 5 0 0 1 7 21 0 1 36 10 2 15 3 2 2 41 7 3 14 6 29 12 16 9 8 50 6 2 10 13 15 59 12 59 9 8 21 3 1 32 24 42
6 14 12 4 3 5 4 5 8 47 0 10 11 30 11 4 3 30 6 5 0 25 0 21 5 5 13 14 0 4 1 11 9 5 4 20 0 28 11 4 5 0 25 87 10 21 7 14 18 15 2 25 11 44 8 18 29 4 9 24 33 10 1 14 11 15 18 68 2 4 0 8 24 15 3
42 24 5 37 5 22 19 16 2 43 0 4 8 0 59 33 1 0 4 9 50 10 9 0 1 8 23 16 13 37 5 5 5 1 8 30 14 23 33 7 17 7 6 34 9 2 6 15 4 4 3 14 16 14 1 14 12 9 4 7 37 2 22 11 10 1 21 8 2 2 10 17 3 19 6
5 4 6 4 47 15 2 7 9 7 11 7 1 22 17 3 25 5 3 6 15 1 14 3 21 15 48 13 10 3 11 14 0 12 4 19 0 31 0 4 7 7 13 21 5 13 11 4 0 16 6 0 32 7 34 32 9 35 25 7 22 4 9 6 33 30 9 3 16 38 40 16 22 0 24
12 28 5 7 3 15 9 1 1 34 8 35 9 64 0 7 10 3 1 53 7 7 18 18 22 9 5 58 3 20 26 4 33 21 5 3 13 0 38 18 8 3 5 10 0 0 1 11 3 11 13 14 22 4 20 8 11 8 16 3 17 17 6 7 43 1 1 10 30 0 6 16 19 18 5
7 6 0 6 33 2 12 36 1 18 1 4 19 19 5 1 63 15 33 24 16 10 15 6 31 3 8 27 10 1 2 15 36 8 12 8 0 1 21 17 26 16 38 4 4 6 17 7 11 12 35 16 0 14 38 29 33 33 0 5 20 0 20 3 1 1 9 6 11 14 0 3 1 3 12
