25 75
1 9 2 4 4 5 3 2 18 20 4 14 8 28 18 4 1 13 5 34 0 8 1 2 6 15 3 6 8 8 25 54 18 26 13 6 5 9 3 14 12 16 76 16 0 36 16 3 8 9 9 21 3 0 13 32 33 0 5 12 7 47 16 40 2 20 21 27 15 3 8 33 8 3 3
11 13 10 10 3 4 13 25 9 33 13 19 3 16 12 4 49 19 5 4 1 17 12 68 9 11 25 0 31 5 4 4 31 2 12 7 6 5 9 25 12 1 8 9 0 24 0 0 16 14 19 3 2 13 17 10 46 30 2 4 2 4 14 18 13 2 0 29 5 7 3 8 8 47 51
15 2 7 29 16 28 5 8 9 6 20 9 2 5 10 17 17 3 12 1 27 5 43 6 1 26 19 10 1 1 2 3 53 0 20 28 6 7 6 0 9 1 0 6 23 9 61 5 2 20 10 23 25 1 12 5 9 3 71 29 22 16 3 0 5 31 8 9 0 4 5 27 40 16 5
20 3 0 16 12 5 6 27 14 9 4 0 6 10 17 0 17 36 0 4 37 4 11 41 13 0 9 43 21 24 18 62 31 34 23 7 11 1 3 11 11 0 22 17 5 0 3 9 8 6 4 19 19 14 25 4 16 18 43 0 4 9 0 5 5 1 15 6 75 10 0 1 0 14 2
0 1 14 0 5 2 7 15 21 3 46 10 32 50 8 11 10 19 16 19 13 21 14 11 4 10 8 0 2 1 6 3 7 1 35 13 13 5 0 2 1 15 6 15 0 17 8 7 3 3 14 26 14 2 22 29 6 22 16 24 43 4 1 6 14 9 12 56 48 18 27 0 12 29 13
28 1 17 6 19 19 6 0 1 40 6 10 20 28 12 12 26 9 0 0 71 2 7 21 4 3 0 4 16 12 20 22 13 3 16 4 1 3 6 13 22 7 20 37 0 1 1 36 1 50 22 9 16 36 3 3 21 23 7 4 5 8 21 7 10 51 6 2 7 1 3 40 9 6 4
15 7 4 20 3 24 3 10 3 12 1 18 4 31 8 16 40 6 18 18 7 37 26 1 10 9 24 23 35 1 10 4 8 2 4 7 28 12 14 33 0 5 5 17 9 7 23 1 6 2 2 3 0 22 5 0 10 19 47 0 45 13 15 6 5 5 5 6 38 9 88 3 11 11 1
1 12 0 0 13 12 32 17 26 0 12 9 21 16 30 6 3 17 39 5 16 5 2 1 11 11 0 33 4 19 1 5 6 12 26 15 5 21 2 4 13 0 3 5 5 4 41 0 0 7 35 17 38 32 15 11 17 1 2 3 28 24 1 17 2 4 11 47 11 0 23 0 78 12 23
26 9 12 4 14 14 9 0 44 4 22 9 19 2 8 11 13 0 4 5 1 24 9 30 42 1 1 21 5 52 14 7 13 6 21 0 27 0 32 14 19 3 45 2 7 10 6 13 9 10 1 13 6 3 39 14 2 10 20 4 5 14 22 35 3 5 13 9 8 0 53 8 20 17 3
14 3 16 14 63 9 8 11 10 20 1 1 72 47 1 7 24 19 8 0 13 3 3 11 1 18 19 11 5 8 6 1 14 2 18 8 45 9 0 10 6 2 25 13 2 24 0 11 2 5 1 5 9 33 1 30 0 19 0 34 18 18 1 4 1 0 25 19 0 20 8 47 23 5 36
15 19 26 22 22 12 1 16 20 16 7 4 2 33 11 2 0 13 5 3 5 0 21 8 14 2 12 7 26 0 8 5 5 1 2 28 13 11 50 17 10 46 41 48 33 2 60 0 0 1 40 2 0 21 18 18 5 1 7 2 3 2 16 0 13 2 14 6 0 4 29 37 11 2 22
1 11 3 25 32 10 34 5 3 22 22 18 4 4 43 12 26 2 26 19 8 17 1 2 3 2 27 43 35 1 2 14 18 1 0 14 33 13 12 7 11 1 1 26 4 1 29 2 8 13 1 10 21 10 20 11 9 8 23 7 6 26 16 3 29 0 37 6 38 8 8 13 18 0 1
0 1 18 12 43 14 5 13 1 1 7 1 15 17 7 48 9 0 10 14 12 2 22 10 22 16 0 23 4 2 14 47 14 18 5 7 9 4 13 7 10 27 9 26 10 34 0 6 12 9 12 23 11 10 15 9 1 27 38 18 3 2 7 14 26 12 2 2 6 20 10 32 50 14 6
12 3 6 4 1 28 42 8 5 7 14 61 24 9 74 55 19 0 0 11 24 2 7 3 4 13 9 8 11 3 8 27 3 43 3 4 0 54 12 14 0 7 8 14 3 2 10 39 10 3 16 6 22 12 1 2 8 18 14 7 1 32 28 3 63 0 4 3 2 11 1 2 0 6 7
3 10 1 3 18 26 9 11 4 4 17 36 32 53 6 2 4 12 6 3 2 55 0 16 11 8 3 26 9 27 20 24 17 4 13 21 10 30 18 6 17 6 12 3 4 4 23 7 12 22 0 3 4 36 4 0 0 10 3 25 0 2 4 11 4 4 68 15 44 17 7 22 4 2 21
0 3 1 10 14 5 23 68 3 3 17 23 10 11 7 5 2 24 10 32 3 8 24 17 18 20 24 12 3 23 5 43 7 5 7 0 3 29 5 11 3 16 4 5 21 12 2 63 8 16 9 4 1 9 6 16 0 41 53 0 41 3 12 4 2 3 4 72 4 8 2 3 1 7 7
37 21 19 3 4 11 6 4 9 12 0 5 20 9 14 4 5 6 43 46 11 10 8 13 4 38 16 0 4 6 1 29 30 12 2 0 46 25 13 15 7 6 10 10 11 0 1 14 0 19 12 10 16 18 11 20 12 1 1 33 8 4 12 0 4 51 18 9 3 32 2 21 9 14 40
1 46 52 37 6 1 1 30 40 4 26 7 12 11 7 28 3 18 0 4 3 8 3 4 2 24 13 2 21 1 3 9 8 1 6 2 2 16 2 24 11 0 20 24 16 9 5 12 0 36 49 5 26 18 10 5 5 12 9 24 34 50 0 3 5 11 6 11 6 8 20 19 8 32 3
75 10 7 3 11 6 16 1 27 12 8 3 10 10 13 2 8 8 0 0 17 1 48 8 2 5 0 16 8 0 45 0 26 57 13 14 1 16 35 16 30 12 10 41 18 8 8 6 5 31 3 0 37 17 0 0 3 3 10 2 6 35 19 61 23 8 3 1 1 0 7 7 8 14 5
55 7 2 30 30 0 12 29 2 8 3 20 13 0 2 20 23 10 47 2 2 13 5 14 27 5 19 11 18 6 1 2 32 15 1 5 21 36 12 9 11 4 17 6 5 38 2 13 0 28 1 5 4 19 11 3 33 37 8 13 10 26 0 1 3 20 14 6 12 0 2 47 1 3 28
21 2 14 15 18 31 16 60 17 9 7 7 2 22 24 1 8 4 10 7 6 4 0 25 0 4 24 24 21 1 0 13 33 12 8 11 16 45 6 12 12 35 7 21 5 7 15 22 4 3 6 21 12 36 8 1 12 2 0 1 14 6 4 30 20 9 5 8 13 3 5 4 28 49 12
4 3 2 1 7 45 2 9 2 27 18 26 10 52 4 10 8 2 7 11 20 11 5 8 9 0 9 12 4 2 26 8 9 93 0 15 15 40 2 3 3 57 18 5 4 8 17 4 64 43 6 10 5 16 8 8 7 6 3 18 10 1 0 5 17 9 3 36 8 13 5 14 4 2 22
-1 4 3 60 30 0 2 7 12 1 18 52 14 5 0 15 14 4 4 1 7 3 6 15 6 17 6 14 5 10 3 13 41 7 18 0 9 23 19 1 11 11 10 12 3 0 29 6 11 1 12 7 20 22 8 10 1 17 51 1 27 10 4 6 13 0 10 12 21 5 50 6 11 57 57
23 12 2 84 24 41 7 25 0 6 0 8 1 50 4 3 20 1 34 6 9 58 11 13 1 2 2 17 2 0 10 2 0 17 12 2 27 9 11 16 9 6 33 16 3 18 3 9 6 20 18 10 48 1 17 3 3 37 13 20 30 6 22 2 2 1 3 5 28 5 1 2 17 3 8
20 11 2 16 43 3 17 3 9 53 4 5 1 55 12 18 11 0 15 4 42 13 5 9 6 34 3 25 28 36 4 23 5 11 2 2 0 24 2 2 10 4 9 5 35 4 34 2 2 8 1 4 12 18 0 3 2 8 3 11 8 9 53 6 4 27 24 12 40 30 2 4 10 11 7
