25 75
2 2 32 12 26 26 15 3 3 1 11 22 3 2 6 10 1 6 10 6 7 2 4 50 51 9 12 5 5 5 2 10 3 5 10 27 27 18 27 17 15 11 15 15 2 12 22 7 27 10 58 19 3 3 8 10 5 24 10 18 7 31 9 43 10 28 5 2 1 11 2 13 18 16 15
21 19 13 0 21 3 17 24 25 6 8 2 1 17 9 35 0 28 18 1 1 4 1 29 4 4 11 1 7 11 9 31 9 1 12 14 15 11 20 7 4 1 29 26 41 8 0 55 11 1 28 19 8 19 12 8 20 15 0 53 15 10 0 5 10 5 36 2 1 0 0 5 19 5 59
6 13 21 23 13 8 31 24 9 16 3 25 4 14 5 2 31 13 14 21 51 39 2 33 8 12 0 11 11 22 15 6 3 14 21 15 16 15 3 17 17 8 2 14 1 16 21 14 1 23 11 18 2 12 67 7 0 2 5 14 1 12 40 20 1 2 6 6 6 11 15 2 3 8 2
42 2 4 0 8 23 58 23 12 3 1 3 7 25 16 13 9 32 12 17 16 0 8 26 9 0 12 7 3 108 1 0 3 0 17 3 2 14 18 18 3 6 11 25 22 10 17 8 11 5 8 37 34 12 6 18 5 9 7 18 8 43 9 10 4 23 4 1 6 19 15 0 1 8 2
9 28 0 17 16 6 1 11 33 3 12 17 2 2 5 33 1 10 29 5 3 33 2 2 10 4 60 6 4 1 10 9 42 3 9 17 19 9 5 0 10 17 15 21 2 26 0 4 22 2 4 51 9 3 42 11 3 25 5 21 18 3 13 22 1 31 31 18 6 17 8 7 13 11 20
9 39 13 6 4 21 9 4 38 5 37 58 6 14 0 6 76 0 0 11 1 0 1 6 22 37 18 14 23 2 10 60 11 6 0 12 10 3 12 8 9 13 25 0 1 23 12 47 4 5 12 4 7 12 7 6 7 0 12 23 38 3 0 8 17 5 1 7 4 5 6 14 17 0 34
-1 9 22 1 14 3 1 5 4 19 2 10 21 8 8 14 1 2 35 7 3 3 6 18 6 62 0 3 34 2 48 17 19 1 11 7 24 3 0 0 3 0 15 15 2 20 19 1 1 15 22 12 6 31 8 7 14 18 25 3 31 21 3 25 14 41 18 15 20 24 10 55 15 5 14
38 7 0 4 27 16 3 3 25 7 20 20 9 19 14 0 13 8 28 12 12 15 19 33 26 13 12 10 39 0 0 12 4 9 1 1 0 24 8 7 5 15 43 3 0 10 2 15 63 14 13 13 1 4 21 6 7 14 12 23 5 1 29 2 4 34 65 0 2 16 1 2 4 31 2
9 14 8 46 12 7 4 21 10 7 18 2 3 11 1 14 10 7 2 4 25 19 27 7 3 53 29 13 8 7 2 19 8 20 4 9 5 3 16 46 3 9 18 7 13 16 50 10 0 26 24 27 1 21 18 13 16 1 0 4 14 15 25 6 15 15 9 2 7 3 2 12 6 26 33
5 9 11 2 7 4 1 11 16 13 16 15 23 12 1 3 35 17 18 50 2 18 25 8 9 22 13 0 1 5 23 39 9 15 6 16 46 7 0 16 16 28 19 0 14 1 18 0 5 21 8 56 4 26 23 2 9 5 3 6 38 2 5 39 2 24 19 2 1 6 12 32 0 4 1
56 8 6 22 2 9 30 38 2 1 5 14 18 41 14 28 9 14 2 13 20 31 56 15 1 3 45 1 9 3 4 8 5 5 7 1 4 8 4 3 10 8 6 17 7 33 3 0 19 5 23 11 8 7 18 13 35 6 14 19 17 4 11 3 1 25 6 9 24 9 21 5 0 13 25
9 6 20 0 35 3 7 23 1 9 4 11 14 33 7 8 5 2 7 7 10 18 28 6 2 8 1 42 19 4 21 6 19 13 17 1 26 14 12 13 42 10 29 6 20 26 5 0 6 13 8 3 3 11 67 17 10 21 15 21 5 0 20 2 2 52 17 18 14 6 21 11 3 3 2
11 10 3 27 26 3 9 0 12 0 21 20 56 7 0 2 13 2 28 4 20 9 21 24 24 2 18 2 14 13 31 7 4 13 19 1 2 24 6 16 3 7 44 15 6 27 9 3 6 8 2 17 42 2 33 6 1 1 18 3 22 21 10 1 2 14 0 18 9 31 24 13 36 11 11
26 9 21 12 33 5 29 0 2 14 7 8 24 15 5 1 22 3 3 5 1 6 1 31 8 19 7 18 50 24 10 1 8 7 20 37 4 7 17 0 38 21 2 2 19 29 0 19 20 22 0 1 14 13 26 14 6 14 4 6 2 7 11 19 12 6 21 21 7 13 39 10 8 9 25
38 9 51 14 3 4 4 12 12 5 34 0 16 8 2 3 31 1 20 2 4 7 30 3 8 2 14 5 10 8 4 6 31 104 5 11 4 12 0 27 9 0 30 20 11 0 0 47 2 8 19 43 9 5 12 13 10 18 1 1 3 11 0 22 9 17 19 3 0 11 10 4 15 15 39
10 11 0 1 9 21 4 4 9 24 1 18 33 53 21 0 13 5 20 0 10 15 1 12 16 25 1 1 7 7 38 11 15 16 6 17 1 10 1 1 26 6 1 62 4 5 34 4 52 8 38 5 15 11 1 7 77 2 4 10 10 9 5 2 21 16 1 0 21 19 0 1 31 20 4
9 40 26 8 0 12 6 8 0 14 0 7 7 13 5 11 1 4 22 5 7 33 22 15 12 13 31 6 5 0 14 4 10 18 16 13 8 2 1 2 7 20 1 0 17 8 16 2 73 1 15 36 2 12 9 12 12 50 5 6 54 43 26 13 3 13 13 5 16 24 29 0 4 7 16
13 1 17 0 0 18 33 12 29 4 21 28 21 4 0 16 0 4 5 7 20 15 9 29 12 19 28 1 8 14 9 19 0 37 15 3 24 19 26 6 43 13 5 25 1 3 5 20 11 19 1 3 6 9 30 21 0 26 19 13 21 37 5 9 0 4 1 4 29 4 16 26 0 0 25
7 12 30 3 4 1 3 17 23 19 5 37 20 8 32 36 7 7 14 0 9 5 2 6 28 8 5 27 3 33 1 25 1 17 22 18 15 6 2 10 18 5 4 27 3 3 32 12 6 11 7 34 2 30 4 18 0 22 8 47 2 0 16 15 21 28 2 5 1 8 23 4 23 20 11
4 0 11 66 21 24 8 24 1 6 20 4 6 3 14 4 15 8 2 7 27 17 12 6 1 3 31 22 21 5 2 8 36 26 0 17 15 9 16 73 0 5 11 0 3 12 4 2 47 7 1 10 15 12 48 8 3 5 5 1 21 1 19 10 1 0 35 49 11 0 2 8 3 26 20
11 0 22 3 27 2 1 6 1 0 42 2 44 2 10 7 42 4 9 16 33 21 28 21 20 1 5 11 1 20 25 20 28 15 13 21 10 17 22 3 2 7 2 5 12 13 16 8 20 1 10 3 17 14 36 20 30 10 0 7 8 5 1 3 15 16 15 18 3 13 17 4 54 8 1
9 2 22 4 2 1 0 15 8 35 1 6 4 32 2 8 16 2 21 1 1 11 36 8 1 5 13 19 12 4 15 10 13 6 1 51 14 29 0 29 47 7 3 39 4 4 4 22 5 0 24 0 6 6 15 26 21 4 42 25 1 73 7 13 2 6 11 6 37 16 6 19 9 15 6
5 4 1 12 9 6 8 5 3 63 31 0 71 6 10 2 7 9 10 5 32 9 6 13 8 30 8 1 9 14 12 3 11 6 0 14 15 31 9 18 3 19 12 6 20 8 1 10 9 35 5 4 21 5 25 37 7 7 29 20 13 22 2 14 6 34 25 32 4 5 10 2 0 27 5
4 2 1 0 2 17 35 47 33 3 18 40 5 5 0 2 7 8 10 15 5 13 5 1 4 27 6 27 9 23 8 10 22 6 8 7 21 5 12 3 58 3 44 17 32 4 12 6 77 3 0 0 0 3 3 2 0 8 3 0 5 2 8 16 7 0 8 0 19 97 37 16 2 11 21
7 4 7 9 31 33 11 16 40 4 20 34 13 2 4 2 23 0 9 17 28 16 0 19 24 8 2 13 6 30 8 10 4 10 14 5 12 45 14 3 19 20 37 14 7 12 1 3 20 6 2 6 3 3 0 33 0 7 37 44 0 19 15 1 0 13 22 3 2 6 37 11 9 14 17
