25 75
-1 14 13 15 25 7 48 2 19 6 14 8 12 1 0 0 8 8 4 0 6 6 14 0 5 35 3 28 3 32 10 19 29 22 28 4 12 16 15 3 9 12 8 4 30 24 44 14 21 17 53 7 18 14 15 8 22 0 8 19 8 5 19 0 19 7 1 5 1 33 0 0 6 17 39
9 41 51 0 8 37 2 12 2 9 0 40 26 6 8 33 29 15 32 1 5 20 6 24 12 25 29 17 26 9 41 12 11 1 1 24 3 1 13 2 3 2 2 25 0 12 8 6 3 22 15 42 8 0 0 5 1 38 5 15 2 3 14 0 9 12 7 11 17 23 12 5 19 6 5
1 19 21 11 9 9 6 9 21 8 6 3 20 22 6 30 14 9 13 14 1 13 20 16 3 5 1 11 58 20 9 8 31 6 9 24 22 3 19 3 24 7 28 1 1 0 0 17 5 7 27 9 6 3 7 19 20 37 6 16 0 16 11 2 43 5 12 2 4 21 13 7 86 0 5
47 1 35 3 4 71 3 11 2 2 3 7 2 1 36 3 10 4 4 27 3 11 3 2 18 70 16 10 6 1 22 8 2 33 10 1 10 39 14 10 2 0 56 10 4 17 16 11 3 10 33 32 2 18 7 3 29 7 17 33 0 23 18 9 7 21 2 16 8 0 4 1 3 5 8
27 12 13 3 15 16 64 2 1 46 5 12 28 7 17 5 3 2 10 15 8 42 6 7 0 4 18 14 2 32 13 4 13 10 18 10 4 32 3 0 6 11 37 7 3 9 2 1 8 0 2 3 8 8 13 1 0 25 38 4 24 24 55 29 2 41 11 23 6 10 0 5 21 1 19
6 37 20 15 3 6 32 21 27 2 39 0 2 7 14 10 5 1 21 10 0 10 8 13 26 6 9 6 13 7 13 8 45 2 18 7 9 22 7 36 21 4 3 8 7 4 47 14 5 12 19 5 21 12 3 1 3 8 37 6 2 24 15 6 8 47 6 3 19 10 1 57 8 8 3
5 28 4 25 4 3 11 0 5 10 28 25 23 20 6 7 5 17 25 0 1 8 0 6 3 1 23 51 2 29 14 26 16 15 5 12 0 4 5 6 16 5 5 50 47 6 4 5 1 3 23 7 7 19 19 4 29 17 0 9 10 24 14 4 11 21 55 14 0 3 2 30 24 18 16
0 18 30 3 12 0 1 3 11 34 25 44 15 13 4 1 4 18 18 3 7 1 9 51 33 2 7 17 27 23 13 0 35 8 9 12 61 15 17 9 4 26 4 2 35 9 11 7 28 2 19 1 4 30 0 18 10 4 2 4 57 4 5 0 11 0 9 2 6 1 6 49 6 7 4
18 14 41 18 7 16 77 11 3 0 7 4 7 15 0 5 15 0 14 9 14 1 4 1 15 7 10 1 2 4 9 6 24 1 6 54 6 12 20 8 0 2 31 3 6 22 18 26 7 12 23 10 7 9 1 0 4 21 33 2 27 66 53 12 3 2 9 12 15 51 3 2 1 12 9
12 63 8 12 7 3 10 14 31 5 24 19 1 0 17 64 5 32 0 20 2 1 12 7 0 16 2 6 0 21 12 17 11 17 56 20 3 4 17 35 18 3 4 21 6 3 5 12 0 28 52 8 10 8 13 12 6 5 0 0 22 7 8 8 21 10 6 12 3 3 36 4 14 10 16
8 7 9 3 32 3 29 26 1 12 1 4 11 0 16 8 1 5 15 14 3 7 1 7 4 39 14 11 23 14 9 0 3 20 11 34 8 9 12 28 12 16 5 21 14 36 15 65 5 2 12 15 11 0 5 0 6 16 8 33 20 23 10 0 38 7 17 17 2 0 9 33 8 11 46
3 4 42 9 12 22 4 4 8 8 11 15 3 38 5 5 25 0 14 0 9 4 8 1 35 0 0 2 31 8 15 6 16 31 26 15 13 1 2 7 45 1 48 9 16 11 4 9 4 15 6 12 15 9 31 35 3 1 22 11 21 18 10 16 18 34 63 0 0 2 5 7 19 3 15
1 1 6 25 7 3 22 7 3 7 8 21 42 28 16 6 6 14 47 5 35 6 9 40 67 16 29 5 1 5 2 5 1 3 10 2 0 11 1 13 3 7 11 2 15 25 6 4 4 15 9 13 5 15 53 2 3 5 12 15 21 24 15 5 11 16 0 4 12 15 10 6 36 6 59
33 28 1 18 0 4 1 0 44 2 15 9 20 9 12 2 0 18 7 12 18 25 24 25 3 11 2 23 9 64 8 6 10 2 3 15 17 10 13 0 18 35 22 20 1 4 1 20 9 57 40 5 34 24 2 1 1 1 9 49 3 3 0 2 1 3 5 23 17 13 7 1 20 12 14
38 3 7 13 8 20 12 3 14 13 0 0 13 16 4 3 11 4 23 2 2 6 18 8 16 11 4 10 30 25 19 11 0 7 16 33 4 12 25 14 1 14 12 27 2 0 11 34 11 7 8 13 39 18 12 2 17 3 28 0 17 4 4 32 11 35 32 9 7 35 5 2 12 8 50
14 2 6 4 24 0 19 17 9 43 0 4 15 2 23 6 15 6 5 15 12 51 7 9 2 1 25 4 5 1 10 29 7 2 0 29 30 9 35 4 23 6 0 22 25 0 21 24 3 14 10 12 37 7 4 20 26 13 1 3 10 5 16 39 32 18 6 6 20 5 7 12 2 32 18
22 2 11 0 23 1 9 11 7 11 4 6 6 22 58 2 28 38 1 20 6 30 5 36 5 20 14 3 2 27 8 5 25 6 19 21 0 37 5 18 11 14 13 11 7 5 71 1 6 4 21 8 7 4 32 7 3 14 2 4 55 0 1 0 8 11 28 13 1 3 9 9 18 17 8
14 2 10 2 67 1 1 16 0 32 3 20 6 17 3 7 9 17 10 9 17 18 6 2 1 26 2 0 0 1 14 2 9 33 3 22 35 7 32 11 24 31 16 19 1 6 9 0 16 2 0 4 1 12 24 60 2 16 50 1 3 3 25 13 22 29 3 33 1 19 12 18 0 6 32
3 6 39 3 35 0 1 9 12 8 23 2 7 27 9 1 6 6 1 10 1 1 3 2 19 27 12 13 10 8 10 15 25 5 3 4 12 47 43 7 1 4 3 2 16 3 4 22 35 22 3 11 57 11 29 55 4 8 1 12 1 10 8 55 1 35 6 2 19 25 3 35 1 14 7
12 0 4 7 30 34 18 3 11 6 7 6 3 33 9 4 0 32 4 22 9 30 41 3 3 21 1 14 2 16 12 0 5 1 50 6 3 1 73 19 20 22 34 22 11 23 10 16 0 22 7 7 20 21 16 1 1 14 9 20 9 21 7 8 0 34 0 1 7 6 26 6 5 18 1
-1 5 9 58 11 8 8 15 15 4 3 0 3 22 5 15 22 8 1 0 15 22 12 22 4 43 1 0 2 14 0 15 24 2 4 57 12 1 19 2 20 11 5 96 0 16 1 46 3 1 0 17 24 11 3 0 1 23 9 31 9 2 0 2 7 42 2 3 4 32 0 9 12 51 25
15 36 1 11 13 14 8 38 26 45 35 25 10 2 0 0 79 23 4 5 8 42 14 3 2 16 20 1 22 1 10 0 37 1 0 13 17 2 15 21 0 7 6 2 16 2 57 13 5 1 33 10 37 7 10 15 0 11 17 0 9 6 24 5 15 6 9 6 2 5 5 0 9 13 2
53 23 0 2 8 4 0 24 9 7 24 17 3 64 0 10 12 2 3 6 22 1 4 16 54 30 2 18 33 6 8 5 9 7 0 11 12 3 8 34 4 6 7 0 27 32 2 47 12 4 0 5 34 49 2 6 36 13 6 4 3 10 5 3 1 16 9 0 13 41 2 1 19 18 9
51 33 14 15 38 28 3 4 2 8 0 5 3 17 16 4 11 21 16 12 3 19 1 11 39 26 7 4 15 12 9 17 1 25 4 1 1 38 3 2 8 26 3 25 14 6 65 11 14 20 2 0 13 11 5 9 6 3 2 23 6 16 40 23 1 6 44 0 1 6 9 27 6 6 4
4 14 7 27 12 5 1 10 38 39 1 26 8 4 20 8 11 0 17 3 14 13 3 18 7 3 21 0 4 1 8 5 3 13 14 7 22 22 5 9 1 7 33 35 12 1 2 1 1 22 3 1 12 18 0 33 18 34 6 12 12 15 3 20 4 17 16 16 40 82 17 39 5 12 3
