25 75
-1 2 21 7 4 19 26 20 6 10 9 1 5 9 2 17 0 8 7 11 11 3 8 10 30 32 2 3 20 15 2 4 1 20 40 19 4 27 13 28 14 8 24 6 13 36 33 17 29 11 12 3 3 31 15 1 5 10 2 1 8 6 2 2 26 0 45 15 10 34 0 45 2 33 23
9 39 0 11 32 33 2 8 10 30 9 2 24 23 2 5 6 1 2 0 18 8 6 24 61 15 12 2 0 42 4 13 1 10 14 6 7 11 13 0 14 0 8 16 2 39 22 41 19 5 1 48 15 6 0 5 5 18 6 3 7 20 40 6 10 13 5 11 1 26 28 9 6 20 10
8 15 1 13 28 11 21 14 12 2 12 14 6 13 6 8 18 4 1 13 2 9 5 22 13 6 1 0 2 17 35 1 26 46 13 7 21 14 4 22 1 11 7 12 17 0 10 20 23 9 7 20 0 2 2 4 26 3 12 43 38 11 7 23 5 27 3 3 17 79 11 22 13 9 17
17 13 0 0 47 18 13 13 4 4 23 3 2 3 36 32 12 0 49 13 1 4 11 2 6 1 13 29 19 0 1 2 26 18 29 5 8 22 11 0 3 23 3 1 12 41 5 1 10 9 37 39 8 23 21 10 12 19 10 24 7 13 9 7 8 33 31 7 10 13 0 8 27 4 2
17 2 80 0 2 9 4 0 8 5 12 6 8 3 30 5 0 17 3 11 32 3 6 2 11 53 20 6 42 13 6 3 0 4 4 29 39 18 1 21 4 0 5 0 2 12 7 9 14 24 6 2 2 20 30 22 5 61 3 28 13 16 8 4 3 7 10 2 27 10 46 4 22 36 1
8 0 0 8 6 26 2 1 7 22 9 2 33 4 19 7 12 100 17 17 9 15 1 11 15 12 13 12 21 31 15 1 19 5 26 3 17 6 3 5 24 33 3 30 6 14 14 0 27 45 31 1 12 10 7 1 10 7 4 8 16 1 6 5 3 7 8 2 28 9 9 34 12 18 15
11 2 29 53 3 21 6 8 2 4 18 5 9 12 8 0 2 0 5 23 5 22 19 12 0 4 35 37 20 12 5 12 16 3 52 2 3 1 11 3 7 20 25 5 1 8 0 8 20 6 5 2 14 61 12 12 33 25 3 3 13 18 25 16 41 9 6 32 20 8 13 16 6 9 3
8 4 37 0 20 12 2 0 17 6 5 9 21 18 14 26 4 15 8 8 4 10 8 15 3 4 19 12 2 11 23 19 27 36 9 4 5 10 9 2 59 0 10 0 1 17 27 5 13 60 23 24 0 17 2 20 0 32 7 18 14 3 33 41 1 9 0 20 21 33 7 2 7 6 2
0 32 1 27 1 7 2 6 7 8 6 0 9 29 16 6 6 14 0 12 4 11 12 1 11 4 4 35 8 22 17 1 0 38 10 54 59 8 8 57 11 23 8 27 15 11 4 5 15 1 5 6 23 33 13 13 17 2 13 42 4 20 0 6 3 0 11 24 0 3 17 21 12 0 39
6 24 14 2 0 5 20 29 26 1 0 2 8 1 31 0 10 3 2 0 10 6 7 8 0 5 2 2 11 35 6 0 14 26 9 39 17 29 8 11 1 14 4 13 7 4 39 1 9 44 0 0 16 21 24 32 27 22 0 3 10 18 2 5 8 32 30 10 32 49 24 0 10 17 43
4 13 9 1 24 8 37 9 9 9 18 2 31 74 44 8 16 17 8 0 36 5 12 13 5 1 72 3 2 5 31 12 2 35 13 6 3 0 16 11 16 0 24 1 16 4 5 0 15 13 0 11 28 16 11 5 6 15 3 3 23 13 4 7 30 2 28 5 0 7 8 35 9 10 3
0 27 3 11 34 1 7 0 26 4 0 4 12 29 23 1 7 4 6 4 17 5 18 20 1 8 0 5 6 16 2 21 16 25 13 12 9 0 8 49 1 4 4 0 4 14 5 6 8 6 2 9 35 16 32 43 8 31 85 19 0 16 37 21 20 1 9 2 17 1 14 3 18 31 24
2 13 7 12 33 26 18 7 10 6 8 4 6 8 6 8 0 9 14 22 10 1 7 10 9 14 1 49 12 24 0 0 6 5 1 12 14 3 9 20 18 33 0 4 1 7 19 8 29 23 14 15 5 4 22 1 12 1 8 5 16 15 15 5 5 6 21 19 32 14 40 14 14 123 6
4 0 10 0 26 0 37 4 19 4 7 5 27 14 69 29 1 30 22 22 5 14 0 5 32 15 0 9 0 7 11 8 2 1 6 32 43 5 14 26 8 9 0 8 13 14 34 0 1 2 4 3 5 5 43 49 11 14 28 6 3 23 5 7 7 22 1 2 22 0 33 0 18 13 22
4 3 8 13 32 4 24 16 13 23 33 24 11 28 5 2 21 39 2 3 2 7 32 31 14 6 6 14 14 11 7 4 20 0 41 6 16 6 0 2 7 3 20 1 12 4 12 36 11 18 6 10 3 11 15 22 18 18 16 42 7 4 4 2 19 19 7 9 1 10 28 23 5 20 10
13 4 5 5 7 4 2 2 46 6 14 73 6 29 6 1 17 21 25 16 23 14 1 16 7 26 25 5 5 15 6 3 28 7 16 0 30 15 2 5 12 11 23 16 8 7 53 3 4 13 9 6 7 30 22 11 0 19 43 0 0 15 2 6 1 8 11 15 5 6 12 12 35 15 9
0 3 2 16 4 2 6 12 22 1 14 8 6 13 1 2 3 29 52 13 3 0 40 7 23 24 0 0 0 3 16 29 5 1 5 5 22 30 2 12 27 59 1 3 2 6 16 43 5 5 7 9 25 1 8 8 23 28 11 16 13 17 2 52 1 18 27 0 4 42 12 6 5 0 62
3 12 11 22 0 11 15 4 8 10 7 33 8 7 2 36 10 19 2 3 11 2 4 4 45 4 0 2 23 3 21 18 1 8 18 28 0 1 0 4 24 4 3 51 54 25 32 4 15 5 0 5 11 1 8 16 8 20 5 2 11 20 23 10 25 0 10 50 18 20 1 25 43 20 11
0 13 14 3 3 29 10 28 12 28 30 13 1 3 24 38 6 33 0 5 8 7 25 18 6 0 20 2 29 3 0 10 4 77 11 13 0 2 18 47 1 5 39 39 18 6 5 18 7 13 58 3 6 4 8 3 13 33 1 2 2 0 18 17 5 16 10 3 2 9 6 5 3 27 2
2 4 52 15 20 1 9 16 38 8 10 4 3 6 1 16 23 12 10 15 5 4 9 2 24 23 21 5 9 4 3 2 8 4 6 23 18 1 8 15 20 9 15 3 1 3 7 18 60 10 3 8 4 13 20 10 29 4 17 1 25 25 1 25 10 44 15 16 4 32 11 23 42 3 10
1 7 31 6 41 7 3 3 1 0 10 2 17 87 6 20 0 18 42 22 3 7 3 28 9 2 9 15 17 29 7 26 15 2 12 35 26 41 5 7 5 2 5 3 3 18 23 21 5 2 3 0 33 2 1 16 23 7 8 32 2 28 23 9 4 4 4 11 27 2 1 25 3 4 19
17 5 13 17 1 21 20 42 6 35 4 23 0 23 0 6 6 16 35 3 8 25 7 3 5 6 27 2 0 27 2 13 4 6 5 40 3 14 6 11 15 50 8 63 1 22 2 8 2 0 1 5 1 20 32 18 2 0 0 18 29 3 9 35 11 7 9 1 21 16 1 19 27 11 26
7 7 1 3 9 32 12 1 3 11 19 24 0 4 16 8 14 9 0 10 4 0 26 38 25 25 4 4 27 22 4 24 0 10 3 24 34 4 20 36 9 39 6 57 11 21 10 10 7 3 46 5 6 78 3 20 21 5 7 9 18 0 3 1 0 6 2 5 6 6 10 30 0 11 5
11 7 7 5 35 2 19 17 21 9 14 7 0 12 2 3 3 11 5 13 6 5 37 22 1 27 37 80 6 9 8 17 2 47 7 23 2 2 24 4 11 1 6 4 32 86 11 3 21 13 9 0 8 12 18 13 23 1 3 10 12 3 5 0 7 0 19 17 27 8 1 5 13 4 25
-1 2 7 5 26 12 7 0 14 41 16 27 7 4 6 14 14 2 10 20 23 3 11 6 19 12 0 6 22 2 31 14 14 15 14 0 0 4 8 10 20 18 2 40 38 41 0 15 1 18 1 17 7 7 33 0 26 22 2 18 1 8 5 3 13 3 9 6 2 27 2 4 76 23 45
