25 75
11 3 3 13 29 18 24 12 34 2 0 15 11 0 10 0 66 31 10 1 1 29 3 2 21 0 3 26 3 9 40 22 14 19 1 46 0 16 0 17 0 4 15 19 15 11 13 6 22 7 15 43 1 43 2 39 4 0 8 5 27 28 33 3 2 11 2 5 1 10 8 0 10 15 8
33 4 73 22 12 0 19 15 4 5 12 7 0 9 4 3 3 51 15 22 2 14 5 0 38 2 6 16 38 48 9 5 2 0 1 18 11 2 4 0 13 0 1 61 14 21 23 7 10 12 0 13 28 4 15 1 13 7 8 2 37 3 21 5 39 30 3 13 6 1 11 2 18 19 5
13 11 4 9 8 3 20 32 0 15 5 11 11 2 34 9 0 9 8 2 63 2 15 9 9 3 5 4 7 3 46 20 1 5 15 4 13 2 2 22 9 33 18 6 2 35 23 42 12 0 4 7 32 2 4 9 1 24 4 16 5 83 24 0 17 32 27 16 19 1 24 8 0 0 5
27 30 4 9 25 13 19 15 0 5 13 35 23 25 0 18 4 28 7 8 16 21 4 19 22 20 1 16 35 25 8 19 5 6 38 0 28 2 0 6 5 6 5 39 8 3 5 16 40 0 17 0 5 3 8 39 7 4 2 9 6 7 36 6 2 0 39 0 6 0 8 9 1 56 4
40 15 6 3 9 13 1 8 35 4 4 5 5 23 20 11 0 17 0 0 1 4 1 54 15 2 7 16 1 1 1 38 13 13 26 54 7 7 24 9 16 3 29 8 8 29 8 28 12 15 32 1 14 2 1 18 0 8 8 40 14 7 7 15 20 29 8 1 2 4 33 14 27 17 9
5 15 15 18 1 39 0 10 18 1 1 9 24 0 75 0 15 65 9 6 0 17 0 28 0 25 9 2 36 5 4 8 15 22 4 20 34 4 6 8 5 18 7 5 2 8 18 59 5 7 5 4 2 16 14 2 41 34 6 0 0 11 21 11 2 16 34 7 12 18 3 15 6 12 1
36 22 5 8 9 34 13 77 25 22 12 16 39 6 13 2 6 2 5 3 13 22 4 33 1 0 0 0 28 36 9 42 15 16 2 6 14 4 25 1 9 13 4 14 7 5 68 18 40 2 7 8 9 3 4 3 14 3 4 13 2 4 1 3 8 9 0 0 18 20 31 4 20 1 5
5 17 1 17 23 3 54 37 9 13 19 24 10 3 0 6 4 21 2 4 3 16 22 3 36 13 0 0 50 11 44 8 10 9 1 2 7 37 1 24 7 0 1 38 7 31 25 42 43 7 17 12 1 9 16 24 12 20 11 3 10 29 0 17 15 7 6 2 0 10 1 2 4 1 1
12 24 0 5 16 20 15 34 1 9 5 3 8 7 0 36 16 9 3 2 37 14 10 22 14 33 7 15 14 18 19 3 6 12 14 7 6 12 4 38 17 44 8 10 2 6 0 5 0 23 4 12 8 3 39 27 9 12 16 1 3 3 33 23 37 5 17 20 2 2 36 13 7 18 5
6 4 2 22 4 10 19 16 8 19 8 4 24 25 1 36 10 8 10 12 42 23 5 24 44 39 10 6 17 38 12 5 17 20 13 5 2 3 3 5 1 2 0 13 8 9 6 12 10 5 29 50 6 7 25 25 10 4 15 5 6 4 3 20 12 26 21 9 22 4 0 23 8 12 7
32 5 21 5 19 13 23 9 7 4 18 7 16 5 16 16 3 8 24 0 42 5 4 14 1 39 8 21 10 1 2 1 35 9 18 28 1 39 26 17 14 1 5 20 14 6 14 35 1 19 1 14 42 2 7 37 42 6 5 21 24 7 7 4 11 3 7 11 15 14 4 4 3 3 5
7 24 2 8 14 25 29 10 38 8 0 8 0 23 22 34 1 5 0 13 10 17 3 18 5 0 23 10 46 20 27 32 3 19 24 4 18 4 3 29 11 18 3 14 14 13 0 4 5 1 0 21 0 0 9 37 11 9 10 8 32 3 14 12 1 6 62 25 10 0 3 9 15 26 8
17 12 20 0 15 7 8 20 46 45 6 2 34 49 15 51 1 3 12 10 5 7 35 8 2 21 2 25 19 5 0 40 2 24 5 24 4 19 0 19 3 13 15 0 12 15 8 8 7 12 1 0 4 10 12 19 21 27 1 30 1 8 27 15 7 18 15 2 2 14 5 6 1 1 21
1 43 19 3 5 8 5 3 9 31 6 17 0 7 24 1 19 6 23 6 10 21 5 2 9 6 7 16 9 21 16 36 1 26 38 12 3 7 18 0 13 15 39 31 20 3 5 55 0 4 18 59 14 6 2 16 2 1 2 2 7 0 6 12 31 27 16 16 28 5 5 12 2 12 15
1 14 33 1 7 0 3 0 10 5 12 9 65 3 34 33 6 4 6 3 12 5 3 2 22 7 14 12 5 3 4 4 35 6 33 7 6 21 7 0 14 8 53 3 18 25 17 18 20 9 9 0 11 9 37 58 0 2 20 2 33 13 29 6 9 4 6 14 0 4 40 1 2 5 44
24 27 2 30 26 1 8 1 20 10 8 2 7 1 37 16 3 5 4 14 3 58 6 5 9 65 25 11 9 4 2 0 15 1 11 1 17 17 37 6 11 6 5 7 31 13 2 4 19 0 11 20 66 4 11 0 24 5 0 0 23 3 17 2 2 54 4 0 1 8 12 3 29 21 34
3 34 13 6 3 3 27 46 25 11 4 7 67 2 18 5 9 10 9 49 0 3 9 45 16 13 8 2 1 12 17 5 5 3 11 8 3 25 9 12 12 20 9 6 46 14 28 12 0 19 11 29 22 38 21 1 0 1 12 19 16 6 14 1 29 6 1 0 9 5 9 0 7 14 5
12 15 20 28 8 43 26 14 14 11 3 62 5 8 0 14 10 11 8 18 8 2 37 20 18 3 1 7 23 5 0 4 6 20 8 12 9 2 60 5 0 2 7 8 31 5 12 8 14 0 5 1 7 2 23 34 26 19 4 4 1 5 2 28 18 3 28 6 2 10 8 48 2 23 24
5 7 0 23 1 7 4 13 37 8 24 9 44 5 31 0 53 0 5 47 8 6 5 9 19 16 0 14 8 7 7 3 9 6 2 2 4 34 10 8 5 13 17 3 13 21 12 6 4 48 8 15 10 25 10 47 1 2 1 21 21 50 3 26 3 34 3 8 32 14 4 1 1 0 18
10 28 13 29 22 5 20 14 21 11 15 9 4 24 28 5 5 5 31 16 8 10 23 3 2 0 8 15 0 32 9 26 1 3 23 23 22 2 3 14 12 6 11 10 16 9 22 7 64 19 2 0 18 34 1 0 4 29 7 11 2 12 1 5 10 2 32 9 3 9 8 19 37 15 12
1 9 19 3 35 14 6 0 10 12 75 23 18 15 4 17 18 28 5 22 38 0 0 1 2 0 43 20 34 2 0 10 10 10 17 9 10 51 19 6 1 2 10 2 15 1 11 4 0 38 20 16 3 5 71 3 16 3 16 4 2 26 7 8 10 0 5 7 45 2 0 4 15 4 8
11 29 9 6 11 1 31 1 0 0 29 5 20 38 20 3 9 28 8 2 15 27 15 25 5 54 12 1 18 13 2 19 30 7 3 2 31 3 14 2 9 0 1 16 13 12 45 21 1 21 0 9 3 6 5 2 8 7 11 3 36 8 5 30 1 34 4 15 24 3 10 16 31 23 8
0 5 5 1 23 3 0 18 0 44 18 15 31 20 21 2 16 4 14 18 26 27 0 81 8 7 3 0 32 15 18 23 13 5 17 5 3 2 9 23 2 4 27 21 1 3 32 3 1 5 5 3 21 10 14 0 15 22 2 9 15 47 2 22 12 10 1 15 20 11 4 17 1 20 28
4 5 7 14 10 3 61 0 20 13 20 32 2 19 14 10 24 2 29 0 3 8 4 1 32 6 5 2 0 25 5 3 1 27 1 21 5 7 0 16 8 3 44 55 15 7 2 14 2 9 7 5 11 10 3 37 5 4 8 8 9 15 11 1 11 6 48 6 23 33 0 13 64 37 5
15 35 6 21 44 11 0 5 8 10 1 13 1 0 7 24 17 30 16 13 28 1 6 0 0 20 2 24 13 28 13 15 5 0 13 7 32 34 50 8 4 27 8 3 16 23 25 8 20 3 1 0 3 19 4 32 14 7 18 18 2 5 34 7 2 15 13 13 12 7 19 3 1 31 7
