25 75
3 2 23 23 8 0 6 2 24 9 2 15 6 1 5 42 25 9 0 61 0 7 28 1 17 10 0 14 3 1 6 45 3 62 14 3 9 26 15 1 17 24 35 1 8 2 21 7 1 11 8 39 5 24 2 0 6 2 14 0 18 16 28 12 43 1 1 57 7 13 13 17 0 4 12
59 20 24 21 5 7 12 2 53 70 0 10 2 0 8 2 11 2 7 4 9 14 2 14 20 5 2 16 20 20 5 32 17 0 38 23 4 15 3 17 12 15 2 17 1 13 25 7 42 9 8 10 4 4 22 3 1 0 0 19 15 18 3 18 5 3 0 1 8 19 26 4 9 46 16
15 5 4 1 17 0 4 11 14 15 5 15 23 3 4 7 20 19 0 2 7 15 2 0 29 7 2 35 15 1 47 28 8 10 35 28 0 12 2 25 6 4 23 7 38 0 13 7 6 0 0 6 9 13 7 61 6 2 2 5 41 25 8 22 24 14 12 21 21 8 23 0 35 24 15
14 7 8 1 28 22 24 3 1 14 10 12 21 19 1 18 40 2 2 2 38 18 5 0 7 11 23 55 12 2 3 3 24 10 5 6 17 43 5 48 29 0 9 8 10 1 6 7 12 28 2 20 1 3 1 1 0 15 20 6 0 7 17 19 6 1 37 54 8 44 23 8 0 2 11
0 37 18 8 19 63 5 16 12 12 19 11 15 14 39 20 22 11 12 2 8 33 20 0 19 12 15 7 6 11 20 0 10 14 8 4 17 9 8 17 14 12 2 3 32 8 5 3 14 10 11 9 20 6 5 26 23 4 3 3 5 5 37 31 9 18 3 2 6 6 3 2 27 38 2
0 6 1 2 49 0 10 30 0 6 27 13 7 2 4 0 40 6 30 0 30 7 1 10 9 6 1 35 6 18 4 8 8 14 18 1 10 3 16 13 2 1 19 8 32 7 50 12 10 20 1 4 12 14 0 103 11 9 5 25 15 0 1 37 41 4 15 22 14 13 12 6 10 9 5
-1 21 27 3 21 36 4 30 40 5 16 7 0 4 7 22 3 3 6 10 12 37 14 0 9 2 0 9 20 0 24 1 25 45 2 7 25 8 9 2 27 19 22 2 2 5 44 51 5 24 5 23 20 2 5 6 20 1 31 18 5 2 15 24 15 19 2 8 9 15 2 14 5 10 8
1 21 1 6 33 10 0 16 11 35 2 30 2 58 0 1 0 3 1 1 18 96 9 7 9 18 8 13 12 1 4 3 38 5 38 3 16 7 20 6 0 19 34 7 31 16 6 4 16 63 24 4 15 14 2 7 0 2 7 1 14 13 0 11 1 36 6 11 4 0 16 18 12 9 14
9 8 79 16 21 16 64 0 1 25 8 8 2 1 1 26 0 18 5 2 5 5 7 7 23 32 27 0 17 4 8 24 0 2 6 6 21 28 6 0 30 0 41 12 10 17 14 0 12 7 29 5 12 9 3 9 0 3 34 8 0 3 8 32 3 11 6 22 18 47 12 3 17 17 8
1 4 21 16 13 7 14 2 9 16 31 20 9 6 4 13 29 6 18 10 1 4 14 1 8 1 22 38 11 7 17 55 14 5 11 7 28 9 7 21 38 23 5 1 0 2 66 5 4 9 4 4 34 4 4 3 25 2 0 5 8 30 8 15 35 2 5 5 8 5 12 0 53 25 21
12 12 1 0 0 1 16 7 3 0 23 6 15 6 28 0 40 31 5 21 34 1 2 18 9 45 9 17 9 17 34 10 37 17 3 2 2 23 14 5 1 9 1 14 40 12 5 5 18 17 5 4 0 5 8 20 5 0 7 3 24 43 14 3 7 39 9 8 16 13 19 7 17 50 17
2 2 14 1 12 17 14 40 52 12 3 11 6 47 23 13 4 18 0 24 4 20 31 8 29 6 55 10 68 10 7 6 4 7 22 18 10 3 22 6 4 22 28 6 13 6 8 4 21 4 0 6 2 20 8 7 6 10 7 21 13 19 0 2 25 7 15 10 4 4 20 6 4 6 1
-1 16 13 23 7 44 1 11 1 4 10 7 15 0 76 2 8 17 19 23 5 5 3 9 17 16 9 34 7 3 1 3 9 8 8 5 17 9 20 0 8 0 19 0 9 64 15 12 6 6 26 14 27 42 10 46 23 20 10 6 0 0 0 1 18 5 10 13 26 13 8 4 4 30 21
6 18 0 25 1 3 16 9 8 5 9 21 2 3 3 15 34 10 8 3 1 23 35 13 26 19 22 24 17 5 1 1 8 16 8 15 3 5 2 2 7 36 60 46 19 24 0 7 4 16 6 9 19 15 4 13 7 12 7 43 12 7 2 15 23 19 0 29 2 26 8 14 9 26 9
0 1 1 19 14 4 6 8 1 0 4 4 64 20 6 7 2 0 2 4 12 10 15 4 25 4 12 7 33 9 13 18 6 12 34 20 29 3 10 15 18 27 0 10 9 4 0 7 4 21 47 26 31 11 11 77 12 15 6 12 10 7 35 9 16 3 31 1 13 14 3 19 14 12 7
6 21 4 2 11 2 11 7 5 10 2 3 0 4 0 18 20 1 14 12 15 15 8 15 2 6 33 2 24 2 7 11 0 8 9 2 14 88 5 3 6 40 7 13 1 6 61 20 17 3 3 0 2 14 8 8 74 80 4 3 28 15 20 10 25 1 5 15 31 16 12 2 1 22 5
15 30 24 51 1 27 47 24 7 8 0 18 0 16 14 2 11 11 3 16 3 12 3 41 7 18 14 0 1 21 44 4 12 7 18 5 1 6 0 2 0 34 12 5 4 5 26 11 19 5 8 21 42 7 4 4 20 53 33 11 4 10 7 4 18 4 14 11 1 2 4 4 20 15 14
4 5 11 5 7 15 1 6 30 2 9 6 2 0 0 19 70 5 19 44 6 12 14 0 9 35 2 6 6 21 13 0 33 3 2 12 0 30 32 17 11 3 15 0 20 1 8 16 1 14 4 30 1 9 0 10 34 19 7 0 9 5 12 19 47 55 30 21 14 13 5 4 12 9 29
4 15 9 22 42 2 5 21 17 6 1 9 0 0 22 4 0 1 20 1 45 23 4 33 2 40 7 16 2 5 2 1 59 19 0 9 16 13 8 4 5 2 2 4 4 1 31 13 38 3 12 19 7 11 14 2 11 4 25 26 3 12 5 7 7 30 21 88 17 10 22 4 7 16 8
6 7 10 3 30 10 13 2 16 46 2 36 9 3 1 7 7 19 12 29 13 26 20 17 16 20 32 2 10 42 0 19 47 11 5 2 21 0 4 28 5 2 2 21 2 0 0 7 17 32 7 18 17 13 32 0 18 9 24 13 7 32 1 20 4 6 4 1 7 18 8 29 4 6 11
37 7 20 4 2 7 0 6 28 5 11 6 4 4 11 19 14 12 6 5 5 19 14 13 28 9 26 4 16 10 12 1 33 31 5 3 14 1 13 7 8 17 17 11 25 16 0 8 0 11 36 4 7 3 45 2 3 10 16 32 10 2 3 58 38 11 17 22 12 6 3 7 8 12 48
4 26 0 26 14 2 33 4 37 20 27 14 6 31 10 8 16 2 21 1 5 6 7 10 1 11 17 0 9 6 8 12 1 7 43 3 31 17 13 17 35 26 3 2 6 4 5 42 39 4 2 8 1 35 3 54 2 3 12 6 12 14 8 6 5 25 1 0 3 49 1 10 37 10 1
-1 25 4 17 17 4 6 0 9 6 0 1 24 10 22 22 7 0 42 14 0 54 7 27 38 2 18 15 2 9 1 0 45 43 10 14 57 14 7 19 0 55 0 16 0 18 6 0 32 31 0 5 12 26 15 7 16 6 5 8 2 0 3 18 4 17 19 1 2 4 30 6 15 8 2
44 5 5 11 2 6 0 4 7 2 7 15 1 28 15 4 25 11 1 21 10 3 5 23 27 10 32 2 16 0 13 18 12 0 1 29 14 16 5 26 6 4 37 8 29 7 1 0 41 9 56 3 32 1 16 22 12 1 12 1 3 42 4 6 12 83 7 4 22 16 1 4 2 11 9
57 16 23 28 3 0 22 19 3 6 3 15 3 2 3 19 7 3 23 17 11 17 10 10 37 13 3 10 5 1 6 1 10 11 15 9 15 7 0 6 5 33 39 4 6 10 15 10 30 38 5 42 12 2 8 17 5 20 26 41 4 22 10 2 1 11 12 4 16 20 11 2 6 5 37
