25 75
22 8 24 11 7 0 3 4 2 4 7 20 37 24 1 12 12 4 12 38 5 12 6 4 4 1 10 8 10 12 2 18 30 2 29 12 38 10 13 17 43 32 7 7 27 3 7 19 10 16 2 0 17 7 29 7 84 9 6 2 5 3 9 2 6 7 14 31 15 19 31 9 9 5 6
41 27 20 1 0 3 18 8 2 10 15 3 29 4 3 4 5 28 14 28 32 6 11 18 1 19 9 3 10 34 25 15 5 22 0 15 23 22 4 5 4 21 24 5 17 13 14 5 7 20 12 2 8 43 0 1 2 10 40 27 2 19 25 3 4 39 33 27 1 1 16 3 1 4 5
-1 11 78 8 10 10 11 1 2 12 35 9 7 11 12 19 24 2 0 6 6 40 22 2 12 30 9 7 12 20 20 26 6 4 5 0 21 4 19 26 4 2 2 4 1 6 4 7 2 4 56 2 19 0 0 28 23 32 7 31 41 13 15 3 2 7 6 40 17 17 0 21 2 7 17
3 1 3 12 10 14 13 48 18 1 10 1 4 13 23 21 2 1 1 10 24 10 29 3 44 5 5 0 2 44 19 9 6 1 42 3 16 6 6 13 9 6 20 5 16 6 19 12 38 13 10 15 4 21 24 0 6 16 39 1 0 22 2 11 4 10 25 18 10 19 32 20 26 15 10
21 0 9 3 23 0 21 8 3 4 47 20 8 2 12 18 60 4 6 4 8 6 0 0 9 12 0 6 23 3 16 0 6 33 4 3 8 24 23 7 9 27 37 7 25 17 8 0 12 2 1 14 7 37 9 3 14 0 21 10 71 8 30 6 26 1 20 3 12 19 12 26 27 8 7
7 2 7 14 16 48 2 32 2 4 10 1 12 3 23 0 25 19 7 44 17 4 12 9 6 17 10 4 10 0 15 5 50 3 9 5 20 28 3 4 20 0 24 15 9 17 7 14 1 35 9 60 0 17 28 8 8 23 5 4 3 29 46 4 12 19 2 13 18 14 1 6 12 3 5
17 20 0 2 20 82 20 13 8 48 16 7 1 11 16 2 15 4 1 0 15 4 2 10 27 10 1 0 14 0 2 47 6 30 4 6 11 24 7 4 0 8 3 26 5 8 1 5 31 13 15 1 13 23 16 2 14 7 60 21 29 12 8 8 3 15 15 22 17 8 5 26 23 2 8
4 7 0 4 11 5 13 13 3 21 7 1 26 8 16 6 31 7 35 4 5 6 1 17 3 46 24 19 4 42 3 2 5 8 22 41 46 26 2 12 4 6 0 21 7 0 12 42 4 4 15 2 0 15 5 5 15 50 9 12 2 53 13 0 12 10 9 41 5 3 18 8 11 23 8
2 20 65 1 8 9 4 5 5 70 5 5 2 3 4 3 12 12 13 56 14 21 8 31 8 6 13 18 19 2 7 6 77 5 15 3 0 7 12 1 2 1 25 5 9 22 6 3 20 14 41 6 2 5 1 17 14 0 22 14 2 28 7 47 0 5 6 35 6 17 1 15 4 14 7
27 42 22 7 10 21 6 11 12 37 7 20 4 0 6 1 5 6 5 7 65 25 4 2 8 11 7 21 26 5 11 11 12 6 2 0 43 1 16 25 1 8 5 14 1 13 4 37 16 2 4 88 41 22 0 9 10 27 22 3 2 2 4 15 2 7 27 3 0 2 1 2 37 0 12
-1 24 17 0 0 25 5 1 9 80 9 15 19 3 9 9 5 32 29 4 20 18 7 21 12 3 5 23 22 6 1 27 31 6 0 5 4 3 39 35 24 1 0 35 5 5 12 7 19 1 19 1 15 4 9 3 10 1 7 32 6 13 34 9 63 6 1 2 5 33 2 7 2 9 16
10 22 19 0 23 10 5 3 5 33 0 2 12 50 1 4 38 0 3 13 13 2 0 10 6 49 3 21 60 45 11 25 11 47 3 5 16 19 1 9 0 4 23 21 17 18 3 3 7 14 4 0 17 15 3 7 5 10 7 10 11 7 2 19 0 16 18 12 23 17 3 33 34 0 8
2 2 17 12 57 15 7 20 9 23 2 4 22 3 10 18 25 1 9 2 27 1 5 23 18 19 6 9 47 59 1 15 0 0 13 7 15 19 4 3 30 33 42 3 15 15 1 18 2 21 14 1 3 15 28 10 5 2 6 20 0 7 13 0 8 5 5 16 2 40 0 0 23 23 23
5 6 43 40 34 28 14 4 1 0 4 29 12 4 15 28 24 14 6 3 21 33 14 0 5 1 28 18 1 23 14 11 29 12 14 4 2 6 2 2 5 14 8 36 13 0 27 14 6 8 2 37 1 11 4 32 17 9 0 5 2 2 34 4 24 29 7 39 4 7 5 7 5 21 7
14 6 1 3 50 14 0 16 39 9 6 18 21 2 8 18 16 1 2 9 16 1 4 33 8 39 19 2 16 23 15 0 2 11 10 14 21 1 0 9 0 10 14 57 2 18 1 6 24 0 3 21 16 29 47 0 27 27 20 28 1 3 27 8 20 4 0 1 15 3 5 21 10 10 25
3 7 13 24 24 9 6 1 3 1 9 15 13 9 16 2 21 1 7 11 3 18 44 1 9 4 6 11 11 3 1 20 0 23 24 6 5 27 9 4 5 54 93 16 4 23 30 2 9 16 8 24 9 12 4 27 0 6 6 23 19 11 25 3 8 0 8 2 22 10 19 18 5 38 17
32 0 3 14 15 9 11 0 21 13 6 0 7 37 2 28 27 11 0 0 6 2 4 2 40 2 24 1 9 0 1 9 13 2 11 0 28 52 26 33 7 2 11 0 13 42 49 6 12 84 31 30 4 6 32 14 2 2 3 13 16 0 17 14 4 0 8 16 5 0 3 1 4 8 40
4 10 1 3 22 24 33 1 3 4 7 14 4 35 4 12 2 2 1 3 24 5 26 19 2 15 25 17 0 30 5 15 9 5 31 5 9 12 8 8 36 18 14 14 12 13 3 0 29 24 2 2 17 29 6 7 3 2 2 7 8 8 25 23 22 20 9 22 26 16 1 5 33 65 18
5 5 11 42 16 25 0 3 32 1 25 6 3 13 7 2 1 20 2 48 1 40 21 5 11 13 2 0 13 36 7 15 8 2 25 11 2 7 8 11 23 11 1 7 1 8 3 10 12 10 1 20 22 58 7 32 18 7 26 5 3 11 3 13 24 28 8 6 8 12 63 0 1 32 1
23 30 42 1 2 21 36 8 1 24 8 13 13 5 7 0 31 10 2 22 26 0 0 34 11 4 2 5 5 2 23 43 1 3 18 4 8 7 12 7 24 2 3 19 35 15 2 0 33 1 18 8 19 2 44 21 3 63 10 6 7 6 15 21 3 8 1 14 16 12 31 3 2 16 3
34 1 16 1 2 0 4 9 11 1 33 20 36 10 46 2 8 18 17 41 7 4 14 5 15 9 9 16 11 8 14 1 25 57 2 5 0 13 5 19 13 42 12 15 14 45 41 10 27 0 7 16 16 19 30 2 7 3 6 2 5 9 8 2 5 20 0 10 6 2 22 15 2 0 18
31 1 21 19 5 7 4 26 15 1 26 10 0 45 11 1 43 21 76 7 3 0 7 11 40 1 15 8 16 8 18 0 3 12 22 5 35 8 3 0 53 2 5 0 17 6 3 4 5 11 51 19 28 0 12 2 0 3 14 0 26 0 5 14 19 20 5 1 6 29 9 6 1 18 21
3 58 42 2 10 1 4 37 1 2 43 8 8 10 1 9 1 0 7 39 6 36 14 0 2 42 1 23 21 1 0 8 7 1 13 1 16 7 21 5 7 1 1 1 22 4 34 13 3 14 4 28 20 8 5 7 4 21 12 10 20 1 13 26 9 35 21 6 20 47 35 5 2 5 25
15 2 4 1 22 13 52 26 0 9 20 26 3 4 18 8 8 46 8 8 32 52 11 14 5 34 6 6 4 9 9 2 19 5 5 22 12 9 11 19 10 0 29 2 10 5 11 16 18 6 9 32 4 17 2 6 6 0 6 4 0 20 4 12 29 11 19 46 38 12 11 15 4 0 7
14 55 30 22 11 15 14 17 0 13 7 11 16 4 4 2 11 17 15 1 31 3 7 22 31 16 0 0 8 17 0 6 28 5 1 4 4 4 26 0 5 17 39 26 32 7 14 1 23 6 1 4 25 17 52 21 5 9 15 8 8 4 8 8 8 8 15 3 8 5 20 30 12 5 39
