25 75
-1 25 1 21 62 15 22 5 21 13 1 1 0 0 12 3 3 31 10 24 20 2 6 5 32 4 1 5 28 12 25 4 13 6 16 28 39 3 32 0 2 18 8 2 0 3 3 4 1 20 2 25 0 46 29 3 21 8 9 3 35 28 14 10 29 5 8 14 31 1 16 0 19 28 5
2 1 0 5 72 1 14 19 6 20 29 10 3 13 3 5 5 7 20 5 7 1 36 9 29 0 5 10 1 57 17 6 3 16 0 24 11 5 11 18 6 25 1 11 4 9 21 13 19 59 26 20 28 16 21 9 2 3 0 7 22 1 8 3 22 1 16 25 13 20 14 17 20 11 1
31 30 8 0 3 34 11 1 16 0 24 0 23 4 13 15 7 32 32 7 2 38 32 13 4 7 0 13 4 16 7 83 1 17 7 14 5 22 17 1 1 1 44 7 22 2 0 0 16 7 15 44 6 59 2 37 11 24 7 12 1 2 1 6 13 0 16 6 0 5 3 8 14 5 9
16 4 52 43 1 47 28 26 1 21 10 8 1 5 64 6 16 24 19 30 1 8 24 13 3 13 9 6 20 4 1 9 7 0 13 19 9 16 40 18 11 10 7 1 1 7 1 1 7 8 1 8 2 8 6 12 3 4 17 13 6 1 1 8 12 59 12 12 11 6 40 15 20 10 4
8 25 2 13 5 8 21 8 23 6 3 7 4 0 21 2 40 25 14 0 51 12 40 15 27 26 9 2 37 16 3 34 0 6 28 14 16 15 7 8 4 2 20 19 1 19 1 1 12 27 16 3 10 0 9 6 11 0 5 4 78 37 13 6 7 1 1 29 1 13 7 0 4 29 3
9 7 23 7 7 14 18 11 23 7 7 13 9 6 16 7 34 7 0 1 1 7 1 7 9 27 2 30 4 4 25 3 21 17 4 5 2 4 11 6 1 2 5 36 2 40 3 20 10 7 6 8 31 8 36 0 13 14 8 33 2 31 7 37 11 23 20 57 3 38 3 10 22 8 29
10 24 32 23 0 0 14 18 5 7 1 1 26 22 26 1 9 6 13 0 53 6 21 5 18 37 75 1 9 5 1 10 11 3 5 2 1 3 11 1 11 25 4 55 42 10 21 2 26 6 12 26 0 19 5 7 10 19 1 40 3 0 32 18 0 5 10 4 5 23 4 15 0 18 6
29 1 3 15 42 10 29 3 9 15 2 20 5 5 23 10 4 14 3 3 17 29 1 13 28 3 26 5 7 6 24 2 33 13 2 12 3 31 1 8 27 8 16 45 7 18 29 7 21 13 12 6 1 5 7 4 13 39 4 42 3 9 14 6 8 10 22 14 31 11 2 29 1 4 3
16 44 4 10 7 1 3 4 25 24 6 6 16 2 24 2 6 19 16 35 2 11 12 4 3 10 5 6 0 73 23 24 0 12 15 0 7 24 2 1 55 8 3 50 26 9 5 5 13 7 22 0 12 1 11 8 4 5 0 15 2 15 2 9 19 42 10 9 29 8 11 11 20 48 2
62 29 6 32 23 8 12 1 6 19 6 12 9 3 25 30 1 8 26 6 13 25 11 1 10 0 9 49 18 6 21 3 6 0 15 17 9 21 12 18 1 11 46 2 9 0 1 30 8 12 12 4 18 1 0 10 15 26 5 1 1 9 11 5 1 8 33 2 10 68 0 25 2 24 1
6 4 4 6 3 13 44 9 15 8 16 17 17 48 50 2 14 2 10 5 2 7 7 16 11 1 26 3 46 3 0 20 12 3 18 0 14 30 0 4 22 6 6 0 4 11 22 16 27 20 6 17 2 3 6 2 35 3 7 1 0 18 3 2 43 11 6 31 17 28 14 40 6 39 10
3 0 3 0 9 92 25 22 56 7 15 31 2 4 26 7 16 5 0 3 9 1 4 6 2 32 31 15 47 0 3 15 3 4 13 1 11 26 6 30 0 14 4 0 8 9 29 12 10 31 3 30 12 6 11 9 10 7 7 6 3 0 4 27 24 27 28 5 4 7 9 12 29 16 2
33 13 10 14 0 3 6 0 25 35 14 10 42 11 2 3 8 27 4 1 1 2 0 1 7 0 4 5 5 10 23 3 5 17 38 14 20 11 9 19 9 19 46 25 2 19 39 17 6 4 12 3 22 4 13 6 26 29 13 31 5 25 18 27 23 3 11 25 31 9 5 3 5 4 6
16 2 11 7 18 2 39 4 33 4 30 3 7 21 20 13 30 0 9 3 21 3 11 2 0 7 18 41 6 28 6 4 20 6 18 22 9 11 29 8 26 5 6 4 1 9 22 32 28 16 3 11 3 18 4 3 1 6 11 51 6 43 0 1 13 1 24 3 3 14 12 10 23 6 39
4 26 1 21 0 1 17 37 0 11 12 25 26 13 22 7 50 4 32 21 14 49 15 6 3 13 12 10 3 7 1 4 3 13 9 35 26 9 1 26 3 2 25 16 5 32 2 21 9 0 6 15 3 18 2 29 0 3 4 23 8 9 11 12 27 0 1 11 20 9 7 41 10 0 27
18 4 44 7 21 12 7 28 0 38 4 2 14 5 28 17 39 11 9 20 8 3 23 10 1 12 43 4 20 9 6 12 18 3 18 31 6 0 2 1 7 1 13 18 6 0 5 41 9 17 74 2 1 16 17 17 1 5 0 6 2 6 11 16 8 19 13 22 41 2 8 13 14 0 11
21 61 9 2 25 6 0 14 24 2 4 17 6 7 6 41 7 41 3 17 34 5 51 4 19 9 7 12 4 4 12 5 6 11 2 1 4 45 21 34 12 6 39 1 8 18 3 1 0 3 4 32 11 3 5 6 9 1 0 52 26 7 8 27 2 5 17 6 23 5 4 23 15 5 10
1 1 10 0 15 7 9 5 4 12 22 38 24 22 5 4 10 0 3 2 5 8 16 4 5 5 9 23 0 71 16 7 4 41 14 2 12 5 39 9 6 24 26 18 14 11 1 11 5 0 11 45 7 13 25 0 1 25 12 1 15 4 49 30 10 23 35 7 6 27 3 5 31 7 3
7 1 1 7 1 74 4 6 44 3 19 44 3 19 15 23 0 8 5 30 8 4 15 3 6 26 6 13 1 6 3 19 1 35 22 4 1 28 9 14 19 8 15 3 9 24 5 37 8 30 1 20 5 43 6 38 0 0 28 6 28 0 2 11 12 0 14 6 6 2 37 11 15 5 8
8 12 13 0 0 6 11 5 40 8 1 3 21 6 9 13 9 2 33 25 14 1 1 1 6 13 2 21 29 13 10 8 17 1 0 10 15 0 12 14 3 11 44 12 11 36 49 5 0 39 6 12 0 14 38 3 10 3 48 32 3 8 19 20 11 21 9 6 20 35 9 17 14 2 17
-1 12 7 19 3 25 3 21 6 3 3 30 2 35 30 10 5 9 10 31 18 1 3 2 34 62 6 5 2 0 21 13 6 18 3 6 3 2 6 16 25 24 6 32 17 6 5 7 18 67 20 2 1 3 10 29 7 10 0 13 2 1 5 9 10 54 9 3 46 6 2 5 5 12 39
10 3 10 20 19 5 3 0 38 32 16 14 22 16 9 3 6 6 10 18 3 2 54 7 28 17 15 5 43 0 10 21 0 17 32 7 15 8 9 9 11 43 4 7 3 0 31 9 11 11 45 12 16 13 27 11 16 8 4 0 2 9 12 39 7 22 2 15 16 3 1 18 6 3 1
15 1 9 6 1 19 22 15 46 7 27 4 5 27 9 35 8 8 7 11 44 19 26 1 3 13 0 26 22 1 16 0 24 42 2 2 7 23 5 7 5 30 15 27 0 20 23 6 4 11 2 14 0 25 11 21 0 16 7 18 15 25 0 8 18 18 4 13 10 11 13 0 6 21 18
17 13 11 23 6 7 6 5 14 6 12 0 33 5 36 10 12 11 10 1 5 2 19 3 27 12 51 0 22 2 3 3 4 15 41 13 11 3 12 14 6 17 9 26 1 32 17 29 0 1 30 24 1 2 1 22 1 20 7 4 9 67 23 16 12 3 6 4 8 2 0 66 2 29 3
3 33 11 39 20 0 8 3 8 16 17 15 0 39 9 20 12 2 1 9 6 2 2 12 21 3 8 4 16 7 4 0 14 10 22 10 20 6 10 25 32 3 20 5 0 17 15 17 6 7 14 2 6 34 17 7 3 20 1 26 54 49 16 21 19 2 10 3 0 35 16 4 7 33 12
