25 75
11 9 15 11 33 9 23 4 6 5 6 1 0 46 12 3 2 2 19 57 1 33 2 2 26 8 95 5 11 0 21 1 19 43 2 1 4 1 11 20 4 21 7 12 7 1 1 5 9 24 32 19 25 8 23 0 4 9 10 48 20 10 2 28 6 9 18 6 7 1 29 1 5 0 9
14 3 19 42 32 6 11 10 0 28 10 39 2 22 11 2 5 15 16 5 0 5 4 6 21 1 3 7 50 12 12 7 36 17 22 16 15 9 13 6 5 0 18 35 16 10 18 2 1 4 12 61 1 11 39 14 5 6 13 3 7 0 25 25 15 7 11 14 2 20 3 2 3 37 1
8 4 69 4 1 2 32 9 5 17 28 12 7 15 8 13 1 11 6 12 6 0 6 5 10 17 2 19 5 1 7 40 24 35 14 16 2 26 6 14 1 76 8 9 9 6 16 6 1 14 5 13 20 29 24 4 1 1 0 8 8 7 30 5 10 42 5 3 35 19 12 31 4 6 13
8 3 5 17 16 16 6 10 1 10 7 1 22 8 6 4 9 9 16 6 8 0 4 39 1 5 1 0 3 24 24 24 13 9 13 0 21 5 0 5 39 6 1 13 17 30 4 3 18 24 6 0 24 18 29 11 18 0 7 1 6 39 3 25 42 25 13 46 4 11 7 10 76 37 8
1 3 17 22 8 30 43 1 96 4 13 11 10 2 0 16 3 12 84 19 9 15 5 12 13 5 1 0 86 14 3 6 11 0 6 0 7 0 1 13 17 5 0 2 18 10 1 2 4 7 5 6 1 18 3 22 1 15 19 9 4 24 1 36 18 4 16 52 0 4 5 1 18 15 35
1 31 1 1 1 17 6 15 6 16 7 11 53 4 3 15 14 1 1 9 22 15 15 13 4 31 3 18 60 1 3 0 6 31 35 22 15 3 38 1 26 19 18 17 44 32 5 1 7 3 10 15 9 19 45 3 2 17 18 8 6 8 4 26 8 10 1 19 13 7 2 3 2 17 7
18 2 2 11 13 32 12 2 5 1 57 5 0 12 3 2 5 4 3 76 0 8 42 6 19 49 0 2 31 11 11 4 21 11 2 4 4 8 5 1 6 10 4 9 21 4 8 18 13 20 11 8 18 22 4 19 4 14 20 8 15 10 13 27 9 9 9 16 13 14 40 0 14 6 60
24 0 3 17 20 0 7 17 2 5 1 18 8 3 9 23 21 10 0 6 10 2 11 3 0 19 11 0 3 49 5 5 9 12 9 16 5 4 11 29 13 60 0 0 29 11 83 1 46 37 28 5 2 22 6 7 1 9 20 17 1 44 13 24 19 4 1 16 7 14 5 11 12 15 10
-1 2 13 3 7 2 33 3 5 73 2 6 14 2 16 5 0 18 4 1 5 11 4 11 68 27 7 0 3 0 6 5 1 8 1 12 1 16 21 18 13 1 1 58 6 16 2 78 27 1 9 28 25 7 11 16 10 12 5 20 12 11 7 18 7 10 4 0 77 34 10 2 4 6 19
2 46 23 8 11 8 13 24 9 9 26 10 16 0 7 25 13 3 0 5 12 47 17 4 14 0 13 2 13 14 8 19 25 17 12 0 0 5 0 40 13 12 17 3 6 7 4 9 7 4 6 19 8 1 0 72 26 5 7 7 5 15 53 8 5 8 5 49 10 8 13 23 30 3 12
18 7 2 6 8 2 2 59 1 10 9 12 15 9 19 4 3 15 10 2 7 13 5 85 5 7 1 20 8 20 13 30 13 13 36 12 8 24 0 10 18 12 1 13 2 17 24 73 11 42 4 2 5 0 7 4 7 20 7 4 0 13 14 3 15 0 9 53 1 2 15 11 10 0 38
16 10 0 5 14 17 5 1 6 4 7 13 20 27 3 8 60 3 27 1 40 29 20 3 24 15 8 57 5 8 3 66 19 31 6 8 0 8 4 6 16 5 16 12 15 5 14 12 0 2 3 14 4 14 2 2 18 0 19 65 5 3 7 19 16 38 1 0 2 8 41 12 0 2 1
36 1 0 45 15 26 1 19 1 14 5 2 8 3 7 9 5 11 12 0 4 7 0 10 40 1 8 18 11 0 12 0 49 11 14 19 8 4 3 1 4 2 15 7 21 16 47 12 7 31 1 38 7 3 15 16 6 10 20 21 0 15 32 23 6 58 1 22 13 0 24 7 13 14 33
2 2 14 8 7 3 16 20 7 1 4 5 1 12 16 6 13 4 25 87 37 19 30 2 0 3 23 9 20 18 4 30 7 3 11 1 33 19 8 2 44 39 14 21 6 5 6 27 6 24 28 19 3 15 7 5 17 5 9 0 10 0 14 15 1 4 39 4 2 19 36 2 6 14 2
0 0 6 24 46 69 10 8 8 11 3 2 20 29 23 0 29 10 17 4 5 6 30 4 26 10 9 16 10 1 8 13 6 7 16 11 6 26 14 14 19 3 5 1 35 19 11 13 16 8 4 19 12 19 4 27 13 6 8 7 9 40 30 6 6 4 3 4 40 27 3 2 3 12 5
1 21 3 25 4 0 4 27 3 1 8 1 11 16 10 2 9 11 35 7 2 9 5 13 31 7 1 4 23 2 0 43 4 0 2 10 34 2 17 16 0 5 50 11 8 6 25 9 5 8 19 3 3 29 12 27 11 21 8 8 2 6 4 58 39 3 7 38 12 9 16 43 15 24 32
8 24 9 78 11 20 20 1 20 4 0 8 44 2 4 13 29 0 27 5 45 4 1 20 8 10 15 18 4 5 1 60 4 10 0 1 0 32 33 2 1 12 2 17 5 4 1 6 2 13 7 7 36 7 23 28 16 9 3 6 1 3 1 11 6 39 11 13 28 20 7 3 22 1 29
1 9 0 10 22 15 8 4 10 14 6 70 15 3 11 1 4 16 4 25 12 16 0 8 4 10 5 36 27 18 11 48 1 11 2 15 40 7 12 45 4 7 7 34 13 2 0 9 1 12 8 4 7 39 6 1 1 17 26 6 0 21 60 19 7 37 2 1 3 11 0 35 1 13 10
4 0 9 14 34 0 0 26 3 21 4 24 0 15 37 16 0 11 18 0 25 3 52 29 4 4 31 2 11 17 0 1 22 35 1 5 1 14 3 5 0 0 15 12 33 8 0 12 20 2 26 6 15 6 72 1 1 5 1 1 1 4 17 0 2 6 10 18 36 75 22 42 22 4 4
10 29 9 29 8 37 36 1 0 43 9 3 1 1 10 29 1 0 2 4 8 4 32 8 3 10 9 5 2 0 21 2 3 11 0 13 36 2 10 11 5 26 55 0 11 30 17 5 6 4 3 15 40 20 1 0 5 51 23 18 24 17 5 19 7 27 16 4 17 6 3 3 56 2 7
9 3 2 32 7 63 14 21 14 12 17 19 8 14 9 1 16 2 19 27 12 18 7 1 12 10 2 12 2 7 1 5 0 0 27 31 3 13 10 18 40 2 14 1 5 0 5 42 7 4 0 43 15 1 11 1 12 45 44 39 24 7 26 19 25 10 2 8 10 2 8 2 14 11 1
14 29 17 3 16 23 29 18 9 3 39 0 30 0 6 3 3 33 0 10 8 22 26 5 3 11 1 4 6 6 4 24 10 13 20 6 26 21 37 9 0 17 20 1 28 7 25 4 18 10 0 11 0 26 16 2 18 51 16 8 27 5 1 28 8 3 2 18 2 1 28 6 25 11 10
2 7 2 24 15 0 7 21 1 9 53 46 23 13 10 1 1 12 9 5 9 8 2 18 18 11 0 1 17 16 15 20 11 28 16 26 30 16 16 10 1 28 35 4 25 8 14 13 1 10 21 1 16 8 33 9 12 8 9 21 4 1 5 5 11 17 12 6 1 11 13 10 63 3 12
27 6 4 1 9 4 20 10 14 28 6 4 11 3 6 25 16 19 13 0 8 0 10 4 10 17 6 1 1 11 12 13 9 1 61 14 25 11 8 3 13 3 0 11 13 6 21 20 39 29 19 9 14 6 2 0 10 18 7 16 2 25 11 3 2 30 109 33 12 13 0 0 8 33 12
-1 35 0 7 1 10 3 6 9 21 19 0 0 10 19 3 5 6 9 3 1 9 20 1 108 17 50 33 3 3 9 4 47 2 7 22 2 18 14 14 21 53 5 2 4 8 6 13 0 6 10 0 14 2 16 1 11 37 1 18 0 28 16 5 43 4 14 5 37 3 31 1 6 10 20
