25 75
9 24 0 5 23 15 2 8 17 17 26 5 71 10 6 46 4 28 12 28 3 2 2 9 17 9 9 25 2 0 12 20 20 22 35 32 24 5 5 1 2 2 39 2 17 4 27 0 0 9 34 0 15 5 39 13 11 33 0 3 0 3 13 2 2 23 1 5 29 0 2 42 10 0 3
7 26 10 1 21 7 7 17 0 16 16 14 10 4 10 63 6 5 0 5 6 36 38 8 32 17 4 8 6 3 0 4 32 20 0 6 0 7 0 9 20 1 42 1 1 4 11 22 9 19 35 4 41 6 3 26 0 5 28 38 43 11 7 13 17 4 0 24 18 29 3 19 2 4 9
4 4 2 21 34 24 12 6 65 15 5 1 4 1 14 36 2 11 9 21 15 20 7 8 4 9 12 3 0 5 2 0 31 2 17 2 9 16 17 20 5 21 17 23 32 9 1 8 19 3 32 12 2 26 8 6 12 8 0 19 13 9 8 3 21 4 9 15 5 12 2 31 11 4 100
10 3 4 8 20 1 0 23 15 45 10 39 1 10 1 7 44 5 3 6 5 2 49 4 1 21 1 0 8 0 14 17 2 49 8 26 43 27 28 12 2 5 5 1 2 19 2 12 14 21 14 5 37 0 41 21 10 18 6 4 2 16 2 13 10 19 10 10 1 19 59 2 15 3 8
6 3 15 23 0 8 0 1 18 5 13 55 40 1 17 7 19 0 1 24 0 25 49 1 11 8 43 3 26 3 9 6 1 5 12 7 23 6 9 36 5 4 42 19 17 9 3 16 15 6 21 25 6 13 1 5 13 11 9 9 7 25 0 25 9 12 2 4 0 4 10 13 51 4 46
3 14 9 14 5 30 0 15 5 15 15 23 1 0 27 5 12 4 0 11 17 0 39 1 1 30 41 5 15 39 1 0 9 3 0 51 54 0 8 23 37 1 0 29 1 1 12 23 30 14 3 2 14 5 8 18 1 37 11 15 14 18 4 33 9 16 0 27 6 8 5 5 16 19 13
2 9 4 34 2 17 0 5 19 2 15 21 0 3 6 6 8 11 4 11 12 20 5 10 100 7 34 13 5 6 2 12 4 11 0 2 27 29 16 26 0 4 2 20 9 2 34 3 18 1 1 9 10 11 0 2 5 0 8 39 7 39 18 8 19 5 28 25 21 32 20 6 7 37 30
3 16 18 44 11 9 5 15 3 49 6 22 11 25 49 2 11 9 4 5 48 47 7 3 26 17 1 13 3 7 33 0 12 11 7 2 0 12 9 28 18 16 2 5 6 21 15 8 30 4 14 4 4 1 19 15 0 15 32 3 21 15 1 23 10 7 9 13 4 6 2 6 10 25 13
3 1 7 11 3 4 11 17 21 5 1 4 7 15 5 42 20 15 35 2 13 5 42 22 14 0 30 2 8 16 18 8 9 0 19 6 18 17 8 11 4 17 8 13 6 4 6 2 7 4 40 23 13 21 3 3 16 3 11 2 67 4 2 21 16 11 9 31 2 8 16 75 1 7 29
9 31 8 42 0 17 9 5 1 4 2 4 46 5 1 27 2 19 11 1 5 8 7 18 1 5 6 29 9 19 7 14 17 25 19 11 11 28 15 13 11 69 9 6 15 27 17 30 21 5 8 12 14 22 8 1 28 17 12 12 1 12 5 0 21 12 0 6 21 5 0 11 30 15 6
33 18 17 32 6 2 1 9 14 3 23 0 31 23 6 10 7 10 9 22 14 23 8 12 36 11 43 3 6 0 9 6 15 6 2 9 3 5 8 12 0 6 6 5 13 22 32 6 9 1 19 32 0 31 8 1 12 9 24 2 3 3 22 8 20 20 5 19 1 64 2 31 1 33 23
10 45 7 23 21 23 22 11 6 2 20 0 13 5 48 17 16 6 3 22 23 3 20 13 4 18 1 10 5 8 9 4 2 7 9 31 23 16 3 13 17 42 13 15 2 1 22 21 21 12 25 30 12 4 14 21 20 17 7 3 4 1 2 8 15 0 4 8 4 27 15 40 3 0 8
10 3 75 25 2 0 24 58 1 10 3 5 17 0 7 0 5 5 1 23 6 3 3 6 28 19 22 0 49 4 2 21 23 31 27 74 22 1 7 4 33 3 12 13 7 5 3 14 4 16 3 2 0 6 10 18 2 39 5 4 7 2 46 13 3 1 3 8 39 11 4 0 25 4 9
8 4 6 49 5 8 9 7 21 13 1 5 42 99 9 13 16 26 1 13 19 2 8 0 9 19 19 4 2 7 4 5 0 9 10 9 8 6 2 4 5 1 51 9 8 14 24 2 11 1 5 9 14 8 2 9 33 35 19 18 3 26 11 5 3 21 1 2 29 70 3 19 0 2 26
2 21 38 23 83 2 1 5 5 16 34 7 0 23 2 13 4 13 10 16 5 4 28 16 8 7 11 6 12 12 1 5 44 35 5 2 36 6 40 5 1 3 14 15 26 5 30 2 1 5 12 15 4 21 0 6 9 1 34 7 40 13 5 2 4 26 11 28 11 2 22 3 6 3 7
11 5 12 46 30 5 46 26 9 5 20 36 18 8 3 16 0 9 1 4 1 48 5 1 22 51 17 6 4 22 32 0 16 17 21 43 17 11 6 4 6 4 5 20 24 11 1 15 1 16 7 16 7 6 19 1 3 24 15 3 21 11 2 1 14 0 19 0 16 4 6 28 8 5 7
-1 20 6 3 0 10 1 5 10 17 34 14 9 2 15 14 2 10 30 2 23 10 3 0 6 3 21 12 13 38 15 48 12 3 0 10 2 1 5 22 5 15 4 12 4 0 31 16 9 23 69 9 22 13 42 18 19 10 3 26 1 43 9 52 3 4 22 14 15 5 0 9 6 3 14
-1 9 2 14 30 6 0 38 26 13 20 6 60 1 10 6 8 5 1 5 10 25 28 2 1 7 23 2 9 9 6 7 8 4 8 8 5 29 5 21 36 0 14 6 4 2 1 8 26 12 22 7 2 3 4 17 4 6 32 35 29 10 17 0 34 7 19 1 38 0 44 24 21 34 5
6 6 15 1 7 61 18 0 6 18 5 0 15 28 11 29 42 11 10 9 8 6 24 6 42 32 8 4 19 10 3 20 11 5 0 0 4 6 6 9 27 15 14 7 2 21 3 21 19 0 17 20 86 21 3 6 4 19 13 4 43 7 15 2 7 7 5 2 6 12 4 1 3 24 19
2 13 8 13 15 7 0 1 60 3 36 7 14 9 4 0 25 6 1 5 20 17 0 3 32 0 32 1 1 19 2 6 11 28 0 6 1 33 43 1 15 31 29 2 10 55 14 11 1 28 4 54 0 10 1 2 20 3 22 21 2 12 6 1 12 12 14 51 6 0 24 9 12 6 15
33 3 8 15 23 5 32 15 20 18 4 39 4 3 15 3 1 0 86 5 34 57 7 13 5 6 2 5 14 35 11 6 11 1 18 10 9 7 9 9 1 26 9 21 7 3 7 19 1 5 2 9 0 14 8 4 9 9 3 5 13 21 16 55 5 0 1 22 7 21 13 4 2 13 44
5 8 35 9 3 2 10 25 9 5 9 5 8 1 46 16 2 8 28 20 15 6 13 6 9 7 4 5 3 20 9 27 44 28 5 32 12 15 0 1 3 0 19 4 0 11 15 8 20 19 10 13 5 10 30 10 5 6 3 0 5 60 16 2 38 6 38 11 3 42 5 5 46 13 4
13 27 1 26 14 20 18 10 4 19 1 8 6 12 3 0 0 44 27 9 3 7 8 4 68 0 46 11 9 9 7 6 2 0 1 0 6 9 18 7 32 8 8 0 6 8 2 20 28 32 14 24 21 8 0 1 57 25 14 24 7 4 0 7 3 15 16 48 37 14 2 5 15 1 11
2 1 22 19 1 5 3 20 13 4 25 2 20 43 4 3 14 8 3 15 12 5 9 12 9 35 21 11 30 5 29 1 13 5 1 32 3 3 8 23 12 14 38 14 21 4 22 10 33 16 2 6 3 4 5 3 8 17 13 21 38 15 26 4 26 13 0 28 8 10 25 8 17 9 13
24 1 78 37 10 2 5 29 0 22 35 0 9 2 6 0 1 27 5 21 1 8 1 17 8 8 55 0 2 7 2 2 37 23 8 15 0 2 7 0 5 10 57 21 20 11 7 19 12 26 3 0 9 10 0 8 1 9 15 48 3 17 7 12 18 34 17 9 42 3 2 3 7 11 7
