25 75
6 7 34 14 2 7 6 22 7 30 24 3 43 17 22 9 1 4 47 1 5 22 40 0 17 1 11 4 19 26 6 8 18 9 14 13 5 24 30 32 9 63 0 2 14 2 6 15 5 2 4 9 2 27 2 0 3 5 20 1 11 19 3 5 17 14 16 4 8 29 4 8 15 30 16
6 17 9 16 15 4 17 6 8 23 19 0 0 5 0 7 5 19 1 42 0 10 15 39 17 7 11 8 9 15 18 33 3 4 20 20 3 0 22 30 36 20 27 7 1 5 6 123 13 2 7 28 6 18 2 10 34 8 1 1 1 20 26 7 1 3 14 16 12 1 10 10 0 13 8
22 2 33 7 2 10 1 14 13 27 14 21 4 31 11 15 2 26 4 0 1 20 1 3 1 4 4 17 2 13 23 1 0 5 1 16 3 22 8 15 16 79 60 30 3 15 9 11 17 1 16 4 62 2 5 47 12 20 11 7 13 5 39 8 2 7 22 3 1 2 29 0 20 2 1
4 30 16 42 6 4 32 17 7 9 0 0 28 3 1 1 7 3 9 6 3 3 28 9 4 1 27 20 6 11 22 1 22 21 18 57 16 5 12 4 15 8 6 11 8 7 2 51 9 5 14 20 0 8 5 1 10 17 11 17 32 23 19 20 31 15 27 19 4 2 1 38 13 8 8
4 21 23 6 11 5 10 8 34 3 13 2 18 9 9 21 38 8 16 0 52 10 1 34 2 14 0 4 0 2 50 5 2 26 1 29 5 9 31 1 0 9 11 5 10 6 7 83 32 9 24 7 0 4 15 4 3 2 16 15 16 37 31 5 10 12 5 15 7 9 17 20 6 8 3
4 0 1 44 31 4 5 13 58 17 12 5 3 7 7 2 14 0 10 2 38 15 12 41 14 18 3 2 78 7 9 4 38 1 18 0 0 3 30 22 11 17 1 0 15 9 0 4 6 19 12 18 8 16 21 33 11 7 2 12 10 16 15 8 9 3 11 1 2 8 12 14 27 36 14
0 29 87 11 13 11 35 0 15 1 38 4 3 21 3 22 9 17 48 0 12 5 29 31 12 24 23 18 11 13 13 1 7 15 11 30 6 0 21 0 4 16 1 12 2 7 4 16 21 15 1 11 13 23 4 3 0 21 10 0 10 0 2 0 13 11 8 1 9 16 2 1 2 47 45
12 12 6 48 37 34 34 14 3 0 7 7 40 6 10 12 9 7 3 9 51 30 7 34 17 4 8 1 4 38 14 4 0 4 33 18 12 16 3 5 2 4 0 17 6 23 9 9 37 7 15 12 2 26 6 21 17 25 15 16 20 11 3 16 3 11 24 5 0 2 10 1 7 2 3
3 11 41 1 18 3 3 1 4 43 1 9 39 8 0 15 19 12 12 4 9 6 1 14 12 40 12 8 11 20 3 3 21 19 8 5 4 1 0 14 4 5 13 3 0 9 23 24 1 28 45 13 3 2 4 37 50 19 20 38 0 33 26 13 13 4 19 31 21 1 4 16 12 4 4
25 0 1 1 5 15 5 4 14 67 17 19 4 10 11 2 3 10 11 26 24 20 9 24 5 22 21 0 15 5 4 16 1 2 36 2 11 8 2 3 10 7 18 0 11 6 14 5 4 21 49 16 11 1 42 0 1 55 6 8 20 7 10 16 1 30 27 30 25 7 4 15 21 18 4
1 10 6 17 11 9 31 4 23 12 32 2 22 3 63 3 5 10 33 23 24 6 6 1 20 15 1 12 4 34 4 15 7 8 32 9 1 25 1 2 15 13 23 1 4 24 4 13 6 1 5 21 14 6 45 9 7 7 1 1 5 36 17 3 52 22 1 11 6 13 25 4 1 25 12
3 3 11 4 1 8 7 17 4 40 24 18 5 14 16 3 26 1 17 18 0 20 7 14 34 13 22 31 2 7 1 19 21 9 19 2 0 23 11 5 19 3 14 4 32 36 0 1 9 4 11 25 9 2 20 2 13 5 3 8 10 56 5 25 5 0 3 9 40 66 24 15 0 7 15
24 3 6 6 2 41 10 8 4 14 14 17 6 45 49 6 5 27 55 3 8 0 55 10 11 0 3 6 7 11 3 10 33 18 3 1 11 13 4 25 18 6 1 0 14 32 31 16 4 2 4 17 11 13 21 1 4 7 12 7 9 32 10 19 26 4 28 2 9 0 23 20 2 10 8
13 23 18 20 2 3 10 23 0 20 1 1 11 24 6 26 22 2 9 19 20 2 1 21 23 0 10 7 23 3 12 5 24 0 26 7 19 26 46 8 12 9 22 37 8 14 20 3 27 1 5 13 10 7 15 15 17 1 1 12 10 9 12 5 2 11 15 43 17 29 1 23 27 5 6
18 2 13 16 8 14 3 4 13 0 14 24 19 17 26 4 0 10 10 18 9 1 6 7 9 0 28 18 16 26 2 8 10 13 11 19 34 6 8 4 22 0 21 11 56 15 0 5 12 11 16 27 6 3 24 16 18 22 5 24 10 2 3 14 3 49 0 44 13 40 1 1 4 4 30
2 8 4 10 0 12 5 4 1 0 31 11 10 0 43 25 0 4 24 27 12 5 3 4 5 49 31 7 20 9 19 0 20 16 4 6 0 4 4 1 17 3 13 23 2 1 20 21 32 12 7 3 27 32 10 2 3 25 51 17 14 22 32 19 6 14 12 13 24 22 12 6 25 13 5
5 1 7 21 3 11 10 29 6 5 6 8 5 9 44 5 0 14 22 8 10 19 7 28 28 8 11 18 18 2 1 4 22 22 2 24 7 4 3 33 4 7 11 31 12 0 4 10 8 20 0 20 21 14 76 6 18 11 22 8 13 1 1 2 54 13 13 5 32 3 31 16 6 10 7
5 6 2 22 2 19 0 19 3 17 6 18 29 6 27 14 2 6 12 33 5 58 20 26 9 19 2 4 34 50 17 10 10 11 19 0 2 0 17 1 18 11 30 0 4 9 30 3 4 1 30 4 10 3 2 37 0 12 2 1 1 5 12 1 13 5 11 14 16 13 7 62 16 17 34
4 42 7 13 21 21 11 12 8 1 22 7 30 15 19 7 16 0 1 54 20 10 11 7 3 10 23 10 28 2 5 7 2 8 13 27 12 32 45 1 30 3 26 15 37 18 22 3 1 27 7 22 11 0 3 3 11 3 2 9 10 8 8 22 26 15 22 0 10 5 4 2 13 10 5
17 21 11 2 9 12 1 3 38 13 18 22 7 11 20 0 30 0 21 18 68 13 10 11 11 0 0 13 18 34 1 6 21 6 7 0 1 13 16 16 22 0 8 18 16 26 25 18 5 8 2 7 47 18 16 23 7 6 0 15 10 0 6 9 30 3 9 8 4 12 2 8 63 1 9
61 27 15 5 13 3 39 11 13 36 14 4 0 9 4 2 9 2 51 3 13 66 16 25 43 10 3 37 57 9 0 46 0 7 10 16 2 4 1 5 6 0 31 35 39 13 6 3 6 0 10 22 10 2 4 0 0 0 4 8 3 0 7 0 12 2 22 2 6 2 13 5 13 19 4
12 7 8 20 4 23 10 37 9 4 12 28 2 9 0 9 7 1 26 7 21 49 41 11 20 5 1 7 2 24 26 6 11 1 21 6 5 15 17 7 10 24 16 10 38 7 2 7 21 22 4 1 3 22 1 14 4 7 2 28 0 35 2 2 28 1 7 46 12 69 7 0 7 5 5
48 5 3 11 6 11 11 7 11 13 38 27 0 1 33 5 3 6 15 1 1 52 10 1 4 10 5 19 9 3 6 10 5 4 0 40 0 3 37 7 9 0 8 25 3 31 15 16 27 44 23 8 7 11 3 10 16 8 3 9 21 40 7 34 0 55 7 2 18 17 0 2 9 17 14
30 16 3 0 4 17 4 31 2 31 10 15 1 7 14 13 4 8 16 10 37 20 2 20 10 17 1 1 9 4 3 12 28 5 19 4 44 37 3 3 4 10 11 7 0 21 8 5 5 48 43 7 0 32 24 19 4 13 0 10 2 14 8 12 0 22 20 59 12 4 28 1 16 14 2
11 2 9 1 15 43 17 11 4 0 0 88 4 10 14 3 15 7 19 3 23 3 25 11 4 12 9 8 3 20 4 5 3 16 8 5 3 14 29 1 31 3 8 0 22 4 0 8 0 1 74 2 33 2 0 12 0 21 27 48 7 0 10 37 11 34 1 21 10 8 15 12 18 0 38
