25 75
0 6 2 6 5 0 24 6 26 7 4 36 6 19 15 8 3 14 0 21 8 23 9 30 4 3 10 52 8 23 15 30 33 15 3 13 29 4 14 15 1 5 3 2 3 4 11 9 34 15 13 17 42 2 12 5 22 43 22 2 16 6 4 16 72 2 1 19 14 3 5 11 8 3 4
2 5 10 12 1 2 8 5 5 4 6 40 21 0 47 2 20 23 27 31 22 4 43 24 0 19 70 6 18 8 0 7 22 25 1 17 0 0 20 3 3 28 9 7 1 17 4 14 7 1 1 10 7 13 31 4 13 22 7 21 12 1 22 8 15 35 1 7 2 18 20 30 1 13 15
28 2 17 0 12 3 7 6 3 0 20 27 16 26 8 0 0 10 9 31 5 1 0 77 22 49 8 64 1 0 14 17 5 61 4 8 22 16 5 5 35 16 4 1 2 39 3 0 13 11 3 1 8 0 8 21 14 9 3 8 7 6 1 53 23 2 1 18 5 11 11 27 9 7 11
4 15 7 1 3 29 11 3 18 18 5 12 17 21 15 1 10 6 0 17 0 1 26 22 6 19 0 6 7 7 14 20 1 32 40 20 9 4 0 23 6 22 39 15 7 8 13 15 51 4 17 11 11 5 21 7 6 5 26 18 2 3 36 4 17 8 11 31 5 1 11 18 18 52 6
8 4 4 34 6 5 11 1 38 9 14 3 5 30 4 5 8 21 3 36 22 0 14 1 7 3 12 10 2 6 6 30 12 29 31 47 7 1 80 3 5 1 5 33 5 1 9 4 10 9 13 32 16 10 29 34 2 3 0 8 4 1 13 30 83 2 25 2 7 6 0 1 6 7 12
0 2 29 0 0 7 36 10 21 24 8 39 7 7 14 20 3 2 4 9 9 6 5 1 3 9 10 7 18 12 11 14 3 1 95 6 18 0 18 2 15 5 7 8 8 3 13 34 12 11 40 4 11 2 23 4 6 14 0 0 42 11 1 37 10 4 84 28 13 3 25 6 1 15 10
24 0 9 7 9 3 8 10 24 10 1 10 31 22 7 0 5 2 36 2 11 0 0 13 24 9 17 31 46 0 37 16 23 8 1 5 4 16 2 22 52 3 35 7 0 4 7 6 67 46 23 21 10 18 12 8 21 2 0 10 4 11 14 28 4 3 15 8 4 4 2 8 7 25 6
26 5 19 4 1 21 35 14 1 8 22 17 21 1 1 2 4 16 8 4 19 23 6 5 3 5 10 40 5 0 5 19 30 36 17 8 5 67 17 18 6 29 22 6 6 4 8 47 19 34 3 24 1 5 15 41 9 4 31 5 0 19 7 9 20 2 4 2 10 9 5 0 17 0 9
14 19 64 50 17 54 5 8 1 22 8 4 9 28 0 4 1 13 15 121 1 36 15 19 8 20 0 0 1 0 13 8 7 6 24 3 3 13 11 0 15 5 2 25 26 1 2 4 20 9 23 8 5 1 0 11 60 1 2 5 23 30 15 4 0 2 5 8 6 7 2 5 4 15 4
17 8 9 19 19 10 13 20 8 5 2 26 8 10 11 3 5 12 0 61 3 9 17 12 48 0 27 24 30 2 17 25 3 7 6 4 4 20 37 63 4 7 11 8 11 4 8 30 6 3 1 3 7 18 7 11 19 18 41 23 12 8 7 7 5 12 18 0 0 10 8 1 16 27 5
24 29 29 7 30 29 5 40 2 17 11 13 22 14 2 0 1 12 0 4 23 2 50 14 6 1 1 3 9 21 26 54 23 3 3 6 35 8 19 0 24 30 1 3 22 1 22 6 7 5 2 17 14 2 15 23 12 1 5 3 15 13 37 7 12 2 1 42 2 1 2 0 12 34 7
20 2 4 9 20 15 9 5 3 6 56 6 4 1 28 9 0 40 21 3 9 3 46 5 17 2 17 2 11 36 0 29 12 31 6 16 13 15 22 4 32 8 18 16 13 2 4 7 4 21 4 3 8 6 15 1 24 18 4 28 24 2 0 26 12 0 15 10 5 16 38 15 3 24 17
13 6 3 18 14 5 3 12 6 25 18 19 7 5 15 2 4 17 11 21 7 4 30 19 16 16 4 41 12 31 3 0 12 4 0 10 21 0 56 4 68 13 3 2 15 7 9 3 10 6 37 1 14 8 5 9 11 14 8 56 9 33 1 1 1 0 13 32 2 6 9 22 21 31 6
17 51 23 1 6 8 5 7 1 15 12 2 9 6 32 0 19 11 12 33 31 3 4 35 2 35 4 3 25 1 1 9 14 0 3 5 33 22 3 0 35 4 13 15 9 16 15 18 5 6 54 12 29 21 3 4 1 27 2 8 12 13 9 19 33 7 20 10 7 26 5 22 6 3 8
20 49 0 20 7 18 1 20 21 16 38 3 13 7 17 22 17 30 23 1 12 1 7 0 2 26 0 13 8 32 5 1 44 1 10 14 3 1 25 13 20 8 4 0 6 6 11 2 31 16 47 8 1 33 11 11 6 3 33 9 21 6 15 15 12 2 38 2 4 2 23 5 3 11 14
15 52 0 14 24 47 6 0 9 7 25 13 6 22 15 42 22 2 22 6 21 1 2 9 8 1 20 12 7 7 1 10 11 26 12 14 9 51 15 22 5 11 11 27 10 18 1 3 8 5 2 3 32 12 14 1 11 2 1 20 0 3 8 13 6 30 28 10 25 2 5 1 12 11 41
6 21 5 9 36 1 13 8 10 21 15 13 4 17 0 28 49 5 10 5 13 16 33 5 11 25 7 38 9 0 18 48 25 8 5 27 27 11 10 2 2 4 7 5 1 8 28 4 13 53 15 4 11 0 5 2 7 6 15 13 27 15 4 39 38 8 3 17 6 13 7 0 3 2 1
14 39 21 5 16 8 13 0 1 29 0 15 17 3 1 7 42 13 0 6 6 9 20 12 34 4 22 4 24 0 6 18 9 0 5 16 39 19 26 14 13 0 8 11 25 5 2 12 36 4 25 56 10 10 1 0 38 12 14 5 12 4 19 8 4 1 17 1 19 1 28 15 12 13 22
8 21 29 0 7 17 11 10 49 8 28 67 6 9 19 0 14 4 12 28 12 0 4 7 5 29 11 27 0 50 7 7 13 25 0 19 19 5 39 12 13 1 21 0 8 1 9 1 6 13 9 20 1 0 3 37 1 27 30 13 10 2 10 27 3 21 5 7 1 21 11 20 6 3 1
1 34 11 23 26 7 3 6 4 8 5 7 85 4 23 30 4 0 1 4 3 3 1 13 3 6 5 5 0 1 36 6 35 5 19 21 16 5 1 30 11 42 14 3 0 5 0 9 4 1 0 0 44 3 29 12 5 9 39 12 1 28 3 51 6 1 21 56 3 9 56 6 1 10 6
10 0 11 36 0 21 12 7 21 2 12 6 39 9 19 9 10 7 8 3 13 0 1 9 41 29 33 18 7 6 34 18 29 10 17 4 43 8 3 3 0 5 15 6 16 17 0 8 28 5 21 17 6 5 3 0 28 22 1 3 7 17 4 40 24 31 3 1 12 0 7 10 22 23 25
27 2 15 40 10 2 14 10 39 54 16 1 11 19 0 13 22 1 2 25 3 4 7 12 4 3 24 9 71 69 12 17 6 14 4 1 8 3 1 4 1 8 20 11 12 8 18 12 9 12 16 7 15 8 16 28 5 10 19 1 7 7 56 9 7 2 18 0 16 0 5 2 8 4 24
19 30 10 0 21 4 22 15 5 1 0 3 1 2 0 4 22 39 7 18 23 17 8 17 19 27 10 14 15 1 1 9 14 14 28 13 0 14 8 15 8 1 24 1 33 7 14 6 7 15 3 4 42 0 12 61 11 16 12 6 6 2 22 32 24 4 4 11 0 34 9 31 0 26 22
7 55 33 5 10 35 30 6 34 22 8 12 28 1 3 4 7 23 0 1 16 6 17 6 14 47 12 2 2 13 5 3 39 31 0 14 7 40 1 14 9 4 11 18 34 7 16 12 7 3 44 17 0 20 4 3 0 0 24 1 0 30 7 1 1 6 4 18 18 6 17 14 11 16 4
-1 21 30 1 5 6 20 10 8 3 11 11 15 10 0 12 13 8 9 22 0 0 5 21 18 16 19 9 16 13 7 9 4 4 68 21 24 6 22 14 3 11 14 12 6 1 20 36 9 2 4 4 7 1 11 21 21 19 6 37 8 3 32 2 5 15 13 2 24 6 31 42 36 10 16
