25 75
3 33 16 1 25 14 11 6 17 4 3 2 15 29 5 0 18 1 0 46 15 0 4 19 15 2 5 2 9 1 7 0 19 9 2 3 10 1 31 20 2 35 21 85 20 1 38 34 3 24 18 8 3 5 13 16 53 4 15 1 2 28 5 7 2 8 6 11 15 17 35 28 2 11 1
16 27 7 26 6 1 0 12 0 32 20 8 23 22 0 40 26 15 41 9 0 4 3 4 11 11 8 17 8 5 4 2 6 6 30 18 1 25 23 3 16 6 29 50 17 1 42 2 12 10 17 6 35 2 12 42 0 8 5 34 6 3 7 12 5 4 9 15 9 2 15 13 19 2 13
5 6 4 6 22 38 3 5 15 19 3 10 4 0 18 0 2 4 52 26 10 34 16 0 6 25 9 4 9 8 6 39 1 32 5 11 2 8 6 27 14 4 3 0 1 8 8 9 18 12 13 3 34 13 6 75 24 9 4 20 4 12 6 16 10 2 17 4 81 3 25 14 11 1 16
9 5 21 4 13 1 32 69 60 0 3 17 21 7 19 17 3 3 2 8 11 21 34 32 9 4 0 4 6 19 28 16 0 3 7 36 12 10 6 7 17 16 0 8 0 5 1 4 11 10 10 10 6 12 25 4 79 30 0 5 3 1 20 20 0 2 1 16 14 2 41 18 2 21 7
7 30 8 48 15 19 12 10 31 1 7 6 35 19 1 25 4 3 0 10 25 16 3 43 24 31 10 27 9 3 32 3 0 1 13 18 15 5 19 24 21 2 8 3 27 0 9 19 20 2 3 3 3 1 20 6 5 5 7 2 43 16 41 2 13 24 1 3 15 3 12 2 18 20 9
8 10 15 6 2 3 27 0 1 19 3 2 4 8 1 0 10 16 12 22 25 5 27 12 3 32 56 3 6 30 0 27 12 15 55 7 25 30 6 7 19 2 56 14 4 6 7 0 11 13 6 3 19 19 41 19 16 6 41 6 0 4 19 12 5 52 5 10 5 2 0 8 0 14 4
9 7 3 2 25 6 0 8 39 15 2 14 35 10 9 20 3 2 3 1 23 3 1 5 9 8 1 23 7 6 0 4 18 65 18 32 17 2 13 51 14 12 11 27 34 18 4 4 25 18 7 4 4 12 6 66 8 10 8 5 1 19 3 0 23 17 13 0 8 23 27 17 6 21 6
50 23 3 75 2 14 6 7 14 2 5 0 1 10 17 14 9 5 5 12 11 4 3 15 1 8 34 9 13 30 13 7 0 7 16 7 30 6 3 19 6 10 15 5 6 59 2 32 5 7 0 57 1 16 1 26 3 24 3 5 4 20 24 9 28 17 17 14 17 2 17 0 17 9 12
5 11 5 0 33 9 10 14 9 13 10 30 8 1 3 2 10 23 33 10 12 2 1 8 0 27 4 15 7 33 0 36 32 2 6 44 60 22 5 14 18 34 4 4 2 13 11 6 3 2 54 13 11 13 22 5 5 15 4 3 25 16 17 1 6 39 1 3 2 14 1 3 0 1 60
14 2 3 11 8 15 84 2 8 12 4 18 1 2 24 38 16 7 0 7 0 1 1 6 11 3 0 0 19 11 18 32 4 18 1 15 10 4 10 25 36 12 19 12 22 7 6 7 4 24 2 1 22 0 30 47 10 15 70 14 56 6 9 6 0 23 34 14 9 3 9 0 1 0 5
3 8 8 45 15 1 9 20 22 2 31 1 17 7 7 19 15 10 18 2 19 10 23 17 2 18 5 4 9 17 19 30 10 9 10 11 9 8 45 36 4 0 13 6 7 1 0 40 19 3 8 18 6 8 12 2 2 12 12 1 4 5 33 47 12 11 29 24 20 19 12 2 12 4 21
0 11 9 8 5 43 21 7 21 17 8 13 13 1 2 6 35 21 3 13 2 20 12 10 6 29 3 5 3 7 6 17 13 8 4 7 15 4 3 25 30 9 13 40 5 11 0 1 36 26 0 10 21 2 14 7 5 1 8 8 7 21 59 22 7 35 4 26 19 40 32 2 9 6 8
6 0 11 4 25 17 23 0 9 16 62 17 33 1 5 1 20 5 4 33 20 1 31 8 3 18 37 0 42 6 41 3 0 15 6 15 15 2 5 14 34 30 2 7 0 25 11 0 5 1 8 52 1 20 3 11 12 8 9 11 37 10 6 4 4 1 3 3 20 34 20 18 1 11 4
0 16 10 31 30 7 31 34 7 19 29 26 18 15 7 55 28 22 30 4 20 10 7 2 3 2 4 0 6 3 13 20 3 34 28 8 4 3 5 6 0 1 50 9 29 6 23 44 7 4 12 14 13 5 7 2 3 6 4 4 7 2 30 1 2 15 9 7 5 16 1 27 23 6 6
10 56 15 8 11 28 21 1 9 14 3 10 0 51 1 2 21 11 4 12 50 2 8 42 3 13 8 4 2 16 2 46 1 0 13 6 19 19 37 4 5 11 0 1 1 8 1 12 20 3 0 18 2 4 8 8 0 18 57 43 20 11 2 3 3 50 1 5 17 46 10 1 1 5 22
8 6 2 13 3 25 36 1 22 13 14 3 4 34 6 3 11 29 0 41 1 20 10 5 1 75 0 39 16 9 11 14 11 6 4 16 0 11 11 23 7 37 2 5 29 3 0 4 6 24 3 1 8 0 25 4 2 33 1 3 7 1 23 8 19 34 33 3 0 2 9 18 47 28 14
24 3 4 11 5 4 17 4 16 13 15 16 2 3 20 2 20 15 2 20 31 4 8 1 17 16 37 16 12 13 1 8 10 10 19 44 6 2 5 9 11 3 16 28 3 3 40 5 7 9 1 35 13 38 16 5 23 13 11 17 25 23 3 13 11 18 8 6 4 2 28 0 8 32 37
3 2 3 7 28 7 24 1 15 10 28 19 0 2 43 1 8 10 6 11 6 3 20 4 0 4 10 10 15 24 2 29 18 37 4 18 6 1 0 2 7 5 1 8 10 18 1 2 1 16 36 27 0 4 25 6 16 1 8 1 21 4 1 18 21 7 38 77 1 61 12 26 18 27 34
13 1 3 0 6 12 19 30 19 11 4 6 4 28 23 1 2 5 0 2 15 6 23 30 9 42 1 2 43 4 23 41 29 29 4 16 8 7 7 15 22 6 9 10 38 1 10 24 7 11 2 0 10 12 5 21 41 4 22 49 9 22 1 2 18 20 1 6 15 5 0 16 22 2 14
58 1 6 2 2 1 13 36 3 28 45 0 2 10 8 7 1 27 4 43 13 19 36 3 20 5 8 9 53 4 2 31 4 12 0 0 0 3 9 18 1 0 6 16 18 17 41 10 15 1 19 8 13 13 28 2 7 25 8 17 39 4 17 19 3 9 2 11 20 1 5 27 4 6 22
37 5 38 29 35 1 3 2 3 31 4 10 16 5 19 1 21 55 9 12 15 2 1 24 14 2 12 2 0 7 2 1 37 8 1 11 37 26 11 5 40 7 2 0 39 40 20 3 3 11 4 8 30 10 15 0 15 2 15 2 3 4 10 27 17 6 18 10 0 15 9 17 27 5 12
-1 7 1 30 2 32 1 27 9 30 23 6 28 5 5 2 13 7 15 0 12 6 15 27 6 63 35 14 5 15 4 6 8 3 21 1 4 2 24 1 2 0 2 19 4 24 3 0 27 101 16 3 25 5 5 7 34 0 0 40 4 4 7 20 5 31 2 11 7 4 28 28 1 15 2
19 23 5 13 9 7 23 3 6 14 18 2 13 4 0 14 5 5 1 31 0 9 39 9 10 11 14 2 6 27 58 41 2 14 0 7 20 13 9 7 2 6 18 12 3 0 50 0 7 11 9 7 21 2 3 15 20 2 2 5 4 4 3 16 18 12 52 13 50 56 54 0 5 1 4
21 14 2 8 13 15 4 12 1 34 12 5 25 25 30 3 6 6 15 4 39 2 9 27 13 3 4 0 9 15 4 3 32 11 5 12 0 4 8 50 3 21 24 0 0 28 31 0 43 16 3 63 15 15 2 1 15 32 2 12 16 22 19 12 0 10 7 16 8 0 8 8 38 4 1
2 24 10 13 8 9 6 5 0 10 4 6 0 23 38 38 1 19 7 4 3 19 60 2 27 32 6 14 7 21 26 0 37 2 0 11 6 9 2 12 6 13 36 24 3 11 14 1 11 34 46 25 2 22 77 20 8 17 6 0 2 6 17 13 2 10 2 0 14 9 6 1 6 9 4
