25 75
27 6 28 17 39 0 26 4 12 0 4 6 8 30 5 8 1 5 9 7 45 27 0 38 48 0 5 9 1 32 3 1 25 3 42 0 11 44 15 13 26 7 4 23 5 19 0 22 4 38 13 7 6 2 3 15 6 2 0 15 22 10 11 8 4 12 29 13 14 2 4 5 23 18 4
2 18 7 28 1 26 1 13 6 6 4 23 24 17 6 12 16 0 4 10 24 12 3 4 2 29 20 8 7 18 17 0 12 7 4 41 11 4 12 7 22 6 5 20 10 4 9 3 6 13 29 8 34 20 8 10 6 40 6 8 13 23 20 44 55 20 12 7 2 16 32 5 0 3 15
0 24 8 1 4 20 5 29 6 6 2 15 14 1 1 13 1 9 30 41 17 14 8 3 10 11 12 0 35 14 13 68 2 25 102 2 12 48 35 26 2 5 17 6 3 4 10 0 0 16 21 11 9 19 28 31 10 2 7 11 1 2 15 11 2 1 10 7 2 8 6 2 4 18 12
9 0 38 5 8 12 45 1 48 4 9 8 7 17 19 10 12 29 0 34 4 5 15 96 23 6 32 0 12 8 0 12 4 2 18 6 20 16 18 1 37 9 14 20 10 13 23 3 9 4 15 12 8 1 0 9 0 29 5 47 1 12 7 2 1 10 2 16 8 6 3 9 15 23 4
6 0 15 0 19 22 5 1 11 50 9 21 1 12 21 12 45 0 31 27 0 9 0 12 14 4 21 3 13 9 13 2 32 9 8 4 25 29 2 16 0 64 7 5 2 5 7 26 3 23 34 28 18 1 9 6 19 0 22 1 44 4 17 16 16 1 5 34 2 13 5 8 18 1 3
3 7 5 5 11 22 3 6 14 6 4 13 3 9 20 7 3 7 17 15 10 23 2 14 4 13 34 0 12 8 22 16 18 12 31 45 4 0 8 27 11 0 2 5 1 33 5 5 1 51 7 12 15 18 40 3 1 15 26 5 0 7 28 19 26 26 17 32 18 38 15 18 2 11 4
0 2 20 17 1 13 27 0 17 12 0 10 6 7 8 1 9 15 5 18 29 19 10 12 4 12 26 5 14 4 61 31 19 21 5 3 34 9 6 0 2 6 13 24 6 29 7 16 6 4 13 7 22 9 8 7 5 3 17 1 13 8 56 41 26 2 21 0 19 1 0 7 29 52 8
-1 35 13 10 5 4 0 27 21 19 8 27 13 1 23 27 31 12 13 5 20 13 4 11 1 2 33 11 81 19 1 5 3 19 8 13 5 31 26 12 0 0 11 3 4 3 10 12 1 2 23 4 45 7 3 39 1 5 9 9 18 34 17 13 23 11 11 8 5 12 17 17 3 8 1
27 4 77 7 15 2 3 11 21 4 0 19 61 8 4 3 11 17 0 11 2 16 13 6 25 8 18 1 13 10 0 11 9 1 27 1 10 15 15 15 27 0 3 5 16 13 7 17 12 0 18 0 19 10 32 7 29 3 1 17 33 34 29 31 4 3 9 3 9 43 13 14 0 11 7
1 39 19 58 16 23 15 18 4 19 1 4 6 12 5 2 1 55 3 5 14 11 0 33 14 4 33 3 5 13 4 1 13 0 8 0 12 6 11 33 14 0 5 7 0 9 7 11 6 4 20 15 32 33 32 18 6 8 9 8 43 11 10 18 59 6 6 10 31 2 9 13 10 3 1
2 19 5 23 17 17 12 19 17 20 6 57 1 2 2 1 18 8 20 7 0 5 17 18 18 4 16 28 32 1 0 11 1 4 9 16 48 1 18 10 39 8 19 1 23 27 3 5 17 22 3 3 19 54 11 23 19 33 15 0 0 12 3 3 21 1 10 3 7 1 10 3 37 14 1
10 0 15 8 69 25 1 3 5 5 9 18 9 16 9 5 4 18 44 19 0 33 0 16 2 8 14 0 28 3 5 12 21 21 4 0 15 1 29 24 4 8 41 8 0 2 6 2 28 17 17 10 23 41 8 6 12 4 33 61 0 37 10 8 1 4 16 0 15 6 17 2 6 17 2
17 19 25 9 0 1 5 8 7 9 13 18 3 19 3 43 10 6 32 18 4 45 18 28 31 8 1 36 5 4 11 12 21 1 3 11 11 0 0 5 11 7 6 7 31 15 7 5 10 28 28 127 10 1 6 5 16 19 4 13 4 9 5 1 28 17 3 3 23 6 5 13 3 3 1
1 0 19 22 1 20 9 12 3 6 5 11 28 6 0 11 3 33 14 14 0 1 81 6 4 16 33 21 6 0 4 2 13 9 9 6 25 6 24 13 3 15 1 1 6 0 9 2 19 14 42 0 27 7 39 12 9 0 13 32 29 25 24 3 9 10 1 23 43 5 20 16 6 0 38
24 17 2 10 40 19 7 0 3 1 3 21 8 35 35 10 3 6 19 4 39 4 24 3 9 14 0 2 1 7 6 46 10 8 2 10 16 1 23 3 5 8 25 0 52 0 40 11 7 11 1 21 0 35 44 28 19 4 13 2 20 0 3 4 40 9 37 7 1 8 8 14 1 23 4
6 5 4 13 6 1 16 3 9 12 18 24 0 0 8 27 12 1 38 37 18 86 17 7 5 7 2 15 8 7 6 4 24 3 2 2 2 7 24 8 5 14 19 15 35 15 22 1 4 1 9 8 4 7 2 2 60 21 4 28 14 7 11 26 7 20 2 3 19 29 35 13 1 25 18
8 2 4 1 0 12 8 3 20 20 26 22 17 12 7 1 18 0 10 12 3 0 16 1 3 70 20 9 68 3 0 4 20 1 4 17 13 6 39 20 1 18 7 18 4 13 1 3 17 24 20 92 3 14 1 3 3 20 5 2 1 9 6 0 13 30 26 69 4 15 5 11 4 16 2
4 9 15 0 62 0 18 8 13 12 18 6 18 10 7 12 6 1 14 5 36 14 14 28 1 6 14 0 4 5 0 12 4 23 5 16 31 19 26 5 13 2 4 9 1 11 0 22 12 38 56 11 26 27 2 7 36 2 8 34 5 0 1 1 21 3 37 5 49 13 3 9 22 1 8
0 4 2 4 23 3 13 12 5 51 7 27 5 9 8 9 15 7 2 30 0 2 12 5 12 0 20 37 60 16 3 19 2 6 10 5 0 13 2 18 24 24 5 12 21 28 1 5 8 1 18 24 5 0 19 29 23 1 31 4 11 11 5 18 0 38 22 33 1 32 11 24 7 8 18
-1 9 21 22 29 2 1 32 5 17 2 5 13 32 8 6 11 10 24 9 0 29 18 23 29 5 7 29 8 20 5 27 1 11 7 23 35 0 13 3 0 1 11 0 0 13 14 3 6 4 8 19 17 33 31 24 5 8 5 4 5 5 14 34 4 4 21 30 13 1 21 54 9 4 25
0 4 5 6 63 13 10 12 8 3 1 0 4 6 7 0 0 6 3 22 18 3 5 11 3 6 30 43 19 1 9 14 23 2 24 18 17 7 46 61 9 13 11 23 19 14 1 29 12 6 10 24 1 12 8 3 6 7 28 39 6 19 25 7 30 21 5 15 9 0 25 5 1 22 2
1 20 9 0 14 15 5 0 3 11 7 2 20 17 12 20 19 23 35 6 13 0 2 41 16 9 17 1 4 7 12 12 3 42 6 19 35 1 0 9 25 20 0 3 6 13 6 8 18 15 1 29 11 13 5 6 26 11 35 0 17 5 5 17 19 18 0 73 24 2 3 1 47 12 18
0 7 2 38 0 18 8 9 2 20 4 18 49 8 16 8 9 4 1 4 8 5 34 7 10 22 33 11 5 0 2 53 52 49 16 23 19 18 3 8 5 5 20 3 8 10 4 10 28 0 25 1 10 32 28 1 25 5 6 4 1 8 8 4 15 27 34 1 0 24 9 6 9 18 3
2 8 5 19 6 0 7 2 51 2 15 3 16 47 13 14 9 10 29 6 6 5 15 29 9 60 4 22 9 5 22 14 7 0 2 23 13 5 31 2 5 6 6 3 2 46 7 20 3 9 24 32 4 2 9 1 81 6 7 34 4 17 0 6 3 11 6 0 25 9 30 5 19 4 7
7 3 2 18 9 20 14 23 9 9 6 11 0 11 5 12 25 7 39 11 5 5 0 35 9 11 27 30 15 2 10 6 18 65 15 3 0 0 8 7 20 30 11 12 5 2 8 0 5 10 10 12 4 5 2 55 17 40 3 60 30 0 33 29 1 3 4 15 2 8 4 21 10 5 12
