25 75
32 6 4 44 28 11 0 3 3 12 3 0 6 3 3 2 13 15 55 1 9 15 16 28 3 26 19 3 23 5 3 27 14 4 32 1 1 3 69 14 5 9 3 15 31 16 9 9 7 14 11 21 13 6 28 27 11 5 16 24 12 25 6 1 4 9 5 13 18 28 3 4 21 6 6
1 22 2 4 6 18 11 29 21 11 5 16 7 5 10 12 2 9 12 25 14 32 28 2 13 39 18 2 13 8 29 15 7 5 11 21 16 11 40 0 8 0 4 1 13 3 2 37 10 8 37 38 18 12 36 3 26 24 21 12 0 26 4 7 1 0 3 1 47 5 7 9 2 8 15
1 6 5 11 26 0 13 6 0 14 32 32 4 59 21 7 8 19 11 3 15 12 5 7 30 10 0 4 2 4 61 2 3 1 27 4 0 12 15 0 5 27 5 4 51 5 14 24 15 1 15 9 7 22 16 13 3 38 14 25 3 2 6 0 9 9 8 13 9 47 2 11 25 31 20
4 0 12 0 23 22 46 37 50 1 25 0 2 8 13 13 27 1 4 10 0 3 10 11 21 11 3 7 0 20 3 33 24 29 17 6 4 7 2 16 31 9 8 22 17 2 14 15 7 13 10 22 0 70 0 9 1 29 6 15 3 12 1 13 6 11 42 15 32 0 22 7 4 2 5
5 6 2 5 8 33 0 32 10 1 17 7 3 19 2 14 11 25 12 15 3 0 16 22 19 18 0 11 1 0 14 52 21 0 39 0 8 9 6 1 32 0 25 38 5 24 34 24 16 1 17 8 0 3 2 14 27 13 36 22 6 11 3 49 10 8 18 31 0 2 30 3 1 15 5
33 24 6 5 4 20 18 10 5 4 4 6 11 2 2 19 14 5 21 16 2 19 10 20 2 17 1 20 11 8 56 2 23 1 0 2 20 33 11 0 7 22 17 16 35 8 24 28 6 2 1 21 2 1 5 0 3 17 4 4 17 30 7 33 18 3 10 4 22 19 2 2 41 63 19
45 38 14 11 10 15 7 8 4 12 20 19 7 7 1 29 13 1 5 0 8 1 18 18 4 5 9 6 7 7 10 8 6 24 22 12 3 0 0 29 9 31 9 1 20 2 3 10 27 14 6 24 7 61 15 14 3 2 1 30 35 53 3 2 15 2 19 1 39 29 11 4 14 12 9
26 1 22 19 7 10 14 9 19 2 2 29 31 25 10 9 3 19 15 0 5 3 12 11 4 24 3 28 23 9 1 14 6 4 17 8 19 10 1 1 13 0 3 13 11 5 21 13 31 7 15 52 8 18 1 6 17 12 20 14 28 17 0 68 42 0 5 16 5 15 2 1 22 10 14
-1 42 14 42 28 0 6 20 10 6 14 15 3 28 7 3 1 18 0 5 20 12 0 18 33 7 1 3 35 15 1 13 1 12 3 2 11 12 1 34 25 0 4 16 42 7 23 7 12 5 28 37 4 16 11 8 23 10 22 32 0 0 11 6 3 5 14 23 20 3 5 34 10 12 27
0 26 2 36 2 23 0 5 4 15 4 31 5 6 0 11 11 8 68 9 37 17 13 7 20 14 2 3 3 3 19 23 12 5 11 12 4 16 11 4 18 8 12 31 13 23 17 3 4 7 32 47 1 5 35 10 8 0 10 1 36 13 3 33 1 15 4 26 9 24 5 0 7 29 8
20 17 3 12 5 24 37 6 4 5 44 19 41 4 0 27 3 12 4 18 9 29 11 3 8 25 1 12 5 45 23 0 2 32 15 26 0 17 0 8 4 9 23 2 16 35 16 8 4 4 9 4 6 9 0 8 28 0 19 2 4 1 21 8 18 24 12 0 14 37 4 25 14 33 3
22 10 9 11 67 16 0 20 8 14 0 17 5 3 17 25 3 22 1 15 22 0 0 6 0 8 22 33 5 0 12 11 2 10 4 20 8 4 9 6 2 36 48 4 31 2 4 54 27 5 3 19 2 13 1 16 16 5 41 12 2 6 0 1 1 11 12 4 22 78 29 5 17 0 4
32 1 32 40 0 11 11 29 2 6 21 9 8 22 6 3 27 11 6 19 1 7 52 1 0 12 11 5 4 8 6 2 9 8 1 15 7 2 39 21 0 22 7 3 16 1 1 27 7 5 4 47 4 16 25 8 22 7 14 6 38 16 5 27 12 15 6 7 27 0 13 5 2 60 18
15 53 2 1 50 3 3 40 43 4 12 4 32 20 0 7 4 6 4 3 7 15 10 1 9 1 0 2 10 51 11 3 20 4 2 3 45 20 0 4 0 21 21 16 3 7 11 21 41 24 11 4 107 1 10 3 11 11 7 3 3 2 4 5 1 2 22 4 35 11 0 1 42 1 10
11 16 0 6 16 19 13 20 6 17 8 1 57 12 28 4 28 1 19 8 10 3 2 10 0 5 2 30 35 2 9 86 15 26 30 3 16 35 2 2 0 2 4 14 9 0 35 13 8 18 4 0 18 0 9 5 13 45 8 9 0 15 5 36 3 3 43 1 0 5 33 4 0 14 11
10 6 6 1 6 12 1 31 61 1 17 9 3 11 40 11 1 7 4 16 15 15 7 14 10 41 8 15 24 4 22 32 3 34 18 11 7 8 13 1 17 22 12 23 26 16 3 3 0 7 17 0 5 19 1 8 5 5 32 10 51 9 46 5 4 3 16 10 30 2 3 21 5 0 8
2 15 8 15 3 17 11 10 14 17 3 10 4 1 22 3 25 5 22 23 5 14 16 5 7 8 3 2 23 6 49 64 3 0 26 44 3 3 4 11 3 27 36 5 17 4 12 15 10 11 0 5 13 81 6 4 1 4 4 3 2 25 5 0 6 3 37 13 7 9 12 29 25 14 26
6 13 0 4 10 53 1 15 1 4 66 5 11 8 7 13 8 14 2 4 8 1 6 9 16 5 19 0 6 2 9 20 0 32 27 0 4 0 66 11 14 32 9 6 3 6 5 0 66 0 15 3 39 72 13 22 6 2 18 8 4 2 12 5 1 1 42 4 2 27 12 37 5 6 15
2 39 24 9 3 12 8 7 6 13 30 2 17 4 26 0 19 25 4 24 12 0 18 11 38 8 15 32 9 2 6 6 19 5 28 9 11 64 7 5 1 9 11 2 7 3 9 11 22 9 21 2 25 7 19 12 25 12 1 19 13 25 11 8 5 17 0 3 8 5 12 4 11 43 29
3 26 8 13 0 2 4 12 8 2 4 1 5 0 3 2 0 28 21 14 6 11 14 15 1 30 3 15 21 1 19 8 12 11 24 38 7 21 54 11 0 15 18 42 4 26 22 14 26 0 15 9 7 0 14 11 1 40 14 19 37 10 3 0 9 4 9 6 44 41 3 15 37 0 7
3 11 29 12 7 11 19 3 2 34 1 11 25 7 8 1 4 11 4 20 7 4 29 9 11 9 5 45 12 6 18 13 14 13 4 1 10 5 13 21 6 48 7 18 1 11 0 24 49 1 25 1 10 2 3 68 3 45 0 42 16 4 12 8 13 4 9 15 8 5 0 1 42 9 18
32 1 21 10 12 2 14 25 15 10 3 49 14 0 28 14 0 18 5 20 33 23 3 27 2 1 10 33 5 0 8 16 2 51 11 6 1 6 13 2 30 29 13 11 22 0 22 21 3 1 13 21 16 5 9 1 7 14 9 6 4 23 13 21 11 11 7 13 1 32 16 3 0 40 6
4 12 15 13 19 0 4 2 47 17 0 4 13 24 16 3 3 1 6 4 0 1 13 1 9 36 4 9 2 2 1 8 31 12 39 22 1 6 22 5 25 23 51 0 67 4 33 1 17 0 24 16 5 6 5 32 24 8 29 10 15 51 24 11 6 4 1 30 4 4 0 5 14 4 16
32 7 0 14 4 10 2 2 44 17 0 22 1 3 8 10 21 5 0 1 0 5 1 11 5 1 13 18 27 0 54 42 36 39 0 7 33 13 9 2 0 49 7 3 6 10 8 23 10 6 15 7 0 8 1 18 12 2 40 4 12 47 50 17 10 32 0 1 1 3 3 40 16 16 4
1 16 34 18 31 8 0 3 3 8 3 12 8 24 4 41 24 5 11 9 21 9 1 22 11 3 15 15 58 15 36 13 15 4 20 32 18 1 14 3 15 10 10 54 26 2 6 9 4 17 20 2 7 10 4 2 11 12 17 12 23 11 7 3 5 3 0 9 21 7 14 39 7 2 10
