25 75
12 5 10 45 30 11 25 20 10 35 7 0 12 0 8 9 15 4 8 23 4 39 23 5 6 8 10 8 1 7 13 9 3 18 11 14 55 16 20 26 3 25 1 1 34 23 22 9 6 3 9 4 7 4 5 0 17 5 6 0 6 0 18 48 12 2 14 18 1 17 16 14 17 9 39
3 3 2 6 18 14 2 9 0 23 1 10 11 32 9 18 12 12 5 18 4 24 18 1 1 34 2 6 45 27 0 16 55 3 14 11 28 2 0 42 40 11 21 2 20 1 1 65 4 11 23 13 0 1 17 22 24 5 4 17 12 8 9 7 8 11 0 4 15 15 6 12 23 0 27
15 2 38 11 13 0 11 14 0 23 44 6 3 39 0 5 1 29 51 25 1 11 11 10 1 6 9 74 0 0 6 10 15 16 19 8 1 0 84 20 17 6 17 12 1 3 6 7 10 0 8 27 10 35 1 3 8 9 1 14 4 26 26 1 3 0 14 10 3 15 18 15 18 6 14
8 4 3 3 5 13 0 0 5 63 7 42 16 34 9 3 1 21 8 4 11 49 35 4 8 2 29 0 13 11 0 3 1 8 8 39 5 32 2 14 39 12 1 5 13 1 8 16 2 2 15 15 38 15 18 8 23 0 24 33 9 1 17 10 4 9 0 20 6 0 5 0 10 63 35
31 22 6 11 0 8 1 11 12 4 6 15 7 2 14 3 1 2 5 6 1 79 0 6 5 3 9 3 26 1 13 4 34 21 59 32 1 2 50 3 4 11 1 6 9 0 4 2 18 6 1 45 9 22 14 4 58 0 3 40 33 10 0 21 8 4 26 8 1 30 19 33 4 24 3
17 12 3 1 28 9 6 3 7 4 26 1 0 34 35 9 9 4 37 5 19 6 17 4 3 20 7 50 22 12 7 3 19 6 27 2 12 53 5 7 27 2 22 40 33 6 9 28 2 11 11 2 14 8 0 3 6 10 16 3 11 1 15 0 43 3 2 10 39 2 6 13 10 32 9
3 1 5 7 12 0 3 59 5 11 12 75 2 40 33 5 33 24 8 14 4 2 16 41 41 0 6 20 5 8 10 7 5 6 16 17 6 0 7 0 8 41 14 5 3 37 0 12 13 0 0 39 10 28 3 16 28 22 2 14 15 14 2 6 3 1 3 20 2 32 8 0 12 17 1
4 9 7 27 0 7 2 34 10 19 5 16 1 2 0 1 19 5 1 5 20 1 7 19 41 14 1 7 15 57 0 47 4 21 79 0 29 24 3 22 1 3 60 18 2 4 4 39 13 2 41 0 0 20 7 4 35 4 5 7 15 31 0 3 3 11 1 0 5 15 21 21 8 1 11
15 11 35 21 5 5 16 18 1 1 1 11 12 15 28 44 6 37 2 45 5 9 2 16 5 12 20 9 5 5 2 17 1 65 28 0 8 8 7 3 39 2 1 1 12 16 39 7 50 27 22 6 4 1 6 1 3 15 30 0 3 1 12 1 3 2 7 89 3 6 13 0 3 11 8
4 14 13 8 17 2 27 2 18 0 8 7 0 3 37 10 18 15 15 13 19 1 17 17 8 5 13 5 46 3 6 3 16 16 1 5 18 4 18 3 4 3 28 2 17 26 16 4 25 3 0 6 16 22 28 1 27 3 1 21 31 63 1 10 8 7 59 1 12 18 22 5 0 4 51
11 2 26 43 3 4 32 10 6 3 44 9 1 35 21 2 5 1 3 19 24 15 22 10 5 6 43 3 14 9 18 42 13 45 8 21 11 11 1 4 2 5 3 13 2 31 17 9 14 17 5 16 5 1 30 8 15 8 15 30 10 8 3 0 12 16 23 14 16 4 15 0 1 1 26
17 5 10 21 69 56 14 10 1 24 25 18 7 4 27 2 7 35 16 5 0 8 10 7 26 15 5 1 2 2 14 7 1 24 2 17 21 12 4 21 17 25 27 11 2 9 29 8 5 6 2 22 0 16 7 31 6 10 17 5 1 2 8 45 24 12 15 5 12 0 10 4 12 4 19
15 36 22 4 9 11 16 15 24 6 4 21 20 11 5 0 3 2 28 59 18 35 10 6 19 6 32 0 1 13 18 21 7 7 10 9 0 14 5 8 2 16 6 27 14 1 24 12 34 18 2 18 10 3 9 21 0 5 19 24 2 24 4 1 43 11 7 14 0 29 2 6 6 10 26
2 54 5 8 14 34 0 2 11 12 46 27 0 0 7 0 45 4 6 13 0 3 12 11 10 0 37 8 26 13 7 36 6 3 13 19 16 4 1 12 4 10 0 21 12 3 6 3 9 6 90 14 36 19 3 20 12 24 14 3 5 9 2 23 11 35 5 3 0 41 1 8 0 5 16
8 0 12 5 7 27 7 2 1 18 0 18 1 23 11 15 2 39 3 1 44 11 6 13 9 28 22 1 5 33 23 13 5 21 15 20 4 2 31 28 2 18 24 3 2 4 9 0 0 23 0 3 15 0 30 21 3 37 29 39 13 18 10 2 102 0 1 9 5 1 5 5 29 1 3
3 24 2 4 18 3 11 6 0 7 36 2 88 24 16 15 8 0 0 38 25 3 20 15 9 9 1 11 3 2 17 2 15 3 0 10 3 5 6 6 14 17 6 2 14 3 10 0 0 10 29 14 7 7 3 13 34 1 22 21 3 29 31 5 4 68 18 2 32 30 17 9 20 17 18
7 20 32 4 3 41 11 19 35 12 7 1 5 14 9 36 13 28 2 23 1 1 20 33 6 12 49 0 8 4 9 1 4 29 23 1 12 2 1 30 3 10 7 25 3 18 5 14 20 15 4 1 15 73 11 3 8 16 8 4 24 6 13 1 5 8 26 3 9 5 0 0 14 5 50
8 14 13 20 15 34 26 14 11 25 11 6 13 39 13 8 15 0 14 10 11 2 7 7 30 18 24 21 44 1 9 6 3 3 44 5 2 50 2 4 3 3 10 8 1 7 7 1 10 9 0 22 30 10 4 29 6 8 13 0 0 6 1 4 21 8 2 15 27 15 24 34 40 5 15
7 5 8 14 39 33 0 26 1 9 32 24 8 1 10 16 14 11 46 2 7 9 2 11 0 25 5 8 29 63 13 11 0 18 6 11 20 22 5 0 16 18 12 1 7 2 9 2 35 2 53 14 6 24 12 0 0 3 2 25 1 41 5 9 3 5 3 5 33 1 30 4 3 35 8
4 1 12 5 15 11 28 3 23 21 16 21 36 65 3 16 6 0 11 35 27 1 0 10 30 33 5 6 24 22 13 16 7 19 9 0 10 16 11 3 8 12 8 9 14 9 25 6 11 9 3 7 34 0 4 4 8 21 2 13 3 0 0 17 13 11 32 10 8 5 11 21 41 5 22
8 5 5 66 15 22 1 6 21 6 9 36 11 3 20 12 3 19 0 0 7 17 42 21 1 3 48 1 11 14 4 5 9 16 1 5 8 3 0 26 4 14 24 4 47 8 25 1 4 1 22 12 12 4 63 1 8 2 22 1 3 0 28 33 19 1 18 8 13 20 47 0 4 6 11
10 1 24 2 5 18 24 25 17 2 0 3 3 0 26 11 2 0 41 27 3 9 28 6 33 51 3 5 6 37 38 21 8 14 17 2 20 2 21 21 4 3 12 7 0 19 3 5 0 4 9 17 1 27 18 28 0 3 16 1 9 11 10 10 18 0 8 1 38 22 15 44 10 25 16
18 7 1 52 15 15 13 4 4 0 38 28 5 0 16 2 1 6 0 10 14 14 0 58 6 0 7 2 17 10 15 7 11 30 17 0 18 14 16 10 1 4 21 6 6 5 3 14 22 16 19 0 60 25 7 3 2 7 25 12 4 12 10 34 18 4 43 6 13 3 3 62 7 14 8
0 21 6 5 12 1 24 5 4 36 20 18 66 8 7 14 12 4 4 21 32 6 5 8 5 33 5 6 9 15 3 4 22 17 11 8 16 5 8 17 33 1 45 9 2 0 56 18 1 7 6 3 2 6 59 7 0 7 11 3 21 35 5 3 30 3 11 2 29 17 3 20 13 1 8
39 27 7 4 5 2 4 30 2 37 11 9 35 1 12 52 8 6 32 22 1 33 41 1 7 2 0 10 10 15 11 5 13 4 3 16 2 14 8 40 1 12 3 11 30 1 31 0 4 19 1 25 2 3 1 8 23 15 0 11 8 8 2 7 6 5 7 19 2 18 47 15 25 0 49
