25 75
2 32 10 0 3 22 11 4 32 5 22 5 1 59 12 20 3 16 2 6 68 6 21 3 5 0 27 3 6 5 43 4 11 0 4 20 17 14 2 3 0 11 11 1 47 37 11 8 25 2 0 38 5 8 21 9 15 22 30 0 9 24 27 5 7 25 11 0 2 14 0 2 20 3 21
3 1 42 3 32 37 45 23 1 9 18 20 1 13 1 8 26 22 2 0 6 20 7 2 16 5 2 10 16 15 10 21 0 0 5 7 30 8 9 6 6 11 13 0 24 22 10 27 16 31 4 16 6 55 30 4 0 0 3 12 19 21 32 15 1 0 6 11 48 3 3 25 10 12 2
11 17 19 2 26 6 0 14 2 17 4 8 2 7 8 44 1 26 8 20 25 12 1 12 11 11 25 6 16 31 4 40 4 18 15 9 12 5 41 14 5 12 12 28 9 12 5 8 8 2 1 23 23 1 12 7 3 13 5 6 23 5 18 6 15 30 1 31 1 10 26 6 10 41 28
20 2 10 37 12 11 12 0 15 6 3 0 11 8 2 0 6 19 1 1 0 5 20 26 24 31 2 5 6 17 31 10 1 21 17 20 2 9 4 24 5 2 20 20 5 28 6 9 6 0 0 19 1 6 4 4 1 9 3 1 20 39 3 83 32 40 13 2 19 37 36 4 36 25 11
9 33 27 3 3 25 9 24 7 0 7 18 11 55 13 5 28 11 3 18 5 5 9 0 15 3 15 42 17 26 43 4 19 0 17 21 18 15 1 8 2 16 2 6 10 7 15 3 12 27 15 10 8 19 0 9 4 5 39 3 2 18 14 36 28 16 8 7 6 3 6 6 3 30 13
15 0 10 12 15 17 5 6 8 17 5 3 0 2 2 17 6 17 1 9 3 30 7 0 29 3 9 14 37 18 12 0 0 21 7 6 8 30 39 0 7 18 14 26 2 3 14 24 26 18 12 20 8 13 20 18 11 0 0 26 17 6 1 8 13 17 7 41 37 40 44 1 12 23 13
45 28 29 7 8 5 1 75 3 6 2 16 8 17 8 1 0 5 5 20 5 8 5 15 8 17 49 1 3 7 3 13 3 4 0 7 4 6 12 10 37 3 9 12 0 3 5 15 57 11 78 25 17 16 22 0 20 7 25 20 3 17 0 12 20 29 14 2 5 4 16 15 1 6 5
10 10 53 5 4 14 6 1 5 3 15 13 64 15 34 10 19 64 25 34 1 10 15 33 9 14 9 0 0 5 23 14 0 11 10 10 1 8 6 3 7 8 9 8 35 24 4 15 2 2 7 0 1 10 11 14 34 17 18 6 23 2 6 20 1 9 4 12 4 24 15 34 19 2 7
16 4 13 0 1 20 16 0 18 30 53 9 12 13 8 5 7 13 9 32 8 18 0 11 13 12 36 16 2 12 9 1 15 25 1 20 0 12 22 3 64 1 11 6 7 6 86 8 0 17 15 39 8 6 9 40 9 5 16 16 0 18 12 2 9 1 5 10 3 17 2 4 7 20 6
21 2 11 9 0 9 19 10 5 4 5 8 11 4 28 56 25 15 65 13 12 25 5 2 0 1 1 2 5 22 1 10 6 5 0 34 18 30 19 0 10 9 15 14 30 42 25 49 10 0 8 14 7 0 5 8 0 0 14 51 31 1 18 9 12 1 5 32 2 17 0 6 24 1 12
36 1 0 5 2 32 18 25 2 16 20 9 5 3 8 8 33 14 5 4 8 80 18 10 64 2 6 6 0 15 8 22 1 3 10 20 6 0 11 5 17 2 20 8 18 10 4 4 27 11 6 0 2 7 16 1 30 11 40 4 21 13 2 17 13 19 20 14 7 10 2 13 6 15 49
27 0 21 14 1 1 16 2 15 8 5 25 19 2 13 3 10 5 21 20 6 23 2 15 1 23 2 3 5 0 12 35 20 13 25 19 0 1 6 4 25 24 2 12 3 4 7 0 22 38 14 1 15 10 19 16 34 75 24 19 0 25 1 25 10 10 12 16 1 10 19 8 1 31 24
8 10 11 60 34 2 12 19 17 1 31 6 5 9 7 1 3 0 0 85 4 3 9 1 8 0 10 16 42 8 11 4 18 2 33 23 4 14 16 16 8 0 4 0 27 2 4 0 36 1 35 46 9 1 3 28 7 15 0 2 24 16 25 4 13 0 11 23 26 6 15 10 21 10 5
6 39 12 0 10 20 0 10 26 20 5 4 8 10 4 7 27 5 0 1 2 23 6 6 17 13 18 8 31 3 0 14 20 26 1 0 13 11 3 26 4 6 22 16 27 1 14 14 0 1 10 21 21 17 8 20 96 9 7 24 10 42 0 3 10 16 5 8 6 7 31 5 3 16 45
3 18 8 7 0 13 12 3 6 8 0 17 5 16 6 24 40 13 7 16 2 28 0 22 56 22 28 27 11 30 11 14 6 5 7 2 6 8 6 17 20 24 25 7 9 24 18 14 1 9 6 14 0 20 4 7 13 1 9 41 5 29 19 9 1 13 18 8 7 14 6 10 18 23 24
6 8 38 8 9 40 36 33 24 19 1 1 4 3 13 3 16 2 8 5 10 16 6 2 15 14 4 4 10 18 18 18 24 6 11 27 31 5 7 13 2 44 28 0 12 3 80 7 12 26 1 12 17 13 1 0 1 8 15 12 26 18 4 4 18 36 10 11 0 2 6 1 9 11 14
5 9 13 9 5 5 23 13 22 24 10 6 7 0 1 9 10 30 79 2 25 11 7 19 0 8 3 24 6 7 4 4 7 0 3 21 5 13 4 10 1 11 9 18 19 2 14 6 1 39 0 35 16 2 10 26 2 40 13 1 10 5 7 2 6 68 10 14 46 41 4 20 4 7 28
2 9 20 2 14 29 2 12 23 11 4 13 19 2 27 39 18 8 26 12 39 8 10 1 5 16 2 2 4 11 7 7 0 10 2 54 8 0 8 12 23 11 7 19 8 9 18 56 7 6 12 6 34 9 0 48 15 14 3 5 3 9 24 5 28 13 3 2 6 14 19 12 18 10 26
16 9 9 18 5 6 1 4 0 5 1 47 3 49 0 4 3 32 18 49 19 13 2 22 21 22 5 6 2 9 45 18 13 7 16 9 17 34 17 2 26 2 33 2 14 29 1 0 4 20 7 7 19 9 10 0 4 9 12 4 14 16 21 16 13 14 2 10 18 30 0 9 2 36 9
5 1 8 50 7 14 10 8 6 6 3 1 18 13 0 8 22 75 3 10 8 26 5 3 46 4 20 2 17 7 10 22 5 9 8 19 0 11 0 14 22 8 1 1 13 17 1 4 18 4 2 0 7 10 33 17 29 2 7 52 1 10 49 56 11 22 30 23 12 3 0 15 7 8 1
6 7 25 29 12 15 25 32 3 7 2 19 0 4 18 22 8 2 3 14 50 14 2 22 4 12 16 7 2 25 0 6 3 9 19 1 27 23 14 48 18 4 0 4 34 5 2 8 3 43 33 26 4 20 36 2 2 0 9 38 4 10 12 7 34 22 0 15 5 18 8 8 5 2 2
17 0 5 3 4 0 2 0 15 32 26 3 12 10 17 3 29 4 14 21 3 29 12 17 11 1 11 2 38 20 14 7 29 29 1 9 1 2 0 14 2 28 18 5 23 13 2 15 102 3 1 4 0 14 11 38 17 12 10 11 0 30 7 6 8 1 13 14 9 3 2 42 9 14 46
23 14 4 18 7 6 7 24 0 21 0 1 17 5 5 19 3 13 1 14 7 8 4 1 10 6 10 2 3 81 0 8 12 9 0 60 18 40 0 12 4 49 7 12 23 0 17 1 1 4 1 20 16 5 22 29 9 1 15 11 21 2 10 24 15 8 12 20 2 9 44 2 63 19 9
14 3 2 5 12 5 1 17 4 17 15 17 7 14 2 27 7 24 0 26 1 11 4 7 12 7 19 25 3 31 14 2 0 6 2 15 28 6 43 15 26 5 30 9 7 8 13 22 20 9 45 2 20 6 24 10 2 35 7 26 7 7 7 0 23 2 25 45 15 0 10 35 4 17 7
4 38 16 5 0 14 23 11 2 1 2 23 5 21 0 2 13 18 2 2 2 39 46 9 0 16 15 30 17 1 6 23 7 3 31 15 49 10 0 9 17 0 25 0 42 1 2 0 32 2 19 12 21 4 1 0 5 32 4 8 8 20 28 6 6 14 22 4 19 2 30 0 24 5 55
