25 75
46 7 29 0 0 6 38 21 5 22 8 14 8 1 13 7 2 5 0 7 15 7 14 17 11 0 4 15 11 17 2 20 18 2 39 9 19 11 22 26 0 33 3 9 7 19 7 12 1 2 17 32 6 8 8 54 23 14 0 47 3 10 21 7 2 1 71 7 3 0 1 19 3 5 27
8 8 2 45 52 4 7 2 4 0 0 14 3 14 26 5 19 18 22 64 8 10 36 13 22 6 2 9 15 3 5 3 3 13 0 24 8 55 8 5 3 11 14 16 1 19 0 1 0 4 4 21 2 11 7 64 7 3 12 6 18 8 1 12 35 21 12 25 34 1 11 30 0 6 15
15 7 2 8 19 13 26 6 22 2 11 16 8 23 9 36 5 3 1 4 1 7 16 3 14 12 32 36 21 5 8 8 77 8 9 15 9 9 20 7 47 6 1 6 6 34 7 41 97 7 11 0 8 0 2 1 11 10 22 4 0 6 31 12 1 4 2 1 1 4 15 14 2 11 22
-1 26 4 2 10 4 26 7 2 9 1 50 6 14 3 2 38 6 7 2 4 25 1 9 22 15 6 19 1 0 15 7 8 37 6 6 0 4 2 5 2 23 7 31 4 3 0 21 0 22 31 28 1 7 11 3 20 7 1 26 22 22 39 30 26 15 1 59 6 17 19 62 3 5 16
17 4 10 2 8 1 0 39 10 4 12 2 13 5 0 32 7 13 49 3 4 13 0 8 9 15 0 17 4 12 44 10 9 21 12 2 4 7 1 3 12 25 21 32 5 6 2 19 15 2 25 21 27 7 33 16 23 11 5 39 23 1 30 8 10 37 14 7 5 2 1 8 16 48 18
18 9 1 10 21 4 6 12 13 41 23 16 6 12 17 2 2 39 51 6 10 1 2 5 6 15 6 1 20 22 5 2 0 16 26 40 7 20 14 26 3 33 11 27 8 9 7 11 23 4 6 17 19 29 10 5 6 12 0 25 12 4 0 30 14 23 23 2 31 1 9 18 9 5 1
20 5 11 8 14 26 26 21 18 12 5 5 3 10 8 9 4 11 11 8 31 2 2 8 0 2 0 66 1 20 9 19 38 6 15 6 9 5 16 6 14 3 40 25 28 8 19 14 8 31 0 16 2 12 13 23 2 26 23 9 1 21 0 2 21 12 13 16 22 16 15 5 4 15 25
-1 25 25 0 4 7 13 3 4 9 50 7 29 16 8 20 5 7 3 2 17 2 2 39 20 4 1 5 1 0 3 26 27 24 1 8 30 28 19 13 10 3 3 2 38 4 24 29 2 0 2 10 23 12 20 5 25 4 13 37 10 18 13 6 12 14 8 10 46 24 14 12 29 3 9
16 6 40 0 16 21 6 4 13 11 7 4 3 15 47 7 4 8 5 13 3 22 24 11 6 16 13 25 10 27 7 7 1 13 14 7 1 38 11 5 8 6 23 1 15 10 81 2 9 41 7 4 21 2 19 2 2 13 7 13 22 11 4 11 7 3 0 79 8 2 18 6 9 3 24
1 0 46 6 27 1 1 4 0 24 53 3 8 6 9 81 7 11 16 38 7 3 7 4 12 24 9 5 22 32 0 2 13 10 20 20 1 4 12 3 7 2 9 4 2 11 1 8 3 5 9 28 66 18 0 2 6 14 1 2 49 5 4 11 8 2 0 7 8 49 44 1 27 32 3
12 3 55 12 8 2 1 33 12 10 34 20 3 17 7 6 6 8 11 11 10 32 56 50 5 1 2 24 23 14 34 15 0 10 2 6 3 7 17 6 4 3 13 18 21 0 9 8 4 19 15 4 13 6 35 1 11 8 16 2 15 10 7 32 45 5 17 6 2 5 5 33 0 2 18
41 1 0 3 23 8 10 1 10 11 26 6 4 34 0 11 4 11 5 24 5 32 2 2 9 24 22 2 5 53 1 0 63 11 1 0 7 4 3 1 0 0 18 10 9 22 11 39 15 10 10 1 3 19 1 18 3 14 24 22 3 48 7 1 9 36 51 37 7 1 2 8 5 3 53
5 7 37 31 0 6 6 10 25 14 2 27 6 1 0 9 13 1 12 16 8 1 2 6 13 2 21 5 9 11 45 6 27 19 13 11 9 51 17 9 0 4 2 4 14 22 31 6 12 4 8 4 4 22 10 3 0 14 12 14 32 75 68 17 0 33 1 9 18 1 14 8 12 2 7
19 36 5 8 23 42 3 30 7 0 5 19 9 0 4 5 40 32 43 34 16 24 81 21 9 9 1 13 23 44 3 0 2 9 1 0 1 6 0 0 17 4 7 12 7 5 3 19 7 7 15 2 13 4 1 0 3 0 1 3 13 17 1 4 5 6 6 12 18 14 40 1 12 11 83
26 2 19 7 73 11 9 5 3 23 2 33 0 7 33 71 0 6 7 2 4 18 5 28 0 17 2 13 7 9 13 10 3 11 19 4 5 21 13 24 24 7 9 31 14 1 5 5 1 24 11 1 10 11 13 2 3 12 17 2 24 53 15 3 25 4 8 6 52 5 8 2 2 1 24
11 4 47 3 14 2 40 25 30 2 8 26 7 0 18 56 8 26 2 2 52 2 4 22 2 25 21 11 9 10 10 1 12 2 0 25 10 4 40 46 11 16 0 0 1 1 16 25 12 4 6 5 12 0 7 8 39 9 9 7 15 0 9 3 34 1 20 28 0 14 3 40 1 3 2
10 2 14 18 6 6 13 10 27 3 2 3 14 8 13 26 40 1 48 27 24 11 9 30 7 30 20 11 30 14 29 5 10 46 20 15 20 3 8 1 8 28 14 2 25 9 14 11 5 2 2 4 0 10 6 2 3 9 6 9 7 11 1 5 14 3 6 33 3 2 44 34 8 8 18
22 18 13 9 7 2 10 7 2 10 45 1 8 49 1 22 8 11 3 5 1 13 13 16 22 5 4 4 2 17 5 37 0 2 25 6 6 3 0 17 4 34 6 17 4 4 0 6 53 1 6 1 6 3 9 1 23 3 26 24 6 4 33 23 1 25 18 1 6 41 38 35 28 2 57
16 2 12 3 0 2 11 38 13 0 8 13 0 8 12 19 17 3 18 33 4 5 28 9 0 14 58 10 22 31 1 4 19 12 6 9 6 38 26 11 6 6 11 25 14 1 7 11 0 10 2 59 0 0 6 21 1 38 50 6 28 29 48 9 1 6 3 8 2 0 2 2 9 0 38
26 17 2 2 6 29 21 20 24 9 63 26 14 1 15 11 2 33 13 73 1 4 2 2 2 3 0 1 26 13 11 1 0 38 24 10 19 5 8 6 21 4 2 4 0 13 55 5 10 29 10 21 2 10 1 25 31 1 9 6 3 12 28 13 10 2 4 5 15 24 23 8 8 2 1
41 5 18 6 3 28 68 50 31 8 4 6 23 25 3 19 1 3 6 17 2 17 10 2 0 21 27 1 15 4 16 7 4 0 4 15 1 34 23 2 21 3 11 10 16 6 2 14 7 6 15 56 5 47 17 23 12 5 8 4 20 9 5 29 0 8 21 2 5 10 7 0 16 2 8
17 17 5 6 4 1 32 6 4 14 8 2 25 13 6 11 7 19 20 2 20 4 4 20 2 6 4 1 1 4 45 27 14 7 6 17 3 8 18 11 32 10 12 0 2 12 12 8 27 8 31 13 24 8 0 77 32 22 8 1 45 7 0 22 32 24 3 2 10 1 30 24 2 2 16
2 13 26 0 1 40 16 29 0 4 26 5 15 3 6 21 2 4 6 7 4 44 4 13 1 6 15 59 1 31 7 7 5 7 13 7 33 28 21 14 10 6 51 8 2 1 3 18 0 6 25 15 17 3 35 22 18 14 4 5 3 7 3 9 2 24 2 16 26 18 34 5 0 1 41
12 32 25 3 16 10 14 33 2 0 7 13 5 3 2 15 15 1 40 3 0 1 19 3 11 25 0 2 5 24 53 21 21 43 22 24 0 1 1 16 11 6 12 39 2 20 39 15 0 13 5 10 1 11 29 46 14 8 10 45 5 1 9 6 2 12 18 2 11 19 6 4 13 7 6
2 22 26 38 6 1 34 4 89 9 25 13 8 12 7 8 16 10 8 35 13 5 8 3 5 10 20 12 6 8 21 1 5 19 25 6 1 8 15 11 1 3 4 3 4 0 6 3 1 7 24 48 7 25 29 9 5 16 46 12 2 22 13 8 16 41 7 19 1 9 7 2 20 1 4
