25 75
-1 13 14 16 32 24 22 6 7 1 10 26 14 14 9 2 22 0 2 0 16 10 1 31 28 32 10 19 19 2 4 3 14 14 7 11 40 30 14 23 13 40 9 15 0 3 26 4 8 6 26 22 2 7 0 3 0 13 14 11 40 19 16 2 0 4 28 25 0 24 8 7 20 2 22
1 0 14 21 32 15 14 22 13 42 8 17 1 2 11 2 10 7 12 39 16 3 66 0 5 5 13 8 52 6 9 32 24 21 12 8 1 16 0 4 30 0 13 0 12 2 21 3 28 7 23 32 4 11 9 36 11 21 19 25 19 2 1 2 1 1 13 17 0 22 3 7 11 1 9
45 8 16 91 2 19 23 0 2 26 17 24 0 8 40 12 2 30 1 9 6 60 14 19 9 27 3 2 14 12 13 0 16 1 28 1 16 28 20 6 2 11 1 3 5 12 10 12 9 1 3 3 7 4 8 25 3 3 17 0 11 17 6 8 17 21 28 19 14 0 6 5 0 37 2
10 11 18 2 23 1 24 0 4 1 3 2 14 18 4 9 29 9 14 18 3 4 8 45 3 1 3 19 9 2 7 2 23 2 5 2 8 21 13 11 6 12 19 29 12 3 0 16 35 17 0 24 4 16 27 1 11 36 24 21 8 24 19 47 11 1 24 7 6 7 9 27 62 29 1
12 16 0 11 3 5 14 25 3 6 24 15 4 19 21 8 25 22 32 1 6 10 33 19 10 9 27 20 1 14 16 7 8 29 4 7 1 21 16 6 45 24 26 9 16 14 5 13 3 12 16 33 3 32 7 1 36 0 15 14 4 7 7 15 3 39 1 6 31 6 0 5 3 15 4
9 16 49 12 6 10 34 3 0 35 8 2 6 8 18 1 25 14 47 18 2 0 8 0 1 7 39 25 15 2 9 3 9 13 3 13 6 44 41 6 3 2 10 2 19 7 51 21 9 4 8 11 10 9 14 1 4 9 8 1 10 8 0 18 13 25 6 13 24 11 1 13 27 53 8
36 10 21 22 37 6 8 35 15 4 10 5 16 17 15 6 3 0 20 36 4 5 19 13 27 15 20 1 11 6 36 2 7 7 14 11 2 4 0 7 5 5 20 8 44 26 41 17 5 18 2 9 14 2 0 1 13 12 0 35 30 42 8 1 28 18 14 13 4 6 1 0 5 0 20
3 1 54 50 19 5 57 6 9 0 7 7 9 28 7 9 2 26 0 20 5 7 22 1 3 6 3 3 5 6 50 4 27 1 0 17 0 9 6 39 20 2 8 16 25 9 1 14 0 68 22 15 1 3 42 9 9 7 4 16 18 11 13 18 1 2 12 2 11 3 21 20 15 1 28
19 5 7 4 16 4 6 17 7 14 4 23 63 41 12 8 49 3 35 18 7 3 1 3 23 12 35 8 0 0 0 3 25 3 25 1 13 10 27 0 17 39 3 10 21 73 5 4 8 9 38 19 6 26 6 5 4 3 19 8 5 3 4 5 36 0 20 5 1 0 15 10 0 6 13
30 11 0 73 31 4 4 26 4 6 20 16 13 1 9 10 9 33 13 32 5 2 6 15 10 0 11 22 4 45 8 17 27 13 3 17 26 39 3 42 4 12 6 2 0 16 25 1 11 6 5 1 0 0 13 5 10 17 15 0 18 0 14 1 11 10 17 3 16 33 1 31 22 1 13
21 53 11 7 31 3 19 1 0 8 7 26 21 17 3 4 4 2 3 24 28 10 1 6 20 7 2 20 27 2 4 8 12 35 16 21 3 5 22 10 4 10 19 6 8 0 4 4 3 31 0 6 6 9 46 22 12 14 26 0 0 9 0 7 2 13 21 16 39 41 23 35 0 17 23
5 3 0 9 49 30 20 17 2 3 0 8 10 4 3 7 0 0 13 1 1 4 3 2 1 3 7 34 1 17 4 16 4 2 21 1 52 61 5 33 7 0 10 30 11 13 61 38 47 17 30 1 7 2 0 6 8 17 8 21 1 3 12 31 45 3 22 22 1 18 10 4 2 34 2
10 24 1 29 35 1 14 53 50 6 5 12 1 23 37 13 18 37 32 2 1 51 7 6 23 10 17 3 22 25 13 4 21 1 4 0 49 24 2 10 0 3 6 6 2 10 3 1 4 4 8 4 1 3 7 21 17 75 1 5 24 3 12 3 0 10 4 17 22 3 0 6 4 3 12
7 3 43 1 7 6 8 4 11 5 13 14 9 14 17 51 17 26 37 4 4 24 19 6 14 0 65 20 6 0 1 1 0 9 8 6 1 11 6 15 2 18 6 6 2 0 17 22 2 13 31 6 17 10 3 24 41 0 30 24 6 13 2 24 5 17 26 39 8 13 33 6 2 10 9
5 21 1 4 27 16 4 4 3 1 35 0 10 16 7 7 7 75 7 0 18 8 15 15 6 1 10 1 11 0 14 3 8 27 7 15 3 9 26 13 27 11 8 17 4 31 3 9 35 14 4 15 10 7 46 4 7 3 5 7 9 55 6 19 8 4 11 15 91 1 3 42 2 6 1
1 11 3 46 1 9 3 11 23 21 31 11 4 3 5 4 1 24 7 35 21 7 2 10 10 15 29 8 2 30 58 1 20 3 34 0 0 18 6 20 1 6 15 46 16 35 7 4 10 7 7 0 6 23 18 10 0 6 21 20 1 6 16 35 2 42 27 1 28 9 1 14 2 0 10
0 4 15 9 41 10 4 17 11 4 12 5 0 5 15 8 4 3 24 19 14 7 5 33 3 19 2 2 1 22 5 0 5 14 6 24 36 6 43 16 16 40 7 2 37 43 4 17 18 11 5 12 1 3 25 5 30 19 2 0 17 11 8 23 7 7 12 48 30 21 6 8 24 4 4
57 1 57 21 15 4 1 10 8 33 0 0 8 10 10 7 0 6 10 0 7 45 4 25 1 10 6 3 2 19 5 15 14 10 60 19 3 6 2 1 14 1 17 2 45 63 9 2 16 18 14 4 13 1 23 11 2 3 3 17 6 11 15 1 6 20 25 26 30 4 30 19 0 9 5
4 47 8 9 28 1 34 3 4 19 1 0 13 16 1 2 31 31 4 3 22 2 3 3 9 2 20 0 1 21 6 20 1 9 30 6 16 5 34 9 23 10 5 1 21 30 31 25 9 17 17 4 7 11 0 5 34 0 3 5 17 22 24 27 24 13 20 33 10 9 2 3 3 31 26
13 13 16 8 15 14 26 7 4 1 43 14 5 38 10 30 29 9 0 3 37 1 1 7 27 22 9 8 0 0 22 10 29 2 6 3 32 40 4 18 25 7 27 0 4 15 11 1 38 5 1 0 19 6 35 2 5 0 5 3 2 76 10 24 0 7 6 8 25 17 21 0 10 7 2
18 18 4 13 5 9 57 1 23 2 29 10 0 50 45 9 0 23 0 6 6 27 3 60 52 21 0 10 1 28 9 6 8 10 19 4 11 3 11 8 2 3 5 6 15 7 5 4 16 42 8 15 27 16 15 5 11 42 15 0 4 15 6 10 2 0 4 1 13 9 10 1 19 3 25
3 16 16 7 7 29 30 7 4 10 13 6 10 17 1 25 38 2 16 3 3 13 31 35 1 28 7 8 10 4 2 3 1 0 13 1 10 20 14 17 9 6 0 6 3 5 7 19 6 16 1 33 40 0 15 15 30 1 20 3 10 13 5 12 39 40 7 5 41 7 10 33 10 2 50
12 27 27 11 6 29 9 4 2 2 6 17 15 7 11 17 2 28 13 37 0 8 29 24 10 12 6 20 27 5 6 2 1 22 17 20 1 2 4 10 2 24 8 1 1 19 4 36 60 27 2 24 9 14 1 9 4 15 31 9 12 7 2 3 1 23 15 1 4 26 8 4 28 21 37
30 35 0 3 0 1 1 2 3 8 69 2 12 2 1 28 1 13 9 4 5 4 5 0 37 0 3 6 3 4 18 17 7 10 0 4 15 2 17 1 9 30 0 9 1 85 43 13 29 25 27 14 9 2 4 0 0 14 7 1 16 52 60 60 17 0 26 2 6 2 7 8 16 22 2
0 7 13 33 8 11 14 8 9 3 12 18 2 29 23 0 59 0 13 1 7 2 7 0 4 14 15 30 3 5 17 69 10 10 9 1 14 1 17 10 9 23 26 42 2 10 5 2 18 0 2 8 23 2 32 17 21 19 33 18 8 17 15 2 9 12 9 3 4 27 28 33 10 0 3
