25 75
40 51 4 33 2 14 12 3 6 35 4 18 26 7 38 6 6 53 37 20 15 4 8 3 5 8 11 0 12 4 2 15 27 0 5 3 4 22 39 22 1 2 7 25 44 1 5 6 9 20 19 0 5 18 1 5 6 7 21 7 17 3 2 5 10 43 11 15 5 16 14 5 2 17 2
80 1 4 25 14 16 8 6 35 0 30 6 29 14 5 5 12 7 27 3 0 0 6 6 28 16 3 12 28 5 4 11 10 16 26 2 6 2 9 7 2 36 6 7 2 5 20 3 4 33 17 11 8 16 28 5 30 22 4 10 37 34 0 8 11 5 7 2 18 22 1 14 19 26 3
5 11 8 20 13 19 5 6 9 3 2 2 26 1 11 5 32 1 5 5 5 9 43 0 0 3 22 16 0 2 7 4 18 0 10 7 39 42 4 6 6 8 65 16 6 22 8 45 5 26 10 14 29 6 26 13 14 16 10 1 34 8 5 3 5 27 15 36 26 47 10 5 4 2 1
-1 28 40 23 20 7 43 13 36 3 21 10 24 37 10 47 4 0 4 17 4 6 3 1 30 12 24 9 7 5 2 5 10 3 4 4 37 7 11 3 9 7 19 0 8 0 1 5 33 17 1 2 13 7 38 9 21 13 8 25 1 23 3 5 6 24 6 0 2 53 0 6 2 58 2
2 4 63 29 18 1 1 13 11 1 9 22 6 9 3 0 1 4 2 1 0 5 35 16 8 38 13 4 35 1 24 30 3 6 4 2 23 24 5 11 1 2 14 42 8 25 10 2 7 2 27 0 0 30 0 30 2 18 24 12 0 20 65 22 28 0 1 20 4 4 3 3 48 26 13
-1 9 4 30 31 22 3 27 27 6 14 2 7 3 7 1 27 0 51 0 10 11 5 0 3 8 32 9 21 38 10 3 12 26 19 19 16 20 10 23 19 33 10 3 4 8 19 14 5 14 7 2 21 6 0 0 38 1 8 6 46 9 15 28 15 4 0 21 16 19 3 20 6 1 14
38 1 9 13 17 4 5 12 18 35 9 22 7 11 14 3 8 9 18 6 15 7 3 16 13 8 3 41 9 0 25 13 52 5 9 9 1 15 21 34 6 8 12 23 13 4 3 2 30 22 0 11 0 13 15 7 20 6 5 3 0 25 3 78 38 4 1 14 15 8 9 15 7 9 13
0 15 8 14 3 0 18 8 12 26 16 6 6 27 8 47 5 2 5 19 5 6 52 1 5 6 22 23 9 12 39 4 10 48 5 30 17 4 19 4 0 1 19 9 17 6 14 2 7 8 4 9 5 5 21 24 0 63 35 2 13 10 22 17 26 8 11 24 12 19 5 1 3 2 10
24 6 6 18 0 19 13 3 23 10 2 6 4 5 2 40 43 40 19 6 10 7 51 1 1 8 48 2 20 15 10 28 0 5 10 24 4 16 19 0 22 14 12 4 0 0 8 15 13 5 26 10 33 5 14 14 49 28 16 17 18 12 6 7 5 3 4 4 5 2 39 4 0 16 2
2 6 10 9 3 0 1 0 1 7 25 9 12 9 0 5 16 4 4 7 0 9 33 18 1 52 9 55 5 7 31 23 10 4 36 7 32 12 16 8 8 13 8 5 4 3 23 34 24 21 101 13 21 9 4 27 6 4 16 36 12 10 11 12 15 5 4 5 3 2 3 5 4 29 2
21 6 16 42 0 2 9 13 47 0 7 8 6 9 10 31 22 0 3 13 21 32 14 7 0 9 3 0 3 16 9 8 20 23 19 7 51 5 17 8 8 1 8 10 8 19 47 8 2 11 2 7 11 4 10 23 14 40 35 3 15 3 10 3 16 1 34 31 0 33 8 8 10 1 19
-1 1 9 1 21 31 17 16 13 5 28 5 9 11 19 5 4 3 30 0 4 31 5 6 6 8 27 24 14 6 3 15 26 9 28 18 0 24 7 3 16 33 1 13 17 27 2 8 28 11 1 11 4 6 6 4 0 44 7 10 2 14 49 34 2 15 9 16 22 29 11 20 9 4 24
14 9 2 29 0 22 24 55 7 7 5 10 8 1 7 15 5 6 50 47 2 11 12 20 9 6 12 9 20 1 2 14 0 16 11 17 3 5 15 10 10 40 6 22 27 17 40 5 8 23 5 38 27 10 16 7 29 11 13 5 16 4 0 7 5 0 19 18 13 15 4 13 0 1 8
2 4 5 7 33 0 3 10 4 7 22 41 3 1 3 9 3 3 64 0 2 9 15 10 0 92 6 6 5 15 1 5 8 18 43 41 23 14 6 7 2 8 13 40 32 3 2 6 22 17 22 0 10 13 9 3 1 21 51 12 19 14 3 24 36 0 4 7 16 3 2 0 6 1 28
0 1 10 5 2 14 4 15 31 15 13 4 0 15 64 1 4 48 11 3 10 17 27 42 3 0 6 0 3 6 27 1 5 26 19 10 64 1 8 16 26 13 1 15 0 14 26 1 5 8 5 16 0 12 36 11 1 2 5 9 5 29 19 1 1 12 5 6 17 26 3 99 5 6 9
2 35 20 26 10 5 14 0 4 0 16 0 6 9 31 2 23 1 4 3 14 5 16 12 0 29 39 9 1 17 11 19 20 8 17 5 11 3 6 0 5 38 21 12 6 17 15 8 44 11 8 21 11 12 2 8 8 6 2 7 21 23 22 5 1 6 48 10 6 6 38 63 5 25 6
20 4 1 1 21 35 36 0 4 9 2 6 18 2 10 11 3 15 0 10 35 3 2 16 14 3 4 49 2 2 0 0 4 1 27 5 39 11 13 33 15 21 20 38 9 2 22 1 31 1 14 1 42 27 12 0 4 70 12 3 2 11 27 12 53 18 16 12 5 0 4 8 1 4 11
12 3 38 9 13 7 2 16 11 1 0 13 1 9 5 16 2 2 84 1 13 36 29 49 24 3 5 2 17 4 14 5 2 2 24 28 12 8 4 14 14 67 8 2 20 2 39 0 8 18 18 8 14 38 14 2 4 14 11 9 1 5 5 15 9 21 31 2 1 19 7 6 4 10 14
1 1 41 12 3 16 5 2 73 3 9 30 0 17 14 6 20 5 31 6 61 7 4 4 20 19 23 0 12 7 10 10 26 4 24 3 4 15 4 2 26 21 0 14 34 14 37 1 21 3 47 4 18 1 2 0 36 16 2 2 6 0 8 9 19 13 6 38 6 3 7 5 14 6 7
-1 7 4 52 2 13 9 1 59 2 57 2 6 0 20 17 0 14 68 9 32 19 0 4 20 14 4 13 31 17 2 36 4 7 9 1 5 5 19 8 4 0 69 1 13 3 9 10 29 11 15 10 1 0 12 24 28 3 3 8 22 8 15 15 7 24 2 2 5 1 6 26 0 14 9
11 12 0 7 6 2 2 1 33 19 4 14 5 14 11 24 2 19 1 39 14 6 28 20 62 45 5 3 18 9 47 9 2 7 1 0 14 10 4 4 41 61 4 5 4 27 4 5 10 7 6 5 30 14 1 3 32 25 2 26 1 13 2 3 3 3 18 35 19 0 7 32 0 14 4
4 10 2 19 3 17 31 17 14 8 3 19 10 4 12 12 3 30 14 16 3 51 9 20 7 7 1 27 0 26 20 0 4 7 14 12 0 11 5 33 3 1 36 24 1 12 3 21 25 73 20 5 21 3 13 3 9 8 17 51 4 41 2 0 15 5 12 7 4 32 0 3 2 12 7
0 3 3 3 1 37 7 44 5 16 7 8 5 11 33 51 6 0 34 14 33 5 15 18 6 0 6 26 0 3 18 24 13 7 7 9 19 0 7 1 1 38 31 2 3 7 24 1 38 3 10 0 9 1 0 6 41 7 19 26 2 20 0 19 7 9 3 54 11 6 22 7 33 5 30
-1 14 6 1 10 10 2 2 27 15 7 39 19 7 11 0 9 16 0 10 68 19 13 13 40 22 3 6 42 12 7 7 4 5 0 74 3 7 27 19 5 51 4 12 4 14 7 2 3 8 23 13 1 18 6 4 10 10 4 15 21 13 7 2 27 3 17 1 24 4 13 1 2 4 52
6 0 53 6 26 3 1 8 8 30 2 14 18 3 34 9 13 9 16 10 5 20 23 40 39 13 6 48 1 6 15 13 14 1 4 19 6 9 9 12 6 6 18 10 36 8 7 5 38 0 2 16 25 15 4 29 2 17 2 9 6 0 12 22 1 2 4 3 12 59 19 6 7 15 5
