25 75
3 37 20 7 3 10 1 24 7 12 4 7 0 5 14 9 4 23 4 23 25 3 14 5 62 6 17 1 25 3 12 3 23 17 9 9 1 14 1 22 7 18 30 27 13 13 1 1 4 20 17 27 21 21 9 1 22 9 2 14 24 16 25 8 17 16 32 0 0 9 14 0 35 11 27
7 24 13 31 8 1 1 3 1 8 6 6 10 26 15 21 10 0 1 2 38 5 11 0 20 20 2 34 80 19 6 18 0 12 17 0 1 4 53 3 7 15 32 8 22 22 6 0 21 24 3 1 14 8 35 43 24 10 2 2 15 1 2 14 15 4 32 0 6 8 22 10 6 27 2
0 4 1 18 15 34 4 1 6 15 18 5 1 10 32 11 14 11 8 0 7 1 44 0 3 5 57 32 7 5 1 18 10 2 11 9 20 23 3 14 38 29 30 2 29 21 24 4 6 21 26 5 23 25 5 2 6 5 10 7 2 1 8 23 10 1 0 10 0 24 1 29 14 24 55
10 7 22 14 22 12 23 1 25 9 10 0 35 24 16 3 9 1 3 9 2 2 11 10 12 17 3 24 6 1 7 6 5 17 5 5 2 2 17 40 30 22 34 10 3 0 19 12 10 8 7 3 14 15 23 11 9 0 11 5 36 24 14 35 9 4 10 1 7 19 51 8 46 23 18
9 13 11 0 4 35 29 32 2 10 16 11 37 11 18 8 6 11 3 25 9 20 18 4 0 15 3 8 10 32 32 10 28 11 4 0 8 10 2 24 13 19 9 22 8 10 9 14 4 26 18 7 7 12 2 0 2 10 5 11 6 46 65 1 10 15 15 15 42 4 12 2 0 3 17
7 23 4 1 1 2 5 7 0 29 15 4 32 0 6 25 3 19 14 25 24 3 61 7 1 10 34 9 2 1 2 13 4 0 13 7 42 4 11 28 20 26 18 0 28 7 1 1 23 2 5 4 13 25 5 14 7 5 21 24 18 15 55 4 1 49 47 2 8 9 15 18 6 0 6
24 22 40 5 6 11 7 7 58 10 16 21 1 2 9 2 9 23 15 13 21 39 52 7 3 3 5 5 9 30 3 31 9 124 12 8 13 16 7 3 36 0 6 0 6 7 2 3 16 14 0 1 6 16 8 6 2 13 8 24 8 4 11 3 3 0 0 11 3 13 2 3 8 21 35
45 16 63 7 0 11 7 0 44 2 8 26 54 6 5 0 8 10 2 1 13 5 7 3 13 5 10 18 37 28 2 31 9 23 1 9 13 25 4 15 4 25 6 6 3 2 1 3 1 33 31 1 4 32 1 10 5 18 0 8 8 2 44 1 15 0 17 12 17 19 15 22 3 0 45
1 33 3 1 0 8 30 9 0 8 22 2 0 63 9 19 3 62 4 19 40 7 7 38 9 7 5 25 12 3 0 33 11 1 23 31 31 1 35 19 13 3 4 10 14 19 23 5 8 4 5 5 1 16 21 10 20 9 2 14 3 12 28 1 15 17 5 9 2 14 12 2 5 22 13
-1 16 6 22 12 0 3 0 13 7 15 16 28 16 5 8 18 0 2 5 10 10 0 24 60 11 0 17 8 23 18 24 11 17 5 40 22 2 1 35 22 7 11 6 6 5 31 2 7 7 1 15 9 1 6 29 19 22 11 0 24 59 9 0 5 8 27 18 19 4 15 6 4 40 16
11 16 9 10 9 83 22 15 12 14 0 0 0 28 2 12 5 0 22 0 13 20 14 0 0 13 0 9 23 6 39 0 1 7 1 26 22 3 0 15 5 1 0 6 3 2 31 9 19 33 11 10 25 1 0 30 31 3 1 17 7 18 8 23 36 7 10 41 55 8 8 50 0 0 9
47 25 1 22 26 36 6 11 17 4 4 8 19 37 1 2 11 4 10 17 25 4 13 5 30 41 6 0 33 4 44 15 0 14 10 27 8 4 11 0 2 38 29 10 21 3 0 9 26 25 1 23 0 9 5 41 29 0 10 7 30 5 6 3 6 2 10 4 0 10 15 8 0 5 6
3 5 4 5 2 12 34 33 17 3 4 18 12 0 2 34 9 19 6 11 15 9 14 1 3 52 1 5 11 41 2 11 101 14 21 0 1 4 14 10 1 7 3 43 24 6 0 15 4 26 14 3 1 58 24 21 8 1 22 6 3 4 0 2 5 13 13 4 14 32 17 13 16 7 7
23 7 6 25 18 0 0 21 1 3 15 18 9 13 8 18 18 3 16 7 9 21 4 1 18 4 0 26 13 59 9 5 17 10 73 16 19 16 7 2 11 47 6 2 4 1 21 0 35 6 2 20 3 12 3 3 5 22 49 6 12 36 1 42 9 9 21 2 10 9 2 7 2 17 5
10 8 2 21 24 4 0 6 5 12 0 23 7 12 6 39 30 24 1 13 2 17 28 11 52 4 9 5 10 4 5 6 9 4 4 31 3 23 9 0 27 11 19 8 21 31 4 14 23 2 15 17 35 2 13 0 22 12 3 2 0 1 21 11 13 19 21 37 5 1 3 11 35 14 44
9 22 18 0 3 1 13 14 11 2 25 1 28 46 2 1 12 0 28 10 6 7 13 18 0 25 69 0 17 2 8 10 14 5 15 0 7 16 24 0 13 12 19 6 14 12 25 9 0 47 29 5 8 8 19 13 3 2 6 21 22 0 35 28 1 0 34 9 15 0 3 9 19 28 24
3 3 2 17 12 0 92 23 37 8 4 35 11 6 1 13 9 5 7 5 2 5 21 1 7 16 11 3 18 3 8 17 12 12 37 13 35 13 2 15 13 1 4 28 0 8 15 58 14 1 18 19 28 48 5 10 12 2 21 12 14 19 5 11 13 1 22 15 18 2 2 1 6 8 2
0 11 1 5 8 10 8 7 41 22 9 31 41 14 16 5 3 17 3 8 12 11 5 3 0 16 4 3 15 30 1 11 3 20 18 5 55 29 9 5 21 10 16 31 6 4 2 20 11 10 40 1 3 1 6 42 21 3 0 15 2 22 7 13 45 3 15 5 31 4 2 23 9 19 22
4 13 25 7 15 22 24 8 50 6 5 17 0 2 5 9 12 1 11 9 35 9 4 9 11 5 39 24 0 1 17 0 1 12 17 54 34 2 26 19 7 1 31 8 0 2 5 14 21 24 10 34 26 3 9 10 2 41 33 29 6 13 37 1 2 7 1 14 1 10 5 17 2 6 4
9 6 1 11 7 3 15 35 22 0 1 1 36 31 2 24 35 2 13 2 21 4 21 0 22 2 3 0 18 17 4 1 2 0 23 8 13 57 44 28 1 5 18 4 0 34 73 20 13 3 2 10 8 23 16 21 9 21 13 3 2 18 1 1 12 8 14 19 2 25 1 7 16 2 31
24 17 19 10 1 9 11 9 17 13 5 4 7 21 10 7 15 19 7 16 9 7 16 17 1 0 1 9 10 0 38 11 30 7 24 43 13 18 2 0 3 4 4 32 18 12 9 92 9 25 12 4 15 14 14 26 3 33 1 1 5 23 2 6 12 1 30 6 0 18 20 14 5 21 9
40 0 9 21 18 9 38 0 34 0 18 11 70 17 13 9 24 0 17 17 3 3 0 19 9 3 3 4 18 3 11 8 0 8 2 1 2 15 15 21 21 10 16 36 8 28 21 15 17 8 4 20 15 8 11 18 1 5 0 12 41 0 5 5 13 19 12 20 15 0 52 2 13 4 12
2 8 1 27 5 14 8 0 17 1 3 31 4 0 21 13 6 19 9 16 41 34 6 2 22 17 3 36 0 19 1 53 18 3 6 0 26 1 7 6 3 4 31 6 9 14 0 63 2 8 0 4 3 52 26 1 1 5 99 4 4 25 0 16 19 28 8 14 10 1 12 4 2 6 10
12 24 19 11 10 58 16 0 13 4 5 9 21 12 29 10 35 20 0 6 25 3 4 21 17 10 1 7 3 1 1 54 14 26 6 11 1 0 6 12 13 3 7 2 17 13 9 0 21 11 2 1 10 7 32 16 11 2 9 4 20 5 2 0 74 2 35 34 15 13 5 11 15 37 5
16 17 6 32 1 1 5 5 3 0 5 23 26 10 20 0 3 22 0 2 7 8 19 7 33 1 2 23 27 61 5 5 16 20 10 32 8 5 30 5 15 12 3 2 19 68 0 0 35 5 31 42 14 13 3 1 11 2 3 12 3 9 7 27 11 26 2 10 0 5 49 22 13 1 3
