25 75
0 20 31 34 13 3 21 8 4 9 0 8 25 15 25 20 7 40 7 0 14 2 8 26 0 8 3 0 0 10 3 8 19 2 1 15 11 7 48 57 4 72 31 22 21 3 24 2 5 1 33 1 8 1 12 0 1 2 0 38 15 7 12 7 5 9 23 4 0 10 6 58 17 4 10
3 12 11 4 13 2 11 1 13 24 15 1 30 16 39 1 20 4 8 9 43 11 8 1 4 1 9 2 16 22 22 0 18 28 2 19 5 4 17 21 3 21 4 47 1 3 0 9 12 7 32 0 37 0 16 0 16 11 1 13 1 12 1 16 16 5 9 20 1 16 8 119 1 50 2
28 16 6 20 4 1 26 7 7 4 13 40 7 1 4 16 15 1 40 4 6 11 11 25 0 6 47 19 4 0 4 11 1 28 0 1 26 4 1 5 20 22 16 14 3 22 28 16 7 12 13 34 28 0 6 12 7 1 6 14 42 1 33 6 29 10 10 6 8 0 0 9 6 60 29
14 24 16 7 10 13 10 2 8 0 27 2 8 5 11 4 7 17 34 1 6 13 11 3 1 6 16 11 17 47 10 46 3 22 3 6 7 3 6 10 0 4 21 27 1 22 9 7 18 40 21 9 26 2 0 10 32 1 3 0 19 3 42 13 2 3 6 38 30 1 10 75 19 7 12
2 7 20 11 31 3 19 6 14 20 0 28 22 1 3 26 21 6 10 15 8 5 1 24 8 7 13 44 4 9 0 3 0 49 19 18 22 17 1 27 10 14 3 5 0 20 8 25 25 12 6 1 48 15 7 6 2 23 20 1 13 15 8 9 4 11 7 23 9 23 22 11 19 20 11
12 21 3 18 0 5 25 19 4 12 7 12 6 2 1 0 10 29 27 2 4 3 1 24 5 3 6 33 8 74 7 12 23 0 5 0 5 49 19 1 8 9 0 15 20 21 4 21 33 15 15 6 38 38 13 9 6 13 15 3 10 33 29 9 11 21 0 22 2 0 7 0 26 13 18
-1 1 5 20 14 3 6 10 7 6 0 12 9 18 8 10 0 6 43 17 56 17 0 3 10 3 8 67 5 1 7 19 0 14 0 70 12 26 29 2 14 11 10 2 17 6 8 10 9 42 37 0 33 34 29 0 8 3 11 7 11 1 3 13 34 0 25 1 8 6 24 12 21 3 4
3 10 2 11 11 24 5 36 0 27 42 16 30 0 18 33 16 9 6 6 6 5 19 2 22 34 6 42 3 39 3 5 0 7 26 1 12 32 0 3 6 23 4 4 9 1 10 0 28 15 28 6 13 3 5 1 25 6 2 0 44 18 6 11 13 8 0 15 0 15 27 5 14 38 25
-1 29 3 2 4 15 0 23 8 7 32 1 20 29 2 52 34 22 13 16 39 6 1 21 34 4 16 12 102 11 10 0 36 0 11 0 10 30 0 10 9 5 4 2 11 11 1 19 0 8 19 3 6 2 28 15 7 0 3 9 3 0 11 19 61 10 10 7 0 0 17 0 9 8 19
9 30 8 12 7 10 6 0 13 15 30 38 0 10 10 35 5 74 12 2 0 3 4 22 16 12 1 45 6 18 7 23 30 1 10 15 8 5 10 23 9 4 14 6 5 23 34 16 20 0 4 9 10 41 0 34 4 11 0 9 12 4 17 0 16 10 32 18 2 15 1 17 1 9 8
9 1 12 3 2 3 29 35 13 22 1 4 4 0 34 5 6 17 17 2 11 2 4 8 3 38 50 11 36 6 9 0 2 2 4 53 24 7 1 0 0 7 20 31 39 2 16 21 3 3 4 20 21 11 11 20 4 46 1 17 10 2 12 14 15 4 27 2 3 2 6 27 68 12 9
13 6 10 13 4 16 14 19 8 21 8 6 3 35 1 4 5 14 3 32 17 51 7 0 1 16 1 5 2 2 1 0 10 8 12 5 10 17 14 3 2 25 13 22 25 13 0 40 0 23 8 20 7 9 31 1 13 3 4 5 63 5 18 52 21 13 11 25 1 8 48 5 7 14 28
1 11 9 27 8 21 5 0 19 13 14 32 7 29 49 26 22 7 0 14 0 41 10 8 6 26 0 1 11 3 16 0 8 1 17 20 0 14 14 16 11 17 12 13 8 18 28 7 3 27 3 2 47 8 11 2 2 41 48 30 0 1 12 0 1 16 37 0 10 6 7 0 15 17 14
39 9 20 13 10 3 31 16 2 34 32 16 10 2 0 9 4 13 1 13 4 1 7 12 9 46 12 5 13 5 39 18 6 23 5 10 10 1 12 23 26 13 29 16 45 16 1 12 2 17 2 1 24 4 2 14 6 3 41 23 3 7 26 39 1 16 4 5 0 3 0 32 0 15 14
2 6 1 3 3 7 17 2 38 39 7 5 23 16 14 6 23 24 5 55 7 4 3 23 2 52 17 3 4 15 13 1 41 14 4 15 14 12 12 7 3 2 15 1 27 23 33 22 11 25 24 6 6 60 8 4 0 15 8 2 0 7 10 20 58 3 3 3 1 3 1 7 18 5 7
56 4 49 7 14 2 8 21 18 1 25 0 14 18 25 21 4 12 20 2 7 0 19 9 47 1 19 23 1 28 24 32 15 15 12 21 5 2 11 11 20 8 11 8 8 14 8 2 18 5 12 13 0 2 25 30 19 17 20 3 9 2 8 9 7 0 8 22 2 2 48 5 1 1 10
-1 2 11 7 1 2 12 6 1 43 10 0 10 8 4 10 24 20 37 7 17 2 3 8 5 14 14 7 1 11 10 5 4 21 16 18 10 8 13 3 15 40 12 15 13 3 15 32 3 20 4 11 5 22 25 0 3 5 28 46 18 13 61 0 6 6 28 64 24 2 2 6 21 24 4
29 18 21 10 1 5 19 21 19 4 8 3 30 12 1 13 7 16 32 3 5 11 3 3 6 11 24 36 10 2 3 19 15 12 0 30 0 3 2 2 28 13 8 6 21 2 19 36 8 1 11 16 30 0 1 5 1 1 10 3 4 28 50 26 3 52 6 5 18 5 6 25 7 0 76
16 2 10 23 69 2 30 3 4 21 18 10 27 45 2 10 18 10 104 19 6 2 10 2 2 20 3 5 39 8 33 2 1 0 15 15 10 18 27 23 1 1 7 15 5 5 2 21 16 2 2 9 7 10 9 2 15 3 13 5 19 4 3 10 5 0 3 11 27 8 35 5 13 3 20
5 13 3 2 1 1 7 22 1 16 11 1 18 5 1 21 21 14 8 3 34 18 20 0 63 0 24 4 12 19 6 43 1 55 2 11 24 34 3 15 17 25 1 10 4 1 14 7 17 25 9 23 9 6 22 5 19 13 7 19 0 4 14 16 6 6 11 49 9 17 10 10 22 9 2
1 25 21 18 14 0 39 34 0 18 3 19 14 24 10 4 3 3 1 28 0 7 5 12 11 2 1 1 7 4 9 14 8 17 0 7 14 24 14 15 37 14 17 43 20 6 75 9 3 51 26 16 3 8 15 16 3 25 12 12 0 34 5 0 7 3 34 0 1 10 4 5 17 2 16
55 3 29 6 0 31 11 4 6 1 13 6 8 1 12 1 8 9 17 7 0 10 7 0 3 0 3 2 17 20 19 45 8 22 11 16 9 3 12 26 23 16 19 4 97 7 10 9 10 2 12 4 4 20 16 2 16 19 11 13 9 17 6 12 12 30 6 7 4 17 2 5 70 19 9
0 1 4 8 10 7 0 10 4 29 2 2 19 14 16 8 28 0 46 23 6 9 21 21 13 3 15 2 9 12 0 8 6 31 3 47 10 1 10 11 5 6 21 13 3 1 17 41 24 6 9 11 4 36 6 0 2 10 16 17 23 7 1 17 31 39 23 25 40 5 10 9 7 19 27
14 0 8 24 32 15 4 9 1 23 2 14 12 5 0 12 0 11 5 1 0 0 20 28 55 59 5 27 2 1 11 14 4 72 15 7 27 57 24 19 12 25 2 18 40 4 17 2 3 16 30 4 4 3 1 0 0 3 24 2 1 12 9 0 5 8 43 1 11 15 10 6 19 10 1
5 31 5 3 3 36 7 19 40 28 1 0 15 7 7 2 10 1 29 6 5 17 5 17 9 6 30 14 4 50 10 10 9 5 0 4 12 54 1 10 13 0 2 20 11 5 4 1 13 16 3 6 3 34 18 32 2 11 1 17 31 4 2 7 17 15 15 4 25 15 30 46 12 37 1
