25 75
68 12 5 11 5 17 41 2 2 2 7 10 9 0 20 3 12 0 6 23 1 1 12 12 9 33 23 3 14 16 5 39 14 22 6 41 5 4 11 12 26 2 23 5 27 21 13 3 6 9 8 5 3 1 18 21 5 42 27 2 12 0 5 35 21 4 2 6 8 0 14 2 7 3 76
0 0 7 1 2 6 3 19 14 4 26 2 0 17 15 1 23 6 20 0 17 0 2 3 26 4 4 7 14 20 28 36 2 6 0 27 31 7 7 10 5 13 31 4 25 6 5 2 14 92 5 22 36 22 8 3 7 11 1 52 12 12 8 15 13 34 41 13 2 9 11 28 5 9 7
8 8 4 6 11 20 40 12 5 1 4 32 8 15 12 5 2 0 9 4 6 4 9 12 3 9 3 27 11 15 6 10 1 4 10 7 7 5 18 18 3 7 2 23 5 48 50 32 19 6 33 53 2 10 3 3 89 3 11 17 6 6 21 11 5 11 0 29 19 25 11 25 13 6 2
29 39 1 7 21 8 14 0 52 5 0 4 39 3 6 40 1 8 21 7 14 27 3 26 59 26 0 22 3 2 7 9 4 4 26 8 2 28 52 43 4 1 5 15 39 4 8 10 8 35 2 11 3 23 8 3 16 2 4 0 9 7 9 3 17 0 4 2 38 5 0 11 10 10 4
15 23 9 6 6 0 4 1 24 1 33 6 2 0 2 6 14 49 34 2 1 44 16 6 27 8 2 21 34 12 0 19 8 3 3 42 10 7 0 10 17 10 0 9 7 4 23 8 0 9 19 32 18 9 2 19 13 7 1 29 24 12 19 0 17 18 3 43 19 49 14 24 5 3 4
25 1 52 1 9 5 5 23 23 4 4 48 1 31 21 23 29 37 3 7 4 12 11 10 12 33 19 12 30 9 9 11 10 3 4 21 2 39 0 5 9 4 37 21 23 21 0 1 2 12 58 1 23 0 14 5 0 1 1 34 4 33 2 5 9 3 14 10 6 12 12 8 1 5 1
2 29 2 11 26 2 8 1 12 0 38 44 9 3 4 10 9 14 16 4 5 9 11 12 22 7 1 36 7 7 2 30 0 3 50 18 6 32 13 2 13 5 6 28 12 12 1 23 30 3 17 24 21 25 1 10 2 2 5 59 1 8 4 42 4 22 3 18 18 15 0 10 9 18 12
16 0 5 3 30 14 28 1 46 43 7 1 17 6 21 6 25 49 0 8 14 6 8 5 12 17 28 6 2 6 8 3 4 6 15 8 42 3 5 12 19 5 24 12 9 13 5 1 4 4 16 7 27 5 14 58 4 6 8 0 49 11 7 14 8 11 28 10 38 6 2 0 16 10 13
-1 84 12 0 17 17 5 13 1 15 17 44 23 9 33 12 6 21 0 14 1 6 6 14 15 16 34 0 16 9 6 5 23 0 38 30 44 1 11 0 2 9 12 11 14 1 7 12 0 35 2 52 2 3 10 12 10 3 2 26 25 2 44 9 5 19 10 6 3 4 3 13 7 5 3
43 15 15 0 2 21 1 10 2 16 13 9 4 2 10 6 5 6 65 8 46 42 5 1 30 9 44 42 74 20 14 12 2 7 4 0 3 1 8 50 7 9 15 38 0 41 4 0 26 9 1 3 8 9 18 1 10 6 12 3 0 4 48 4 0 23 1 1 1 15 0 3 7 2 4
5 2 4 3 1 11 0 6 22 32 9 15 7 5 7 15 22 19 0 3 5 10 3 1 11 13 14 28 8 17 16 1 67 4 2 37 26 7 1 1 17 8 3 4 4 22 34 41 0 23 24 5 20 15 7 3 1 6 29 11 3 6 16 32 16 8 2 35 2 15 5 2 58 9 54
9 12 9 8 4 0 2 11 3 13 7 9 22 1 9 1 5 16 2 40 6 4 28 10 62 2 16 13 24 1 5 8 15 8 7 8 12 9 24 2 2 12 3 5 9 3 2 5 48 26 45 22 5 4 26 12 7 2 19 13 33 21 14 26 20 17 21 21 3 6 12 2 35 29 23
7 7 5 13 14 16 6 8 13 2 4 10 5 1 12 31 31 17 4 61 12 24 33 1 26 21 13 3 15 7 3 31 14 7 6 11 0 17 13 31 12 26 4 10 14 30 19 2 9 3 21 5 13 4 6 37 7 0 5 15 0 32 10 15 2 1 1 24 15 12 41 3 11 31 5
16 5 15 19 18 7 10 6 3 1 20 32 1 21 65 4 3 8 14 12 3 7 32 54 3 8 0 32 10 21 8 3 33 23 4 5 4 8 21 2 0 1 15 5 19 26 5 9 66 18 4 4 0 17 36 29 31 9 14 4 3 1 0 5 0 5 26 7 1 41 19 3 6 7 3
20 0 5 26 3 12 7 4 7 18 7 14 16 23 49 12 4 0 29 11 9 17 22 28 7 4 11 13 3 7 14 5 23 0 17 5 5 23 11 39 1 17 15 2 3 2 25 1 18 31 15 22 14 17 12 4 21 6 28 4 17 7 29 7 56 26 10 9 3 4 0 23 5 5 11
-1 18 18 8 18 13 0 9 13 19 12 40 6 0 11 28 7 57 3 31 1 3 11 6 50 4 2 11 4 3 33 21 3 10 1 12 7 4 2 12 7 1 5 14 12 20 27 9 25 15 0 31 17 30 4 20 6 20 12 6 12 4 56 7 3 9 2 6 2 1 10 11 50 30 6
0 11 5 3 5 0 6 2 3 6 21 8 7 23 14 20 5 5 13 22 0 15 1 14 7 88 1 7 10 26 2 2 5 20 15 0 9 15 6 36 15 6 0 5 1 13 47 20 44 1 14 8 27 15 21 16 31 2 3 1 38 5 4 43 1 8 23 44 26 7 4 0 2 37 10
-1 26 20 8 9 10 7 7 1 1 8 12 11 21 41 5 12 0 4 17 39 6 26 2 0 2 22 5 68 4 24 1 6 6 16 1 6 3 26 37 17 5 0 48 6 2 22 20 6 33 21 0 11 2 14 4 58 7 6 2 43 28 2 14 11 19 11 0 0 12 4 31 8 3 11
5 25 10 9 1 17 8 22 12 3 9 1 2 5 20 11 45 10 5 2 5 0 12 1 3 17 21 0 26 51 1 29 4 11 3 11 28 9 11 21 2 17 5 54 3 0 11 17 4 8 0 18 16 0 16 19 4 12 1 31 11 1 63 7 27 1 39 7 33 11 10 27 30 8 1
-1 4 13 6 7 5 20 14 3 31 55 11 27 16 13 0 2 4 50 6 3 0 5 12 8 13 1 10 4 31 1 3 9 2 39 16 10 26 17 1 1 0 20 2 8 57 3 17 44 5 8 5 7 66 2 5 37 30 45 16 3 5 7 1 25 5 6 12 14 1 2 6 0 11 27
20 51 4 6 1 5 0 0 0 24 6 27 4 12 2 42 6 13 4 2 34 35 3 1 2 2 15 20 2 60 42 6 5 7 11 0 36 4 1 28 6 3 7 15 2 8 17 1 50 9 9 0 34 15 30 15 19 21 6 1 0 8 4 19 10 2 8 2 10 2 19 8 8 87 2
26 30 9 22 6 51 9 5 4 21 13 8 3 14 11 0 2 31 3 10 13 10 3 75 0 9 5 2 3 21 15 7 1 17 6 10 14 17 2 4 3 6 28 4 1 4 20 10 3 2 2 28 42 22 8 17 8 0 23 26 12 12 20 19 55 0 1 3 14 16 5 10 53 2 9
65 9 0 7 16 34 15 3 35 0 4 43 55 6 2 4 1 9 5 3 5 14 4 4 0 8 6 8 33 22 29 12 6 1 3 11 39 6 3 1 14 11 39 3 9 29 2 7 1 17 61 8 4 43 19 1 8 4 1 20 17 21 4 3 0 0 22 3 50 8 5 8 2 11 14
1 2 12 41 18 6 9 23 58 2 16 5 1 3 18 2 1 1 2 6 7 2 27 18 2 8 1 3 12 26 3 1 2 3 16 4 34 5 17 10 10 69 0 85 2 15 24 12 2 19 3 9 7 84 0 14 75 1 0 5 8 6 5 0 17 28 1 0 33 10 1 5 14 3 5
5 10 3 5 7 31 6 12 25 11 1 31 15 43 62 3 5 1 14 21 17 16 2 16 9 17 20 19 47 23 2 0 9 12 8 2 5 3 15 27 1 17 10 6 26 2 0 10 10 12 38 10 26 17 6 9 7 3 13 5 35 49 4 11 0 1 10 3 20 0 3 0 7 21 28
