25 75
4 21 13 10 12 29 36 42 6 11 9 18 20 8 1 5 1 4 2 2 22 36 9 0 25 16 3 1 50 8 12 5 7 23 0 1 22 10 6 2 9 5 7 15 3 10 9 17 37 15 5 11 8 4 0 15 16 65 2 5 10 6 12 14 42 8 41 10 16 6 2 2 37 7 17
6 0 0 15 29 7 9 0 46 0 33 10 1 3 6 17 0 12 2 10 11 14 16 44 12 9 13 7 7 7 19 19 11 50 40 2 19 32 5 4 0 21 21 11 7 5 11 14 11 7 4 17 5 29 6 1 34 32 10 5 2 2 8 35 25 12 16 4 1 7 24 5 12 6 43
0 23 4 13 20 13 1 3 5 6 13 1 29 9 14 27 4 19 5 10 12 3 8 0 5 20 9 5 11 6 23 3 8 50 20 7 2 7 31 0 4 37 32 3 14 10 7 12 20 8 25 13 12 6 1 1 4 16 10 31 31 39 4 7 8 0 73 29 2 20 31 4 3 27 7
4 2 9 10 4 26 9 13 1 11 11 31 23 13 10 2 0 12 42 0 19 27 2 17 11 1 2 75 31 17 36 8 6 15 27 43 13 4 2 18 1 8 0 10 9 19 17 0 2 9 11 7 2 5 2 24 2 19 20 25 8 18 29 10 1 1 26 3 2 1 23 18 8 27 26
18 1 11 10 5 39 1 2 22 50 18 9 17 9 1 1 10 11 3 5 4 13 14 27 13 8 15 2 3 7 32 18 13 2 0 2 9 17 3 2 16 7 10 9 20 33 12 15 18 14 0 4 3 8 25 6 0 8 14 29 34 22 53 2 2 13 9 43 45 1 29 4 40 2 3
20 0 10 29 17 1 1 19 31 1 2 49 11 0 27 5 26 22 5 15 3 22 0 7 0 31 5 4 0 10 67 8 2 7 4 3 8 7 8 5 3 2 50 16 1 22 0 32 31 6 1 39 0 2 28 13 18 4 27 30 5 25 11 0 0 19 45 2 8 9 10 11 30 0 8
24 43 3 0 2 33 0 29 15 5 5 3 24 18 62 9 0 22 4 6 2 12 2 21 2 1 7 14 13 23 0 10 30 8 22 7 0 1 1 18 1 30 7 9 18 2 38 3 2 2 15 23 9 72 8 2 2 12 11 12 21 11 52 5 21 16 4 16 2 11 2 11 4 8 37
0 4 19 14 14 57 13 16 35 33 15 17 2 4 28 7 31 20 8 15 14 1 17 2 25 33 5 8 16 13 9 15 10 37 1 10 20 12 3 35 0 1 31 24 8 3 0 5 10 2 16 15 11 3 21 1 1 20 6 2 18 15 4 18 2 14 0 5 17 0 62 3 7 8 9
10 10 1 5 11 5 5 4 8 74 17 52 41 6 3 22 8 8 10 12 22 19 18 10 18 20 22 1 3 37 42 15 2 38 26 14 5 32 24 15 7 10 5 2 15 27 5 10 5 3 4 10 0 4 10 12 5 2 13 14 3 0 28 24 1 3 18 12 13 4 0 6 11 1 18
9 31 46 9 3 16 0 5 2 23 18 12 24 34 3 25 0 19 9 4 3 21 8 12 6 24 1 6 20 63 11 25 5 9 17 7 38 1 7 7 21 0 69 40 12 6 8 9 23 4 0 5 30 4 13 3 13 3 26 0 15 14 0 0 6 13 3 22 2 26 4 0 1 21 1
-1 16 13 26 0 31 3 14 14 2 10 24 8 10 23 40 4 3 11 34 2 49 3 2 7 15 19 5 1 0 24 28 1 3 13 30 4 14 0 0 1 17 3 23 3 2 51 1 5 39 0 18 39 35 0 24 19 0 3 4 5 5 9 14 3 25 5 17 45 0 10 18 19 18 15
1 47 40 2 1 16 1 1 1 5 9 46 28 25 2 55 18 0 8 14 3 3 13 21 4 12 25 18 17 7 5 8 15 11 24 11 49 19 12 11 20 2 31 1 6 29 7 5 3 6 3 2 2 7 5 13 2 17 3 61 4 19 15 0 13 14 14 0 17 17 26 9 4 13 2
17 11 26 3 11 38 0 0 29 17 10 2 3 4 26 4 35 7 3 49 1 6 2 0 49 20 0 12 14 6 12 6 12 5 9 16 4 12 54 20 12 15 64 18 4 0 1 1 11 9 1 1 6 35 12 4 34 25 0 5 0 29 22 7 2 9 13 22 8 8 9 19 8 17 14
14 2 15 16 39 2 36 5 22 4 19 4 1 70 2 2 10 2 30 2 16 5 8 7 4 14 10 7 1 18 3 20 21 13 6 3 0 12 55 13 2 17 12 8 8 40 3 5 11 5 3 2 6 3 5 2 5 21 33 8 19 45 27 12 39 1 2 5 17 29 8 0 30 9 25
9 3 10 2 17 6 7 8 2 4 2 18 4 31 6 61 4 18 4 22 12 8 0 4 2 30 28 20 12 4 15 1 24 61 26 7 0 46 2 8 3 10 11 32 5 0 5 3 48 43 5 16 10 11 24 8 4 4 3 2 12 10 12 10 18 28 11 7 19 3 8 15 21 15 16
0 7 1 1 14 23 9 6 0 14 0 20 3 25 1 0 16 14 23 4 1 4 22 11 29 5 95 20 40 35 1 13 25 20 5 7 3 0 53 1 14 43 20 7 0 12 57 0 33 3 3 10 2 0 11 18 4 1 3 6 13 1 3 37 2 26 31 6 28 4 9 3 2 1 16
10 24 11 24 2 17 3 16 16 5 13 12 3 0 5 12 5 1 5 0 5 11 10 30 44 9 11 25 3 30 9 2 23 6 4 6 1 7 56 0 8 6 2 2 35 5 6 6 21 4 2 29 12 41 1 12 13 40 15 20 11 5 28 6 25 47 18 4 1 0 27 13 24 22 13
10 26 19 3 8 5 32 7 29 23 7 24 20 7 3 46 11 33 25 14 2 0 3 8 1 2 19 12 7 8 2 14 20 16 6 5 2 6 2 0 5 5 1 67 35 4 3 3 20 12 15 10 9 15 15 12 15 1 0 10 45 15 8 9 3 11 35 20 13 18 18 7 6 13 35
5 3 11 0 15 26 5 13 33 6 17 3 2 1 11 10 20 3 4 5 10 4 8 9 40 34 23 17 5 0 15 13 2 0 92 2 55 10 1 42 4 0 6 4 20 9 0 11 0 19 6 24 31 12 62 11 1 11 5 2 7 6 3 6 1 0 23 20 22 8 48 2 0 21 20
42 5 7 2 9 1 22 42 2 40 30 13 1 5 4 0 8 10 3 11 14 14 18 16 4 1 11 16 0 0 0 18 7 18 2 3 21 48 30 0 3 11 3 10 24 7 20 24 21 19 10 15 22 2 11 8 1 48 13 21 1 25 17 2 22 2 7 6 7 11 14 15 26 36 18
0 4 7 12 14 39 0 8 37 11 1 24 24 4 29 35 12 41 8 4 13 8 42 2 18 0 23 2 8 15 3 13 43 11 8 14 7 12 7 16 7 1 4 32 3 12 6 5 11 5 35 7 2 31 2 7 5 14 90 1 2 18 15 5 7 5 2 14 29 5 4 6 1 1 27
2 5 25 2 8 23 21 11 9 5 3 31 0 10 13 16 24 53 5 12 10 11 7 21 16 1 3 6 5 3 25 20 14 0 5 1 9 6 19 25 1 3 11 5 9 5 19 12 58 11 0 0 51 11 41 28 2 6 1 0 7 0 77 40 18 18 30 8 4 0 4 11 11 0 13
25 4 41 11 0 17 10 11 7 7 5 8 14 57 12 60 5 5 7 17 27 13 1 24 20 0 4 4 15 6 2 18 11 2 42 22 21 94 2 2 10 23 0 8 5 3 10 1 2 1 17 1 0 24 2 12 12 43 9 17 14 6 14 6 2 10 6 10 20 0 0 29 5 17 8
3 10 26 24 7 20 7 33 22 4 13 13 10 15 15 14 35 6 5 17 17 20 18 28 10 7 20 16 4 7 5 6 15 7 37 30 28 10 25 15 55 16 1 14 1 6 6 0 3 10 7 25 7 17 0 2 2 11 8 16 1 4 2 8 7 5 2 16 20 30 5 19 1 48 1
12 19 2 1 14 0 3 25 8 1 11 100 8 64 0 24 13 31 34 1 1 9 4 5 9 13 5 29 10 1 0 3 3 3 7 21 8 9 0 31 24 7 16 8 15 4 19 2 0 1 1 7 1 3 4 5 13 7 23 19 3 30 2 3 38 10 30 42 0 15 18 14 19 28 27
