25 75
9 21 1 4 14 28 27 0 12 2 10 8 16 3 9 23 28 5 82 1 42 22 9 24 0 4 5 13 4 9 3 28 3 2 4 16 0 13 12 19 19 4 43 8 7 3 1 37 14 10 18 1 1 1 26 6 25 1 38 18 2 2 26 19 0 4 7 0 49 21 5 23 6 18 2
18 5 17 1 33 4 2 6 12 13 4 8 22 0 60 9 31 1 28 6 8 7 0 6 29 27 2 4 6 14 13 2 0 2 0 5 10 53 14 2 15 15 28 5 10 15 2 10 26 0 13 21 8 1 21 1 28 53 7 34 12 25 28 12 2 25 9 10 7 23 9 3 3 34 1
8 15 30 30 54 16 10 0 16 22 19 7 7 21 4 58 0 1 0 9 14 0 9 5 12 22 15 3 2 20 32 0 14 0 16 6 0 0 3 17 4 18 38 7 12 27 11 28 2 13 9 17 0 7 3 3 33 1 7 22 8 3 37 19 7 5 27 1 6 40 3 2 29 23 11
23 20 89 15 1 2 19 49 10 17 2 25 8 0 2 3 8 5 11 5 9 21 8 8 11 1 5 1 0 12 14 15 6 0 21 37 0 6 12 18 12 12 15 15 0 4 1 51 4 47 10 41 17 0 0 4 24 1 0 25 11 34 17 8 6 10 31 6 11 12 13 3 14 9 13
0 32 8 6 47 11 5 17 2 6 5 3 15 2 9 16 12 11 33 5 33 24 26 10 33 1 27 6 0 1 16 1 10 0 11 5 15 3 2 18 12 2 24 17 4 40 3 9 23 9 0 18 2 4 3 34 4 1 0 0 14 20 3 25 50 8 12 10 21 4 5 24 23 49 36
-1 50 43 12 15 5 11 21 0 0 1 6 6 1 24 27 4 5 30 7 9 9 28 7 26 32 9 1 3 1 22 0 6 1 28 9 31 5 17 47 5 9 5 4 8 14 4 3 11 17 8 0 29 7 18 9 3 26 5 11 17 10 8 10 5 14 51 16 40 28 28 0 3 2 14
8 14 0 8 1 5 7 11 37 3 28 4 8 7 17 8 31 14 9 25 5 24 0 41 9 10 26 22 16 24 10 12 19 23 23 6 3 7 6 12 7 0 21 8 11 8 37 7 27 6 15 10 0 30 9 13 2 1 22 0 7 14 14 17 4 6 9 19 6 21 1 6 0 71 28
3 30 1 22 2 6 6 2 5 0 26 2 16 14 2 18 3 1 27 39 9 4 12 4 3 12 9 29 8 0 3 37 0 5 17 56 22 21 97 13 19 11 3 28 24 1 35 24 47 25 3 11 8 4 4 7 1 4 5 7 14 8 25 9 27 8 2 5 6 5 14 1 12 2 5
30 1 20 3 8 22 15 19 0 10 2 63 9 9 25 7 5 8 4 0 28 16 1 34 63 6 1 18 20 7 7 7 14 3 46 14 18 12 1 17 27 21 12 5 4 0 5 10 3 36 6 10 6 1 28 4 23 9 8 3 3 11 16 16 37 9 13 2 14 10 20 4 3 11 17
7 24 0 6 25 45 13 27 2 0 8 9 2 21 4 27 7 22 4 3 9 17 34 13 6 11 5 8 28 4 1 10 30 7 4 11 11 2 37 2 50 13 36 1 9 11 9 6 2 33 0 1 15 8 15 0 7 4 5 47 4 48 78 1 5 5 14 0 15 0 2 6 23 16 5
29 6 6 52 17 3 10 1 3 9 11 25 7 6 2 6 8 6 28 9 46 4 9 5 9 25 1 55 0 1 17 1 24 17 15 42 4 8 12 4 68 16 3 14 0 1 27 17 4 21 2 1 9 25 19 17 3 20 10 3 16 29 24 5 6 36 4 6 3 0 1 0 13 21 13
10 3 1 7 1 6 1 29 6 2 1 15 8 9 13 11 24 6 20 18 0 9 24 5 1 1 7 0 9 2 26 2 1 2 2 19 53 20 74 18 13 3 17 7 2 12 0 0 24 17 7 15 6 3 7 22 0 40 6 15 18 37 1 11 9 1 64 32 60 11 2 3 27 8 34
4 13 5 12 1 53 4 6 15 41 12 16 6 32 8 25 4 14 6 7 14 19 17 13 4 18 4 42 3 6 2 1 30 1 34 25 0 9 8 11 3 2 8 14 14 2 22 7 1 13 6 3 0 11 22 7 8 22 3 19 8 9 61 21 9 6 0 1 26 36 36 15 4 20 16
15 48 65 1 27 9 6 20 26 8 42 15 11 2 8 5 0 7 2 18 15 3 22 2 0 0 10 1 6 0 14 14 17 12 0 15 1 17 11 32 17 19 18 10 19 0 1 2 9 19 6 3 6 3 27 0 1 3 1 28 5 7 32 9 27 35 0 3 19 79 21 31 9 2 2
9 5 7 15 33 6 8 39 14 20 7 6 23 1 1 2 33 34 0 26 4 14 6 57 40 3 29 11 11 10 1 16 29 5 11 47 3 6 2 10 6 4 3 36 21 2 3 8 8 59 15 2 8 9 0 5 51 1 0 14 0 2 2 1 15 4 22 3 3 10 1 16 54 6 2
2 9 12 20 3 0 42 23 22 0 5 3 0 0 17 32 22 4 8 2 26 12 0 58 22 11 0 7 13 13 4 23 5 37 0 15 32 2 6 18 9 33 1 10 0 6 6 8 18 4 16 29 3 17 7 28 12 3 38 40 13 3 16 10 0 1 8 7 14 0 0 20 14 37 39
0 12 29 1 8 6 6 2 2 1 6 2 11 52 12 5 11 32 28 36 3 21 12 13 11 12 8 4 19 10 17 4 3 2 40 10 18 24 8 1 6 19 1 3 28 29 19 5 1 7 7 22 0 11 10 10 5 21 36 23 8 20 44 22 3 7 7 21 6 50 32 6 2 2 5
21 0 26 19 24 15 27 3 7 26 6 4 20 4 8 19 4 14 10 3 2 17 8 13 13 4 11 3 3 8 35 24 5 22 0 26 72 18 32 2 11 3 16 1 14 1 0 19 0 16 26 9 16 49 5 7 16 2 10 0 3 36 10 7 40 8 9 2 3 2 28 1 8 20 24
0 4 44 23 3 5 6 28 49 3 11 8 0 7 1 8 50 16 8 62 3 11 1 6 3 4 14 11 2 5 35 6 37 6 2 21 2 4 6 3 23 5 0 15 22 11 4 130 6 59 16 23 1 26 7 3 6 1 8 1 13 13 2 7 7 12 2 4 3 8 8 6 2 14 14
2 11 11 11 12 21 2 13 14 3 9 28 4 19 6 29 1 1 3 8 14 57 31 41 1 6 3 0 5 1 2 21 5 4 29 35 9 25 12 53 41 7 28 3 7 6 6 14 7 24 3 2 1 3 25 18 4 8 10 0 27 2 7 7 26 18 17 15 3 33 10 0 5 3 48
36 5 10 3 55 9 5 40 2 14 48 8 0 7 8 2 18 1 5 10 18 10 13 10 15 6 1 18 2 6 12 55 8 3 2 0 2 8 3 39 3 13 22 8 18 12 27 12 7 3 23 1 8 21 31 12 4 1 43 0 30 12 5 5 8 4 3 67 1 38 9 0 8 6 18
17 7 64 12 4 18 24 37 12 10 17 10 14 19 16 35 0 1 5 24 14 15 18 3 27 0 24 3 0 26 18 0 30 2 3 27 28 16 9 0 20 12 2 11 8 22 0 3 20 0 2 1 15 24 7 16 10 1 2 1 5 11 33 14 13 7 2 24 9 6 6 12 3 57 12
1 6 8 22 4 68 29 3 5 22 3 12 11 34 2 9 3 1 3 10 4 5 23 22 6 46 6 7 1 10 27 29 14 9 0 4 6 25 6 8 4 37 7 15 2 1 53 9 12 2 13 29 33 0 22 6 8 6 1 41 14 14 7 29 12 22 2 0 1 16 5 19 8 22 14
2 8 17 0 9 7 5 14 10 5 0 0 11 7 35 0 9 3 37 13 9 16 13 0 32 3 23 1 2 3 10 9 13 15 4 26 26 2 17 41 5 10 3 1 8 34 49 47 4 47 5 9 8 31 24 16 6 17 22 26 50 0 11 6 2 13 6 6 1 25 11 4 12 1 23
31 3 13 5 1 41 13 41 7 21 3 27 6 3 23 30 10 1 1 12 2 0 3 10 9 19 8 2 15 5 1 1 19 1 15 0 6 0 8 5 9 10 31 0 18 21 17 0 3 19 21 13 22 5 12 32 12 42 18 24 41 57 0 15 22 28 5 8 9 8 6 9 29 1 12
