25 75
8 39 2 2 8 5 3 9 25 11 2 27 10 0 12 2 10 1 3 58 28 8 17 0 17 21 4 4 12 6 18 3 14 16 2 0 8 4 16 14 1 4 14 5 37 20 0 26 29 8 30 37 3 11 28 30 12 0 16 86 18 56 9 14 2 3 5 2 0 22 4 14 3 1 1
2 6 1 12 12 15 3 5 52 21 29 21 29 37 14 27 10 0 25 2 15 14 32 13 1 18 7 33 3 5 4 11 1 5 24 0 10 23 8 4 0 0 4 61 21 3 4 19 4 3 13 12 7 1 35 28 21 6 3 6 0 18 1 12 1 9 26 10 1 28 38 12 9 29 1
10 1 13 28 4 4 3 18 19 18 6 20 2 3 31 18 10 6 9 25 9 5 6 8 5 28 38 5 31 7 3 1 6 18 1 1 15 20 44 0 9 10 4 10 6 21 0 13 26 11 23 3 9 13 3 13 59 1 22 8 22 4 6 34 5 10 24 30 13 35 7 17 0 24 6
44 10 29 3 1 7 1 2 31 7 3 22 18 77 12 25 7 76 27 9 10 44 3 6 0 1 20 5 20 6 12 8 15 20 10 3 10 6 12 15 18 17 5 1 12 5 9 13 1 4 7 1 6 0 34 15 28 17 0 2 7 3 6 1 56 28 11 10 9 15 4 1 4 3 10
7 5 12 9 17 5 16 19 4 7 0 19 1 16 9 58 2 22 17 21 6 2 19 3 0 12 30 20 36 12 4 13 6 9 0 30 16 10 7 11 0 20 2 24 30 13 0 51 32 2 23 51 6 15 9 4 5 9 38 0 2 8 25 4 20 31 3 16 3 16 11 4 7 1 3
0 3 5 13 10 1 18 8 7 37 38 20 34 7 12 0 10 16 9 2 15 20 6 26 27 4 2 16 0 42 3 62 8 8 37 6 3 52 3 1 2 0 43 39 10 4 40 21 7 5 5 0 0 7 8 6 34 30 2 0 47 17 0 14 3 15 5 9 13 2 2 1 3 13 2
17 5 7 31 3 2 7 20 14 33 3 36 16 13 7 8 4 29 25 20 34 16 19 7 10 1 2 12 22 13 0 16 4 20 3 22 14 15 0 9 5 1 15 9 6 12 1 1 30 16 3 6 13 5 29 20 1 33 9 10 16 25 27 1 12 9 11 0 24 37 18 31 7 2 16
1 10 4 13 2 15 9 0 27 12 6 3 29 6 5 5 16 9 5 2 13 8 6 9 17 1 16 43 7 5 9 12 0 34 2 3 4 5 12 4 22 19 36 24 8 16 44 3 54 11 61 30 6 15 6 8 15 41 0 2 8 17 6 1 7 36 10 1 17 15 3 19 29 17 4
48 3 1 7 5 6 1 4 0 7 1 43 0 48 6 5 1 9 1 2 1 17 40 2 12 20 38 14 0 8 14 14 16 3 13 9 26 14 19 1 9 28 0 11 3 16 2 3 1 37 72 0 1 29 5 6 2 10 9 11 19 7 2 12 20 32 5 21 16 49 28 17 21 4 13
2 1 17 50 10 1 5 10 36 2 13 0 4 32 9 17 10 6 11 12 66 6 64 9 1 30 32 8 1 1 7 30 11 14 23 5 17 8 3 8 9 20 4 8 8 6 0 10 4 2 54 13 25 6 10 16 19 3 14 10 11 6 4 17 3 4 26 33 5 27 4 6 6 7 8
2 0 6 15 7 20 1 32 15 29 4 3 8 8 6 35 1 4 34 0 2 15 5 9 7 6 38 11 0 6 6 7 8 52 9 16 64 4 3 40 37 0 25 16 5 2 86 20 3 17 0 6 41 3 24 22 23 14 7 0 9 6 7 6 3 0 10 3 10 10 6 0 0 37 4
7 30 3 8 9 11 5 3 4 5 35 21 12 14 1 43 5 1 9 10 32 32 2 34 22 18 1 29 13 12 8 1 20 5 7 0 16 26 20 5 18 14 6 9 1 13 17 9 8 5 6 7 30 3 5 10 5 25 22 34 19 44 16 16 6 26 6 30 18 3 11 2 0 2 15
0 0 6 2 28 11 37 1 15 18 18 20 0 13 0 26 11 6 57 34 1 4 18 7 31 0 2 17 29 19 9 9 1 12 41 7 10 10 0 46 5 19 20 0 0 15 9 10 49 5 5 9 23 5 9 5 16 1 4 4 25 23 27 9 25 1 7 1 1 17 10 7 26 9 23
49 33 1 2 17 10 37 0 19 28 31 3 30 30 10 4 6 6 9 14 6 12 38 9 18 31 5 0 1 2 4 8 10 6 9 36 3 59 9 0 0 1 0 1 43 15 10 14 9 15 26 2 20 0 27 8 7 6 18 50 2 40 2 11 13 0 3 10 1 2 2 10 14 9 4
7 3 23 5 15 45 5 31 11 5 34 21 7 2 35 0 38 10 2 14 24 30 22 3 11 7 24 2 15 6 12 0 3 25 24 1 6 18 3 7 1 25 5 4 12 4 12 2 3 33 16 6 2 74 5 11 11 0 9 4 12 0 1 34 13 20 0 2 22 49 1 7 10 20 14
14 7 7 4 3 3 8 4 9 7 0 2 11 9 0 15 6 9 6 57 3 25 63 6 5 29 76 87 40 13 5 8 5 0 1 11 12 4 6 9 0 12 9 14 15 69 10 22 0 2 8 30 1 16 10 2 5 28 1 27 2 6 25 0 5 4 23 12 6 14 7 0 18 7 1
4 1 9 8 13 5 12 42 3 14 12 43 13 8 4 20 11 25 0 59 15 0 21 3 2 12 4 7 26 13 5 3 11 8 7 14 1 2 16 15 12 15 56 4 52 25 25 4 6 33 2 22 4 6 2 2 1 8 54 12 16 3 9 7 9 4 17 11 26 10 27 16 7 1 1
19 28 29 29 23 26 15 33 3 1 0 28 18 1 31 10 6 17 30 1 16 22 3 20 11 16 4 29 4 10 0 7 1 15 15 23 8 4 3 3 1 1 10 19 2 12 13 0 9 11 2 0 6 15 33 5 6 27 4 12 2 5 1 20 25 35 1 5 40 12 26 36 12 10 20
16 22 6 2 22 1 16 17 5 9 5 5 16 0 16 11 4 23 2 13 13 8 6 1 1 36 11 9 30 14 4 20 15 0 9 15 4 6 5 60 13 2 21 21 4 5 4 24 11 5 3 58 24 12 12 39 11 9 25 3 17 0 4 18 12 46 1 5 3 0 0 11 41 34 24
0 18 17 2 3 18 50 2 6 4 10 33 27 10 3 20 4 6 24 7 2 2 18 7 4 20 17 3 61 21 13 29 52 12 22 2 14 2 10 1 3 0 1 1 40 5 40 5 0 2 1 28 4 9 3 22 9 18 4 20 0 17 7 9 6 19 50 39 14 4 28 6 2 4 4
8 7 8 19 20 11 0 17 8 4 10 9 1 10 7 3 40 16 22 0 11 9 17 3 10 14 15 30 4 26 18 2 17 10 13 41 41 0 28 13 15 13 69 13 6 2 12 1 5 45 3 0 59 19 4 3 14 9 5 10 40 4 2 15 3 4 7 5 6 17 4 5 6 19 14
6 31 25 16 4 13 8 27 24 0 3 30 2 7 0 18 35 2 67 18 7 29 19 5 51 3 3 49 9 3 19 27 2 2 4 4 28 11 21 9 21 2 2 14 1 25 32 1 21 7 1 30 1 6 4 0 0 14 11 17 5 8 4 2 1 45 20 10 16 7 0 1 12 12 6
26 38 2 2 2 1 21 25 3 9 24 6 0 34 0 4 0 0 15 8 33 1 8 1 7 5 32 11 15 5 10 7 6 14 13 57 23 12 13 13 14 30 12 4 3 10 0 11 15 10 4 25 20 3 3 8 14 0 7 29 16 15 5 45 26 9 7 33 1 15 12 25 15 0 48
16 24 32 5 0 7 16 8 0 68 0 3 32 14 4 9 3 10 56 17 31 38 0 11 9 5 6 11 1 7 2 19 1 22 3 14 11 36 6 19 11 3 6 16 15 2 5 4 28 6 10 6 0 4 10 33 25 32 24 11 6 8 0 1 7 1 5 33 13 3 5 59 5 6 21
26 69 26 21 15 16 9 6 13 18 47 3 3 2 1 25 31 20 29 2 11 9 4 2 22 19 12 0 4 2 7 28 1 12 34 33 3 0 5 3 1 14 6 6 2 24 4 8 26 6 2 6 1 38 12 12 7 3 15 8 8 5 17 1 2 4 46 21 6 5 15 3 45 25 3
