25 75
0 2 26 1 5 16 7 7 26 25 9 24 27 0 18 1 8 0 14 4 53 1 1 31 1 7 0 6 29 15 4 3 10 1 12 14 1 7 18 119 9 15 4 5 11 19 2 19 11 24 5 6 2 16 12 8 42 8 51 51 8 0 9 13 2 11 1 5 2 19 1 2 27 7 20
36 1 5 25 3 7 20 5 0 27 4 17 17 6 16 47 0 18 1 25 23 15 33 0 20 15 2 2 3 37 42 23 2 2 5 9 10 11 13 7 9 2 0 39 0 1 1 1 24 6 11 1 0 1 19 9 28 1 13 14 11 17 19 46 19 15 12 19 6 43 8 18 17 6 10
3 31 8 3 18 31 1 23 10 23 32 7 10 18 24 28 31 1 18 9 11 2 1 18 7 0 9 9 13 14 108 11 4 8 34 19 18 2 0 2 26 12 13 20 3 11 8 14 16 2 8 13 2 1 4 8 12 1 0 2 9 23 0 3 27 3 17 4 3 3 0 39 27 24 23
11 26 11 12 6 12 32 3 27 6 5 39 28 7 9 2 3 8 14 14 3 21 13 5 12 5 4 2 13 31 10 6 4 6 6 17 6 23 25 17 5 6 11 13 10 4 3 9 15 0 26 24 32 0 4 5 8 54 39 3 19 26 0 3 0 1 8 8 8 12 16 64 37 0 23
0 22 1 1 3 10 11 8 17 27 3 0 26 1 8 24 1 20 0 6 11 13 46 5 70 16 6 2 102 0 0 24 5 0 13 1 7 0 2 18 0 5 0 5 15 11 38 4 6 1 1 7 5 30 8 20 6 18 29 19 2 19 3 15 7 1 11 75 20 25 0 20 30 11 3
71 5 6 12 24 17 4 10 0 8 2 11 17 11 10 1 7 20 0 20 1 0 9 2 12 10 41 1 17 0 17 9 3 10 0 1 4 1 61 23 39 22 2 0 41 17 3 16 0 11 7 9 11 11 12 5 7 33 4 2 17 12 12 0 119 31 3 0 12 41 3 1 4 3 12
11 1 15 0 0 8 27 14 22 2 2 1 1 0 23 0 1 34 12 4 14 3 16 5 17 20 4 4 9 19 24 13 4 3 0 22 31 3 10 11 12 31 0 27 4 0 31 19 22 12 38 12 19 6 0 39 18 3 2 0 8 24 45 7 24 43 34 0 16 17 12 46 9 1 9
6 32 10 3 0 24 14 22 2 18 21 12 12 5 3 7 1 8 5 16 10 6 10 37 45 2 2 0 18 8 4 0 2 1 17 6 9 54 0 9 21 11 47 9 7 19 14 11 25 18 3 23 25 12 3 15 2 7 0 6 10 4 15 1 9 17 7 82 33 2 10 12 37 19 3
20 14 46 6 3 7 6 0 3 5 6 19 26 8 9 5 5 19 33 13 1 8 4 19 6 43 7 47 11 17 10 3 1 55 2 25 20 14 2 2 41 17 12 11 6 23 2 12 10 23 25 12 3 14 15 39 0 2 13 6 22 9 5 8 7 34 0 6 26 19 10 9 4 3 2
7 16 1 5 11 1 10 20 6 3 11 27 2 14 8 9 15 31 6 8 34 37 18 0 34 58 28 12 2 6 5 43 5 9 3 14 19 6 27 8 16 1 39 12 5 21 22 8 5 6 10 19 16 21 8 46 7 34 15 12 6 8 2 5 9 8 2 1 17 21 7 4 5 1 2
7 27 11 14 1 3 39 7 14 4 15 11 7 15 3 3 10 2 25 22 17 7 7 12 25 9 11 6 8 0 35 19 8 2 5 29 2 10 0 3 41 14 5 8 21 11 26 8 8 92 1 0 0 25 25 11 6 1 28 17 64 1 0 22 11 4 13 21 3 9 9 23 9 1 7
2 5 1 7 26 1 22 6 2 7 8 0 22 48 2 2 13 0 25 22 16 26 16 0 20 26 14 8 5 1 17 5 3 7 29 59 7 13 11 0 12 22 6 43 1 10 43 2 42 5 1 24 9 30 6 33 25 1 23 17 0 11 11 4 4 4 9 7 3 2 45 17 0 21 3
2 35 12 23 5 12 3 8 4 1 12 5 25 52 16 11 1 10 6 10 6 13 15 27 8 8 10 4 7 6 3 13 9 27 11 24 22 13 7 0 2 36 25 8 14 1 28 5 40 37 6 5 8 9 14 33 16 26 0 19 23 17 3 5 0 13 6 21 0 2 2 6 21 0 63
1 13 3 22 7 10 67 21 16 5 9 34 16 32 4 6 9 24 0 24 23 28 17 20 11 0 7 12 13 3 2 1 5 23 4 23 11 6 0 1 7 12 0 9 11 35 1 24 1 3 9 1 12 51 5 13 1 7 5 34 5 16 22 31 13 41 0 50 3 0 5 16 4 0 20
0 16 12 19 6 2 1 9 28 6 41 16 7 3 1 2 5 3 1 6 9 8 6 5 11 77 0 6 26 3 12 54 20 0 50 13 7 51 6 2 11 3 53 9 1 0 30 22 12 3 0 1 10 3 3 22 6 14 37 4 15 30 4 0 12 18 14 6 9 9 36 16 16 5 16
0 33 1 2 28 9 56 8 11 16 8 0 0 9 42 5 1 8 45 19 5 7 4 22 1 4 30 5 39 0 2 1 11 2 10 12 28 5 13 5 13 5 3 3 1 7 5 1 18 2 9 37 9 60 14 28 0 26 2 13 53 14 2 1 17 26 18 11 4 13 1 18 5 35 19
3 22 29 24 11 7 40 8 10 47 17 9 10 16 19 19 9 42 15 8 8 24 7 14 1 0 5 3 6 40 6 12 2 13 1 20 16 7 29 3 4 4 1 8 3 0 0 14 1 21 25 12 11 4 28 89 3 13 32 3 25 3 24 13 6 7 9 0 4 18 1 0 19 5 8
3 1 12 15 10 2 4 0 4 2 17 0 15 5 22 1 3 13 0 43 25 2 0 20 1 52 36 9 20 6 2 6 0 17 5 11 7 0 46 15 12 7 2 24 2 7 3 29 22 18 40 4 7 6 18 28 4 30 13 41 62 1 10 19 21 9 5 2 26 41 5 2 12 7 9
2 13 55 17 4 19 15 25 23 0 2 44 46 29 1 1 8 7 4 0 54 26 0 3 9 21 6 5 5 2 24 9 7 10 19 6 1 2 3 14 1 14 4 22 4 7 31 52 2 6 12 2 89 29 4 4 15 21 13 2 8 4 14 18 1 24 16 5 7 1 7 11 3 0 6
27 18 3 6 13 0 0 0 25 3 19 5 15 1 11 2 31 7 2 10 1 2 38 7 50 12 7 2 5 11 5 6 24 15 2 2 3 6 18 32 15 5 1 4 10 1 8 10 1 22 5 21 1 11 13 10 23 5 31 33 27 24 4 40 3 0 11 40 3 63 0 3 27 57 22
7 1 3 3 4 8 22 6 66 15 16 14 6 2 14 23 26 3 6 6 1 1 4 6 10 12 19 3 28 2 9 4 4 44 25 26 1 6 0 37 0 19 12 22 4 7 3 9 3 5 1 18 16 9 1 40 85 5 13 53 0 9 1 54 0 12 0 17 23 1 14 10 13 0 28
2 4 11 6 1 5 10 70 3 1 10 5 57 0 4 12 18 1 14 15 0 1 22 9 13 8 4 70 5 41 33 20 7 2 41 7 1 24 2 14 7 2 3 4 5 5 13 10 0 32 37 3 5 6 21 6 7 12 52 18 12 13 16 8 8 24 3 6 13 1 8 7 26 27 7
24 15 27 18 1 7 22 5 8 7 18 3 13 8 12 7 1 13 3 13 0 14 3 14 4 51 29 10 1 26 37 4 9 8 17 5 1 17 1 3 11 32 1 25 19 2 16 18 48 6 29 47 49 15 0 2 9 25 3 0 25 28 0 2 3 3 1 14 1 0 15 16 20 1 35
3 8 12 4 67 26 25 12 20 0 12 40 14 4 2 0 1 36 7 22 13 55 2 6 6 22 8 15 4 1 7 17 24 6 24 28 6 13 9 16 8 23 4 26 5 11 2 0 19 4 2 6 0 1 0 23 18 14 8 49 7 21 5 4 7 3 38 6 7 9 22 37 0 0 14
21 13 12 17 2 7 16 21 8 13 18 1 2 1 18 0 21 0 2 1 22 17 12 15 11 5 15 14 9 2 3 1 21 0 1 9 10 15 43 17 4 16 1 60 11 20 2 21 13 9 0 15 55 4 44 12 11 8 5 28 26 26 0 7 20 6 0 36 7 7 10 22 4 43 11
