25 75
11 15 1 9 19 1 0 48 8 11 20 14 2 7 2 7 26 11 4 19 0 0 8 9 17 3 14 6 35 6 6 6 5 60 37 25 0 4 8 16 7 9 6 15 7 7 1 1 17 26 45 7 8 4 14 4 9 11 13 68 0 35 2 3 16 18 23 2 4 47 2 1 39 2 27
35 11 3 10 10 17 5 16 16 0 14 18 19 14 38 15 16 16 13 16 8 16 3 8 6 28 3 5 56 11 5 35 1 0 21 15 2 17 14 3 48 16 11 16 1 57 11 1 12 5 1 17 12 3 20 6 13 10 6 6 20 0 14 5 28 13 0 22 5 6 23 0 0 30 3
8 13 2 4 27 33 14 2 3 1 13 2 15 20 32 36 7 3 2 5 4 6 3 0 16 5 4 18 14 14 6 26 37 6 20 11 20 19 59 3 2 8 29 11 14 7 1 24 4 3 27 17 2 10 18 4 1 13 14 1 24 45 8 18 17 0 34 15 2 35 0 50 1 6 2
2 4 24 6 10 13 2 22 11 4 46 6 1 4 1 10 1 3 21 20 3 7 19 25 30 11 30 4 10 2 36 0 2 28 14 1 9 0 9 92 29 5 8 0 45 9 27 25 9 12 26 18 9 9 21 8 10 15 7 9 22 3 15 4 11 2 27 3 0 11 5 22 22 7 2
-1 62 6 0 4 28 0 5 1 16 12 27 27 11 4 15 35 15 13 20 2 19 33 27 3 10 0 10 19 6 45 1 6 0 3 8 25 5 41 13 26 19 5 16 17 11 5 16 6 13 1 27 0 5 70 6 1 3 5 10 11 25 9 4 9 7 4 3 11 0 10 22 27 2 18
1 6 11 1 26 26 21 13 27 8 11 16 6 0 13 14 22 29 1 5 11 27 60 10 3 12 0 4 1 10 41 0 4 20 47 6 5 2 17 22 6 5 24 3 6 15 8 5 8 2 0 19 29 13 0 0 24 20 2 1 14 13 0 33 0 25 0 20 11 50 14 14 12 28 17
21 2 13 4 1 21 6 11 4 50 34 7 0 23 14 9 36 18 15 7 13 19 16 11 4 28 0 2 0 5 5 8 30 6 23 17 3 5 13 32 14 9 35 15 6 1 5 14 16 9 8 6 13 22 4 13 16 4 5 70 12 5 15 2 21 1 24 10 8 25 27 2 9 10 8
11 16 12 32 17 4 1 7 37 9 14 20 22 27 16 5 11 19 0 8 28 6 4 15 18 12 0 7 10 0 2 5 12 9 0 11 9 1 2 9 5 14 6 6 0 96 44 8 10 4 91 9 2 1 5 1 66 14 2 0 5 0 15 3 10 18 12 12 5 9 1 1 51 17 9
26 23 5 17 7 6 2 10 41 8 7 33 11 8 0 8 29 1 8 56 3 7 12 30 6 16 17 16 5 62 11 0 38 17 0 22 9 4 21 5 18 2 25 5 1 12 2 10 8 1 4 7 1 8 0 4 7 14 5 0 22 5 2 10 37 23 2 6 11 43 2 64 0 13 19
5 1 17 9 21 7 11 28 39 4 1 22 40 1 10 1 5 16 5 2 31 5 29 18 25 1 2 1 8 2 18 28 16 7 19 7 5 26 1 3 0 3 5 0 20 9 0 30 41 16 9 15 5 3 13 36 1 1 28 20 10 28 13 5 15 4 0 8 22 14 29 10 1 83 6
18 8 4 10 1 0 5 2 0 11 4 6 4 12 25 55 19 4 41 21 16 8 42 4 3 3 15 57 7 21 3 6 15 9 11 23 1 1 11 1 7 16 39 18 4 2 2 15 1 17 3 3 14 34 2 28 20 7 21 10 8 49 16 6 27 0 25 1 40 12 6 8 21 10 1
25 0 5 15 13 2 10 3 1 13 25 1 0 11 2 17 38 7 5 4 15 3 3 29 7 12 11 27 106 6 38 10 0 2 2 39 14 0 2 35 5 2 12 10 50 8 41 1 1 34 0 2 13 4 27 4 15 18 9 8 15 13 10 6 0 6 14 1 11 40 27 14 4 15 2
13 8 25 2 35 29 36 6 5 0 2 28 30 25 2 43 6 7 0 17 34 3 7 0 23 16 3 3 1 6 1 12 33 0 9 66 0 18 14 10 9 17 2 0 7 2 8 11 7 3 16 22 13 13 23 5 26 21 22 4 6 2 3 12 13 44 5 20 22 6 3 5 9 39 2
26 4 2 10 13 9 3 30 52 36 11 23 24 7 12 8 2 9 5 33 42 1 18 16 12 0 1 25 26 7 2 7 0 8 15 11 12 8 7 7 8 0 1 30 6 6 13 38 6 41 17 1 1 7 16 4 16 21 5 7 60 14 3 16 0 15 1 1 8 15 9 40 0 0 30
0 7 2 4 0 6 4 2 0 10 31 26 6 0 18 7 37 4 13 2 38 24 72 16 18 13 38 0 12 4 8 3 9 2 17 1 3 13 8 15 2 5 4 29 0 0 8 0 15 23 16 16 48 2 41 9 2 1 2 6 8 69 7 5 36 11 15 24 23 28 11 18 11 4 8
0 11 37 7 17 4 17 24 12 23 9 13 21 19 18 26 15 2 17 5 5 13 22 0 4 21 18 14 16 35 0 0 23 0 6 15 24 1 6 2 44 9 0 18 0 51 11 8 21 7 3 20 25 18 46 8 0 2 9 1 6 50 18 29 3 8 3 18 1 9 1 10 1 8 12
4 1 16 8 0 14 22 1 72 39 9 4 3 7 2 0 10 11 25 7 15 6 33 14 8 2 6 52 3 27 6 60 17 25 21 11 13 9 0 3 4 15 8 17 15 2 3 10 22 1 6 2 16 9 15 17 16 4 26 16 8 6 39 29 8 21 5 11 0 11 13 17 4 0 18
2 7 24 2 28 17 2 1 5 51 2 50 3 39 2 9 15 4 24 23 10 32 11 27 4 1 19 12 1 12 0 3 18 29 17 16 3 14 37 0 17 9 9 1 15 2 21 16 23 0 9 11 31 40 0 1 32 0 7 3 15 9 0 22 4 34 10 16 11 3 4 12 28 8 1
0 17 6 91 17 12 5 2 14 40 22 9 1 2 6 5 11 6 22 5 22 36 24 12 1 4 9 0 14 10 12 3 9 11 35 6 0 0 1 24 1 0 0 34 24 1 22 10 43 10 70 25 28 4 2 15 2 6 5 17 4 0 10 6 27 0 12 3 4 5 8 10 57 7 2
12 5 22 9 17 10 5 13 6 10 17 27 10 5 77 13 2 36 53 34 19 7 3 15 1 35 22 0 11 6 1 11 3 28 4 8 8 5 10 17 26 19 6 0 5 3 26 9 24 11 5 1 27 1 4 4 1 0 1 8 9 26 25 4 13 29 14 8 31 2 1 10 8 18 24
23 0 0 34 9 6 7 0 4 7 16 36 2 12 1 0 14 21 3 2 11 1 9 10 18 16 26 12 28 3 59 21 34 34 9 33 7 13 12 12 37 2 1 9 28 0 3 50 11 17 3 2 2 2 2 3 12 14 17 6 23 14 13 0 30 19 13 18 0 3 3 2 34 9 33
7 12 0 6 5 8 28 26 6 32 5 3 19 39 0 5 6 10 23 1 22 0 10 22 2 6 8 10 25 6 21 1 16 4 35 9 0 35 3 0 9 15 0 16 2 6 19 10 12 10 5 9 32 3 3 26 37 31 6 2 26 10 27 12 21 12 44 6 35 39 0 35 1 2 1
10 2 20 15 14 58 16 9 22 15 22 2 10 16 7 7 46 1 40 5 76 26 45 2 1 14 11 2 2 13 0 19 0 3 8 22 10 9 1 1 2 33 10 3 13 22 9 1 14 6 5 11 11 33 5 1 2 4 0 26 18 0 6 0 15 10 16 2 49 4 2 5 25 28 7
51 33 23 27 6 36 58 4 23 0 18 14 1 6 13 46 4 10 8 38 26 0 5 12 4 9 8 2 2 11 24 10 5 1 31 31 3 0 0 7 16 0 4 32 5 16 8 44 10 25 21 28 6 2 5 0 7 1 15 1 0 2 13 9 1 3 2 1 32 4 14 26 9 7 21
5 5 10 52 7 0 9 2 21 15 28 2 11 5 14 32 1 18 2 14 6 28 10 24 3 14 10 25 37 33 8 0 1 13 0 9 13 2 4 16 4 0 5 7 0 12 12 21 8 13 4 0 8 40 24 2 27 19 9 0 14 18 29 43 3 16 22 27 2 5 15 16 4 50 12
