25 75
-1 19 3 9 7 1 15 29 51 0 31 11 20 38 60 7 6 2 64 9 33 2 9 3 15 4 16 0 34 3 22 0 7 0 3 13 48 1 18 12 2 0 5 19 0 4 2 21 9 6 5 26 27 22 13 8 4 38 5 0 1 22 20 5 17 11 13 3 1 1 11 8 0 20 27
33 10 15 8 4 0 33 11 14 5 4 3 8 0 57 7 0 20 28 2 3 0 7 12 13 20 0 19 29 6 3 11 23 10 50 1 61 0 8 1 10 32 24 1 8 6 5 0 12 6 4 3 7 33 56 9 5 20 4 10 1 4 21 15 16 15 14 2 9 50 5 4 45 1 4
21 11 0 11 7 2 28 3 5 30 12 1 13 5 37 5 20 4 19 5 13 7 8 21 0 12 14 18 5 7 13 27 10 1 36 3 1 0 1 17 14 10 9 11 1 3 16 7 5 3 18 23 28 22 7 26 1 41 59 28 7 32 6 49 10 2 50 1 8 1 2 32 9 2 4
2 16 7 9 10 24 19 1 25 22 5 27 49 1 0 10 8 1 41 1 7 3 33 3 27 10 3 18 4 16 15 12 32 17 9 6 19 7 14 18 8 13 3 24 8 17 0 4 10 3 43 0 20 22 0 26 1 14 4 1 17 0 6 16 26 0 0 12 34 74 5 12 19 3 4
9 8 11 23 33 0 2 8 6 6 0 17 42 10 17 3 3 1 1 38 14 0 21 9 11 2 2 1 1 23 0 14 7 21 2 3 11 10 18 10 30 26 34 18 22 0 3 19 3 12 8 9 36 1 5 10 9 12 4 46 10 36 1 14 22 83 36 1 12 3 23 17 4 9 4
4 10 5 47 5 59 23 11 9 5 26 10 0 12 5 19 29 0 42 15 7 8 17 0 7 6 4 3 5 3 49 11 12 3 5 11 8 25 34 3 9 0 0 1 2 6 7 10 18 2 7 14 15 12 6 1 36 7 4 2 40 9 2 6 25 73 51 0 7 10 10 11 11 6 23
12 17 9 15 16 28 2 0 8 9 15 17 13 12 8 14 34 0 20 18 2 3 17 5 13 0 4 6 21 18 5 2 38 1 8 40 24 0 10 6 8 24 15 50 2 19 41 8 28 0 0 40 25 2 9 15 7 5 4 9 4 14 6 12 9 4 8 2 28 4 48 34 14 11 1
8 8 2 24 6 13 10 1 3 14 15 8 17 39 11 19 3 11 16 44 10 11 2 20 26 26 1 13 7 8 14 66 1 5 1 22 12 25 3 1 21 31 2 2 12 2 6 9 5 13 11 15 43 25 3 3 32 37 4 40 3 14 15 3 4 1 5 19 3 5 18 16 0 13 19
1 15 9 8 34 22 36 8 17 38 8 11 6 16 8 9 11 42 3 9 4 10 10 13 5 36 1 0 2 8 24 14 7 17 2 1 0 11 18 2 9 37 1 4 11 49 18 6 19 10 3 2 5 9 18 18 7 21 4 14 0 1 3 1 26 12 1 14 28 10 4 5 81 0 53
5 23 7 8 20 2 18 12 16 35 13 4 71 14 8 13 1 41 12 0 5 3 1 15 29 1 3 2 2 18 10 0 1 16 26 25 57 10 1 16 7 0 0 24 24 27 14 2 24 14 0 16 10 23 5 9 19 5 22 10 27 7 2 30 2 16 29 4 1 0 6 6 13 33 5
11 40 2 7 15 51 0 1 1 0 2 0 29 27 1 4 18 1 24 10 5 28 25 22 39 15 10 2 19 23 16 2 0 0 27 0 3 22 4 34 43 16 10 2 3 85 7 0 2 10 0 11 22 8 3 9 5 10 1 4 26 19 19 6 0 26 46 13 21 12 0 7 4 5 5
0 3 56 0 11 2 4 1 15 6 26 1 32 16 3 10 6 16 11 30 11 49 4 4 6 3 5 13 25 2 34 48 11 13 7 18 24 23 7 3 8 9 10 0 1 2 16 7 13 33 22 6 17 46 25 37 3 3 22 3 15 13 10 6 2 5 0 2 21 1 8 6 25 24 20
6 12 11 4 22 46 29 55 2 2 12 43 8 5 16 9 6 9 3 7 3 6 29 15 2 17 68 9 1 2 38 32 16 8 2 4 7 8 31 1 0 9 46 5 8 31 10 11 16 11 2 12 1 18 5 1 1 13 2 9 25 16 5 40 0 1 17 19 7 11 18 16 1 3 4
14 23 8 11 33 24 35 2 2 18 9 3 9 3 1 4 10 0 19 3 19 16 28 0 18 16 13 23 0 7 0 7 7 6 74 3 25 14 24 6 29 13 30 7 1 44 2 2 13 2 9 13 4 19 8 0 6 2 15 14 9 3 22 14 36 2 19 34 9 8 13 9 37 11 4
2 10 23 18 9 2 17 3 16 23 13 8 2 2 4 10 9 25 4 62 4 1 7 6 6 1 1 17 0 24 31 13 15 12 12 84 0 1 4 25 3 9 3 3 2 42 4 0 1 7 9 6 7 23 2 2 3 20 54 27 17 28 108 22 8 1 9 19 13 5 2 4 0 9 2
3 33 9 4 9 11 8 5 9 30 8 2 9 37 1 10 4 4 13 30 18 57 24 2 1 25 75 37 7 3 6 5 7 4 8 3 0 6 12 13 29 22 15 9 0 8 26 23 13 5 13 23 2 2 1 13 4 31 16 3 24 39 0 8 10 5 5 9 8 15 38 17 3 3 6
1 2 11 18 2 3 4 51 64 8 13 20 8 1 22 15 3 19 12 21 65 9 11 11 30 5 3 1 8 15 3 1 47 3 0 13 101 2 2 1 16 12 10 18 4 48 3 17 0 18 20 0 17 1 11 14 6 2 3 0 10 16 30 17 3 6 6 3 15 13 1 8 5 1 17
5 5 7 6 0 20 8 2 5 18 8 4 5 56 7 4 6 32 11 0 9 29 19 3 18 0 5 9 10 4 2 15 85 4 29 5 0 27 16 10 39 2 4 2 26 10 4 15 1 18 7 14 23 4 14 8 8 0 10 26 1 33 16 28 41 3 16 2 23 13 38 20 2 2 19
2 9 19 0 1 5 40 12 18 12 9 36 15 4 15 73 2 3 4 4 43 8 10 14 2 27 2 38 1 20 2 21 9 1 49 1 11 14 3 12 10 24 48 1 6 13 13 4 12 0 6 3 7 6 6 11 4 12 25 9 6 4 12 1 1 31 26 41 5 2 16 4 29 3 28
1 10 3 10 7 13 11 1 6 2 28 14 5 0 21 2 20 7 15 20 21 31 5 21 9 10 11 1 4 5 3 29 5 10 6 3 2 0 14 31 3 0 2 24 0 23 21 3 6 15 8 31 57 22 11 48 11 92 3 13 31 16 5 27 1 16 9 2 2 35 10 7 3 13 13
7 2 33 13 12 14 28 20 12 41 14 0 3 3 16 7 30 18 26 55 2 10 1 12 16 4 6 6 15 14 14 7 8 21 39 4 4 40 20 8 15 14 21 17 6 11 3 8 11 6 7 8 5 4 2 4 11 4 2 18 8 3 5 18 4 19 3 60 13 4 22 49 0 6 4
21 8 31 11 4 0 21 11 4 7 11 18 4 16 3 20 1 0 22 6 3 5 17 24 18 4 12 6 6 25 7 33 5 0 6 1 12 4 41 2 7 26 8 2 1 6 0 18 28 1 0 16 22 0 12 3 11 0 0 49 58 1 7 25 20 7 1 6 3 13 62 44 47 20 26
5 2 0 23 57 11 15 8 16 13 4 9 9 2 47 4 10 24 2 7 28 24 10 15 3 8 2 18 4 6 27 7 0 6 2 62 20 19 33 0 10 10 0 12 11 4 18 9 1 7 0 32 6 33 8 6 5 8 6 30 32 0 2 24 3 2 5 8 66 7 17 17 7 21 11
2 14 1 31 20 7 10 4 7 7 0 4 4 10 2 11 15 24 11 12 11 26 7 4 8 33 0 0 46 12 1 2 32 3 6 54 12 11 7 2 94 11 23 27 23 0 3 36 11 2 11 20 19 1 15 13 4 3 12 11 46 3 1 39 3 6 4 6 40 7 15 5 5 3 5
1 6 9 6 18 2 1 14 0 12 27 1 2 4 11 23 1 9 1 9 4 3 4 47 28 12 5 3 14 9 11 20 6 2 7 8 3 7 8 27 29 7 34 31 4 11 22 44 14 8 38 7 7 59 4 15 2 19 0 37 68 18 18 5 0 6 2 11 15 12 9 40 13 0 6
