25 75
1 9 3 15 2 0 4 0 14 5 30 18 15 26 48 1 13 24 26 3 0 3 6 8 18 58 7 7 18 18 14 0 21 1 1 4 22 65 17 5 0 18 14 1 17 17 3 17 7 13 20 0 80 5 11 18 19 3 7 15 11 24 37 2 2 5 0 2 2 8 3 23 39 6 1
11 32 1 2 24 8 21 15 0 15 17 39 11 1 17 8 6 26 55 11 6 13 8 15 25 2 8 0 6 2 16 32 27 12 52 15 8 9 2 9 29 7 0 34 9 18 4 29 10 15 5 30 7 13 8 25 4 9 9 7 18 19 19 2 18 26 4 0 6 13 1 2 7 3 3
3 10 21 1 5 11 24 4 7 1 16 10 6 7 2 24 3 2 2 8 20 39 8 2 23 19 11 11 8 7 3 25 15 14 0 16 14 13 13 0 51 2 9 2 31 1 20 24 33 8 16 46 4 2 2 12 16 24 7 30 0 3 5 14 11 2 56 6 4 50 11 33 7 16 14
6 44 1 12 7 3 3 15 0 10 21 15 0 43 3 5 12 8 25 9 11 7 1 3 21 11 35 6 17 56 26 15 6 0 4 5 3 43 1 5 23 1 17 8 11 0 31 0 18 32 2 3 22 9 3 1 21 45 5 16 23 19 7 11 4 9 31 12 22 3 7 1 30 25 10
30 9 10 13 22 18 3 6 1 1 27 0 20 4 58 1 12 42 1 1 5 2 16 5 5 2 9 17 0 43 4 4 42 13 21 16 8 60 11 6 2 21 13 12 9 13 16 24 6 0 2 4 1 6 6 7 14 4 7 3 31 12 31 53 8 56 8 1 13 13 2 7 6 0 21
1 18 29 6 29 2 34 2 17 5 17 24 18 22 6 10 24 2 4 6 0 20 12 11 7 5 6 19 10 13 30 65 2 8 3 0 1 4 35 33 2 22 18 22 49 1 3 15 31 26 23 35 3 6 6 1 10 0 12 0 5 5 2 1 16 0 23 3 0 14 28 8 5 9 36
33 0 35 11 2 4 6 11 2 13 12 0 43 18 11 2 19 9 1 0 25 46 14 5 61 21 0 26 0 21 0 12 6 1 2 35 16 23 13 11 9 13 2 1 3 0 4 24 9 13 22 26 33 0 7 31 45 17 9 0 4 10 7 12 22 23 0 2 17 12 4 17 1 21 10
13 3 3 11 21 18 30 0 4 36 4 13 13 3 42 22 7 0 34 22 0 9 5 27 21 18 4 5 7 17 5 39 9 11 8 7 8 1 14 9 6 2 10 10 15 7 35 14 23 42 11 19 1 31 24 11 26 6 8 0 3 9 6 0 49 10 0 19 3 0 9 13 13 26 16
8 3 10 9 8 7 20 16 3 25 16 12 4 16 19 12 8 3 16 21 6 7 7 10 4 21 0 3 12 0 9 5 28 8 13 1 16 17 38 48 0 17 12 49 12 18 0 19 3 7 16 81 35 7 1 17 1 7 11 0 7 10 14 16 7 3 22 4 6 27 14 44 16 3 5
1 23 4 19 41 6 0 3 16 1 15 1 7 7 18 12 1 0 7 4 14 52 8 28 0 15 1 4 57 1 4 9 22 0 2 5 10 22 17 40 3 27 4 22 20 4 5 39 2 3 0 8 22 20 20 9 3 8 21 1 38 0 4 23 0 8 15 2 65 40 21 5 6 0 35
4 2 11 10 0 30 4 9 35 26 22 2 13 2 5 9 20 12 21 4 10 8 3 9 14 18 6 0 10 30 5 3 3 12 0 4 0 65 26 4 17 15 30 25 20 26 4 5 27 11 25 2 35 0 26 5 10 8 37 6 11 9 17 0 6 1 21 10 11 30 32 9 18 14 6
6 54 9 2 12 7 0 15 0 36 20 15 22 14 4 4 28 17 28 8 2 2 2 75 13 2 0 0 7 29 2 20 5 45 2 38 1 5 19 2 15 4 10 0 9 1 0 2 0 9 5 3 17 23 22 0 25 10 25 0 14 7 1 18 21 5 15 33 60 4 2 3 9 34 22
2 58 3 15 30 53 8 26 1 3 9 2 3 10 29 11 0 42 3 13 19 6 5 6 26 3 16 15 21 0 11 22 21 12 13 29 5 16 3 0 15 9 7 1 15 21 3 0 2 6 33 28 7 2 19 0 8 3 19 29 1 0 45 19 1 21 10 18 4 14 7 20 3 21 19
19 3 1 6 7 37 18 7 37 5 6 2 13 0 20 1 7 9 24 16 17 2 48 4 50 7 25 4 19 36 7 0 23 25 3 3 57 22 0 2 2 3 19 52 22 15 5 12 16 4 6 1 2 1 9 1 15 12 6 1 4 14 40 10 19 9 8 12 8 37 4 10 8 7 14
8 32 22 1 5 9 12 7 1 5 9 1 55 9 0 44 15 7 30 16 21 0 17 2 11 4 8 0 11 9 18 14 19 5 9 15 39 27 2 30 1 37 3 13 19 4 12 0 93 2 20 24 21 2 0 1 2 1 12 10 7 20 35 6 6 41 6 15 21 4 1 4 0 2 6
26 3 23 9 19 24 0 6 10 25 64 10 19 4 22 6 5 23 4 17 24 26 7 5 1 14 0 12 4 3 24 2 12 13 5 39 0 20 27 10 11 12 20 11 16 4 23 22 7 2 4 0 5 3 0 25 41 3 25 10 8 36 8 22 0 8 11 15 1 12 6 2 24 5 31
0 12 64 21 9 9 3 7 21 11 4 10 6 9 15 7 11 15 21 3 17 0 13 7 3 24 33 3 3 1 5 3 17 14 23 0 11 10 25 0 49 20 16 33 29 20 9 0 13 20 10 27 11 25 2 3 0 35 3 0 7 1 15 9 34 31 6 14 27 5 8 0 9 23 16
8 8 13 6 7 13 14 3 60 1 54 5 16 3 14 0 9 39 34 22 21 0 18 19 6 16 6 2 0 1 13 15 6 57 8 3 2 22 6 42 5 16 4 2 6 6 6 11 12 7 27 33 20 0 13 3 11 10 33 26 27 7 0 4 11 16 2 0 0 11 1 13 39 17 9
7 4 17 1 21 31 92 34 3 13 48 30 28 17 5 8 9 16 13 11 4 0 4 12 8 5 21 3 0 1 3 2 22 11 10 5 2 12 14 1 16 57 18 0 18 0 16 18 12 7 13 1 7 30 1 6 23 4 1 0 4 17 22 6 7 11 1 16 6 1 40 58 1 4 10
14 34 0 17 11 0 0 27 9 3 19 24 16 1 17 11 9 5 20 0 27 3 1 15 2 5 2 18 20 10 10 3 4 19 15 35 2 3 36 7 11 2 26 4 5 16 6 28 4 6 30 13 14 20 1 3 28 81 3 3 15 21 12 11 12 2 2 16 10 3 14 25 17 56 6
2 5 0 7 11 12 17 29 3 11 8 6 33 5 18 1 3 3 3 3 25 3 13 1 61 7 26 32 6 11 5 4 3 47 5 9 0 9 0 28 30 13 29 2 21 58 7 5 8 1 8 8 23 21 2 4 7 0 19 2 19 4 3 2 7 10 21 19 3 0 27 10 58 65 9
9 35 27 0 7 21 2 36 19 0 2 3 3 6 21 18 26 28 14 16 15 24 6 17 6 7 9 2 23 42 21 37 30 45 5 0 5 27 0 1 3 3 28 9 2 10 3 1 19 31 4 3 11 23 11 0 4 7 7 13 15 27 3 3 12 25 17 9 0 27 12 5 19 16 3
13 6 22 44 11 32 0 29 6 30 27 10 13 6 30 6 23 2 15 10 25 49 18 0 2 4 40 61 5 9 6 9 1 2 16 32 12 5 9 11 2 41 7 11 3 1 43 15 23 3 9 0 29 4 7 9 6 2 1 10 16 16 6 16 1 21 1 0 1 9 12 16 4 1 3
11 0 16 6 4 4 85 11 20 11 1 0 12 3 35 11 20 21 0 21 4 2 2 26 4 30 1 2 27 5 32 3 11 3 3 3 33 7 0 17 14 0 8 5 9 0 13 3 2 10 9 0 35 1 69 29 8 3 44 46 2 25 0 11 10 6 1 8 8 19 9 17 0 15 54
8 4 7 27 40 0 36 1 9 14 18 7 17 21 37 1 2 11 22 6 26 13 20 11 20 10 2 9 47 12 15 13 22 16 44 16 13 8 14 5 6 5 20 1 3 12 17 0 8 11 5 11 52 19 2 1 12 8 8 10 7 16 9 4 48 8 39 3 9 1 4 0 0 9 8
