25 75
6 3 2 31 9 9 28 15 0 8 17 18 27 2 25 12 0 13 2 15 48 1 25 2 0 26 2 19 7 7 2 0 27 5 9 4 10 25 18 15 29 5 1 15 37 28 7 22 21 19 7 0 8 1 13 8 15 1 2 7 21 36 37 21 3 8 37 9 19 20 4 13 6 23 3
4 1 7 26 1 17 14 0 14 23 22 7 66 7 8 9 23 2 1 10 12 7 20 8 47 0 20 8 11 11 13 19 6 3 4 3 29 3 2 9 12 4 0 5 33 10 9 53 19 6 8 9 6 13 0 5 10 9 54 12 3 0 3 1 5 2 25 12 26 13 7 13 69 33 14
-1 6 8 2 14 3 24 18 30 2 0 51 4 3 5 26 8 7 4 4 11 12 39 15 1 12 10 8 37 16 12 7 2 7 19 6 1 11 2 2 2 30 14 0 12 3 5 29 11 1 28 3 10 3 40 2 2 34 27 6 9 64 14 25 11 38 32 3 40 25 10 0 4 12 3
-1 8 8 7 0 6 14 3 21 1 0 18 0 20 41 0 0 8 8 33 13 56 1 3 3 7 12 8 13 26 2 30 33 5 4 17 0 8 4 56 6 36 30 24 9 4 45 0 16 11 4 10 1 10 10 17 13 43 2 0 15 8 0 0 6 27 10 4 11 18 48 21 15 7 23
9 49 4 0 7 12 3 5 14 12 0 20 11 5 15 20 1 9 11 19 4 41 26 1 17 22 56 7 4 0 5 11 6 11 0 10 3 7 2 9 6 42 27 30 4 8 7 7 0 85 8 14 15 3 36 18 61 1 0 9 8 13 5 11 14 11 3 22 1 20 0 6 2 31 4
27 4 5 29 16 17 12 13 10 15 0 32 54 9 13 5 4 3 10 34 23 31 4 1 0 1 4 1 23 9 7 25 5 28 19 22 50 37 17 16 6 11 13 3 8 6 4 4 1 33 10 16 0 0 6 17 37 7 29 3 1 6 13 5 3 12 12 10 13 2 5 31 13 23 2
0 10 53 18 1 11 5 3 9 9 1 8 6 53 7 0 20 17 0 0 13 8 11 11 1 72 0 5 3 0 13 5 16 5 0 39 2 7 24 7 2 8 23 13 4 6 0 16 4 46 10 1 4 23 0 20 28 18 52 5 15 21 11 58 3 4 10 10 39 7 34 0 26 1 5
-1 17 11 7 4 26 16 5 6 22 2 45 33 19 2 19 15 2 6 8 7 0 14 4 38 2 21 20 9 1 16 27 51 0 27 1 10 8 23 0 8 27 31 13 29 31 5 1 8 0 18 5 9 0 5 9 17 20 35 1 9 1 4 14 4 0 20 33 3 5 0 15 14 50 13
17 26 4 27 1 35 10 28 6 7 2 33 0 37 17 20 19 11 8 10 17 21 2 6 28 2 2 4 1 1 9 25 12 0 10 43 20 5 10 6 17 4 22 6 0 2 23 14 8 18 10 16 1 22 7 48 3 1 7 5 6 31 23 3 18 1 53 10 15 0 18 30 6 8 2
10 11 11 5 10 0 44 15 3 0 10 12 7 17 8 9 9 17 44 1 94 5 20 14 29 3 5 9 3 0 13 5 13 7 31 16 2 12 0 6 6 3 14 9 15 14 4 7 4 39 33 19 17 51 2 10 13 1 6 15 47 8 19 1 20 6 9 47 4 4 0 9 3 6 5
33 9 16 40 5 7 4 37 3 7 7 51 7 24 11 22 1 2 6 4 39 2 46 12 20 4 37 6 10 2 13 13 14 6 13 9 13 18 16 43 9 10 45 3 4 11 6 10 9 1 0 8 13 5 4 16 0 12 1 53 9 20 1 5 11 4 4 8 7 9 0 12 18 2 38
13 2 28 43 3 2 2 22 5 8 20 13 13 89 14 13 2 31 0 16 2 12 1 3 7 2 43 16 0 1 8 9 16 20 9 79 12 3 7 12 3 13 17 6 5 11 3 7 14 34 3 4 26 19 14 0 36 10 25 4 33 2 15 3 6 6 4 12 0 25 11 23 4 0 1
28 9 1 6 8 6 5 16 13 7 19 12 22 5 7 17 7 30 50 7 20 2 14 20 12 26 37 7 23 5 22 14 6 31 11 5 58 16 1 11 22 9 9 3 17 3 2 10 19 9 25 37 2 3 2 19 1 41 4 35 2 0 32 9 0 3 1 9 6 17 13 14 2 0 4
22 7 23 21 75 15 20 31 48 5 9 12 9 19 11 0 18 7 8 40 1 5 0 4 1 8 18 10 17 2 3 0 8 1 4 0 18 4 1 1 9 1 41 4 8 6 3 20 19 6 14 2 3 0 5 12 28 10 26 6 8 40 19 7 12 53 21 14 27 12 23 13 7 11 4
18 0 30 23 8 6 1 7 34 6 5 6 2 5 13 6 37 2 1 7 48 8 5 15 10 8 14 42 8 6 26 7 21 15 5 3 3 28 10 5 17 19 7 19 49 2 0 1 5 4 0 2 49 7 21 32 9 2 0 9 3 50 10 35 10 42 33 8 2 6 12 11 10 2 8
17 1 6 7 33 0 35 35 14 8 8 11 0 1 21 2 7 13 18 1 14 4 4 12 10 16 24 13 10 0 22 9 9 4 0 21 0 3 3 5 8 3 0 3 28 39 10 1 56 14 8 4 38 52 43 1 7 4 7 3 24 11 16 43 7 23 0 9 19 32 4 5 5 12 40
1 9 23 6 5 3 11 42 21 7 6 50 5 8 1 24 1 9 1 33 0 4 10 6 21 10 12 8 65 20 31 15 7 1 0 11 0 11 43 9 0 0 8 17 30 1 10 16 6 18 7 8 2 2 8 3 16 23 13 4 34 8 25 13 0 44 5 3 10 62 24 4 1 22 3
21 27 0 2 6 34 0 67 17 12 0 2 0 10 1 3 37 23 6 0 3 17 5 2 17 1 15 27 9 6 12 0 7 22 6 6 25 22 15 6 10 2 26 3 0 6 12 15 6 33 33 17 2 0 11 5 2 11 42 21 20 12 1 21 20 15 29 26 14 0 76 3 4 3 8
9 11 38 29 1 1 16 8 17 24 27 3 8 2 25 21 33 12 2 18 18 1 8 6 21 4 26 9 37 0 8 41 3 30 10 1 1 2 10 18 4 10 7 7 21 8 22 0 12 0 3 11 18 0 70 16 33 10 9 8 6 18 22 17 15 22 11 2 6 4 16 17 6 6 4
8 37 36 10 9 19 2 64 9 6 29 0 17 5 0 15 5 17 9 7 1 2 13 3 7 35 16 21 4 12 6 12 4 5 12 14 23 17 20 10 3 18 6 10 0 35 1 6 11 13 1 24 10 10 23 18 15 17 10 0 39 4 1 4 7 8 16 32 13 5 9 13 7 4 66
23 11 18 13 3 15 27 8 16 3 8 49 1 1 23 0 9 26 39 15 3 2 3 31 47 6 5 0 29 14 9 0 16 9 1 7 0 42 9 2 12 48 18 31 25 6 4 4 1 4 16 8 6 18 16 5 7 24 3 4 4 1 35 6 8 18 0 2 16 24 21 19 21 11 11
11 13 27 1 12 10 21 7 6 8 6 1 41 63 1 4 8 39 12 0 3 9 15 30 5 32 5 11 4 1 3 4 14 25 14 6 11 1 2 15 48 1 8 14 59 21 3 32 0 18 17 6 20 56 10 40 4 3 6 3 2 13 18 8 13 13 5 6 8 21 1 8 5 1 8
9 3 2 3 35 6 9 8 0 7 1 16 18 4 24 63 10 11 0 18 22 16 2 25 5 14 4 11 6 23 27 7 8 24 3 5 24 66 7 7 8 7 14 4 0 0 4 28 0 19 0 5 13 5 9 34 31 3 7 11 25 42 4 4 16 37 24 4 10 6 4 2 17 2 48
17 9 20 16 30 47 9 6 9 1 11 11 15 8 16 23 26 11 7 21 0 15 35 2 2 3 43 13 33 13 6 15 4 2 19 20 22 11 8 11 0 6 15 8 34 5 15 11 27 3 8 0 5 7 5 6 25 0 11 8 2 0 0 2 0 40 1 26 12 25 7 27 10 52 7
15 3 4 42 16 24 4 3 0 6 3 0 22 0 0 1 3 51 10 9 13 8 7 10 25 3 29 48 10 0 3 8 2 6 3 4 6 21 18 4 36 30 3 7 21 49 31 25 9 14 18 23 3 20 72 14 72 5 5 1 4 2 1 2 18 9 10 0 11 1 2 18 2 13 5
