25 75
7 68 2 23 3 0 1 12 19 0 0 3 26 0 1 3 6 13 4 27 12 24 40 9 4 0 7 22 6 3 32 29 6 38 11 10 21 8 10 17 3 26 0 42 1 14 2 8 3 22 11 2 24 20 0 5 6 21 19 16 9 4 6 38 57 6 0 5 24 6 19 9 4 15 26
10 13 12 11 0 2 22 1 25 1 19 8 15 34 98 14 2 2 27 9 5 0 33 9 46 15 7 14 4 37 20 15 3 45 5 10 1 5 0 17 4 9 0 27 3 1 15 4 10 25 15 15 7 21 2 16 18 20 31 7 8 34 7 1 1 17 2 3 20 5 4 4 8 11 9
12 16 14 3 7 14 5 20 3 18 10 22 18 0 28 19 42 15 7 23 0 6 26 2 0 25 22 15 2 1 13 17 13 8 7 3 32 1 13 7 0 63 11 18 28 0 4 18 6 1 2 3 21 4 7 3 18 28 12 0 1 73 22 5 10 9 13 13 27 9 14 6 9 2 31
8 9 2 3 11 19 2 39 8 36 13 7 0 8 18 9 12 13 50 0 14 6 14 19 22 6 16 8 11 3 10 0 14 3 6 9 2 46 22 1 3 19 0 24 15 11 14 8 34 38 11 24 2 6 18 29 11 9 5 15 0 84 1 14 22 1 18 14 1 11 10 12 1 10 6
15 5 10 1 14 13 25 3 16 7 11 36 101 14 1 41 11 0 33 1 69 7 6 1 4 10 5 6 1 2 21 28 4 7 2 18 3 31 34 5 11 2 2 0 5 1 11 7 3 6 22 21 19 6 30 10 36 7 43 5 0 1 3 9 0 5 10 54 7 6 13 12 1 5 5
7 17 15 37 4 5 4 19 7 3 1 0 2 10 48 3 41 23 13 16 3 0 27 10 1 45 46 3 11 28 10 7 0 4 36 33 9 0 41 7 39 14 14 0 8 0 0 47 35 12 1 6 7 14 8 5 6 0 3 6 2 2 17 3 1 7 21 10 18 9 17 39 1 22 10
3 6 35 1 44 16 24 5 9 2 2 1 31 5 22 9 0 2 7 21 3 69 4 64 16 6 4 0 8 5 5 17 9 11 5 7 3 9 12 2 25 27 5 45 0 4 12 17 1 18 17 5 35 20 6 0 11 29 5 35 15 9 36 22 23 3 21 2 6 12 6 1 0 13 10
3 70 3 0 7 26 13 51 2 16 16 0 6 6 5 6 16 4 10 17 12 2 11 6 8 0 33 14 35 0 13 2 8 6 14 34 18 4 1 4 7 21 6 23 8 13 10 1 4 41 12 7 19 1 22 18 15 8 12 16 64 9 30 5 4 16 9 28 20 1 13 13 8 7 7
9 18 3 4 0 4 5 1 10 36 2 1 18 29 3 46 10 6 9 26 14 6 4 10 3 16 20 3 3 7 26 68 4 2 0 12 0 9 36 27 10 17 0 12 4 13 4 27 1 16 0 2 29 7 25 51 9 3 1 4 51 11 15 5 13 8 10 37 9 18 6 13 29 20 10
12 0 7 31 0 2 4 1 55 5 8 1 3 12 20 5 52 23 41 7 3 10 17 23 11 16 0 33 0 13 53 3 12 6 16 6 2 14 2 2 57 29 24 12 16 32 0 26 12 25 9 11 17 13 20 1 6 4 16 4 16 3 16 35 2 31 2 1 1 1 5 10 10 0 2
22 20 10 16 49 26 12 19 7 8 1 4 33 33 15 8 10 6 67 20 2 7 2 5 6 14 2 21 5 4 25 9 9 7 12 5 27 4 0 10 10 12 38 14 30 1 7 6 21 2 29 13 20 12 15 43 5 8 21 14 1 3 1 10 19 4 14 10 1 10 0 22 1 5 16
2 14 36 14 14 24 14 5 30 9 21 28 54 22 9 1 4 3 3 39 10 0 12 0 3 9 11 5 9 12 9 2 15 12 5 5 46 37 2 13 4 0 51 1 27 17 42 19 42 7 3 3 2 3 7 44 17 6 26 0 7 1 3 3 12 17 2 14 2 13 11 11 16 1 3
5 8 43 8 15 15 5 43 16 33 9 0 21 3 4 61 4 3 2 2 23 25 41 7 9 1 6 24 13 29 2 33 0 1 2 10 0 7 9 3 6 23 1 3 27 0 2 29 13 2 6 30 23 32 16 1 4 0 2 13 0 9 10 4 8 16 63 11 20 1 3 35 3 17 22
9 19 7 6 16 25 0 6 4 2 13 13 18 20 2 0 1 2 19 24 11 9 18 6 11 43 7 1 5 2 26 80 4 25 4 11 7 38 12 17 8 49 34 1 17 8 1 14 0 6 4 0 31 18 0 0 10 23 0 33 7 5 24 7 2 40 0 0 3 5 13 27 48 10 9
1 0 3 20 36 0 21 8 5 2 24 1 3 2 2 9 21 12 22 4 8 14 14 38 9 28 0 16 0 21 5 57 4 9 3 35 10 4 55 31 22 16 4 23 0 16 15 1 14 20 7 0 7 0 9 12 0 32 5 5 8 20 24 6 15 24 28 7 36 14 4 21 17 3 8
-1 1 5 6 30 35 38 27 5 14 11 4 13 24 17 12 16 3 18 1 6 16 19 1 73 1 1 4 22 6 1 2 5 19 10 8 11 0 9 20 4 21 6 5 19 77 11 8 5 2 9 40 7 26 48 0 15 5 6 25 7 19 27 7 6 4 10 32 1 2 8 0 6 17 2
17 14 34 1 5 3 0 6 26 23 3 33 26 16 2 19 0 15 2 10 16 19 24 16 4 24 23 0 0 41 21 0 15 9 1 1 26 8 10 18 6 12 6 19 10 0 1 1 14 28 6 6 4 27 9 16 16 24 21 0 16 5 17 3 16 5 3 13 73 17 11 11 2 11 40
36 33 4 32 0 4 3 2 49 24 0 2 44 18 14 5 3 46 12 1 4 12 5 5 52 4 2 0 0 4 1 1 25 9 18 8 18 15 8 8 15 32 5 47 22 10 36 10 0 8 35 1 11 6 1 12 3 13 17 6 25 6 43 5 3 23 3 0 6 41 7 1 1 2 13
17 3 0 4 10 34 2 17 10 5 17 18 15 5 5 75 1 4 7 8 0 2 9 1 3 17 8 6 12 28 16 6 5 61 27 15 31 2 9 12 19 11 18 19 18 23 5 7 36 12 0 29 10 14 2 12 2 45 23 23 10 5 25 12 14 5 3 11 1 9 1 15 21 7 6
16 13 5 14 0 38 8 7 14 8 6 17 46 28 12 1 6 3 41 15 1 13 17 17 23 6 22 12 13 43 6 9 4 4 28 1 4 23 10 2 5 16 21 1 16 3 35 5 3 3 59 11 10 27 75 8 24 8 21 12 1 3 8 8 1 4 1 2 3 2 4 0 5 29 10
12 20 11 49 12 8 18 18 46 31 2 17 1 0 12 6 3 13 4 0 14 1 33 22 26 44 38 9 7 6 22 19 0 1 19 1 10 1 4 1 19 0 7 23 4 11 1 12 39 9 30 51 9 8 0 14 17 16 2 5 1 14 16 2 30 27 7 3 11 1 16 14 4 5 11
3 21 4 7 68 10 5 4 33 4 7 24 12 6 23 10 18 2 26 18 27 7 23 1 1 3 14 0 75 6 17 1 14 1 9 54 10 10 4 17 23 5 22 0 11 8 10 1 23 4 6 18 36 5 6 11 21 1 3 11 3 23 13 3 15 0 3 34 8 1 28 12 5 8 20
7 5 12 11 19 4 0 11 6 18 37 5 19 4 10 0 0 2 0 0 6 35 10 13 10 10 3 38 26 18 7 2 2 8 14 7 0 11 3 5 15 19 8 14 4 19 13 32 34 0 24 3 15 16 4 9 27 4 2 52 20 27 54 6 9 29 32 5 6 21 21 24 5 5 24
24 17 23 51 1 9 0 0 16 25 13 15 13 3 4 0 4 6 3 24 0 8 19 2 70 36 41 12 5 1 1 9 3 5 44 9 16 8 8 32 21 17 18 2 0 20 17 2 5 24 34 3 0 6 0 2 20 11 5 38 9 17 3 0 8 14 14 11 14 53 9 11 6 5 1
24 8 7 13 19 4 8 6 3 5 16 50 1 20 21 0 35 5 10 16 4 3 4 15 3 10 39 18 0 28 34 45 1 21 5 12 26 5 9 9 27 13 20 0 7 22 13 2 29 44 2 0 28 15 1 32 7 1 9 20 22 12 23 9 7 0 8 4 16 5 5 13 12 8 2
