25 75
2 37 0 4 8 16 15 17 42 5 0 4 9 28 1 0 2 5 3 1 4 12 7 34 10 4 3 12 3 9 23 30 1 60 8 18 29 2 3 41 25 7 38 36 11 10 3 7 35 1 0 1 19 2 7 11 19 56 6 3 11 26 19 10 12 1 22 23 1 4 2 10 8 37 5
10 3 29 5 1 5 1 0 36 6 0 4 2 40 2 7 2 4 1 8 9 30 4 26 10 4 4 3 3 1 1 8 1 14 1 19 3 4 17 16 7 24 4 8 25 63 14 21 16 20 10 12 50 7 2 1 1 21 25 2 33 40 5 44 16 15 4 17 1 62 4 5 17 14 46
20 0 11 0 11 46 13 1 6 10 30 16 17 5 5 7 2 20 12 33 2 4 11 13 19 17 10 6 15 0 23 6 4 46 2 3 22 23 4 4 18 15 3 4 1 5 5 12 3 3 39 52 0 5 6 17 36 4 28 7 29 19 14 26 9 9 7 0 3 39 4 15 19 1 44
14 15 3 18 3 22 9 21 8 21 6 2 9 7 5 12 6 30 3 8 2 55 8 2 25 13 7 10 9 19 14 11 8 3 11 13 27 16 2 10 9 7 15 0 36 8 12 11 2 0 56 5 15 21 4 0 0 4 42 15 1 4 17 25 5 10 2 12 7 9 55 48 0 18 38
144 17 23 6 13 36 6 6 0 1 1 16 0 15 17 5 1 4 3 10 3 4 7 5 4 10 6 39 4 4 2 16 2 1 2 14 13 28 35 2 23 2 1 8 13 35 0 22 8 0 15 11 65 0 19 51 12 2 16 15 0 2 38 9 3 5 3 11 14 37 3 22 2 6 2
4 32 45 0 10 19 29 4 25 24 15 35 10 5 28 30 26 12 7 5 3 30 5 1 4 4 15 3 3 18 12 1 0 15 15 35 1 0 1 15 15 34 2 3 30 11 49 6 15 10 8 0 5 7 27 13 9 16 0 6 23 19 14 14 8 2 6 17 29 0 3 9 2 5 37
6 2 0 5 2 2 11 16 6 6 14 33 118 2 23 2 2 7 3 32 83 0 0 7 3 19 14 0 37 14 0 3 13 2 2 20 12 35 7 4 26 7 0 3 21 2 0 5 18 0 38 0 4 0 80 23 1 1 4 0 21 12 14 24 11 32 1 28 0 9 9 11 3 3 22
6 19 4 71 37 16 24 0 1 37 2 0 6 2 6 26 43 8 6 7 36 7 5 4 2 5 7 10 29 4 0 13 5 3 40 4 0 30 11 27 4 6 2 11 19 21 9 16 1 4 7 8 2 10 1 10 14 1 26 92 8 2 2 7 3 2 29 11 21 45 2 2 0 28 11
3 58 29 17 0 2 5 14 8 26 7 0 7 7 29 2 21 23 44 7 0 2 52 1 14 12 40 14 3 6 8 27 1 29 21 5 13 15 5 7 7 35 27 19 31 4 13 16 10 4 4 34 11 5 2 14 0 24 2 0 5 10 2 6 23 2 10 0 1 9 26 5 18 18 19
8 13 22 51 4 5 3 6 16 15 6 24 12 5 10 20 7 1 19 15 0 47 42 12 28 57 6 3 0 2 5 7 8 2 6 39 18 7 12 21 13 1 7 5 4 15 11 4 7 9 22 1 16 0 31 2 7 0 24 1 4 26 30 7 46 10 10 19 3 35 25 2 4 2 13
4 8 21 9 11 4 17 33 20 9 6 0 5 14 36 5 2 5 0 10 12 24 59 9 12 1 22 11 11 2 0 9 13 0 2 6 3 1 27 20 39 13 12 0 7 22 1 19 14 1 1 5 19 19 6 12 61 44 19 1 1 20 22 0 27 25 45 31 0 3 9 8 15 11 5
2 23 19 7 11 7 9 24 17 30 15 4 0 4 5 3 21 16 18 38 11 8 13 12 10 33 24 6 49 8 13 51 10 2 9 6 9 7 20 11 23 20 0 28 4 14 22 3 3 23 9 14 2 33 3 7 14 44 7 15 1 11 15 6 21 5 25 5 15 0 1 6 3 0 13
3 9 16 11 2 0 29 10 75 9 7 2 4 4 6 0 1 2 6 41 14 0 7 15 13 14 39 44 8 0 6 14 10 17 4 4 42 24 10 50 1 10 16 11 20 2 47 7 8 2 24 15 9 17 25 5 4 15 3 6 2 2 6 38 2 11 20 21 5 29 6 16 4 6 13
36 20 4 1 1 5 6 12 3 25 18 19 22 14 11 44 4 17 21 3 11 8 4 11 7 2 1 28 11 1 10 61 30 5 26 14 2 26 20 0 12 3 3 1 1 22 2 1 56 13 15 7 19 36 28 11 6 7 2 0 5 4 62 0 1 7 2 48 14 2 1 24 10 10 1
11 9 8 3 11 10 8 10 10 22 2 27 5 1 5 20 3 5 19 1 8 0 10 5 7 3 26 52 10 3 28 28 10 90 10 17 13 17 5 13 24 4 0 7 5 16 20 3 13 43 17 2 5 9 47 8 13 5 10 37 4 0 7 7 52 2 9 18 9 11 16 1 6 3 22
10 3 12 8 8 18 1 23 7 2 0 1 0 0 40 7 19 19 0 4 51 1 1 11 9 35 22 13 7 8 3 3 22 5 24 0 17 11 12 13 12 4 18 6 33 3 16 48 4 59 28 48 22 43 12 0 17 0 18 5 3 11 7 30 5 10 1 0 1 8 22 26 8 13 9
13 20 22 25 13 2 1 0 8 6 15 1 1 4 27 8 25 12 7 6 10 17 2 2 7 2 3 20 12 11 7 5 1 25 2 11 27 30 3 21 32 22 2 20 0 8 4 24 34 15 7 5 7 5 9 11 24 10 27 9 19 47 17 4 4 24 7 21 2 36 30 9 2 62 7
8 5 3 11 6 7 9 7 31 11 28 20 6 6 18 37 6 0 5 39 23 8 10 2 4 15 4 2 28 4 3 11 25 5 8 31 35 2 23 16 7 5 4 8 4 19 0 1 10 28 10 1 13 5 40 0 15 5 9 37 7 32 66 16 9 13 4 15 26 19 31 5 3 10 1
1 4 1 0 8 7 22 6 12 1 13 1 1 12 14 11 10 12 4 1 46 9 6 22 18 2 44 7 16 9 0 11 2 1 12 21 14 5 11 28 68 21 18 54 12 9 11 2 0 27 0 15 19 10 3 6 2 16 12 53 4 22 1 30 13 7 57 6 5 9 30 2 5 16 10
5 15 34 9 13 12 22 4 3 11 2 40 6 8 16 1 1 55 6 25 14 21 2 10 16 4 1 58 11 26 18 11 5 16 8 1 18 11 29 1 64 10 2 1 40 6 10 3 29 17 1 5 0 2 16 33 2 23 12 26 7 2 0 13 4 10 4 3 7 44 5 13 15 0 2
0 49 1 41 0 10 5 7 10 4 16 10 32 20 0 20 17 16 46 13 2 1 4 2 10 0 0 7 12 18 2 26 1 7 6 5 13 8 3 22 12 6 40 13 0 5 4 6 4 4 8 6 35 14 1 2 47 10 1 35 3 24 25 17 32 34 2 6 8 27 37 19 10 0 37
3 9 30 3 9 17 2 15 2 7 24 26 25 10 4 7 25 17 30 29 28 1 2 18 4 36 1 3 15 9 2 9 1 13 58 5 0 1 9 2 1 12 3 15 21 50 0 31 23 14 37 10 24 3 34 14 1 3 19 8 12 0 21 6 15 51 21 0 2 5 7 5 0 18 3
-1 7 5 28 17 53 8 0 35 9 6 15 14 4 15 64 2 21 0 6 46 8 14 0 4 26 10 27 10 8 16 19 13 8 24 25 2 3 2 1 8 2 7 1 10 12 12 2 19 3 29 16 8 11 53 8 26 1 6 2 4 11 2 25 1 9 12 7 9 1 21 3 54 18 13
19 10 19 0 8 16 1 12 25 12 20 9 28 43 6 16 0 6 14 5 11 13 6 0 33 13 0 0 14 0 42 16 3 1 73 38 12 22 45 15 27 2 3 7 3 6 1 4 3 2 10 15 7 0 6 13 4 1 33 21 16 16 5 18 7 5 16 2 21 19 3 56 4 9 9
2 1 11 2 18 64 60 13 6 41 4 4 7 40 13 1 27 6 16 14 6 7 15 1 3 5 10 1 10 2 3 10 15 6 5 4 7 0 20 3 1 1 7 15 55 29 6 2 34 6 4 0 15 10 10 3 0 21 2 10 6 18 25 35 2 11 26 17 1 26 20 7 17 68 7
