25 75
14 11 43 12 41 0 2 2 18 25 27 2 24 1 1 7 12 54 19 13 21 11 17 0 4 25 29 4 13 19 3 15 16 1 1 11 28 6 22 8 14 12 4 4 7 30 7 29 13 1 6 37 10 3 26 9 1 9 18 17 36 11 10 0 11 10 6 3 1 1 4 11 1 40 16
-1 25 1 4 15 45 17 29 10 16 10 2 28 11 2 8 5 19 3 1 58 17 5 18 14 13 15 24 10 0 17 4 14 28 1 11 6 1 10 85 2 3 0 25 4 20 5 7 1 21 29 13 1 0 13 15 7 26 3 5 46 12 30 13 14 7 1 7 17 13 7 2 18 8 4
0 3 32 28 26 0 25 7 4 24 6 38 12 1 4 42 5 57 8 6 19 0 0 21 6 38 4 18 7 6 2 2 21 46 11 2 4 23 5 22 17 7 0 3 1 4 13 7 12 21 44 47 22 12 3 10 17 9 1 3 21 3 1 21 0 6 33 2 6 18 7 5 20 11 8
10 38 10 11 4 7 18 6 17 2 11 37 8 36 0 18 8 11 22 26 0 10 7 1 5 9 12 4 13 14 6 3 15 14 35 0 17 13 6 24 7 12 7 3 19 31 4 28 0 4 0 31 32 37 10 10 12 3 41 0 45 5 10 2 2 25 0 24 22 6 20 23 0 11 6
0 20 40 9 22 2 8 9 15 2 17 19 10 2 11 0 14 8 6 23 23 1 16 36 13 2 5 2 11 9 8 10 14 0 15 25 50 4 12 1 9 9 8 35 12 48 2 8 15 37 10 7 7 7 1 26 2 2 0 6 8 11 15 53 3 7 56 10 8 15 14 43 0 9 3
6 22 11 14 7 69 0 7 6 8 2 21 3 9 5 2 1 16 5 2 2 18 2 44 17 8 6 46 6 3 12 3 5 8 5 11 10 4 19 1 20 4 72 27 2 29 24 26 15 19 10 31 12 27 22 10 29 17 4 5 8 14 0 13 8 2 5 24 2 3 5 4 6 21 34
4 13 1 15 15 5 11 1 15 8 2 13 16 9 27 64 11 47 1 25 20 8 11 29 2 12 18 9 2 18 6 17 10 17 15 13 11 21 2 3 0 32 4 43 0 9 12 19 27 5 0 0 18 1 5 26 13 1 0 2 37 46 27 0 27 2 5 16 33 2 14 23 1 1 2
0 68 14 19 1 1 21 11 5 7 25 29 1 29 2 10 15 4 3 25 39 23 4 0 4 17 1 31 13 39 45 32 40 19 0 0 3 5 20 10 29 28 1 2 10 26 4 12 43 8 4 15 1 4 23 2 16 0 5 1 1 28 18 1 9 3 2 6 7 18 3 19 4 1 11
8 1 0 0 17 22 31 16 4 2 2 22 1 2 6 0 5 14 28 5 11 35 18 7 24 4 0 18 89 8 30 9 17 15 1 0 9 0 21 17 15 10 37 8 2 1 5 61 6 8 4 18 13 2 8 7 26 21 0 20 8 12 0 9 39 54 6 5 20 7 1 9 25 4 10
19 3 14 4 7 28 1 1 5 0 14 1 1 17 2 3 3 17 8 5 53 3 15 12 13 2 7 1 5 1 18 3 75 29 13 2 39 2 4 27 8 6 8 71 19 3 15 3 14 30 6 15 5 24 14 1 13 23 6 0 7 6 1 22 34 35 1 2 13 5 2 14 16 79 2
-1 20 16 17 10 17 6 6 21 4 0 23 23 16 17 1 0 0 21 23 8 23 5 25 5 1 17 6 7 18 20 2 1 35 18 8 55 1 4 8 2 18 11 6 39 9 0 2 4 7 5 5 7 5 23 17 4 11 0 12 50 44 33 13 8 7 6 18 19 27 22 19 8 1 31
8 27 41 13 15 4 10 2 22 7 0 9 21 41 5 2 6 4 11 6 3 31 0 33 21 36 33 20 55 23 8 0 6 37 10 9 0 2 5 9 23 7 31 28 6 17 35 1 4 3 1 9 9 1 10 8 10 20 6 37 2 10 4 22 4 22 7 6 0 25 4 13 1 3 16
5 3 0 20 19 3 0 6 7 26 0 17 14 32 1 6 24 5 21 7 56 30 27 1 21 4 31 32 18 48 4 14 5 17 13 3 23 11 2 45 9 3 11 18 51 12 7 5 1 2 24 1 29 0 5 10 4 10 18 0 14 8 4 30 2 14 11 5 1 10 18 4 21 8 9
-1 8 10 9 1 8 7 27 31 14 1 46 13 31 6 15 0 17 4 6 3 1 27 10 22 2 6 21 8 9 4 10 12 12 8 9 6 15 48 0 50 3 37 45 1 19 13 5 7 17 2 23 21 3 16 18 0 20 6 5 0 24 10 12 29 30 6 0 15 10 5 28 4 9 21
-1 2 1 1 54 20 17 37 32 11 12 15 12 0 0 6 6 9 1 49 16 22 6 4 1 13 10 21 14 4 1 10 2 9 2 29 16 11 2 37 10 30 17 13 21 12 9 17 38 0 11 1 8 33 9 7 18 3 3 8 0 3 12 6 31 23 14 3 25 27 9 12 4 26 23
7 7 6 3 1 0 23 14 0 17 4 72 2 7 18 3 4 0 10 0 12 20 3 12 3 13 18 16 13 10 10 37 12 29 0 58 42 2 6 1 51 6 26 6 80 5 5 11 8 4 4 9 10 43 6 5 11 7 3 5 7 1 31 13 7 10 11 30 10 5 3 22 11 2 17
17 14 8 45 4 30 11 3 14 17 1 26 4 23 10 35 5 5 19 11 6 49 0 9 19 13 5 10 18 17 10 2 15 29 12 11 19 18 17 11 35 9 8 19 12 1 0 20 2 28 10 1 51 1 1 8 25 5 16 18 6 16 2 10 0 1 18 18 3 12 1 10 25 14 2
9 11 7 3 52 6 14 12 0 7 20 1 9 3 4 22 0 9 7 2 2 19 3 4 4 13 15 7 10 60 4 12 6 0 6 49 12 30 46 10 13 8 14 4 11 10 27 16 1 21 17 18 9 21 7 8 1 45 15 0 11 0 20 5 51 11 25 31 7 9 9 9 4 27 5
-1 27 5 27 2 4 7 15 13 12 7 39 15 5 9 18 6 8 3 0 22 13 43 4 43 2 16 14 7 60 21 1 2 1 60 6 38 9 1 8 9 2 7 5 49 24 7 6 22 32 20 31 27 3 8 1 5 9 2 7 6 18 1 19 23 10 6 1 0 15 4 1 11 2 15
6 7 2 7 9 18 10 19 17 20 5 34 17 7 38 6 20 33 5 21 7 26 11 2 2 20 0 43 4 23 15 1 0 19 13 13 9 34 11 3 9 6 11 2 11 22 64 0 5 11 14 7 1 3 28 4 30 15 19 6 12 11 1 17 4 0 1 10 21 40 33 5 5 6 9
4 12 28 13 7 7 11 10 26 23 8 8 16 10 18 3 8 1 3 34 9 18 7 29 4 23 9 0 10 7 35 3 8 15 6 74 11 8 18 0 4 28 8 38 1 0 1 2 21 24 7 48 0 6 10 1 7 22 44 1 2 15 1 32 4 3 61 6 8 5 2 13 24 1 6
-1 13 4 9 7 5 10 8 28 0 40 6 13 4 5 17 31 2 23 5 5 5 32 15 6 0 39 24 27 10 19 12 1 1 17 5 22 5 1 39 4 21 42 44 2 30 1 10 8 2 1 26 9 70 8 21 7 23 2 9 11 11 6 7 32 6 10 0 5 1 10 0 34 4 9
4 41 23 48 1 6 19 6 13 47 0 13 17 0 1 16 5 19 8 11 0 3 4 25 21 55 8 5 4 2 9 7 11 16 12 3 22 14 41 4 58 1 36 5 7 12 9 10 9 4 12 11 0 3 9 24 13 6 16 12 11 6 1 16 17 14 4 5 22 6 49 2 24 1 1
8 14 2 2 14 18 7 11 0 3 9 4 26 28 26 33 32 7 14 3 36 2 33 9 23 2 22 14 7 10 5 10 30 0 28 0 3 0 2 0 2 1 52 28 2 6 8 19 44 49 14 1 21 15 0 15 0 29 10 0 23 1 7 0 4 5 0 54 0 17 4 12 3 2 55
1 3 33 22 29 16 24 2 3 61 32 2 1 2 11 1 1 3 21 32 19 0 8 1 7 3 10 3 3 16 25 63 16 26 0 2 22 30 18 4 15 0 2 2 10 12 11 12 50 10 19 33 25 8 20 4 7 6 10 1 9 29 10 15 3 9 9 4 19 4 2 16 7 4 27
