25 75
6 15 34 23 6 32 4 25 32 3 0 2 41 17 1 9 8 2 1 21 9 24 2 37 29 17 14 13 2 5 19 4 4 0 50 35 16 25 0 15 1 6 1 7 2 3 20 17 13 6 5 3 6 13 0 28 5 23 8 4 5 11 0 12 3 7 59 6 10 13 16 14 23 14 34
7 26 26 1 4 3 0 0 29 30 3 9 10 18 9 12 1 2 2 2 8 17 12 8 33 9 14 8 17 5 4 6 20 5 3 18 0 22 12 6 4 2 12 7 6 7 0 55 4 2 35 14 7 32 29 6 12 19 5 8 1 4 64 9 11 50 38 12 8 28 10 58 2 13 5
28 10 27 3 12 24 3 7 1 28 18 3 4 25 6 20 13 26 2 14 20 1 14 4 9 17 16 1 23 8 3 21 49 17 10 13 29 8 7 22 3 16 6 2 25 0 37 20 11 9 27 15 1 45 10 3 10 13 0 22 38 1 3 8 7 2 17 1 21 19 6 3 31 1 1
41 8 82 27 0 5 3 1 2 1 11 11 0 0 2 4 13 32 12 2 1 10 10 12 13 9 10 17 28 23 29 1 13 1 22 26 10 1 19 7 32 19 15 2 20 12 3 65 15 3 30 28 21 6 11 2 4 4 9 8 2 3 19 3 9 34 27 14 1 7 16 8 4 19 6
17 3 33 3 15 6 15 12 1 7 6 1 8 21 32 0 26 27 6 1 8 6 14 24 17 13 7 15 6 2 2 0 19 62 4 39 20 12 11 11 41 0 19 36 14 13 40 6 16 24 0 9 10 18 2 1 14 1 5 7 22 0 13 15 4 54 2 13 13 32 2 10 0 0 12
13 5 6 14 9 78 17 29 5 2 1 14 1 4 26 2 42 25 14 2 2 7 5 0 0 1 5 53 1 7 6 43 32 10 14 7 35 16 6 24 11 24 28 5 5 7 12 12 9 1 18 1 1 9 30 28 7 42 5 6 10 7 5 8 6 18 19 10 4 12 4 6 7 8 32
2 15 0 0 6 1 5 10 89 11 2 0 2 0 3 7 24 23 1 0 9 21 0 27 17 4 0 15 8 27 1 24 19 18 42 4 8 64 13 26 1 26 21 6 3 3 2 15 22 21 5 10 0 14 5 17 6 58 13 15 6 11 30 1 20 54 4 4 0 2 7 25 0 0 25
3 3 36 3 14 4 19 6 0 0 24 0 7 5 7 29 41 27 14 3 22 2 22 4 0 2 11 40 4 3 0 1 0 4 31 14 2 3 60 33 22 3 6 1 13 11 49 32 8 7 2 0 5 13 2 1 4 20 20 21 4 9 43 0 3 5 31 11 11 16 40 20 27 3 34
13 9 14 26 32 2 22 27 3 40 7 1 32 57 2 13 17 27 18 3 79 1 8 1 7 1 0 42 32 29 7 0 29 50 16 21 4 6 13 15 24 5 18 1 7 18 3 7 5 2 3 20 4 3 8 4 1 15 16 3 2 13 15 30 2 19 2 0 6 1 0 0 3 2 12
9 30 41 3 19 20 5 2 3 0 0 0 36 42 25 0 22 27 9 2 9 18 17 4 9 15 14 34 6 0 7 18 0 38 1 0 24 0 2 8 14 21 35 20 47 3 7 17 12 5 3 20 7 53 23 7 3 7 14 33 8 16 0 15 7 2 2 8 12 6 4 17 18 1 14
16 7 9 25 2 10 5 0 6 4 4 0 2 4 23 9 14 18 6 3 8 0 2 14 3 14 9 3 15 40 0 2 15 12 24 13 4 12 9 10 9 6 3 0 42 41 30 38 8 9 31 3 5 19 12 2 11 9 41 14 59 32 26 0 21 5 23 8 10 1 5 11 9 25 56
10 4 3 14 0 3 1 22 10 22 4 18 6 8 1 25 15 1 33 4 14 15 24 6 6 18 0 20 2 58 23 23 9 10 3 3 2 4 2 28 35 15 4 10 5 21 19 0 5 28 35 4 33 14 2 14 11 8 15 11 2 2 31 29 0 8 30 11 0 10 39 13 19 34 9
19 27 45 27 4 27 0 3 6 25 4 25 4 5 26 3 38 3 11 20 2 20 2 0 53 30 13 16 49 1 11 3 15 1 8 11 15 1 4 3 7 0 2 1 9 15 22 5 21 24 36 25 1 15 22 8 29 6 4 5 10 20 37 1 7 3 3 0 0 7 32 31 2 6 4
5 9 17 1 4 19 11 12 7 0 86 9 19 7 0 6 24 4 24 8 17 5 1 5 9 31 6 15 0 35 6 42 12 10 3 0 9 8 14 21 20 18 3 0 4 9 29 3 8 44 0 6 4 3 1 4 23 22 2 19 1 3 10 12 2 2 1 87 10 5 0 12 33 55 24
7 2 9 15 3 5 4 10 7 32 36 1 18 7 1 0 31 2 5 55 7 7 25 8 1 1 7 16 20 3 9 0 1 16 13 0 20 4 17 8 22 15 1 20 18 38 2 28 8 10 3 4 23 27 9 15 19 28 4 17 37 0 19 16 3 7 66 5 45 1 0 37 8 2 10
44 12 29 8 1 21 9 2 33 1 9 27 5 7 51 0 1 8 5 8 11 13 1 6 16 4 27 0 25 34 2 59 3 2 5 28 23 18 8 5 10 6 6 0 2 31 1 3 28 1 11 5 2 0 19 8 13 23 12 2 4 35 1 16 4 39 1 20 64 1 17 31 0 5 8
38 3 16 21 37 20 14 7 24 1 29 2 4 15 0 6 5 13 0 4 3 7 4 40 8 16 21 24 21 12 10 0 1 5 0 10 8 23 32 7 6 18 3 16 25 10 4 41 4 2 17 17 53 6 1 20 3 61 21 38 3 2 6 1 3 6 21 42 7 0 1 1 7 7 16
1 15 21 0 29 4 0 7 13 0 0 2 14 3 6 13 15 32 40 17 7 0 2 25 17 23 6 24 22 16 13 7 27 2 9 8 76 31 9 0 7 2 6 9 9 18 25 11 21 8 5 6 21 5 25 16 7 5 0 0 15 0 50 3 5 6 8 5 2 3 12 0 104 24 1
11 4 11 1 22 17 30 16 1 5 0 7 54 35 3 6 0 0 26 18 23 14 3 7 9 16 2 10 9 21 5 60 1 33 3 6 14 56 44 10 0 1 18 27 8 2 18 14 15 7 4 33 0 6 15 0 31 2 3 9 13 7 20 2 15 18 3 32 3 8 10 3 12 4 24
2 3 0 3 8 11 3 5 11 7 9 23 8 56 19 9 30 0 6 15 40 35 14 4 7 6 0 21 7 18 16 8 4 4 3 12 6 4 14 9 15 59 22 7 0 5 7 16 1 28 1 28 5 5 16 33 32 1 5 0 9 9 26 0 43 21 1 5 19 35 14 15 36 11 10
16 5 19 33 44 6 3 25 7 15 23 19 21 8 23 1 22 0 5 26 7 28 18 5 9 33 6 7 12 44 2 8 11 4 4 35 20 16 8 30 27 0 9 3 32 11 8 15 4 1 36 7 1 4 2 11 2 17 10 9 11 15 3 5 14 11 0 3 8 10 7 22 18 32 4
-1 0 3 5 18 16 1 30 5 5 8 26 45 1 19 43 7 10 18 0 34 1 2 45 2 3 5 33 14 0 22 15 6 15 12 25 3 13 20 3 3 13 10 14 0 0 9 38 0 22 21 1 26 4 25 1 28 3 3 3 68 4 12 16 8 11 3 9 27 14 8 33 5 7 19
8 18 12 14 12 6 6 6 25 3 5 27 0 2 34 3 75 6 3 4 9 8 3 3 15 2 32 1 10 4 32 6 25 8 8 4 53 12 21 8 2 2 20 62 12 38 2 1 18 2 29 3 0 7 16 1 5 8 11 16 20 8 14 17 43 15 3 66 8 0 7 1 4 4 2
12 1 40 17 0 2 20 4 6 19 1 26 24 6 41 0 1 15 2 4 20 33 12 5 18 3 26 0 6 0 19 22 1 56 7 21 24 15 37 4 1 22 1 8 0 26 1 15 8 0 1 22 13 16 11 6 10 12 27 16 6 26 7 39 5 0 50 10 6 6 9 6 29 6 9
10 8 9 2 18 12 8 40 18 17 1 0 15 2 11 28 20 9 5 11 12 14 0 3 2 70 2 10 9 15 3 0 31 29 9 3 4 7 44 7 1 20 22 0 5 18 10 3 7 30 5 34 43 0 0 7 32 7 16 27 16 1 10 9 14 4 10 20 21 9 17 36 7 7 14
