25 75
8 0 11 5 13 4 40 7 1 31 16 3 0 3 27 8 41 24 4 0 1 28 2 49 29 0 16 1 2 30 4 20 2 23 51 3 13 2 12 15 17 22 31 11 0 14 9 6 5 15 5 2 25 27 28 18 12 14 1 1 5 23 1 35 15 4 16 3 9 5 4 6 21 38 3
0 11 17 28 42 3 3 33 24 30 21 2 8 7 11 5 0 8 31 5 13 10 7 2 23 1 2 53 26 0 11 30 11 13 21 5 58 2 9 4 14 21 18 2 0 2 4 20 22 13 0 4 17 6 10 8 1 27 47 6 11 1 5 3 8 12 5 9 28 56 2 3 12 4 9
6 22 2 42 14 31 6 9 59 0 11 2 5 1 4 7 55 0 5 4 4 0 14 5 6 11 4 15 1 4 22 19 14 1 2 6 35 2 21 65 3 8 13 24 13 17 6 24 42 25 14 25 55 30 3 3 0 15 12 43 0 5 16 4 15 10 5 6 5 0 0 4 4 14 1
6 21 4 4 9 0 15 11 6 0 4 4 24 6 11 0 7 0 6 4 6 25 9 33 35 14 4 0 8 7 18 18 24 17 3 1 13 16 0 29 0 24 1 4 14 1 0 45 2 24 0 5 19 23 6 23 2 28 55 1 10 5 1 4 1 79 17 47 9 69 1 29 20 3 6
11 5 10 1 6 10 12 10 84 9 7 14 6 1 1 11 0 0 46 18 9 6 1 25 13 0 27 24 6 10 3 11 4 9 5 29 4 2 1 46 1 17 28 32 2 21 24 8 6 11 5 43 3 40 6 21 8 13 5 20 6 16 8 11 14 10 11 6 41 17 20 7 10 4 8
-1 2 14 12 20 3 23 2 5 8 4 12 44 3 8 1 6 1 27 16 7 8 0 6 2 0 0 29 41 12 3 26 20 33 27 17 2 7 19 0 39 33 31 3 49 5 4 29 0 1 31 5 7 8 9 2 1 10 3 46 15 28 33 20 14 6 1 5 33 0 1 12 9 37 1
10 17 8 22 18 4 36 44 12 25 4 22 1 7 17 1 11 8 10 17 2 6 8 30 68 24 58 6 0 6 1 16 9 8 21 7 5 3 5 13 11 9 24 19 27 3 19 22 36 25 1 1 2 44 15 1 2 6 15 8 9 0 14 4 9 3 8 14 8 9 0 29 1 6 6
3 3 23 0 9 23 15 9 2 21 17 0 34 15 16 5 1 31 6 17 10 17 2 6 6 22 82 41 0 27 5 12 24 2 17 9 2 53 52 11 2 3 6 12 8 12 2 17 13 8 22 2 5 5 34 6 2 12 7 32 1 2 3 8 2 10 8 9 50 19 9 5 5 4 5
16 4 27 3 30 5 1 7 10 14 0 38 0 0 24 33 8 31 4 10 20 46 3 4 40 0 2 3 0 37 9 16 14 12 24 8 17 8 12 9 1 1 6 27 3 32 0 7 19 10 9 26 7 50 9 0 30 7 10 9 14 21 16 9 54 3 1 0 42 0 3 11 2 6 6
-1 11 3 3 0 3 3 1 3 33 1 20 35 4 70 8 41 13 6 9 5 14 27 1 18 14 15 11 2 1 43 5 13 38 13 9 11 17 4 12 29 29 30 0 22 4 11 14 3 3 70 4 8 1 7 6 11 4 5 25 5 22 1 20 6 2 22 14 9 14 20 4 9 12 15
11 3 49 23 9 0 5 0 10 11 13 3 4 4 4 0 26 6 7 51 28 3 2 56 1 9 3 5 22 5 18 7 16 10 10 35 6 9 4 20 23 32 5 3 1 14 6 1 11 19 8 3 13 0 4 1 10 29 9 1 8 3 67 39 68 24 3 0 6 2 26 19 12 1 21
12 10 0 13 10 16 30 10 45 9 6 12 29 2 23 19 0 14 39 1 3 17 6 3 1 15 18 12 2 16 69 4 9 13 16 1 5 3 17 12 10 4 17 4 22 31 3 15 0 23 3 0 6 21 12 6 6 5 39 3 22 21 42 24 0 12 27 4 6 20 6 3 8 29 4
14 37 6 24 62 6 0 1 2 49 6 13 7 9 6 4 1 5 13 31 22 0 7 12 27 5 6 0 18 0 17 32 13 5 9 6 3 1 2 20 10 20 0 2 17 8 54 0 21 51 5 3 6 26 4 0 0 17 10 25 0 27 28 7 8 12 11 10 14 5 14 0 5 3 76
23 4 2 20 13 11 9 2 3 0 2 6 17 13 13 12 20 1 31 7 4 21 8 5 1 6 15 3 9 50 23 36 14 1 11 33 35 23 14 38 10 29 46 3 20 26 0 2 6 2 4 31 0 1 6 0 12 15 3 9 24 2 5 19 26 8 4 13 3 19 28 2 28 21 14
-1 7 18 24 15 0 9 7 17 9 9 2 46 13 1 0 16 15 15 20 1 3 7 7 6 8 2 15 21 23 24 13 3 5 4 3 6 8 17 11 45 11 0 39 8 10 6 16 0 7 4 18 10 14 34 4 15 8 26 7 22 13 65 7 13 0 6 20 33 10 6 3 26 11 54
29 12 27 1 21 1 42 16 50 4 35 34 34 21 3 19 11 2 13 7 1 27 0 22 5 7 1 2 8 2 7 27 1 5 41 25 35 5 11 31 0 0 74 18 11 3 14 5 5 7 7 8 15 12 5 6 9 10 0 0 39 3 10 2 31 12 4 12 6 7 0 1 1 3 15
3 5 7 8 10 12 21 0 13 6 22 13 25 3 17 21 3 2 9 18 4 23 3 0 11 3 20 14 7 29 24 24 6 5 3 3 22 15 23 14 0 3 0 0 18 22 0 15 81 3 5 15 34 13 23 8 11 4 3 11 2 9 12 28 5 0 2 38 8 3 27 39 12 20 55
5 3 15 5 2 16 17 25 4 3 42 23 7 8 0 6 2 1 8 7 3 112 8 2 0 4 1 42 25 2 62 1 21 7 33 10 0 0 18 6 14 6 13 10 8 5 6 16 9 8 29 2 9 5 53 0 11 4 16 0 40 8 1 11 3 12 7 12 1 48 12 1 37 15 12
41 40 3 1 2 58 21 2 2 20 9 7 4 13 3 1 0 15 14 8 6 8 4 5 20 1 35 9 9 3 15 31 0 17 21 9 2 6 24 33 21 4 16 20 11 2 21 37 17 24 35 32 6 6 7 16 0 10 21 21 8 18 11 9 13 0 1 8 4 14 19 15 11 0 20
3 9 23 38 7 44 0 16 41 8 11 61 7 14 5 15 39 28 18 2 23 6 8 6 23 22 5 11 17 2 62 2 22 37 9 12 3 7 0 2 18 6 7 10 3 24 8 8 35 5 2 2 17 7 5 8 11 6 3 10 4 36 9 7 14 3 14 8 0 12 2 0 0 2 26
28 5 0 26 2 10 35 30 8 12 21 1 1 11 0 5 3 38 2 7 9 25 6 27 16 0 31 8 35 4 2 77 7 12 5 4 41 31 4 1 3 0 1 28 46 10 10 4 3 2 9 13 25 2 16 2 1 0 11 49 2 17 7 6 6 1 6 1 51 46 7 13 8 3 1
-1 44 1 16 41 9 5 4 2 11 22 0 0 22 7 48 8 7 3 13 20 3 2 0 16 6 0 52 12 7 2 21 26 9 10 1 49 2 3 6 33 33 0 2 23 1 3 1 10 15 45 21 5 6 6 7 5 19 4 0 5 14 8 15 43 53 31 6 8 9 18 10 7 24 1
45 8 8 7 5 7 11 3 19 12 0 19 3 2 22 30 9 17 5 7 68 0 28 3 3 0 2 20 7 0 24 15 17 30 54 3 4 0 20 16 4 10 6 19 12 4 1 14 2 16 0 6 1 4 29 2 12 28 7 6 35 20 23 15 0 31 4 26 18 53 4 17 2 12 4
9 41 13 3 20 9 17 16 19 2 23 13 3 16 3 0 2 29 3 5 4 53 2 1 23 27 3 8 21 2 25 19 1 41 18 20 6 7 68 13 5 18 11 2 27 14 6 8 14 21 12 26 23 3 2 3 13 11 23 2 7 14 0 11 5 37 1 1 11 4 0 8 26 11 12
7 102 32 63 0 8 0 9 7 8 5 16 13 35 6 6 5 10 13 6 32 27 1 11 9 32 23 7 13 20 7 10 8 10 1 1 12 17 11 8 36 6 5 12 12 4 1 52 11 12 13 2 12 2 13 3 19 9 4 1 12 8 3 2 1 1 24 62 11 13 10 4 4 2 3
