25 75
14 25 17 8 18 1 1 6 10 1 15 7 3 6 1 6 7 1 9 59 64 4 0 29 0 15 3 4 7 4 2 43 8 47 9 16 6 11 9 39 16 2 11 13 7 3 42 6 6 14 13 34 37 0 1 37 1 5 26 30 5 18 1 7 23 18 14 17 19 10 2 5 2 14 6
4 3 5 13 29 4 1 11 22 15 10 16 30 11 11 18 12 11 6 16 1 17 15 8 8 30 15 10 9 5 5 20 17 11 8 20 15 6 4 34 11 15 3 21 14 48 16 13 11 0 19 13 2 14 19 21 23 1 0 2 6 5 11 38 4 17 32 6 20 5 29 17 2 0 36
29 7 21 43 5 39 5 4 18 8 30 4 23 5 8 6 11 1 9 10 0 26 6 30 12 8 14 20 19 39 9 0 6 1 69 15 2 2 4 17 6 6 4 11 4 7 22 12 15 5 12 14 44 27 11 9 22 48 4 11 5 12 1 0 1 20 7 14 1 12 14 21 8 4 1
17 9 25 37 17 5 7 4 12 0 13 0 25 6 15 8 6 1 11 56 7 10 0 33 0 16 17 4 6 22 7 19 15 5 7 44 14 13 1 8 80 4 1 2 5 15 1 8 1 11 2 8 7 2 6 5 31 5 14 10 32 12 18 22 6 44 9 19 7 20 0 19 32 13 7
-1 26 11 2 2 12 0 11 10 5 9 29 0 10 8 7 10 19 8 31 3 15 13 11 38 7 2 15 21 7 5 14 5 28 6 11 55 8 7 24 12 20 2 37 2 3 6 0 4 5 12 24 7 40 15 50 5 13 17 5 1 1 2 6 36 43 2 16 9 1 24 56 9 5 6
4 6 1 5 27 31 7 4 4 1 7 47 15 4 23 5 38 8 7 5 6 28 19 0 6 1 2 77 12 5 17 11 0 25 9 13 8 17 2 1 3 11 12 33 2 17 4 3 21 10 3 7 3 20 15 0 6 0 21 17 13 2 9 2 18 14 21 79 45 16 8 10 1 5 41
16 10 51 15 42 6 8 17 26 5 5 19 3 21 4 17 9 23 14 6 5 18 5 54 6 50 21 5 0 9 0 4 46 30 16 1 5 7 7 8 14 11 7 4 3 1 3 24 31 42 27 11 12 13 0 8 26 10 13 0 1 6 3 1 25 4 11 7 8 9 14 20 2 8 7
10 5 5 15 7 8 0 41 0 13 16 3 20 48 6 6 39 12 7 4 23 6 0 5 7 1 0 0 11 0 24 5 0 13 5 10 9 8 0 33 12 10 5 6 2 31 1 17 5 3 8 13 0 13 18 20 6 21 24 28 5 48 5 5 25 68 7 18 50 13 60 15 0 7 6
16 8 27 15 16 1 20 4 28 5 12 9 14 11 1 0 29 1 16 1 13 49 2 3 16 24 8 12 32 52 11 9 7 7 20 48 16 5 2 9 37 31 1 2 9 7 59 32 1 0 16 5 4 22 1 6 25 24 12 0 15 36 4 0 3 0 2 2 0 7 14 27 6 5 6
47 11 16 14 0 18 0 11 8 8 2 2 0 0 4 19 26 13 10 0 6 10 1 3 22 23 3 25 15 8 10 7 32 33 6 9 51 7 6 22 13 4 11 1 24 11 20 2 2 5 31 2 6 20 19 27 0 61 2 14 0 6 17 8 34 26 44 4 12 39 2 2 2 10 11
5 0 5 31 5 4 15 6 14 0 49 5 10 0 2 5 7 0 7 2 27 0 60 5 9 7 8 29 6 4 1 12 2 3 14 14 2 6 4 10 6 35 49 15 44 4 2 21 32 22 30 0 0 36 4 10 13 4 22 2 0 25 33 9 3 51 5 11 6 6 34 17 5 26 23
25 0 17 5 10 13 29 9 5 0 5 5 4 23 0 18 15 53 6 14 16 2 2 3 23 17 16 0 12 5 4 17 44 5 0 1 4 14 12 5 5 0 1 19 33 19 8 20 14 11 8 10 33 8 29 31 4 1 22 1 15 6 7 12 41 7 0 96 4 15 0 20 9 19 14
17 6 7 22 10 38 8 35 33 1 16 11 4 1 8 1 7 7 22 11 10 1 6 12 17 5 40 3 1 5 17 1 14 14 1 84 3 1 10 10 4 1 2 10 4 7 31 2 5 22 30 0 7 15 1 57 34 37 3 21 11 52 14 20 5 5 20 1 8 13 0 18 7 2 11
2 5 34 11 0 1 5 28 17 0 51 2 1 19 1 6 28 15 0 5 61 27 40 14 2 5 7 22 22 2 13 10 31 10 21 1 34 8 23 0 0 60 7 4 20 2 3 11 1 8 6 0 8 9 18 14 11 15 14 18 17 23 6 14 1 48 4 11 3 2 8 8 20 21 1
1 22 9 1 4 12 5 21 9 12 3 4 14 11 3 17 0 2 35 27 20 27 10 7 0 21 34 0 2 3 2 19 3 19 2 13 4 16 7 14 6 3 0 7 8 1 25 26 30 19 28 20 17 0 16 33 25 31 21 14 39 42 13 7 11 11 6 1 12 7 6 3 67 2 8
0 8 7 1 3 13 15 17 10 11 0 16 3 14 13 45 16 17 34 26 17 8 3 8 42 9 15 1 3 8 2 17 11 68 2 4 6 5 11 13 5 25 73 8 10 3 2 11 13 20 4 30 22 0 2 45 30 7 2 0 11 8 20 8 2 9 19 0 6 34 1 12 7 0 29
16 6 5 1 1 30 28 3 6 6 15 11 10 12 12 2 0 15 5 0 12 35 12 10 15 10 1 2 4 7 48 8 11 9 2 10 22 0 11 14 8 49 11 6 0 27 52 1 25 7 2 25 16 24 23 27 5 17 74 1 3 25 12 2 7 34 11 1 3 7 1 2 20 19 26
35 14 21 5 32 26 0 13 0 1 7 16 10 0 0 0 5 6 0 24 19 10 30 2 10 5 41 1 16 32 2 0 4 15 2 9 5 6 2 11 14 23 2 9 2 27 73 10 17 11 18 11 17 4 5 22 10 4 3 41 28 27 12 38 7 12 8 1 31 0 1 12 2 0 61
8 6 9 6 1 8 5 22 5 1 13 0 14 5 14 17 31 21 24 8 10 1 5 6 40 19 3 18 6 17 32 13 13 13 2 4 14 26 10 9 1 1 23 35 12 9 29 4 42 13 15 11 10 5 0 4 26 5 7 16 17 35 4 2 17 1 18 25 19 69 3 18 19 4 2
1 14 13 13 23 6 10 20 3 22 15 6 3 28 33 2 21 13 24 3 0 36 4 16 0 33 21 43 2 20 9 15 0 23 30 24 13 0 8 20 14 0 43 6 25 4 13 4 19 4 9 8 15 4 0 27 11 29 6 32 1 31 9 1 3 35 7 3 4 2 9 7 3 5 17
5 11 33 8 8 0 35 7 11 0 17 14 10 6 1 2 1 10 18 5 9 16 16 13 45 14 20 4 0 8 9 68 7 11 12 4 18 41 8 2 10 11 21 34 17 11 39 5 18 5 10 22 4 5 14 49 3 34 1 24 19 5 6 10 7 6 12 37 11 0 8 2 2 2 9
2 0 58 3 11 0 5 19 16 4 33 27 2 24 14 63 44 35 0 3 8 10 32 2 11 7 1 10 12 4 2 11 15 38 8 21 2 0 22 52 1 8 6 3 1 13 39 41 17 11 0 15 18 1 11 9 26 1 11 17 2 1 7 0 6 1 4 0 0 2 28 11 17 27 14
32 28 7 12 13 4 23 0 6 8 0 1 1 11 0 7 14 10 11 7 28 3 18 14 11 26 5 6 11 10 5 57 6 17 12 4 20 3 18 0 16 17 4 14 1 13 19 15 9 0 5 24 36 23 5 7 14 1 3 28 25 21 1 11 24 4 11 5 21 25 24 11 19 25 50
11 4 10 8 6 6 1 54 38 3 8 6 30 7 7 2 33 12 16 17 1 10 5 0 0 9 13 3 1 32 5 16 40 4 31 7 38 5 3 11 8 23 6 16 9 4 9 2 13 1 4 11 44 47 2 0 40 17 10 9 4 13 0 6 1 16 71 7 11 29 5 7 24 15 3
3 3 0 3 1 3 18 0 3 16 30 16 23 9 5 4 10 11 33 19 56 11 5 0 12 9 7 18 5 6 28 10 6 1 9 22 30 7 11 9 1 60 15 19 1 0 1 13 17 14 63 20 4 3 29 44 9 1 1 6 11 16 45 9 11 5 11 12 6 7 35 3 15 14 7
