25 75
-1 46 10 6 4 14 11 11 12 18 13 7 18 9 19 11 8 42 22 9 0 8 7 5 9 4 18 1 21 14 4 3 0 7 17 6 8 9 33 47 6 22 19 10 3 22 5 0 3 6 1 12 1 3 1 9 5 59 21 70 8 17 15 5 26 20 6 3 1 20 42 5 8 27 9
25 5 2 32 2 2 2 59 4 14 3 29 14 1 19 5 42 1 32 36 3 1 25 13 16 4 8 1 2 28 21 9 0 6 7 5 4 25 5 9 17 0 10 21 6 30 19 7 8 4 3 10 0 4 5 4 27 4 8 7 26 2 44 0 23 3 0 1 27 4 3 3 61 11 77
13 1 10 8 4 9 12 8 19 6 0 1 10 9 18 11 18 4 15 38 10 5 24 2 9 6 10 15 2 54 23 17 2 2 2 11 4 11 0 64 29 31 16 24 23 13 13 13 9 7 2 3 0 0 7 15 20 16 1 19 41 19 6 9 10 22 5 1 74 3 7 10 5 8 32
7 7 6 17 29 24 3 8 5 10 1 4 7 0 26 35 23 33 12 3 3 7 7 18 7 52 1 5 24 33 10 4 37 4 4 5 27 13 12 7 3 15 6 0 4 32 2 9 2 40 2 3 27 20 1 2 21 82 15 31 2 3 18 2 2 2 2 7 10 34 1 8 0 35 17
7 10 0 4 7 8 31 3 13 9 1 0 18 37 13 2 14 8 14 9 2 4 15 22 28 4 3 30 53 13 2 28 0 1 2 13 29 9 43 46 6 18 61 10 7 5 12 29 10 10 8 10 17 0 0 0 16 26 3 0 2 0 15 10 1 45 0 23 12 9 9 1 56 12 2
22 5 31 4 19 4 4 18 6 14 1 10 0 2 26 34 3 56 8 0 6 0 1 5 6 2 33 1 19 18 6 16 21 11 0 7 11 21 4 0 18 18 6 9 39 4 0 34 22 8 18 40 0 29 12 7 31 0 50 28 17 5 0 8 0 6 0 11 45 3 15 15 1 39 7
16 16 13 16 10 32 30 23 12 6 2 49 1 6 1 7 8 0 3 3 2 5 12 24 19 14 1 14 8 4 9 7 20 30 8 57 5 0 19 0 5 6 34 10 59 12 12 2 16 14 5 13 16 31 12 3 2 17 5 11 22 54 17 12 21 4 6 11 16 10 14 4 0 4 8
4 26 12 23 0 7 55 4 1 12 88 1 10 3 21 1 59 9 19 13 25 75 27 0 7 7 24 46 14 6 17 1 15 8 11 8 1 7 5 2 39 0 0 11 16 13 4 4 16 0 17 3 8 2 14 11 3 9 1 17 1 4 31 1 5 16 10 17 8 8 11 6 3 6 11
1 35 7 4 1 17 0 1 11 9 7 6 1 7 13 8 7 3 13 2 4 25 5 30 12 51 26 7 1 5 0 0 9 12 28 6 3 1 28 19 8 20 0 11 4 5 8 30 23 0 7 1 1 10 3 28 17 36 6 10 37 25 29 53 34 6 34 37 0 14 25 16 14 5 18
-1 29 0 4 27 9 3 2 9 35 11 2 10 10 23 41 16 11 21 22 27 20 76 6 24 7 6 6 48 2 5 1 3 10 0 13 7 0 21 4 24 23 1 1 6 1 9 13 14 23 11 0 8 17 25 6 2 16 9 2 17 15 5 39 22 4 14 16 9 3 27 20 2 8 18
2 38 3 0 12 0 30 34 0 0 8 5 7 19 5 4 16 2 6 26 7 2 27 12 18 0 5 10 7 2 26 11 2 0 18 19 41 2 0 3 10 13 18 33 9 0 9 17 25 36 4 6 26 8 9 54 19 21 18 1 12 1 22 11 65 57 1 14 2 4 9 3 7 26 1
7 25 15 2 2 19 23 42 5 6 5 8 4 0 0 38 15 18 7 6 19 20 18 15 2 22 5 8 19 20 13 0 16 0 7 22 10 10 25 11 2 11 10 0 0 77 15 25 3 48 31 3 4 4 10 28 16 20 5 6 4 9 40 6 7 0 8 15 2 15 12 4 1 0 50
1 23 4 34 0 10 12 23 33 2 3 11 27 17 3 17 7 10 1 13 9 12 25 2 3 13 19 2 25 22 6 12 0 5 2 1 36 31 6 5 8 17 26 2 4 29 0 7 34 8 4 25 20 30 37 25 5 30 22 5 0 10 23 15 4 7 3 9 0 33 44 3 14 4 6
3 0 2 1 5 23 15 13 13 0 8 1 2 34 0 7 4 6 1 3 5 59 29 0 6 61 2 15 10 17 11 19 32 10 7 0 57 25 25 9 32 5 17 32 20 8 0 19 26 41 8 3 6 2 7 17 14 16 29 1 7 9 3 1 4 1 3 6 13 4 12 26 23 37 8
2 22 35 18 26 11 35 6 10 0 0 1 4 10 54 29 3 1 16 2 2 4 0 9 1 2 9 1 1 13 15 15 28 28 7 25 15 20 3 59 0 0 10 3 4 17 11 5 2 10 4 49 12 13 25 30 7 22 15 9 22 13 31 5 7 2 3 11 18 2 9 4 37 23 23
6 23 13 5 1 4 19 4 32 0 17 18 26 23 21 21 31 16 13 26 5 28 8 61 1 15 4 2 10 2 14 5 4 5 0 35 26 4 23 7 0 1 22 9 12 10 9 1 15 1 3 5 17 7 0 2 30 11 4 40 22 3 36 2 12 5 15 3 2 8 24 34 34 6 17
24 9 12 12 16 19 43 0 54 5 1 1 23 7 20 40 2 2 1 14 0 35 71 12 0 1 13 5 6 4 13 28 5 3 0 0 10 46 40 5 24 14 8 17 3 3 4 11 11 5 30 13 0 18 0 11 22 22 12 4 0 10 13 1 33 11 8 3 11 0 61 4 2 7 2
4 8 14 6 12 0 12 5 22 12 13 37 1 15 9 9 24 55 7 3 1 4 11 1 21 1 8 4 29 7 10 16 21 0 5 7 9 6 17 26 17 20 30 12 8 79 0 1 6 8 2 17 35 2 17 3 17 7 1 4 13 26 41 28 10 6 34 8 9 4 17 7 14 23 2
41 6 3 27 15 7 28 2 0 2 8 2 10 4 23 10 6 19 5 6 0 14 8 5 2 5 10 32 0 15 21 1 25 16 7 15 37 7 11 2 16 23 11 2 41 22 41 37 22 13 1 11 4 7 14 6 7 7 17 3 7 4 4 1 3 4 23 0 11 49 14 18 73 23 4
0 23 4 7 5 1 1 0 5 6 16 10 10 11 14 0 2 7 11 25 29 17 15 13 4 33 2 4 13 2 24 7 6 24 0 0 75 18 27 3 10 1 6 34 61 0 1 4 84 6 1 4 0 0 15 14 14 6 27 35 14 6 9 3 16 11 10 5 28 6 4 5 23 61 2
3 3 8 0 15 0 1 0 44 21 25 28 1 1 2 6 1 21 25 2 25 27 3 13 12 0 42 4 11 16 0 15 0 2 0 31 2 0 14 11 8 27 9 3 43 33 9 0 19 5 34 15 58 31 29 9 2 17 63 25 12 5 2 3 12 2 7 8 10 23 21 7 9 4 1
4 19 6 4 46 7 15 1 7 3 5 25 3 27 14 17 3 3 5 34 9 40 2 10 0 4 11 5 14 6 3 1 5 15 35 6 5 9 9 0 19 19 48 3 24 46 52 15 13 13 18 16 26 0 12 31 9 3 28 4 21 2 7 31 8 19 27 5 10 1 12 9 7 0 5
20 1 11 16 0 25 87 1 81 0 2 30 60 16 14 9 2 0 23 6 4 82 3 38 5 0 10 5 0 31 10 7 33 26 2 19 6 5 0 2 2 0 2 3 11 0 4 12 27 3 16 4 9 27 1 9 2 1 3 15 4 18 12 5 35 2 0 2 10 7 9 7 30 1 15
4 38 8 3 29 4 20 3 17 8 0 0 19 6 11 59 16 7 20 7 35 22 6 2 3 8 22 0 3 45 47 4 15 18 17 4 45 11 2 0 19 7 15 29 2 0 36 0 6 11 11 10 30 0 7 25 34 16 4 2 20 0 13 2 9 2 15 19 10 9 9 6 15 18 1
69 16 11 28 49 25 7 0 12 4 0 13 48 12 12 2 4 4 25 4 3 30 6 7 9 14 9 2 28 12 35 41 2 0 3 14 3 45 10 1 0 0 10 8 3 18 20 5 10 13 0 9 33 67 5 6 4 43 11 2 1 18 1 16 3 1 29 15 2 4 0 0 2 8 14
