25 75
5 2 8 8 31 2 14 45 7 19 5 3 3 6 20 11 27 2 0 4 21 8 4 7 6 8 31 14 11 4 17 22 3 16 2 7 22 18 15 5 11 5 8 11 20 28 5 14 10 11 87 2 0 32 2 0 4 6 1 14 44 34 9 20 9 34 2 39 24 17 10 8 7 1 8
6 9 6 1 8 2 24 0 2 23 35 10 3 59 1 4 3 5 52 5 10 20 28 8 27 13 16 32 12 48 0 44 18 11 3 4 11 22 8 26 20 2 2 0 12 3 49 10 11 3 17 8 28 35 1 1 7 3 4 22 0 13 5 4 11 14 2 0 19 4 6 5 20 6 34
0 26 5 31 9 14 16 4 14 2 3 0 4 45 14 12 6 29 14 15 12 4 27 4 1 2 12 1 7 9 13 4 9 55 13 10 27 3 12 7 29 53 33 5 4 0 2 5 3 19 0 1 23 45 4 7 15 17 4 4 10 7 15 51 10 15 44 9 1 40 13 2 2 2 11
3 5 15 2 22 15 12 13 7 12 7 0 5 1 5 0 44 10 2 17 9 17 18 1 19 5 20 17 26 10 1 5 22 9 2 3 16 50 4 40 9 6 18 3 20 12 13 23 42 4 23 1 9 22 1 16 9 7 36 0 34 12 12 19 1 5 14 6 9 10 22 10 58 8 15
4 0 15 12 43 13 2 9 6 21 40 1 15 9 3 25 29 6 10 3 0 20 12 19 2 7 2 2 2 19 57 5 34 12 55 6 5 8 30 0 0 28 25 2 0 77 1 45 1 1 12 7 17 17 13 7 0 6 2 8 0 1 4 2 11 34 26 8 43 11 14 2 5 6 1
36 2 2 9 17 0 11 4 76 2 19 5 2 7 33 7 0 1 2 0 2 0 3 7 18 4 6 51 4 9 2 38 40 2 7 19 11 11 1 6 4 43 11 0 57 11 75 10 38 0 8 0 15 22 5 17 7 6 25 17 1 2 3 5 12 40 28 5 27 0 5 4 13 2 6
26 15 9 1 17 19 14 23 7 1 26 5 1 10 18 0 25 4 14 11 0 25 9 24 17 0 11 42 18 1 3 3 32 5 25 1 10 35 35 9 8 32 2 21 3 14 9 0 6 20 6 11 8 18 8 6 23 15 20 5 18 0 14 0 32 5 2 12 33 3 14 28 27 3 23
15 3 4 1 16 3 34 5 10 5 39 38 2 21 16 14 9 13 10 26 22 1 6 5 4 5 3 5 24 9 3 1 15 26 2 1 31 16 10 8 8 16 10 7 8 10 26 30 13 2 16 11 21 11 18 14 1 20 3 34 34 2 5 3 1 1 24 9 84 13 0 1 22 13 28
5 33 98 0 23 3 2 17 1 12 1 58 4 13 8 50 0 0 13 0 6 0 7 0 20 6 5 42 6 6 5 18 12 23 11 27 11 24 74 6 5 1 7 0 0 1 34 10 77 1 2 3 0 3 8 21 13 16 0 3 13 3 4 36 6 2 2 19 4 0 9 14 11 6 16
10 17 6 2 5 14 7 29 4 3 7 6 29 1 11 13 14 3 24 5 4 58 14 59 13 33 9 49 14 0 15 21 16 10 19 3 12 26 8 10 2 6 28 16 4 18 4 0 23 26 1 11 9 1 9 5 13 3 4 6 18 34 0 29 36 5 3 9 14 6 14 4 24 3 9
10 52 14 19 5 8 2 10 32 1 14 12 19 5 16 14 28 11 6 64 2 17 9 39 2 20 5 8 5 2 12 35 1 18 1 13 58 13 1 3 42 4 8 9 10 6 6 1 19 1 7 12 4 17 49 15 7 1 4 18 0 3 53 11 29 2 24 1 7 0 6 4 6 2 6
1 9 9 10 17 59 7 24 2 10 23 13 0 8 17 16 2 47 5 8 19 11 26 21 26 12 1 2 29 31 43 2 5 6 7 3 8 2 20 68 1 3 9 3 29 5 1 2 5 1 6 24 25 9 10 22 13 0 41 3 3 1 7 10 4 3 6 4 10 29 8 2 4 37 31
47 13 19 15 9 4 20 16 1 10 4 17 12 15 0 17 22 29 1 15 0 29 17 0 5 3 3 19 15 0 18 12 6 21 11 5 14 17 13 1 25 23 2 25 1 4 21 7 13 4 25 4 17 4 33 5 0 8 4 26 6 42 3 0 12 45 9 10 14 4 33 14 14 27 21
14 0 1 11 62 20 6 46 6 4 9 7 17 10 15 7 25 17 8 2 1 2 1 11 5 1 37 3 75 2 26 7 18 18 7 18 14 6 19 2 6 3 1 4 5 2 11 5 9 14 3 0 16 2 25 33 82 1 23 19 5 7 8 6 5 17 3 9 23 6 51 8 1 14 13
33 18 9 12 4 0 2 5 4 4 1 31 2 7 31 49 7 12 0 27 14 0 28 5 29 6 10 45 28 0 24 11 9 22 8 18 12 34 32 21 8 26 17 5 5 22 0 15 4 7 7 1 18 25 13 3 14 3 9 15 5 6 14 7 4 1 4 4 23 16 52 0 5 4 24
5 0 10 0 1 0 10 7 4 33 6 1 10 45 23 8 10 8 10 10 13 12 4 12 29 15 6 24 1 2 4 1 20 0 1 29 22 53 68 15 15 26 13 3 7 28 12 1 29 17 14 11 0 23 0 8 61 1 0 0 23 2 14 6 10 6 6 37 6 8 33 2 14 28 4
10 7 4 34 2 2 0 6 26 18 5 42 1 7 24 3 22 1 6 66 15 4 4 15 0 3 10 32 1 20 28 22 9 7 21 1 4 4 21 1 26 19 37 0 0 7 17 4 20 27 0 0 22 3 11 30 12 0 0 4 12 4 7 5 58 16 10 18 19 19 16 1 21 14 33
3 8 10 7 16 17 13 23 9 1 6 2 14 2 7 21 4 13 2 0 32 36 14 48 7 4 0 2 4 16 16 29 2 4 0 26 19 11 4 41 11 12 13 3 25 13 3 41 13 11 15 2 13 16 33 10 26 34 4 2 15 0 26 2 8 8 2 13 31 8 0 84 0 9 1
14 13 7 15 11 29 6 7 2 0 31 8 32 1 15 16 20 8 21 1 0 9 10 3 38 3 12 12 0 0 54 43 10 46 5 2 2 36 51 9 25 5 12 15 31 12 4 8 4 20 18 3 11 30 12 1 5 1 19 2 11 2 9 22 22 4 12 6 6 5 23 8 1 24 5
7 23 6 14 19 13 4 7 24 2 9 19 6 32 2 34 0 19 24 11 13 9 13 6 9 34 4 22 2 10 24 23 9 0 18 13 1 11 10 11 31 5 4 29 21 5 5 12 15 4 6 6 2 6 42 22 22 25 28 16 3 3 2 5 1 10 7 4 12 18 30 15 32 4 31
5 5 26 2 30 15 2 52 13 1 0 1 11 8 11 14 20 8 2 18 17 11 2 18 46 50 5 4 0 7 10 14 26 36 0 12 10 8 8 6 24 18 9 45 12 16 1 6 1 0 9 33 0 0 2 45 5 23 12 0 24 0 5 1 0 13 2 3 15 22 18 28 58 11 5
4 5 9 31 27 4 12 59 7 19 6 10 41 2 6 18 0 33 9 24 3 1 3 5 6 16 12 15 48 3 2 9 0 17 1 5 5 0 17 24 1 3 4 6 24 0 22 4 4 14 46 6 2 11 37 4 19 43 4 35 48 8 10 10 0 16 56 2 8 5 6 7 0 14 3
12 10 14 5 12 0 0 55 0 3 22 7 4 12 4 7 23 30 0 38 9 1 13 12 2 1 18 5 41 17 17 10 17 18 3 2 11 32 23 7 11 13 11 1 38 6 40 0 11 7 29 2 15 7 46 19 4 11 7 3 37 13 8 26 2 4 9 2 18 2 3 16 12 43 7
21 59 1 6 22 11 97 7 2 7 38 14 8 25 13 6 16 17 12 4 15 53 14 21 0 7 2 14 10 0 3 2 5 20 31 30 5 8 9 2 9 14 31 2 61 1 2 37 0 6 4 24 4 10 9 24 1 10 0 3 15 3 28 1 2 19 4 0 0 15 2 1 12 4 5
9 6 7 15 3 10 23 5 6 0 39 7 2 33 71 7 38 5 7 8 11 30 2 15 7 4 8 7 12 2 9 15 2 25 6 2 17 13 38 29 13 2 1 25 5 16 21 29 6 0 0 12 7 3 2 5 35 27 22 2 34 26 11 0 5 26 7 25 2 3 38 3 5 11 16
