25 75
16 11 9 4 16 1 7 24 27 15 29 9 8 2 1 77 30 16 1 16 39 23 3 3 53 9 7 19 5 9 3 1 23 12 3 5 8 16 13 15 5 4 6 22 26 5 4 11 29 24 18 9 7 3 13 18 13 21 7 22 4 0 13 4 7 2 38 9 9 5 11 24 10 3 6
18 3 24 37 12 6 50 0 18 21 19 30 10 57 16 2 16 8 7 4 0 4 0 12 7 4 0 32 3 9 11 41 8 11 15 13 12 23 3 10 21 4 9 36 13 18 15 1 1 52 2 3 11 16 32 27 0 11 7 7 13 0 5 13 1 15 33 1 13 0 9 10 5 8 12
5 15 10 8 1 13 1 6 8 2 15 6 12 8 25 0 10 10 1 6 2 4 17 4 16 12 8 32 6 8 11 2 28 23 28 18 27 0 6 5 35 39 2 33 1 9 1 10 45 47 31 5 8 10 11 18 7 5 93 8 14 19 10 39 2 3 14 3 4 32 1 8 6 6 2
16 1 24 5 16 20 10 22 1 6 35 5 13 2 3 9 6 2 0 3 12 11 2 26 21 18 6 32 28 0 4 21 0 1 43 4 7 18 13 3 2 17 6 1 12 7 17 10 29 6 9 10 7 33 6 7 15 0 15 2 19 2 0 39 5 7 64 17 51 76 0 12 17 5 6
4 14 21 12 0 9 13 13 6 4 7 21 5 7 10 10 6 1 10 13 17 40 14 8 29 3 0 7 17 12 16 8 34 2 7 0 4 1 32 34 15 4 3 93 10 8 12 5 1 16 0 29 39 4 13 16 22 31 14 11 8 6 1 19 17 22 24 6 0 28 19 22 3 6 2
1 8 6 10 15 17 1 8 15 7 1 31 12 41 15 12 4 20 22 5 7 14 2 10 7 6 5 4 21 11 5 51 1 4 0 15 3 4 20 12 11 35 9 43 52 4 29 5 27 13 17 4 1 46 21 11 47 4 23 30 9 15 16 3 3 11 16 3 3 1 5 0 12 7 11
6 4 5 6 13 3 7 4 2 13 26 3 11 3 3 33 7 9 9 17 3 6 6 7 26 11 0 31 20 1 25 5 0 4 21 59 0 1 71 12 13 8 7 12 1 26 29 2 10 9 2 9 9 17 53 8 7 10 11 24 6 2 15 50 8 19 15 5 5 2 15 31 17 27 23
1 3 33 0 21 15 18 16 37 15 0 65 22 6 9 0 28 9 6 15 16 4 1 14 14 18 40 6 10 6 17 63 5 13 2 13 44 14 14 25 15 22 12 1 23 4 0 1 6 0 5 8 7 3 28 3 14 6 32 7 5 13 5 2 4 2 2 14 35 7 5 18 0 24 9
1 3 37 17 12 33 28 21 10 53 0 3 0 4 13 12 7 16 0 1 4 29 31 24 13 8 7 14 11 19 0 0 5 14 18 18 11 7 2 13 22 2 11 5 5 30 22 21 25 10 0 0 10 0 7 9 15 11 12 11 36 75 4 9 9 3 12 6 20 2 9 0 35 0 33
31 2 10 35 2 7 9 10 18 17 8 4 1 5 17 6 42 1 20 19 4 41 11 9 3 2 19 5 35 2 51 1 16 6 1 6 51 8 11 2 43 0 6 35 2 67 17 0 17 22 26 1 26 14 2 11 2 9 1 7 1 1 1 6 23 1 0 15 3 1 31 1 28 27 5
33 9 11 0 0 4 1 24 3 2 29 7 38 3 8 1 0 14 4 1 5 23 46 10 2 30 35 22 34 1 4 1 2 11 17 2 20 27 15 0 8 13 8 3 0 4 3 19 18 4 4 30 43 8 5 5 13 0 15 17 2 18 16 5 5 8 0 16 20 68 17 46 2 4 54
14 21 0 17 4 34 17 21 17 4 2 0 3 73 0 9 5 3 9 16 0 31 25 42 1 9 2 1 13 42 11 49 1 2 5 39 13 35 5 4 8 24 15 22 4 15 10 0 0 6 1 13 2 4 41 3 33 11 32 11 1 0 10 1 0 8 16 17 0 2 13 23 4 47 4
6 0 49 28 24 68 26 14 2 20 1 8 8 3 5 15 6 3 13 18 18 3 23 20 18 14 0 1 27 6 3 11 50 15 3 17 19 6 23 7 19 2 13 1 6 7 2 1 16 14 4 0 1 12 4 43 6 18 21 27 38 19 4 47 7 6 6 0 9 18 15 4 3 1 5
8 30 8 45 16 4 7 0 9 11 14 0 6 13 38 6 20 21 10 8 11 4 1 1 2 16 9 22 1 3 21 18 40 3 2 16 13 0 21 3 6 8 0 13 15 15 19 23 4 19 12 19 21 10 25 6 0 5 7 47 15 1 19 101 12 26 46 1 0 17 0 0 1 0 6
-1 17 5 17 1 35 6 13 30 11 11 36 7 8 1 3 7 19 8 2 5 16 21 3 6 38 5 6 35 16 2 23 0 8 13 1 19 17 9 42 4 1 36 0 14 3 8 0 34 24 23 18 5 13 11 28 27 11 44 3 13 19 0 14 3 18 3 16 3 2 5 41 8 16 11
11 5 2 11 0 12 22 1 10 5 57 2 11 1 12 39 13 26 16 15 3 0 16 14 46 36 1 0 6 18 13 23 15 4 6 21 3 10 0 0 28 0 39 7 1 2 33 6 27 2 19 29 1 5 1 40 3 28 12 7 25 2 11 27 5 4 11 10 9 1 9 33 27 26 4
5 23 41 0 18 6 23 1 0 1 25 9 0 37 3 2 31 20 36 2 10 13 0 15 9 25 1 11 18 1 13 16 7 26 47 14 12 4 20 2 32 1 0 0 6 13 10 33 1 5 9 34 57 0 24 8 15 5 7 12 21 11 7 9 2 29 13 1 1 30 2 13 11 27 4
27 1 19 2 6 15 3 47 0 2 0 9 1 18 6 27 18 77 6 8 0 4 32 3 1 19 1 35 35 9 24 13 6 3 52 2 6 15 17 6 0 18 14 25 5 0 0 7 17 30 9 1 6 1 19 39 14 11 33 8 5 19 1 13 8 1 20 20 10 10 1 10 16 25 9
11 47 0 10 0 27 0 9 25 8 1 2 8 17 21 0 7 9 9 1 3 17 16 1 14 13 1 22 26 3 29 3 16 27 12 12 11 0 50 1 13 30 1 10 13 11 10 8 5 1 27 1 29 33 12 16 6 9 12 1 6 2 17 13 10 5 0 34 55 14 11 59 31 5 1
10 1 40 2 2 25 8 3 2 1 15 2 1 4 15 13 27 2 7 20 7 15 17 5 0 12 35 5 1 3 0 45 19 11 11 37 25 12 6 13 25 25 4 12 16 18 34 9 5 4 0 25 18 0 2 31 33 11 10 4 0 16 0 10 11 19 1 10 5 13 58 15 12 60 5
5 21 7 9 7 12 17 18 13 1 21 7 33 0 17 26 1 2 3 5 6 3 33 3 11 58 24 3 23 8 4 17 9 3 11 10 25 4 18 4 42 9 3 4 14 17 19 5 2 7 4 17 9 9 13 8 1 1 29 18 1 89 8 1 41 11 20 0 5 16 13 0 13 5 44
20 51 15 28 10 1 19 0 43 14 3 6 9 11 0 19 32 9 12 3 10 10 1 2 49 6 0 40 17 10 2 1 3 8 19 2 1 18 24 3 37 2 35 16 46 11 21 16 0 0 15 17 11 0 0 5 25 3 1 8 3 3 8 39 0 13 6 10 32 7 2 9 13 7 48
10 16 13 8 11 3 1 20 42 4 4 9 20 9 6 8 1 15 3 47 4 10 4 11 2 3 5 12 15 2 1 19 0 48 27 17 5 40 26 0 5 2 3 19 5 12 33 9 0 2 6 17 127 18 12 6 9 26 32 3 10 6 10 0 34 3 6 9 22 26 8 8 6 4 1
20 2 12 18 13 28 23 33 23 2 4 11 1 21 2 8 10 20 11 41 12 15 1 5 0 15 3 12 1 33 6 8 4 31 1 1 14 0 37 19 29 14 14 4 3 5 4 48 2 16 45 2 3 7 9 0 1 22 33 4 23 15 6 11 11 7 3 25 1 6 15 44 32 8 7
31 50 12 47 4 7 1 13 8 17 7 10 8 10 14 6 14 7 13 51 9 2 0 0 13 9 5 3 19 20 21 15 20 10 1 6 5 17 12 6 3 1 2 29 11 54 1 13 22 39 16 24 8 2 5 57 12 3 2 20 22 0 13 3 24 0 33 7 4 21 8 7 0 3 8
