25 75
13 16 3 10 7 0 24 15 6 14 10 35 16 24 10 51 3 48 9 1 13 8 17 10 7 28 19 19 12 4 1 9 2 3 13 0 10 31 0 24 4 1 2 17 10 16 10 5 77 7 26 27 3 14 8 13 15 6 24 10 7 2 6 7 40 9 5 21 7 29 0 2 3 21 1
22 0 7 20 22 3 1 7 0 3 4 5 15 32 10 20 16 10 3 18 14 3 27 2 10 12 2 25 0 2 5 8 44 2 12 8 3 22 2 7 28 12 12 7 7 4 10 7 8 0 13 43 13 71 35 5 7 0 11 7 9 27 2 23 14 31 7 9 49 1 8 3 20 25 44
21 10 6 29 5 0 13 14 4 27 2 1 49 6 46 2 25 8 3 25 7 1 28 33 23 7 21 0 0 11 7 23 15 0 5 13 0 22 14 4 11 29 0 6 6 7 60 5 28 2 4 0 4 5 5 6 48 57 9 16 2 15 5 5 3 24 7 22 8 0 21 1 15 16 18
29 23 0 13 13 1 14 21 8 4 17 25 20 15 1 7 20 8 5 4 9 9 41 9 1 46 29 35 16 2 18 16 1 46 4 16 6 4 20 13 25 4 2 0 1 0 7 11 7 10 32 32 3 8 23 3 0 21 0 23 23 4 32 40 8 15 20 5 8 13 2 10 8 9 2
0 5 9 1 1 22 22 10 21 7 16 8 0 5 40 1 9 1 8 17 26 6 2 11 6 5 19 4 0 3 2 40 15 16 19 4 18 5 33 9 21 19 25 53 9 18 0 11 21 50 4 1 26 11 5 5 23 0 38 1 4 35 22 5 2 29 25 2 24 11 21 2 23 0 8
6 0 2 18 16 5 26 0 16 10 0 14 34 25 1 7 8 5 4 3 9 17 21 0 18 26 4 6 4 15 21 0 81 16 48 10 25 1 1 9 18 10 30 12 7 1 8 4 20 26 6 7 7 80 21 0 10 9 20 7 17 10 13 3 22 7 13 38 3 7 4 10 1 13 4
17 4 16 15 2 4 10 9 10 4 5 12 7 0 13 0 9 2 14 16 3 0 45 0 10 26 17 19 0 30 15 1 12 16 2 69 6 3 34 0 14 24 0 9 0 9 56 21 9 39 17 5 24 15 26 13 12 27 1 4 7 1 30 22 2 4 0 37 24 33 3 0 4 17 14
12 1 12 19 0 1 2 4 2 51 36 1 22 25 5 15 5 38 30 6 18 8 13 24 29 1 4 13 6 18 15 1 30 6 23 5 39 0 31 33 14 0 1 0 12 31 25 3 4 5 0 10 23 12 2 2 14 8 44 20 26 2 6 3 0 7 20 22 1 6 7 16 0 35 15
6 41 17 10 2 4 6 0 8 15 9 89 20 1 5 8 4 19 14 2 43 2 6 0 27 16 26 12 53 2 8 18 16 8 11 0 1 28 2 9 12 3 13 6 6 26 8 6 14 3 4 22 0 58 1 13 3 20 23 1 5 2 35 1 5 15 13 9 15 0 44 15 4 25 2
1 7 9 9 22 31 6 2 13 20 18 0 8 3 3 1 20 5 15 0 0 3 6 28 8 10 6 0 15 26 17 36 29 11 0 38 29 20 9 0 8 7 37 17 4 3 0 1 9 8 5 2 37 24 13 24 19 23 2 23 6 3 19 3 52 32 4 1 22 7 32 20 13 24 12
2 6 13 13 14 0 0 14 7 8 11 2 25 3 16 33 5 12 2 24 9 11 7 2 3 2 13 3 2 16 36 3 56 40 4 7 1 14 3 0 2 63 6 20 10 2 6 6 7 11 36 60 3 11 3 2 0 18 18 7 50 5 71 32 20 16 2 0 3 34 20 5 6 0 3
4 13 1 17 6 5 24 15 31 4 8 4 3 19 23 19 17 0 39 4 64 33 2 22 5 1 17 3 0 6 6 0 15 15 17 6 13 22 11 59 9 2 23 49 7 14 1 3 11 15 21 18 1 10 13 0 3 10 8 5 14 22 16 29 4 19 4 28 18 1 8 9 5 16 11
27 40 43 3 1 28 4 3 6 22 21 0 7 24 29 7 13 17 5 2 11 5 3 1 3 39 12 35 8 8 7 5 10 2 0 14 7 17 48 5 0 3 6 16 2 36 6 7 88 64 2 4 17 5 13 6 4 0 8 2 2 8 51 17 2 21 7 7 36 1 0 8 1 1 7
17 8 4 6 7 16 17 0 36 3 3 8 17 24 6 33 68 20 0 0 6 3 3 11 0 10 6 2 4 3 47 8 77 21 1 1 4 63 21 1 0 4 22 19 21 5 0 14 29 33 1 24 11 30 16 7 25 17 15 1 10 34 2 27 5 0 7 2 15 0 4 0 7 5 3
20 1 11 0 31 6 76 38 6 16 4 22 17 20 1 44 2 6 15 11 30 5 7 2 9 5 8 4 0 41 0 10 5 1 5 21 11 4 0 4 6 0 23 4 4 3 29 6 0 1 5 5 2 11 8 47 9 6 30 15 23 8 30 11 4 7 44 30 9 29 24 1 2 36 9
1 8 6 4 41 15 3 5 37 13 13 16 12 29 7 9 5 8 19 6 18 9 12 29 74 24 19 23 13 9 0 5 2 37 1 7 9 4 5 8 1 0 32 8 38 0 6 1 1 15 24 17 0 13 10 26 4 9 3 15 1 22 6 8 0 26 39 17 8 7 3 5 1 39 30
15 0 6 19 15 12 10 11 2 6 0 16 65 17 0 7 27 8 50 16 1 5 15 3 2 2 1 17 12 39 6 19 11 4 5 32 7 14 7 9 5 2 19 1 7 14 2 1 7 20 26 2 13 12 16 12 3 6 3 89 18 10 5 13 0 5 30 4 17 13 1 40 33 31 7
33 3 5 1 4 14 0 18 30 16 4 24 3 17 6 28 1 23 5 38 20 13 21 11 17 9 17 6 7 11 43 11 20 37 3 1 1 50 0 0 29 16 5 50 0 1 13 11 2 14 23 21 3 0 1 10 0 18 1 83 6 21 2 2 1 17 12 4 22 6 2 1 9 22 1
15 0 47 11 7 4 14 14 5 19 0 4 9 5 22 4 11 1 28 1 5 9 31 15 5 23 11 35 6 17 2 18 8 7 6 7 11 18 5 14 31 9 14 21 14 42 22 54 41 4 9 0 2 40 4 7 5 2 0 9 32 5 21 0 0 10 49 10 19 6 0 1 7 6 30
10 52 10 2 33 72 24 34 27 5 2 9 9 1 0 7 2 3 4 7 11 18 1 20 28 15 29 0 0 3 5 29 5 14 22 3 21 25 5 4 6 19 8 12 4 29 26 4 42 6 2 14 0 14 14 3 17 32 1 2 11 11 2 19 10 1 7 41 2 25 4 2 2 4 33
-1 26 4 23 17 8 23 23 4 1 26 4 17 5 21 27 2 14 31 1 0 1 8 12 4 3 33 13 8 2 39 2 39 24 9 5 12 0 50 1 3 6 2 50 23 41 10 3 19 15 25 14 11 2 0 24 4 2 22 8 10 42 0 5 4 24 12 1 12 2 31 1 1 0 30
2 8 36 3 2 0 17 32 0 8 35 8 2 2 15 34 4 24 6 15 3 5 2 15 11 6 18 1 30 20 6 31 4 0 29 15 0 10 13 11 17 3 26 8 16 6 2 8 10 28 11 10 11 5 9 23 46 26 20 0 16 45 13 10 9 15 0 15 2 29 6 16 7 40 9
37 1 25 4 29 26 4 56 34 3 11 6 1 17 4 11 17 10 0 5 1 3 17 13 7 0 10 10 12 10 1 17 9 30 8 12 45 32 75 7 8 19 3 1 0 13 4 3 15 4 24 2 4 11 66 8 1 9 3 7 16 10 1 0 20 8 17 0 8 12 3 24 37 6 13
5 3 9 7 4 17 22 9 69 19 11 11 6 17 79 1 0 16 18 13 5 7 5 17 17 9 31 0 7 7 0 40 5 12 25 8 19 16 21 24 4 9 11 5 4 7 9 16 24 5 3 19 11 3 34 15 10 17 7 15 3 5 9 12 21 6 17 39 2 6 7 16 6 5 7
9 56 2 12 6 40 8 0 8 31 5 3 14 3 30 6 6 26 6 5 30 2 14 5 4 0 17 4 18 7 0 6 13 1 13 6 3 3 20 3 5 26 20 16 18 32 0 6 24 6 1 58 42 4 31 9 73 6 12 4 2 4 24 20 0 15 7 0 0 8 11 15 7 25 24
