25 75
2 16 1 6 10 12 41 2 62 14 12 35 0 6 0 0 2 2 0 27 2 58 13 1 1 2 2 4 17 67 21 22 10 20 3 18 35 7 25 2 9 21 6 2 3 1 36 15 7 27 4 8 15 15 9 18 3 10 3 13 4 14 3 0 32 12 25 37 20 15 16 2 9 4 2
3 0 14 14 24 9 2 59 12 22 13 17 1 4 10 21 23 6 18 49 7 5 7 25 0 0 54 5 1 16 8 11 2 7 6 4 7 2 22 0 3 2 13 0 28 0 15 19 12 33 1 13 6 10 68 12 43 0 20 1 26 20 8 34 21 14 6 9 6 6 6 18 9 7 1
41 4 0 5 18 45 4 16 64 8 32 8 7 32 2 2 1 38 7 15 4 14 31 15 7 21 22 19 5 0 3 10 7 3 21 1 19 2 17 0 0 7 31 9 28 33 7 19 29 17 0 10 10 9 2 7 11 39 6 11 15 6 6 25 2 1 11 8 11 29 10 6 5 7 3
16 14 3 15 68 19 1 31 7 13 5 35 7 0 13 13 0 16 5 9 10 3 2 15 20 18 0 9 23 46 8 15 9 17 12 5 2 10 1 1 20 15 1 19 4 12 0 13 21 36 7 1 2 32 4 11 5 13 0 1 9 0 14 39 18 24 4 3 1 51 40 13 23 27 1
15 15 3 9 6 2 7 11 2 4 6 5 32 8 9 6 32 36 11 13 17 6 27 6 7 4 13 6 12 65 23 1 9 47 0 0 6 7 33 1 56 6 2 5 36 8 1 0 5 25 24 22 26 9 9 5 5 0 20 24 16 1 11 14 36 7 30 6 9 16 2 4 8 0 30
13 30 2 4 6 3 40 8 14 13 17 62 13 20 12 18 30 13 12 7 14 15 5 18 0 8 4 1 16 20 27 7 17 1 1 14 15 23 60 12 1 7 33 5 3 48 24 5 31 2 10 6 17 8 26 2 1 1 22 22 5 4 11 10 0 0 7 8 20 9 4 4 22 0 7
2 7 0 0 25 17 0 17 34 7 26 23 2 21 46 4 7 3 1 1 9 35 21 6 25 0 5 2 0 11 1 4 21 1 9 9 19 32 8 7 15 7 47 14 20 23 13 4 1 12 7 0 3 11 5 20 31 51 28 48 12 40 10 3 6 3 3 1 22 5 33 6 0 10 18
0 3 12 19 29 24 8 13 2 24 0 13 15 14 13 2 4 13 10 11 53 6 27 2 4 8 11 20 30 27 2 13 0 21 8 20 1 0 28 7 61 13 38 6 21 49 10 31 11 4 3 13 7 14 3 9 1 6 6 0 1 23 16 0 2 13 26 7 4 2 25 21 22 12 3
14 5 14 5 4 3 6 40 4 11 11 24 0 2 3 16 11 24 4 11 2 0 5 1 11 1 16 12 28 2 1 1 31 28 11 52 4 19 11 10 15 4 9 6 8 9 1 2 23 18 4 35 7 4 16 42 19 53 4 52 44 0 4 23 41 6 8 19 7 17 16 7 14 2 3
2 3 3 33 10 20 10 5 7 33 3 9 22 4 11 6 10 5 34 11 54 4 14 26 10 25 23 15 5 7 10 13 0 13 19 15 4 32 10 15 4 9 9 0 10 30 3 57 4 15 2 17 6 33 5 2 0 2 3 12 6 11 66 13 10 10 10 14 4 11 2 10 34 2 19
20 0 11 0 9 0 14 2 4 1 78 90 0 8 13 6 0 28 1 45 8 0 16 8 0 0 6 3 28 0 9 13 16 22 2 1 17 7 12 31 8 24 1 17 12 9 5 2 3 38 0 9 1 7 4 12 20 18 36 0 21 30 38 3 10 23 5 3 12 6 13 29 37 7 8
10 0 32 3 24 13 1 42 9 5 17 26 17 10 23 29 6 25 16 10 15 9 2 16 6 23 0 6 43 31 2 20 9 3 3 3 30 17 50 18 1 15 2 2 0 3 0 3 4 34 14 10 20 29 4 0 3 2 11 7 2 3 1 0 12 27 39 17 31 2 14 49 12 0 3
24 33 24 24 26 1 0 0 5 9 2 12 27 16 2 48 2 2 15 5 0 2 17 2 7 5 15 19 0 9 14 10 0 11 4 8 6 3 0 27 1 15 12 16 19 10 35 0 4 4 63 0 0 25 44 0 8 22 0 1 21 11 0 11 23 5 2 24 25 21 43 8 15 16 60
16 33 0 30 8 21 4 7 0 28 75 8 3 1 18 0 7 16 0 4 3 1 41 18 8 16 0 7 27 31 9 6 4 6 4 38 6 59 31 8 12 7 25 4 24 25 9 14 10 16 10 11 8 6 4 12 3 13 10 2 1 3 37 11 1 0 4 15 18 3 6 17 15 38 4
1 7 16 12 13 16 0 40 3 8 1 0 37 18 1 18 28 18 42 8 4 2 2 38 2 23 11 36 5 13 21 4 13 18 11 3 6 45 16 16 4 10 10 5 16 7 44 1 5 1 7 3 30 0 2 28 4 13 5 5 17 9 2 25 0 9 5 11 12 9 0 42 47 20 16
13 12 7 2 17 6 28 17 1 17 18 2 2 25 60 7 6 26 28 29 10 19 2 4 3 2 1 32 6 4 18 7 23 32 20 12 3 7 32 3 14 5 13 12 8 23 19 4 5 39 2 7 22 6 1 3 0 11 35 55 4 14 3 26 15 2 6 10 7 3 0 23 0 12 28
25 17 19 27 10 14 4 19 31 17 6 7 5 4 4 0 11 1 5 29 0 11 33 1 1 11 26 7 73 2 2 0 8 15 8 13 24 19 6 4 12 12 3 14 27 13 57 5 22 2 45 15 23 10 19 28 3 3 23 6 5 11 33 1 4 1 6 8 8 13 0 6 4 21 18
3 0 12 17 6 4 17 3 9 2 1 38 0 18 9 14 15 3 8 29 47 14 5 5 54 2 21 5 6 21 3 32 21 14 14 32 12 26 28 10 11 3 2 34 6 29 3 14 4 9 16 8 4 0 8 26 10 4 1 1 18 37 9 8 1 9 32 21 26 4 9 30 6 2 15
16 6 10 10 10 11 4 0 17 7 3 20 3 3 26 3 31 1 20 3 7 26 4 1 32 19 2 6 6 2 42 10 8 15 21 1 19 79 2 15 36 7 18 52 0 20 9 3 6 11 5 4 18 22 4 12 26 4 5 8 28 19 2 4 5 5 1 11 9 13 18 64 17 5 8
2 0 10 36 14 21 2 22 5 9 10 43 11 1 7 26 25 3 16 1 8 43 2 12 7 41 25 14 8 16 1 15 21 17 16 0 19 4 13 10 17 7 6 0 38 19 15 19 22 25 3 9 4 3 0 21 8 28 1 8 5 28 3 12 25 0 6 0 10 24 9 12 5 19 33
31 4 163 32 2 1 9 8 9 5 19 6 22 16 22 15 1 8 16 7 4 1 45 1 2 27 0 0 6 7 2 2 23 3 6 13 3 8 12 4 9 18 5 6 5 3 4 26 13 13 8 7 7 29 2 3 31 7 14 32 0 0 20 49 3 1 6 10 30 8 9 21 12 10 14
29 31 9 1 1 10 7 13 1 4 11 3 0 15 7 8 73 9 2 12 11 6 3 1 15 25 20 17 9 18 8 8 24 16 5 28 2 4 22 71 15 2 22 13 6 4 8 7 3 7 21 4 23 18 2 2 2 15 21 10 18 4 8 41 12 33 4 14 25 9 10 24 4 17 13
1 1 9 0 6 5 0 3 9 7 2 19 7 29 4 6 13 13 7 2 33 35 10 10 33 9 13 2 7 27 2 7 12 23 47 1 0 6 7 0 30 2 0 2 2 35 10 66 9 11 21 16 4 6 16 15 9 24 3 30 47 7 19 0 8 62 18 11 6 13 48 4 10 0 9
19 1 2 2 9 62 6 11 3 31 31 47 3 15 9 5 15 25 14 26 2 8 15 33 4 17 18 8 31 6 25 25 32 1 2 11 6 11 30 18 7 4 13 33 9 38 8 9 4 7 15 2 6 0 6 10 6 3 0 2 14 13 7 5 7 32 0 3 0 12 33 1 9 36 7
38 1 20 31 85 18 0 6 14 6 45 1 14 2 2 5 8 5 13 18 1 19 10 4 2 1 10 10 11 10 15 2 28 1 92 4 13 4 11 11 17 41 47 6 7 14 9 0 15 12 11 0 17 0 31 6 0 18 9 5 13 10 18 2 13 15 15 0 4 4 8 22 14 3 3
