25 75
-1 4 14 5 1 5 11 28 28 10 7 0 28 4 2 1 34 13 8 23 3 2 5 35 2 1 10 31 12 25 28 80 2 16 95 8 29 18 1 25 22 6 7 11 31 6 51 2 8 4 13 4 14 1 16 9 6 12 0 1 10 1 4 1 18 2 9 9 3 0 18 6 30 2 10
-1 5 23 10 8 12 11 3 97 23 51 2 1 0 0 1 22 6 32 2 10 5 4 31 9 8 37 9 2 30 37 14 3 8 2 15 9 22 3 10 12 1 7 31 7 13 13 4 32 5 6 3 28 18 6 13 11 17 11 30 5 12 38 15 6 0 11 17 1 3 0 10 5 11 22
8 6 15 1 6 11 1 10 1 10 4 1 3 4 28 13 7 74 7 6 52 3 12 29 2 5 15 0 1 12 24 1 4 25 24 5 19 10 14 45 15 33 5 3 0 12 2 10 26 44 10 0 0 10 31 1 26 4 5 30 22 37 27 8 11 15 17 5 15 1 19 6 21 5 6
5 0 8 4 43 6 7 7 4 8 1 5 12 5 10 20 3 16 12 21 10 1 15 7 4 16 7 14 11 32 7 6 0 48 0 0 52 11 9 52 10 37 39 3 6 6 0 9 2 13 34 0 8 9 1 1 35 10 8 35 13 6 15 6 8 11 15 12 19 26 3 16 15 48 22
0 24 13 13 1 2 13 87 1 2 19 7 10 7 11 17 20 29 22 17 1 14 9 17 12 6 42 24 1 15 0 13 3 0 5 0 1 7 0 35 1 0 18 63 23 28 1 9 4 7 7 4 14 21 18 83 3 9 4 3 1 3 20 30 4 15 3 1 13 18 4 17 9 0 22
1 4 26 4 62 1 0 14 14 2 10 6 15 4 11 1 31 17 20 15 11 63 0 5 13 10 2 1 10 27 55 13 28 5 0 9 27 4 4 11 2 1 14 5 21 2 7 34 0 6 3 36 6 27 2 24 2 53 7 18 2 0 11 25 19 1 29 0 4 8 7 8 47 10 3
21 16 15 4 66 13 1 14 14 0 4 0 3 24 13 7 9 28 6 19 3 14 11 1 5 8 35 11 9 11 7 24 48 33 16 16 8 1 17 12 4 2 76 6 0 11 20 18 6 2 6 14 1 16 18 15 25 8 24 9 12 21 6 6 24 2 6 13 1 0 4 37 1 6 13
7 20 7 50 14 11 4 17 8 4 9 13 0 7 24 8 2 5 2 1 14 9 5 4 33 24 3 2 4 3 11 10 0 2 10 1 3 29 11 0 13 2 1 0 24 9 37 1 53 21 60 1 8 11 29 4 1 5 10 44 2 0 4 33 56 0 23 63 18 0 4 12 0 48 12
-1 41 15 23 57 34 37 17 23 6 23 23 2 4 3 10 10 44 3 12 3 7 20 0 4 17 16 14 12 1 34 4 0 7 21 13 9 5 27 15 11 10 3 11 1 2 31 1 4 1 20 2 11 8 1 11 28 28 11 14 1 7 24 22 9 10 9 12 8 21 4 1 15 0 33
0 15 10 36 4 16 11 74 26 2 5 34 13 5 11 11 13 13 8 1 11 17 63 9 6 37 10 13 4 2 3 2 5 22 26 21 4 0 16 31 10 3 2 5 38 1 17 6 3 7 14 1 28 7 0 12 13 11 10 24 8 1 6 9 2 7 28 11 3 3 28 2 32 13 25
6 5 12 18 8 20 0 11 29 25 2 11 21 36 16 7 67 15 2 10 20 13 3 0 9 16 1 6 14 1 30 14 1 14 36 1 17 4 20 10 1 6 14 2 3 7 16 8 2 17 29 1 13 16 31 2 38 36 11 28 12 24 36 17 11 4 2 7 4 12 25 2 5 0 7
48 13 4 4 39 20 39 12 29 1 68 24 26 2 19 9 8 15 1 7 14 1 8 25 6 5 3 43 25 15 0 9 3 0 9 6 4 6 4 1 6 6 1 16 10 12 15 17 14 4 1 25 23 15 1 5 2 29 14 0 10 32 8 3 16 0 9 2 0 55 7 26 20 12 9
14 10 7 0 4 2 14 8 21 2 50 11 6 22 7 2 29 13 16 48 3 13 44 4 3 8 13 3 31 0 20 0 47 1 12 10 7 3 12 15 48 5 33 5 16 20 12 9 5 5 15 1 2 34 46 10 21 4 1 1 2 34 2 6 8 0 8 10 30 8 12 10 8 33 1
4 13 23 3 3 10 12 10 15 27 9 5 10 28 19 25 69 10 13 0 5 3 1 0 7 10 1 46 9 0 8 20 14 13 6 3 10 50 16 5 3 18 11 6 22 41 3 6 7 6 3 26 0 7 12 13 3 33 26 9 10 35 22 8 1 0 8 12 5 27 7 26 29 14 6
0 22 6 4 0 2 12 16 1 29 9 25 8 3 20 8 55 14 13 11 1 6 1 43 36 16 20 21 10 26 2 1 31 6 1 22 10 21 3 35 12 1 3 0 0 5 20 28 36 5 7 0 24 12 45 38 13 3 2 12 10 15 0 15 11 10 1 0 16 4 26 27 2 9 18
10 17 9 11 9 0 0 6 26 51 35 1 10 9 7 32 3 1 1 16 5 8 10 0 39 20 8 9 51 3 18 19 10 13 10 5 3 20 23 6 26 7 36 45 5 11 14 14 8 6 11 1 11 0 0 35 31 10 1 18 24 15 50 0 0 0 12 11 8 33 5 6 6 0 6
-1 20 1 7 17 3 4 5 11 4 6 8 2 25 1 4 26 4 0 4 6 65 9 3 11 44 18 27 28 1 14 4 16 14 19 24 38 20 26 12 13 7 12 14 7 10 16 4 29 12 20 12 20 13 10 4 2 5 1 10 8 33 24 0 17 12 22 5 0 4 27 31 1 35 10
6 6 11 12 5 0 3 3 22 34 0 23 1 48 0 7 5 29 9 19 5 11 2 0 8 9 3 1 3 16 14 32 26 33 16 1 14 8 0 3 1 19 4 0 47 7 0 10 6 17 5 1 9 19 12 54 36 3 17 9 20 12 0 21 32 13 34 7 29 20 9 13 0 12 54
3 0 9 7 13 4 5 8 0 23 5 22 12 16 7 26 9 13 33 6 17 0 41 3 19 0 10 5 22 12 38 7 15 4 15 14 11 11 0 4 11 3 0 28 2 3 2 4 13 17 17 6 18 15 22 1 1 8 9 8 5 15 82 9 48 20 5 53 1 0 3 42 46 6 8
24 9 7 24 42 30 28 16 7 25 11 0 5 0 10 12 1 0 50 9 14 13 9 15 5 33 29 29 4 14 4 3 9 19 2 5 18 5 1 22 2 10 2 3 4 26 0 11 19 4 5 10 6 15 2 43 3 10 3 12 53 16 17 0 7 7 19 9 5 22 34 7 18 16 17
25 26 19 13 13 1 10 45 8 12 10 21 12 1 6 23 52 5 5 6 8 25 2 4 2 58 25 6 0 2 12 34 10 10 0 1 0 22 13 11 9 41 26 0 4 18 6 16 29 9 7 6 3 32 9 0 10 3 10 68 18 15 17 3 3 18 12 9 6 4 12 3 7 8 1
9 3 7 37 17 2 16 5 40 48 0 25 2 6 0 11 20 3 13 6 0 1 4 11 6 5 35 14 34 20 5 0 9 11 29 76 2 2 6 6 9 0 52 24 3 10 8 0 43 26 3 1 4 34 21 1 5 1 9 51 17 1 2 44 8 0 8 16 12 16 0 12 9 3 1
3 2 29 0 1 15 6 3 32 5 9 12 21 21 23 20 2 72 8 12 3 0 10 13 4 5 11 3 0 79 3 17 14 1 11 9 2 12 5 8 19 6 3 5 17 18 0 46 12 0 12 6 6 8 14 39 0 1 5 9 28 15 6 7 0 3 23 20 4 4 1 71 71 2 13
16 10 1 11 12 14 4 12 9 23 15 1 1 1 10 19 4 2 0 21 7 26 4 24 29 5 1 17 11 26 92 43 7 4 5 13 18 3 16 2 31 21 51 4 1 9 5 19 6 0 4 35 11 4 10 1 39 5 1 7 21 12 0 14 4 7 10 0 17 1 20 24 16 2 49
18 7 40 15 11 5 55 10 17 8 9 1 2 3 2 38 31 9 0 10 8 5 21 1 3 41 5 5 2 7 1 7 15 5 5 8 12 22 19 13 3 5 19 12 16 39 10 11 1 47 0 21 20 3 18 5 41 23 1 1 5 5 40 12 24 12 16 12 9 1 13 0 36 17 6
