25 75
8 19 35 10 7 0 4 2 18 31 14 4 8 6 4 6 13 27 1 2 14 19 22 53 8 0 21 27 15 9 5 9 10 10 15 13 10 15 3 11 3 5 14 1 27 40 35 23 11 6 16 11 46 7 14 4 6 15 11 5 10 4 6 29 6 40 1 6 4 21 0 20 14 12 19
14 4 35 23 13 0 21 35 15 28 37 8 44 37 1 1 5 7 6 8 7 3 16 33 10 80 0 22 8 22 9 2 4 2 11 10 28 13 14 6 15 27 14 3 2 20 20 26 4 8 21 6 1 7 5 2 2 2 43 15 10 0 0 14 8 3 9 7 25 11 12 0 1 8 7
38 19 1 18 12 1 38 14 37 3 11 25 14 34 0 0 6 21 7 3 3 0 7 13 6 25 5 4 13 0 26 21 1 16 8 6 1 27 28 43 11 17 7 31 6 31 15 4 23 5 7 13 28 0 12 4 13 6 16 3 16 4 19 0 11 5 39 12 9 1 4 18 13 27 15
15 7 2 14 8 5 9 14 22 12 38 48 10 25 15 19 0 15 11 43 29 4 0 31 0 0 25 13 12 23 3 14 19 5 2 12 6 25 17 9 12 10 8 38 21 13 9 0 30 3 2 3 11 2 2 18 24 1 16 22 15 54 4 1 6 23 4 1 25 4 17 4 0 2 14
26 2 10 2 8 14 28 18 2 34 10 2 3 12 2 3 14 7 13 0 40 15 41 12 27 2 16 8 29 19 10 1 21 8 17 5 14 24 29 3 2 20 13 1 0 3 4 0 15 16 10 8 28 0 5 1 46 30 3 14 0 37 1 4 61 1 3 45 15 24 0 7 0 4 28
4 3 10 30 12 2 7 3 29 7 5 0 8 24 20 27 33 4 2 9 29 1 9 29 4 12 1 13 42 7 10 2 20 11 14 11 12 0 23 2 21 2 9 14 8 0 1 2 1 11 38 15 10 11 2 17 5 6 22 53 14 13 35 9 18 25 13 9 8 6 58 2 17 3 31
5 0 7 4 2 38 3 7 2 6 6 14 19 2 26 3 1 9 20 33 2 23 5 7 18 0 0 4 19 19 50 9 24 19 1 3 21 8 10 23 11 9 6 24 16 11 30 29 23 39 7 5 31 7 16 15 17 6 18 10 25 29 3 2 24 27 21 4 6 11 12 15 7 9 3
6 11 11 5 26 2 14 13 21 12 2 31 27 3 26 41 27 5 19 4 13 7 1 4 0 0 8 13 23 29 30 1 2 2 10 1 6 17 30 8 28 0 11 31 0 2 3 20 0 33 3 14 2 7 5 2 10 1 11 13 8 9 26 29 23 11 8 6 13 33 14 54 19 19 21
9 12 1 8 11 4 12 1 20 8 18 3 23 23 8 7 32 0 1 3 10 2 30 15 20 8 2 66 28 0 7 6 14 1 2 8 12 3 2 14 0 23 50 12 7 11 7 10 15 7 22 47 1 11 14 14 9 35 17 15 4 42 13 16 5 11 24 5 21 31 3 10 8 15 11
16 16 16 31 8 8 25 12 35 12 8 0 8 23 21 11 21 0 16 1 11 2 11 41 12 2 15 3 17 7 11 6 0 9 15 7 17 2 0 3 9 5 13 6 47 2 1 22 56 15 7 15 57 16 33 15 18 3 5 37 3 5 4 2 3 22 11 11 14 18 0 19 20 2 5
37 4 23 0 5 98 24 5 12 38 21 5 4 7 9 20 5 2 0 21 11 17 4 0 0 2 1 1 10 37 10 12 11 42 22 20 1 7 41 14 30 4 3 18 5 25 2 16 16 15 2 4 11 17 31 22 14 48 4 8 1 12 12 24 1 3 0 4 6 9 1 1 1 23 4
16 29 3 9 12 1 0 1 14 26 5 29 13 18 33 2 23 3 3 2 2 10 2 22 20 5 5 4 10 32 9 3 43 30 11 9 8 13 39 11 9 41 2 17 4 3 2 1 33 14 3 3 5 10 7 1 19 11 0 6 2 8 11 25 49 19 0 38 9 0 25 12 15 15 51
1 21 27 4 41 16 18 55 1 12 0 30 2 37 9 3 5 1 0 2 4 10 17 34 11 0 3 36 19 3 24 7 5 3 29 1 0 28 6 11 3 6 3 5 7 10 14 1 4 5 1 39 32 6 22 22 3 9 3 9 0 1 4 3 2 77 15 11 40 1 6 28 3 53 16
20 4 34 18 13 9 12 6 2 16 11 7 3 23 0 27 13 33 23 8 12 16 3 74 9 23 7 25 11 2 13 21 3 0 65 0 11 13 3 9 3 21 18 8 1 5 3 16 0 11 19 3 12 5 11 6 14 19 25 3 13 8 0 7 13 6 0 1 38 2 13 1 20 51 22
5 0 4 4 39 5 60 37 0 10 2 8 11 52 13 4 6 15 13 0 6 2 9 10 21 3 4 48 31 42 10 19 25 3 14 20 4 27 4 4 2 25 32 13 1 8 4 1 18 19 17 6 1 7 4 24 7 7 2 11 4 1 1 6 53 4 12 17 0 21 11 19 28 13 7
16 22 33 0 2 56 27 16 1 25 4 11 9 4 7 18 24 3 38 36 0 6 3 3 11 18 6 9 11 2 17 4 10 2 7 14 15 10 11 16 0 3 12 7 19 9 1 32 12 10 3 9 21 6 35 3 26 29 5 5 12 39 11 1 13 1 13 34 16 13 5 9 3 28 28
56 0 16 6 15 12 9 65 4 10 30 16 4 8 14 0 38 6 37 0 57 6 10 3 3 25 3 9 21 7 23 10 58 2 3 7 10 1 6 16 0 3 3 29 7 7 34 2 4 3 10 41 13 10 18 27 1 11 2 0 10 0 0 1 8 17 1 4 41 26 24 0 3 10 4
26 1 5 3 40 24 59 3 33 0 9 11 55 37 4 43 2 5 1 8 1 2 36 42 3 6 1 10 12 15 23 14 2 7 0 12 20 29 6 3 0 57 3 12 19 6 15 12 24 4 1 17 26 2 3 0 12 2 15 6 5 6 14 3 4 15 2 59 1 24 1 11 3 0 3
20 20 0 19 5 1 52 2 0 14 2 9 1 29 17 6 14 1 4 10 4 19 4 14 5 2 5 3 16 4 5 37 3 16 32 11 14 8 8 36 2 28 19 2 0 19 19 52 15 5 11 14 2 20 14 5 20 15 3 4 3 0 17 4 7 13 85 7 7 1 53 49 7 1 5
0 49 29 2 118 7 14 20 0 45 0 32 10 2 14 27 10 11 4 0 57 6 29 25 0 2 0 2 28 0 0 12 4 26 24 2 2 18 7 22 0 7 27 10 6 27 7 0 65 0 11 11 13 14 3 9 4 0 5 3 1 14 1 2 0 11 12 0 2 24 17 6 13 7 8
46 46 5 30 0 6 10 14 19 11 3 5 15 14 16 1 1 11 8 0 1 7 15 4 19 15 21 11 16 1 5 48 10 37 3 23 13 22 23 6 11 1 7 43 38 24 12 7 7 71 4 17 1 4 4 7 12 12 0 5 5 1 7 20 0 26 8 4 6 1 4 8 35 17 10
30 17 34 0 39 6 31 7 3 12 37 5 2 4 5 26 22 74 14 0 7 20 10 11 23 7 2 12 0 9 18 2 9 11 6 10 7 20 2 21 5 61 8 16 8 5 23 21 0 4 4 1 1 14 38 7 17 2 14 15 0 29 0 6 23 35 2 8 3 0 0 2 25 5 23
26 36 11 22 2 2 6 13 1 27 1 6 0 1 10 2 8 24 6 13 2 8 5 11 24 11 10 46 8 1 45 12 22 38 2 17 0 30 13 14 21 40 17 15 14 19 1 18 0 26 12 13 4 0 1 8 5 2 4 2 4 3 8 24 14 1 37 2 84 2 1 24 1 10 27
15 5 10 7 2 34 24 7 31 1 25 6 29 0 5 1 38 14 16 8 17 3 37 1 28 7 9 16 24 18 40 17 32 4 30 7 10 14 10 20 4 0 6 6 2 14 50 4 7 8 2 4 16 8 11 16 19 26 1 6 0 2 1 14 17 16 16 0 25 3 12 11 4 24 23
13 6 18 12 11 7 23 0 4 23 6 1 16 44 25 12 42 5 20 0 32 9 6 0 15 1 15 3 4 48 2 4 37 10 29 24 22 26 2 0 42 20 4 8 24 26 6 22 13 7 7 6 4 4 5 9 4 20 36 9 0 16 6 3 4 3 10 18 19 24 0 21 19 1 3
