25 75
2 11 23 1 35 0 17 20 24 7 5 10 2 8 18 13 6 17 24 1 23 1 32 10 2 0 0 9 8 8 2 54 10 9 26 0 19 7 0 20 42 3 3 7 25 20 13 3 9 8 17 40 9 5 12 19 6 46 7 13 4 41 14 2 19 1 35 9 2 3 12 5 12 12 38
2 13 5 15 2 7 6 5 7 25 3 8 37 10 8 1 1 15 0 23 14 11 13 18 4 32 9 14 28 25 28 23 2 5 45 18 21 23 27 11 11 7 6 31 8 15 4 21 2 3 34 6 46 4 3 7 2 2 26 28 11 11 30 1 7 5 11 3 26 33 8 6 2 8 8
2 0 15 11 9 8 17 3 54 12 0 4 53 1 13 1 0 6 2 19 19 18 4 37 13 10 4 26 35 10 15 24 6 6 9 1 7 24 13 12 1 20 1 15 0 16 24 24 3 0 27 7 18 20 12 7 3 18 22 11 44 34 0 5 18 2 10 33 1 15 12 12 22 9 11
5 4 7 10 4 80 25 21 9 41 2 14 13 9 31 7 16 10 2 17 3 13 0 33 43 40 2 2 5 1 20 21 0 3 3 5 26 1 32 5 21 33 4 3 6 11 5 0 15 1 2 4 8 2 5 12 0 8 8 13 6 6 8 24 3 0 105 15 2 31 0 11 3 24 16
20 8 48 4 10 2 0 22 19 1 30 7 3 4 3 5 17 34 11 2 15 4 1 0 9 12 41 1 10 10 27 1 25 23 81 23 23 5 26 0 7 0 11 6 41 22 10 4 0 9 6 9 34 3 3 33 17 0 6 6 20 9 1 28 14 7 23 0 9 12 9 13 23 10 8
11 14 3 16 9 13 23 6 19 6 42 2 2 27 20 4 3 50 4 10 13 54 3 1 3 24 2 8 30 3 1 3 5 44 3 2 14 26 2 4 50 8 15 0 11 60 16 16 24 10 35 4 1 22 9 1 20 8 2 29 36 13 3 0 11 6 3 6 13 0 19 15 2 1 2
7 16 33 15 5 0 71 19 2 1 8 14 0 7 54 5 30 37 7 11 18 5 44 9 34 22 0 12 7 3 6 28 7 11 7 7 7 12 11 6 6 5 7 4 15 5 24 30 19 1 8 27 1 28 34 23 30 2 7 9 4 6 3 33 30 11 0 1 6 1 2 5 5 6 4
17 4 6 26 12 54 19 7 14 1 0 15 6 5 11 3 15 3 30 0 8 18 14 17 14 25 9 1 6 17 5 3 5 13 18 69 10 20 9 12 6 4 3 25 18 8 18 4 13 9 0 11 45 12 5 12 62 28 14 8 2 8 22 11 21 4 0 7 6 13 22 0 0 14 24
5 36 0 2 39 0 8 6 10 49 22 18 0 8 11 16 15 0 17 21 22 35 7 20 4 6 2 19 1 7 2 15 0 29 3 6 3 24 4 3 32 2 14 27 10 21 6 13 4 33 9 3 19 11 13 5 16 23 4 10 6 7 8 17 21 12 3 35 2 40 8 5 49 5 12
15 21 27 18 1 5 5 8 5 10 12 19 20 1 9 18 19 18 4 6 0 6 6 14 0 12 4 13 5 10 16 7 4 2 0 1 6 15 32 0 10 30 21 5 1 17 40 3 41 11 7 16 54 12 10 5 8 0 18 3 10 45 8 26 1 32 61 7 3 20 6 36 3 33 3
25 0 0 3 3 10 14 11 5 1 0 10 4 13 9 11 2 8 41 4 9 41 7 1 19 2 16 1 14 17 2 5 14 0 5 27 34 3 37 20 40 1 24 2 48 16 11 2 17 1 1 37 1 6 6 18 25 43 44 1 15 3 6 9 25 11 37 0 3 9 16 20 35 15 4
-1 11 40 17 8 31 2 45 0 8 13 5 19 30 1 0 8 7 4 42 7 36 2 3 34 18 2 2 4 26 20 5 8 19 3 8 63 2 2 3 21 3 26 35 14 16 30 8 0 22 16 62 12 3 7 9 7 0 7 11 0 19 4 0 2 2 12 32 5 7 16 8 8 15 4
8 41 0 4 7 13 2 13 8 6 2 6 11 4 25 38 32 2 4 7 3 19 52 0 8 0 9 9 43 1 4 4 9 21 1 23 2 2 4 11 34 6 38 16 3 22 6 12 8 45 1 17 22 25 3 15 0 5 4 6 6 26 24 41 3 8 50 6 4 1 15 8 48 2 12
37 7 6 31 17 11 9 27 15 28 5 10 16 38 2 15 26 2 26 26 38 10 3 20 8 7 6 15 12 3 18 4 21 9 9 16 10 12 3 18 18 12 1 2 0 14 1 7 4 1 24 1 0 22 25 2 3 4 9 2 11 11 8 27 7 27 3 2 38 29 36 7 33 0 13
10 21 32 22 2 78 20 7 13 8 2 19 10 15 17 19 9 23 20 7 1 38 3 20 27 42 9 11 8 1 4 10 9 23 22 6 8 3 22 1 51 1 4 3 4 10 9 3 17 15 22 17 4 5 2 15 14 12 5 25 1 2 21 0 7 19 2 14 29 3 13 10 9 2 8
-1 11 18 6 32 13 19 12 3 4 35 5 26 25 1 18 35 11 3 14 4 5 10 10 7 1 13 3 30 15 0 22 2 25 21 7 3 1 18 17 2 2 17 6 13 25 5 32 7 10 17 39 2 5 0 9 3 34 0 32 13 0 38 7 7 49 1 25 12 0 0 8 4 43 29
7 8 12 19 44 23 10 9 5 10 14 0 11 2 18 3 11 3 43 0 1 4 1 28 5 10 5 11 24 8 6 25 1 1 4 24 13 4 5 15 8 21 24 70 11 7 0 4 19 0 23 7 38 29 7 6 6 21 11 0 11 25 4 3 18 7 16 30 24 55 0 27 8 6 7
39 1 3 9 3 6 12 1 0 4 12 1 17 7 1 21 6 5 80 31 27 30 7 8 7 1 17 5 1 7 1 5 9 21 49 15 8 17 21 1 10 6 54 6 42 16 15 9 2 7 60 23 9 35 0 5 17 6 5 3 4 5 7 12 28 0 6 7 2 0 46 26 4 0 7
2 5 8 12 1 8 3 18 14 8 7 29 2 17 4 7 22 16 2 7 13 34 0 32 20 10 14 12 17 4 8 17 16 7 13 29 7 56 31 7 14 19 13 13 7 23 1 54 3 13 10 11 2 35 6 0 14 36 30 2 6 11 13 20 6 13 0 11 8 8 15 7 13 0 24
10 10 9 43 19 6 14 25 36 3 14 45 10 3 26 1 5 8 0 0 16 4 6 3 13 0 15 3 0 14 10 12 10 27 16 42 25 3 1 2 33 14 6 78 6 28 17 1 12 0 18 12 7 10 4 9 1 9 2 11 19 15 76 6 15 28 2 8 2 16 1 0 5 2 18
2 6 5 1 6 14 30 51 11 64 9 5 56 5 24 5 2 9 6 9 3 24 1 36 16 5 10 14 20 0 32 3 8 24 0 22 24 14 1 9 4 19 2 5 38 1 14 0 1 6 0 8 1 9 12 16 12 9 6 45 0 62 26 14 4 8 22 13 1 9 10 11 3 17 6
30 25 29 12 13 14 1 13 3 16 35 10 29 6 10 0 10 1 15 6 2 33 3 7 13 8 2 28 6 17 1 3 0 3 0 1 1 0 8 0 14 17 0 20 25 70 24 5 2 2 68 16 23 7 0 22 4 8 7 7 18 4 1 1 28 13 40 59 19 6 12 2 5 25 12
7 5 14 1 0 21 4 14 20 5 10 2 6 7 26 10 1 52 8 2 1 4 13 2 1 76 4 26 18 6 1 0 2 22 0 10 10 90 1 3 0 21 19 7 0 14 4 13 10 7 45 6 26 0 56 22 4 1 20 6 22 5 4 0 33 1 24 30 7 25 10 29 6 4 14
20 9 9 14 15 3 14 1 2 12 25 6 10 9 1 15 33 6 13 19 35 6 10 26 4 0 8 34 19 10 7 9 64 15 3 4 38 53 11 6 16 0 1 2 7 3 0 0 8 0 2 24 6 38 30 18 56 33 1 7 18 8 16 6 12 3 6 8 4 17 7 30 1 8 6
3 5 10 31 5 10 2 27 0 37 7 4 12 7 39 4 1 25 26 17 3 8 13 13 14 41 34 16 26 8 11 5 0 9 2 0 11 6 3 1 3 9 67 14 7 0 13 16 24 12 11 14 21 9 27 14 14 23 3 1 36 1 26 5 10 3 17 38 14 9 3 9 19 6 6
