25 75
7 3 2 55 6 25 1 1 28 1 19 0 14 3 18 42 22 0 15 1 11 33 10 8 8 39 5 9 1 8 10 18 27 34 4 11 21 2 3 3 5 8 39 1 6 54 35 3 0 6 3 22 2 2 43 12 2 0 61 21 6 17 9 4 4 32 7 2 0 3 28 11 17 5 2
2 4 42 25 1 16 12 13 26 19 18 1 17 23 37 5 11 34 19 1 7 2 5 14 22 1 16 18 0 3 9 1 2 3 11 10 1 0 33 24 5 11 9 5 42 3 38 11 2 1 14 19 39 8 3 13 20 4 12 18 4 39 12 7 7 30 19 3 5 3 5 15 0 11 55
1 11 16 31 9 30 10 7 16 20 21 2 28 1 35 2 14 1 4 18 6 22 10 5 18 3 5 10 22 37 0 20 5 10 28 7 0 4 52 13 10 6 0 4 1 5 7 7 10 30 0 31 33 17 1 18 42 4 7 14 14 5 21 11 7 25 4 9 19 18 0 38 15 10 3
5 6 17 18 1 6 27 8 0 35 1 2 0 16 12 21 30 11 23 1 41 16 3 46 13 15 20 39 8 18 2 29 8 6 17 43 4 3 4 7 17 0 6 29 6 14 15 34 2 35 9 12 26 0 17 24 4 11 8 20 2 4 12 2 5 30 16 16 6 2 0 4 11 7 12
3 14 7 8 6 2 7 29 0 9 9 1 0 12 7 1 28 4 1 2 10 1 24 5 28 40 6 36 33 0 4 8 33 5 52 35 1 6 12 34 1 81 23 6 0 7 9 6 8 11 1 38 9 8 11 5 14 0 2 15 1 9 23 13 18 13 25 9 32 10 4 2 18 17 28
41 6 0 1 2 2 2 5 4 3 10 6 4 1 6 3 17 12 52 59 14 31 4 9 11 12 13 10 17 25 16 24 29 4 1 6 41 29 6 4 1 4 21 5 7 15 17 6 23 18 33 9 5 20 52 13 3 26 6 7 12 26 2 9 15 3 1 4 46 14 6 0 5 7 17
4 18 22 24 6 4 16 4 55 2 32 17 17 8 7 12 71 45 18 13 3 4 4 10 7 12 1 2 3 1 5 0 10 4 7 2 3 34 9 9 33 10 5 71 11 11 26 1 3 10 31 8 3 5 4 11 1 10 6 1 0 22 3 25 3 9 11 26 19 6 45 6 31 5 3
35 6 5 29 1 7 6 0 18 31 5 19 17 18 15 11 56 3 0 0 8 23 1 9 1 2 0 25 19 9 25 3 7 5 6 7 1 26 4 18 13 3 45 81 3 17 7 3 0 0 51 27 0 0 16 6 20 18 4 27 9 8 0 37 5 11 22 24 13 3 5 1 11 16 13
3 0 21 2 5 2 26 8 8 4 1 3 24 33 15 39 12 0 6 0 4 7 0 13 7 7 9 26 13 18 3 11 5 13 15 16 8 4 6 33 9 7 29 3 10 20 0 1 1 86 5 21 5 18 30 11 4 5 2 26 19 9 34 4 24 22 5 0 14 4 25 6 7 51 53
34 10 0 9 16 11 18 11 31 32 0 3 48 2 13 0 34 1 3 14 0 14 12 5 15 7 3 17 14 8 4 2 14 18 27 14 22 2 8 19 7 0 9 22 21 9 10 13 17 1 19 6 5 11 60 19 20 11 2 12 4 6 4 32 4 10 20 3 17 1 15 8 9 40 38
4 5 38 7 10 16 12 12 7 3 5 20 13 3 11 2 37 5 3 15 15 57 10 41 6 19 5 32 24 33 1 16 23 7 7 4 4 12 1 4 30 5 9 22 1 11 43 0 1 2 12 33 30 1 4 19 7 4 10 40 5 0 19 0 12 25 2 1 31 17 23 1 12 8 11
6 19 7 28 2 13 4 30 9 16 9 9 4 5 31 3 9 20 0 1 23 5 16 1 29 2 32 13 5 3 8 4 23 3 25 13 5 18 1 15 14 3 18 0 38 16 26 32 6 34 0 22 24 34 2 9 13 8 6 38 16 10 14 1 28 0 3 22 17 0 1 4 2 7 63
79 2 20 8 5 2 0 27 58 13 4 12 11 0 0 14 14 0 12 21 7 22 2 6 11 5 0 22 39 13 27 5 3 41 16 3 28 7 42 13 29 7 13 8 26 29 0 6 15 1 1 16 24 14 1 1 15 3 33 8 14 0 5 1 11 18 1 1 4 0 0 3 43 24 11
16 5 5 0 9 2 0 19 14 10 1 11 9 6 17 10 14 13 7 39 4 4 13 3 3 8 13 8 5 11 8 23 1 4 0 15 19 28 25 2 14 9 1 9 11 22 22 3 35 1 4 15 5 1 9 1 7 45 10 3 20 12 13 0 23 111 70 4 8 5 17 46 7 12 21
0 26 19 4 30 2 27 15 34 1 5 31 0 5 10 22 3 13 5 35 0 15 17 42 2 12 2 3 2 11 5 36 0 15 6 39 14 1 18 43 10 19 0 8 20 2 3 13 11 44 7 8 5 49 0 12 5 8 29 19 29 5 4 27 7 2 7 13 5 3 10 12 5 6 23
6 5 13 16 2 9 12 60 8 5 1 6 0 13 4 0 13 0 13 2 11 15 3 13 31 14 12 4 50 11 16 42 23 11 1 1 11 23 7 2 13 16 2 38 19 0 3 9 23 0 5 6 29 56 3 5 0 24 15 0 2 39 2 0 4 24 10 22 3 26 43 44 2 15 9
9 1 28 5 37 33 31 6 16 23 13 15 4 17 12 2 26 14 32 3 9 30 10 20 2 1 30 1 4 40 13 9 2 8 24 2 8 4 13 11 2 32 6 20 21 3 0 5 3 7 3 12 13 1 33 2 21 27 5 0 4 16 6 9 0 14 17 85 10 2 9 1 24 17 2
-1 19 6 6 22 12 2 6 2 45 21 16 0 3 5 12 4 33 12 63 4 1 2 8 11 29 15 3 11 9 9 11 24 11 20 42 12 8 17 6 21 4 49 18 6 3 26 9 3 11 3 8 12 3 35 0 1 17 1 17 6 1 3 57 5 50 8 14 19 25 2 0 20 0 2
16 7 7 2 37 5 21 51 46 5 23 9 15 32 0 2 1 1 6 6 15 43 20 29 15 1 64 23 19 21 3 1 8 21 0 1 18 0 5 1 10 1 29 17 32 14 9 12 10 12 6 4 4 2 4 17 4 8 8 4 25 10 14 7 17 27 8 22 3 10 5 13 8 12 12
17 21 12 45 4 4 6 1 7 5 12 6 1 2 3 10 10 42 5 21 18 62 9 22 5 16 3 17 9 14 33 11 6 20 7 21 4 1 5 23 8 19 4 14 4 10 1 16 2 14 12 14 29 4 31 9 3 2 25 27 18 29 25 9 0 66 0 17 10 17 4 1 5 0 11
18 5 16 4 1 27 36 7 4 6 6 2 0 15 1 9 6 4 3 26 0 8 0 6 1 23 5 13 69 9 33 22 12 24 9 8 15 10 2 3 33 11 13 1 2 1 35 2 26 8 29 2 9 15 12 1 11 0 14 6 10 20 22 23 14 22 20 27 38 35 6 47 1 2 14
16 1 19 7 23 15 48 2 2 23 20 7 18 14 20 4 29 49 28 14 28 23 6 0 7 20 20 13 4 1 14 8 7 10 4 3 9 22 1 1 6 30 0 12 4 4 14 1 6 15 8 7 1 10 19 31 7 11 6 54 13 1 10 17 7 22 48 4 6 4 30 4 13 8 7
3 28 8 0 12 20 20 15 4 1 6 14 5 2 8 21 22 16 27 2 4 17 7 3 3 20 44 11 26 1 5 23 3 25 20 28 6 18 11 5 6 15 20 1 0 0 11 33 12 19 68 57 22 15 6 1 48 0 0 0 0 21 6 9 10 19 12 6 5 21 14 7 7 1 14
34 4 55 8 0 2 48 6 7 20 28 9 1 13 1 18 52 5 6 0 13 24 16 7 2 3 7 10 6 0 3 6 15 36 13 3 0 9 34 7 8 10 35 1 7 11 8 26 1 13 5 0 22 58 9 2 4 26 1 19 1 8 6 20 17 25 5 24 36 2 6 1 32 7 13
19 18 33 16 0 1 0 0 20 1 7 5 1 8 6 11 10 1 42 30 21 10 34 3 22 7 5 0 3 3 0 51 38 31 67 1 7 0 7 0 2 31 2 1 19 48 22 14 29 1 18 47 11 4 14 0 5 8 18 16 14 4 16 5 36 8 16 1 5 4 2 16 12 8 4
