25 75
14 9 1 1 3 18 16 19 7 33 13 60 2 12 1 10 4 6 1 1 7 2 10 4 31 7 12 21 16 5 0 10 11 17 0 9 2 13 14 17 34 5 16 6 4 9 48 24 9 10 55 1 11 9 0 10 8 5 12 46 10 19 16 13 24 39 12 11 5 19 5 15 9 14 28
-1 4 0 3 5 9 0 30 89 20 4 0 9 6 1 3 24 1 25 9 1 16 4 22 27 11 6 12 1 9 48 0 36 5 12 12 7 18 15 6 4 11 4 1 18 0 5 19 4 8 8 3 13 22 4 14 1 26 12 23 2 3 84 59 9 33 6 49 1 0 13 15 10 2 5
3 7 7 10 9 2 5 9 5 3 14 6 14 15 15 4 25 13 4 1 27 19 0 23 17 9 19 17 11 4 6 14 20 10 32 2 6 10 11 16 37 5 11 40 7 15 19 3 30 1 17 5 18 4 3 4 0 22 2 28 34 7 4 2 30 36 3 4 24 35 3 26 25 35 17
25 10 2 18 6 0 7 2 20 40 19 10 7 3 9 18 27 5 9 44 12 10 7 22 2 6 41 4 10 14 24 16 20 16 28 1 7 33 55 6 10 15 2 10 24 0 3 26 0 4 9 1 8 7 13 5 13 3 4 14 53 5 35 2 5 14 20 0 11 2 1 29 5 5 27
8 6 21 43 23 2 14 86 6 9 4 4 8 49 10 18 4 25 1 19 7 18 20 9 17 0 14 42 3 12 0 4 34 5 10 13 29 8 11 5 3 15 19 2 0 11 13 10 2 69 19 1 23 23 3 10 3 2 7 2 3 12 5 5 16 11 9 34 9 2 1 0 4 27 4
24 0 4 25 1 19 1 4 16 10 1 15 1 4 5 9 16 1 7 21 18 16 2 5 28 25 31 29 12 10 36 7 36 49 21 11 21 3 3 4 17 26 1 6 5 1 20 4 54 4 9 0 46 5 2 3 8 24 18 11 3 27 2 7 6 6 2 14 16 16 23 3 11 28 21
-1 2 6 4 7 12 1 8 7 6 7 16 6 3 17 26 34 18 4 14 12 26 6 11 19 8 3 7 21 40 28 5 18 7 37 14 47 0 6 2 62 45 15 23 2 11 4 8 0 2 11 47 5 13 4 20 5 5 57 5 2 1 0 0 2 5 16 12 9 5 11 15 6 18 40
2 9 31 18 15 9 27 24 20 16 9 62 0 16 32 21 2 3 13 41 10 0 5 2 22 13 7 6 2 6 13 8 17 23 2 19 57 6 1 0 6 3 17 20 8 0 19 3 24 14 19 2 6 9 0 6 2 22 15 16 18 29 5 4 5 13 20 46 3 6 2 1 5 5 38
17 0 3 9 22 19 5 12 2 1 4 29 4 0 0 15 6 4 6 49 11 33 0 19 34 38 6 21 1 7 6 3 6 7 4 12 41 3 59 17 38 6 19 14 12 37 6 8 2 0 11 4 6 39 19 14 8 1 16 8 27 13 4 0 2 7 15 29 0 4 9 60 19 5 3
-1 1 35 17 4 2 27 8 23 7 35 10 12 6 7 15 3 15 0 1 3 7 18 7 12 11 6 31 0 1 1 4 8 14 18 10 9 0 6 77 19 4 14 8 1 46 7 15 21 16 14 11 11 69 14 5 53 5 6 18 18 18 1 13 19 56 1 8 4 4 7 1 0 0 23
34 1 19 30 0 5 17 0 10 10 24 10 24 10 0 0 5 61 6 26 1 5 2 15 5 10 2 9 27 30 13 13 17 0 9 37 2 6 15 4 18 19 6 13 26 19 7 16 63 10 15 0 4 20 15 0 4 16 8 3 3 20 16 10 35 35 9 5 7 8 27 6 11 8 4
-1 5 62 4 29 5 35 7 3 24 6 24 9 19 7 0 5 15 3 10 20 10 5 7 35 5 5 26 5 10 5 19 21 0 8 4 21 4 34 1 24 45 7 5 7 43 44 20 19 12 22 14 5 20 14 0 38 24 8 12 4 7 14 4 4 8 0 2 0 1 10 9 6 26 6
16 8 0 3 17 6 42 49 10 29 2 39 27 19 13 38 2 5 10 13 4 5 11 3 9 6 3 34 31 18 29 3 5 4 13 15 35 3 1 11 4 1 5 28 0 9 7 18 2 5 29 3 2 15 14 0 9 0 20 0 9 3 11 13 80 10 8 3 6 0 1 18 37 0 39
17 1 2 2 3 4 11 11 3 24 10 22 4 11 5 11 0 0 15 16 8 33 5 11 7 18 2 18 10 14 5 0 18 7 27 5 52 14 3 39 3 5 13 12 7 4 34 41 11 8 14 6 11 4 6 6 65 25 25 17 50 19 6 43 15 3 45 2 3 13 5 0 6 2 3
-1 17 29 21 15 23 4 0 11 12 5 52 15 19 3 7 6 1 7 11 22 6 0 5 1 1 19 19 0 0 24 2 0 4 28 14 2 7 10 0 32 23 10 20 10 5 47 5 58 11 24 12 3 0 15 2 5 10 13 40 8 29 1 24 14 0 24 7 1 2 43 22 42 8 9
7 1 5 10 51 1 10 3 26 3 1 33 21 2 9 3 5 12 44 1 10 7 22 3 33 10 24 29 4 13 1 1 74 1 8 2 20 3 21 20 7 7 9 34 35 10 7 10 10 20 0 0 12 9 3 56 27 21 0 0 14 0 2 3 6 3 8 21 15 2 26 16 10 11 32
-1 35 15 15 3 21 1 7 26 3 16 5 35 0 16 19 19 61 55 20 4 13 4 19 20 9 4 14 19 6 2 14 14 2 7 44 19 2 17 3 3 7 2 16 15 1 5 10 18 13 3 22 4 13 46 12 2 4 1 9 5 7 5 2 13 10 0 45 6 4 0 26 38 24 2
18 12 1 66 3 10 24 11 11 1 20 15 17 3 5 9 6 3 0 8 1 38 25 62 12 2 2 40 3 16 2 65 23 8 0 13 4 1 9 7 1 1 4 5 16 10 0 19 8 9 6 0 4 15 11 14 19 24 9 3 6 19 4 12 21 9 14 68 11 18 4 1 24 28 7
4 5 12 12 14 4 10 8 14 0 0 19 8 8 8 6 11 6 3 4 50 14 2 42 22 82 11 1 4 13 19 7 2 13 6 20 20 49 12 8 9 6 13 3 19 3 17 7 28 66 0 2 15 10 6 24 8 3 12 2 34 13 0 10 27 9 9 3 7 3 20 7 16 22 14
28 2 8 37 25 29 10 1 4 5 10 2 2 5 15 29 7 31 9 0 1 5 21 1 0 6 35 36 23 0 18 5 33 4 3 0 14 18 0 10 29 11 18 1 1 0 28 21 6 3 22 3 21 1 1 16 33 2 27 45 19 8 1 24 5 24 30 1 19 6 12 9 2 7 52
13 5 16 1 7 36 9 6 13 2 1 12 17 37 14 6 5 36 5 0 7 17 10 1 0 8 13 1 2 12 0 13 8 6 9 0 36 0 3 2 5 10 13 15 13 33 10 35 11 17 1 23 4 15 43 13 25 13 37 3 18 2 8 4 49 10 6 4 34 10 10 12 22 7 76
32 16 12 7 0 2 8 15 5 32 9 7 0 11 32 6 20 35 1 32 8 12 25 31 7 25 3 3 3 24 18 25 3 3 8 2 12 19 30 2 0 54 5 5 6 2 4 4 7 12 35 1 1 22 1 32 23 1 8 25 16 25 10 9 8 11 7 7 11 13 4 4 16 31 35
16 10 34 9 34 4 19 11 2 43 3 4 0 28 6 11 4 9 1 5 17 46 38 14 18 11 4 12 6 11 2 12 4 2 7 26 1 1 3 4 9 15 18 2 4 3 13 7 13 74 9 20 0 14 7 5 38 30 19 2 38 2 8 13 3 10 3 20 10 1 30 28 35 2 3
38 9 0 13 1 0 5 2 3 2 15 23 4 10 6 59 6 22 0 7 21 61 19 52 22 38 13 6 1 7 9 8 8 7 4 27 6 9 13 10 1 15 1 11 19 6 56 1 5 9 3 1 3 1 78 1 5 1 7 44 13 5 5 5 0 8 34 16 10 10 2 6 4 43 5
-1 13 0 15 10 10 2 13 30 15 28 5 1 1 37 11 2 15 12 1 12 4 7 65 2 10 2 11 0 2 0 31 15 6 35 24 35 0 8 8 5 2 6 13 13 4 2 14 6 1 1 31 15 9 5 42 11 31 2 17 44 14 13 12 3 20 14 9 1 19 24 34 1 6 59
