25 75
2 28 1 3 22 20 4 16 5 13 34 14 28 42 32 32 1 5 1 1 5 25 8 34 8 3 3 0 67 12 0 0 49 18 1 67 24 14 33 8 1 1 71 10 3 1 1 0 15 24 11 1 3 8 16 7 2 6 17 10 1 8 1 2 8 2 0 1 37 0 19 11 17 0 2
2 1 1 16 57 26 3 3 26 15 12 21 9 0 20 8 32 9 26 5 14 2 0 15 11 6 10 4 4 49 0 6 31 9 6 5 18 2 29 5 7 43 0 7 17 9 6 18 1 2 14 9 0 10 9 10 4 10 36 18 16 2 12 33 9 10 21 29 7 59 18 9 0 0 27
9 0 19 31 23 20 13 60 1 20 0 10 8 0 3 7 5 12 29 9 4 14 7 19 26 2 32 2 4 8 20 21 0 4 32 37 11 4 15 5 9 33 38 24 0 5 12 2 28 3 102 13 0 0 1 15 12 15 2 7 15 14 1 21 9 6 0 8 4 1 1 2 19 2 30
10 22 29 5 25 2 22 2 1 8 64 20 2 7 27 9 18 28 21 12 22 33 26 0 15 14 7 0 24 34 6 2 6 9 13 8 4 4 5 4 7 12 2 18 11 12 12 32 7 16 2 0 2 8 16 25 7 17 10 9 15 2 1 4 22 8 16 3 59 11 10 7 6 20 21
11 10 49 0 2 8 0 46 5 5 33 4 20 5 33 22 3 14 2 19 13 2 0 20 19 6 9 38 3 13 25 27 3 54 0 9 18 7 5 60 10 9 1 12 3 10 6 5 12 26 13 8 13 20 12 3 36 1 11 67 4 2 15 5 7 23 1 2 12 0 5 16 4 3 1
1 2 26 1 8 19 44 7 11 9 2 17 7 5 19 3 1 21 16 5 1 12 36 10 3 11 2 4 6 13 25 22 5 13 3 10 8 37 22 22 1 4 1 5 30 18 7 1 46 24 13 34 19 9 11 8 9 26 1 5 49 9 8 1 6 14 32 6 11 17 12 7 29 33 5
17 6 10 30 73 1 0 2 9 1 14 20 3 8 3 8 2 5 23 30 15 49 14 22 8 28 8 5 5 17 20 17 12 19 5 3 22 16 7 16 12 2 15 20 14 18 0 15 11 11 11 4 26 18 22 2 4 4 25 9 3 38 16 3 8 5 2 5 44 19 9 13 4 6 9
37 1 5 42 19 0 25 11 11 28 3 46 8 0 0 2 8 8 19 2 11 8 5 2 5 19 24 26 28 1 4 26 2 45 19 33 1 3 8 14 22 4 33 12 1 24 8 16 4 16 38 5 26 2 2 5 10 41 19 7 0 29 9 2 12 17 21 16 1 4 5 10 6 5 9
18 14 6 22 0 27 33 11 2 10 6 21 28 3 39 7 12 10 0 15 4 12 4 18 1 12 7 6 5 7 7 49 7 33 4 6 3 13 34 23 0 0 1 1 1 41 12 17 5 1 36 17 0 2 7 43 13 10 22 12 3 12 11 1 0 28 30 18 10 58 8 10 17 8 6
0 14 10 4 22 1 1 11 7 5 3 8 27 7 12 43 40 27 12 4 16 13 2 25 0 25 0 3 13 17 12 8 30 1 6 26 0 15 10 0 105 5 12 14 16 18 17 20 0 7 48 0 42 2 8 20 18 18 6 23 11 5 19 3 0 7 24 6 13 9 0 1 2 4 17
4 11 13 2 50 1 8 3 8 17 14 10 5 10 17 2 15 15 22 20 22 9 16 7 0 13 22 22 5 6 24 2 25 23 2 45 31 41 9 15 28 2 7 7 6 1 14 7 4 4 5 16 14 4 12 10 53 0 9 5 25 9 38 15 6 29 36 2 6 1 7 12 0 18 2
1 9 3 8 6 25 13 21 72 4 14 17 43 0 24 0 7 0 31 3 26 0 10 45 6 2 0 17 0 17 21 0 3 22 4 6 1 2 29 0 40 1 5 14 36 25 14 4 14 24 28 0 41 39 4 7 1 0 16 26 18 12 1 2 23 5 5 0 42 2 7 1 3 2 26
62 43 11 0 10 5 0 15 14 9 16 21 1 3 11 23 20 5 20 2 7 1 13 11 4 4 14 3 5 26 13 10 32 5 16 10 9 42 47 2 11 1 28 39 2 10 8 8 2 41 10 11 2 32 0 5 10 2 11 2 26 12 33 18 0 0 20 21 8 14 10 11 6 7 14
1 26 4 19 11 8 7 17 3 17 4 20 1 11 1 19 2 8 6 0 17 72 4 28 10 21 13 13 6 53 0 0 10 1 12 9 0 27 52 0 1 9 5 6 27 8 8 31 35 2 9 1 12 12 0 7 48 52 8 17 32 0 0 1 12 7 2 5 4 31 22 25 25 2 1
3 9 4 16 2 35 2 4 10 1 21 0 8 13 76 5 28 0 3 45 27 12 3 7 44 5 53 3 16 5 2 0 10 26 1 8 12 13 14 4 5 8 3 36 25 3 6 10 6 2 4 4 21 27 7 50 4 11 22 6 7 15 6 0 0 38 1 1 4 6 38 11 6 13 44
21 0 5 16 10 18 2 10 6 10 0 5 18 13 8 9 12 36 1 0 12 21 75 1 31 56 3 5 29 8 18 4 18 17 2 8 60 10 0 18 5 19 19 14 69 2 19 13 7 17 18 6 6 1 4 1 17 2 32 7 4 3 12 2 15 13 7 15 6 8 10 13 0 14 4
28 0 6 2 25 2 14 38 7 36 57 19 0 17 8 14 0 14 10 28 6 4 6 4 4 15 11 18 11 1 1 21 34 3 29 8 12 4 1 54 34 18 3 25 15 13 13 36 8 55 12 9 18 7 8 0 0 1 11 4 0 9 7 29 3 3 17 1 31 0 14 18 0 4 2
41 18 4 6 12 0 13 2 1 34 2 30 0 8 22 1 49 22 3 18 7 1 7 3 4 10 5 2 0 3 15 17 46 27 1 23 2 5 25 0 2 33 4 4 0 7 47 2 17 31 0 7 31 21 0 1 7 85 4 51 7 0 14 5 0 12 3 24 0 31 13 11 6 23 8
15 34 17 1 17 13 13 3 11 9 1 8 28 21 17 10 4 9 9 0 13 0 21 1 6 25 13 6 9 7 26 1 19 7 6 4 1 28 0 21 0 25 14 13 10 2 23 7 9 8 94 4 24 0 6 50 14 17 5 10 14 12 6 1 3 7 8 6 33 53 3 12 1 29 23
-1 1 15 23 2 6 26 8 11 15 19 10 9 0 20 11 14 27 3 10 21 13 4 11 35 15 5 13 22 1 2 9 8 7 10 8 4 16 16 2 40 8 7 15 10 18 8 45 13 16 1 5 4 25 19 0 10 6 8 9 17 17 14 19 22 1 9 30 24 79 25 17 2 0 6
31 33 24 22 6 1 12 22 29 13 5 3 1 26 15 13 1 35 7 1 40 15 3 3 8 53 9 20 12 7 16 5 43 6 1 12 9 3 2 16 19 1 12 18 0 49 17 5 2 19 11 2 7 14 2 16 3 2 7 46 5 14 7 5 7 4 31 26 9 10 7 8 9 1 22
10 15 5 4 29 8 25 11 8 22 14 1 12 0 3 0 46 37 4 26 0 13 5 2 21 15 1 4 47 9 36 3 0 0 1 2 8 28 1 13 33 7 2 6 1 13 9 0 6 13 14 31 5 1 31 5 23 1 6 0 28 7 15 9 53 7 41 32 19 13 59 1 0 13 7
1 4 3 8 4 0 12 13 2 11 2 4 16 1 8 4 22 1 5 6 24 56 12 16 14 6 1 23 40 22 2 8 3 13 10 0 4 27 0 15 32 3 15 27 31 29 29 41 2 16 24 25 23 4 12 30 13 8 14 24 10 19 11 13 5 4 41 4 14 12 13 11 3 0 15
25 9 19 15 7 6 6 13 3 9 5 29 47 3 25 23 29 28 29 3 10 2 6 6 18 6 50 0 6 4 7 15 11 0 10 13 10 3 24 6 2 3 24 1 17 22 12 27 10 4 20 13 18 8 16 5 0 3 26 37 0 4 16 1 2 5 6 53 2 19 9 2 4 35 34
18 63 22 0 3 12 5 7 11 18 32 14 28 6 10 31 4 11 1 2 6 2 3 2 1 12 14 24 3 3 16 20 30 3 20 19 11 9 28 16 3 20 2 26 2 22 11 36 4 1 3 22 18 11 10 3 16 10 9 0 16 0 23 13 6 12 37 18 19 8 14 34 18 9 4
