25 75
2 22 2 2 1 25 3 0 7 13 19 11 64 34 7 2 18 31 16 8 27 10 9 3 10 7 4 0 5 3 45 15 2 33 9 0 4 7 1 1 3 17 1 9 18 22 14 8 1 0 36 12 11 8 10 10 36 8 2 23 2 53 25 29 11 6 13 1 24 7 1 23 64 5 5
15 1 13 9 20 20 2 7 7 7 8 1 9 8 35 48 38 16 30 3 9 5 2 16 3 7 32 9 9 12 14 28 1 16 48 13 8 3 7 4 4 3 15 20 6 25 9 0 19 11 5 19 8 0 5 63 9 4 20 12 2 5 2 4 20 41 19 32 14 0 3 7 15 14 22
4 16 14 13 19 11 2 3 2 20 0 11 2 38 20 33 19 3 15 2 2 23 11 8 26 8 15 5 26 18 20 0 55 5 16 3 1 2 1 7 2 0 17 7 29 72 6 27 0 6 0 4 2 12 4 12 0 10 14 4 13 5 12 20 21 1 14 43 11 26 29 19 2 11 46
-1 14 5 3 9 0 15 24 25 7 19 18 16 3 0 1 1 5 11 8 0 1 11 2 4 12 13 7 16 20 3 3 18 4 11 3 9 0 6 9 6 12 25 17 8 54 5 22 3 76 8 1 34 44 39 6 14 5 8 13 10 17 8 4 57 0 5 35 3 8 23 44 30 14 7
0 9 2 11 8 3 23 28 13 11 2 46 6 2 3 4 29 19 0 12 1 2 10 33 11 6 1 7 16 34 30 13 2 45 61 5 42 2 37 2 16 7 6 47 53 3 6 16 19 3 6 9 7 6 2 0 14 1 5 2 20 20 11 8 18 11 10 15 29 0 4 1 21 6 7
11 27 10 2 5 30 11 1 27 13 3 4 9 4 8 2 2 23 6 0 4 5 11 3 29 1 11 26 13 1 12 56 5 21 22 1 1 3 4 8 5 7 3 7 8 4 120 5 4 5 35 22 35 6 32 3 5 1 10 13 31 40 1 3 3 0 18 6 9 3 17 41 3 20 40
6 6 3 0 0 2 0 17 7 19 9 22 9 34 12 10 13 12 11 25 48 36 14 17 16 0 13 26 7 25 19 6 39 0 36 14 0 45 27 9 6 0 18 15 11 0 22 8 8 12 54 3 22 4 3 7 1 7 7 1 15 10 11 3 26 1 9 6 0 14 27 10 21 20 4
31 0 17 11 7 5 19 7 18 2 22 19 48 7 32 36 14 1 40 4 13 0 2 15 11 14 25 0 16 19 20 1 14 25 4 0 14 7 5 28 4 0 34 24 3 9 19 16 5 3 19 0 24 13 2 33 9 36 6 17 1 7 7 3 22 4 16 37 10 2 12 1 19 5 5
8 28 5 14 31 21 3 29 6 23 1 6 6 19 0 10 33 18 74 7 1 38 5 3 17 1 2 8 19 4 8 0 10 25 4 1 5 4 50 0 20 49 11 1 12 0 28 0 37 3 8 4 2 18 15 0 13 31 2 6 0 5 5 15 5 7 16 2 59 18 1 27 22 9 2
8 5 14 1 12 42 6 9 32 8 14 25 12 2 5 24 8 8 12 2 1 13 12 1 9 45 23 31 6 20 4 8 0 18 22 6 13 3 29 17 8 8 11 63 0 11 9 5 4 28 8 1 15 0 49 2 1 22 13 4 0 34 11 35 0 19 18 16 3 49 0 11 4 6 2
29 0 8 3 10 41 18 14 2 8 2 3 3 14 0 55 31 20 4 31 4 14 51 18 12 19 10 3 27 50 6 3 28 15 26 19 15 1 1 7 21 0 14 8 13 14 34 6 10 23 6 15 0 8 0 16 22 13 0 0 4 21 5 5 1 11 20 20 8 0 10 7 18 19 3
0 1 6 14 12 21 4 37 3 11 6 0 7 3 0 23 12 5 6 18 1 25 18 0 11 24 1 53 28 34 9 11 26 8 64 7 18 8 10 15 17 10 43 7 1 4 1 11 11 23 3 45 28 0 1 11 1 35 31 13 2 2 16 17 24 19 5 2 6 2 5 8 13 9 14
1 9 10 9 1 41 4 14 14 27 23 15 14 6 68 12 1 27 4 3 1 8 2 1 49 13 0 3 4 57 7 8 9 1 1 9 21 31 25 22 8 33 0 13 1 6 4 1 26 5 36 4 3 45 5 1 11 6 21 0 0 2 12 2 16 17 10 45 13 12 0 28 4 13 22
11 22 2 0 13 28 42 1 9 0 23 1 31 5 10 16 22 1 3 10 11 8 4 13 7 2 2 3 7 10 23 2 18 27 0 6 3 0 12 24 12 53 28 36 17 8 8 1 1 27 5 1 16 1 1 53 34 39 0 7 1 2 21 21 1 44 3 13 7 9 40 17 17 6 18
16 16 1 38 8 8 44 52 23 2 15 1 9 27 56 22 7 1 0 11 18 0 2 3 1 0 4 6 50 4 94 4 30 21 6 2 1 0 13 14 2 8 18 0 18 0 24 13 7 8 11 1 1 15 0 8 10 3 9 65 5 11 7 6 12 6 19 9 31 9 5 3 5 7 14
21 11 6 1 31 20 1 0 7 24 8 9 3 36 8 5 9 16 30 6 28 3 4 8 40 5 1 0 1 21 8 38 8 2 10 15 25 14 7 3 12 16 16 24 0 10 22 4 12 8 7 13 4 7 45 6 0 32 4 17 59 26 16 3 1 4 27 27 0 38 10 13 9 2 13
21 40 36 5 4 5 1 2 4 0 9 0 8 3 16 18 9 36 5 49 0 25 12 3 1 9 7 17 8 56 17 12 1 20 19 3 2 7 0 11 5 0 9 5 12 15 8 0 0 11 0 2 27 36 25 7 27 31 15 30 20 14 10 8 15 4 11 13 69 15 1 31 4 18 1
9 11 18 18 1 6 10 3 1 24 7 16 11 0 0 10 4 23 4 2 0 12 14 5 2 13 1 4 1 10 47 0 0 10 11 33 12 1 10 0 11 4 6 20 96 35 10 10 6 12 0 25 21 1 17 16 46 14 0 20 12 7 22 38 2 36 3 15 53 19 7 32 1 10 9
0 30 15 11 5 6 15 60 0 11 0 21 13 0 13 0 3 14 16 0 45 0 0 2 10 17 44 5 21 3 5 19 8 3 29 11 1 19 31 12 24 1 14 10 52 7 2 0 4 8 7 9 11 34 4 7 0 51 1 0 65 11 11 7 6 8 5 13 0 10 49 17 21 6 7
19 3 6 0 11 45 10 3 3 7 5 23 10 11 3 3 11 7 4 13 3 7 6 13 23 34 13 4 14 25 18 78 37 75 1 14 8 1 7 4 8 5 1 23 7 11 24 1 32 6 14 10 10 11 0 12 14 23 13 10 3 9 20 0 6 2 29 9 18 27 29 2 4 0 25
25 46 0 16 24 1 6 7 13 29 5 13 50 12 51 3 2 8 0 4 14 71 18 22 6 6 16 3 0 9 2 17 23 10 6 4 9 0 2 4 18 3 8 2 14 4 11 42 16 12 32 0 12 3 7 21 22 10 2 9 9 5 15 0 31 6 0 29 1 11 27 9 2 4 46
-1 18 2 18 5 6 2 21 1 11 16 6 6 14 26 30 1 83 20 3 4 12 14 3 1 6 36 28 9 9 16 22 18 3 3 3 9 3 1 3 10 4 71 2 15 3 18 15 26 23 15 0 49 8 11 13 44 3 6 42 5 1 7 2 31 12 0 10 1 1 6 24 18 0 13
8 28 22 5 1 3 19 32 12 5 5 16 0 0 11 2 29 24 12 23 5 5 63 1 37 8 18 51 0 2 6 0 43 2 17 14 17 13 6 5 4 10 3 1 5 10 2 2 19 20 7 38 2 6 0 4 53 10 10 3 2 16 4 5 6 7 5 35 12 29 7 65 21 6 1
13 6 20 20 10 25 11 1 14 11 7 4 20 22 5 18 25 5 16 15 15 23 15 5 10 7 4 5 17 8 5 0 9 39 10 11 6 6 27 9 4 72 28 7 45 12 2 12 16 6 20 19 9 4 5 14 5 3 1 38 4 20 28 22 3 41 4 5 0 3 2 7 23 12 5
4 24 1 11 3 25 3 1 0 1 3 19 38 18 26 1 28 9 4 39 12 5 4 11 9 37 4 12 27 7 0 14 13 14 30 8 4 6 20 25 9 38 15 53 49 6 13 16 25 11 13 33 0 6 2 6 28 9 6 10 13 40 2 0 1 1 6 11 2 8 4 14 17 3 10
