25 75
-1 4 64 5 89 1 37 18 0 20 21 5 11 5 70 1 0 4 27 0 7 37 1 19 14 3 29 7 1 11 11 11 2 22 9 4 8 20 6 18 6 3 20 21 11 5 47 5 5 5 24 14 5 14 4 6 31 2 33 4 3 12 7 24 10 3 8 3 16 2 1 12 12 0 1
3 15 10 28 7 14 41 12 0 20 19 2 3 11 12 10 12 10 4 14 9 3 10 19 16 7 2 15 1 9 7 8 19 0 29 14 0 4 9 23 13 10 29 14 1 32 16 0 23 15 5 10 7 7 68 1 7 42 0 17 65 5 33 20 8 11 2 6 24 31 9 9 5 2 2
7 4 7 4 31 43 25 36 7 20 28 7 12 46 3 12 51 0 1 18 35 30 0 5 5 1 14 3 3 16 9 6 4 16 7 19 11 12 14 24 3 4 5 2 7 8 14 20 2 49 10 7 33 20 7 8 11 4 8 29 24 0 8 17 5 19 14 4 21 1 16 5 6 0 13
60 7 0 30 1 35 1 20 18 19 43 15 6 9 18 13 1 8 18 15 6 4 9 11 35 10 5 25 43 13 8 3 23 5 1 5 5 13 6 23 4 10 3 2 2 12 6 19 23 38 14 10 21 16 33 5 21 3 6 14 4 2 4 22 10 6 32 3 5 17 15 7 1 11 9
39 4 6 4 51 47 5 13 4 2 8 0 0 2 14 4 20 5 5 23 14 1 13 20 37 0 13 11 8 6 2 13 15 16 11 11 0 78 3 11 16 36 4 5 10 15 1 15 5 40 5 0 1 16 8 8 17 0 20 6 25 8 24 19 17 37 13 10 0 14 39 16 4 1 6
4 11 1 5 7 5 3 19 0 12 0 8 5 12 30 7 4 39 8 2 0 27 9 33 14 3 8 4 13 8 55 19 6 23 15 2 10 20 7 14 6 16 5 0 1 11 1 67 58 0 3 4 21 9 12 11 2 1 4 102 32 0 37 3 23 5 43 17 7 0 7 9 2 1 8
7 34 3 0 38 8 33 5 6 24 0 11 53 1 10 26 4 11 5 14 3 7 3 30 1 24 2 8 51 32 34 9 2 12 0 6 12 4 14 32 1 19 0 21 1 2 1 7 0 9 15 33 2 6 16 8 45 9 19 4 1 11 46 25 15 10 13 4 14 10 8 3 10 3 30
-1 13 3 3 2 5 2 63 6 12 5 16 3 19 10 29 23 7 2 17 2 5 3 31 21 9 1 9 15 24 0 1 7 19 29 18 0 0 14 14 2 25 62 12 13 3 30 18 24 1 10 3 5 18 23 21 4 10 59 2 13 3 19 3 6 4 15 4 7 10 5 7 18 75 5
12 18 2 4 15 12 0 0 3 3 13 2 13 32 2 20 2 18 4 32 13 13 14 28 46 1 34 12 20 10 18 0 17 16 60 10 56 32 10 19 27 0 0 33 33 0 1 7 1 7 20 1 27 3 3 2 24 22 1 2 7 1 10 3 28 37 8 12 11 3 15 2 7 5 1
8 0 24 11 8 39 8 51 22 15 13 10 41 8 12 0 8 6 29 3 23 8 9 17 6 27 3 0 28 5 7 0 4 28 7 7 0 11 11 29 5 25 7 9 36 13 5 6 17 7 10 13 2 15 9 18 14 1 5 18 9 2 68 16 19 8 14 5 0 2 3 20 17 13 23
19 7 27 10 4 0 6 24 0 22 6 2 0 3 16 4 11 41 1 15 1 30 11 2 0 13 0 0 10 2 29 20 4 4 22 31 23 14 2 37 13 3 4 41 21 0 33 16 4 32 6 21 7 1 7 2 2 1 19 14 16 3 25 12 27 14 79 39 4 7 5 16 17 1 15
1 9 1 4 4 1 0 28 11 3 0 10 4 2 28 36 23 14 4 3 6 30 10 36 0 14 14 8 61 11 0 12 27 1 6 17 5 4 29 50 4 2 8 24 12 12 28 4 8 28 9 2 4 45 5 3 9 78 7 50 4 22 4 2 17 5 4 0 15 15 4 0 14 9 16
25 6 41 12 1 8 0 21 10 4 5 43 26 3 1 1 6 8 40 18 15 6 17 18 19 4 35 3 14 3 7 43 0 14 28 10 16 0 8 2 3 25 9 19 5 8 45 2 27 22 48 5 2 0 23 4 50 2 4 7 10 26 6 12 8 8 3 7 3 0 10 2 9 32 13
8 31 6 8 1 20 5 13 41 3 0 20 69 4 6 25 13 3 7 79 0 0 7 10 22 12 5 0 15 21 9 18 4 0 16 14 0 19 18 5 47 5 2 4 9 11 6 32 22 3 9 19 6 42 26 7 23 3 6 3 9 3 1 2 2 4 5 3 2 20 17 16 32 10 32
10 12 12 9 5 2 32 18 15 10 1 33 0 10 1 28 12 2 10 15 1 18 9 1 3 5 5 30 4 31 5 13 11 1 0 28 72 8 39 4 49 12 4 0 7 10 6 9 44 19 56 23 14 0 14 1 77 3 0 3 5 15 4 24 25 5 6 0 4 1 2 4 1 3 25
22 7 5 15 20 18 2 4 5 6 22 4 23 1 6 3 1 1 4 39 3 69 9 28 1 13 18 47 14 3 1 5 4 10 10 15 10 23 4 25 4 8 37 27 35 15 30 6 22 3 12 5 3 3 17 37 12 15 2 21 12 4 4 17 31 9 0 0 20 9 10 19 1 27 3
5 15 3 8 11 18 0 18 53 17 44 3 1 56 1 15 7 8 5 16 21 0 19 8 21 47 4 2 34 40 8 24 22 20 6 26 12 10 21 1 7 1 21 3 1 1 13 17 3 7 14 42 5 0 5 10 1 16 0 2 1 16 9 8 9 0 11 6 26 8 6 39 23 9 10
21 5 6 24 8 0 8 2 19 6 10 60 13 45 8 10 5 19 2 1 3 1 7 30 13 17 12 7 50 31 2 24 3 9 4 25 6 8 0 19 8 3 9 6 7 6 60 0 22 6 22 5 2 7 18 28 1 21 0 22 2 8 36 23 9 5 14 24 19 3 2 1 12 16 30
9 12 0 6 31 20 17 13 6 54 0 4 2 0 9 12 2 8 0 5 28 28 19 22 19 7 2 19 3 18 7 40 12 4 13 11 8 23 2 1 0 0 10 1 4 3 5 21 0 2 9 25 33 14 16 6 27 21 0 19 4 25 41 48 15 21 21 7 23 4 6 7 43 1 22
23 10 18 8 12 8 20 2 13 10 7 13 0 0 45 19 35 19 11 17 30 11 14 7 19 0 14 1 2 35 4 14 20 11 20 16 19 28 5 21 21 14 13 7 9 30 4 6 5 16 12 8 0 22 8 9 12 7 5 26 0 1 1 3 2 36 2 83 3 26 13 2 0 9 4
20 7 8 6 2 5 2 8 8 3 18 59 20 14 1 0 2 11 2 70 0 13 5 7 8 12 44 5 10 5 72 2 5 32 16 33 17 1 14 1 9 37 33 1 8 0 2 3 22 22 16 8 0 22 2 11 22 4 16 49 38 17 1 3 9 6 1 0 16 3 21 1 5 13 11
27 11 3 12 6 14 21 37 1 6 1 40 9 3 25 57 10 34 1 16 5 20 6 4 16 13 42 6 39 0 14 7 7 0 32 2 9 19 27 5 2 13 3 17 9 18 5 34 4 30 22 7 1 12 11 26 2 3 3 20 15 49 8 0 0 19 10 2 3 0 6 9 22 0 8
-1 10 50 9 3 11 35 12 3 9 6 2 26 13 9 29 2 1 2 14 8 2 19 1 22 7 22 28 2 0 6 6 3 19 0 23 30 2 20 0 8 27 8 35 25 11 2 80 3 10 7 37 1 1 7 5 12 5 6 40 2 67 0 32 8 10 18 18 12 3 15 0 4 3 13
14 0 20 21 11 26 39 17 6 27 44 53 18 11 1 19 6 7 9 8 15 13 2 39 14 7 11 15 2 13 30 3 6 16 23 0 9 32 10 4 3 7 15 5 6 6 11 6 29 0 5 6 22 19 15 2 20 7 11 0 4 0 1 2 1 34 3 18 2 18 11 48 4 13 25
7 1 30 8 1 11 2 24 6 0 13 3 7 11 21 3 9 9 0 6 16 12 0 14 1 15 5 1 1 13 11 5 10 5 14 0 27 15 12 15 12 13 69 20 20 0 4 18 106 20 24 1 4 19 16 1 13 66 0 9 27 2 2 8 45 5 18 2 23 27 33 3 3 1 2
