25 75
20 15 8 18 11 19 18 5 6 33 2 0 49 3 9 25 6 51 13 0 3 23 8 8 14 14 54 1 8 6 13 15 18 25 29 15 3 9 22 5 7 5 7 2 0 27 0 1 2 14 2 39 2 34 15 4 5 13 0 6 21 2 0 51 6 7 0 28 4 1 47 9 2 19 14
3 1 6 22 0 17 12 37 6 11 0 30 14 3 6 5 28 23 5 1 1 3 0 28 11 1 8 5 0 4 1 7 26 1 1 29 2 0 2 3 25 31 1 11 10 8 6 6 8 14 9 16 10 45 0 3 45 22 19 13 34 14 34 28 68 24 40 9 8 15 13 3 9 24 12
8 2 15 4 16 13 16 11 48 0 10 30 13 10 25 13 0 2 8 17 1 1 24 25 13 2 0 3 11 2 2 14 7 24 9 41 13 9 0 71 6 0 36 1 28 0 1 41 5 8 12 30 35 24 6 15 6 41 4 19 5 7 13 14 7 11 3 30 11 1 15 3 9 15 5
5 15 5 0 9 4 2 0 1 5 26 10 0 2 7 15 6 25 2 12 25 39 16 23 8 7 26 4 14 11 22 2 3 6 20 10 12 6 7 45 33 5 42 1 9 28 14 10 13 14 34 1 19 5 47 4 8 0 45 3 33 5 6 50 12 3 5 11 1 12 7 7 50 0 6
12 15 12 7 2 13 2 37 0 11 6 13 36 2 11 17 16 3 7 2 0 8 12 2 5 3 16 40 3 4 47 10 0 9 18 10 13 7 0 22 4 36 2 20 63 6 53 25 5 5 4 6 28 3 12 4 4 2 2 16 4 17 1 14 22 11 0 20 12 12 59 11 20 20 24
-1 15 1 2 8 7 20 1 19 17 13 28 7 66 0 3 5 24 2 12 20 20 30 3 6 7 12 0 29 20 9 9 4 7 66 35 33 5 32 60 7 15 3 40 7 2 0 6 46 9 0 3 9 24 2 11 9 1 2 16 18 13 14 4 0 16 21 0 10 3 23 0 3 2 5
27 0 4 15 18 7 6 1 47 20 2 5 4 0 1 8 11 45 8 11 16 13 39 12 0 53 27 13 4 4 13 5 0 7 18 1 11 1 5 2 40 17 28 12 6 38 17 1 15 7 27 16 12 22 9 15 11 11 3 1 30 2 23 8 8 11 24 5 7 23 37 3 2 5 20
24 13 24 25 14 4 16 10 13 18 3 5 16 2 20 13 3 10 8 30 2 35 9 14 1 34 47 8 0 6 46 1 6 5 5 1 7 5 17 15 38 15 24 69 17 12 0 5 5 11 4 0 0 20 6 1 8 1 17 6 18 16 4 15 24 18 35 23 8 1 24 10 0 0 10
-1 23 9 13 30 33 39 2 14 42 22 24 14 11 1 0 22 1 22 1 16 2 29 8 12 21 10 3 7 4 2 3 2 13 69 6 28 12 2 7 14 10 0 7 6 11 7 6 55 14 6 6 10 32 7 0 19 16 11 22 1 13 19 4 2 0 28 14 12 11 4 12 19 17 7
13 40 32 27 25 5 0 11 6 24 1 4 7 20 3 19 36 5 9 2 3 2 1 2 5 2 17 3 6 31 11 29 8 12 38 0 23 5 0 5 12 1 0 27 1 66 27 5 18 13 2 16 2 15 4 50 2 0 16 7 18 0 15 0 0 22 40 18 6 33 18 14 2 14 24
6 28 14 3 6 14 19 1 11 32 25 18 4 32 7 19 15 32 7 30 5 0 18 5 7 2 0 8 2 3 5 5 3 2 0 52 14 23 2 5 2 0 2 19 10 9 30 13 10 4 16 27 28 40 28 25 26 2 10 12 21 3 20 32 0 9 1 12 0 15 1 39 7 8 35
8 2 50 5 83 10 1 52 1 19 17 8 24 47 12 2 7 23 0 9 0 3 13 23 23 15 0 4 0 0 35 7 8 24 19 1 48 3 12 3 24 14 8 5 1 7 24 0 6 18 2 10 13 6 8 26 9 1 19 7 37 22 14 22 4 2 4 5 3 12 1 6 1 1 37
9 5 6 1 12 2 13 37 11 6 48 5 10 7 31 3 17 31 3 38 1 8 21 7 5 47 3 0 4 19 9 4 11 3 28 16 11 9 1 1 1 4 5 20 8 0 2 36 25 16 37 12 0 27 10 6 7 8 18 46 0 27 12 19 26 2 4 2 6 0 3 62 3 20 23
-1 6 3 0 12 8 3 19 13 5 1 5 19 9 5 10 25 33 21 16 17 2 2 5 7 30 3 1 22 1 14 5 15 11 23 10 0 16 2 19 1 4 5 12 11 25 14 13 63 20 7 1 14 5 2 28 4 31 25 11 0 27 6 122 22 31 2 12 0 10 17 1 7 19 11
5 15 15 16 11 4 2 0 9 3 7 39 9 9 58 5 4 6 2 27 7 5 9 16 7 3 29 14 9 33 3 33 9 6 67 58 27 2 0 7 5 18 3 20 16 5 10 34 16 27 4 13 4 6 1 6 11 0 39 1 10 4 21 6 7 3 3 18 27 9 3 32 26 1 1
13 8 8 6 1 4 0 39 3 55 12 14 6 14 27 0 0 0 4 13 1 10 49 0 1 2 5 1 0 2 8 42 48 29 4 4 23 34 7 0 8 9 9 47 33 3 2 14 5 47 18 15 10 8 16 22 26 15 11 6 14 5 45 3 4 8 10 9 5 1 0 2 18 40 15
8 5 0 11 54 4 3 9 9 6 6 6 17 13 53 9 0 18 11 0 30 2 34 2 22 16 8 15 8 1 3 20 3 10 27 3 5 0 12 10 16 7 1 2 20 19 8 18 32 12 41 16 39 9 4 8 6 1 11 1 6 4 41 12 3 60 0 1 3 12 4 32 48 16 14
7 26 9 6 33 27 3 2 7 17 11 0 33 11 18 7 4 30 13 41 45 19 1 26 5 7 4 2 10 47 2 14 10 5 1 38 15 1 2 29 6 37 11 14 0 9 20 26 23 3 42 7 22 8 2 6 8 3 6 1 36 18 9 11 6 11 3 0 18 4 2 4 11 13 12
2 16 4 40 6 29 2 17 7 37 11 7 8 0 0 78 8 7 31 5 28 35 11 7 24 37 7 18 6 15 7 25 12 0 2 32 14 17 6 1 0 6 11 0 20 22 0 6 10 1 13 3 6 0 4 28 9 0 19 22 1 9 9 14 1 21 0 31 5 28 16 18 1 38 9
39 1 12 26 10 16 67 2 0 1 13 20 0 7 10 69 21 13 6 1 22 53 10 5 0 1 10 3 12 13 0 30 2 6 14 40 12 13 10 1 38 2 19 6 3 12 0 0 30 10 7 20 9 33 20 23 19 8 17 5 13 11 10 5 20 7 3 8 0 4 2 12 19 5 9
5 12 16 37 53 2 9 5 2 6 9 21 1 60 16 12 25 15 34 1 11 30 27 0 11 31 10 18 6 5 11 41 6 15 29 0 14 10 0 34 8 13 20 22 1 9 6 6 4 6 0 15 13 7 2 0 1 17 8 29 21 8 7 0 9 30 17 14 8 28 10 0 7 1 3
5 4 14 14 57 49 16 2 1 11 1 3 8 5 6 23 3 1 15 4 2 10 6 1 13 0 0 8 7 39 54 3 37 2 8 4 38 17 2 2 2 38 31 18 3 1 12 18 2 6 0 5 3 5 4 0 11 2 40 20 7 80 9 10 27 54 0 23 4 3 12 3 5 32 15
39 8 14 16 5 3 47 14 1 10 39 16 7 34 1 38 3 13 2 26 1 0 4 0 23 23 0 1 8 1 1 6 5 4 2 7 23 35 5 7 6 39 1 5 35 15 34 18 35 11 38 1 6 13 1 7 2 41 2 5 16 23 7 1 4 23 11 12 3 0 11 42 35 4 1
3 10 9 13 0 47 1 8 0 0 8 7 32 19 6 3 3 55 2 3 18 8 21 4 15 14 14 26 6 33 3 10 2 2 14 10 3 2 18 7 12 3 2 25 27 4 1 70 11 0 16 15 13 5 30 38 3 5 25 10 11 4 17 15 3 0 21 25 4 34 1 0 35 53 3
0 32 6 3 15 0 0 14 34 7 34 18 1 0 6 12 1 3 22 5 6 25 16 4 1 15 18 11 2 7 31 6 0 0 4 13 4 35 4 16 4 4 14 12 24 28 59 8 12 39 10 12 23 0 1 34 10 17 44 3 6 26 9 5 48 16 2 4 1 29 23 22 5 11 4
