25 75
13 0 33 3 1 2 13 11 10 9 8 29 3 9 1 18 9 8 41 22 11 19 21 8 5 9 1 2 33 19 19 8 0 9 4 6 27 46 20 3 5 1 2 3 24 1 62 0 13 10 6 6 4 19 3 10 11 4 12 2 9 41 24 19 49 4 0 13 38 24 4 8 50 5 1
12 20 0 5 13 45 31 42 2 14 0 0 8 1 4 48 15 8 28 19 2 26 26 0 38 38 3 16 20 2 12 8 0 33 3 26 6 4 20 59 5 10 12 10 3 0 10 16 3 2 7 7 21 12 0 32 3 43 4 13 27 1 1 5 2 15 12 9 17 10 4 10 1 10 6
20 7 12 28 5 6 9 40 22 1 18 11 37 10 0 9 17 17 29 11 6 20 12 4 20 0 6 60 5 21 11 1 14 4 10 33 2 1 46 14 7 5 3 17 0 5 6 2 19 15 5 2 1 0 4 30 6 23 0 21 6 0 10 9 13 12 82 3 10 12 25 5 7 30 6
23 9 34 12 1 19 23 11 5 12 1 2 24 27 6 3 21 13 26 4 12 35 51 5 8 12 0 37 1 18 12 9 0 2 1 0 17 20 16 39 20 23 7 6 7 24 39 11 11 2 12 9 0 12 2 4 13 22 22 13 6 19 21 5 11 0 23 4 19 27 8 0 15 8 4
8 0 7 12 6 4 6 9 73 8 1 15 11 26 13 38 36 13 18 14 12 3 4 4 25 46 7 23 28 4 3 20 8 13 5 3 19 31 15 0 4 13 13 19 4 7 1 11 4 13 15 14 0 17 17 21 25 9 25 0 10 9 17 30 15 4 2 15 6 33 12 1 9 1 13
22 46 2 27 3 9 22 2 37 6 3 12 19 11 3 12 9 9 52 17 15 0 9 8 33 24 6 54 30 6 13 19 27 10 1 3 0 8 10 1 29 26 25 17 9 13 17 13 13 9 5 7 9 13 26 12 1 7 10 14 11 2 6 11 28 0 10 1 20 3 7 9 5 6 6
2 2 45 11 8 2 7 6 6 19 25 11 15 14 2 2 6 5 36 20 19 8 0 13 7 34 22 25 6 14 9 9 10 22 17 18 0 20 16 17 24 27 11 3 4 10 3 13 11 2 29 11 0 8 16 6 7 11 25 4 37 9 17 23 28 16 18 39 28 2 16 10 0 0 2
21 1 7 2 7 8 4 43 1 7 5 13 26 3 1 12 4 13 15 8 11 57 35 2 9 56 33 0 18 3 34 42 13 3 13 15 17 19 1 10 75 1 25 5 2 9 17 19 5 1 14 27 5 5 10 5 9 6 33 4 2 2 0 15 16 3 16 2 8 13 18 2 1 13 20
28 32 0 26 6 27 16 24 17 7 7 8 2 14 1 20 3 6 7 4 6 4 19 16 18 47 18 2 32 3 7 7 13 6 23 0 2 47 14 25 2 6 1 9 6 24 18 39 24 31 7 20 0 3 16 16 20 37 2 12 4 15 17 29 2 3 10 5 1 16 3 21 4 10 3
1 19 24 5 13 10 29 13 6 25 0 2 10 45 1 3 8 0 11 0 63 4 17 22 58 11 10 19 1 16 0 2 3 14 65 8 15 34 8 2 2 56 6 12 5 3 1 0 1 2 0 8 1 24 4 2 24 4 0 2 8 2 13 14 26 12 95 2 15 15 9 15 11 0 9
12 1 3 55 0 18 3 3 21 22 8 6 0 15 2 1 19 12 62 1 20 9 34 1 9 24 11 4 32 42 10 7 17 0 49 10 4 20 11 3 18 13 31 19 15 4 19 1 6 1 8 0 6 5 16 3 0 2 6 57 11 0 2 8 9 10 3 7 0 13 43 0 32 39 12
14 48 15 18 0 30 39 6 34 3 6 12 17 3 10 17 0 7 11 4 1 14 5 7 0 55 1 21 55 21 12 14 21 7 10 2 14 56 11 13 14 3 10 8 29 3 0 14 0 19 0 7 23 5 2 17 6 6 0 13 2 9 12 24 31 29 3 1 2 8 23 14 6 22 1
13 18 0 31 8 1 10 24 34 10 27 48 7 9 12 12 5 7 14 11 30 12 0 17 20 5 15 4 45 4 23 8 2 2 15 6 26 30 6 34 7 7 1 4 0 29 8 2 1 1 22 0 6 32 3 14 23 18 12 23 7 2 1 42 3 17 18 2 22 27 5 1 10 13 12
7 3 0 36 31 1 15 8 2 4 8 2 0 0 0 32 28 0 20 42 8 0 43 5 24 0 3 16 8 41 16 2 22 0 32 12 8 2 2 17 6 16 7 11 29 1 6 27 24 14 13 3 25 22 2 13 0 13 1 0 59 20 3 1 11 27 16 27 3 16 29 28 3 9 15
14 5 5 12 10 0 13 3 37 11 1 2 5 42 8 0 6 33 68 3 9 0 6 12 1 10 27 6 18 14 8 3 1 6 27 9 1 10 11 31 23 3 20 32 29 3 33 14 6 11 31 14 12 3 39 2 11 53 4 1 7 17 8 0 13 10 4 27 4 21 5 7 3 2 40
-1 12 13 5 0 0 18 2 3 42 1 6 67 29 26 12 13 33 18 6 5 3 9 2 23 7 8 0 42 10 2 1 75 17 17 8 2 0 10 3 29 4 4 1 34 2 14 12 22 10 9 3 28 40 14 13 5 15 20 1 1 18 2 8 24 0 3 6 23 26 7 24 9 5 15
3 7 35 9 12 34 3 7 1 1 0 4 33 3 9 15 2 15 4 5 1 6 40 13 8 0 10 8 4 52 13 23 15 68 8 3 0 22 31 20 3 25 0 12 10 38 13 38 1 13 1 12 8 5 1 14 13 7 18 4 1 8 8 27 4 5 12 14 5 15 4 76 10 24 4
5 37 7 25 4 42 18 5 14 37 6 13 4 40 5 15 13 0 11 8 22 6 4 10 0 43 31 2 1 28 30 5 9 2 1 33 5 12 7 9 10 14 0 11 10 2 0 73 14 23 0 1 2 15 47 6 23 4 16 0 19 1 30 19 1 11 3 8 13 20 6 7 0 12 10
2 47 67 24 15 19 4 19 16 6 17 48 3 4 20 4 0 6 0 4 2 7 0 2 16 7 3 30 3 2 3 0 7 1 6 1 9 24 23 6 16 21 12 2 2 22 11 8 20 4 65 4 11 1 0 3 34 17 13 8 75 21 20 30 5 12 7 20 35 0 0 5 1 16 2
7 2 1 10 14 2 6 6 10 21 3 65 13 44 8 30 11 3 41 38 25 1 5 39 0 3 54 21 18 5 2 3 3 28 0 1 23 10 7 1 47 4 4 19 33 24 9 14 6 0 3 0 3 1 4 29 7 1 18 3 0 15 2 11 3 14 10 0 45 9 28 1 22 22 5
12 7 7 18 15 6 14 13 2 44 3 4 51 20 8 3 12 15 6 2 9 24 37 10 19 8 9 6 7 6 11 19 21 3 15 26 1 34 22 26 68 6 2 13 6 23 15 4 6 0 17 23 0 18 17 22 15 6 10 9 18 0 12 7 20 1 34 4 6 3 7 1 3 9 20
22 6 6 16 9 36 6 14 5 28 4 11 1 20 3 1 2 12 20 28 19 4 16 0 2 10 2 12 26 14 5 22 15 2 7 3 8 30 24 29 20 31 12 15 28 7 23 23 7 19 33 8 2 2 7 8 4 16 7 8 16 16 24 0 11 24 1 1 7 30 2 26 7 16 39
14 5 9 43 3 0 21 7 0 71 27 17 11 10 16 1 6 3 5 12 4 12 5 41 32 0 2 18 14 2 1 13 1 29 42 5 2 4 19 1 29 0 12 4 22 19 32 25 17 7 8 5 7 5 22 8 4 13 1 34 13 30 16 5 5 2 3 30 30 23 5 18 13 3 2
24 22 3 15 2 3 3 12 1 0 22 34 3 3 15 15 10 2 1 7 6 24 35 3 6 0 2 14 3 5 7 20 2 16 17 42 2 16 7 83 3 6 11 3 31 24 40 22 13 2 1 11 0 6 2 19 15 1 30 12 7 33 3 43 39 19 29 4 3 8 5 0 5 16 27
3 2 13 7 23 23 1 1 6 24 1 31 12 6 8 27 11 11 2 23 0 18 9 21 5 29 1 8 17 9 15 20 7 9 38 13 14 5 15 8 14 24 63 4 2 22 2 10 7 52 6 16 30 14 7 6 2 35 0 3 11 7 6 13 3 1 17 20 17 13 3 0 4 54 16
