25 75
10 2 8 9 26 1 0 19 3 19 23 6 7 86 2 3 2 28 16 13 17 1 22 9 44 7 26 5 5 9 20 36 4 20 27 8 29 25 30 10 9 5 3 11 3 24 4 15 0 1 2 14 12 4 2 3 28 16 4 0 3 21 8 7 8 19 0 12 44 20 12 11 21 15 2
4 20 10 36 73 16 1 2 4 35 7 0 8 4 2 30 3 8 7 7 16 45 23 5 24 23 0 30 15 3 0 5 10 31 1 0 5 3 8 3 11 38 21 1 5 2 14 2 6 8 28 7 19 2 2 8 27 7 8 2 26 41 11 7 48 49 4 8 1 30 14 3 5 5 3
37 31 17 17 1 3 2 14 4 13 1 15 19 11 0 2 29 2 8 0 8 11 57 1 0 2 8 2 0 0 12 12 8 24 6 5 80 12 13 4 12 20 19 22 29 12 7 17 8 2 1 1 18 1 34 4 11 18 13 29 8 8 19 26 14 20 49 16 6 14 0 17 13 14 7
27 5 7 27 1 1 23 21 8 11 6 12 1 56 0 2 12 1 5 2 8 37 26 1 10 0 27 14 18 9 4 8 8 6 8 0 7 16 20 47 1 33 2 42 1 22 18 5 10 13 14 16 11 8 6 18 10 30 0 4 22 38 3 24 4 6 7 1 24 26 17 21 14 10 17
21 5 8 57 0 2 8 5 34 4 0 7 8 14 18 1 10 4 19 6 7 4 5 20 11 1 17 4 16 6 54 7 17 70 3 6 0 24 12 0 29 5 10 48 0 30 45 13 25 6 4 6 14 4 0 7 2 33 1 13 2 3 3 23 6 6 23 13 2 21 18 16 10 31 13
25 0 4 9 17 28 5 47 61 3 8 11 0 3 26 15 20 1 8 0 21 3 23 33 10 18 7 1 4 15 2 4 0 17 6 1 22 5 7 0 0 34 5 1 2 2 17 9 24 3 38 4 1 0 52 1 0 11 25 29 6 1 22 20 31 14 39 16 18 1 1 29 3 32 19
-1 5 46 9 1 13 5 2 24 8 1 43 23 6 4 4 10 0 6 1 1 8 0 11 5 1 8 0 11 0 111 5 2 11 3 16 1 22 35 7 2 2 8 3 4 1 6 33 33 16 13 5 12 11 52 7 5 2 9 10 8 11 29 0 20 12 0 10 9 92 15 15 5 22 50
2 1 19 19 39 22 1 6 5 0 11 17 4 2 0 5 4 33 6 2 19 4 21 3 7 41 0 0 5 10 7 18 26 25 6 39 46 0 2 5 4 1 25 6 4 38 22 39 3 4 10 3 22 64 11 10 9 5 3 14 11 3 30 5 73 26 11 3 6 12 10 3 1 21 6
0 9 26 18 9 25 13 0 9 13 5 6 9 9 6 10 30 14 36 30 15 26 38 1 16 3 27 8 0 4 9 14 1 6 3 12 22 27 14 0 15 26 7 18 22 19 37 33 42 2 25 0 1 41 9 6 15 5 5 10 3 2 3 1 15 44 11 5 6 0 11 2 18 15 3
10 12 0 5 39 11 16 5 9 35 0 19 13 3 11 6 14 2 36 22 1 16 0 1 24 0 34 8 15 18 0 23 20 6 0 5 25 5 23 37 31 30 14 3 4 31 30 10 4 3 0 14 1 6 9 0 2 19 5 10 28 3 35 1 3 73 0 22 33 14 0 14 11 0 8
34 16 9 28 22 1 14 7 3 6 31 25 10 3 0 21 8 23 6 33 1 4 12 7 4 11 29 11 10 31 24 2 4 6 0 6 21 0 1 3 0 3 21 10 18 1 34 34 1 11 3 2 35 61 2 19 2 16 2 1 40 13 7 11 15 30 22 5 3 7 0 14 6 42 22
1 13 11 20 27 73 5 0 32 1 4 0 28 13 11 14 20 2 1 14 20 1 11 10 20 3 15 9 16 2 43 21 13 31 21 32 26 4 13 12 13 5 6 8 37 40 13 6 2 19 6 3 8 7 1 4 2 0 4 38 1 12 7 19 31 4 5 5 1 32 17 8 0 17 6
3 20 2 31 0 0 8 12 12 3 15 30 0 27 0 12 12 2 5 13 58 28 3 2 5 7 0 33 12 83 42 11 5 25 34 1 4 6 1 22 12 9 9 23 2 12 4 2 7 30 8 2 10 37 17 11 16 14 25 13 1 8 8 15 4 27 0 2 1 2 15 2 17 1 45
1 11 13 3 1 2 20 23 4 19 11 18 11 7 12 14 17 9 11 33 51 2 46 7 4 21 18 14 5 39 18 1 7 13 8 1 20 12 40 11 0 37 9 9 10 29 5 6 11 6 1 14 18 6 5 22 13 30 4 0 17 8 0 5 1 21 1 15 14 8 8 6 58 8 17
11 7 1 2 1 6 2 0 32 13 1 21 8 7 46 11 18 30 26 6 1 8 9 0 34 6 1 26 33 1 15 0 1 16 14 29 14 5 3 3 58 8 57 26 7 5 22 1 16 4 45 0 1 29 9 8 7 32 23 6 6 6 44 5 2 8 2 30 2 2 3 16 27 13 2
4 7 0 18 18 8 3 7 21 19 39 10 24 21 0 6 5 27 38 80 7 6 22 13 14 41 12 23 2 1 33 6 0 5 17 12 2 14 32 1 13 3 11 7 4 2 11 25 19 0 9 47 40 5 3 5 17 0 13 5 2 19 26 0 8 17 29 1 2 8 9 7 1 6 8
-1 35 2 3 25 7 0 8 3 19 16 13 13 0 39 26 0 0 25 12 3 1 4 25 15 14 29 2 13 8 36 0 11 12 8 0 3 0 14 43 16 4 27 29 6 2 0 40 7 8 4 15 0 23 21 46 5 3 12 3 2 39 37 24 40 12 19 0 4 3 11 19 0 18 15
12 4 10 0 4 1 31 26 15 19 4 0 8 0 24 7 13 26 8 8 0 0 10 31 18 2 4 21 28 9 2 24 10 13 37 10 18 6 3 21 3 55 24 2 29 6 34 7 3 13 1 44 5 4 6 30 20 5 0 13 6 21 1 8 6 3 0 33 13 15 18 2 28 7 48
6 13 14 10 20 6 36 10 16 3 17 2 2 7 33 2 34 15 3 1 16 24 5 1 6 18 2 14 13 6 2 0 18 3 0 5 0 17 34 4 9 15 1 7 19 14 6 1 0 54 41 1 12 121 11 18 15 2 20 34 0 17 6 7 5 3 32 0 8 24 4 16 34 2 3
24 36 0 9 24 0 4 0 2 1 5 17 2 16 7 2 8 76 0 29 1 25 0 1 1 13 5 4 35 5 5 13 13 23 13 0 9 45 10 40 15 10 0 28 15 20 3 39 15 1 13 2 32 12 35 8 0 36 1 62 26 3 6 4 10 22 2 9 0 1 12 7 13 13 2
0 10 30 2 0 10 9 13 38 3 5 19 7 25 27 4 13 7 15 4 20 9 2 30 9 5 44 3 44 0 10 9 1 9 22 8 6 32 5 17 34 8 33 1 0 18 13 35 2 0 13 17 27 2 10 15 4 28 46 20 3 15 5 2 7 8 24 4 2 29 27 4 1 14 3
21 3 4 7 1 31 5 41 8 9 2 6 20 10 2 15 5 14 65 2 4 4 18 3 17 5 50 12 4 33 39 0 7 3 20 18 2 12 1 21 6 38 6 13 5 10 16 27 0 2 7 14 5 16 1 9 36 5 3 4 28 43 2 3 4 23 9 9 8 31 7 16 10 12 28
1 4 19 4 12 12 6 17 11 8 14 0 17 37 11 9 24 10 2 15 10 10 6 0 5 14 2 24 0 35 16 54 4 16 6 1 11 106 2 3 19 5 1 4 11 20 8 1 16 14 11 44 3 8 10 42 11 2 40 34 7 4 7 20 0 3 8 0 2 15 0 47 3 21 1
26 13 20 8 0 20 17 2 11 4 14 10 10 2 25 2 23 17 8 6 30 14 61 5 13 21 15 4 9 37 17 2 7 7 24 11 1 4 15 9 23 2 5 20 63 16 6 10 0 48 11 8 0 25 8 13 6 19 21 7 3 0 31 3 17 9 16 6 1 9 3 27 13 2 5
7 40 9 12 19 3 0 14 35 0 3 21 19 2 22 41 8 14 3 10 8 12 17 17 12 1 8 22 14 7 22 13 16 39 19 15 12 0 10 6 8 7 10 5 14 2 1 7 5 0 10 21 1 32 14 27 3 34 10 27 9 29 5 10 11 18 6 0 21 31 22 14 12 9 13
