25 75
0 26 20 25 2 5 17 0 10 0 31 29 3 4 2 22 14 18 0 8 29 12 12 13 1 13 1 29 14 21 0 16 38 13 2 14 21 21 9 9 32 3 40 20 35 6 3 20 12 5 4 7 10 55 0 17 7 19 3 36 23 18 0 0 23 4 13 25 10 0 3 1 19 0 3
25 0 3 15 6 22 0 9 4 29 1 27 8 6 1 0 0 7 5 39 13 13 9 27 7 18 35 2 27 3 8 24 7 1 24 11 4 0 85 0 29 26 2 12 3 14 21 15 3 21 4 5 6 24 9 0 9 2 2 28 60 0 3 11 2 5 61 7 11 39 0 1 23 13 4
4 0 24 12 10 28 4 3 40 11 1 14 2 7 10 3 18 1 3 5 4 33 9 42 3 4 13 3 14 2 4 19 15 39 7 11 2 24 5 36 7 15 3 45 21 10 0 10 11 11 0 1 19 16 4 1 23 34 3 5 59 7 26 3 15 6 18 25 9 9 27 12 20 30 6
10 0 13 7 3 7 3 23 3 28 5 6 22 3 8 24 0 14 16 51 1 7 14 21 0 18 13 5 7 19 35 29 2 30 9 44 4 0 20 2 54 7 1 4 14 23 7 4 7 26 39 9 15 12 0 6 25 41 1 8 8 23 5 2 3 0 1 4 19 27 4 8 45 3 19
3 3 0 0 42 0 24 39 2 38 45 5 4 17 18 8 6 22 9 3 6 3 1 0 8 22 3 11 1 14 2 15 2 16 68 5 18 28 23 40 18 6 4 2 19 12 5 35 1 44 14 17 14 4 19 7 8 4 2 25 11 0 1 1 24 9 14 20 7 9 20 26 8 12 4
15 26 16 33 1 18 11 31 2 9 11 13 0 9 7 60 5 11 2 10 21 2 5 7 3 11 18 1 12 35 11 1 4 4 14 7 1 2 35 37 10 4 15 4 10 9 18 50 16 1 18 17 27 5 8 10 0 7 14 15 5 69 15 0 9 3 41 10 18 9 4 14 18 2 4
27 14 18 14 5 11 19 14 0 4 19 2 35 7 8 4 6 9 2 9 10 42 16 9 0 23 0 3 4 0 11 0 20 12 23 27 12 11 1 34 7 10 20 27 34 15 3 1 8 20 18 22 7 0 0 14 30 31 32 18 2 24 23 5 3 0 10 53 20 10 25 8 1 0 14
23 7 6 13 6 12 25 1 9 21 0 14 3 5 13 17 35 12 23 1 13 25 14 34 7 1 1 8 14 2 19 32 3 43 40 29 1 5 34 10 5 4 32 14 1 1 31 24 8 0 2 3 2 7 19 3 10 5 8 21 1 9 11 33 12 0 9 33 20 35 16 15 4 17 4
20 17 14 2 14 0 10 0 4 5 4 17 1 1 94 2 38 11 2 8 0 1 7 16 0 16 2 3 2 5 22 11 8 20 6 5 25 3 23 0 1 33 18 24 89 6 26 17 23 41 5 4 2 58 6 2 3 0 16 14 24 11 7 33 4 4 0 8 29 1 0 5 39 6 2
4 3 8 27 6 34 16 6 25 21 26 24 0 27 28 15 25 3 18 9 2 15 0 22 24 0 0 9 5 6 11 0 8 9 8 16 4 2 14 31 3 19 4 5 11 36 2 15 50 0 3 13 2 67 13 9 10 7 1 9 9 25 15 10 4 26 1 8 8 34 12 24 16 16 2
8 12 4 15 7 6 25 23 9 9 0 32 17 26 5 5 19 9 1 23 2 4 6 24 8 6 14 10 38 3 3 27 0 8 8 5 9 8 33 7 3 54 11 6 23 37 8 17 11 22 32 10 15 36 12 0 11 44 1 9 6 25 12 1 4 4 5 10 0 41 15 9 5 13 10
9 0 10 2 1 34 2 4 40 18 0 4 19 23 5 2 14 2 3 14 23 16 11 0 0 6 0 64 2 27 8 0 6 0 1 11 34 10 41 44 11 17 7 61 14 9 23 4 0 9 2 24 51 19 1 1 18 15 11 2 12 25 18 38 1 3 19 0 7 3 30 5 19 1 10
61 5 1 3 11 15 8 21 10 2 0 6 11 5 36 1 0 38 8 26 15 4 1 3 8 1 37 1 7 0 44 8 12 17 2 18 28 2 4 25 4 9 2 2 19 40 1 28 30 16 5 1 19 4 16 1 30 12 72 34 0 53 9 5 4 8 21 2 7 4 5 1 13 13 5
19 34 21 17 25 17 3 4 14 9 4 3 52 2 10 1 30 2 17 3 14 3 32 11 21 15 1 34 28 11 2 5 9 13 11 2 2 17 8 2 45 2 2 46 9 9 8 32 9 8 17 21 11 3 6 9 28 5 4 19 4 19 2 25 25 2 14 7 9 17 0 6 39 7 3
7 34 2 13 0 8 4 7 19 9 12 20 7 15 9 14 46 11 32 15 19 16 11 28 20 8 1 14 4 4 6 22 0 3 11 55 7 22 10 47 3 32 14 1 18 6 1 18 30 22 34 8 1 13 23 9 3 24 8 27 4 0 3 10 17 4 0 1 1 6 24 13 10 13 7
4 16 3 5 25 4 6 12 2 7 6 10 13 6 12 4 15 9 4 3 24 49 22 8 5 30 17 9 17 5 9 1 4 3 8 23 12 3 17 18 14 2 22 12 2 12 33 0 1 15 0 14 25 4 23 11 28 15 16 6 8 21 11 2 2 21 36 12 21 29 18 14 45 25 30
1 3 9 7 5 4 18 21 3 6 9 43 0 7 8 12 4 24 11 16 23 0 13 12 3 24 71 5 7 33 15 2 2 40 9 6 30 9 36 48 38 0 3 22 19 23 17 0 14 3 10 7 12 28 12 1 7 0 10 15 5 3 6 21 0 21 6 7 2 13 15 1 4 30 26
3 5 4 1 14 0 0 14 0 18 9 6 32 13 36 18 1 33 15 2 18 0 3 25 53 0 12 22 2 18 30 0 13 3 9 32 32 23 10 14 17 2 11 24 20 13 3 18 14 6 3 11 16 7 11 16 7 3 8 1 16 12 0 33 59 10 20 19 3 23 1 20 10 13 7
0 0 1 3 1 13 4 58 8 4 16 20 9 0 26 0 2 22 0 0 3 3 15 2 11 16 13 2 11 0 21 24 15 10 3 27 0 14 29 7 9 31 0 2 4 4 1 70 21 53 3 12 2 12 8 41 61 29 23 0 0 0 5 1 19 15 18 4 16 33 33 20 7 9 21
1 6 0 51 7 41 3 0 0 13 6 14 12 18 0 45 2 4 15 6 0 6 107 6 10 42 20 24 13 8 5 2 1 3 7 16 12 20 10 43 25 21 11 2 9 4 3 0 8 3 1 0 10 14 5 6 5 10 2 13 20 5 7 12 2 81 0 17 8 11 7 19 27 28 5
5 4 15 7 8 23 10 11 38 55 25 17 3 5 4 18 63 26 13 19 8 2 2 0 3 8 1 6 32 3 29 6 6 13 1 13 7 64 3 9 10 49 22 8 20 1 8 12 4 9 9 18 3 13 21 8 24 2 6 5 54 12 21 1 2 21 1 3 3 9 10 4 14 5 3
19 6 2 1 2 19 16 8 1 3 2 0 13 1 7 0 4 2 7 13 7 0 15 14 3 5 6 7 43 3 2 14 0 3 23 3 12 43 27 1 25 55 0 3 47 29 6 17 8 40 4 10 1 0 34 24 37 3 29 78 17 0 36 21 3 4 6 4 6 26 7 4 5 35 19
7 19 8 22 48 13 4 18 2 5 7 14 8 0 36 22 41 2 17 7 1 9 51 3 4 5 17 4 33 6 19 9 3 17 2 0 23 7 10 3 4 10 49 13 3 27 1 26 15 12 6 27 11 17 13 3 0 7 6 83 14 3 23 1 0 11 1 7 11 26 4 17 7 7 9
1 5 3 0 6 11 5 5 30 26 29 6 38 9 29 38 36 15 11 3 5 4 30 2 1 21 0 6 0 2 62 10 17 4 13 0 8 5 1 9 8 5 2 9 12 23 16 12 1 45 6 8 30 9 54 12 40 5 3 7 24 3 13 3 10 41 38 4 21 7 8 5 4 2 4
18 1 1 3 1 10 15 59 1 21 16 7 37 0 10 4 1 11 6 22 17 15 5 12 7 4 21 18 23 50 56 9 2 1 6 30 42 3 10 12 5 37 8 31 7 2 3 7 3 2 0 0 33 6 5 8 10 3 24 6 19 3 2 3 31 17 8 26 8 0 20 9 50 2 15
