25 75
12 0 7 31 9 0 9 9 8 14 8 3 3 24 28 0 9 19 12 14 13 4 11 19 12 30 22 66 32 14 4 11 2 17 18 27 3 0 10 5 5 6 13 9 13 3 3 29 10 29 5 0 6 9 6 9 24 51 38 10 12 0 37 0 8 2 10 3 7 52 23 6 10 7 6
4 54 15 20 11 12 2 19 5 25 9 16 12 7 20 12 0 15 26 0 32 33 4 0 1 4 59 25 3 49 21 10 17 18 19 15 2 9 2 14 31 3 1 15 16 9 10 15 8 17 1 7 2 17 8 3 19 1 21 13 2 5 8 30 11 31 3 0 14 1 17 2 13 0 25
2 0 2 2 12 8 0 4 12 13 40 32 6 6 13 5 4 6 40 0 1 35 26 10 18 7 10 3 5 3 1 11 8 37 42 4 22 2 7 5 13 6 11 39 2 6 1 0 19 54 34 15 54 10 7 19 10 8 7 54 5 1 53 15 5 20 10 16 0 9 12 3 10 0 8
-1 17 11 20 8 7 18 8 12 10 35 12 25 12 20 38 37 1 8 36 1 3 6 12 8 32 5 3 18 5 9 6 1 1 13 14 2 26 7 10 22 2 19 3 10 6 1 61 5 14 2 9 12 40 4 8 2 12 7 0 18 33 4 43 16 6 4 7 36 12 28 13 4 15 6
22 5 1 5 2 11 7 4 6 14 4 22 5 58 10 12 17 51 20 4 8 4 40 12 16 0 7 34 23 12 12 0 13 9 12 3 10 0 16 30 5 27 1 6 4 2 11 12 5 18 2 12 26 26 10 0 58 20 25 13 7 4 21 7 17 19 5 47 4 7 0 0 1 6 31
29 12 0 5 3 5 6 35 8 1 25 13 20 21 5 2 0 0 5 11 10 20 50 11 5 4 17 9 21 1 10 16 44 10 18 0 73 4 18 23 7 0 4 50 9 18 8 9 20 6 26 7 36 2 1 12 3 13 5 44 3 9 1 42 6 0 0 8 11 21 19 11 4 14 1
11 18 11 3 3 0 26 4 14 15 32 20 30 24 0 5 2 16 4 1 2 2 6 4 26 20 4 5 23 23 3 43 24 17 6 4 9 6 13 52 0 8 3 16 2 8 5 1 3 3 2 3 15 13 38 7 21 13 4 0 48 28 36 8 40 17 1 13 23 7 32 17 4 19 11
5 5 0 16 21 0 7 1 5 1 7 5 15 5 22 16 1 4 14 39 6 0 4 12 18 4 4 28 30 15 11 12 0 2 31 0 4 4 29 29 4 3 20 2 1 24 9 45 6 28 12 41 10 46 9 5 42 14 18 8 1 44 18 9 9 4 10 10 16 22 29 4 9 17 19
0 6 14 1 3 12 13 10 2 14 20 2 4 16 30 68 36 7 7 3 11 22 2 3 3 4 12 10 18 33 41 4 1 0 3 7 2 6 16 3 3 0 3 0 1 38 5 7 10 2 0 61 38 4 33 56 11 12 2 1 0 10 12 6 60 0 7 19 12 24 14 20 41 5 14
2 29 10 6 9 5 0 1 7 2 14 0 5 35 1 25 35 1 24 2 51 21 24 31 3 3 1 13 11 7 1 1 17 24 22 13 0 6 0 51 42 5 1 2 52 2 71 18 1 21 3 29 8 14 15 9 51 13 4 10 9 3 9 3 8 4 8 9 12 20 1 2 2 16 10
22 6 5 25 23 15 21 0 4 35 6 9 32 4 4 5 6 44 16 15 20 19 1 20 11 4 7 2 69 8 26 2 5 4 3 2 1 12 5 30 20 3 0 0 38 10 25 10 46 4 13 0 52 34 12 0 8 3 64 7 8 0 30 15 1 2 8 0 6 2 5 0 15 7 4
47 1 0 11 12 3 20 22 5 22 24 25 3 11 6 10 7 4 23 11 6 4 11 13 27 0 12 9 10 0 2 7 4 44 13 21 1 8 14 28 1 14 17 31 6 23 0 17 7 13 5 8 97 1 24 4 41 4 0 3 3 7 7 28 10 34 4 33 28 0 13 0 1 1 14
35 6 6 12 13 27 4 16 20 0 2 4 19 22 12 8 0 1 3 20 9 27 3 16 7 3 16 4 8 6 7 25 9 13 1 0 7 31 24 37 11 16 6 71 5 10 4 8 4 36 20 5 20 28 6 12 35 0 13 23 11 27 2 1 19 16 2 27 5 6 9 6 27 19 7
0 16 9 43 18 9 2 7 23 8 22 8 14 15 0 15 2 15 0 41 7 18 14 2 10 8 5 1 22 14 7 8 36 21 15 7 20 6 55 25 13 19 1 9 4 3 6 4 8 3 11 38 7 5 13 2 7 27 12 10 2 28 29 26 3 7 12 1 5 0 13 75 20 5 4
10 9 18 20 4 5 10 46 6 6 19 10 2 33 2 27 5 51 39 12 34 11 23 3 2 9 14 2 11 12 2 5 1 27 10 15 11 1 22 5 28 23 16 15 34 6 5 13 0 18 9 2 0 10 1 2 3 2 3 0 8 9 45 39 2 16 7 6 21 31 3 29 14 0 26
10 5 4 8 30 8 24 12 10 6 11 2 2 7 5 8 2 26 13 1 6 19 2 4 19 58 6 6 5 11 4 28 4 7 0 9 1 20 4 11 5 5 1 73 17 16 26 61 5 5 2 17 15 15 25 10 6 34 13 11 2 17 31 24 37 13 0 4 25 2 13 2 39 8 3
7 33 18 4 8 4 23 32 44 31 28 8 17 30 0 9 13 46 3 2 8 20 8 3 18 19 2 61 1 15 10 2 2 20 5 7 5 0 6 13 34 34 16 8 5 9 6 18 2 1 20 11 27 41 2 15 0 0 2 24 7 1 18 14 9 11 3 12 8 7 6 17 3 18 6
-1 17 6 1 15 17 2 2 12 1 0 4 15 4 9 10 0 2 10 11 21 8 4 47 4 55 6 21 11 1 1 14 3 37 17 51 2 22 3 37 18 0 52 1 8 31 36 1 0 3 2 25 4 15 4 18 16 0 12 17 27 2 2 15 35 24 12 9 26 15 28 14 16 4 6
13 2 24 7 11 61 14 13 14 11 12 3 3 8 20 8 18 2 9 27 11 21 9 37 7 31 2 0 2 9 1 10 4 0 11 29 1 10 2 12 19 17 51 4 0 11 34 18 21 5 21 4 13 12 1 15 36 4 11 4 23 14 5 16 8 7 25 59 1 2 5 12 5 2 26
31 3 2 5 7 8 0 14 1 50 14 64 0 4 3 13 0 15 24 24 4 11 6 9 12 15 8 30 21 12 8 93 0 3 14 28 23 11 20 3 52 6 25 7 5 2 20 5 0 2 1 4 9 5 5 1 36 4 11 8 44 9 0 17 6 15 6 15 24 0 0 24 5 7 7
5 11 13 3 33 19 0 3 11 30 15 62 2 42 16 19 13 10 1 3 3 22 76 7 16 17 21 2 1 13 51 4 5 13 15 7 20 6 24 11 5 6 5 15 5 1 30 1 30 10 4 0 14 12 1 12 2 1 14 17 15 0 34 1 5 4 0 11 20 0 3 2 50 11 14
3 22 45 1 9 3 13 29 3 19 2 50 27 10 13 7 18 0 10 1 9 38 14 6 3 7 0 5 2 1 71 13 3 26 41 4 53 1 34 52 16 8 16 7 25 2 0 27 1 13 11 1 7 0 2 3 28 2 36 1 2 34 0 9 6 1 3 3 23 1 5 3 25 8 3
-1 2 1 17 29 4 5 10 20 7 2 22 4 1 11 12 9 4 7 13 6 16 0 0 3 21 17 2 11 17 4 7 0 16 1 14 3 14 9 1 30 12 22 31 13 15 22 25 22 12 5 21 3 21 7 8 4 37 5 17 4 73 29 33 8 4 18 20 10 58 40 6 11 0 13
37 9 18 1 5 8 2 13 3 19 20 22 8 25 12 1 19 18 3 3 2 38 0 24 10 20 6 0 16 1 3 33 42 6 5 5 19 4 4 30 2 3 27 14 12 2 16 29 0 10 4 0 29 29 39 37 4 3 42 1 3 11 12 23 27 34 18 22 1 6 6 13 1 0 6
0 39 36 19 18 7 33 5 3 13 11 11 30 29 0 27 2 1 25 1 73 2 22 17 8 25 0 2 23 0 20 18 9 3 1 7 28 0 44 8 10 17 5 24 4 1 37 24 15 18 10 11 9 6 6 7 11 8 4 5 14 1 18 15 2 3 2 5 5 4 33 16 12 2 16
