25 75
16 9 14 0 0 4 24 12 5 5 13 5 46 11 3 2 11 7 0 5 35 0 18 12 17 17 3 42 2 18 15 6 12 32 0 29 20 8 35 3 15 6 13 8 22 2 3 0 17 4 0 23 23 65 6 15 7 0 16 70 8 7 9 11 43 11 3 1 3 16 6 5 6 30 10
38 2 3 6 4 50 16 2 33 9 3 53 17 15 35 7 14 11 1 12 11 23 43 5 11 13 3 0 3 10 24 21 10 7 1 18 5 20 24 11 36 7 29 20 14 0 22 2 17 2 28 5 2 2 5 5 11 0 16 7 4 7 0 24 5 28 20 52 2 2 12 3 12 2 3
2 3 12 4 12 31 15 9 30 19 29 8 4 0 5 18 6 6 2 10 8 11 0 17 3 39 18 12 2 2 36 4 0 21 4 8 2 0 14 3 10 21 46 7 9 12 4 38 3 42 23 0 40 1 5 5 53 3 2 5 0 4 26 1 21 12 61 31 0 56 6 4 10 9 1
10 8 2 12 16 5 13 10 4 0 31 29 21 1 38 24 20 7 4 4 11 10 35 2 15 19 7 6 11 21 1 22 8 0 17 16 17 6 15 36 1 9 3 16 33 21 14 11 21 14 3 14 26 3 4 35 4 9 13 20 24 0 29 18 5 17 9 12 2 16 34 5 7 13 1
2 6 15 14 0 12 19 24 2 46 11 16 3 4 30 0 12 7 6 2 21 6 6 8 30 3 6 21 4 12 21 4 12 13 7 27 8 4 53 14 2 2 19 5 2 14 37 1 4 10 31 12 20 45 3 17 30 13 20 0 14 1 5 8 2 24 27 13 16 50 7 2 6 23 4
6 5 8 31 4 0 34 13 4 18 2 11 16 29 5 34 5 4 42 11 17 1 0 1 10 3 22 3 1 2 24 18 4 17 0 3 3 2 28 35 9 11 22 19 0 6 4 8 35 38 46 0 12 6 24 29 0 11 17 10 45 2 2 26 7 20 11 0 7 2 34 3 2 18 38
46 12 0 30 3 5 2 16 7 7 21 2 3 7 19 3 14 19 54 20 11 0 56 21 14 8 19 5 39 7 7 2 2 9 20 5 1 3 3 11 14 0 2 7 46 3 37 9 10 0 13 0 20 0 1 3 5 17 17 9 34 7 0 60 31 14 12 17 2 2 11 21 18 23 2
1 16 22 31 16 7 1 28 44 13 10 8 2 3 14 3 5 8 4 0 5 7 19 17 12 10 1 53 27 21 43 5 0 0 5 0 7 15 23 27 28 11 7 20 4 6 0 4 25 37 13 31 8 16 17 4 7 9 47 0 5 0 6 17 18 28 28 0 5 2 13 15 27 2 7
7 1 11 13 5 2 17 9 18 32 9 32 12 7 4 2 43 14 1 7 33 41 18 2 6 24 16 25 17 44 18 11 5 9 1 5 24 23 8 5 5 1 41 9 4 3 16 1 1 12 5 2 0 21 21 6 54 22 0 5 24 23 20 10 3 20 8 10 18 2 15 6 12 6 13
5 1 2 10 8 20 12 3 6 26 3 1 30 9 8 20 1 64 16 13 25 4 13 17 6 7 39 30 9 2 12 7 11 69 23 43 1 3 2 7 4 0 2 8 0 24 22 18 42 28 34 11 0 19 8 3 7 7 10 7 0 23 11 3 4 53 7 2 2 2 26 6 0 5 14
42 17 5 9 2 24 2 10 16 1 10 17 28 13 22 7 6 0 1 3 0 1 3 10 39 23 12 2 23 59 8 0 4 0 7 18 2 2 25 12 6 30 5 8 26 9 18 7 7 38 21 1 6 10 16 14 1 3 42 34 13 19 15 33 16 9 26 6 3 4 26 0 28 13 2
23 7 0 2 12 21 16 13 26 35 7 6 2 11 17 25 44 12 30 2 1 8 11 1 80 13 17 24 0 4 6 0 3 49 2 43 17 15 17 8 6 6 4 6 0 4 2 37 7 9 1 21 4 19 7 13 10 8 23 2 2 2 2 14 6 5 17 24 2 0 38 2 14 51 2
9 22 1 10 11 1 9 12 1 3 0 8 3 18 0 8 18 16 19 8 22 6 2 20 32 8 39 19 6 10 95 11 3 12 20 18 10 7 14 10 12 22 7 30 1 1 16 0 27 0 2 34 27 11 11 1 28 11 0 3 19 0 5 12 4 7 33 23 5 55 17 4 3 3 25
13 8 6 23 35 32 13 5 13 0 1 4 2 3 10 1 6 8 8 12 8 3 2 5 0 11 5 1 22 17 45 27 4 15 2 2 3 1 19 9 9 18 24 27 19 14 8 0 19 39 19 2 2 2 12 7 10 5 34 21 20 9 18 12 9 0 82 37 5 8 23 34 24 8 16
5 2 0 14 10 2 5 8 15 12 26 17 9 4 25 62 2 6 21 4 3 17 11 12 2 12 35 5 35 22 2 32 11 2 7 25 8 4 3 0 6 25 21 23 1 10 7 1 6 7 21 2 11 15 12 6 1 31 0 4 13 27 14 45 41 35 24 10 13 37 1 0 10 17 6
2 5 4 13 32 10 1 3 4 1 0 0 28 11 11 6 38 15 24 21 13 38 41 60 8 4 20 8 47 17 33 4 3 25 38 0 25 2 1 0 2 0 8 5 5 19 15 18 4 18 9 28 5 9 26 16 31 1 2 4 10 3 6 11 15 22 10 13 3 1 0 34 9 3 19
1 1 2 19 32 16 18 18 9 0 6 22 1 36 33 26 1 13 9 6 3 8 32 23 2 1 18 3 13 7 11 10 3 18 13 13 1 1 59 0 6 3 26 15 0 10 30 46 6 28 6 13 16 15 2 21 9 8 4 19 25 17 9 33 11 13 26 10 2 33 3 3 6 8 10
14 2 13 37 0 6 36 0 12 7 3 42 23 15 18 3 2 0 32 40 3 1 11 13 27 6 3 7 26 4 3 21 9 0 15 12 23 13 2 11 11 17 10 1 53 15 13 6 13 5 12 7 21 51 0 1 33 3 0 32 38 5 4 10 9 0 26 2 10 11 4 6 15 34 7
14 51 3 3 5 9 7 0 0 26 23 18 20 11 18 2 0 1 5 10 20 1 13 24 20 2 0 1 18 2 9 6 7 18 24 7 36 12 10 5 14 11 12 20 3 0 0 18 10 23 5 15 33 52 10 25 8 9 7 28 2 1 1 82 3 12 3 27 3 27 32 9 12 0 22
1 40 17 11 9 2 13 4 2 35 18 25 42 5 68 3 0 14 28 1 3 51 0 12 3 70 11 14 7 7 20 2 16 5 14 28 17 0 16 14 1 4 4 2 17 12 1 17 18 47 6 17 10 11 7 4 4 1 17 17 16 11 22 4 7 13 0 0 0 3 36 5 11 3 4
8 9 28 8 24 11 15 4 5 2 8 2 44 3 13 18 13 44 9 6 8 0 2 3 7 16 6 52 79 8 23 18 1 20 12 13 23 19 8 18 2 7 15 7 4 1 4 25 9 18 0 5 3 25 1 15 1 4 11 3 11 4 37 1 2 23 30 5 3 35 3 15 19 13 29
26 6 10 26 1 37 9 15 11 15 24 21 13 5 3 8 2 14 1 5 14 144 1 5 2 43 4 0 18 29 22 1 18 1 2 2 5 2 4 16 9 13 1 10 7 0 26 3 42 28 3 14 7 21 8 6 4 8 19 0 17 31 18 16 8 18 1 44 1 4 6 2 11 4 5
33 4 14 3 28 32 6 9 9 34 2 29 0 7 11 11 9 3 18 4 8 5 6 28 3 3 15 17 2 11 38 60 5 5 24 2 22 10 4 33 58 5 5 28 21 2 0 1 24 0 13 20 26 4 1 0 0 1 5 19 21 12 1 30 6 0 3 6 11 40 33 9 18 1 9
1 14 1 26 33 1 6 3 0 3 1 13 5 4 10 9 0 34 12 10 4 1 0 53 2 3 11 0 13 5 0 58 57 0 5 3 14 4 0 8 2 1 10 11 12 27 4 31 13 0 4 1 1 11 53 14 24 36 45 2 9 7 7 12 25 30 9 25 15 18 22 62 12 11 7
20 0 89 4 8 22 2 0 1 5 9 11 11 67 6 24 0 3 1 3 6 19 9 14 1 4 62 4 6 30 10 22 3 23 58 8 6 8 5 12 4 16 4 2 10 2 17 6 7 2 0 5 3 6 7 15 3 24 3 17 12 13 0 1 30 10 7 4 34 34 36 13 22 12 23
