25 75
24 3 13 7 14 12 18 20 0 14 5 51 21 9 8 4 3 7 40 20 0 14 24 24 2 8 6 3 8 3 5 37 12 11 12 13 18 1 20 34 39 8 8 8 20 12 0 8 1 19 24 1 3 0 5 4 44 9 0 8 12 0 23 12 21 44 0 5 3 20 2 3 13 55 18
4 16 43 4 26 1 17 3 5 120 18 20 7 2 28 13 12 2 25 8 13 5 20 15 3 40 17 5 45 35 0 0 2 3 2 15 1 2 6 1 11 31 6 1 3 9 7 15 40 25 9 1 6 8 1 0 5 32 16 4 5 53 0 8 11 3 9 19 4 13 20 4 6 0 11
6 24 25 0 5 10 2 8 4 65 10 1 9 25 1 2 2 6 3 6 6 36 26 11 5 3 37 2 25 35 9 8 3 46 0 23 22 12 3 1 2 30 5 4 3 7 13 4 44 52 7 26 0 7 2 6 12 32 10 18 26 4 29 25 31 0 9 2 3 7 7 22 13 4 7
25 11 21 21 1 56 0 8 23 3 23 0 50 12 35 0 23 0 2 8 22 3 21 27 9 7 15 133 9 9 0 3 2 2 2 10 2 4 7 3 30 3 3 10 8 26 25 23 1 5 0 3 3 1 3 0 0 10 28 2 17 3 1 3 63 7 4 6 40 1 0 1 4 23 31
4 9 21 6 4 6 5 3 60 17 12 52 2 12 0 5 3 2 1 4 13 15 16 6 9 14 9 16 0 31 19 4 12 9 9 31 3 56 15 22 7 17 6 27 12 20 29 0 20 4 22 37 7 28 26 7 1 35 16 32 7 8 18 6 6 4 19 4 0 1 7 3 2 8 17
8 34 31 31 3 9 7 0 6 30 15 12 3 0 6 0 12 1 20 13 5 11 35 1 3 17 6 36 17 5 32 1 11 56 34 11 16 23 20 8 18 17 2 13 14 3 6 35 1 10 2 0 12 9 19 17 5 29 2 16 16 7 20 1 16 18 7 3 14 9 2 35 2 6 25
0 4 4 2 8 1 3 0 15 5 0 25 6 29 16 7 14 8 33 1 14 4 0 25 43 11 2 6 14 2 4 13 2 10 11 2 27 17 30 28 2 10 9 14 20 3 7 29 26 27 28 13 4 37 8 13 13 8 6 38 4 14 17 10 7 31 5 19 28 23 15 37 10 2 17
10 4 6 20 0 14 0 41 11 4 16 10 25 27 2 19 0 0 35 2 0 6 8 10 16 20 12 37 29 14 4 2 8 4 6 17 0 19 20 14 1 7 4 10 0 31 0 25 0 0 3 11 3 56 8 25 34 8 8 8 26 1 14 6 10 58 13 7 10 22 38 1 36 22 2
44 10 4 4 3 8 17 27 16 24 1 8 1 4 4 24 1 6 71 2 38 1 3 12 1 10 37 10 18 11 20 32 0 0 13 3 0 41 6 0 11 12 4 8 21 3 5 16 34 14 30 2 6 18 12 6 6 3 9 15 40 24 10 24 6 12 3 9 23 13 19 7 0 11 29
6 52 6 15 4 16 14 14 15 38 1 17 11 38 21 1 12 0 19 3 4 7 14 6 6 6 10 15 65 7 10 28 9 0 0 4 19 4 13 10 4 7 4 3 17 7 51 4 0 12 0 12 20 8 25 4 2 14 17 5 23 5 0 10 9 39 46 23 0 15 9 0 11 22 32
21 0 50 10 39 32 21 22 13 19 16 3 25 16 25 0 19 22 16 1 7 5 5 15 4 23 0 17 3 13 5 0 12 1 2 30 25 0 24 0 1 2 18 4 11 0 8 19 37 3 23 21 0 1 30 20 11 3 49 2 41 7 11 4 0 6 1 28 25 6 22 7 1 9 8
-1 3 9 13 0 2 12 3 47 30 3 11 28 15 46 2 24 27 6 12 9 3 24 8 15 6 32 0 15 9 34 6 4 5 14 6 1 12 9 4 2 3 23 0 29 7 0 19 15 9 0 12 62 1 0 0 29 3 29 8 19 5 1 33 25 3 10 55 9 7 8 58 2 4 2
15 9 6 35 22 8 4 39 40 1 4 20 1 44 1 9 8 9 2 0 21 19 20 9 29 0 21 33 5 24 24 30 25 5 27 16 29 27 5 10 10 18 12 7 0 0 2 13 7 11 5 7 5 15 6 15 12 8 2 22 5 22 11 12 9 15 3 0 6 2 4 35 15 14 14
15 15 43 15 9 1 24 1 13 21 4 13 3 4 22 43 5 5 32 13 3 51 14 4 10 16 8 11 13 12 15 6 3 9 52 4 19 17 14 16 10 15 2 1 9 1 4 25 5 13 5 32 17 15 20 26 12 7 0 0 3 2 32 20 15 1 11 14 5 3 8 21 18 19 11
39 3 6 36 13 25 7 1 2 2 4 14 27 25 9 11 13 12 0 11 1 1 31 7 22 44 17 5 12 25 37 46 8 6 19 1 28 14 0 5 11 16 0 6 34 10 4 2 6 2 10 14 16 1 14 50 17 2 17 2 5 5 51 25 2 4 15 6 0 18 2 15 7 9 13
5 21 2 2 4 22 5 0 5 18 1 5 6 17 28 3 7 0 46 22 4 1 1 1 65 30 1 27 10 8 2 13 7 4 37 1 28 2 14 18 3 21 3 16 26 7 4 17 6 15 35 15 25 18 35 3 14 27 4 26 8 17 6 15 16 15 6 8 8 13 3 20 4 47 1
11 2 7 24 1 14 0 22 2 2 32 12 23 7 2 5 26 17 18 8 61 5 3 15 8 26 10 7 2 4 1 7 14 1 15 17 12 19 46 42 6 2 1 40 43 0 5 19 3 28 5 18 19 10 1 10 16 48 21 1 2 27 33 9 9 0 3 6 0 1 2 12 21 15 14
27 9 8 12 71 19 10 2 26 4 14 28 15 2 3 4 44 41 24 2 14 2 19 4 1 6 11 6 14 33 14 8 27 1 1 2 3 6 1 4 12 5 10 7 11 10 21 16 0 14 14 18 12 4 64 16 6 0 16 4 10 6 1 36 20 23 23 0 0 3 3 7 16 20 30
4 31 50 27 3 2 2 0 1 4 18 5 30 0 2 38 8 6 6 14 7 7 0 12 27 36 16 23 8 6 22 13 20 0 22 40 13 53 6 8 35 10 15 1 7 21 3 4 10 5 6 31 45 11 17 19 14 9 37 2 6 10 2 14 4 2 5 3 18 3 10 0 18 3 10
31 12 23 19 5 3 12 6 100 17 23 1 8 11 9 8 2 31 24 44 16 1 19 3 14 10 35 0 20 3 11 15 2 10 2 10 2 33 41 3 0 29 7 20 3 4 8 9 2 13 0 11 0 10 2 2 32 18 2 0 5 20 17 0 2 1 10 33 16 1 37 31 1 5 10
16 0 35 25 38 2 0 1 4 22 39 3 3 13 14 1 11 29 4 16 43 5 3 0 3 11 8 40 0 49 9 10 2 28 8 22 12 25 1 1 2 8 22 46 11 12 6 1 10 12 5 17 30 37 26 15 2 0 6 11 2 36 5 2 17 17 14 8 26 1 7 2 17 5 6
7 1 1 33 0 3 1 24 50 23 14 2 1 4 44 0 21 5 6 30 12 7 5 13 0 8 27 15 10 24 9 2 3 22 12 2 7 9 23 11 18 21 7 5 10 31 0 7 50 12 5 5 7 0 52 20 31 11 4 8 4 0 22 17 15 2 3 7 8 10 7 29 15 6 60
24 0 15 10 5 10 29 15 32 12 9 51 14 8 10 3 7 14 0 2 30 4 3 5 5 1 0 6 4 5 14 25 76 11 4 23 8 6 7 2 27 0 3 11 5 0 10 29 2 10 4 3 1 13 0 0 12 12 8 5 47 3 31 46 61 5 19 5 28 3 9 11 10 50 8
9 18 76 6 6 15 9 11 1 6 3 24 45 12 11 10 3 7 5 10 7 7 1 5 0 4 8 14 20 3 10 3 22 7 4 46 8 6 4 0 17 22 6 10 52 21 12 59 46 6 55 14 1 2 13 29 2 2 19 8 5 2 16 1 32 2 1 7 24 7 11 3 3 10 14
0 28 13 6 1 4 1 25 8 14 6 30 0 12 1 55 16 12 0 23 4 7 11 8 7 0 0 0 11 9 28 0 15 7 23 5 2 9 9 3 4 16 10 13 34 22 6 25 18 5 36 38 20 43 18 4 6 22 4 65 5 5 1 18 8 4 13 3 47 25 3 1 24 15 6
