25 75
-1 12 11 7 14 6 22 36 11 21 0 9 15 5 12 9 23 16 20 11 16 0 14 1 1 43 1 0 0 17 34 44 27 14 43 4 44 41 27 17 13 6 15 5 2 3 5 10 6 13 25 6 10 28 2 6 10 6 0 7 27 7 0 5 59 0 4 10 11 8 2 23 3 3 13
-1 0 3 6 4 6 7 8 2 24 3 14 4 0 1 43 7 6 6 55 5 11 23 47 30 25 0 9 7 6 8 7 5 9 8 4 30 5 0 26 14 59 11 17 7 6 38 23 7 1 47 1 58 3 0 7 0 0 26 44 4 22 10 0 17 24 11 0 31 0 2 16 15 7 9
-1 8 2 3 23 25 12 39 2 13 1 7 2 6 9 2 26 36 2 10 46 11 36 3 23 9 19 25 9 32 9 21 2 4 10 2 8 1 13 7 31 8 19 11 14 13 2 51 5 39 2 4 17 0 5 13 3 3 24 0 11 5 18 48 2 12 4 0 4 8 4 25 32 36 10
8 4 26 28 0 6 45 1 19 0 3 2 11 4 13 16 5 3 6 3 38 4 12 15 9 15 0 1 20 2 20 7 6 9 4 19 36 11 36 34 11 17 29 28 14 7 0 4 11 16 4 2 75 9 2 34 16 11 17 0 8 4 16 13 4 51 7 32 8 10 11 7 8 12 1
22 0 11 1 5 1 3 1 14 31 17 17 1 22 0 16 17 12 11 13 5 6 10 7 5 8 8 25 12 20 63 19 10 10 4 2 10 30 0 6 11 2 1 1 38 18 16 25 17 2 11 4 23 8 34 3 62 20 28 0 27 37 5 37 38 1 5 4 16 20 3 1 4 2 1
16 8 6 23 21 18 1 3 28 9 14 8 18 10 3 1 9 39 13 8 19 2 4 1 2 27 18 6 1 5 6 19 8 38 9 5 23 9 4 0 47 11 3 2 8 14 23 6 3 34 13 0 74 0 10 3 13 63 14 5 23 1 35 5 2 5 11 16 40 14 14 7 11 6 2
1 4 18 8 34 5 20 17 27 2 7 12 4 11 7 13 1 24 3 5 9 7 3 2 2 2 9 19 22 3 25 4 26 8 15 5 32 13 5 3 16 7 23 1 0 73 2 17 22 30 8 24 27 19 3 11 13 0 12 3 42 5 0 9 33 16 17 7 7 1 19 13 54 9 20
8 9 30 1 16 0 12 11 5 15 16 30 1 9 52 6 7 27 5 26 18 7 6 1 19 19 5 33 14 2 3 9 5 3 9 9 12 29 14 19 14 2 9 14 3 19 28 10 4 0 7 17 4 18 33 29 19 16 8 1 5 7 3 53 9 5 0 53 11 6 12 15 19 16 9
16 6 19 24 6 7 13 0 11 9 38 12 1 12 0 10 12 46 22 10 4 51 0 17 21 0 32 19 10 21 11 1 1 18 15 5 29 0 14 6 1 6 10 0 32 22 14 0 6 5 30 13 12 33 2 3 7 7 15 2 15 9 26 34 10 4 0 2 19 0 20 5 18 51 18
1 1 31 3 23 8 13 43 40 4 33 15 5 8 14 42 0 1 2 0 18 16 19 3 18 1 39 0 3 3 0 6 17 8 33 6 25 13 15 9 11 3 37 19 37 52 23 4 2 16 4 12 9 5 19 14 3 35 6 0 5 4 21 21 2 9 6 9 1 4 18 20 17 11 2
-1 1 13 5 52 12 7 17 45 8 21 7 4 0 0 8 13 23 7 8 10 4 27 13 14 2 7 2 28 8 27 6 1 10 8 11 16 7 13 15 5 8 22 15 22 38 2 32 4 0 3 2 15 4 13 5 7 13 7 22 10 2 67 7 16 2 6 14 26 22 1 1 4 12 92
20 12 9 9 6 12 25 0 44 6 48 9 70 2 16 6 8 2 25 14 1 7 11 28 25 31 13 10 8 16 15 75 19 19 28 1 32 5 17 0 12 4 0 4 9 6 0 4 3 2 1 36 20 0 1 23 22 7 4 16 29 9 1 2 5 26 8 6 11 10 0 2 1 3 9
26 17 13 3 7 12 23 3 0 2 7 8 19 2 0 16 5 6 0 24 6 19 3 69 3 3 58 8 7 11 28 22 2 5 9 8 17 39 18 54 14 2 11 4 1 3 22 1 12 15 20 1 17 65 7 13 7 16 4 5 29 8 12 0 2 11 32 5 30 3 9 18 4 5 10
4 12 6 3 7 1 13 0 10 1 24 15 7 2 13 16 23 14 8 22 14 19 5 6 3 43 10 29 12 14 3 0 15 15 5 30 4 67 5 25 68 5 7 13 3 10 11 4 8 1 5 33 0 2 37 26 2 10 1 3 63 1 19 8 0 7 5 5 19 8 21 18 18 18 16
1 24 8 11 20 14 24 18 8 15 0 13 0 3 13 30 54 33 8 1 23 2 5 10 25 10 35 2 22 30 13 4 51 13 16 2 29 2 11 79 23 3 6 9 11 22 8 3 0 2 3 0 47 4 5 2 1 2 7 11 4 31 1 11 9 22 3 4 15 2 6 0 5 6 30
4 42 3 0 7 7 19 52 13 33 15 20 1 0 0 0 18 4 26 10 4 46 9 32 1 17 8 8 40 9 11 9 2 26 14 33 10 10 25 10 9 7 13 10 6 8 15 7 8 10 9 3 19 15 2 0 19 1 0 35 2 13 16 33 9 4 0 8 26 14 8 16 31 23 3
15 0 8 46 0 1 24 22 9 1 26 7 0 1 3 7 12 0 17 5 10 7 10 0 29 5 49 0 0 0 9 17 42 4 2 5 1 37 5 5 15 6 25 23 45 7 4 6 13 25 19 2 6 36 11 11 15 3 6 15 6 33 28 5 23 20 36 37 10 28 14 15 0 4 7
11 9 2 4 34 10 2 4 6 35 7 5 15 14 15 21 48 5 1 29 3 22 2 20 46 7 13 8 24 0 4 13 18 1 2 61 4 3 3 27 4 6 0 20 12 15 0 2 20 6 16 30 2 0 27 4 27 23 70 19 0 0 3 0 2 6 27 20 19 6 18 21 7 2 8
26 10 2 0 10 30 7 36 25 23 3 3 5 10 20 3 13 8 26 14 14 10 23 25 9 45 14 4 8 7 4 6 0 10 14 1 3 7 6 10 20 10 18 22 1 5 4 3 17 1 2 54 3 3 9 5 2 22 73 3 6 14 2 12 6 19 13 34 8 69 2 1 33 6 4
15 1 9 10 0 17 11 6 10 6 11 11 16 0 0 32 3 9 9 3 12 9 3 3 5 8 1 23 1 2 13 29 121 29 5 4 16 24 5 15 7 22 24 33 9 13 31 3 1 8 52 10 6 10 0 31 25 0 4 1 10 37 1 2 0 5 12 25 31 0 54 13 1 9 3
-1 59 15 6 8 4 14 1 8 12 6 2 12 25 2 7 10 1 25 9 60 20 15 14 32 14 1 15 11 5 3 1 12 6 23 9 2 2 45 6 13 5 2 2 61 45 8 1 13 11 11 2 1 11 10 9 5 1 18 6 8 11 32 15 28 29 6 10 3 8 41 7 22 19 5
12 45 58 1 0 10 15 6 13 4 1 3 9 28 5 26 0 7 3 14 21 37 11 10 11 13 9 41 25 3 10 1 19 0 7 10 42 4 14 28 16 4 16 5 6 18 5 12 10 11 31 3 27 12 7 19 7 0 24 9 8 3 19 40 18 3 14 14 1 8 12 22 4 11 5
9 45 34 1 61 21 4 13 23 32 12 43 4 0 18 10 0 3 18 5 18 18 9 8 8 10 7 10 13 10 9 34 4 7 29 16 1 1 3 18 9 22 8 2 14 0 1 31 24 5 1 0 8 49 3 13 4 8 17 6 7 7 41 12 25 0 2 4 6 11 13 9 26 20 3
5 36 2 5 7 11 10 12 32 0 13 14 3 12 27 29 0 11 1 29 5 27 2 14 0 16 26 8 12 2 40 21 6 4 14 16 2 4 8 0 29 18 9 0 11 24 31 2 20 1 8 4 5 5 8 32 38 4 20 17 3 22 6 10 4 36 43 0 17 5 7 28 9 9 29
51 8 0 6 17 29 0 7 6 2 5 16 23 8 7 14 0 23 31 34 2 1 7 63 3 5 15 10 2 5 3 36 30 3 10 8 7 11 4 10 0 5 8 12 4 0 3 7 6 8 11 11 14 5 27 28 0 11 11 16 21 6 1 4 14 55 0 15 41 12 1 57 44 0 20
