20 20
0.81 0 1.89 2.52 4.61 0 0 0 0 1.04 0 0 2.59 0 0 0 0 0 0 1.82
0.56 0 0.48 0.72 0.61 0 0 0 0 0.67 0 0 1.37 0 0 0 0 0 0 0.37
0.79 0 1.88 2.38 3.94 0 0 0 0 0.66 0 0 5 0 0 0 0 0 0 0.1
0.8 0 1.9 2.4 3.98 0 0 0 0 0.81 0 0 0 0 0 0 0 0 0 1.66
0.86 0 1.93 2.41 3.99 0 0 0 0 0.82 0 0 0 0 0 0 0 0 0 1.67
0.05 0 0.05 0.05 0.1 0 0 0 0 0 0 0 0.07 0 0 0 0 0 0 0.05
0.2 0 0.21 0.21 0.26 0 0 0 0 0 0 0 0.2 0 0 0 0 0 0 0.21
0 0 0.1 0.1 0.1 0 0 0 0 0 0 0 0.1 0 0 0 0 0 0 0.1
1.19 0 1.92 2.49 3.79 0 0 0 0 0 0 0 0 0 0 0 0 0 0 1.47
0 0 1.71 1.03 4.45 0 0 0 0 0 0 0 1.36 0 0 0 0 0 0 1.6
1.33 0 2.15 2.52 0.1 0 0 0 0 0 0 0 0 0 0 0 0 0 0 0.1
0.75 0 1 0.9 0 0 0 0 0 0.39 0 0 0.67 0 0 0 0 0 0 0
0 0 1.85 2.52 4.35 0 0 0 0 1 0 0 0 0 0 0 0 0 0 1.37
0.25 0 0.36 0.77 0 0 0 0 0 0.36 0 0 0 0 0 0 0 0 0 0.6
2.27 0 2.27 0.5 2.77 0 0 0 0 0 0 0 0 0 0 0 0 0 0 0
1.05 0 1.29 1.02 0 0 0 0 0 0 0 0 0 0 0 0 0 0 0 1.08
0.85 0 0.27 0 4.55 0 0 0 0 0 0 0 0 0 0 0 0 0 0 1.31
1.35 0 2.17 0 0.1 0 0 0 0 0 0 0 0 0 0 0 0 0 0 1.96
0 0 2.13 0 2.13 0 0 0 0 0 0 0 2.58 0 0 0 0 0 0 0
1.06 0 2.08 0 0 0 0 0 0 0 0 0 0.52 0 0 0 0 0 0 0
