20 20
0 0 0 1.04 0 0 2.59 0 0 0 0 0 0 1.82 1.04 3.64 0.31 0 0 2.58
0 0 0 0 0 0 0.1 0 0 0 0 0 0 0.1 0.1 0.1 0.1 0 0 0.1
0 0 0 0.67 0 0 1.37 0 0 0 0 0 0 0.37 0.29 0.71 1.04 0 0 0
0 0 0 0.66 0 0 5 0 0 0 0 0 0 0.1 0.1 3.4 0 0 0 5
0 0 0 0 0 0 1.36 0 0 0 0 0 0 1.6 1 2.99 0.71 0 0 2.75
0 0 0 1 0 0 0 0 0 0 0 0 0 1.37 3 3.04 1 0 0 3.02
0 0 0 0.82 0 0 0 0 0 0 0 0 0 1.67 2.01 3.43 0.2 0 0 0.96
0 0 0 0.81 0 0 0 0 0 0 0 0 0 1.66 1.06 3.42 0 0 0 0
0 0 0 0 0 0 0 0 0 0 0 0 0 0.1 3.02 4.09 0 0 0 3.03
0 0 0 0 0 0 0 0 0 0 0 0 0 0 0.49 0.49 0.49 0 0 0.23
0 0 0 0.39 0 0 0.67 0 0 0 0 0 0 0 0 0.75 0 0 0 1
0 0 0 0 0 0 0 0 0 0 0 0 0 1.38 1.01 2.61 0 0 0 0.95
0 0 0 0 0 0 0 0 0 0 0 0 0 0.73 3 0 0.5 0 0 2.52
0 0 0 0 0 0 2 0 0 0 0 0 0 0 0.26 3.28 0.16 0 0 0
0 0 0 0 0 0 2.58 0 0 0 0 0 0 0 0 3 0 0 0 2.76
0 0 0 0 0 0 0 0 0 0 0 0 0 1.47 0 2.56 0 0 0 2.53
0 0 0 0 0 0 0.52 0 0 0 0 0 0 0 0 3.42 0 0 0 2.55
0 0 0 0 0 0 0 0 0 0 0 0 0 0.3 0 0.2 0 0 0 0.2
0 0 0 0 0 0 0 0 0 0 0 0 0 1.5 0 2.6 0 0 0 2.4
0 0 0 0 0 0 0 0 0 0 0 0 0 0 0.22 0.22 0.11 0 0 0
