20 20
0 0.35 0.39 0.25 0.18 0.51 0.1 0.26 0.17 0.15 0.25 0.27 0 0 0 0 0 0 0 0
0 0.36 0.36 0.24 0.19 0 0.11 0.25 0.18 0.16 0.13 0.24 0 0 0 0 0 0 0 0
0 0.15 0.15 0.15 0.1 0 0 0 0 0 0 0 0 0 0 0 0 0 0 0
0 0 0 0 0 0 0 0 0 0 0 0 0 0 0 0 0 0.47 0.53 0.31
0 0.3 0.34 0 0 0 0 0 0 0 0.24 0 0 0 0 0 0 0 0 0
0 0 0 0 0 0 0 0 0 0 0 0 0 0 0 0 0.1 0.1 0 0.1
0 0 0 0 0 0 0 0 0 0 0 0 0 0 0 0 0 0.11 0.51 0.67
0 0 0 0 0 0 0 0 0 0 0 0 0 0 0 0 0 4 4 4
0 0 0 0 0 0 0 0 0 0 0 0 0 0 0 0 0 1.33 0.84 0.97
0 0 0 0 0 0 0 0 0 0 0 0 0 0 0 0 0 1.34 0.85 0.98
0 0 0 0 0 0 0 0 0 0 0 0 0 0 0 0 0 1.05 0 0.3
0 0 0 0 0 0 0 0 0 0 0 0 47.32 47.32 0 0 0 0 0 0
0 0 0 0 0 0 0 0 0 0 0 0 10.58 10.04 0 0 0 0 0 0
0 0.33 0 0 0 0 0 0.24 0 0 0 0 0 0 0 0 0 0 0 0
0 0 0 0 0 0 0 0 0 0 0 0 1.01 0.99 0 0 0 0 0 0
0 0 0 0 0 0 0 0 0 0 0 0 9.98 1.02 0 0 0 0 0 0
0 0 0 0 0 0 0 0 0 0 0 0 0.05 0.05 0 0 0 0 0 0
0 0 0 0 0 0 0 0 0 0 0 0 0.15 21.98 0 0 0 0 0 0
0 0 0 0 0 0 0 0 0 0 0 0 0 0 0.33 0 0.11 0 0 0
0 0 0 0 0 0.06 0 0 0 0.06 0 0 0 0 0 0 0 0 0 0
