20 20
2.15 4.01 4.91 4.22 5.61 5.52 0 0 0 0.62 0 0 5.04 4.35 0.1 4.99 4.84 0.1 0.96 0.73
0.05 0.05 0.06 0.14 0.05 0.21 0 0 0 0.49 0 0 0.06 0.06 0.05 0.06 0.05 0.05 0.05 0.07
0.1 0.1 0.1 0.1 0.1 0.1 0 0 0 0.1 0 0 0.1 0.1 0.1 0.1 0.1 0 0.1 0.1
5.85 8.03 6.02 5.49 8.02 8.56 0 0 0 0 0 0 6.51 3.95 2.6 5.02 8 2.01 3.28 2
4.38 3 4 5.22 4 5.75 0 0 0 0 0 0 4 3 1 3 5.76 1 2 0.99
0.52 0.61 0.71 0.61 0.61 0.51 0 0 0 0 0 0 0.68 0.63 0.71 0.76 0.25 0.63 0.71 0
7.01 7.11 6.04 0.1 0.1 0.1 0 0 0 0.1 0 0 6.55 0.1 0 5.36 0 0.1 3.42 0.1
0.5 0.5 0.5 0.5 0.5 0.5 0 0 0 0 0 0 0.5 0 0.5 0.5 0.3 0.5 0.5 0.2
0 8.09 6.04 3.05 6.46 8.56 0 0 0 0.71 0 0 6.54 4.52 2.63 5.12 0 1.45 3.37 0.81
5.74 0.05 4.02 0.96 3 0.33 0 0 0 0.07 0 0 6.5 0.46 1.98 0 4.98 0 3 0.1
0.13 0.17 0.25 0.05 0 0 0 0 0 0 0 0 0.25 0.22 0.21 0.22 0.22 0.22 0.13 0.23
0.39 0.42 0.47 0.47 0 0 0 0 0 0 0 0 0.45 0.49 0.45 0.5 0.5 0.36 0.35 0.49
7.66 8.13 0 5.44 9 3.8 0 0 0 0 0 0 6.55 4.36 2.78 5.8 5.73 1 0 1.24
5.86 4.03 6.03 0 4.26 8.56 0 0 0 0 0 0 6.52 2.2 2.7 5.81 0 0.1 3.36 0
0 1 0.17 0.54 1 0.1 0 0 0 0 0 0 1 1 1 1 0 0.75 0 1
3.05 3.05 3.05 3.05 3.05 3.05 0 0 0 0 0 0 3.05 3.05 0 3.05 0 0 3.05 2.33
0 5 5 0.5 0 0 0 0 0 0.1 0 0 5 1 1.95 5 0 0.11 2.7 0.1
0.07 0.06 0.09 0.05 0.07 0.09 0 0 0 0 0 0 0.12 0.06 0 0.11 0 0 0.06 0.05
0 0.21 0.35 0.55 0.06 0.05 0 0 0 0 0 0 0.35 0.92 0.06 0.73 0 0 0.79 0.61
0.1 0.1 0.1 0.1 0.1 0.1 0 0 0 0 0 0 0.1 0.1 0 0.1 0 0 0.1 0.1
