20 20
0 0 0 0 0 0 0 0 0 0 0 0 0 0 0 0 0.2 5.75 0.17 4.07
0 0 0 0 0 0 0 0 0 0 0 0 0 0 0 0 0.17 5.72 0.15 4.05
0 0 0 0 0 0 0 0 0 0 0 0 0 0 0 0 0.21 5.77 0.18 4.08
0 0 0 0 0 0 0 0 1.72 0 0 0 0 0 0 2.5 0 0 0 0
0 0 0 0 0 0 0 0 0 0 0 5.45 0 3.99 0 0 0 0 0 0
0 0 0 0 0 0 0 0 0 0 0 47.32 0 47.32 0 0 0 0 0 0
0 0 0 0 0 0 0 0 0.1 0 0 0 0 0 0 0.1 0 0 0 0
0 0 0 0 0 0 0 0 0 0 0 0 0 0 0 0 0.1 0.1 0 0
0 0.8 1 0 0 0 0 0 0 0 0 0 0 0 0 0 0 0 0 0
0 0.1 0.1 0 0 0 0 0 0 0 0 0 0 0 0 0 0 0 0 0
0 0 0 0 0 0 0 0 1.73 0 0 0 0 0 0 2.21 0 0 0 0
0 0.25 0.25 0 0 0 0 0 0 0 0 0 0 0 0 0 0 0 0 0
0 0.16 0.11 0 0 0 0 0 0 0 0 0 0 0 0 0 0 0 0 0
0 2 1.89 0 0 0 0 0 0 0 0 0 0 0 0 0 0 0 0 0
0 0 0 0 0 0 0 0 0.16 0 0 0 0 0 0 0.15 0 0 0 0
0 0.35 0.55 0 0 0 0 0 0 0 0 0 0 0 0 0 0 0 0 0
0 0 0 0 0 0 0 0 0 0 0 0.2 0 0.99 0 0 0 0 0 0
0 0 0 0 0 0 0 0 0 0 0 6.43 0 31.31 0 0 0 0 0 0
0 0 0 0 0 0 0.12 0 0 0 0.14 0 0 0 0 0 0 0 0 0
0 0.05 0.06 0 0 0 0 0 0 0 0 0 0 0 0 0 0 0 0 0
