20 20
3.32 0 0 0 0 3.59 9.1 6.99 4.21 4.2 2.25 0 0 0 6.01 5.01 2.36 0 0.81 0
0.1 0 0 0 0 0.1 0.1 0.1 0.1 0.1 0.1 0 0 0 0.1 0.1 0.1 0 0 0
3.33 0 0 0 0 3.6 9.09 6.98 4.83 2.82 2.4 0 0 0 2.34 4.28 0.81 0 0 0
2.46 0 0 0 0 2.94 6.46 0.94 0.97 1 0.1 0 0 0 2.33 4.25 0.78 0 0 0
0.1 0 0 0 0 4.18 0.1 6.95 0.1 4.27 0.1 0 0 0 7.56 5.38 3 0 0 0
0.24 0 0 0 0 0.71 0.73 0.77 0.72 0.75 0.71 0 0 0 0.63 0.51 0 0 0 0
3.27 0 0 0 0 2.77 2.77 3.27 3.27 3.27 2.77 0 0 0 0.5 2.27 0 0 0 0
3.3 0 0 0 0 3.03 9.11 5.62 3.52 2.8 2.24 0 0 0 3.18 3.51 0 0 0 0
0 0 0 0 0 2.54 9.07 6.51 4.79 4.01 2.14 0 0 0 7.44 5 4.31 0 0 0
0.95 0 0 0 0 4.22 0.83 2 2 4.31 0 0 0 0 1.3 5.48 2 0 0 0
0.8 0 0 0 0 0 0.8 0 0.8 0.8 0 0 0 0 0.8 0.8 0.8 0 0.8 0
2.47 0 0 0 0 0 3.08 0 5 2 0 0 0 0 7.48 5.32 2 0 0.8 0
3.05 0 0 0 0 0 3.05 0 3.05 3.05 0 0 0 0 3.05 3.05 3.05 0 3.05 0
0 0 0 0 0 0.07 0.15 0.07 0.07 0.07 0 0 0 0 0.12 0.07 0.07 0 0 0
0.05 0 0 0 0 0 0.05 0.05 0.06 0.06 0 0 0 0 0.05 0.05 0.05 0 0 0
0.1 0 0 0 0 0 0.1 0 0.1 0.1 0 0 0 0 0.1 0.1 0.1 0 0.1 0
1.08 0 0 0 0 1.45 1.08 1.08 1.56 1.08 1.08 0 0 0 0 0 0 0 0 0
1.07 0 0 0 0 3.47 3.77 0 3.27 1.07 3.47 0 0 0 0 1.07 0 0 0 0
0 0 0 0 0 0 0 0.94 0.98 1.01 0 0 0 0 0.69 1.03 0.5 0 1.01 0
0 0 0 0 0 0.15 0 0.16 0.12 0.12 0.21 0 0 0 0 0.21 0.22 0 0 0
