20 20
0 0 2.08 0 1.74 4.02 3.18 0 0 1.03 0.71 0 0 0 2.42 1.53 0 0 0 0
0 0 0.72 0 1.27 0.66 0.32 0 0 0.55 1.28 0 0 0 0.63 0.61 0 0 0 0
0 0 1.89 0 1.75 0.1 3.14 0 0 0.1 0.1 0 0 0 2.41 0.1 0 0 0 0
0 0 0.1 0 2.03 4.09 3.78 0 0 5.22 0.1 0 0 0 0.1 0.1 0 0 0 0
0 0 2.06 0 1.66 4 3.04 0 0 5.22 1.27 0 0 0 2.27 2 0 0 0 0
0 0 2.18 0 1.28 3.26 3.73 0 0 1.04 0.87 0 0 0 2.45 1.55 0 0 0 0
0 0 2.1 0 0 3.21 3.17 0 0 2.39 0.86 0 0 0 2.44 1.54 0 0 0 0
0 0 0.71 0 1.54 0.84 2.74 0 0 0.49 1.15 0 0 0 2.32 0 0 0 0 0
0 0 0 0 0.1 0.1 0.1 0 0 0.1 0.1 0 0 0 0.1 0 0 0 0 0
0 0 3.27 0 0 2.77 3.27 0 0 2.27 2.27 0 0 0 2.77 0 0 0 0 0
0 0 0 0 0 0.11 0.23 0 0 0.21 0.21 0 0 0 0.25 0.21 0 0 0 0
0 0 0 0 0 0.37 0.37 0 0 0.5 0.46 0 0 0 0.49 0.33 0 0 0 0
0 0 0.15 0 9.71 5.1 0 0 0 0.05 1.35 0 0 0 2.1 0 0 0 0 0
0 0 0 0 0.5 0 2.6 0 0 2.46 1.03 0 0 0 1 0.1 0 0 0 0
0 0 0 0 0 2.5 2.25 0 0 3.25 0.68 0 0 0 2.25 0.85 0 0 0 0
0 0 1 0 2 2.02 3.78 0 0 1 0 0 0 0 0 0.83 0 0 0 0
0 0 0 0 0 0.11 0.11 0 0 0.11 0.11 0 0 0 0.15 0 0 0 0 0
0 0 0 0 0 3.99 0.18 0 0 0.41 0.1 0 0 0 2.51 0 0 0 0 0
0 0 0.99 0 0 0 0.99 0 0 0.99 0 0 0 0 0.99 0.75 0 0 0 0
0 0 0 0 0.05 0.05 0.05 0 0 0.11 0.11 0 0 0 0 0 0 0 0 0
