20 20
0.12 0.12 0 0 0 0 0 0 0.41 0 0.41 0.41 0.41 0.41 0 0 0 0 0 0
0 0 0 0 0 0 0 0 1.51 0 0.77 0.87 0.8 1.49 0 0 0 0 0 0
0 0 0 0 0 0 0 0 1.5 0 0.78 1.46 1.19 1.5 0 0 0 0 0 0
0 0 0 0 0 0 0 0 0.42 0 0.45 0.5 0.42 0.1 0 0 0 0 0 0
0 0.1 0.05 0 0 0 0 0 0 0 0.45 0 0.45 0.55 0 0 0 0 0 0
0 0 0 0 0 0 0 0 0.1 0 0.1 0.1 0.1 0.1 0 0 0 0 0 0
0.53 0 0 0 0 0 0 0 0.46 0 0.46 0 0.46 0.36 0 0 0 0 0 0
0 0 0 0 0 0 0 0 0.1 0 0.1 0.1 0.1 0.1 0 0 0 0 0 0
0 0 0 0 0 0 0 0 0.1 0 0.52 0.51 0.1 1.52 0 0 0 0 0 0
0 0 0 0 0 0 0 0 1.79 0 3.48 1.7 1.67 3.27 0 0 0 0 0 0
0 0 0 0 0 0 0 0 1.52 0 0.97 1.2 0.9 1.49 0 0 0 0 0 0
0 0 0 0 0 0 0 0 0.11 0 0.11 0.11 0.11 3.42 0 0 0 0 0 0
0 0 0 0 0 0 0 0 1.49 0 0.51 0.86 0.79 1.21 0 0 0 0 0 0
0 0 0 0 0 0 0 0 1.78 0 3.46 1.69 0.81 3.26 0 0 0 0 0 0
0 0 0 0 0 0 0 0 0 4.26 0 0 0 0 5 1.03 1.2 0 0 0
0 0 0 0 0 0 0 0 0.25 0 0 0.25 0.25 0.25 0 0 0 0 0 0
0 0 0 0 0 0 0 0 1.58 0 2.83 1.45 0 3.16 0 0 0 0 0 0
0 0 0 0 0 0 0 0 0.08 0 0.05 0.05 0 0.05 0 0 0 0 0 0
0 0 0 0 0 0 0 0 0.1 0 0.15 0.15 0 0.15 0 0 0 0 0 0
0 0 0 0 0 0 0 0 0 1 0 0 0 0 4.19 1 0.16 0 0 0
