20 20
0 0 0 0 0 0 0 0.1 0.1 0.1 0 1.99 0.3 0.1 0.1 2.44 0.1 0.1 0.1 2.74
0 0 0 0 0 0 0 1.49 2 2 0 1.98 0.25 1.49 1.48 2 1.49 2 2 1.79
0 0 0 0 0 0 0 2.92 2.83 3.31 0 2.57 0.31 2.52 1.5 2.46 2.38 3.15 2.87 2.77
0 0 0 0 0 0 0 2.93 4.01 3.32 0 4.02 0 2.51 4.02 2.47 4.02 3.16 2.88 2.77
0 0 0 0 0 0 0 0.78 0.55 0.95 0 0.6 0 0.5 0.27 0.1 0.16 0.2 0.1 0
0 0 0 0 0 0 0 2.92 2.81 3 0 2.58 0 2.5 0 2.01 2.36 3 2.86 2.76
0 0 0 0 0 0 0 0 0 0 0 1.35 0.05 1.07 0.15 2.1 0.6 0.25 0.56 0.35
0 0 0 0 0 0 0 0.08 0.57 0.08 0 0 0.14 0 0 0 0.3 0.93 0.96 0.05
0 0 0 0 0 0 0 0 2.52 3.09 0 1.89 0 1.7 0 2.53 1.6 0.65 0.97 0
0 0 0 0 0 0 0 0.23 0.29 0.25 0 0.25 0.06 0.43 0 0.06 0.11 0 0 0
0.3 0.3 0.3 0.3 0.3 0.3 0 0 0 0 8 0 0 0 0 0 0 0 0 0
0.15 0.15 0.15 0.15 0.15 0.15 0 0 0 0 0 0 0 0 0 0 0 0 0 0
0.25 0.25 0.25 0.25 0.25 0.25 0 0 0 0 0 0 0 0 0 0 0 0 0 0
1.01 1.3 1.13 1.26 1.02 1.02 0 0 0 0 0 0 0 0 0 0 0 0 0 0
1.89 1.82 2.01 3.34 1.94 3.17 0 0 0 0 0 0 0 0 0 0 0 0 0 0
0.58 0.63 0.31 0.22 0.32 0.35 0 0 0 0 0 0 0 0 0 0 0 0 0 0
0.13 0.13 0.13 0.13 0.13 0.13 0 0 0 0 0 0 0 0 0 0 0 0 0 0
0 0 0 0 0 0 0 3.2 2.72 3.16 0 2.16 0 0 0 2.65 2.04 0 0 0
0.5 0.13 0 0.45 0.5 0.6 0 0 0 0 0 0 0.06 0 0 0 0 0 0 0
0.25 1.52 0.25 0.31 0.26 0.26 0 0 0 0 0 0 0 0 0 0 0 0 0 0
