20 20
0 0 0 2.5 1.5 1.22 2.5 1.11 2.5 0 0 0 0 0 1.07 0 0 0 0 0
0 0 0 0.1 0.1 0.1 0.1 0.1 2.18 0 0 0 0 0 0.1 0 0 0 0 0
0 0 0 8 4 7 8 13 0.05 0 0 0 0 0 7 0 0 0 0 0
0 0 0 3.01 4.01 1.36 2.01 8.47 2.13 0 0 0 0 0 23.5 0 0 0 0 0
0 0 0 0 3.52 11.11 25.08 2 0.5 0 0 0 0 0 11.11 0 0 0 0 0
0 0 0 0 6.03 4.02 5.29 5.27 6.11 0 0 0 0 0 6.03 0 0 0 0 0
0 0 0 0 12 8 12 12 2.2 0 0 0 0 0 8 0 0 0 0 0
0 0 0 0 0.1 21.44 0.1 0.1 0.1 0 0 0 0 0 21.44 0 0 0 0 0
0 0 0 0 4.91 4.02 4 4.02 4.43 0 0 0 0 0 3.6 0 0 0 0 0
0 0 0 0 4.91 4.61 4 4.02 4.38 0 0 0 0 0 3.51 0 0 0 0 0
0 0 0 0 5 6.56 0.05 5 4.13 0 0 0 0 0 8.65 0 0 0 0 0
0 0 0 0 0.65 0.65 0.65 0.65 0.78 0 0 0 0 0 0.65 0 0 0 0 0
0 0 0 0 0.5 7.27 0.5 0.5 10.51 0 0 0 0 0 15.02 0 0 0 0 0
0 0 0 0 10 10 10 10 10 0 0 0 0 0 5.05 0 0 0 0 0
0 0 0 0 3.53 3.53 3.49 3.04 3.23 0 0 0 0 0 3.45 0 0 0 0 0
0 0 0 0 0.61 0.99 1.25 0.41 0.26 0 0 0 0 0 1.49 0 0 0 0 0
0 0 0 0 8 1.31 0 1.27 1.03 0 0 0 0 0 8 0 0 0 0 0
0 0 0 0 3.01 1.22 0 1.26 1.02 0 0 0 0 0 0.25 0 0 0 0 0
0 0 0 0 7 7 0 7 7 0 0 0 0 0 7 0 0 0 0 0
0 0 0 0 9.99 1 0 13 5.1 0 0 0 0 0 1 0 0 0 0 0
