20 20
0 0.5 3 0.05 0.05 4 0 0 0 0 0 0 0 0 0.05 0 0 0 0 0
0.81 0 0 0 0 0 0.27 3.05 4.02 0 3.64 0 0 0 0 0 0 0 0 0
3.91 0 0 0 0 0 0.55 5.32 6 0 1.55 0 0 0 0 0 0 0 0 0
0 0 0 0 0 0 0.99 0.1 3 0 0.1 0 0 0 0 0 0 0 0 0
0.8 0 0 0 0 0 0 0.8 0.8 0 0.8 0 0 0 0 0 0 0 0 0
0 0 0 0 0 0 0.1 0.1 0.1 0 4 0 0 0 0 0 0 0 0 0
0.8 0 0 0 0 0 0 2 2 0 4.01 0 0 0 0 0 0 0 0 0
1.01 0 0 0 0 0 0 0.76 1.03 0 1.03 0 0 0 0 0 0 0 0 0
3.05 0 0 0 0 0 0 3.05 3.04 0 3.05 0 0 0 0 0 0 0 0 0
0 0 0 0 0 0 0.74 4.26 6 0 3.18 0 0 0 0 0 0 0 0 0
0.58 0 0 0 0 0 0.31 0 4.01 0 3.06 0 0 0 0 0 0 0 0 0
0 0.05 0.05 0.05 0.05 0 0 0 0 0 0 0 0 0 0 0 0 0 0 0
0.08 0 0 0 0 0 0 0.05 0.25 0 0.05 0 0 0 0 0 0 0 0 0
0 2.2 0 2 0.85 0 0 0 0 0 0 0 0 0 1.4 0 0 0 0 0
0.1 0 0 0 0 0 0 1 1 0 0.75 0 0 0 0 0 0 0 0 0
2.7 0 0 0 0 0 0 5.5 3.5 0 2 0 0 0 0 0 0 0 0 0
0 0 0 0 0 0 0.42 4.04 6 0 1.53 0 0 0 0 0 0 0 0 0
0 0.05 0.63 0.1 0.09 0 0 0 0 0 0 0 0 0 0 0 0 0 0 0
0.1 0 0 0 0 0 0 0.1 0.1 0 0.1 0 0 0 0 0 0 0 0 0
3 0 0 0 0 0 0 5 5 0 0 0 0 0 0 0 0 0 0 0
