20 20
0.19 0.08 0.14 0.09 0 0 0.05 0 0 0 0 0 0 0 0 0.16 0.38 0.51 0 0
0.1 0.1 0.1 0.1 0 0 0 0 0 0 0 0 0 0 0 0.1 0.1 0.1 0 0
0.1 0.1 0.1 0.1 0 0 0 0 0 0 0 0 0 0 0 0.1 0.1 0.1 0 0
0.05 0.05 0.05 0.05 0 0 0 0 0 0 0 0 0 0 0 0.05 0.05 0.05 0 0
0.09 0.06 0.11 0.06 0 0 0 0 0 0 0 0 0 0 0 0.06 0.05 0.06 0 0
0.23 0.51 0.38 0.89 0 0 0 0 0 0 0 0 0 0 0 0.35 2.01 1.01 0 0
0.54 0.86 1.15 1.38 0 0 0 0 0 0 0 0 0 0 0 1.15 1 1.19 0 0
0.21 0.48 0.37 0.87 0 0 0 0 0 0 0 0 0 0 0 0.32 0.87 0.82 0 0
0.22 0.5 0.1 0.88 0 0 0 0 0 0 0 0 0 0 0 0.1 0.1 1.61 0 0
0.75 0.75 0.5 0.65 0 0 0 0 0 0 0 0 0 0 0 0.1 0.99 1.06 0 0
0.11 0.05 0.1 0.15 0 0 0 0 0 0 0 0 0 0 0 0.05 0.05 0.15 0 0
0.8 1.1 0.1 3.97 0 0 0 0 0 0 0 0 0 0 0 0 0.1 0.1 0 0
0 0.25 0.25 0.25 0 0 0 0 0 0 0 0 0 0 0 0.25 0.5 0.25 0 0
0 0.23 0.1 0.14 0 0 0 0 0 0 0 0 0 0 0 0.15 0.16 0.18 0 0
0 2 2 2.23 0 0 0 0 0 0 0 0 0 0 0 2 1.67 2 0 0
0 0.4 0.3 0.67 0 0 0 0 0 0 0 0 0 0 0 0.3 0.85 0.79 0 0
0 0.47 0.36 0.21 0 0 0 0 0 0 0 0 0 0 0 0.31 0.86 0.51 0 0
0 0.86 1.01 2.25 0 0 0 0 0 0 0 0 0 0 0 0.25 0.2 0.52 0 0
0 0.13 0.1 0.1 0 0 0 0 0 0 0 0 0 0 0 0 0.1 0.1 0 0
0 1.12 0.35 0.8 0 0 0 0 0 0 0 0 0 0 0 0 0.77 0.99 0 0
