20 20
0.1 0.1 0.1 0.1 0.1 0.1 0.1 0.1 0.1 0.1 0.1 0.1 0 0 0 0 0 0 0 0
5 4.05 3.22 0.58 1.58 4.32 5.02 8.02 4.26 5 4.08 2.31 0 0 0 0 0 0 0 0
0.1 0.73 0.63 0.29 0.61 0.61 0.51 0.1 0.41 0.1 0.53 0.73 0 0 0 0 0 0 0 0
0.8 0.8 0.8 0.8 0.8 0.8 0.8 0.8 0.8 0.8 0.8 0.8 0 0 0 0 0 0 0 0
8.3 4.09 2 2 2.23 2.89 2.7 7.87 2.5 9.99 2 2.32 0 0 0 0 0 0 0 0
8.01 1 2 1.03 1.56 4.28 4.91 1 2.47 5.01 0.91 1 0 0 0 0 0 0 0 0
8.29 4.01 3.08 0.64 1.11 2.95 4.94 8 7.65 11.01 4.09 1.6 0 0 0 0 0 0 0 0
0.16 0.06 0.13 0.07 0.05 0.1 0.11 0.09 0.12 0.51 0.1 0.07 0 0 0 0 0 0 0 0
0.1 0.1 0.1 0.1 0.1 0.1 0.1 0.1 0.1 0.1 0.1 0.1 0 0 0 0 0 0 0 0
10.16 0.1 3 0 0.1 0.1 0.1 8.03 0.1 11.04 3 0.1 0 0 0 0 0 0 0 0
3.05 3.05 3.05 3.05 3.05 3.05 3.05 3.05 3.05 3.05 0 3.05 0 0 0 0 0 0 0 0
10.13 3.99 3 1.11 0 4.76 5.01 7.17 7.54 9.98 2.5 2.27 0 0 0 0 0 0 0 0
0.75 1 0.1 0.19 0.21 1 5 5 0 5 3 0.1 0 0 0 0 0 0 0 0
0.5 0 2.27 0.5 0.5 2.77 3.27 3.27 3.27 3.77 2.37 0 0 0 0 0 0 0 0 0
0.1 0.22 0.22 0 0.22 0.24 0.14 0.16 0 0.05 0.22 0.24 0 0 0 0 0 0 0 0
0.48 0.48 0.34 0 0.38 0.5 0.49 0.41 0 0.48 0.43 0.36 0 0 0 0 0 0 0 0
0.75 2.75 2.65 0.68 0 0.34 0.34 5.1 0 5.3 5.12 5 0 0 0 0 0 0 0 0
2.49 2.99 0 0.99 1 2.39 2.69 3.29 0 2.76 0 1.59 0 0 0 0 0 0 0 0
2.06 1.51 0.37 0 0 0.42 1.01 3.61 1.65 4.02 0 0.56 0 0 0 0 0 0 0 0
0.26 0.21 0 0.21 0.21 0.21 0.26 0.38 0 0.31 0 0.21 0 0 0 0 0 0 0 0
