20 20
0 0 0.98 2 0 0 0 0 0 0 0 2 1.36 1.93 1.59 2 0 0 0 0
0 0 1.23 2.42 0 0 0 0 0 0 0 3.05 1.5 1.98 2.21 2.24 0 0 0 0
0.1 0.05 0 0 0.05 0 7.5 0 0 0 0 0 0 0 0 0 0 0.3 0.3 0.3
0 0 1.24 2.19 0 0 0 0 0 0 0 3 1.51 0 2.22 2.25 0 0 0 0
0 0 0.99 0 0 0 0 0 0 0 0 0.1 1.46 1.94 1.6 0 0 0 0 0
0 0 0.1 0.1 0 0 0 0 0 0 0 0 0 0.1 0.1 0.1 0 0 0 0
0 0 0 0 0 0.36 0 0 0 0.1 0 0 0 0 0 0 0.12 0.5 0.13 0
0 0 0.11 0.08 0 0 0 0 0 0 0 0.25 0 0.16 0 0.16 0 0 0 0
0 0 0 1.1 0 0 0 0 0 0 0 1.2 1.37 0.75 0 0.34 0 0 0 0
0.52 0.52 0 0 0.52 0 0.52 0 0 0 0 0 0 0 0 0 0 0 0 0
1 11.11 0 0 11.11 0 11.11 0 0 0 0 0 0 0 0 0 0 0 0 0
0.81 0.81 0 0 0.81 0 0.81 0 0 0 0 0 0 0 0 0 0 0 0 0
1 1 0 0 1 0 1 0 0 0 0 0 0 0 0 0 0 0 0 0
13.28 8.64 0 0 9.93 0 10.88 0 0 0 0 0 0 0 0 0 0 0 0 0
2.03 2.03 0 0 2.03 0 2.03 0 0 0 0 0 0 0 0 0 0 0 0 0
0.5 8 0 0 8 0 8 0 0 0 0 0 0 0 0 0 0 0 0 0
0.61 0.66 0 0 0.1 0 0.1 0 0 0 0 0 0 0 0 0 0 0 0 0
0.62 0.67 0 0 0.1 0 0.1 0 0 0 0 0 0 0 0 0 0 0 0 0
1 1 0 0 1.31 0 1 0 0 0 0 0 0 0 0 0 0 0 0 0
8 8 0 0 8 0 1.27 0 0 0 0 0 0 0 0 0 0 0 0 0
