20 20
2.25 2.25 2.2 1.25 0.4 1.66 1.69 1.25 2.26 2.15 0.2 0.2 1.85 0 0 0 0 0 0 0
2.24 2.24 2.19 1.24 0.41 1.67 1.68 1.24 2.25 2.14 0.19 0.19 1.84 0 0 0 0 0 0 0
2 2 1.95 0 0 1.5 1.68 0.79 2 1.9 0 0 1.75 0 0 0 0 0 0 0
0 0 0 0.2 0.2 0 0.3 0 0.3 0.3 0 0 0.5 0 0 0 0 0 0 0
0 0 0 0 0.37 0.1 0 0 0 0.99 0 0 0.1 0 0 0 0 0 0 0
0 0 0 0 0 0 0 0 0 0 0 0 0 0.85 0.92 1.27 0 0 0 0
0 0 0 0 0 0 0 0 0 0 0 0 0 0.35 0.1 0.1 0 0 0 0
0 0 0 0 0 0 0 0 0 0 0 0 0 0.5 0.44 0.1 0 0 0 0
0 0 0 0 0 0.1 0.1 0 0 0 0 0 0.1 0 0 0 0 0 0 0
0 0 0 0 0 0 0 0 0 0 0 0 0 0.1 0.1 0.1 0 0 0 0
0 0 0 0 0 0 0 0 0 0 0 0 0 0.46 0.46 0.38 0 0 0 0
0 0 0 0 0 0 0 0 0 0 0 0 0 0.41 0.41 0.41 0 0 0 0
0 0 0 0 0.06 0 0 0 0 0 0.09 0.06 0 0 0 0 0 0 0 0
0 0 0 0 0.05 0.35 0 0 0 0 0 0.05 0 0 0 0 0 0 0 0
0 0 0 0 0 0 0 0 0 0 0 0 0 0.1 0.1 0.1 0 0 0 0
0 0 0 0 0 0 0 0 0 0 0 0 0 0.57 0.1 0.91 0 0 0 0
0 0 0 0 0 0 0 0 0 0 0 0 0 2.72 1.1 2.03 0 0 0 0
0 0 0 0 0 0 0 0 0 0 0 0 0 0.38 0.45 1.26 0 0 0 0
0 0 0 0.06 0 0 0.1 0 0 0 0 0 0.09 0 0 0 0 0 0 0
0 0 0 0 0 0 0 0 0 0 0 0 0 2.71 0.91 2.02 0 0 0 0
