20 20
0.1 0.1 0.1 0.1 0.1 0.1 0 0 0 0 0 0 0 0 0 0.1 0.1 0 0.1 0.1
0.1 4 3.99 3 5.12 0 0 0 0 0 0 0 0 0 0 0.9 2.47 5 4 2.21
0.1 0.1 0.73 0.1 0.1 0.1 0 0 0 0 0 0 0 0 0 0 0.97 0.77 0.1 0.44
5.32 3.76 4.73 5.01 3.35 0 0 0 0 0 0 0 0 0 0 0.52 4.04 5 6.59 5.02
8.69 7.96 8.06 8.31 0.1 0 0 0 0 0 0 0 0 0 0 0.93 8.03 3.14 10.01 6.16
7.27 8 7.45 5.13 5.01 1.25 0 0 0 0 0 0 0 0 0 0.53 0 5.06 13.51 7.01
10.12 9.99 7.43 8.3 5.11 0 0 0 0 0 0 0 0 0 0 0 5.46 5.03 13.13 6.06
9.38 6.01 8.03 8.28 4.91 0 0 0 0 0 0 0 0 0 0 0.2 5.83 0 13.17 5.03
5.2 5.5 0.05 5.4 0.55 0 0 0 0 0 0 0 0 0 0 0.11 0 4 0.15 0.43
0.6 0.11 0 1.19 0.94 0 0 0 0 0 0 0 0 0 0 0.11 5 0.25 1.11 2.09
3.5 1.41 4.02 1.41 1.19 0 0 0 0 0 0 0 0 0 0 0 2.31 2 1.44 1.41
9.39 8.01 7.44 5 0 1.84 0 0 0 0 0 0 0 0 0 0 5.82 0 5 3.26
0.8 0.8 0.8 0.8 0.8 0 0 0 0 0 0 0 0 0 0 0.8 0 0.8 0.8 0
3.1 1.4 1.05 2.65 0 0 0 0 0 0 0 0 0 0 0 0 2.1 1.15 1.02 2.2
7.24 7.89 5.64 8.31 1.71 0 0 0 0 0 0 0 0 0 0 2 0 1.7 9.73 0
0.26 0.13 0.16 0.31 0 0 0 0 0 0 0 0 0 0 0 0 0.3 0.21 0.32 0.42
3.59 2.69 2.89 2.49 0 0 0 0 0 0 0 0 0 0 0 0 2.39 0 2.61 1.59
2.77 0.5 0.5 0.5 0 0 0 0 0 0 0 0 0 0 0 0 2.37 0 2.77 2.27
7.17 7.69 5.63 8 0 0.44 0 0 0 0 0 0 0 0 0 0 8 0 0 7
0 0 0 0 0 0 0 0.46 0.42 0.5 0.5 0.5 0.48 0.46 0 0 0 0 0 0
