20 20
0 0 0 0 0 0 0 0.52 0.52 0 0 0.52 0 0.52 0 0 0 0 0 0
0 0 0 0 0 0 0 1 11.11 0 0 11.11 0 11.11 0 0 0 0 0 0
0 0 0 0 0 0 0 0.81 0.81 0 0 0.81 0 0.81 0 0 0 0 0 0
0 0 0 0 0 0 0 1 1 0 0 1 0 1 0 0 0 0 0 0
0 0 0 0 0 0 0 13.28 8.64 0 0 9.93 0 10.88 0 0 0 0 0 0
0 0 0 0 0 0 0 2.03 2.03 0 0 2.03 0 2.03 0 0 0 0 0 0
0 0 0 0 0 0 0 0.5 8 0 0 8 0 8 0 0 0 0 0 0
0 0 0 0 0 0 0 0.61 0.66 0 0 0.1 0 0.1 0 0 0 0 0 0
0 0 0 0 0 0 0 0.62 0.67 0 0 0.1 0 0.1 0 0 0 0 0 0
0 0 0 0 0 0 0 1 1 0 0 1.31 0 1 0 0 0 0 0 0
0 0 0 0 0 0 0 8 8 0 0 8 0 1.27 0 0 0 0 0 0
0 0 0 0 0 0 0 1.23 3.01 0 0 3.01 0 3.01 0 0 0 0 0 0
0 0 0 0 0 0 0 0.1 21.44 0 0 0.1 0 0.1 0 0 0 0 0 0
0 0 0 0 0 0 0 6.01 6.01 0 0 6.01 0 6.01 0 0 0 0 0 0
0 0 0 0 0 0 0 4.19 4.9 0 0 3.32 0 4.91 0 0 0 0 0 0
0 0 0 0 0 0 0 1.22 1.11 0 0 1.08 0 1.22 0 0 0 0 0 0
0 0 0 0 0 0 0 0.11 5.56 0 0 0.11 0 0.1 0 0 0 0 0 0
0 0 0 0 0 0 0 2.17 2.16 0 0 3.02 0 3.07 0 0 0 0 0 0
0 0 0 0 0 0 0 7 7 0 0 7 0 7 0 0 0 0 0 0
0 0 0 0 0 0 0 2.17 2.16 0 0 2.47 0 1.11 0 0 0 0 0 0
