20 20
0.1 0 0 0 0 0.1 0 0 0 0 0 0 0.1 0 0 0 0 0 0 0
0 0 0 0.45 0 0 0 0 0 0 0 0 0 0 0 0 0 0 0.27 0.27
0 0 0 0.1 0 0 0 0 0 0 0 0 0 0 0 0 0 0 0.1 0
0 0 0 2.26 0 0 0 0 0 0 0 0 0 0 0 0 0 0 0.62 0
0 0 0 1.32 0 0 0 0 0 0 0 0 0 0 0 0 0 0 0.32 0
0 0 0 0 0 0 0 0 0 0 0 0 0.1 0 0 0 0 0.1 0 0
0 0 0 1 0 0 0 0 0 0 0 0 0 0 0 0 0 0 0 0.28
0 0 0 0 0 0 0 0 0 0 0 0 0.79 0 0 0 0 0.74 0 0
0 0 0 0.61 0 0 0 0 0 0 0 0 0 0 0 0 0 0 0 0.61
0 0 0 0 0 0 0 0 0 0 0 0 0.14 0 0 0 0 0.41 0 0
0 0 0 0 0 0 0 0 0 0 0 0 0 0.96 0 0 0.66 0 0 0
0 0 0 0 0 0 0 0 0 0 0 0 0 0 0 0 0 0 0.22 0.1
0 0 0 0.1 0 0 0 0 0 0 0 0 0 0 0 0 0 0 0.63 0
0 0 0 0 0 0 0 0 0 0 0 0 0 0 0 0 0 0 0.76 0.26
0 0 0 0 0 0 0 0 0 0 0 0 0.79 0 0 0 0 0.75 0 0
0 0 0 0 0 0 0 0 0 0 0 0 0 0 0 0 0 0 0.16 0.24
0 0 0 0 0 0 0 0 0 0 0 0 0 0 0 0 0 0 0.21 0.06
0.14 0 0 0 0 0.11 0 0 0 0 0 0 0 0 0 0 0 0 0 0
0.16 0 0 0 0 0.12 0 0 0 0 0 0 0 0 0 0 0 0 0 0
0 0 0 0 0 0 0 0 0 0 0 0 0.17 0 0 0 0 0.21 0 0
