20 20
0.35 0.16 0 0 0 0 0.55 0.34 0.45 0.09 0.24 0.85 0 0 0 0 0 0 0.39 0.12
0.1 0 0 0 0 0 0.1 0.1 0.1 0.1 0.1 0.1 0 0 0 0 0 0 0.1 0.1
0.5 0 0 0 0 0 0.1 0.76 0.77 0.1 0.1 0.1 0 0 0 0 0 0 0.43 0.1
3.99 0 0 0 0 0 5.15 3.53 2.1 4.5 5.1 5.25 0 0 0 0 0 0 1.76 5.5
0.8 0 0 0 0 0 0.8 0.8 0.8 0.8 0.8 0.8 0 0 0 0 0 0 0.8 0.8
2 0 0 0 0 0 2 2.2 1.86 1.21 1.56 2 0 0 0 0 0 0 1.96 2
3.05 0 0 0 0 0 3.05 2.45 3.05 2.9 3.05 3.05 0 0 0 0 0 0 3.05 3.05
1.43 0 0 0 0 0 1.69 0.76 1.52 1.87 2.52 2.04 0 0 0 0 0 0 0.32 1.6
0.11 0 0 0 0 0 0.22 0.16 0.15 0.21 0.11 0.17 0 0 0 0 0 0 0.15 0.21
5.24 0 0 0 0 0 5.44 4.86 5.08 6.02 4.99 4.2 0 0 0 0 0 0 1.57 4
1 0 0 0 0 0 1 1 1 1 5 0.5 0 0 0 0 0 0 1.46 1
5.73 0 0 0 0 0 3.01 2.51 4 6.19 5.9 1.09 0 0 0 0 0 0 1.58 0.21
1 0 0 0 0 0 5.02 4.24 5.55 6.75 5.65 7.3 0 0 0 0 0 0 3.35 8
7.57 0 0 0 0 0 4 2 4.99 5.98 5.49 5 0 0 0 0 0 0 0.28 8.15
0.44 0 0 0 0 0 0.09 0.06 0.08 0.19 0.14 0.35 0 0 0 0 0 0 0.05 0.32
0.1 0 0 0 0 0 0.1 0.1 0.1 0.1 0.1 0.1 0 0 0 0 0 0 0.1 0.1
1.8 0 0 0 0 0 7.05 2 5.01 2.27 5.65 2 0 0 0 0 0 0 1.19 3
2.1 0 0 0 0 0 1.43 0.85 2 3 0.1 2.06 0 0 0 0 0 0 0.82 1.28
2.91 0 0 0 0 0 2.31 0.1 1.87 1.22 1.57 1.99 0 0 0 0 0 0 0.8 0.1
0.42 0 0 0 0 0 0.42 0.42 0 0.42 0.42 0.42 0 0 0 0 0 0 0.42 0.42
