20 20
0 0 0 0 0 0.45 0 0 0 0 0 0.45 0.45 0 0.45 0.45 0 0 0 0
0 0 0 0 0 4 0 0 0 0 0 5 6 0 6 4.15 0 0 0 0
0 0 0 0 0 0.81 0 0 0 0 0 1 0.97 0 1 0.1 0 0 0 0
0 0 0 0 0 2.83 0 0 0 0 0 2.96 2.98 0 2.99 1 0 0 0 0
0.17 0 0 0 0 0 0 0.15 0.21 0 0 0 0 0 0 0 0.06 0 0 0.19
1.09 0 0 0 0 0 0 1.58 0.21 0 0 0 0 0 0 0 1.51 0 0 3.49
0 0 0 0 0 0.25 0 0 0 0 0 0.3 0.3 0 4.75 0.3 0 0 0 0
0 0 0 0 0 1.25 0 0 0 0 0 1.25 1.25 0 0.1 1.24 0 0 0 0
0.42 0 0 0 0 0 0 0.42 0.42 0 0 0 0 0 0 0 0 0 0 0.42
0.1 0 0 0 0 0 0 0.1 0.1 0 0 0 0 0 0 0 0 0 0 0.1
2.64 0 0 0 0 0 0 1.2 2.13 0 0 0 0 0 0 0 0 0 0 3.33
0 0 0 3.16 1.18 0 0 0 0 0 0 0 0 0 0 0 0 1.99 1.61 0
0.1 0 0 0 0 0 0 0.43 0.1 0 0 0 0 0 0 0 0 0 0 0.57
0.8 0 0 0 0 0 0 0.8 0.8 0 0 0 0 0 0 0 0 0 0 0.8
2 0 0 0 0 0 0 1.96 2 0 0 0 0 0 0 0 0 0 0 2
0 0 0 0 0 0 0 0 0 0 0 1.5 1.3 0 0 1.16 1.5 0 0 0
0 0 0 0 0 0 0 0 0 0 0 0.1 0.1 0 1.1 0.1 0 0 0 0
0 0 0 0 0 0 0 0 0 0 0 0.89 0.89 0 0 0.89 0.25 0 0 0
2 0 0 0 0 0 0 0.78 0.05 0 0 0 0 0 0 0 0 0 0 0.76
0 0 0 0 0 0 0 0 0 0 0 0.55 0.55 0 0.52 0.55 0 0 0 0
