20 20
0 0 0 0 1.03 8.52 1.3 0 2.01 0 0 0.2 0.44 1.15 2.35 0.76 0 0 0 0.2
0 0 0 0 0 0.1 0.1 0 0.1 0 0 0 0 0.1 0.1 0.1 0 0 0 0.1
0 0 0 0 0 0.61 1.54 0 0.46 0 0 0 1.2 0.61 0.76 0.61 0 0 0 0
0 0 0 0 0 6.87 0.91 0 2.9 0 0 0 0 0.1 1 0.1 0 0 0 0.7
0 0 0 0 0 0.25 0.15 0 0.23 0 0 0 0.2 0.16 0.23 0.19 0 0 0 0
0 0 0 0 0 0.5 0.29 0 0.5 0 0 0 0.5 0.44 0.46 0.39 0 0 0 0
0 0 0 0 0 7.34 0 0 3.12 0 0 0 0.43 0.76 2.34 0.71 0 0 0 1.36
0 0 0 0 0 5.04 1 0 2.25 0 0 0 0.5 1.98 3.5 1 0 0 0 0
0 0 0 0 0 4.07 0.05 0 0.75 0 0 0 0.17 0.28 0.24 0.32 0 0 0 0
0 0 0 0 0 7.33 1.29 0 3.21 0 0 0 0.6 1.15 0 0.77 0 0 0 0
0 0 0 0 0 7.9 0.1 0 0.1 0 0 0 0.1 0 3.94 0 0 0 0 0.1
0 0 0 0 0 0.5 0.5 0 0.5 0 0 0 0 0.5 0.5 0.5 0 0 0 0
0 0 0 0 0 10.01 1.82 0 2.51 0 0 0 0 2.06 4.01 1.16 0 0 0 0
0 0 0 0 0 0 1.25 0 0.45 0 0 0 0.25 0.25 0 0.25 0 0 0 0.1
0 0 0 0 0 4.51 0 0 0.99 0 0 0 0.99 0.99 0.99 0.99 0 0 0 0
0 0 0 0 0 0.05 0.99 0 0.05 0 0 0 0 0.05 0.05 0.05 0 0 0 0
0 0 0 0 0 0 0.42 0 0.42 0 0 0 0.42 0.42 0 0.42 0 0 0 0
0 0 0 0 0 11 1.27 0 2.6 0 0 0 0 1.14 0 0.45 0 0 0 0
0 0 0 0 0 0 0 0 2.1 0 0 0 1.35 2.65 0.05 2.65 0 0 0 0
0 0 0 0 0 0 0.05 0 0.05 0 0 0 0.05 0.05 0 0.05 0 0 0 0
