20 20
0 0 0 0 0 0 0.1 0 0 0.1 0.1 0 0.1 0 0 0 0 0 0.1 0.1
0 0 0 0 0 0 0.5 0 0 0.1 0.42 0 0.5 0 0 0 0 0 0.1 0.76
0 0 0 0 0 0 15 0 0 2.4 8 0 0.1 0 0 0 0 0 0.1 0.1
0 0 0 0 0 0 1.01 0 0 1.02 1.03 0 1.02 0 0 0 0 0 1.01 0.81
0 0 0 0 0 0 0.5 0 0 0.5 0.5 0 0.5 0 0 0 0 0 0.5 0.5
0 0 0 0 0 0 0.16 0 0 0.09 0 0 0.33 0.1 0 0.3 0 0 0.21 0
0 0 0 0 0 0 2 0 0 0.75 1 0 1 0 0 0 0 0 1 1
0 0 0 0 0 0 13.38 0 0 5.39 7.86 0 5.73 0 0 0 0 0 3.01 2.51
0.13 0.11 0.14 0.12 0.12 0.06 0 0 0 0 0 0 0 0 0 0 0 0 0 0
0 0 0 0 0 0 0.75 0 0 2.22 4.6 0 1 0 0 0 0 0 5.02 4.24
0 0 0 0 0 0 15.01 0 0 4.03 7.89 0 5.72 0 0 0 0 0 5.85 3.52
4 4 4 4 4 4 0 0 0 0 0 0 0 0 0 0 0 0 0 0
0 0 0 0 0 0 5 0 0 6.14 5.02 0 7.57 0 0 0 0 0 4 2
0 0 0 0 0 0 4.99 0 0 0.05 4.99 0 1.99 0 0 0 0 0 1.99 2.05
0 0 0 0 0 0 0.5 0 0 0.6 1.01 0 1 0 0 0 0 0 0.7 0.75
0 0 0 0 0 0 0.51 0 0 0.28 2.48 0 0.44 0 0 0 0 0 0.09 0.06
0 0 0 0 0 0 4 0 0 3.12 1.49 0 2.1 0 0 0 0 0 1.43 0.85
1.6 1.78 1.21 0.78 1.33 0.7 0 0 0 0 0 0 0 0 0 0 0 0 0 0
1.61 1.79 1.22 0.79 1.34 0.71 0 0 0 0 0 0 0 0 0 0 0 0 0 0
0 0 0 0 0 0 12.45 0 0 5.25 0 0 1 0 0 0 0 0 1 0.29
