20 20
0 0 0 0 1.82 1.04 3.64 0.31 0 0 2.58 0 0 0 2.01 0.99 0.47 0 0 0
0 0 0 0 1.67 2.01 3.43 0.2 0 0 0.96 0 0 0 1.62 1 0.27 0 0 0
0 0 0 0 0.1 0.1 0.1 0.1 0 0 0.1 0 0 0 0.1 0.1 0 0 0 0
0 0 0 0 0.37 0.29 0.71 1.04 0 0 0 0 0 0 0.61 0.31 0.48 0 0 0
0 0 0 0 1.6 1 2.99 0.71 0 0 2.75 0 0 0 0.21 0.91 0 0 0 0
0 0 0 0 0.1 3.02 4.09 0 0 0 3.03 0 0 0 0.1 1.26 1.07 0 0 0
0 0 0 0 0 0.49 0.49 0.49 0 0 0.23 0 0 0 1.31 0.39 0.24 0 0 0
0 0 0 0 1.37 3 3.04 1 0 0 3.02 0 0 0 2 1.24 0 0 0 0
0 0 0 0 1.5 0 2.6 0 0 0 2.4 0 0 0 1.45 0.88 0.7 0 0 0
0 0 0 0 0 0.22 0.22 0.11 0 0 0 0 0 0 0.25 0.21 0.22 0 0 0
0 0 0 0 1.96 1 0 0 0 0 2 0 0 0 1.63 1.28 1.07 0 0 0
0 0 0 0 0.1 0.1 3.4 0 0 0 5 0 0 0 0.1 0 0 0 0 0
0 0 0 0 0 0 0.75 0 0 0 1 0 0 0 0.99 1 0.21 0 0 0
0 0 0 0 0 0 1.01 0 0 0 1.01 0 0 0 0.51 0.9 0.88 0 0 0
0 0 0 0 1.38 1.01 3.01 0 0 0 0 0 0 0 1.51 0.71 0 0 0 0
0 0 0 0 0.21 0 0.21 0 0 0 0 0 0 0 0.2 0.2 0.21 0 0 0
0 0 0 0 0.73 3 0 0.5 0 0 2.52 0 0 0 1 0 0 0 0 0
0 0 0 0 1.47 0 2.56 0 0 0 2.53 0 0 0 0 1.23 0 0 0 0
0 0 0 0 0 3.27 0 0 0 0 0.5 0 0 0 2.37 0.5 0 0 0 0
0 0 0.51 0 0 0 0 0 0 0 0 0 0.5 0.22 0 0 0 0.48 0 0
