20 20
1.06 0 0 0 0 0 0.99 0.86 2.99 3.35 2.02 0 2.15 3.2 2 1.56 4.13 4.99 0 0
0.1 0 0 0 0 0 0 0.1 0.1 0.1 0.1 0 0.1 0.1 0.1 0.1 0.1 0.1 0 0
6.71 0 0 0 0 0 0 1.27 2.94 0.82 3.08 0 5 0.91 0.61 1 2.13 2.26 0 0
11.02 0 0 0 0 0 0 0.8 3 3.02 3.18 0 7.62 9.21 5.02 4.01 3.64 2.52 0 0
11.01 0 0 0 0 0 1.89 1.36 3.85 0 4.41 0 5 8.42 5.02 2.56 5.56 5.01 0 0
0.8 0 0 0 0 0 0.8 0 0.8 0 0.8 0 0.8 0.8 0.8 0.8 0.8 0.8 0 0
13 0 0 0 0 0 0 0 4 3 5 0 7.67 8.06 4.82 5 5.55 4.98 0 0
5.06 0 0 0 0 0 1 0 2 2 0 0 7.66 5.9 4 4 2 4 0 0
1 0 0 0 0 0 0 0 0 1 0.5 0 1 1 1 0.63 1 1 0 0
0.1 0 0 0 0 0 0 0 0.76 0.76 0.61 0 0.1 0.1 0 0.1 0.61 0.63 0 0
8.3 0 0 0 0 0 0 0 2.98 0 1.63 0 3.94 9.19 2 3.24 2.21 3.5 0 0
0.23 0 0 0 0 0 0 0 0.19 0.14 0.1 0 0 0.1 0.22 0.1 0.22 0.24 0 0
10.55 0 0 0 0 0 0 0 3.86 3.33 0 0 0.1 10.01 3.02 5.01 5.61 5.01 0 0
0.5 0 0 0 0 0 0 0 0.5 0.5 0.5 0 0 0.5 0.5 0.5 0.5 0.5 0 0
1.43 0 0 0 0 0 0 0 0.3 0.49 0.45 0 0 0.44 0.49 0.5 0.7 0.2 0 0
3.05 0 0 0 0 0 0 0 3.05 0 3.05 0 3.05 3.05 3.05 3.05 3.05 3.05 0 0
5.5 0 0 0 0 0 0 0 0.75 2.25 0 0 1 5 4.25 3 5 5.25 0 0
0.26 0 0 0 0 0 0 0 0.05 0.05 0.05 0 0 0.3 0.05 0.08 0.06 0.08 0 0
0.19 0 0 0 0 0 0 0 0.16 0.26 0.13 0 0.21 0.26 0 0.27 0.21 0.21 0 0
0.6 0 0 0 0 0 0 0 0.68 0.71 0.56 0 0.42 1.1 0.5 1.2 0 0.6 0 0
