20 20
1.11 0.99 0.51 2.47 3.33 3.68 2.11 3 1.87 2.08 0.41 1.24 3.22 2.89 3.12 0.31 0.39 1.85 3.31 4.3
0.7 1 0.29 0.33 5 2.4 1.33 2.36 1.3 1.75 0.34 5 3.03 2.65 2.62 0.3 0.38 2.31 5 4.01
0.71 0.9 0.36 2.47 3.32 3.38 2.12 3.3 1.88 1.12 0.22 1.25 3.68 2.91 3.13 0.38 0.39 2.5 0 4.3
0.59 0.89 0 0 1.75 2.29 1.72 2.49 0 1.89 0 0.95 3.09 2.6 2.69 0.52 0.56 1.99 0 1.39
0 1.09 0.35 2.6 0 3.65 1.98 3.25 1.81 2.06 0.4 0 3.73 2.9 3.14 0 0.51 2.58 0 4.29
0 0 0 0.37 0.9 0.32 1.34 0.61 0 1.11 0 0.6 1.01 1.01 1.15 0.56 0.57 1.06 0.97 0
0 0 0.16 0.38 2.77 0 0 2.5 1.31 1.77 0.38 1 3.21 2.56 2.63 0 0 0 0 4.24
0.46 0.66 0 0 0.9 3.38 0 0 0 0.9 0 0.32 0 0 0 0.34 0.4 2.38 2.73 4.29
0 0 0.5 0 0 0 0 0 2.77 2.77 0.5 0 3.27 3.27 3.27 0 0 3.77 0.5 2.27
0.89 1.1 0 2.56 2.67 3.67 0 0 0 2.07 0 1.01 0 0 0 0 0 2.6 0.1 4.29
0 0.48 0 0.27 0 1.87 0.91 2.35 0 0 0 0 3.04 2.61 2.64 0 0 2.07 2.3 0
0 1.08 0 0 2.04 3.64 0 3.16 0 2.05 0.1 0 3.74 2.88 3.14 0 0 0 0 4.28
0.3 0.3 0 0 0.42 0 0.28 0.6 0 0.42 0 0.36 0 0.5 0.35 0 0.5 0 0 0
0 0 0 0 0 0 2.25 2.34 1.78 0 0 0 2.84 2.88 2.57 0.53 0 2.59 3.05 0
0 0.75 0 0 0 1.59 1.58 1.37 0 0 0 0 2.11 2 2.55 0 0 1.51 0 0
0 0 0 0 0.26 0.21 0 0 0 0.21 0 0.26 0 0 0 0.2 0.26 0.21 0.2 0
0 0 0 0 3.77 0 0 0 3.77 0 0 0 3.77 3.77 3.77 0 0 3.77 0 3.77
0 0 0 0 0 0 0 0 1.08 1.08 0 0 1.08 1.08 1.08 0 0 1.08 0 1.08
0.51 0 0 0 1.7 1.25 0 0 0 1.1 0 0 0 0 0 0.45 0.3 1.8 0 0
0 0 0 2.46 0 2.41 0 0 1.85 0 0 0 0 0 0 0 0 2.49 3.3 2.37
