20 20
0 0 1.5 1.83 1.25 0.52 2.62 0 1.51 1.22 0 1.6 6.08 4.04 2.92 0 1.44 4.1 0 0
0 0 0.32 1.45 1.34 1.5 0.6 0 0.34 1.27 0 1.14 0.51 0.51 0.71 0 1.39 0.1 0 0
0 0 0.1 1.44 1.24 0.69 0.33 0 5 1.19 0 1.07 2.76 2.07 3.03 0 1.23 6.03 0 0
0 0 1.83 1.52 1.35 1.18 2.63 0 2.89 1.23 0 0.23 6.08 4.05 2.77 0 1.45 8.32 0 0
0 0 1.05 1.95 1.31 1.17 0 0 1.52 1.2 0 0 6.04 2.08 2.85 0 1.27 8.29 0 0
0 0 0 2.08 0 0.51 2.62 0 0 0.3 0 0 6.03 3.77 3.06 0 1.02 8.35 0 0
0 0 3.27 2.77 0 0 2.77 0 0 3.77 0 0 2.77 2.77 0.5 0 3.77 2.77 0 0
0 0 0.5 0 0.11 0.11 0 0 0.15 0 0 0 0.5 0.5 0.11 0 0.11 0.15 0 0
0 0 1.08 1.08 0 0 1.08 0 0 1.08 0 0 1.08 1.08 0 0 1.08 1.08 0 0
0 0 0 0 0.1 0.1 0 0 0.1 0 0 0 0 0 0.1 0 0.1 0.1 0.1 0
0 0 0.12 0.11 0 0 0.12 0 0 0.11 0 0 1.05 1.05 0 0 0.11 0 0 0
0 0 5.27 0 0 0 3.57 0 0 2.37 0 0 6.09 4.05 0 0 3.77 3.47 0 0
0 0 0 0 0.1 0.1 0 0 0.4 0 0 0 0 0 2.59 0 0.1 6.02 1 0
0 0 3.77 3.77 0 0 3.77 0 0 0 0 0 3.77 3.77 0 0 0 3.77 0 0
0 0 1.49 1.69 0 0 0 0 0.79 0 0 0 2.29 2.54 0 0 0 3.2 0 0
0 0 0 0 0 0 2.2 0 0 1.14 0 1.5 4.02 2.02 0 0 0 7.25 0 0
0 0 0 0 0 0 2.03 0 0 0.1 0 1.46 0.1 0.1 0 0 0 0.1 0 0
0 0 2 1.5 1.75 1.75 0 0 0 1.5 0 0 0 0 0 0 1.75 0 0 0
0 0 1.97 2.07 0 0 0 0 2.85 0 0 0 0 0 0.1 0 0.1 8.34 0 0
0 0 0.33 0 1.25 0 0 0 0 1.91 0 0 0 0 2.76 0 1.28 0 0.23 0
