20 20
0 0 0 0 0 0 0.35 0.39 0.25 0.18 0.51 0.1 0.26 0.17 0.15 0.25 0.27 0 0 0
0 0 0 0 0 0 0.36 0.36 0.24 0.19 0 0.11 0.25 0.18 0.16 0.13 0.24 0 0 0
14.02 9.13 4.02 12.71 0 0 0 0 0 0 0 0 0 0 0 0 0 0 0 0
0.1 0.1 2 0.1 0 0 0 0 0 0 0 0 0 0 0 0 0 0 0 0
12.99 6.25 1 8 0 0 0 0 0 0 0 0 0 0 0 0 0 0 0 0
0.1 0.1 0.1 0.1 0 0 0 0 0 0 0 0 0 0 0 0 0 0 0 0
3 6.26 3 3 0 0 0 0 0 0 0 0 0 0 0 0 0 0 0 0
14.77 0.1 18.04 14.77 0 0 0 0 0 0 0 0 0 0 0 0 0 0 0 0
7.2 0.1 3.01 7.25 0 0 0 0 0 0 0 0 0 0 0 0 0 0 0 0
5 5.52 2.41 5 0 0 0 0 0 0 0 0 0 0 0 0 0 0 0 0
6 7.92 5.58 8.01 0 0 0 0 0 0 0 0 0 0 0 0 0 0 0 0
0.9 0.11 0.52 1 0 0 0 0 0 0 0 0 0 0 0 0 0 0 0 0
1.5 3.99 5.25 2 0 0 0 0 0 0 0 0 0 0 0 0 0 0 0 0
0.8 0.8 0.8 0.8 0 0 0 0 0 0 0 0 0 0 0 0 0 0 0 0
15 6.66 0.1 13 0 0 0 0 0 0 0 0 0 0 0 0 0 0 0 0
0.1 0.1 0.1 12.5 0 0 0 0 0 0 0 0 0 0 0 0 0 0 0 0
4 3 0.45 3.5 0 0 0 0 0 0 0 0 0 0 0 0 0 0 0 0
10.01 8.79 2 8.45 0 0 0 0 0 0 0 0 0 0 0 0 0 0 0 0
6.11 8.05 4.77 8.44 0 0 0 0 0 0 0 0 0 0 0 0 0 0 0 0
5 4.84 4.35 5 0 0 0 0 0 0 0 0 0 0 0 0 0 0 0 0
