20 20
1 0.16 0 0 0 0 0 0.25 0 0 0 0 0 0 0 0.1 0 1 0 0.1
0 0 0.63 4.5 0.65 1.74 0.4 0 0 0 0 0 0 0 1.35 0 0 0 0 0
0 0 0.1 0.1 0.1 0.1 0.1 0 0 0 0 0 0 0 0.1 0 0 0 0 0
0.1 0 0 0 0 0 0 0.1 0 0 0 0 0 0 0 0.1 0 0.1 0 0.1
0.68 0 0 0 0 0 0 0.46 0 0 0 0 0 0 0 0.67 0 2 0 1
3 0.2 0 0 0 0 0 0 0 0 0 0 0 0 0 0.71 0 5.01 0 2.46
1.03 1.2 0 0 0 0 0 0 0 0 0 0 0 0 0 0 0 4.69 0 1
0 1.02 0 0 0 0 0 0.62 0 0 0 0 0 0 0 0 0 0.1 0 0.61
0.25 0 0 0 0 0 0 0.23 0 0 0 0 0 0 0 0 0 0.25 0 0.22
3.02 0 0 0 0 0 0 0 0 0 0 0 0 0 0 0.1 0 3 0 2.83
0.27 0 0 0 0 0 0 0.49 0 0 0 0 0 0 0 0 0 0.48 0 0.48
0 0 0 4.16 0 0.75 0 0 0 0.05 0 0 0 0 0.75 0 0 0 0 0
0.05 0.05 0 0 0 0 0 0 0 0 0 0 0 0 0 0 0 0.05 0 0.05
4.25 0.99 0 0 0 0 0 0 0 0 0 0 0 0 0 0 0 2.25 0 0.99
0.05 0 0 0 0 0 0 0 0 0 0 0 0 0 0 0.05 0 0.06 0 0.05
0.5 0 0 0 0 0 0 0 0 0 0 0 0 0 0 0 0 0.5 0 1
0 0 0 0 0 0 0 1.01 0 0 0 0 0 0 0 0 0 3 0 2.72
0.8 0 0 0 0 0 0 0 0 0 0 0 0 0 0 0 0 0.8 0 0.8
2 0 0 0 0 0 0 0 0 0 0 0 0 0 0 0 0 2 0 2.71
1.03 0 0 0 0 0 0 0 0 0 0 0 0 0 0 0 0 1 0 1.01
