20 20
0 0.06 0 0 0 0 0.22 0 0 0 0 0 0.22 0.06 0 0 0 0 0.19 0.11
0 0 0 0 0 1.66 9.49 0 0 0 0 0 2.01 0 0 0 0 0 2 2
0 0 0 0 0 0 0 0 0 0 0 0 0.16 0 0.31 0.33 0.53 0 0 0.14
0 0 0 0 0 1.3 9.48 0 0 0 0 0 4.47 0 0 0 0 0 5.82 4.54
0 0 0 0 0 0 0.17 0 0 0 0 0 0.1 0 0 0 0 0 1 1
0 0 0 0 0 0 0.44 0 0 0 0 0 0.61 0 0 0 0 0 0.56 0.76
0 0 0 0 0 0 0.8 0 0 0 0 0 0.8 0 0 0 0 0 0.8 0.8
0 0 0 0 0 0 1.01 0 0 0 0 0 1 0 0 0 0 0 1.02 0.77
0 0 0 0 0 0.36 0 0 0 0 0 0 0.49 0 0 0 0 0 0.44 0.46
0 0 0 0 0 0 3.05 0 0 0 0 0 3.01 0 0 0 0 0 3.04 2.77
0 0 0 0 0 0 0.31 0 0 0 0 0 0.05 0 0 0 0 0 0.3 0.3
0 0 0 0 0 0 9.37 0 0 0 0 0 3 0 0 0 0 0 4.43 3.53
0 0 0 0 0 0 0.11 0 0 0 0 0 0.64 0 0 0 0 0 0.16 1
0 0 0 0 0 0 2 0 0 0 0 0 1.17 0 0 0 0 0 1.52 2
0 0 0 0 0 0.61 0.67 0 0 0 0 0 0.06 0 0 0 0 0 0.1 0
0 0 0 0 0 0 3.25 0 0 0 0 0 2.7 0 0 0 0 0 4.55 0.75
0 0 0 0 0 0 5.2 0 0 0 0 0 2 0 0 0 0 0 3 3.5
0 0 0 0 0 0.28 4.74 0 0 0 0 0 0.05 0 0 0 0 0 1.99 0
0 0 0 0 0 0 0.7 0 0 0 0 0 0.82 0 0 0 0 0 0.52 0.75
0 0 0 0 0 0 0.1 0 0 0 0 0 0.1 0 0 0 0 0 0.1 0.1
