20 20
0 0.13 0 0 0 0 0 0 0.13 0.11 0.14 0.12 0.12 0.06 0 0 0 0 0 0
0 0 0 0 0 0 0 0 4 4 4 4 4 4 0 0 0 0 0 0
0 0 0 0 0 0 0 0 1.6 1.78 1.21 0.78 1.33 0.7 0 0 0 0 0 0
0 0 0 0 0 0 0 0 1.61 1.79 1.22 0.79 1.34 0.71 0 0 0 0 0 0
0 0 0 2.21 3.5 0 0 0 0 0 0 0 0 0 3 0 0 4 5.83 0
0 0 0 1.02 3.24 0 0 0 0 0 0 0 0 0 5.01 0 0 5.08 5.11 0
0 0 0 0.4 0.2 0 0 0 0 0 0 0 0 0 0.5 0 0 0.5 0.5 0
0 0 0 0 0 0 0 0 0 0.1 0.1 0.1 0.1 0.1 0 0 0 0 0 0
0 0 0 0 0 0 0 0 1.71 1.08 0.93 0.33 2 0 0 0 0 0 0 0
0 0 0 0.1 0.1 0 0 0 0 0 0 0 0 0 2 0 0 0.75 1 0
0 0 0.11 0 0 0 0 0 0.05 0.19 0 0.24 0.21 0 0 0 0 0 0 0
0 0 0 0 0 0 0 0 0.16 0.99 0.5 0.26 0.99 0 0 0 0 0 0 0
0 0 0 1.51 0.98 0 0 0 0 0 0 0 0 0 15.01 0 0 4.03 7.89 0
0 0 0 0 0 0 0 0 0 0.1 0.1 0.1 0.1 0.1 0 0 0 0 0 0
0 0 0 0 0 0 0 0 0.12 0.19 0.92 0 1 0.26 0 0 0 0 0 0
0 0 0 0.1 3.51 0 0 0 0 0 0 0 0 0 5.02 0 0 3.04 5.2 0
0 0 0 0.11 0.76 0 0 0 0 0 0 0 0 0 1.51 0 0 0.4 0.11 0
0 0 0 0.5 0.1 0 0 0 0 0 0 0 0 0 0.75 0 0 0.75 0.75 0
0 0 0 1 0.1 0 0 0 0 0 0 0 0 0 4 0 0 3.12 1.49 0
0 0 0 0 0.1 0 0 0 0 0 0 0 0 0 0.1 0 0 0.1 0.1 0
