20 20
0 0 0 0.09 0 0 0 0 0 0 0 0 0 0.53 0.53 0 0 0.53 0.53 0.53
0 0 0 0 0 0 0 0 0 0 0 0 0 0.85 0.85 0 0 0.85 0.85 0.85
0 0 0 0 0 0 0 0 0 0 0 0 0 3.1 3 0 0 3.25 3 3
0 0 0 0 0 0 0 0 0 0 0 0 0 0.1 0.1 0 0 0.1 0.1 0.1
0 0 0 0 0 0 0 0 0 0 0 0 0 2 2 0 0 2 2 2
0 0 0 0 0 0 0 0 0 0 0 0 0 1 1 0 0 1 1 1
0 0 0 0 0 0 0 0 0 0 0 0 0 6 6.1 0 0 6 0.1 6.2
0 0 0 0 0 0 0 0 0 0 0 0 0 0.05 0.05 0 0 0.05 0.05 0.05
0 0 0 0 0 0 0 0 0 0 0 0 0 0.1 0.1 0 0 0.1 0.1 0.1
0 0 0 0 0 0 0 0 0 0 0 0 0 1.65 2.05 0 0 1.83 1.48 2.04
0 0 0 0 0 0 0 0 0 0 0 0 0 0.05 0.05 0 0 0.05 0.05 0.05
0 0 0 0 0 0 0 0 0 0 0 0 0 0.1 0.1 0 0 0.1 0.1 0.1
0 0 0 0 0 0 0 0 0 0 0 0 0 7.15 7.18 0 0 6.01 3.82 8.03
0 0 0 0 0 0 0 0 0 0 0 0 0 17.05 0.05 0 0 0.05 0.05 10.97
0 0 0 0 0 1.51 0 0 3.49 3.02 0 1.97 1.05 0 0 0 0 0 0 0
0 0 0 0 0 0 0 0 0 0 0 0 0 7.14 7.19 0 0 6.02 3.83 8.55
0 0 0 0 0 0 0 0 0 0 0 0 0 2.68 2.68 0 0 0.1 0.1 0.1
0 0 0 0 0 0 0 0 0 0 0 0 0 2.38 2.43 0 0 2.31 2.67 2.06
0 0 0 0 0 0 0 0 0 0 0 0 0 5.35 4.16 0 0 5.1 3.81 5.01
0 0 0 0 0 0 0 0 0 0 0 0 0 1.68 1.9 0 0 2.1 1.49 1.41
