20 20
0 0 0 0 2.01 0.98 5 0 0 0 0 0 0 0 0 0 0 0 0 1.41
0 0 0 0 0.71 1.19 0.32 0 0 0 0 0 0 0 0 0 0 0 0 0.71
0 0 0 0 0.1 0.95 3.33 0 0 0 0 0 0 0 0 0 0 0 0 1.31
0 0 0 0 2.18 0.97 4.01 0 0 0 0 0 0 0 0 0 0 0 0 1.01
0 0 0 0 3.4 1.18 4.99 0 0 0 0 0 0 0 0 0 0 0 0 0.1
0 0 0 0 1.17 1.16 4.94 0 0 0 0 0 0 0 0 0 0 0 0 1.42
0 0 0 0 0 1.17 3.29 0 0 0 0 0 0 0 0 0 0 0 0 1.24
0 0 0 0 0 0.97 4.78 0 0 0 0 0 0 0 0 0 0 0 0 1.01
0 0 0 0 0 0.63 1.02 0 0 0 0 0 0 0 0 0 0 0 0 0.96
0 0 0 0 0 0 0 0.7 0.11 0.86 0 0 0 0 0 0 0 0 0 0
0 0 0 0 0 0 0 0.2 0.12 0.22 0 0 0 0 0 0 0 0 0 0
0 0 0 0 0 0.21 0.21 0 0 0 0 0 0 0 0 0 0 0 0 0.22
0.24 0 0 0 0 0 0 0 0 0 0 0 0 0 0 0.41 0.45 0 0 0
0 0 0 0 0 0 0 0.19 0.11 0.21 0 0 0 0 0 0 0 0 0 0
0 0 0 0 0 0 0 0.07 0.07 0.07 0 0 0 0 0 0 0 0 0 0
0.25 0 0 0 0 0 0 0 0 0 0 0 0 0 0 0.42 0.46 0 0 0
0.26 0 0 0 0 0 0 0 0 0 0 0 0 0 0 0.43 0.47 0 0 0
0 0 0 0 0.1 0 0.1 0 0 0 0 0 0 0 0 0 0 0 0 0
0 0 0 0 0 1.18 4.93 0 0 0 0 0 0 0 0 0 0 0 0 0
0 0 0 0 0 1.15 1.78 0 0 0 0 0 0 0 0 0 0 0 0 0
