20 20
5.49 1 1 4.17 5.61 5.28 1.74 7.02 2.11 0.91 2.15 4.01 4.91 4.22 5.61 5.52 0 0 0 0.62
8.09 0.1 0 8.55 7.16 6.61 5.02 9.62 4.22 7 7.01 7.11 6.04 0.1 0.1 0.1 0 0 0 0.1
8.25 5.02 2.01 8.01 5.95 6.41 5.04 10 3.13 6.02 5.85 8.03 6.02 5.49 8.02 8.56 0 0 0 0
0 0.1 0.1 4.21 0.1 0.1 0 0.1 0.1 0.1 0.1 0.1 0.1 0.1 0.1 0.1 0 0 0 0.1
2 3.16 0 2 3 4 2.99 3 3.62 3 0 3 5.98 5.41 5.62 8.55 0 0 0 0.67
2.01 5.01 2.12 9.19 7.2 6.64 2.99 9.83 3.63 3.85 5.86 4.03 6.03 0 4.26 8.56 0 0 0 0
3.05 3.05 3.05 3.05 3.05 3.05 3.05 3.05 0 3.05 3.05 3.05 3.05 3.05 3.05 3.05 0 0 0 0
5.52 0 4.25 9.13 7.19 6.65 1.17 9.83 4.1 6.3 0 8.09 6.04 3.05 6.46 8.56 0 0 0 0.71
0.06 0.05 0.06 0.05 0 0.05 0.05 0.07 0 0.05 0.05 0.05 0.06 0.14 0.05 0.21 0 0 0 0.49
0 0.55 0.61 0.63 0.61 0.61 0 0.59 0.36 0.1 0.52 0.61 0.71 0.61 0.61 0.51 0 0 0 0
0.8 0.8 0.8 0.8 0.8 0.8 0 0.8 0 0.8 0.8 0.8 0.8 0.8 0.8 0.8 0 0 0 0
0.5 0.5 3.77 0.5 2.77 2.77 0.5 0.5 3.27 3.27 0.5 3.77 2.77 0 2.27 0 0 0 0 0
7.01 5.03 2.11 9.2 5.96 4.42 0 10 0 5.56 7.67 5.04 6 2 2.51 2.58 0 0 0 0
0.31 0.07 0 0.4 0.05 0.11 0.05 0.29 0 0.06 0.07 0.06 0.09 0.05 0.07 0.09 0 0 0 0
0.1 0.1 0.1 0.1 0.1 0.1 0 0.1 0 0.1 0.1 0.1 0.1 0.1 0.1 0.1 0 0 0 0
0.45 0 0.43 0.4 0.29 0.5 1.02 1.02 0.3 0.2 0.39 0.42 0.47 0.47 0 0 0 0 0 0
4.65 4.65 3.25 3.5 5.25 5 0 5.25 0.5 5.25 0.75 4.89 5 3.5 0 0 0 0 0 0
0.16 0.21 0 0.25 0.26 0.26 0.22 0.21 0.26 0.26 0.22 0.26 0.39 0.26 0 0 0 0 0 0
9.01 3.17 4.22 7.99 7.2 6.66 0 9.99 0 6.29 7.66 8.13 0 5.44 9 3.8 0 0 0 0
3.01 0 0.77 4.05 3.5 3 1.7 3 0 0 4.38 3 4 5.22 4 5.75 0 0 0 0
