20 20
0.1 0.1 0 0 0 0 0 0.1 0 0 0 0 0 0 0 0 0 0 0 0
0.2 0.2 0 0 0 0 0 0 0 0 0 0 0 0 0 0.2 0 0 0 0
0.85 0.85 0 0 0 0 0 0 0 0 0 0 0 0 0.59 0 0 0 0 0
0.09 0.06 0 0 0 0 0 0 0 0 0 0 0 0 0 0.06 0 0 0 0
0.05 0.05 0 0 0 0 0 0 0 0 0 0 0 0 0 0.05 0 0 0 0
0 0 0 0 0.05 0 0 0.06 0 0 0 0 0 0 0 0 0 0.76 0 0
0.76 0.71 0 0 0 0 0 0 0 0 0 0 0 0 0 0.05 0 0 0 0
0.05 0.28 0 0 0 0 0 0 0 0 0 0 0 0 0 0.29 0 0 0 0
0.08 0.08 0 0 0 0 0 0 0 0 0 0 0 0 0 0.07 0 0 0 0
0.5 0.74 0 0 0 0 0 0 0 0 0 0 0 0 0 0.3 0 0 0 0
0 0 0 0 0 0 0 0 0 0 0.06 0 0 0 0 0 0.11 0.11 0 0
0.05 0.1 0 0 0 0 0 0.51 0 0 0 0 0 0 0 0 0 0 0 0
0.05 0.05 0 0 0 0 0 0 0 0 0 0 0 0 0 0.05 0 0 0 0
0 0 0 0 0 0.12 0 0 0 0 0 0 0 0 0.26 0.05 0 0 0 0
0.05 0.05 0 0 0 0 0 0 0 0 0 0 0 0 0 0.11 0 0 0 0
2.66 1.83 0 0 0 0 0 1.28 0 0 0 0 0 0 0 0 0 0 0 0
0.12 0.11 0 0 0 0 0 0 0 0 0 0 0 0 0 0.06 0 0 0 0
0 0 0 0 0 0 0 0 2 0 0 0 2.38 0 0 0 0.05 0 0 0
0 0.1 0 0 0 2 0 0 0 0 0 0 0 0 0 0.1 0 0 0 0
2.65 1.82 0 0 0 0 0 0 0 0 0 0 0 0 0 0 0 0 0 0
