20 20
2 1.36 1.93 1.59 2 0 0 0 0 0 0 0 0 1.49 2 2 0 1.98 0.25 1.49
3.05 1.5 1.98 2.21 2.24 0 0 0 0 0 0 0 0 2.92 2.83 3.31 0 2.57 0.31 2.52
0.1 1.46 1.94 1.6 0 0 0 0 0 0 0 0 0 0.1 0.1 0.1 0 1.99 0.3 0.1
0.25 0 0.16 0 0.16 0 0 0 0 0 0 0 0 0.23 0.29 0.25 0 0.25 0.06 0.43
3 1.51 0 2.22 2.25 0 0 0 0 0 0 0 0 2.92 2.81 3 0 2.58 0 2.5
1.2 1.37 0.75 0 0.34 0 0 0 0 0 0 0 0 1.5 1.5 1.5 0 0 0 1.5
0 0 0 0 0 0.12 0.5 0.13 0 0.45 0.5 0.6 0 0 0 0 0 0 0.06 0
0.5 0 0.1 0 0.17 0 0 0 0 0 0 0 0 0.5 0.5 0.5 0 0.5 0 0
3.04 0 1.99 0 0 0 0 0 0 0 0 0 0 2.93 4.01 3.32 0 4.02 0 2.51
0 0 0 0 0 0.14 1.05 1.39 1.2 1.37 1.03 1.54 0 0 0 0 0 0 0 0
0 0 0 0 0 0 0.3 0.3 0.3 0.3 0.3 0.3 0 0 0 0 8 0 0 0
0 0 0 0 0 0 0.15 0.15 0.15 0.15 0.15 0.15 0 0 0 0 0 0 0 0
0 0 0 0 0 0 0.25 0.25 0.25 0.25 0.25 0.25 0 0 0 0 0 0 0 0
0 0 0 0 0 0 1.01 1.3 1.13 1.26 1.02 1.02 0 0 0 0 0 0 0 0
0 0 0 0 0 0 1.89 1.82 2.01 3.34 1.94 3.17 0 0 0 0 0 0 0 0
0 0 0 0 0 0 0.58 0.63 0.31 0.22 0.32 0.35 0 0 0 0 0 0 0 0
0 0 0 0 0 0.1 0.35 0 0.35 0.35 0.3 0.3 0 0 0 0 0 0 0 0
0 0 0 0 0 0 0.13 0.13 0.13 0.13 0.13 0.13 0 0 0 0 0 0 0 0
0 0 0 0 0 0 0.25 1.52 0.25 0.31 0.26 0.26 0 0 0 0 0 0 0 0
0 0 0 0 0 0 0.1 0.1 0.1 0.1 0.1 0.1 0 0 0 0 0 0 0 0
