20 20
0 0 0 0 0 0.1 0.1 0.1 0.1 0 0 0 0 0 0 0.1 0 0 0 0
0 0 0 0 0 1 1 0.54 1 0 0 0 0 0 0 1 0 0 0 0
0 0 0 0 0 0.8 0.8 0.8 0.8 0 0 0 0 0 0 0.8 0 0 0 0
0 0 0 0 0 4.93 3.28 1.07 1.49 0 0 0 0 0 0 7.82 0 0 0 0
0 0 0 0 0 4.79 3 0.91 1.24 0 0 0 0 0 0 6.11 0 0 0 0
0 0 0 0 0 0.25 0.25 0.52 0.52 0 0 0 0 0.15 0 0 0 0 0 0
0 0 0 0 0 1.02 1 1.01 1.02 0 0 0 0 0 0 1.02 0 0 0 0
0 0 0 0 0 0.1 0.25 0.22 0.25 0 0 0 0 0 0 0.1 0 0 0 0
0 0 0 0 0 0.1 0.1 3 3.46 0 0 0 0 0 0 8.55 0 0 0 0
0 0 0 0 0 0.46 0.45 0.47 0.48 0 0 0 0 0 0 0.44 0 0 0 0
0 0 0 0 0 3.05 3.05 3.05 2.75 0 0 0 0 0 0 3.05 0 0 0 0
0 0 0 0 0 0.05 0.05 0.09 0.05 0 0 0 0 0 0 0.09 0 0 0 0
0 0 0 0 0 0.19 0.24 0.12 0.22 0 0 0 0 0 0 0 0 0 0.11 0
0 0 0 0 0 5.62 5.05 2.8 5 0 0 0 0 0 0 10.68 0 0 0 0
0 0 0 0 0 1 2.2 3.05 1 0 0 0 0 0 0 5 0 0 0 0
0 0 0 0 0 0.34 3.18 4.55 4.65 0 0 0 0 0 0 6.25 0 0 0 0
0 0 0 0 0 0.06 0.06 0.11 0.06 0 0 0 0 0 0 0.11 0 0 0 0
0 0 0 0 0 0.39 0.3 0.83 0.52 0 0 0 0 0 0 0.59 0 0 0 0
0 0 0 0 0 0.12 0.05 0.06 0.06 0 0 0 0 0 0 0.11 0 0 0 0
0 0 0 0 0 1.7 2.4 0.41 0.67 0 0 0 0 0 0 2.23 0 0 0 0
