20 20
0 0 0 2.14 6.9 7.24 14.03 0 0 0 0 0 0.84 0 0 0 0 0 0 0
0 0 0 11.11 11.11 11.11 3 0 0 0 0 0 0 0 0 0 0 0 0 0
0 0 0 8 8 8 12 0 0 0 0 0 0 0 0 0 0 0 0 0
0 0 0 21.44 21.44 21.44 0.1 0 0 0 0 0 0 0 0 0 0 0 0 0
0 0 0 2.33 3.02 2.01 2.08 0 0 0 0 0 0 0 0 0 0 0 0 0
0 0 0 2.33 3.02 1.88 2.08 0 0 0 0 0 0 0 0 0 0 0 0 0
0 0 0 0.07 0 0 0 0 0 0.53 0 0 0 0 0 0 0 0.46 0 0.46
0 0 0 0 0 0 0 0 0 0.12 0.12 0 0 0 0 0 0 0.41 0 0.41
0 0 0 1.02 1.11 1.07 2.5 0 0 0 0 0 0 0 0 0 0 0 0 0
0 0 0 0.11 0.11 0.1 0.05 0 0 0 0 0 0 0 0 0 0 0 0 0
0 0 0 7 7 7 7 0 0 0 0 0 0 0 0 0 0 0 0 0
0 0 0 1.01 0.05 0.05 1.03 0 0 0 0 0 0 0 0 0 0 0 0 0
0 0 0 1.03 2 1.82 1.04 0 0 0 0 0 0 0 0 0 0 0 0 0
0 0 0 0.05 0.05 0.05 0.05 0 0 0 0 0 0 0 0 0 0 0 0 0
0 0 0 3.51 3.53 3.3 3.49 0 0 0 0 0 0 0 0 0 0 0 0 0
0 0 0 0.05 0.05 0.17 2.06 0 0 0 0 0 0 0 0 0 0 0 0 0
0 0 0 0.1 0.1 0.1 0.1 0 0 0 0 0 0 0 0 0 0 0 0 0
0 0 0 7 7 7 8 0 0 0 0 0 0 0 0 0 0 0 0 0
0 0 0 0.1 3 0.1 2 0 0 0 0 0 0 0 0 0 0 0 0 0
0 0 0 2.29 6.9 7.24 0 0 0 0 0 0 0 0 0 0 0 0 0 0
