20 20
0 0 0.1 0.1 0.1 0.1 0 0 0 0.1 0 0 0 0 0 0 0 0.1 0 0
0 0 0.71 0.66 0.61 0.51 0 0 0 0.58 0 0 0 0 0 0 0 0.61 0 0
0 0 1.67 1.23 0.49 5.91 0 0 0 5.01 0 0 0 0 0 0 0 2.01 0 0
0 0 2.68 1.53 0.1 0.1 0 0 0 10.84 0 0 0 0 0 0 0 0.1 0 0
0 0 1.64 1.26 1.53 7 0 0 0 10.83 0 0 0 0 0 0 0 4.32 0 0
0 0 2.24 1.52 0 5.92 0 0 0 9.69 0 0 0 0 0 0 0 2.26 0 0
0 0 2.25 1.59 1.54 4.03 0 0 0 0 0 0 0 0 0 0 0 1.32 0 0
0 0 0.24 0.22 0.12 0 0 0 0 0 0 0 0 0 0 0 0 0.22 0 0
0 0 0.61 0.69 0.49 0 0 0 0 0 0 0 0 0 0 0 0 0.49 0 0
0 0 0.5 1 0 0.99 0 0 0 0 0 0 0 0 0 0 0 0.99 0 0
0 0 0 1.58 1.78 4 0 0 0 3.5 0 0 0 0 0 0 0 0 0 0
0 0 0 0 0.98 7.51 0 0 0 4.03 0 0 0 0 0 0 0 1.52 0 0
0 0 1.47 0 0 3.09 0 0 0 2.99 0 0 0 0 0 0 0 0.05 0 0
0 0 1.89 1.49 0 0 0 0 0 0 0 0 0 0 0 0 0 1.29 0 0
0 0 0 0 0 1.05 0 0 0 0.5 0 0 0 0 0 0 0 0.18 0 0
0 0 0 0 0 0.8 0 0 0 0.8 0 0 0 0 0 0 0 0.8 0 0
0 0 0.5 0.5 2.77 0 0 0 0 0 0 0 0 0 0 0 0 0 0 0
0 0 0 0 0 3.1 0 0 0 3.01 0 0 0 0 0 0 0 4.33 0 0
0 0 2.73 1.32 1.29 0 0 0 0 0 0 0 0 0 0 0 0 0 0 0
0 0 1.01 0.99 0 0.69 0 0 0 0 0 0 0 0 0 0 0 0 0 0
