20 20
0.1 0.1 0.1 0 0.1 0.1 0 0 0.1 0 0.1 0 0 0.1 0 0 0 0 0.1 0.1
0.61 0.61 0.63 0 0.61 0 0 0 0 0 0.1 0 0 0.24 0 0 0 0 0.71 0.73
0.1 2.31 2.9 0 0 0.92 0 0 0.8 0 0 0 0 2.46 0 0 0 0 2.94 6.46
0.1 0.1 0.1 0 0 0 0 0 0.92 0 1.45 0 0 0.1 0 0 0 0 4.18 0.1
0.6 0.5 0.81 0 0.7 0.5 0 0 0 0 0.35 0 0 1 0 0 0 0 2.62 0
2.14 1.01 3.03 0 1.41 0 0 0 0.87 0 0 0 0 3.32 0 0 0 0 3.59 9.1
0.27 0.5 1 0 0.85 0 0 0 0 0 0.41 0 0 0 0 0 0 0 1 0.84
2.01 3.88 0 0 1 0.93 0 0 0.81 0 1.43 0 0 0 0 0 0 0 0 9.12
0.1 0 0 0 0.1 0 0 0 0 0 0.1 0 0 0.1 0 0 0 0 0.1 0.1
0 0.8 0.8 0 0 0.8 0 0 0.8 0 0 0 0 0.8 0 0 0 0 0 0.8
0 1.89 3.87 0 0 1.9 0 0 2 0 0 0 0 2.47 0 0 0 0 0 3.08
1.94 3.1 0 0 0.75 0 0 0 0 0 0 0 0 0.95 0 0 0 0 2.95 3.04
2.35 0 0 0 1.1 0 0 0 0 0 0.05 0 0.75 3.35 0 0 0 0 0 2.1
0 3.87 0 0 0 1.57 0 0 0.95 0 0 0 0 0 0 0 0 0 2.97 3
2.14 0 2.91 0 0 0 0 0 0 0 0 0 0 3.33 0 0 0 0 3.6 9.09
2.07 0 0.1 0 1.4 0 0 0 0 0 0.69 0 0 0 0 0 0 0 3.56 0
2.24 0 3.02 0 0 0 0 0 0 0 0 0 0 3.3 0 0 0 0 3.03 9.11
0.48 0.47 0.46 0 0 0 0 0 0.41 0 0 0 0 0 0 0 0 0 0.5 0
0.12 0.14 0 0 0.06 0 0 0 0 0 0.08 0 0 0 0 0 0.17 0 0 0
2.12 4.04 3.86 0 0 0 0 0 0 0 0 0 0 0 0 0 0 0 2.54 9.07
