20 20
0 0 0 0 0 0 0.38 0.74 0.48 0.25 0.53 0 0 0.48 0.59 0.48 0.63 0.13 0.56 0.2
0 0 0 0 0 0 0.4 0.75 0.49 0.26 0.52 0 0 0.48 0.6 0.49 0.64 0.13 0.57 0.19
0 0 0 0 0 0 0.39 0.73 0.1 0.27 0.45 0 0 0.47 0.1 0.1 0.1 0.12 0.1 0.18
0 0 0 0 0 0 0.07 0.1 0 0 0.07 0 0 0 0.07 0.07 0.07 0 0 0
0 0.1 0 0 0.1 0.1 0 0 0 0 0 0.1 0.1 0 0 0 0 0 0 0
0 4.51 0 0 2.27 3.02 0 0 0 0 0 2.78 3.11 0 0 0 0 0 0 0
0 0.61 0 0 0.6 1.06 0 0 0 0 0 0.39 0.53 0 0 0 0 0 0 0
0 4.03 0 0 1.65 2.5 0 0 0 0 0 2.55 3.08 0 0 0 0 0 0 0
0 0.46 0 0 1 2.16 0 0 0 0 0 2.04 2.85 0 0 0 0 0 0 0
0 5.37 0 0 0.1 0.1 0 0 0 0 0 3.04 3.38 0 0 0 0 0 0 0
0 5.34 0 0 1.66 2.51 0 0 0 0 0 2.79 3.12 0 0 0 0 0 0 0
0 5.33 0 0 0 3.01 0 0 0 0 0 2.96 2.9 0 0 0 0 0 0 0
0 4.05 0 0 1.32 0 0 0 0 0 0 2.68 3.06 0 0 0 0 0 0 0
0 3.22 0 0 0 2.19 0 0 0 0 0 1.91 3.16 0 0 0 0 0 0 0
0 0.56 0 0 1 2.88 0 0 0 0 0 0 3.22 0 0 0 0 0 0 0
0 0 0 0 1.65 2.17 0 0 0 0 0 2.45 2.91 0 0 0 0 0 0 0
0 1.1 0 0 0 0.5 0 0 0 0 0 0.7 0.5 0 0 0 0 0 0 0
0 0 0 0 0.3 1.18 0 0 0 0 0 0.3 0.3 0 0 0 0 0 0 0
0 4.96 0 0 0.1 0 0 0 0 0 0 3.05 3.35 0 0 0 0 0 0 0
0 2.39 0 0 0 2.15 0 0 0 0 0 2.35 3.19 0 0 0 0 0 0 0
