20 20
0 0 0 0 0 0 0 0.11 0.11 0.1 0.06 0.09 0.05 0.22 0 0.05 0 0 0 0.11
0 0 0 0 0 0 0 1.66 1.95 1.94 2.25 1.92 0 2.61 0 0 0 0 0 1.76
0 0 0 0 0 0 0 1.64 1.49 1.54 2 1.39 0 2 0 0 0 0 0 1.49
0 0 0 0 0 0 0 1.65 1.94 1.93 2.24 1.91 0 2.6 0 0 0 0 0 1.75
0 0 0 0 0 0 0 0.1 0 0.1 0.1 0.1 0 0 0 0 0 0 0 0.1
0 0 0 0 0 0 0 0 0 0.05 0.05 0.05 0 0.05 0 0 0 0 0 0
0 0 0 0 0 0 0 0.1 1.5 1.55 0 1.4 0 0 0 0 0 0 0 0
0 0 0 0 0 0 0 1.98 1.95 0 0 1.84 0 0 0 0 0 0 0 1.93
0 0 0 0 0 0 0 0.38 0 0.3 0.23 0 0 0 0 0 0 0 0 0.38
0 0 0 0 0 0 0 0 0.4 0.7 0.4 0 0 0 0 0 0 0 0 0.3
0 0 0.85 0 0.1 0.71 0 0 0 0 0 0 0 0 0 0 0 0 0 0
0 0 0 0 0 0 0 0 1.5 0 0 0 0 0.55 0 0 0 0 0 1.5
0 0 0.92 0 0.36 0.9 0 0 0 0 0 0 0 0 0 0 0 0 0 0
0 0 0.34 0 0.32 0.34 0 0 0 0 0 0 0 0 0 0 0 0 0 0
0 0 1.5 0 1.02 0.99 0 0 0 0 0 0 0 0 0 0 0 0 0 0
0 0 0.96 0 0.75 0.46 0 0 0 0 0 0 0 0 0 0 0 0 0 0
0 0 0.43 0 0.36 0.36 0 0 0 0 0 0 0 0 0 0 0 0 0 0
0 0 0 0 0 0 0.16 0 0 0 0 0 0 0 0 0 0.38 0 0 0
0 0 1.4 0 0 0.71 0 0 0 0 0 0 0 0 0 0 0 0 0 0
0 0 0 0 0 0 0.25 0 0 0 0 0 0 0 0 0 0.1 0 0 0
