20 20
1.46 0.16 1.13 0 1.9 0.99 0.13 1.84 1.91 2.24 2.21 0 0 0 0 0 0 0 0 0
1.41 0 1.11 0 1.44 0.1 0.1 1.49 1.89 2 1.5 0 0 0 0 0 0 0 0 0
1.45 0 1.12 0 1.46 0 0 1.85 1.9 2.25 2.22 0 0 0 0 0 0 0 0 0
0 0 0 0 0 0 0 0 0 0 0 0.76 0.76 0.63 0 0.46 0 0 0.43 0.26
1.42 0 1.12 0 1.45 0 0 1.5 0.8 0 1.96 0 0 0 0 0 0 0 0 0
0 0 0 0 0 0 0 0 0 0 0 2.3 2.5 0.58 0 0 0 0 3.51 0.52
0 0 0 0 0 0 0 0 0 0 0 0.1 2.62 0.1 0 0 0 0 5.61 0.1
0 0 0 0 0 0 0 0 0 0 0 0.8 2.49 0.5 0 0 0 0 5.78 0.53
0 0 0 0 0 0 0 0 0 0 0 0 2.14 0 0 0.3 0 0 10 1.15
0 0 0 0 0 0 0 0 0 0 0 0.78 2.01 0.48 0 0 0 0 0.41 0
0 0 0 0 0 0 0 0 0 0 0 2.35 2.35 1.35 0 0 0 0 2.1 0
0 0 0 0 0 0 0 0 0 0 0 0.75 1.63 0.25 0 0.31 0 0 0 0
0 0 0 0 0 0 0 0 0 0 0 1.53 2.8 0.56 0 0.47 0 0 0 0
0 0 0 0 0 0 0 0 0 0 0 0.42 0 0.56 0 0 0 0 0.42 0
0 0 0 0 0 0 0 0 0 0 0 0.22 0.75 0 0 0.13 0 0 0 0
0.5 0 0.75 0 0.75 0 0 0 0 0 0 0 0 0 0 0 0 0 0 0
0 0 0 0 0 0 0 0 0 0 0 2.77 0 0 0 0 0 0 2.27 2.27
0 0 0 0 0 0 0 0 0 0 0 1.63 0 0 0 0 0 0 4.04 0.22
0 0 0 0 0 0 0 0 0 0 0 0.21 0.22 0.12 0 0 0 0 0 0
0 0 0 0 0 0 0 0 0 0 0 0.5 0.5 0.5 0 0 0 0 0 0
