20 20
0 0 0 0.61 0 0 0 0 0 0.56 0.76 0.76 0.54 0.1 0.76 0.76 0.61 0.61 0.53 0.59
0 0 0 0.8 0 0 0 0 0 0.8 0.8 0.8 0.8 0.8 0.8 0.8 0.8 0.8 0.8 0.8
0 0 0 2.01 0 0 0 0 0 2 2 2 7.97 4.06 2.17 2 5.61 6.19 2.69 2.93
0 0 0 0.05 0 0 0 0 0 0.1 0.22 0.21 0.16 0.1 0.16 0.22 0.23 0.22 0.24 0.23
0 0 0 0.49 0 0 0 0 0 0.44 0.46 0.41 1.31 0.5 0.46 0.45 0.34 0.41 0.5 0.46
0 0 0 3 0 0 0 0 0 4.43 3.53 2.62 7.57 7.22 2.95 4 8 6.09 4.74 4
0 0 0 0.64 0 0 0 0 0 0.16 1 1 5 5 2.97 0.61 1 1 1 1
0 0 0 2.71 0 0 0 0 0 3.14 4.01 0.2 8.18 7.69 2.96 0.2 5.94 6.15 1.36 2.13
0 0 0 2.7 0 0 0 0 0 4.55 0.75 5 6.25 6.25 5 4.65 5.25 4.02 2.25 1.28
0 0 0 4.47 0 0 0 0 0 5.82 4.54 3.21 8.17 7.7 3.3 4.88 5.93 6.2 4.75 4.01
0 0 0 0.1 0 0 0 0 0 0.99 0.45 0.38 2.06 2.01 0.15 0.41 2.13 2.16 2.46 2.5
0 0 0 0.1 0 0 0 0 0 0.1 0.1 0.1 0.1 0.1 0.1 0.1 0.1 0.1 0.1 0.1
0 0 0 0.1 0 0 0 0 0 0 0.1 0.1 0.1 0.1 0.1 0.1 0.1 0.1 0.1 0.1
0 0 0 0 0 0 0 0 0 1.67 4.14 2.63 3.17 7.68 2.98 4.01 4.46 4.23 3 2.83
0 0 0 0.1 0 0 0 0 0 1 1 1 1 1 1 1 1 1 0 1
0 0 0 3.26 0 0 0 0 0 0.1 0 0.1 6.28 5.05 0.1 0.1 7.09 4.93 1.35 2.89
0 0 0 0.84 0 0 0 0 0 0 0.96 1 5.13 5.02 0.46 0.78 4.45 4.22 3.72 2.78
0 0 0 1 0 0 0 0 0 1.02 0.77 1 0 0.98 1.01 1 1.03 0.91 0.81 1.01
0 0 0 0 0 0 0 0 0 3.05 3 3.04 8.22 7.63 0.1 3 8.1 6.2 0.1 0.1
0 0 0 3.01 0 0 0 0 0 3.04 2.77 3.05 3.05 3.05 3.05 3.05 3.05 3.05 0 3.05
