20 20
1.81 0.93 1.07 0 0 0 0 0 0 0 1.33 0 0 0 0 3.66 0 0 1.5 1.83
0.51 0.42 0.51 0 0.56 0 0 0 0 0 0 0 0 0 0 0.91 0 0 0.32 1.45
0.1 1.11 0.1 0 0.1 0.1 0 0 0 0 0 0 0 0 0 0 0 0 1.97 2.07
1.82 0.43 1.16 0 0 0 0 0 0 0 1.01 0 0 0 0 3.67 0 0 1.83 1.52
1.49 1.37 1.65 0 0 0 0 0 0 0 0 0 0 0 0 2.49 0 0 1.49 1.69
0.31 2.27 0.5 0 0 0 0 0 0 0 0 0 0 0 0 2.77 0 0 3.27 2.77
0 0.3 1.15 0 0 0 0 0 0 0 1.28 0 0 0 0 3.43 0 0 0.1 1.44
0 0.9 1.7 0 0 0 0 0 0 0 0.5 0 0 0 0 0 0 0 0.95 1.35
0 0 0 0 0 0 0 0 0 0 0 0.98 1.01 0 0.75 0 0.75 0.75 0 0
2.13 0 0 0 0.34 0 0 0 0 0 0.51 0 0 0 0 3.44 0 0 0 1.51
0.21 0.21 0.21 0 0.2 0 0 0 0 0 0 0 0 0 0 0 0 0 0.26 0
0 0 0 0 0 0 0 0 0 0 0 1.05 1.35 0 0.35 0 0.6 1.29 0 0
0.1 0 0.1 0 0.1 0.1 0 0 0 0 0 0 0 0 0 0 0 0 0 0
0 1.08 0 0 0 0 0 0 0 0 0 0 0 0 0 1.08 0 0 1.08 1.08
2.02 0 0 0 0.77 0 0 0 0 0 1.1 0 0 0 0 2.28 0 0 0 0
0 1.75 0 0 0 0 0 0 0 0 1 0 0 0 0 0 0 0 2 1.5
0 0.29 0 0 0 0 0 0 0 0 0 0 0 0 0 3.63 0 0 1.05 1.95
1.66 0 1.78 0 0.35 0.59 0 0 0 0 0 0 0 0 0 0 0 0 0 0
0.22 0 0.22 0 0.21 0 0 0 0 0 0 0 0 0 0 0 0 0 0 0.22
0 0 0 0 0.34 0 0 0 0 0 0.51 0 0 0 0 3.44 0 0 0.33 0
