20 20
0 0 0 0 0 0.63 4.5 0.65 1.74 0.4 0 0 0 0 0 0 0 1.35 0 0
0 0 0 0 0 0.1 0.1 0.1 0.1 0.1 0 0 0 0 0 0 0 0.1 0 0
0 0 4.19 1 0.16 0 0 0 0 0 0.25 0 0 0 0 0 0 0 0.1 0
0 0 0.1 0.1 0 0 0 0 0 0 0.1 0 0 0 0 0 0 0 0.1 0
0 0 0.99 0.68 0 0 0 0 0 0 0.46 0 0 0 0 0 0 0 0.67 0
0 0 5.01 3 0.2 0 0 0 0 0 0 0 0 0 0 0 0 0 0.71 0
0 0 0 0 0 0 4.16 0 0.75 0 0 0 0.05 0 0 0 0 0.75 0 0
0 0 5 1.03 1.2 0 0 0 0 0 0 0 0 0 0 0 0 0 0 0
0 0 0.76 0 1.02 0 0 0 0 0 0.62 0 0 0 0 0 0 0 0 0
0.45 0.55 0 0 0 0 0 0 0 0 0 0 0.23 0 0 0 0 0 0 0
0 0 0.22 0.25 0 0 0 0 0 0 0.23 0 0 0 0 0 0 0 0 0
0 0 3.18 3.02 0 0 0 0 0 0 0 0 0 0 0 0 0 0 0.1 0
0 0 0.49 0.27 0 0 0 0 0 0 0.49 0 0 0 0 0 0 0 0 0
0.46 0.36 0 0 0 0 0 0 0 0 0 0 0 0 0 0.07 0 0 0 0
0 0 0 0 0 0 4.68 0.6 0 0 0 0 0 0 0 0 0 0.1 0 0
0 0 0 0 0 0 0.56 0 0.42 0 0 0 0 0 0 0 0 0.2 0 0
0 0 0 0 0 0 0 0 0 0 0 0 0 0 0 0.27 0.36 0 0 0.39
0 0 0 0 0 0.5 1.3 0 0 0 0 0 0 0 0 0 0 0.4 0 0
0 0 0.75 1.02 0 0 0 0 0 0 1.28 0 0 0 0 0 0 0 0 0
0 0 0.11 0.14 0 0 0 0 0 0 0 0 0 0 0 0 0 0 0 0.12
