20 20
0 0 0 0 0 0.13 0 0 0 0 0 0 0.13 0.11 0.14 0.12 0.12 0.06 0 0
0 0 0 0 0 0 0 0 0 0 0 0 4 4 4 4 4 4 0 0
0 0 0 0 0 0 0 0 0 0 0 0 1.6 1.78 1.21 0.78 1.33 0.7 0 0
0 0 0 0 0 0 0 0 0 0 0 0 1.61 1.79 1.22 0.79 1.34 0.71 0 0
11.11 25.08 2 0.5 0 0 0 0 0 11.11 0 0 0 0 0 0 0 0 0 0
4.02 5.29 5.27 6.11 0 0 0 0 0 6.03 0 0 0 0 0 0 0 0 0 0
8 12 12 2.2 0 0 0 0 0 8 0 0 0 0 0 0 0 0 0 0
21.44 0.1 0.1 0.1 0 0 0 0 0 21.44 0 0 0 0 0 0 0 0 0 0
4.02 4 4.02 4.43 0 0 0 0 0 3.6 0 0 0 0 0 0 0 0 0 0
4.61 4 4.02 4.38 0 0 0 0 0 3.51 0 0 0 0 0 0 0 0 0 0
0 0 0 0 0 0 0 0 0 0 0 0 0 0.1 0.1 0.1 0.1 0.1 0 0
1.22 2.5 1.11 2.5 0 0 0 0 0 1.07 0 0 0 0 0 0 0 0 0 0
6.56 0.05 5 4.13 0 0 0 0 0 8.65 0 0 0 0 0 0 0 0 0 0
0.65 0.65 0.65 0.78 0 0 0 0 0 0.65 0 0 0 0 0 0 0 0 0 0
0 0 0 0 0 0 0 0 0 0 0 0 1.71 1.08 0.93 0.33 2 0 0 0
7.27 0.5 0.5 10.51 0 0 0 0 0 15.02 0 0 0 0 0 0 0 0 0 0
0 0 0 0 0 0 0.11 0 0 0 0 0 0.05 0.19 0 0.24 0.21 0 0 0
0 0 0 0 0 0 0 0 0 0 0 0 0.16 0.99 0.5 0.26 0.99 0 0 0
10 10 10 10 0 0 0 0 0 5.05 0 0 0 0 0 0 0 0 0 0
3.53 3.49 3.04 3.23 0 0 0 0 0 3.45 0 0 0 0 0 0 0 0 0 0
