20 20
4.22 5.61 5.52 0 0 0 0.62 0 0 5.04 4.35 0.1 4.99 4.84 0.1 0.96 0.73 1 0.1 2.31
0.14 0.05 0.21 0 0 0 0.49 0 0 0.06 0.06 0.05 0.06 0.05 0.05 0.05 0.07 0.05 0.12 0.05
0.1 0.1 0.1 0 0 0 0.1 0 0 0.1 0.1 0.1 0.1 0.1 0 0.1 0.1 0.1 0.1 0.1
5.49 8.02 8.56 0 0 0 0 0 0 6.51 3.95 2.6 5.02 8 2.01 3.28 2 4.03 2.12 4.04
3.05 6.46 8.56 0 0 0 0.71 0 0 6.54 4.52 2.63 5.12 0 1.45 3.37 0.81 3.23 2.14 1.01
0.61 0.61 0.51 0 0 0 0 0 0 0.68 0.63 0.71 0.76 0.25 0.63 0.71 0 0.63 0.61 0.61
0.1 0.1 0.1 0 0 0 0.1 0 0 6.55 0.1 0 5.36 0 0.1 3.42 0.1 0.1 0.1 0.1
5.44 9 3.8 0 0 0 0 0 0 6.55 4.36 2.78 5.8 5.73 1 0 1.24 4 2.01 3.88
5.22 4 5.75 0 0 0 0 0 0 4 3 1 3 5.76 1 2 0.99 1.9 0.5 0
0.05 0 0 0 0 0 0 0 0 0.25 0.22 0.21 0.22 0.22 0.22 0.13 0.23 0.25 0.1 0.18
0.47 0 0 0 0 0 0 0 0 0.45 0.49 0.45 0.5 0.5 0.36 0.35 0.49 0.39 0.48 0.47
0.5 0 0 0 0 0 0.1 0 0 5 1 1.95 5 0 0.11 2.7 0.1 2.61 0.6 0.5
0.96 3 0.33 0 0 0 0.07 0 0 6.5 0.46 1.98 0 4.98 0 3 0.1 0 0.34 3.09
0.55 0.06 0.05 0 0 0 0 0 0 0.35 0.92 0.06 0.73 0 0 0.79 0.61 0.06 0.05 0.58
0.54 1 0.1 0 0 0 0 0 0 1 1 1 1 0 0.75 0 1 0 0.27 0.5
0.5 0.5 0.5 0 0 0 0 0 0 0.5 0 0.5 0.5 0.3 0.5 0.5 0.2 0 0.2 0
5.43 4.01 3.09 0 0 0 0 0 0 0 1 0.05 2.52 5.72 0.63 0.1 0 0 0.05 4.06
0 4.26 8.56 0 0 0 0 0 0 6.52 2.2 2.7 5.81 0 0.1 3.36 0 2.01 2.14 0
0.75 1.51 1.76 0 0 0 0 0 0 2 1.79 0.61 0 0 0.98 0 0.63 0.75 1.09 0
0.05 0.07 0.09 0 0 0 0 0 0 0.12 0.06 0 0.11 0 0 0.06 0.05 0.07 0 0.05
