20 20
0 0 0 0 0 0 1.07 1.46 0.16 1.13 0 1.9 0.99 0.13 1.84 1.91 2.24 2.21 0 0
0 0 0 0 0 0 0.92 1.41 0 1.11 0 1.44 0.1 0.1 1.49 1.89 2 1.5 0 0
0 0 0 0 0 0 1.06 1.45 0 1.12 0 1.46 0 0 1.85 1.9 2.25 2.22 0 0
0 0 0 0 0 0 0.93 1.42 0 1.12 0 1.45 0 0 1.5 0.8 0 1.96 0 0
0 0 0 0 0 0 0.57 0.01 0.01 0.33 0 0 0 0 0 0 0 0 0 0
0 0 0 0.11 0.11 0 0 0 0 0 0.11 0 0 0 0 0 0 0 0 0
0 0 0 0 0 1.75 0 0 0 0 0 0 0 0 0 0 0 0 2.3 2.5
0 0 0 0 0 0 0 0.5 0 0.75 0 0.75 0 0 0 0 0 0 0 0
0 0 0 0 0 1.5 0 0 0 0 0 0 0 0 0 0 0 0 0.78 2.01
0 0 0 0 0 1.72 0 0 0 0 0 0 0 0 0 0 0 0 0.1 2.62
0 0 0 0 0 0.5 0 0 0 0 0 0 0 0 0 0 0 0 0.5 0.5
0 0 0 0 0 1.18 0 0 0 0 0 0 0 0 0 0 0 0 0.5 0.17
1.3 1.06 1.04 0 0 0 0 0 0 0 0 0 0 0 0 0 0 0 0 0
0 0 0 0 0 0.55 0 0 0 0 0 0 0 0 0 0 0 0 0.75 1.63
0 0 0 0 0 0 0 0 0 0.85 0 0.99 0 0 0 1.9 0 0 0 0
0 0 0 0 0 0 1.07 1.46 0 1.13 0 0 0 0 0 0 0 0 0 0
0 0 0 0.73 0.42 0 0 0 0 0 1.3 0 0 0 0 0 0 0 0 0
0 0 0 0 0 0.3 0 0 0 0 0 0 0 0 0 0 0 0 0.1 2.26
1.31 1.05 1.05 0 0 0 0 0 0 0 0 0 0 0 0 0 0 0 0 0
0 0 0 0.13 0.93 0 0 0 0 0 1.01 0 0 0 0 0 0 0 0 0
