20 20
0.15 0.21 0.11 0.17 0 0 0 0 0 0 0.15 0.21 0 0 0 0 0 0 0 0.06
4 6.19 5.9 1.09 0 0 0 0 0 0 1.58 0.21 0 0 0 0 0 0 0 1.51
0.1 0.1 0.1 0.1 0 0 0 0 0 0 0.1 0.1 0 0 0 0 0 0 0 0
4.01 6.16 5.77 2.64 0 0 0 0 0 0 1.2 2.13 0 0 0 0 0 0 0 0
0.77 0.1 0.1 0.1 0 0 0 0 0 0 0.43 0.1 0 0 0 0 0 0 0 0
2.1 4.5 5.1 5.25 0 0 0 0 0 0 1.76 5.5 0 0 0 0 0 0 0 0
0.8 0.8 0.8 0.8 0 0 0 0 0 0 0.8 0.8 0 0 0 0 0 0 0 0
1.86 1.21 1.56 2 0 0 0 0 0 0 1.96 2 0 0 0 0 0 0 0 0
0.76 1 0.89 2 0 0 0 0 0 0 0.78 0.05 0 0 0 0 0 0 0 0
0.1 3.18 3.02 3.01 0 0 0 0 0 0 0.1 3.01 0 0 0 0 0 0 0 0
3.05 2.9 3.05 3.05 0 0 0 0 0 0 3.05 3.05 0 0 0 0 0 0 0 0
0.45 0.09 0.24 0.85 0 0 0 0 0 0 0.39 0.12 0 0 0 0 0 0 0 0
1.52 1.87 2.52 2.04 0 0 0 0 0 0 0.32 1.6 0 0 0 0 0 0 0 0
5.08 6.02 4.99 4.2 0 0 0 0 0 0 1.57 4 0 0 0 0 0 0 0 0
1 1 5 0.5 0 0 0 0 0 0 1.46 1 0 0 0 0 0 0 0 0
1.56 4.08 3 0.05 0 0 0 0 0 0 0.06 2.02 0 0 0 0 0 0 0 0
5.55 6.75 5.65 7.3 0 0 0 0 0 0 3.35 8 0 0 0 0 0 0 0 0
4.99 5.98 5.49 5 0 0 0 0 0 0 0.28 8.15 0 0 0 0 0 0 0 0
0.33 0.85 0.8 0.77 0 0 0 0 0 0 0 0.6 0 0 0 0 0 0 0 0.93
0.08 0.19 0.14 0.35 0 0 0 0 0 0 0.05 0.32 0 0 0 0 0 0 0 0
