20 20
0 0 0.36 0 0 0 0.1 0 0 0 0 0 0 0.12 0.5 0.13 0 0.45 0.5 0.6
0 0.05 0 7.5 0 0 0 0 0 0 0 0 0 0 0.3 0.3 0.3 0.3 0.3 0.3
0 0 0 0 0 0 0 0 0 0 0 0 0 0.14 1.05 1.39 1.2 1.37 1.03 1.54
0 0 0 0 0 0 0 0 0 0 0 0 0 0 0.15 0.15 0.15 0.15 0.15 0.15
0 0 0 0 0 0 0 0 0 0 0 0 0 0 0.25 0.25 0.25 0.25 0.25 0.25
0 0 0 0 0 0 0 0 0 0 0 0 0 0 1.01 1.3 1.13 1.26 1.02 1.02
0 0 0 0 0 0 0 0 0 0 0 0 0 0 1.89 1.82 2.01 3.34 1.94 3.17
0 0 0 0 0 0 0 0 0 0 0 0 0 0 0.58 0.63 0.31 0.22 0.32 0.35
0 0 0 0 0 0 0 0 0 0 0 0 0 0.1 0.35 0 0.35 0.35 0.3 0.3
0 0 0 0 0 0 0 0 0 0 0 0 0 0 0.13 0.13 0.13 0.13 0.13 0.13
0 0 0 0 0 0 0 0 0 0 0 0 0 0 0.25 1.52 0.25 0.31 0.26 0.26
0 0 0 0 0 0 0 0 0 0 0 0 0 0 0.1 0.1 0.1 0.1 0.1 0.1
0 0 0 0 0 0 0 0 0 0 0 0 0 0 0.1 1 0.5 0.1 0.5 0.1
0 0 0 0 0 0 0 0 0 0 0 0 0 0 0.25 0.25 0.25 0.25 0.25 0.25
0 0 0 0 0 0 0 0 0 0 0 0 0 0 0.76 0.81 0.76 0.76 0.76 0.79
0 0 0 0 0 0 0.12 0 0 0 0 0 0 0 0.05 0.05 0.14 0.05 0.13 0
0 0 0 0 0 0 0 0 0 0 0 0 0 1.12 1.88 1.81 0 2.16 1.93 3.16
0 0 0 0 0 0 0 0 0 0 0 0 0 0 1.25 0.75 1.25 2.5 3.86 0.75
0 0 0 0 0 0 0 0 0 0 0 0 0 0 0.99 0.99 0.99 0.99 0.99 0.99
0 0 0 0 0 0 0 0 0 0 0 0 0 0 0.1 0.1 0.1 0.1 0.1 0.1
