20 20
0 0 1.41 7.11 3.01 4.06 3.56 1.84 6.91 4.79 0 1.81 0.93 1.07 0 0 0 0 0 0
0 0 0.71 0.77 0 0.51 2.32 1.08 0.44 0.76 0 0.51 0.42 0.51 0 0.56 0 0 0 0
0 0 0.1 0 0 6.19 5.81 1.85 6.89 4.83 0 0.1 1.11 0.1 0 0.1 0.1 0 0 0
0 0 1.42 7.12 0 6.19 5.83 1.84 6.92 4.84 0 1.82 0.43 1.16 0 0 0 0 0 0
0 0 1.24 2.49 0 1.82 2.08 0.79 2.09 0 0 1.49 1.37 1.65 0 0 0 0 0 0
0 0 0.5 2.77 0 2.27 2.27 0 2.77 3.27 0 0.31 2.27 0.5 0 0 0 0 0 0
0 0 1.31 0.1 0 5.1 3.54 1.04 5.06 4.6 0 0 0.3 1.15 0 0 0 0 0 0
0 0 0 0 0 0.1 0.1 0 0.1 0.1 0 0.1 0 0.1 0 0.1 0.1 0 0 0
0 0 1.01 5.95 0 6.17 3.51 1.84 6.87 4.78 0 1.31 0 0 0 0 0 0 0 0
0 0 1.01 7.07 0 5.11 5.83 1.09 6.91 4.78 0 0 0.29 0 0 0 0 0 0 0
0 0 0 0 0 0.46 0.35 0 0.41 0.41 0 1.66 0 1.78 0 0.35 0.59 0 0 0
0 0 0 3.19 3.23 3.63 3.05 1.36 3.52 3.82 0 0 0 0 0 0 0 0 0 0
0 0 0.24 2.2 0 0.16 0.11 0.16 1 0.11 0 0 0 0 0 0 0 0 0 0
0 0 0 4.1 0 2.1 5.25 1.1 2.1 2.1 0 0 2.1 0 0 0 0 0 0 0
0 0 0 3.1 6.25 6.1 5.79 0 6.86 4.77 0 0 0 1.77 0 0 0 0 0 0
0 0 0 7.03 0 6.2 5.82 1.86 6.9 4.84 0 0 0 0 0 0 0 0 0 0
0 0 0 3.21 0 3.03 2.31 0 4.05 0 0 0 0 1.8 0 0.88 0 0 0 0
0 0 0 1.08 0 1.08 1.08 0 1.08 1.08 0 0 1.08 0 0 0 0 0 0 0
0 0 0 3.77 0 6.97 3.77 0 3.77 3.77 0 0 1.07 0 0 0 0 0 0 0
0 0 0 1.3 0 1.1 1.11 0.81 0.42 1.05 0 0 0 0 0 0 0 0 0 0
