20 20
0.43 0.38 0.68 0 0 0 0 0 0 0 0.4 0.59 0.59 0.13 0.41 0.39 0.36 0.15 0.67 0.45
0.44 0.39 0.69 0 0 0 0 0 0 0 0.41 0.6 0.1 0.14 0.42 0.4 0.37 0.18 0.68 0.46
0.1 0.36 0.66 0 0 0 0 0 0 0 0.1 0.61 0.6 0.15 0.39 0.37 0.34 0.17 0.65 0.43
0 0 0.05 0 0 0 0 0 0 0 0 0 0.05 0.05 0 0 0 0.08 0 0.05
0 0 0 0 0 0 0 0.65 0.8 0.41 0 0 0 0 0 0 0 0 0 0
0 0 0 0 0 0 0 0.1 0.1 0.1 0 0 0 0 0 0 0 0 0 0
0 0 0 0 0 0 0 1.51 0.41 0.4 0 0 0 0 0 0 0 0 0 0
0 0 0 0 0 0 0 0.1 0.1 0.1 0 0 0 0 0 0 0 0 0 0
0 0 0 0 0 0 0 0 0 0 0.07 0 0 0 0 0 0.07 0.07 0 0
0 0 0 0 0 0 0 0 0 0 0 0 0 0.05 0 0 0 0.58 0 0.08
0 0 0 0 0 0 0 0.42 0.51 0.19 0 0 0 0 0 0 0 0 0 0
0 0 0 0 0 6.45 8.32 0 0 0 0 0 0 0 0 0 0 0 0 0
0 0 0 0 0 1 1 0 0 0 0 0 0 0 0 0 0 0 0 0
0 0 0 0 0 0.1 0.1 0 0 0 0 0 0 0 0 0 0 0 0 0
0 0 0 0 0 4.57 3 0 0 0 0 0 0 0 0 0 0 0 0 0
0 0 0 0 0 2.29 2.99 0 0 0 0 0 0 0 0 0 0 0 0 0
0 0 0 0 0 4.6 3.01 0 0 0 0 0 0 0 0 0 0 0 0 0
0 0 0 0 0 5.7 5.77 0 0 0 0 0 0 0 0 0 0 0 0 0
0 0 0 0 0 1 1 0 0 0 0 0 0 0 0 0 0 0 0 0
0 0 0 0 0 0 0 0.62 0.62 0 0 0 0 0 0 0 0 0 0 0
