20 20
0 0 0 0 0 0 0 0 0 0 0.47 0.53 0.31 0.57 0.71 0.25 0 0 0 0
0 0 0 0 0 0 0 0 0 0 4 4 4 4 4 4 0 0 0 0
0 0 0 0 0 0 0 0 0 0 1.33 0.84 0.97 0.89 1.01 0.99 0 0 0 0
0 0 0 0 0 0 0 0 0 0 1.34 0.85 0.98 0.9 1.02 1 0 0 0 0
0 0 0 0 0 0 0 0 0 0 0.09 0.14 0 0.11 0.11 0.12 0 0 0 0
0 0 0 0 0 0 0 0 0 0.13 0 0.16 0 0.16 0.17 0.16 0 0 0 0
0 0 0 0 0 0 0 0 0 0.1 0.1 0 0.1 0.1 0.1 0 0 0 0 0
0 0 0 0 0 0 0 0 0 0 0.11 0.51 0.67 0 0.69 0.6 0 0 0 0
0.25 0.18 0.16 0.13 0.24 0 0 0 0 0 0 0 0 0 0 0 0 0 0 0
0.26 0.17 0.15 0.25 0.27 0 0 0 0 0 0 0 0 0 0 0 0 0 0 0
0 0 0 0 0 0 0 0 0 0 0 0.37 0 0.26 0.64 0.58 0 0 0 0
0 0 0 0 0 0 0 0 0 0 3.24 1.85 0 0.94 0 1 0 0 0 0
0 0 0 0 0 0 0 0 0 0 0 0.16 0 0.16 0.16 0 0 0 0 0
0 0 0 0 0 0 0 0 0 0 0.15 0.54 0 0 0 0.67 0 0 0 0
0 0 0 0 0 0 0 0 0.1 0 0 0 0 0 0 0 0 0 0 1
0 0 0 0 0 0 0 0 0.42 0 0 0 0 0 0 0 0 0 0 0.42
0 0 0 0 0 0 0 0 1 0 0 0 0 0 0 0 0 0 0 0.25
0 0 0 0 0 0 0 0 0.1 0 0 0 0 0 0 0 0 0 0 0.1
0 0 0 0 0 0 0 0 0.1 0 0 0 0 0 0 0 0 0 0 0.1
0 0 0 0 0 0 0 0 2 0 0 0 0 0 0 0 0 0 0 3.5
