20 20
4.2 2.25 0 0 0 6.01 5.01 2.36 0 0.81 0 0 0 0 0 0.27 3.05 4.02 0 3.64
0.1 0.1 0 0 0 0.1 0.1 0.1 0 0 0 0 0 0 0 0 0.1 0.1 0 0.1
2.82 2.4 0 0 0 2.34 4.28 0.81 0 0 0 0 0 0 0 0 3.04 6 0 2.2
0.8 0 0 0 0 0.8 0.8 0.8 0 0.8 0 0 0 0 0 0 0.8 0.8 0 0.8
2 0 0 0 0 7.48 5.32 2 0 0.8 0 0 0 0 0 0 2 2 0 4.01
1 0.1 0 0 0 2.33 4.25 0.78 0 0 0 0 0 0 0 0 0.41 1.76 0 1
1.01 0 0 0 0 0.69 1.03 0.5 0 1.01 0 0 0 0 0 0 0.76 1.03 0 1.03
4.27 0.1 0 0 0 7.56 5.38 3 0 0 0 0 0 0 0 0 3.13 3.03 0 3.92
3.05 0 0 0 0 3.05 3.05 3.05 0 3.05 0 0 0 0 0 0 3.05 3.04 0 3.05
4.01 2.14 0 0 0 7.44 5 4.31 0 0 0 0 0 0 0 0 5 4 0 3.8
5.15 0 0 0 0 4.35 4.25 4.5 0 2.7 0 0 0 0 0 0 5.5 3.5 0 2
0 2.07 0 0 0 7.47 5.33 0 0 3.91 0 0 0 0 0 0.55 5.32 6 0 1.55
0.67 0.06 0 0 0 1.06 0.25 1.46 0 0 0 0 0 0 0 0 1.1 1 0 0.99
0.1 0 0 0 0 0.1 0.1 0.1 0 0.1 0 0 0 0 0 0 0.1 0.1 0 0.1
0.75 0.71 0 0 0 0.63 0.51 0 0 0 0 0 0 0 0 0 0.56 0.1 0 0.1
2.8 2.24 0 0 0 3.18 3.51 0 0 0 0 0 0 0 0 0 4.01 3.55 0 2.75
0.07 0 0 0 0 0.12 0.07 0.07 0 0 0 0 0 0 0 0 0.05 0.06 0 0.11
4 0 0 0 0 3 2.95 2 0 0 0 0 0 0 0 0 4 2.9 0 3.71
0.99 0 0 0 0 4.99 0.99 4.55 0 0 0 0 0 0 0 0 2.07 3.02 0 0.1
0.06 0 0 0 0 0.05 0.05 0.05 0 0 0 0 0 0 0 0 0.05 0.24 0 0.05
