20 20
1.41 1.38 1.46 1.06 0 0 0 0 0 0.99 0.86 2.99 3.35 2.02 0 2.15 3.2 2 1.56 4.13
5.42 0.91 4.01 6.71 0 0 0 0 0 0 1.27 2.94 0.82 3.08 0 5 0.91 0.61 1 2.13
6.64 6.54 6.1 11.02 0 0 0 0 0 0 0.8 3 3.02 3.18 0 7.62 9.21 5.02 4.01 3.64
6.79 6.58 7.17 11.01 0 0 0 0 0 1.89 1.36 3.85 0 4.41 0 5 8.42 5.02 2.56 5.56
0.1 0.1 0 0.1 0 0 0 0 0 0 0.1 0.1 0.1 0.1 0 0.1 0.1 0.1 0.1 0.1
0.8 0.8 0.8 0.8 0 0 0 0 0 0.8 0 0.8 0 0.8 0 0.8 0.8 0.8 0.8 0.8
0.1 0.61 0.58 0.1 0 0 0 0 0 0 0 0.76 0.76 0.61 0 0.1 0.1 0 0.1 0.61
6.8 6.57 7.18 8.3 0 0 0 0 0 0 0 2.98 0 1.63 0 3.94 9.19 2 3.24 2.21
9.99 6.58 6.22 10.55 0 0 0 0 0 0 0 3.86 3.33 0 0 0.1 10.01 3.02 5.01 5.61
0.5 1.41 2.06 1.43 0 0 0 0 0 0 0 0.3 0.49 0.45 0 0 0.44 0.49 0.5 0.7
12.99 6.07 0 13 0 0 0 0 0 0 0 4 3 5 0 7.67 8.06 4.82 5 5.55
1 0.1 1 5 0 0 0 0 0 0 0 1 0 0.5 0 0.6 5 4.83 1 1
5.1 5 5.65 5.5 0 0 0 0 0 0 0 0.75 2.25 0 0 1 5 4.25 3 5
0.21 0.09 0.41 0.26 0 0 0 0 0 0 0 0.05 0.05 0.05 0 0 0.3 0.05 0.08 0.06
0.35 0.15 0.32 0.19 0 0 0 0 0 0 0 0.16 0.26 0.13 0 0.21 0.26 0 0.27 0.21
5.3 0 5 5.06 0 0 0 0 0 1 0 2 2 0 0 7.66 5.9 4 4 2
0.13 0.06 0.05 0.06 0 0 0 0 0 0 0 0 0.05 0.22 0 0.24 0.06 0.05 0.06 0.05
0.75 0.75 0.75 0.75 0 0 0 0 0 0.1 0 0.1 0.1 0.75 0 0.1 0.75 0 0.1 0
3 4 5.71 6.01 0 0 0 0 0 0 1.34 2.99 0 5.01 0 3.5 3 0 2.5 0
2.79 3.14 2.98 2.29 0 0 0 0 0 0 0 2.64 3.27 0 0 1.54 3.19 0 3.19 3.59
