20 20
0.21 0.11 0.17 0 0 0 0 0 0 0.15 0.21 0 0 0 0 0 0 0 0.06 0
6.19 5.9 1.09 0 0 0 0 0 0 1.58 0.21 0 0 0 0 0 0 0 1.51 0
0.42 0.42 0.42 0 0 0 0 0 0 0.42 0.42 0 0 0 0 0 0 0 0 0
0.1 0.1 0.1 0 0 0 0 0 0 0.1 0.1 0 0 0 0 0 0 0 0 0
14.77 8.74 0.1 0 0 0 0 0 0 0.1 14.77 0 0 0 0 0 0 0 0 0
6.16 5.77 2.64 0 0 0 0 0 0 1.2 2.13 0 0 0 0 0 0 0 0 0
0 0 0 0 0 0 0 0.45 0 0 0 0 0 0.45 0.45 0 0.45 0.45 0 0
0.1 0.1 0.1 0 0 0 0 0 0 0.43 0.1 0 0 0 0 0 0 0 0 0
4.5 5.1 5.25 0 0 0 0 0 0 1.76 5.5 0 0 0 0 0 0 0 0 0
0.8 0.8 0.8 0 0 0 0 0 0 0.8 0.8 0 0 0 0 0 0 0 0 0
0.1 0.1 0.1 0 0 0 0 0 0 0.1 0.1 0 0 0 0 0 0 0 0 0
0 0 0 0 0 0 0 4 0 0 0 0 0 5 6 0 6 4.15 0 0
1.21 1.56 2 0 0 0 0 0 0 1.96 2 0 0 0 0 0 0 0 0 0
4.73 5.9 6.31 0 0 0 0 0 0 1.27 4.03 0 0 0 0 0 0 0 0 0
1 0.89 2 0 0 0 0 0 0 0.78 0.05 0 0 0 0 0 0 0 0 0
0 0 0 0 0 0 0 0.81 0 0 0 0 0 1 0.97 0 1 0.1 0 0
3.18 3.02 3.01 0 0 0 0 0 0 0.1 3.01 0 0 0 0 0 0 0 0 0
2.9 3.05 3.05 0 0 0 0 0 0 3.05 3.05 0 0 0 0 0 0 0 0 0
0.09 0.24 0.85 0 0 0 0 0 0 0.39 0.12 0 0 0 0 0 0 0 0 0
0 0 0 0 0 0 0 2.83 0 0 0 0 0 2.96 2.98 0 2.99 1 0 0
