20 20
0 0 0 0 0 0 0 0.1 0 0.1 0 0.1 0.1 0 0.1 0 0 0.1 0.1 0
0 0 0 0 0 0 0 0.67 0 2 0 1 1.71 0 0.46 0 0 1 2.16 0
0 0 0 0 0 0 0 0.1 0 3 0 2.83 2.13 0 5.37 0 0 0.1 0.1 0
0 0 0 0 0 0 0 0.71 0 5.01 0 2.46 1.77 0 5.34 0 0 1.66 2.51 0
0 0 0 0 0 0 0 0 0 4.69 0 1 2.02 0 4.51 0 0 2.27 3.02 0
0 0 0 0 0 0 0 0 0 0.1 0 0.61 0.49 0 0.61 0 0 0.6 1.06 0
0 0 0 0 0 0 0 0 0 4.76 0 2.36 1.76 0 4.03 0 0 1.65 2.5 0
0 0 0 0 0 0 0 0 0 0.1 0 2.29 0.1 0 4.05 0 0 1.32 0 0
0 0 0 0 0 0 0 0.05 0 0.06 0 0.05 0 0 0 0 0 0.12 0.87 0
0 0 0 0 0 0 0 0 0 0.42 0 0.42 0 0 0.46 0 0 0.42 0 0
0 0 0 0 0 0 0 0 0 3 0 2.72 0 0 5.33 0 0 0 3.01 0
0 0 0 0 0 0 0 0 0 0.25 0 0.22 0.22 0 0 0 0 0.05 0 0
0 0 0 0 0 0 0 0 0 0 0 2.28 0 0 0.56 0 0 1 2.88 0
0 0 0 0 0 0 0 0 0 0.48 0 0.48 0.5 0 0 0 0 0.49 0 0
0 0 0 0 0 0 0 0 0 0.99 0 0 0.75 0 0 0 0 0.75 1.11 0
0 0 0 0 0 0 0 0 0 2.29 0 0 0.3 0 0 0 0 0.3 1.18 0
0 0 0 0 0 0 0 0 0 4.68 0 2.34 1.74 0 0 0 0 2 0 0
0 0 0 0 0 0 0 0.1 0 1 0 0.1 0 0 0 0 0 1 0 0
0 0 0 0 0 0 0 0 0 1.51 0 2.82 0 0 4.96 0 0 0.1 0 0
0 0 0 0 0 0 0 0 0 6.87 0 2.73 2.14 0 0 0 0 1.33 0 0
