20 20
0.46 0.42 0.5 0.5 0.5 0.48 0.46 0 0 0 0 0 0 0 0 0 0 0 0 0
0.41 0.41 0.41 0.41 0.41 0.41 0.41 0 0 0 0 0 0 0 0 0 0 0 0 0
0.98 0.4 0.6 0.7 0.4 0.75 0.78 0 0 0 0 0 0 0 0 0 0 0 0 0
1.49 0.1 0.1 0.1 0.1 0.1 0.1 0 0 0 0 0 0 0 0 0 0 0 0 0
0.9 0.7 0.75 0.9 0.9 0.9 0.85 0 0 0 0 0 0 0 0 0 0 0 0 0
4.49 0.11 0.11 3 4.05 3.72 3.5 0 0 0 0 0 0 0 0 0 0 0 0 0
1.11 1.05 0.76 0.99 1.09 0.93 0.86 0 0 0 0 0 0 0 0 0 0 0 0 0
3.03 2.46 2.6 4.39 2.71 2.74 3.31 0 0 0 0 0 0 0 0 0 0 0 0 0
1.01 0 0.29 1.57 1.01 1.56 0.71 0 0 0 0 0 0 0 0 0 0 0 0 0
0.1 0 0.1 0.1 0.1 0.1 0.1 0 0 0 0 0 0 0 0 0 0 0 0 0
0.1 0 0.1 0.1 0.1 0.1 0.1 0 0 0 0 0 0 0 0 0 0 0 0 0
0.05 0.05 0 0.05 0.05 0.05 0.05 0 0 0 0 0 0 0 0 0 0 0 0 0
0.45 0 0.45 0.45 0.45 0.45 0.45 0 0 0 0 0 0 0 0 0 0 0 0 0
0.55 0 0.55 0.55 0.55 0.4 0.55 0 0 0 0 0 0 0 0 0 0 0 0 0
1.43 0 1.29 1.31 1.6 1.55 1.48 0 0 0 0 0 0 0 0 0 0 0 0 0
0.1 0 0.15 0.1 0.15 0.1 0.1 0 0 0 0 0 0 0 0 0 0 0 0 0
3.04 0 2.63 4.4 2.72 2.75 3.32 0 0 0 0 0 0 0 0 0 0 0 0 0
1.23 1.22 0 1 1.15 0.94 0.93 0 0 0 0 0 0 0 0 0 0 0 0 0
0.56 0 0.28 0.32 0.26 0.49 0.26 0 0 0 0 0 0 0 0 0 0 0 0 0
3.02 0.5 0 4.38 2.21 2.73 3.08 0 0 0 0 0 0 0 0 0 0 0 0 0
