20 20
2.76 0.78 3.68 0 0.5 0 0.84 1.33 0 0 0 0 0 0 0 0 0 0 0 0
3.61 2.14 4.13 0 0.36 0 0.69 0.5 0 0 0 0 0 0 0 0 0 0 0 0
0.1 0.1 0.1 0 0.1 0 0 0.1 0 0 0 0 0 0 0 0 0 0 0 0
2.94 2.11 3.91 0 0 0 0.96 1.37 0 0 0 0 0 0 0 0 0 0 0 0
0 0 0 0.1 0 0 0 0 0.1 0.1 0.1 0 0 0 0 0 0 0 0.1 0
0.05 0.58 0.05 0 0 0 0.05 0.12 0 0 0 0 0 0 0 0 0 0 0 0
3.74 0.1 0 0 0.13 0 0 0.5 0 0 0 0 0 0 0 0 0 0 0 0
3.6 0.98 3.67 0 0 0 1.5 0 0 0 0 0 0 0 0 0 0 0 0 0
0.25 0 1 0 0.1 0 0 0.1 0 0 0 0 0 0 0 0 0 0 0 0
3.39 0 3.92 0 0 0 0.69 0.41 0 0 0 0 0 0 0 0 0 0 0 0
2 0 3 0 0.99 0 1.5 0 0 0 0 0 0 0 0 0 0 0 0 0
0 0 0 0.63 0 0 0 0 0.52 0.1 0.05 0 0 0 0 0 0 0 0 0
0 0 1 0 0.5 0 0 0.11 0 0 0 0 0 0 0 0 0 0 0 0
0.61 0.21 0.46 0 0 0 0 0 0 0 0 0 0 0 0 0 0 0 0 0
0.8 0 0.8 0 0 0 0 0.8 0 0 0 0 0 0 0 0 0 0 0 0
2.06 0 3.22 0 0 0 1.02 0 0 0 0 0 0 0 0 0 0 0 0 0
2.93 0 4.12 0 0 0 0 1.42 0 0 0 0 0 0 0 0 0 0 0 0
0 0 0 0 0 1.99 0 0 0 0 0 0 0.8 1 0 0 0 0 0 0
0 0 0 0 0 0.1 0 0 0 0 0 0 0.1 0.1 0 0 0 0 0 0
0 0 0 0 0 0.25 0 0 0 0 0 0 0.25 0.25 0 0 0 0 0 0
