20 20
0 0 0.4 0.59 0.59 0.13 0.41 0.39 0.36 0.15 0.67 0.45 1.2 0.98 0.2 0 0 0 0 0
0 0 0.41 0.6 0.1 0.14 0.42 0.4 0.37 0.18 0.68 0.46 1.21 0.94 0.54 0 0 0 0 0
0 0 0.1 0.61 0.6 0.15 0.39 0.37 0.34 0.17 0.65 0.43 0.1 0.97 0.21 0 0 0 0 0
0 0 0 0 0.05 0.05 0 0 0 0.08 0 0.05 0.25 0 0 0 0 0 0 0
0 0 0.07 0 0 0 0 0 0.07 0.07 0 0 0 0 0.08 0 0 0 0 0
0 0 0 0 0 0 0 0 0 0 0 0 0 0 0 0 0 0.1 0.1 0.1
0 0 0 0 0 0 0 0 0 0 0 0 0 0 0 0 0 0.1 4 3.99
0 0 0 0 0 0 0 0 0 0 0 0 0 0 0 0 0 3.59 2.69 2.89
0 0 0 0 0 0 0 0 0 0 0 0 0 0 0 0 0 9.39 8.01 7.44
0 0 0 0 0 0 0 0 0 0 0 0 0 0 0 0 0 1 0.31 1
0 0 0 0 0 0 0 0 0 0 0 0 0 0 0 0 0 0.1 0.1 0.73
0 0 0 0 0 0 0 0 0 0 0 0 0 0 0 0 0 0.8 0.8 0.8
0 0 0 0 0 0 0 0 0 0 0 0 0 0 0 0 0 2.77 0.5 0.5
0 0 0 0 0 0 0 0 0 0 0 0 0 0 0 0 0 7.17 7.69 5.63
0 0 0 0 0 0 0 0 0 0 0 0 0 0 0 0 0 3.1 1.4 1.05
0 0 0 0 0 0 0 0 0 0 0 0 0 0 0 0 0 7.24 7.89 5.64
0 0 0 0 0 0 0 0 0 0 0 0 0 0 0 0 0 0.6 0.6 0.2
0 0 0 0 0 0 0 0 0 0 0 0 0 0 0 0 0 4.12 4.52 4.56
0 0 0 0 0 0 0 0 0 0 0 0 0 0 0 0 0 7.2 7.8 8.51
0 0 0 0 0 0 0 0 0 0 0 0 0 0 0 0 0 5.32 3.76 4.73
