20 20
0.17 0 0 0 0 0 0.1 0 0 0 0 0 1 1 1 1 1 1 1 1
0.44 0 0 0 0 0 0.61 0 0 0 0 0 0.56 0.76 0.76 0.54 0.1 0.76 0.76 0.61
0.8 0 0 0 0 0 0.8 0 0 0 0 0 0.8 0.8 0.8 0.8 0.8 0.8 0.8 0.8
9.49 0 0 0 0 0 2.01 0 0 0 0 0 2 2 2 7.97 4.06 2.17 2 5.61
3.05 0 0 0 0 0 3.01 0 0 0 0 0 3.04 2.77 3.05 3.05 3.05 3.05 3.05 3.05
9.37 0 0 0 0 0 3 0 0 0 0 0 4.43 3.53 2.62 7.57 7.22 2.95 4 8
0.11 0 0 0 0 0 0.64 0 0 0 0 0 0.16 1 1 5 5 2.97 0.61 1
3.25 0 0 0 0 0 2.7 0 0 0 0 0 4.55 0.75 5 6.25 6.25 5 4.65 5.25
9.48 0 0 0 0 0 4.47 0 0 0 0 0 5.82 4.54 3.21 8.17 7.7 3.3 4.88 5.93
0.7 0 0 0 0 0 0.82 0 0 0 0 0 0.52 0.75 0.37 0.53 0.67 1 0.77 0.5
0.1 0 0 0 0 0 0.1 0 0 0 0 0 0.1 0.1 0.1 0.1 0.1 0.1 0.1 0.1
0.1 0 0 0 0 0 0.1 0 0 0 0 0 0 0.1 0.1 0.1 0.1 0.1 0.1 0.1
4.75 0 0 0 0 0 0 0 0 0 0 0 1.67 4.14 2.63 3.17 7.68 2.98 4.01 4.46
6 0 0 0 0 0 2 0 0 0 0 0 3 0 3 7.5 5 4.1 3.01 0.1
6.26 0 0 0 0 0 3.26 0 0 0 0 0 0.1 0 0.1 6.28 5.05 0.1 0.1 7.09
6.01 0 0 0 0 0 0.84 0 0 0 0 0 0 0.96 1 5.13 5.02 0.46 0.78 4.45
1.01 0 0 0 0 0 1 0 0 0 0 0 1.02 0.77 1 0 0.98 1.01 1 1.03
0 0 0 0 0 0 0.05 0 0 0 0 0 0.1 0.22 0.21 0.16 0.1 0.16 0.22 0.23
9.67 0 0 0 0 0 0 0 0 0 0 0 3.05 3 3.04 8.22 7.63 0.1 3 8.1
0 0 0 0 0 0 0.49 0 0 0 0 0 0.44 0.46 0.41 1.31 0.5 0.46 0.45 0.34
