20 20
0.74 0.48 0.25 0.53 0 0 0.48 0.59 0.48 0.63 0.13 0.56 0.2 0.56 0.33 1.05 0.2 0 0 0
0.75 0.49 0.26 0.52 0 0 0.48 0.6 0.49 0.64 0.13 0.57 0.19 0.11 0.34 0.11 0.2 0 0 0
0.73 0.1 0.27 0.45 0 0 0.47 0.1 0.1 0.1 0.12 0.1 0.18 0.1 0.31 0.1 0.22 0 0 0
0.1 0 0 0.07 0 0 0 0.07 0.07 0.07 0 0 0 0 0 0 0 0 0 0
0 0 0 0 0.1 0.1 0 0 0 0 0 0 0 0 0 0 0 0 0 0
0 0 0 0 0 0 0 0 0 0 0 0 0 0 0 0 0 0.11 0.11 0
0 0 0 0 2.96 2.9 0 0 0 0 0 0 0 0 0 0 0 0 0 0
0 0 0 0 1.73 2.59 0 0 0 0 0 0 0 0 0 0 0 0 0 0
0 0 0 0 2.78 3.11 0 0 0 0 0 0 0 0 0 0 0 0 0 0
0 0 0 0 0.39 0.53 0 0 0 0 0 0 0 0 0 0 0 0 0 0
0 0 0 0 2.77 0.5 0 0 0 0 0 0 0 0 0 0 0 0 0 0
0 0 0 0 2.68 3.06 0 0 0 0 0 0 0 0 0 0 0 0 0 0
0 0 0 0 0 0 0 0 0 0 0 0 0 0 0 0 0 0.2 0.2 0
0 0 0 0 1.91 3.16 0 0 0 0 0 0 0 0 0 0 0 0 0 0
0 0 0 0 2.55 3.08 0 0 0 0 0 0 0 0 0 0 0 0 0 0
0 0 0 0 2.04 2.85 0 0 0 0 0 0 0 0 0 0 0 0 0 0
0 0 0 0 0.22 0.22 0 0 0 0 0 0 0 0 0 0 0 0 0 0
0 0 0 0 3.04 3.38 0 0 0 0 0 0 0 0 0 0 0 0 0 0
0 0 0 0 0.49 0.49 0 0 0 0 0 0 0 0 0 0 0 0 0 0
0 0 0 0 0.98 0.44 0 0 0 0 0 0 0 0 0 0 0 0 0 0
