20 20
0.1 0.1 0 0.1 0 0 0 0 0 0.1 0.1 0.1 0.1 0.1 0.1 0 0 0 0 0
0.1 0.42 0 0.5 0 0 0 0 0 0.1 0.76 0.77 0.1 0.1 0.1 0 0 0 0 0
0.75 1 0 1 0 0 0 0 0 1 1 1 1 5 0.5 0 0 0 0 0
5.39 7.86 0 5.73 0 0 0 0 0 3.01 2.51 4 6.19 5.9 1.09 0 0 0 0 0
2.22 4.6 0 1 0 0 0 0 0 5.02 4.24 5.55 6.75 5.65 7.3 0 0 0 0 0
6.14 5.02 0 7.57 0 0 0 0 0 4 2 4.99 5.98 5.49 5 0 0 0 0 0
0.05 4.99 0 1.99 0 0 0 0 0 1.99 2.05 3.99 3.99 4.99 0.05 0 0 0 0 0
0.6 1.01 0 1 0 0 0 0 0 0.7 0.75 0.33 0.85 0.8 0.77 0 0 0 0 0
0.28 2.48 0 0.44 0 0 0 0 0 0.09 0.06 0.08 0.19 0.14 0.35 0 0 0 0 0
3.12 1.49 0 2.1 0 0 0 0 0 1.43 0.85 2 3 0.1 2.06 0 0 0 0 0
5.25 0 0 1 0 0 0 0 0 1 0.29 0.25 0.5 1 3.05 0 0 0 0 0
4 5.83 0 3.5 0 0 0 0 0 1.5 0 1 2 2 3 0 0 0 0 0
1.82 7.88 0 4.01 0 0 0 0 0 5.86 0 4.01 6.16 5.77 2.64 0 0 0 0 0
0.76 0 0 1 0 0 0 0 0 1 0.6 1 1 1 0.76 0 0 0 0 0
0.8 0 0 0.8 0 0 0 0 0 0.8 0.8 0.8 0.8 0.8 0.8 0 0 0 0 0
2.4 8 0 0.1 0 0 0 0 0 0.1 0.1 0 0.1 0.1 0.1 0 0 0 0 0
5.38 0 0 2 0 0 0 0 0 2 2.2 1.86 1.21 1.56 2 0 0 0 0 0
5.08 5.11 0 0 0 0 0 0 0 0.05 0.84 0.76 1 0.89 2 0 0 0 0 0
1.02 1.03 0 1.02 0 0 0 0 0 1.01 0.81 1.02 1.03 1.01 0 0 0 0 0 0
6.69 7.28 0 3.01 0 0 0 0 0 3 0 0.1 3.18 3.02 3.01 0 0 0 0 0
