20 20
1.95 2.25 1.82 2.25 0.18 2.64 2.25 2.25 2.2 1.25 0.4 1.66 1.69 1.25 2.26 2.15 0.2 0.2 1.85 0
1.94 2.24 1.81 2.24 2.24 2.65 2.24 2.24 2.19 1.24 0.41 1.67 1.68 1.24 2.25 2.14 0.19 0.19 1.84 0
1.54 2 1.48 2 0.16 1.5 2 2 1.95 0 0 1.5 1.68 0.79 2 1.9 0 0 1.75 0
0 0.27 0 0.3 0 0.3 0 0 0 0.2 0.2 0 0.3 0 0.3 0.3 0 0 0.5 0
1.55 0 1.49 0 0 2.63 0 0 0 0 0.37 0.1 0 0 0 0.99 0 0 0.1 0
0.1 0 0.45 0 0 0.07 0 0 0 0 0 0.3 0.48 0 0 0 0 0 0 0
0 0 0 0 0 0 0 0 0 0 0 0.1 0.1 0 0 0 0 0 0.1 0
0 0 0 0 0 0 0 0 0 0 0.06 0 0 0 0 0 0.09 0.06 0 0
0 0 0 0 0 0 0 0 0 0 0.05 0.35 0 0 0 0 0 0.05 0 0
0.68 0 0.27 0.68 0 0 0 0 0 0 0 0 0 0 0 0 0 0 0 0
0 0 0 0 0 0 0 0 0 0.06 0 0 0.1 0 0 0 0 0 0.09 0
0 0 0 0 0 0 0 0 0 0 0 1.51 0 0 0 0 0 0 0.39 0
0 0 0 0 0 0 0 0 0 1.2 0 0 0 0 0 0 0 0 1.8 0
0 0 0.75 0 0 0 0 0 0 0 0 0 0 1 0 0 0 0 0 0
0 0 0 0 0 0.31 0 0 0 0 0 0.31 0 0 0 0 0 0 0 0
0 0 0 0 0 0 0 0 0 0 0 0.37 0 0 0.51 0 0 0 0 0
0 0 0 0.07 0 0 0 0 0 0 0 0.06 0 0 0 0 0 0 0 0
0 0 0 0 0 0 0 0 0 0 0 0 0 0 0.5 0 0 0 0.25 0
0 0 0 0 0 1.55 0 0 0 0 0 0 1.75 0 0 0 0 0 0 0
0 0 0 0.8 0 0 0 0 0 0 0 0 0 0.8 0 0 0 0 0 0
