20 20
0 0 0 0 0 0 0.1 0 0 0 0 0.1 0 0 0 0 0 0 0.1 0
0 9.8 0 0 0 0 0 0 0 0.5 0 0 0 0 0 0 0 0 0 0
0 0.1 0 0 0 0 0 0 0 0.1 0 0 0 0 0 0 0 0 0 0
0 9.69 0 0 0 0 0 0 0 2.26 0 0 0 0 0 0 0 0 0 0
0 0.5 0 0 0 0 0 0 0 0.18 0 0 0 0 0 0 0 0 0 0
0 0.58 0 0 0 0 0 0 0 0.61 0 0 0 0 0 0 0 0 0 0
0 0.8 0 0 0 0 0 0 0 0.8 0 0 0 0 0 0 0 0 0 0
0 0 0.78 0 0 0 0 0 0 0 0 0 0 0 0 0 0 1.46 0 0
0 3.01 0 0 0 0 0 0 0 4.33 0 0 0 0 0 0 0 0 0 0
0 0 0.46 0 0 0 0 0 0 0 0 0 0 0 0 0 0 0.48 0 0
0 0 0.25 0 0 0 0 0 0 0 0 0 0 0 0 0 0 0.25 0 0
0 5.01 0 0 0 0 0 0 0 2.01 0 0 0 0 0 0 0 0 0 0
0 10.84 0 0 0 0 0 0 0 0.1 0 0 0 0 0 0 0 0 0 0
0 0 0.41 0 0 0 0 0 0 0 0 0 0 0 0 0 0 0.41 0 0
0 0 0 0 0 0 0.14 0 0 0 0 0.11 0 0 0 0 0 0 0 0
0 0 0 0 0 0 0.16 0 0 0 0 0.12 0 0 0 0 0 0 0 0
0 0 0.1 0 0 0 0 0 0 0 0 0 0 0 0 0 0 0.1 0 0
0 0 0.68 0 0 0 0 0 0 0 0 0 0 0 0 0 0 0.6 0 0
0 0 0.05 0 0 0 0 0 0 0 0 0 0 0 0 0 0 0.05 0 0
0 0 0.45 0 0 0 0 0 0 0 0 0 0 0 0 0 0 0.45 0 0
