20 20
0 0 0 0 1.31 1.31 1.41 1.38 1.46 1.06 0 0 0 0 0 0.99 0.86 2.99 3.35 2.02
0 0 0 0 5.03 6.45 5.42 0.91 4.01 6.71 0 0 0 0 0 0 1.27 2.94 0.82 3.08
0 0 0 0 8.4 6.51 6.64 6.54 6.1 11.02 0 0 0 0 0 0 0.8 3 3.02 3.18
0 0 0 0 7.52 9.98 6.79 6.58 7.17 11.01 0 0 0 0 0 1.89 1.36 3.85 0 4.41
0 0 0 0 0.75 0.75 0.75 0.75 0.75 0.75 0 0 0 0 0 0.1 0 0.1 0.1 0.75
0 0 0 0 0.1 0.1 0.1 0.1 0 0.1 0 0 0 0 0 0 0.1 0.1 0.1 0.1
0 0 0 0 4 4 3 4 5.71 6.01 0 0 0 0 0 0 1.34 2.99 0 5.01
0 0 0 0 0.1 0.1 0.1 0.61 0.58 0.1 0 0 0 0 0 0 0 0.76 0.76 0.61
0 0 0 0 0.8 0.8 0.8 0.8 0.8 0.8 0 0 0 0 0 0.8 0 0.8 0 0.8
0 0 0 0 1.5 1.38 0.5 1.41 2.06 1.43 0 0 0 0 0 0 0 0.3 0.49 0.45
0 0 0 0 0.14 0.26 0.21 0.09 0.41 0.26 0 0 0 0 0 0 0 0.05 0.05 0.05
0 0 0 0 0.21 0.21 0.35 0.15 0.32 0.19 0 0 0 0 0 0 0 0.16 0.26 0.13
0 0 0 0 8.01 6.46 6.71 6.51 4.02 5 0 0 0 0 0 0 0 3.68 3.3 0
0 0 0 0 8 10 13 4.13 4.19 10 0 0 0 0 0 0 0 3.65 0.1 0
0 0 0 0 1.15 0.85 1.55 2.45 1.45 2.7 0 0 0 0 0 0 0 0 2.45 1.05
0 0 0 0 8.41 9.99 6.8 6.57 7.18 8.3 0 0 0 0 0 0 0 2.98 0 1.63
0 0 0 0 0.1 0.25 0.05 0.17 0 0.23 0 0 0 0 0 0 0 0.19 0.14 0.1
0 0 0 0 0.1 10 9.99 6.58 6.22 10.55 0 0 0 0 0 0 0 3.86 3.33 0
0 0 0 0 0.52 0.49 0.42 0.39 0 0 0 0 0 0 0 0 0.78 0.59 0.39 0.59
0 0 0 0 7.51 10 12.99 6.07 0 13 0 0 0 0 0 0 0 4 3 5
