20 20
0 0 0 0 0.1 0.19 0.08 0.14 0.09 0 0 0.05 0 0 0 0 0 0 0 0
0 0 0 0 0.1 0.1 0.1 0.1 0.1 0 0 0 0 0 0 0 0 0 0 0
0 0 0 0 0.8 0.8 1.1 0.1 3.97 0 0 0 0 0 0 0 0 0 0 0
0 0 0 0 0.1 0.1 0.1 0.1 0.1 0 0 0 0 0 0 0 0 0 0 0
0 0 0 0 0.06 0.09 0.06 0.11 0.06 0 0 0 0 0 0 0 0 0 0 0
0 0 0 0 0.39 0.23 0.51 0.38 0.89 0 0 0 0 0 0 0 0 0 0 0
0 0 0 0 0.66 0.54 0.86 1.15 1.38 0 0 0 0 0 0 0 0 0 0 0
0 0 0 0 0.31 0.21 0.48 0.37 0.87 0 0 0 0 0 0 0 0 0 0 0
0 0 0 0 0.1 0.22 0.5 0.1 0.88 0 0 0 0 0 0 0 0 0 0 0
0 0 0 0 0.1 0.75 0.75 0.5 0.65 0 0 0 0 0 0 0 0 0 0 0
0 0 0 0 0.05 0.11 0.05 0.1 0.15 0 0 0 0 0 0 0 0 0 0 0
0 0 0 0 0.13 0 0.23 0.1 0.14 0 0 0 0 0 0 0 0 0 0 0
0 0 0 0 2 0 2 2 2.23 0 0 0 0 0 0 0 0 0 0 0
0 0 0 0 0.2 0 0.4 0.3 0.67 0 0 0 0 0 0 0 0 0 0 0
0 0 0 0 0 0.05 0.05 0.05 0.05 0 0 0 0 0 0 0 0 0 0 0
0 0 0 0 0.05 0.05 0.05 0.05 0 0 0 0 0 0 0 0 0 0 0 0
0 0 0 0 0.36 0 0.47 0.36 0.21 0 0 0 0 0 0 0 0 0 0 0
0.92 0 0 2.94 0 0 0 0 0 0 0 0 0 3.69 1.51 0 0 0 0 0
0 0 0 0 0.09 0 0.86 1.01 2.25 0 0 0 0 0 0 0 0 0 0 0
0 0 0 0 0 0 0.13 0.1 0.1 0 0 0 0 0 0 0 0 0 0 0
