20 20
0.5 0 0.84 1.33 0 0 0 0 0 0 0 0 0 0 0 0 0.5 0 0 0
0.36 0 0.69 0.5 0 0 0 0 0 0 0 0 0 0 0 0 5.01 0 0 0
0 0 0 0 0.1 0.1 0.1 0 0 0 0 0 0 0 0.1 0 0 0 0 0
0.1 0 0 0.1 0 0 0 0 0 0 0 0 0 0 0 0 0.1 0 0 0
0 0 0.96 1.37 0 0 0 0 0 0 0 0 0 0 0 0 2.5 0 0 0
0.5 0 0 0.11 0 0 0 0 0 0 0 0 0 0 0 0 1 0 0 0
0 1.99 0 0 0 0 0 0 0.8 1 0 0 0 0 0 0 0 0 0 0
0.13 0 0 0.5 0 0 0 0 0 0 0 0 0 0 0 0 3.82 0 0 0
0 0.1 0 0 0 0 0 0 0.1 0.1 0 0 0 0 0 0 0 0 0 0
0 0.25 0 0 0 0 0 0 0.25 0.25 0 0 0 0 0 0 0 0 0 0
0 0.11 0 0 0 0 0 0 0.16 0.11 0 0 0 0 0 0 0 0 0 0
0 2 0 0 0 0 0 0 2 1.89 0 0 0 0 0 0 0 0 0 0
0 0.55 0 0 0 0 0 0 0.35 0.55 0 0 0 0 0 0 0 0 0 0
0 0.05 0 0 0 0 0 0 0.05 0.06 0 0 0 0 0 0 0 0 0 0
0.13 0 0 0.58 0 0 0 0 0 0 0 0 0 0 0 0 3.01 0 0 0
0 0.06 0 0 0 0 0 0 0.07 0.08 0 0 0 0 0 0 0 0 0 0
0.1 0 0 0.1 0 0 0 0 0 0 0 0 0 0 0 0 3.45 0 0 0
0 0 0.69 0.41 0 0 0 0 0 0 0 0 0 0 0 0 4.22 0 0 0
0 0.11 0 0 0 0 0 0 0 0 0.05 0 0 0 0 0 0 0 0 0.05
0 0.56 0 0 0 0 0 0 0.41 0.68 0 0 0 0 0 0 0 0 0 0
