20 20
0.1 0.1 0 0.1 0.1 0.1 0.1 0.1 0.1 0 0 0 0 0 0.1 0.1 0 0 0 0
1 0.5 0 1 1 1 0.63 1 1 0 0 0 0 0 1 1 0 0 0 0
0.82 3.08 0 5 0.91 0.61 1 2.13 2.26 0 0 0 0 0 5.71 5.01 0 0 0 0
3 5 0 7.67 8.06 4.82 5 5.55 4.98 0 0 0 0 0 6.24 8.29 0 0 0 0
3.02 3.18 0 7.62 9.21 5.02 4.01 3.64 2.52 0 0 0 0 0 6.46 8.33 0 0 0 0
0.05 0.22 0 0.24 0.06 0.05 0.06 0.05 0.05 0 0 0 0 0 0.05 0.06 0 0 0 0
3.35 2.02 0 2.15 3.2 2 1.56 4.13 4.99 0 0 0 0 0 3 3.01 0 0 0 0
0.76 0.61 0 0.1 0.1 0 0.1 0.61 0.63 0 0 0 0 0 0.57 0.62 0 0 0 0
0 0.8 0 0.8 0.8 0.8 0.8 0.8 0.8 0 0 0 0 0 0.8 0.8 0 0 0 0
2.45 1.05 0 1.23 2.8 0 1.55 1.25 2.3 0 0 0 0 0 2.75 1.85 0 0 0 0
0 1.63 0 3.94 9.19 2 3.24 2.21 3.5 0 0 0 0 0 6.47 5.95 0 0 0 0
0.14 0.1 0 0 0.1 0.22 0.1 0.22 0.24 0 0 0 0 0 0.11 0.16 0 0 0 0
3.33 0 0 0.1 10.01 3.02 5.01 5.61 5.01 0 0 0 0 0 6.17 8.3 0 0 0 0
0.49 0.45 0 0 0.44 0.49 0.5 0.7 0.2 0 0 0 0 0 0.42 1.35 0 0 0 0
0.1 0.1 0 0.1 0.1 0 0.1 0.1 0.1 0 0 0 0 0 0.1 0.1 0 0 0 0
2.25 0 0 1 5 4.25 3 5 5.25 0 0 0 0 0 5.75 3.75 0 0 0 0
0.05 0.05 0 0 0.3 0.05 0.08 0.06 0.08 0 0 0 0 0 0.11 0.1 0 0 0 0
0.26 0.13 0 0.21 0.26 0 0.27 0.21 0.21 0 0 0 0 0 0.26 0.26 0 0 0 0
0 4.41 0 5 8.42 5.02 2.56 5.56 5.01 0 0 0 0 0 6.48 5.94 0 0 0 0
0.71 0.56 0 0.42 1.1 0.5 1.2 0 0.6 0 0 0 0 0 0.7 0.5 0 0 0 0
