20 20
11.11 6.45 0 0 0 3.16 5.24 0 0 0 0 0 0 0 0 1.3 9.48 0 0 0
4.99 4.99 0 0 0 0.99 0.05 0 0 0 0 0 0 0 0 0.28 4.74 0 0 0
0.05 0.1 0 0 0 0.1 0.1 0 0 0 0 0 0 0 0 0.1 0.1 0 0 0
1.11 0.51 0 0 0 0.66 0.11 0 0 0 0 0 0 0 0 0.06 0.3 0 0 0
3.5 2 0 0 0 2 3.01 0 0 0 0 0 0 0 0 1.25 2 0 0 0
3 4 0 0 0 2.78 5.2 0 0 0 0 0 0 0 0 0 3 0 0 0
11.05 6.43 0 0 0 0.1 4.86 0 0 0 0 0 0 0 0 0 4.75 0 0 0
0.5 0.52 0 0 0 0.4 0.5 0 0 0 0 0 0 0 0 0 0.44 0 0 0
9.01 0 0 0 0 3.12 5.17 0 0 0 0 0 0 0 0 1.66 9.49 0 0 0
1 5 0 0 0 3.01 3.96 0 0 0 0 0 0 0 0 0 6.01 0 0 0
1 1 0 0 0 2 0.99 0 0 0 0 0 0 0 0 0 1 0 0 0
11.07 5.72 0 0 0 3.16 5.22 0 0 0 0 0 0 0 0 0 9.67 0 0 0
2.62 2.62 0 0 0 1.56 1.66 0 0 0 0 0 0 0 0 0 2.14 0 0 0
5 1 0 0 0 1 1 0 0 0 0 0 0 0 0 0 0.11 0 0 0
3.1 2.9 0 0 0 0.63 3 0 0 0 0 0 0 0 0 0 0.07 0 0 0
0.32 0.44 0 0 0 0.05 0.09 0 0 0 0 0 0 0 0 0 0.32 0 0 0
0.26 0.26 0 0 0 0.19 0.26 0 0 0 0 0 0 0 0 0 0.21 0 0 0
0.15 5 0 0 0 1.09 4 0 0 0 0 0 0 0 0 0 0.15 0 0 0
0.93 0.1 0 0 0 0.06 0.11 0 0 0 0 0 0 0 0 0 0.11 0 0 0
0.28 0.05 0 0 0 0.05 0.06 0 0 0 0 0 0 0 0 0 0.05 0 0 0
