20 20
0.69 0 0 0 0 0.2 6.02 0 0 2.27 0 0 0 0 0 0 0 0 0 5.35
0 0 0 0 0 0 0 0 0 0 0 0 0 0 0 0.1 0.1 0.1 0.1 0
0 0 0 0 0 0 0 0 0 0 0 0 0 0 0 0.8 0.8 0.79 0.91 0
0 0 0 0 0 0 0 0 0 0 0 0 0 0 0 0.1 0.1 0.1 0.1 0
0 0 0 0 0 0 0 0 0 0 0 0 0 0 0 0.16 0.11 0.23 0.16 0
0 0 0 0 0 0 0 0 0 0 0 0 0 0 0 2 1.49 2 2 0
0 0 0 0 0 0.1 0.1 0 0 3.05 0 0 0 0 0 0 0 0 0 3.01
0 0 0 0 0 0 0 0 0 0 0 0 0 0 0 0.05 0.05 0.05 0.05 0
0 0 0 0 0 0 0 0 0 0 0 0 0 0 0 0.05 0.05 0.05 0.05 0
0 0 0 0 0 0 0 0 0 0 0 0 0 0 0 0.06 0.06 0.06 0.05 0
0 0 0 0 0 0 0 0 0 0 0 0 0 0 0 0.2 0.2 0.35 0.2 0
0 0 0 0 0 0 0 0 0 0 0 0 0 0 0 0.49 0.37 0.89 0.99 0
0 0 0 0 0 0 0 0 0 0 0 0 0 0 0 0.78 0.75 0.72 1.19 0
0 0 0 0 0 0 0 0 0 0 0 0 0 0 0 0.45 0.55 0.86 0.75 0
0 0 0 0 0 0 0 0 0 0 0 0 0 0 0 0.05 0.05 0.05 0.05 0
0 0 0 0 0 0 0 0 0 0 0 0 0 0 0 0.48 0.3 0.73 0.51 0
0 0 0 0 0 0 0 0 0 0 0 0 0 0 0 0.39 0.17 0.78 0.61 0
0 0 0 0 0 0 0 0 0 0 0 0 0 0 0 0.11 0.07 0.22 0.41 0
0 0 0 0 0 0 0 0 0 0 0 0 0 0 0 0.05 0.05 0.05 0.05 0
0 0 0 0 0 0 0 0 0 0 0 0 0 0 0 1.03 0.09 0.83 0.56 0
