20 20
0 0 1 2.76 0.78 3.68 0 0.5 0 0.84 1.33 0 0 0 0 0 0 0 0 0
0 0 5.34 3.61 2.14 4.13 0 0.36 0 0.69 0.5 0 0 0 0 0 0 0 0 0
0 0 0.1 0.1 0.1 0.1 0 0.1 0 0 0.1 0 0 0 0 0 0 0 0 0
0 0 2.5 2.94 2.11 3.91 0 0 0 0.96 1.37 0 0 0 0 0 0 0 0 0
0 0 0.11 0.05 0.58 0.05 0 0 0 0.05 0.12 0 0 0 0 0 0 0 0 0
0.79 0.91 0 0 0 0 0 0 1.99 0 0 0 0 0 0 0.8 1 0 0 0
0 0 4.07 3.74 0.1 0 0 0.13 0 0 0.5 0 0 0 0 0 0 0 0 0
0.1 0.1 0 0 0 0 0 0 0.1 0 0 0 0 0 0 0.1 0.1 0 0 0
0.23 0.16 0 0 0 0 0 0 0.11 0 0 0 0 0 0 0.16 0.11 0 0 0
2 2 0 0 0 0 0 0 2 0 0 0 0 0 0 2 1.89 0 0 0
0.55 0.4 0 0 0 0 0 0 0.55 0 0 0 0 0 0 0.35 0.55 0 0 0
0.05 0.05 0 0 0 0 0 0 0.05 0 0 0 0 0 0 0.05 0.06 0 0 0
0.06 0.05 0 0 0 0 0 0 0.06 0 0 0 0 0 0 0.07 0.08 0 0 0
0 0 6.57 3.6 0.98 3.67 0 0 0 1.5 0 0 0 0 0 0 0 0 0 0
0 0 1 0.25 0 1 0 0.1 0 0 0.1 0 0 0 0 0 0 0 0 0
0 0 5.35 3.39 0 3.92 0 0 0 0.69 0.41 0 0 0 0 0 0 0 0 0
0.78 0.61 0 0 0 0 0 0 0.56 0 0 0 0 0 0 0.41 0.68 0 0 0
0.83 0.56 0 0 0 0 0 0 0.38 0 0 0 0 0 0 0.25 1.5 0 0 0
0.79 0.9 0 0 0 0 0 0 0.57 0 0 0 0 0 0 0.43 0.7 0 0 0
0 0 4 2 0 3 0 0.99 0 1.5 0 0 0 0 0 0 0 0 0 0
