20 20
0.1 0 0 0.1 0 0.1 0 0 0.1 0 0 0 0 0.1 0.1 0.1 0.1 0.1 0.1 0
0.92 0 0 0.8 0 0 0 0 2.46 0 0 0 0 2.94 6.46 0.94 0.97 1 0.1 0
0 0 0 0.92 0 1.45 0 0 0.1 0 0 0 0 4.18 0.1 6.95 0.1 4.27 0.1 0
0 0 0 0 0 0.1 0 0 0.24 0 0 0 0 0.71 0.73 0.77 0.72 0.75 0.71 0
0 0 0 0.87 0 0 0 0 3.32 0 0 0 0 3.59 9.1 6.99 4.21 4.2 2.25 0
0 0 0 2 0 0 0 0 4.1 0 0 0 0 3.51 0.5 4 3 5.01 2.22 0
0 0 0 0 0 0 0 0 1.08 0 0 0 0 1.45 1.08 1.08 1.56 1.08 1.08 0
0 0 0 0 0 0.1 0 0 0.1 0 0 0 0 0.1 0.1 8.74 14.77 0 0.1 0
0 0 0 0 0 0 0 0 3.33 0 0 0 0 3.6 9.09 6.98 4.83 2.82 2.4 0
0 0 0 0 0 0 0 0 3.27 0 0 0 0 2.77 2.77 3.27 3.27 3.27 2.77 0
0 0 0 0 0 0 0 0 3.3 0 0 0 0 3.03 9.11 5.62 3.52 2.8 2.24 0
0 0 0 0 0 0 0 0 1.09 0 0 0 0 2.5 0.3 0.15 1.64 4 0.5 0
0 0 0 0 0 0.05 0 0.75 3.35 0 0 0 0 0 2.1 0.45 1 0 2.65 0
0.5 0 0 0 0 0.35 0 0 1 0 0 0 0 2.62 0 5 4.8 4.02 0 0
0.93 0 0 0.81 0 1.43 0 0 0 0 0 0 0 0 9.12 7 4.2 0 2.07 0
1.57 0 0 0.95 0 0 0 0 0 0 0 0 0 2.97 3 4.29 3.5 0 0 0
0 0 0 0 0 0 0 0 1.07 0 0 0 0 3.47 3.77 0 3.27 1.07 3.47 0
0.8 0 0 0.8 0 0 0 0 0.8 0 0 0 0 0 0.8 0 0.8 0.8 0 0
0 0 0 0 0 0.69 0 0 0 0 0 0 0 3.56 0 5.61 0.1 2.79 2.16 0
1.9 0 0 2 0 0 0 0 2.47 0 0 0 0 0 3.08 0 5 2 0 0
