20 20
0 0 0 0 0 0.25 0 0 0 0 0 0 0 0 0 0 0.5 0.55 0.55 0.1
0 0 0 0 0 0.09 0 0 0 0 0 0 0 0 0 0 0.36 0.36 0.36 0.46
0 0 0 0 0 0 0 0 0 0 0 0 0 0 0 0.12 0.41 0.41 0.41 0.41
0 0 0 0 0 0 0 0 0 0 0 0 0 0 0 0 1.45 1.25 1.4 1.25
0 0 0 0 0 0 0 0 0 0 0 0 0 0 0 0 0.5 1.49 0.5 1.38
0 0 0 0 0 0 0 0 0 0 0 0 0 0 0 0 0.51 0.38 0.6 0.5
0 0 0 0 0 0 0 0 0 0 0 0 0 0 0 0 1.2 0.1 1.4 0.49
0 0 0 0 0 0 0 0 0 0 0 0 0 0 0 0 0.45 0.45 0.45 0.45
0 0 0 0 0 0 0 0 0 0 0 0 0 0 0 0 1.62 1.72 1.39 1.15
0 0 0 0 0 0 0 0 0 0 0 0 0 0 0 0 0.5 0.5 0.45 0.45
0 0 0 0 0 0 0 0 0 0 0 0 0 0 0 0 0.1 0.1 0.1 0.1
0 0 0 0 0 0 0 0 0 0 0 0 0 0 0 0 0.41 0.33 0.31 0.29
0 0 0 0 0 0 0 0 0 0 0 0 0 0 0 0 1.25 1.25 1.25 1.99
0 0.05 0 0 0.06 0 0 0 0 0 0 0 0 0 0.76 0 0 0.37 0 0
0 0 0 0 0 0 0 0 0 0 0 0 0 0 0 0 0.1 0.1 0.1 0.1
0 0 0 0 0 0 0 0 0 0 0 0 0 0 0 0 0.4 0.55 0.1 1.67
0 0 0 0 0 0 0 0.05 0 0 0 0 0 0 0 0 0.28 0.26 0.26 0
0 0 0 0 0 0 0 0 0 0 0 0 0 0 0 0 0.82 0.8 0.85 0.75
0 0 0 0 0 0 0 0 0 0 0 0 0 0 0 0 0.45 0.45 0.45 0.45
0 0 0 0 0 0 0 0 0 0 0 0 0 0 0 0 0.99 1 1 0.1
