20 20
0 0 2.58 0 0 0 0 0 0 0 0 0 1 2.76 0.78 3.68 0 0.5 0 0.84
0 0 2.84 0 0 0 0 0 0 0 0 0 5.34 3.61 2.14 4.13 0 0.36 0 0.69
0 0 0.1 0 0 0 0 0 0 0 0 0 0.1 0.1 0.1 0.1 0 0.1 0 0
0 0 2.83 0 0 0 0 0 0 0 0 0 2.5 2.94 2.11 3.91 0 0 0 0.96
0 0 3.02 0 0 0 0 0 0 0 0 0 6.57 3.6 0.98 3.67 0 0 0 1.5
0 0 2.92 0 0 0 0 0 0 0 0 0 4 2 0 3 0 0.99 0 1.5
0 0.29 0.74 0 0 0 0 0 0 0 0 0 0.81 0.8 2 0.44 0 0 0 0
0 0 0.05 0 0 0 0 0 0 0 0 0 0.11 0.05 0.58 0.05 0 0 0 0.05
0 0 0 0 0 0 0 0 0.1 0.1 0.1 0.1 0 0 0 0 0 0 0.1 0
0 0 0.1 0 0 0 0 0 0 0 0 0 0.1 0.61 0.21 0.46 0 0 0 0
0 0 2.73 0 0 0 0 0 0 0 0 0 0.1 2.06 0 3.22 0 0 0 1.02
0 0 0 0 0 0 0 0 0.8 0.8 0.79 0.91 0 0 0 0 0 0 1.99 0
0 0 1.84 0 0 0 0 0 0 0 0 0 4.07 3.74 0.1 0 0 0.13 0 0
0 0 0 0 0 0 0 0 0.1 0.1 0.1 0.1 0 0 0 0 0 0 0.1 0
0 0 0 0 0 0 0 0 0.16 0.11 0.23 0.16 0 0 0 0 0 0 0.11 0
0 0 0 0 0 0 0 0 2 1.49 2 2 0 0 0 0 0 0 2 0
0 0 3.05 0 0 0 0 0 0 0 0 0 3.01 3.61 0 4.18 0 0 0 0.1
0 0 0.3 0 0 0 0 0 0 0 0 0 0.5 0.5 0 0.5 0 0.5 0 0
0 0 3.05 0 0 0 0 0 0 0 0 0 3.05 3.05 0 3.05 0 1.43 0 0
0 0 0 0 0 0 0 0 0.05 0.05 0.05 0.05 0 0 0 0 0 0 0.05 0
