20 20
0 0 0 0.47 0.53 0.31 0.57 0.71 0.25 0 0 0 0 0 0 0 0 0 0 0
0 0 0 4 4 4 4 4 4 0 0 0 0 0 0 0 0 0 0 0
0 0 0 1.33 0.84 0.97 0.89 1.01 0.99 0 0 0 0 0 0 0 0 0 0 0
0 0 0 1.34 0.85 0.98 0.9 1.02 1 0 0 0 0 0 0 0 0 0 0 0
0 0.1 0 0 0 0 0 0 0 0 0 0 0.1 0.1 0.1 0.1 0 0 0 0
0 1 0 0 0 0 0 0 0 0 0 0 1 1 0.54 1 0 0 0 0
0 0.8 0 0 0 0 0 0 0 0 0 0 0.8 0.8 0.8 0.8 0 0 0 0
0 1.69 0 0 0 0 0 0 0 0 0 0 4.93 3.28 1.07 1.49 0 0 0 0
0 0.84 0 0 0 0 0 0 0 0 0 0 4.79 3 0.91 1.24 0 0 0 0
0 1.06 0 0 0 0 0 0 0 0 0 0 0.25 0.25 0.52 0.52 0 0 0 0
0 3.23 0 0 0 0 0 0 0 0 0 0 0.1 0.1 3 3.46 0 0 0 0
0 2.54 0 0 0 0 0 0 0 0 0 0 3.05 3.05 3.05 2.75 0 0 0 0
0 0.05 0 0 0 0 0 0 0 0 0 0 0.05 0.05 0.09 0.05 0 0 0 0
0 0.11 0 0 0 0 0 0 0 0 0 0 0.19 0.24 0.12 0.22 0 0 0 0
0 7.95 0 0 0 0 0 0 0 0 0 0 5.62 5.05 2.8 5 0 0 0 0
0 1 0 0 0 0 0 0 0 0 0 0 1 2.2 3.05 1 0 0 0 0
0 0 0 0.09 0.14 0 0.11 0.11 0.12 0 0 0 0 0 0 0 0 0 0 0
0 0 0.13 0 0.16 0 0.16 0.17 0.16 0 0 0 0 0 0 0 0 0 0 0
0 7.6 0 0 0 0 0 0 0 0 0 0 0.34 3.18 4.55 4.65 0 0 0 0
0 0.14 0 0 0 0 0 0 0 0 0 0 0.06 0.06 0.11 0.06 0 0 0 0
