20 20
0 1.03 0.71 0 0 0 2.42 1.53 0 0 0 0 0 0 0 0 0 0 2.55 0
0 0.55 1.28 0 0 0 0.63 0.61 0 0 0 0 0 0 0 0 0 0 0.51 0
0 0.1 0.1 0 0 0 2.41 0.1 0 0 0 0 0 0 0 0 0 0 3.16 0
0 2.39 0.86 0 0 0 2.44 1.54 0 0 0 0 0 0 0 0 0 0 3.17 0
0 0.21 0.21 0 0 0 0.25 0.21 0 0 0 0 0 0 0 0 0 0 0.25 0
0 5.22 0.1 0 0 0 0.1 0.1 0 0 0 0 0 0 0 0 0 0 3.2 0
0 0.5 0.46 0 0 0 0.49 0.33 0 0 0 0 0 0 0 0 0 0 1.07 0
0 5.22 1.27 0 0 0 2.27 2 0 0 0 0 0 0 0 0 0 0 3.04 0
0 2.46 1.03 0 0 0 1 0.1 0 0 0 0 0 0 0 0 0 0 1 0
0 1.04 0.87 0 0 0 2.45 1.55 0 0 0 0 0 0 0 0 0 0 3.05 0
0 3.25 0.68 0 0 0 2.25 0.85 0 0 0 0 0 0 0 0 0 0 0.38 0
0 0 0 0 0 0 0 0 0 0 0 0 0 1.12 0.28 1.37 1.58 0 0 0
0 2.27 2.27 0 0 0 2.77 0 0 0 0 0 0 0 0 0 0 0 0.5 0
0 0 0 0 0 0 0 0 0 0 0 0 0 0.46 0.22 0.47 0.48 0 0 0
0 0.49 1.15 0 0 0 2.32 0 0 0 0 0 0 0 0 0 0 0 2.65 0
0 0.05 1.35 0 0 0 2.1 0 0 0 0 0 0 0 0 0 0 0 12.01 0
0 0 0 0 0 0 0 0 0 0.39 0.11 0.2 0.39 0 0 0 0 0 0 0
0 0 0 0 0 0 0 0 0 0.4 0.12 0.21 0.36 0 0 0 0 0 0 0
0 0 0 0 0 0 0 0 0 0 0 0 0 0.1 0.1 0.1 0.1 0 0 0
0 0 0 0 0 0 0 0 0 0 0 0 0 1.34 0.38 1.46 1.6 0 0 0
