20 20
0.06 0.09 0.05 0.22 0 0.05 0 0 0 0.11 0.05 0 0 0.1 0 0 0 0 0 0
2.25 1.92 0 2.61 0 0 0 0 0 1.76 2.25 0 0 1.35 0 0 0 0 0 0
2.24 1.91 0 2.6 0 0 0 0 0 1.75 2.24 0 0 1.34 0 0 0 0 0 0
2 1.39 0 2 0 0 0 0 0 1.49 2 0 0 0 0 0 0 0 0 0
0.1 0.1 0 0 0 0 0 0 0 0.1 0.1 0 0 0 0 0 0 0 0 0
0 0 0 0 0.46 0 0 0 0 0 0 4.29 0 0 1.61 0.69 0 0 0 0
0 0 0 0 1.5 0 1.5 0 0 0 0 0 0 0 0 1.5 0 0 0 0
0.05 0.05 0 0.05 0 0 0 0 0 0 0 0 0 0 0 0 0 0 0 0
0 1.84 0 0 0 0 0 0 0 1.93 1.93 0 0 0 0 0 0 0 0 0
0.23 0 0 0 0 0 0 0 0 0.38 0.15 0 0 0 0 0 0 0 0 0
0 0 0 0 1.09 0 0 0 0 0 0 0 1.02 0 0 0.58 0 0 0 0
0 0 0 0 0.1 0 0 0 0 0 0 0 0 0 0 0.1 0 0 0 0
0 0 0 0 0.45 0 0 0 0 0 0 0 0 0 0 0.2 0 0 0 0
0 0 0 0 0.1 0 0 0 0 0 0 0 0 0 0 0.1 0 0 0 0
0 0 0 0 0 0 0 0 0 0 0 4.28 0 0 1.88 0 0 0 0 0
0 0 0 0 0.32 0 0 0 0 0 0 0 0 0 0 0.34 0 0 0 0
0 0 0 0 0 0 0 0 0 0 0 0 0 0 0 0 0 0.1 0.1 0
0 0 0 0 0 0 0 0 0 0 0 0 0 0 0 0 0 1.1 1.04 0
0 0 0 0 0 0 0 0 0 0 0 0 0 0 0 0 0 0.78 0.78 0
0 0 0 0 0 0 0 0 0 0 0 0.76 0 0 0.61 0 0 0 0 0
