20 20
0.4 1.66 1.69 1.25 2.26 2.15 0.2 0.2 1.85 0 0 0 0 0 0 0 0 0 0 0
0.41 1.67 1.68 1.24 2.25 2.14 0.19 0.19 1.84 0 0 0 0 0 0 0 0 0 0 0
0 1.5 1.68 0.79 2 1.9 0 0 1.75 0 0 0 0 0 0 0 0 0 0 0
0.2 0 0.3 0 0.3 0.3 0 0 0.5 0 0 0 0 0 0 0 0 0 0 0
0 0 0 0 0 0 0 0 0 0 0 0 0 0 0 0 11.11 11.11 11.11 3
0 0 0 0 0 0 0 0 0 0 0 0 0 0 0 0 8 8 8 12
0.37 0.1 0 0 0 0.99 0 0 0.1 0 0 0 0 0 0 0 0 0 0 0
0 0 0 0 0 0 0 0 0 0 0 0 0 0 0 0 21.44 21.44 21.44 0.1
0 0 0 0 0 0 0 0 0 0 0 0 0 0 0 0 2.33 3.02 2.01 2.08
0 0 0 0 0 0 0 0 0 0 0 0 0 0 0 0 2.33 3.02 1.88 2.08
0 0 0 0 0 0 0 0 0 0.46 0.46 0.38 0 0 0 0 0.07 0 0 0
0 0 0 0 0 0 0 0 0 0 0 0 0 0 0 0 1.02 1.11 1.07 2.5
0 0 0 0 0 0 0 0 0 0 0 0 0 0 0 0 0.11 0.11 0.1 0.05
0 0 0 0 0 0 0 0 0 0 0 0 0 0 0 0 7 7 7 7
0 0 0 0 0 0 0 0 0 0 0 0 0 0 0 0 1.01 0.05 0.05 1.03
0 0 0 0 0 0 0 0 0 0 0 0 0 0 0 0 1.03 2 1.82 1.04
0 0 0 0 0 0 0 0 0 0 0 0 0 0 0 0 0.05 0.05 0.05 0.05
0 0 0 0 0 0 0 0 0 0 0 0 0 0 0 0 3.51 3.53 3.3 3.49
0 0 0 0 0 0 0 0 0 0 0 0 0 0 0 0 0.05 0.05 0.17 2.06
0 0 0 0 0 0 0 0 0 0 0 0 0 0 0 0 0.1 0.1 0.1 0.1
