20 20
0 0 3.12 5.17 0 0 0 0 0 0 0 0 1.66 9.49 0 0 0 0 0 2.01
0 0 3.16 5.24 0 0 0 0 0 0 0 0 1.3 9.48 0 0 0 0 0 4.47
0 0 0.99 0.05 0 0 0 0 0 0 0 0 0.28 4.74 0 0 0 0 0 0.05
0 0 2 3.01 0 0 0 0 0 0 0 0 1.25 2 0 0 0 0 0 1
0 0 3 5.01 0 0 0 0 0 0 0 0 0 6 0 0 0 0 0 2
0 0 0.4 0.5 0 0 0 0 0 0 0 0 0 0.44 0 0 0 0 0 0.61
0 0 0.8 0.8 0 0 0 0 0 0 0 0 0 0.8 0 0 0 0 0 0.8
0 0 0.1 0.1 0 0 0 0 0 0 0 0 0 10 0 0 0 0 0 0.1
0 0 3.01 3.96 0 0 0 0 0 0 0 0 0 6.01 0 0 0 0 0 0.84
0 0 0.46 1.31 0 0 0 0 0 0 0 0 0.36 0 0 0 0 0 0 0.49
0 0 3.05 3.05 0 0 0 0 0 0 0 0 0 3.05 0 0 0 0 0 3.01
0 0 1 1 0 0 0 0 0 0 0 0 0 0.11 0 0 0 0 0 0.64
0 0 2 2 0 0 0 0 0 0 0 0 0 1 0 0 0 0 0 2.94
0 0 3.13 4.34 0 0 0 0 0 0 0 0 0 4.76 0 0 0 0 0 4.46
0 0 0.1 0.1 0 0 0 0 0 0 0 0 0.1 0.1 0 0 0 0 0 0
0 0 0.66 0.11 0 0 0 0 0 0 0 0 0.06 0.3 0 0 0 0 0 0
0 0 0.1 0.1 0 0 0 0 0 0 0 0 0 0.1 0 0 0 0 0 0.1
0 0 0.1 0 0 0 0 0 0 0 0 0 0 0.1 0 0 0 0 0 0.1
0 0 2.78 5.2 0 0 0 0 0 0 0 0 0 3 0 0 0 0 0 0
0 0 3.02 0 0 0 0 0 0 0 0 0 0 6.41 0 0 0 0 0 0.51
