20 20
0 0 0 0 0 4.01 4 4.76 0.69 3 1.55 2.52 0 6.1 0 0 0 0 0 0
0 0 0 0 0 0.56 0.76 0.61 0.68 0.74 0.61 0.61 0 0.75 0 0 0 0 0 0
0 0 0 0 0 3 0.1 5.05 0.1 3.09 3 0.1 0 5.94 0 0 0 0 0 0
0 0 0 0 0 4 1.01 4.24 1.13 2.72 2.02 6.41 0 6.1 0 0 0 0 0 0
0 0 0 0 0 4.02 2.01 4.77 0.26 4.01 1.53 3.95 0 6.11 0 0 0 0 0 0
0 0 0 0 0 0.1 0.1 0.1 0 0.1 0.1 0.1 0 0.1 0 0 0 0 0 0
0 0 0 0 0 1 0.96 2.37 0 0.71 0.36 5.58 0 4.85 0 0 0 0 0 0
0 0 0 0 0 0.22 0.23 0.24 0.24 0.22 0 0.1 0 0.19 0 0 0 0 0 0
0 0 0 0 0 0.43 0.62 0.46 0.32 0.5 0 0.46 0 0.38 0 0 0 0 0 0
0 0 0 0 0 0.05 0.05 0.05 0.05 0.05 0.05 0 0 0.05 0 0 0 0 0 0
0 0 0 0 0 2.91 0 0 0.19 3.17 0.81 3.78 0 6.06 0 0 0 0 0 0
0 0 0 0 0 0 1.25 3.65 0.19 0 2.25 1.13 0 0.75 0 0 0 0 0 0
0 0 0 0 0 0 0 0 0 0 0 0 0 0 1.5 1.54 2.25 1.95 2.25 1.82
0 0 0 0 0 0 0 0 0 0 0 0 0 0 1.49 1.45 2 1.54 2 1.48
0 0 0 0 0 0 0 0 0 0 0 0 0 0 2.99 1.52 2.24 1.94 2.24 1.81
0 0 0 0 0 0.8 0.8 0 0 0.8 0 0.8 0 0.8 0 0 0 0 0 0
0 0 0 0 0 0 0 4.39 0.63 0.1 0 0.1 0 5.28 0 0 0 0 0 0
0 0 0 0 0 1.05 0 3.15 0 0.55 1.1 1.35 0 0 0 0 0 0 0 0
0 0 0 0 0 1.11 4.01 0 0 2 0 3.93 0 4.04 0 0 0 0 0 0
0 0 0 0 0 0 0 4.51 0.62 2.34 0 3.77 0 4.02 0 0 0 0 0 0
