20 20
0.2 5.75 0.17 4.07 5.75 0.38 2.58 0.17 4.07 0.15 0.17 0 0 0 0 0 0 0 0 0
0.21 5.77 0.18 4.08 5.75 0.39 2.59 0.18 4.08 0.16 0.18 0 0 0 0 0 0 0 0 0
0.17 5.72 0.15 4.05 5.74 0.36 2.55 0 4.04 0.13 0.16 0 0 0 0 0 0 0 0 0
0 0 0 0 0 0 0 0 0 0 0 0 0 4.01 4 4.76 0.69 3 1.55 2.52
0 0 0 0 0 0 0 0 0 0 0 0 0 0.56 0.76 0.61 0.68 0.74 0.61 0.61
0 0 0 0 0 0 0 0 0 0 0 0 0 3 0.1 5.05 0.1 3.09 3 0.1
0 0 0 0 0 0 0 0 0 0 0 0 0 4 1.01 4.24 1.13 2.72 2.02 6.41
0 0 0 0 0 0 0 0 0 0 0 0 0 4.02 2.01 4.77 0.26 4.01 1.53 3.95
0 0 0 0 0 0 0 0 0 0 0 0 0 0.1 0.1 0.1 0 0.1 0.1 0.1
0 0 0 0 0 0 0 0 0 0 0 0 0 1 0.96 2.37 0 0.71 0.36 5.58
0 0 0 0 0 0 0 0 0 0 0 0 0 0.22 0.23 0.24 0.24 0.22 0 0.1
0 0 0 0 0 0 0 0 0 0 0 0 0 0.43 0.62 0.46 0.32 0.5 0 0.46
0 0 0 0 0 0 0 0 0 0 0 0 0 0.05 0.05 0.05 0.05 0.05 0.05 0
0 0 0 0 0 0 0 0 0 0 0 0 0 1.05 0 3.15 0 0.55 1.1 1.35
0 0 0 0 0 0 0 0 0 0 0 0 0 2.91 0 0 0.19 3.17 0.81 3.78
0 0 0 0 0 0 0 0 0 0 0 0 0 0 1.25 3.65 0.19 0 2.25 1.13
0 0 0 0 0 0 0 0 0 0 0 0 0 2.9 0.19 0 0.73 1.07 0.9 0
0 0 0 0 0 0 0 0 0 0 0 0 0 0.8 0.8 0 0 0.8 0 0.8
0 0 0 0 0 0 0 0 0 0 0 0 0 0 0 4.39 0.63 0.1 0 0.1
0 0 0 0 0 0 0 0 0 0 0 0 0 1.11 4.01 0 0 2 0 3.93
