20 20
3.51 0.52 3.6 0 0 0 0 0 2.01 0.98 5 0 0 0 0 0 0 0 0 0
0.43 0.26 0.61 0 0 0 0 0 0.71 1.19 0.32 0 0 0 0 0 0 0 0 0
10 1.15 0.1 0 0 0 0 0 0.1 0.95 3.33 0 0 0 0 0 0 0 0 0
4.04 0.22 2.45 0 0 0 0 0 2.18 0.97 4.01 0 0 0 0 0 0 0 0 0
5.61 0.1 0.1 0 0 0 0 0 3.4 1.18 4.99 0 0 0 0 0 0 0 0 0
5.78 0.53 2.52 0 0 0 0 0 1.17 1.16 4.94 0 0 0 0 0 0 0 0 0
2.29 0.97 1.12 0 0 0 0 0 0 1.17 3.29 0 0 0 0 0 0 0 0 0
0.1 0 0.1 0 0 0 0 0 0.1 0 0.1 0 0 0 0 0 0 0 0 0
2.27 2.27 2.77 0 0 0 0 0 0.5 0 0 0 0 0 0 0 0 0 0 0
0.41 0 1 0 0 0 0 0 0.78 0 2.87 0 0 0 0 0 0 0 0 0
0 0.05 0.05 0 0 0 0 0 0.06 0.05 0 0 0 0 0 0 0 0 0 0
0 0.16 0.2 0 0 0 0 0 0 0.21 0.21 0 0 0 0 0 0 0 0 0
4.5 0 3.5 0 0 0 0 0 0 0 2.88 0 0 0 0 0 0 0 0 0
3.51 0 0 0 0 0 0 0 0 0.97 4.78 0 0 0 0 0 0 0 0 0
5.33 0 0 0 0 0 0 0 0 1.18 4.93 0 0 0 0 0 0 0 0 0
0 0 0.25 0 0 0 0 0 0 1.15 1.78 0 0 0 0 0 0 0 0 0
0 0 1.85 0 0 0 0 0 0 1.15 3 0 0 0 0 0 0 0 0 0
3.64 0 0 0 0 0 0 0 0 1.03 2.71 0 0 0 0 0 0 0 0 0
0 0 1 0 0 0 0 0 0 0.63 1.02 0 0 0 0 0 0 0 0 0
0 0.17 0 0 0 0 0 0 1.16 0 2.9 0 0 0 0 0 0 0 0 0
