20 20
0 0 0 0 0 0 0 0 0 0 0 0 0 0 2.5 1.5 1.22 2.5 1.11 2.5
0 0 0 0 0 0 0 0 0 0 0 0 0 0 0.1 0.1 0.1 0.1 0.1 2.18
0 0 0 0 0 0 0 0 0 0 0 0 0 0 8 4 7 8 13 0.05
0 0 0 0 0 0 0 0 0 0 0 0 0 0 3.01 4.01 1.36 2.01 8.47 2.13
0 0 0 0 0 0 0 0 0 0 0 0 0 0 0 3.52 11.11 25.08 2 0.5
0 0 0 0.1 0.1 0.1 0.1 0 0 0 0 0 0 0.1 0 0 0 0 0 0
0 0 0 1 1 0.54 1 0 0 0 0 0 0 1 0 0 0 0 0 0
0 0 0 0.8 0.8 0.8 0.8 0 0 0 0 0 0 0.8 0 0 0 0 0 0
0 0 0 0 0 0 0 0 0 0 0 0 0 0 0 6.03 4.02 5.29 5.27 6.11
0 0 0 0 0 0 0 0 0 0 0 0 0 0 0 12 8 12 12 2.2
0 0 0 4.93 3.28 1.07 1.49 0 0 0 0 0 0 7.82 0 0 0 0 0 0
0 0 0 4.79 3 0.91 1.24 0 0 0 0 0 0 6.11 0 0 0 0 0 0
0 0 0 0.25 0.25 0.52 0.52 0 0 0 0 0.15 0 0 0 0 0 0 0 0
0 0 0 1.02 1 1.01 1.02 0 0 0 0 0 0 1.02 0 0 0 0 0 0
0 0 0 0 0 0 0 0 0 0 0 0 0 0 0 0.1 21.44 0.1 0.1 0.1
0 0 0 0.1 0.25 0.22 0.25 0 0 0 0 0 0 0.1 0 0 0 0 0 0
0 0 0 0.1 0.1 3 3.46 0 0 0 0 0 0 8.55 0 0 0 0 0 0
0 0 0 0.46 0.45 0.47 0.48 0 0 0 0 0 0 0.44 0 0 0 0 0 0
0 0 0 3.05 3.05 3.05 2.75 0 0 0 0 0 0 3.05 0 0 0 0 0 0
0 0 0 0 0 0 0 0 0 0 0 0 0 0 0 4.91 4.02 4 4.02 4.43
