20 20
2.21 3.5 0 0 0 0 0 0 0 0 0 3 0 0 4 5.83 0 3.5 0 0
0.4 0.2 0 0 0 0 0 0 0 0 0 0.5 0 0 0.5 0.5 0 0.5 0 0
0.1 0.1 0 0 0 0 0 0 0 0 0 2 0 0 0.75 1 0 1 0 0
0 0 0 0 0 0.13 0.11 0.14 0.12 0.12 0.06 0 0 0 0 0 0 0 0 0
1.51 0.98 0 0 0 0 0 0 0 0 0 15.01 0 0 4.03 7.89 0 5.72 0 0
0 0 0 0 0 4 4 4 4 4 4 0 0 0 0 0 0 0 0 0
0.5 0.1 0 0 0 0 0 0 0 0 0 0.75 0 0 0.75 0.75 0 0.1 0 0
1 0.1 0 0 0 0 0 0 0 0 0 4 0 0 3.12 1.49 0 2.1 0 0
0 0 0 0 0 1.6 1.78 1.21 0.78 1.33 0.7 0 0 0 0 0 0 0 0 0
0 0 0 0 0 1.61 1.79 1.22 0.79 1.34 0.71 0 0 0 0 0 0 0 0 0
0 0.1 0 0 0 0 0 0 0 0 0 0.1 0 0 0.1 0.1 0 0.1 0 0
0.91 1.1 0 0 0 0 0 0 0 0 0 7.07 0 0 0.1 0 0 4.12 0 0
0.8 0.8 0 0 0 0 0 0 0 0 0 0.8 0 0 0.8 0 0 0.8 0 0
0.1 1 0 0 0 0 0 0 0 0 0 0.1 0 0 7.5 0 0 0.1 0 0
1.63 2 0 0 0 0 0 0 0 0 0 8.01 0 0 5.38 0 0 2 0 0
1.02 3.24 0 0 0 0 0 0 0 0 0 5.01 0 0 5.08 5.11 0 0 0 0
1.01 0 0 0 0 0 0 0 0 0 0 1.01 0 0 1.02 1.03 0 1.02 0 0
1.92 1.5 0 0 0 0 0 0 0 0 0 7.21 0 0 6.36 0 0 7.6 0 0
0 0 0 0 0 0 0.1 0.1 0.1 0.1 0.1 0 0 0 0 0 0 0 0 0
1.18 0 0 0 0 0 0 0 0 0 0 8.7 0 0 1.82 5.01 0 5.02 0 0
