20 20
0 0 0 0 2.76 1 3.3 4.99 4.99 0.84 1.15 1.62 0 0 0 0 0 0 0 0
0 0 0 0 0.55 0.55 0.55 0.55 0.55 0.55 0.55 0.55 0 0 0 0 0 0 0 0
0 0 0 0 0.1 0.1 0.1 0.1 0.1 0.1 0.1 0.1 0 0 0 0 0 0 0 0
0 0 0 0 0 0 0 0 0 0 0 0 3.33 4.42 0.81 4.97 4.31 0 4.6 5.06
0 0 0 0 0 0 0 0 0 0 0 0 3.54 5.22 2 2.56 2.32 0 5.16 5.2
0 0 0 0 0 0 0 0 0 0 0 0 3.55 5.16 3.01 0.1 4.6 0 5.2 5.22
0 0 0 0 0.44 0.56 0 0.6 0.45 0.15 0.5 1.1 0 0 0 0 0 0 0 0
0 0 0 0 0.6 0 0.6 0.6 0.6 0.6 0.6 0.6 0 0 0 0 0 0 0 0
0 0 0 0 1.23 0.6 1.64 0 2.78 1.07 1.47 1.18 0 0 0 0 0 0 0 0
0 0 0 0 0.1 0.1 0.1 0.1 0 0.1 0.1 0.1 0 0 0 0 0 0 0 0
0 0 0 0 0.79 0 0.08 0.08 0.07 0.05 0.06 0.51 0 0 0 0 0 0 0 0
0 0 0 0 2.76 1.01 3.31 5 5 0.85 0 1.61 0 0 0 0 0 0 0 0
0 0 0 0 0 0 0 0 0 0 0 0 1.99 0.99 3.99 1.99 1.99 0 4.99 4.99
0 0 0 0 1 1 1 0 1 1 1 1 0 0 0 0 0 0 0 0
0 0 0 0 0.5 0 0.5 0.5 0.5 0 0.5 0.5 0 0 0 0 0 0 0 0
0 0 0 0 0.1 0 0.1 0.1 0.1 0 0.1 0.1 0 0 0 0 0 0 0 0
0 0 0 0 2 0 2 2 2 0 2 1 0 0 0 0 0 0 0 0
0 0 0 0 1.5 0 2.2 1.8 1.6 0 1.5 1.6 0 0 0 0 0 0 0 0
0 0 0 0 0 0.75 0 0.75 4.1 0.75 0.75 0.75 0 0 0 0 0 0 0 0
0 0 0 0 0.12 0 0.18 0.16 0.76 0.46 0.42 0 0 0 0 0 0 0 0 0
