20 20
0.46 0 0 0 0 0 0 4.29 0 0 1.61 0.69 0 0 0 0 0.2 6.02 0 0
1.5 0 1.5 0 0 0 0 0 0 0 0 1.5 0 0 0 0 0 0 1.5 0
0 0 0 0 0 0 0 0.1 0 0 2.54 0 0 0 0 0 0.1 0.1 0 0
0 0.05 0 0 0 0.11 0.05 0 0 0.1 0 0 0 0 0 0 0 0 0 0
0 0 0 0 0 0 0 4.28 0 0 1.88 0 0 0 0 0 0 7.03 0 0
0 0 0 0 0 0 0 0.76 0 0 0.61 0 0 0 0 0 0 0.53 0 0
0 0 0 0 0 0 0 4.01 0 0 2.55 0 0 0 0 0 0 4.03 0 0
0 0 0 0 0 0 0 0.24 0 0 0.38 0 0 0 0 0 0 0.5 0 0
0 0 0 0 0 0 0 0.13 0 0 0.12 0 0 0 0 0 0 0.07 0 0
0 0 0 0 0 0 0 2.71 0 0 1.81 0 0 0 0 0 0 2.7 0 0
0.2 0 0 0 0 0 0 0 0 0 0.5 0 0 0 0 0 0 0.06 0 0
0 0 0 0 0 1.76 2.25 0 0 1.35 0 0 0 0 0 0 0 0 0 0
0 0 0 0 0 0 0 1 0 0 2.37 0 0 0 0 0 0 0.81 0 0
1.09 0 0 0 0 0 0 0 1.02 0 0 0.58 0 0 0 0 0 0 0 0
0 0 0 0 0 1.75 2.24 0 0 1.34 0 0 0 0 0 0 0 0 0 0
0.1 0 0 0 0 0 0 0 0 0 0 0.1 0 0 0 0 0 0 0 0
0.45 0 0 0 0 0 0 0 0 0 0 0.2 0 0 0 0 0 0 0 0
0.1 0 0 0 0 0 0 0 0 0 0 0.1 0 0 0 0 0 0 0 0
0 0 0 0 0 0 0 0.1 0 0 0 0 0 0 0 0 0 0.1 0 0
0 0 0 0 0 0 0 1.08 0 0 0 0 0 0 0 0 0 1.08 0 0
