20 20
1 1 2 0 1 0.3 0.25 0.5 0.5 0.1 4.96 0 5 0 0 0 1 0.1 2.43 4.34
4.75 4.01 5.76 3.81 1.03 0.43 0.6 0 1.06 4.34 5.16 0 9.98 0 0 0 9.01 3.17 4.22 7.99
3 2.83 2.7 3.55 1.02 0.57 1.18 0.96 0 0 4.49 0 9.96 0 0 0 2.01 5.01 2.12 9.19
0 1 1 0.25 1 0.44 0.61 0.63 1 1 1 0 1 0 0 0 0.1 0 1 1
0.53 0.59 0.62 0.51 0.61 1.35 0 1.04 0.51 0.1 0.63 0 0.1 0 0 0 0 0.55 0.61 0.63
3.72 2.78 5 0 0.1 0 0.26 0.62 0.41 4.26 5.02 0 5.1 0 0 0 5.49 1 1 4.17
0.5 0.46 0.39 2.74 0.47 0.28 0.37 0.48 0.49 0 0.48 0 0.46 0 0 0 0.45 0 0.43 0.4
1.36 2.13 2.79 0 2.05 0.44 0.61 0.73 1.07 0.2 4.53 0 9.97 0 0 0 5.52 0 4.25 9.13
2.25 1.28 0.34 1.15 1.12 0 1.1 0.5 1.56 0 5 0 5.65 0 0 0 4.65 4.65 3.25 3.5
2 3 4 3.99 0.8 0.5 1 0.9 1.18 0 4 0 4 0 0 0 3.01 0 0.77 4.05
0.05 0.06 0.06 0 0.05 0 0.05 0.89 0.11 0.26 0.05 0 0.06 0 0 0 0.06 0.05 0.06 0.05
0.1 0.1 0.1 0 0.1 0 0.1 0.1 0.1 0.1 0.1 0 0.1 0 0 0 0 0.1 0.1 4.21
4.74 4 4.99 0 2.78 0 1.38 0 1.15 4.39 4.33 0 9.11 0 0 0 8.25 5.02 2.01 8.01
0 0.82 1.81 0 0.51 0 0.59 0.49 0.62 0.99 2.06 0 3.27 0 0 0 1.25 0.23 0.82 0
2.46 2.5 2.4 1.64 0.46 0.49 0.26 0.48 0.41 0 0 0 2.31 0 0 0 2.5 0 0.19 0
5 0 5.25 3.48 2.97 1.33 1.4 0 0 4.4 0 0 5 0 0 0 7 5 4 0
0.8 0.8 0.8 0.8 0 0 0 0 0 0.8 0.8 0 0.8 0 0 0 0.8 0.8 0.8 0.8
0.5 0.5 2.27 0.5 0 0 0 2.77 0 0 3.27 0 2.77 0 0 0 0.5 0.5 3.77 0.5
1.35 2.89 2.69 3.15 0 0 0.59 0 1.34 0 4.48 0 6.21 0 0 0 0 1.5 0.1 10
2.69 2.93 2.78 3.54 0 0 0 0 0 1.67 5.15 0 5.58 0 0 0 7.01 5.03 2.11 9.2
