20 20
0 0 0 1.33 0 0 0 0 3.66 0 0 1.5 1.83 1.25 0.52 2.62 0 1.51 1.22 0
0 0 0 1.28 0 0 0 0 3.43 0 0 0.1 1.44 1.24 0.69 0.33 0 5 1.19 0
0 0 0 1.01 0 0 0 0 3.67 0 0 1.83 1.52 1.35 1.18 2.63 0 2.89 1.23 0
0 0 0 0 0 0 0 0 0.91 0 0 0.32 1.45 1.34 1.5 0.6 0 0.34 1.27 0
0 0 0 0 0 0 0 0 3.63 0 0 1.05 1.95 1.31 1.17 0 0 1.52 1.2 0
0 0 0 1 0 0 0 0 0 0 0 2 1.5 1.75 1.75 0 0 0 1.5 0
0 0 0 0 0.98 1.01 0 0.75 0 0.75 0.75 0 0 0 0 0 0 0 0 0.75
0 0 0 0 1.05 1.35 0 0.35 0 0.6 1.29 0 0 0 0 0 0 0 0 0.35
0 0 0 0 0 0 0 0 1.08 0 0 1.08 1.08 0 0 1.08 0 0 1.08 0
0 0 0 0 0 0 0 0 2.77 0 0 3.27 2.77 0 0 2.77 0 0 3.77 0
0 0 0 0 0 0 0 0 2 0 0 0.5 0 0.11 0.11 0 0 0.15 0 0
0 0 0 0.51 0 0 0 0 3.44 0 0 0.33 0 1.25 0 0 0 0 1.91 0
0 0 0 0 0 0 0 0 0 0 0 0 2.08 0 0.51 2.62 0 0 0.3 0
0 0 0 0 0 0 0 0 3.77 0 0 3.77 3.77 0 0 3.77 0 0 0 0
0 0 0 0 0 0 0 7.67 0 7.69 8 0 0 0 0 0 0 0 0 8
0 0 0 0 0 0 0 6.99 0 6.67 6.88 0 0 0 0 0 0 0 0 6.77
0 0 0 0 0 0 0 0 0 0 0 0.12 0.11 0 0 0.12 0 0 0.11 0
0 0 0 0 0 0 0 0 2.49 0 0 1.49 1.69 0 0 0 0 0.79 0 0
0 0 0 0 0 0 0 0.1 0 0.1 0.1 0 0 0 0 0 0 0 0 0.1
0 0 0 0 0 0 0 0 3.57 0 0 5.27 0 0 0 3.57 0 0 2.37 0
