20 20
2.55 0 0 4.53 4.24 0.81 0 1.89 2.52 4.61 0 0 0 0 1.04 0 0 2.59 0 0
0.51 0 0 0.76 0.61 0.56 0 0.48 0.72 0.61 0 0 0 0 0.67 0 0 1.37 0 0
3.16 0 0 3.58 4.22 0.79 0 1.88 2.38 3.94 0 0 0 0 0.66 0 0 5 0 0
3.17 0 0 4.16 4.29 0.8 0 1.9 2.4 3.98 0 0 0 0 0.81 0 0 0 0 0
3.05 0 0 4.17 4.36 0.86 0 1.93 2.41 3.99 0 0 0 0 0.82 0 0 0 0 0
0.05 0 0 0.05 0.05 0.05 0 0.05 0.05 0.1 0 0 0 0 0 0 0 0.07 0 0
0.25 0 0 0.21 0.21 0.2 0 0.21 0.21 0.26 0 0 0 0 0 0 0 0.2 0 0
0.5 0 0 0.5 3.27 2.27 0 2.27 0.5 2.77 0 0 0 0 0 0 0 0 0 0
2.65 0 0 3 4.2 0 0 1.71 1.03 4.45 0 0 0 0 0 0 0 1.36 0 0
3.2 0 0 4.65 4.57 1.33 0 2.15 2.52 0.1 0 0 0 0 0 0 0 0 0 0
3.04 0 0 4.03 4.17 0 0 1.85 2.52 4.35 0 0 0 0 1 0 0 0 0 0
0 0 0 0.1 0.1 0 0 0.1 0.1 0.1 0 0 0 0 0 0 0 0.1 0 0
2.9 0 0 4 2.56 0 0 2.13 0 2.13 0 0 0 0 0 0 0 2.58 0 0
2.6 0 0 3.49 0 1.19 0 1.92 2.49 3.79 0 0 0 0 0 0 0 0 0 0
2 0 0 2 4.59 1.35 0 2.17 0 0.1 0 0 0 0 0 0 0 0 0 0
0.05 0 0 0.05 0.05 0.05 0 0.05 0 0 0 0 0 0 0 0 0 0 0 0
0.25 0 0 0.22 0.22 0 0 0 0.22 0.1 0 0 0 0 0 0 0 0 0 0
1.12 0 0 0 1.26 1.05 0 1.29 1.02 0 0 0 0 0 0 0 0 0 0 0
0 0 0 0 0 0.75 0 1 0.9 0 0 0 0 0 0.39 0 0 0.67 0 0
1.01 0 0 0 0.49 0.77 0 1.11 0 0.39 0 0 0 0 0 0 0 0 0 0
