20 20
1.32 0 0 0 0 0 0 0 0 0 0 0 0 0 0 0.32 0 0 0.75 0
0.61 0 0 0 0 0 0 0 0 0 0 0 0 0 0 0 0.61 0 0.74 0
0.1 0 0 0 0 0 0 0 0 0 0 0 0 0 0 0.63 0 0 0.1 0
2.27 0 0 0 0 0 0 0 0 0 0 0 0 0 0 0.38 0 0 0.46 0
0.98 0 0 0 0 0 0 0 0 0 0 0 0 0 0 0.62 0 0 0.3 0
0.45 0 0 0 0 0 0 0 0 0 0 0 0 0 0 0.27 0.27 0 0 0
2.02 0 0 0 0 0 0 0 0 0 0 0 0 0 0 0.71 0 0 0.45 0
0.1 0 0 0 0 0 0 0 0 0 0 0 0 0 0 0.1 0 0 0 0
2.26 0 0 0 0 0 0 0 0 0 0 0 0 0 0 0.62 0 0 0 0
0 0 0 0 0 0 0 0 0 0.1 0 0 0 0 0.1 0 0 0 0 0
1 0 0 0 0 0 0 0 0 0 0 0 0 0 0 0 0.28 0 0 0
0 0 0 0 0 0 0 0 0 0.79 0 0 0 0 0.74 0 0 0 0 0
0 0 0 0 0 0 0 0 0 0 0 0 0 0 0 0.61 0 0 0.1 0
0 0 0 0 0 0 0 0 0 0 0 0 0 0 0 0.36 0 0 0.22 0
2.01 0 0 0 0 0 0 0 0 0 0 0 0 0 0 0 0 0 0.45 0
0 0 0 0 0 0 0 0 0 0.14 0 0 0 0 0.41 0 0 0 0 0
0 0 0 0 0 0 0 0 0 0 0.96 0 0 0.66 0 0 0 0 0 0
0.22 0 0 0 0 0 0 0 0 0 0 0 0 0 0 0 0 0 0.21 0
0 0 0 0 0 0 0 0 0 0 0 0 0 0 0 0.22 0.1 0 0 0
0 0 0 0 0 0 0 0 0 0 0 0 0 0 0 0.76 0.26 0 0 0
