20 20
0 0 0 0 0 0 0 0 0 0.35 0.39 0.25 0.18 0.51 0.1 0.26 0.17 0.15 0.25 0.27
0 0 0 0 0 0 0 0 0 0.36 0.36 0.24 0.19 0 0.11 0.25 0.18 0.16 0.13 0.24
18.04 7.05 12.67 14.02 9.13 4.02 12.71 0 0 0 0 0 0 0 0 0 0 0 0 0
0.1 0.1 0.1 0.1 0.1 2 0.1 0 0 0 0 0 0 0 0 0 0 0 0 0
0.1 0.1 0.1 0.1 0.1 0.1 0.1 0 0 0 0 0 0 0 0 0 0 0 0 0
3 0.1 2.7 3 6.26 3 3 0 0 0 0 0 0 0 0 0 0 0 0 0
18.04 0.1 14.77 14.77 0.1 18.04 14.77 0 0 0 0 0 0 0 0 0 0 0 0 0
0.1 0.1 0.1 7.2 0.1 3.01 7.25 0 0 0 0 0 0 0 0 0 0 0 0 0
6.27 3.8 15.38 5 5.52 2.41 5 0 0 0 0 0 0 0 0 0 0 0 0 0
12 4.16 4.19 6 7.92 5.58 8.01 0 0 0 0 0 0 0 0 0 0 0 0 0
1 0.22 0.62 0.9 0.11 0.52 1 0 0 0 0 0 0 0 0 0 0 0 0 0
1 3.82 4.21 1.5 3.99 5.25 2 0 0 0 0 0 0 0 0 0 0 0 0 0
0.8 0.8 0.8 0.8 0.8 0.8 0.8 0 0 0 0 0 0 0 0 0 0 0 0 0
18 6.98 15 15 6.66 0.1 13 0 0 0 0 0 0 0 0 0 0 0 0 0
0.1 7 16 0.1 0.1 0.1 12.5 0 0 0 0 0 0 0 0 0 0 0 0 0
4 2.5 4 4 3 0.45 3.5 0 0 0 0 0 0 0 0 0 0 0 0 0
2 5.51 9.28 10.01 8.79 2 8.45 0 0 0 0 0 0 0 0 0 0 0 0 0
8.06 4.17 1 6.11 8.05 4.77 8.44 0 0 0 0 0 0 0 0 0 0 0 0 0
5 4.02 3.6 5 4.84 4.35 5 0 0 0 0 0 0 0 0 0 0 0 0 0
1.25 1 0.25 1.75 0.5 1.25 1 0 0 0 0 0 0 0 0 0 0 0 0 0
