20 20
0 0 0 0 0 2.5 2.5 0 0 0 0 0 0 0 0 1.22 1.11 0 0 1.08
0 0 0 0 0 0.65 0.65 0 0 0 0 0 0 0 0 0.65 0.65 0 0 0.65
0 0 0 0 0 0.15 0.07 0 0 0 0 0 0 0 0 0.1 0.05 0 0 0.1
0 0 0 0 0 0.05 0.05 0 0 0 0 0 0 0 0 0.25 0.25 0 0 0.1
0 0 0 0 0 0.11 0.11 0 0 0 0 0 0 0 0 0.11 0.11 0 0 0.11
0 0 0 0 0 0.1 0.1 0 0 0 0 0 0 0 0 0.1 0.1 0 0 0.1
0 0 0 0 0 7 8 0 0 0 0 0 0 0 0 13 7 0 0 7
0 0 0 0 0 11.11 0 0 0 0 0 0 0 0 0 1 11.11 0 0 11.11
0 0 0 0 0 8 0 0 0 0 0 0 0 0 0 0.5 8 0 0 8
0 0 0 0 0 21.44 0 0 0 0 0 0 0 0 0 0.1 21.44 0 0 0.1
0 0 0 0 0 4.27 0 0 0 0 0 0 0 0 0 4.19 4.9 0 0 3.32
0 0 0 0 0 0.1 0 0 0 0 0 0 0 0 0 0.1 0.1 0 0 0.1
0 0 0 0 0 0.05 0 0 0 0 0 0 0 0 0 0.11 5.56 0 0 0.11
0 0 0 0 0 7 0 0 0 0 0 0 0 0 0 7 7 0 0 7
0 0 0 0 0 0.13 0 0 0 0 0 0 0 0 0 0.21 0.21 0 0 0.21
0 0 0 0 0 2.03 1.98 0 0 0 0 0 0 0 0 0 0.05 0 0 0.05
0 0 0 0 0 1.01 0.56 0 0 0 0 0 0 0 0 0.05 0.05 0 0 0
0 0 0 0 0 0.5 0 0 0 0 0 0 0 0 0 10.86 8.28 0 0 9.87
0 0 0 0 0 0.22 0.22 0 0 0 0 0 0 0 0 0.22 0 0 0 0.22
0 0 0 0 0 0.1 0 0 0 0 0 0 0 0 0 0.1 0.1 0 0 0.1
