20 20
5.28 1.74 7.02 2.11 0.91 2.15 4.01 4.91 4.22 5.61 5.52 0 0 0 0.62 0 0 5.04 4.35 0.1
0.1 0 0.1 0.1 0.1 0.1 0.1 0.1 0.1 0.1 0.1 0 0 0 0.1 0 0 0.1 0.1 0.1
6.61 5.02 9.62 4.22 7 7.01 7.11 6.04 0.1 0.1 0.1 0 0 0 0.1 0 0 6.55 0.1 0
6.41 5.04 10 3.13 6.02 5.85 8.03 6.02 5.49 8.02 8.56 0 0 0 0 0 0 6.51 3.95 2.6
6.65 1.17 9.83 4.1 6.3 0 8.09 6.04 3.05 6.46 8.56 0 0 0 0.71 0 0 6.54 4.52 2.63
0.05 0.05 0.07 0 0.05 0.05 0.05 0.06 0.14 0.05 0.21 0 0 0 0.49 0 0 0.06 0.06 0.05
4 2.99 3 3.62 3 0 3 5.98 5.41 5.62 8.55 0 0 0 0.67 0 0 6.5 3.5 0
6.64 2.99 9.83 3.63 3.85 5.86 4.03 6.03 0 4.26 8.56 0 0 0 0 0 0 6.52 2.2 2.7
0.61 0 0.59 0.36 0.1 0.52 0.61 0.71 0.61 0.61 0.51 0 0 0 0 0 0 0.68 0.63 0.71
2.02 0 0.15 0 0.05 5.74 0.05 4.02 0.96 3 0.33 0 0 0 0.07 0 0 6.5 0.46 1.98
0.1 1 0.17 0 0.14 0 1 0.17 0.54 1 0.1 0 0 0 0 0 0 1 1 1
0.5 1.02 1.02 0.3 0.2 0.39 0.42 0.47 0.47 0 0 0 0 0 0 0 0 0.45 0.49 0.45
3.05 3.05 3.05 0 3.05 3.05 3.05 3.05 3.05 3.05 3.05 0 0 0 0 0 0 3.05 3.05 0
0.11 0.05 0.29 0 0.06 0.07 0.06 0.09 0.05 0.07 0.09 0 0 0 0 0 0 0.12 0.06 0
3 1.7 3 0 0 4.38 3 4 5.22 4 5.75 0 0 0 0 0 0 4 3 1
0.8 0 0.8 0 0.8 0.8 0.8 0.8 0.8 0.8 0.8 0 0 0 0 0 0 0.8 0.8 0
2.77 0.5 0.5 3.27 3.27 0.5 3.77 2.77 0 2.27 0 0 0 0 0 0 0 2.77 0 2.77
4.42 0 10 0 5.56 7.67 5.04 6 2 2.51 2.58 0 0 0 0 0 0 2.53 4.52 0
0.18 0 0.22 0.11 0.11 0.13 0.17 0.25 0.05 0 0 0 0 0 0 0 0 0.25 0.22 0.21
0.5 0 0.5 0 0.5 0.5 0.5 0.5 0.5 0.5 0.5 0 0 0 0 0 0 0.5 0 0.5
