25 75
0.793617 1.20126 0.192038 0.876346 0.557141 0.586681 0.162274 0.652464 0.264411 0.179422 0.940228 1.03244 0.973046 0.765188 0.187668 0.266244 0.552172 0.274582 0.0644755 0.490431 0.88703 0.539445 0.866243 0.301171 0.386554 0.901974 0.903299 0.49771 0.460388 0.475054 0.144445 0.718264 0.795002 0.79035 0.398211 0.442545 1.15547 0.727907 0.933175 0.906661 0.31345 0.972433 0.251403 1.08221 0.829051 0.895368 0.779938 0.931427 1.12594 0.635556 0.727158 0.539497 0.972888 1.03475 0.49614 0.213399 0.244879 0.15671 1.02442 0.341666 1.07589 0.485502 0.0934716 0.72232 0.195789 0.67406 0.626973 0.343684 0.699218 0.298996 0.55042 0.94171 0.430051 1.07669 0.585981
1.01334 1.26924 0.381645 0.827831 0.458717 0.613295 0.323754 0.568527 0.0590006 0.302967 0.923733 0.881829 0.900985 0.641712 0.20266 0.22758 0.514316 0.379267 0.136123 0.415686 0.71639 0.385921 0.83155 0.0244592 0.273362 0.937478 0.864327 0.597592 0.421941 0.533153 0.263858 0.5115 0.769639 0.795293 0.132605 0.423219 1.27275 0.716876 0.942202 0.92191 0.0680613 1.0336 0.309573 1.02356 0.931281 0.906231 0.648513 0.873964 0.906126 0.605343 0.728881 0.597097 1.12742 1.16258 0.593831 0.3683 0.282273 0.279606 1.21962 0.174299 0.951427 0.414263 0.17828 0.522621 0.361881 0.446343 0.84653 0.394456 0.75787 0.289048 0.537158 1.0196 0.355883 1.11506 0.545628
0.810908 1.04579 0.356167 0.751527 0.481778 0.520947 0.307949 0.672169 0.317165 0.167125 1.01134 0.999491 1.0249 0.697704 0.249046 0.221868 0.424281 0.335227 0.248395 0.438845 0.962048 0.356028 0.639437 0.231039 0.236456 0.901448 0.992398 0.561208 0.361513 0.467133 0.0861404 0.629289 0.775294 0.683049 0.225181 0.368362 1.0524 0.973329 0.903625 0.780213 0.286117 1.0553 0.18358 1.0378 0.803718 0.91128 0.798878 0.903494 0.886875 0.386442 0.982169 0.64677 0.896866 1.04207 0.452172 0.211231 0.0870962 0.319016 1.10662 0.307089 1.0296 0.326078 0.244693 0.575895 0.205767 0.691416 0.878007 0.580652 0.909492 0.0984471 0.542383 0.884107 0.248193 1.02982 0.499809
0.814532 0.99399 0.161937 0.769046 0.658956 0.650614 0.159976 0.513403 0.28254 0.397728 0.916862 1.1367 0.846451 0.590115 0.264649 0.357406 0.623323 0.513006 0.174697 0.511439 0.708549 0.472269 0.79732 0.191795 0.257443 0.860181 0.96464 0.446427 0.461284 0.611989 0.114086 0.696995 0.711983 0.754747 0.27501 0.373076 1.2279 0.887329 1.15372 0.852117 0.295102 1.00355 0.123431 0.964172 0.768054 1.02746 0.88315 0.835316 1.11707 0.43409 0.854133 0.650834 1.13438 1.00012 0.552184 0.243737 0.20194 0.266102 1.02192 0.126337 1.05503 0.331411 0.253848 0.744615 0.192534 0.515568 0.788266 0.6146 0.799559 0.241734 0.667591 0.797445 0.389375 1.09043 0.327912
0.834377 1.05022 0.335592 0.798716 0.53614 0.672933 0.334593 0.527499 0.3341 0.41862 0.911959 0.87436 0.86213 0.59937 0.185652 0.37035 0.663235 0.431282 0.358362 0.626349 0.926646 0.450956 0.888025 0.287362 0.193756 0.841765 0.819526 0.532829 0.427207 0.475101 0.330677 0.494042 0.864075 0.664759 0.349747 0.268713 0.983115 0.949139 0.889834 0.773791 0.341797 1.11234 0.116107 1.03316 0.738431 0.90977 0.893379 0.866865 1.12862 0.46817 0.907839 0.609644 0.879053 0.942167 0.563248 0.312332 0.278681 0.285575 0.956021 0.345963 1.09078 0.276273 0.277954 0.600415 0.235105 0.679752 0.81124 0.489483 0.925265 0.248501 0.799288 1.03725 0.235196 0.880965 0.500293
0.808239 1.1114 0.345202 0.717885 0.438185 0.395533 0.0879693 0.566957 0.0837965 0.414111 0.981157 1.0229 0.798652 0.779902 0.126697 0.35011 0.644402 0.332047 0.191022 0.510253 0.912787 0.493142 0.71246 0.0614564 0.304072 1.06096 1.00144 0.434685 0.434086 0.564886 0.297339 0.753562 0.783214 0.668858 0.271201 0.262517 0.98116 0.976627 1.0054 0.853598 0.277503 0.963395 0.160967 0.897455 0.9334 0.938552 0.630789 0.901897 0.939639 0.545184 0.863299 0.532826 0.955976 1.17394 0.376594 0.273951 0.152222 0.123461 1.00017 0.243907 0.99248 0.490336 0.233373 0.659517 0.308248 0.715024 0.788073 0.618787 0.81233 0.257693 0.61954 0.808111 0.420305 0.935777 0.511109
0.906715 1.22248 0.36771 0.793973 0.427389 0.410184 0.236098 0.697406 0.239595 0.314013 1.00317 0.97352 0.920552 0.488181 0.227012 0.172907 0.57694 0.246719 0.320859 0.477807 0.853762 0.498941 0.842647 0.218537 0.203096 0.866532 0.891568 0.426583 0.315786 0.465317 0.150028 0.73428 0.69077 0.700455 0.338318 0.513009 1.13458 0.814847 0.91624 0.80399 0.227888 1.03254 0.11273 0.993425 0.823966 0.855839 0.695425 0.777668 1.011 0.377313 0.758549 0.547646 0.916037 1.0733 0.653346 0.193806 0.293591 0.189223 1.02726 0.241609 0.967025 0.451465 0.110177 0.509842 0.231624 0.63381 0.835484 0.479536 0.779853 0.0392471 0.687696 1.00674 0.320095 0.964909 0.509276
0.916464 1.22408 0.121819 0.747765 0.685249 0.491509 0.117194 0.57451 0.322568 0.32205 1.04391 1.08168 0.79776 0.493307 0.182802 0.352479 0.430527 0.222971 0.303585 0.408792 0.71095 0.5576 0.903568 0.109978 0.276079 0.998331 1.03196 0.680975 0.427976 0.508177 0.249047 0.711614 0.665606 0.857707 0.167472 0.334122 1.09232 0.733389 0.956294 0.769315 0.217484 0.97803 0.0579064 1.04431 0.88219 0.923808 0.798151 1.01249 1.10236 0.514102 0.789577 0.639381 1.13089 0.920295 0.366653 0.256605 0.276186 0.279761 1.10904 0.235933 0.940303 0.350683 0.260575 0.719425 0.381698 0.557693 0.789103 0.480101 0.929964 0.18264 0.533732 0.945529 0.237635 1.1276 0.295533
0.877093 1.07796 0.358447 0.802338 0.51186 0.404802 0.235822 0.732751 0.0947 0.140521 1.05116 1.02928 0.961423 0.518046 0.156223 0.252918 0.533985 0.460436 0.347637 0.633709 0.874256 0.457277 0.617831 0.188587 0.233346 0.898682 0.960703 0.594952 0.362313 0.649241 0.228134 0.730386 0.769494 0.86878 0.328346 0.449721 1.24657 0.985016 1.07526 0.863994 0.235224 0.946767 0.213952 0.84162 0.754623 0.999002 0.822432 0.787639 0.954588 0.438812 0.89859 0.393765 0.895408 1.19604 0.591059 0.24059 0.256051 0.17428 1.19073 0.217178 0.865192 0.431386 0.233252 0.651569 0.451404 0.57254 0.812412 0.488514 0.748833 0.224872 0.621698 0.774107 0.314653 1.04343 0.45448
1.03611 1.01021 0.262324 0.854038 0.497299 0.535378 0.302206 0.701416 0.159121 0.141449 1.10331 0.883179 0.92886 0.518164 0.32445 0.213671 0.523567 0.290802 0.266087 0.568864 0.787399 0.450186 0.819343 0.181356 0.281812 0.783656 0.882099 0.413979 0.57019 0.420512 0.150558 0.641037 0.729216 0.723796 0.302849 0.283094 1.18494 0.86266 1.00941 0.6331 0.191122 1.18389 0.290008 1.06453 0.742236 0.749257 0.615348 0.997554 1.06958 0.388773 0.767141 0.561967 0.966572 1.13274 0.438783 0.232581 0.0342071 0.125116 1.0759 0.271877 1.03803 0.505486 0.265294 0.740454 0.417947 0.636831 0.663497 0.451527 0.770332 0.209718 0.734187 0.96123 0.428682 0.910791 0.397819
0.892691 1.03782 0.29842 0.749751 0.475364 0.535332 0.221523 0.587477 0.15918 0.318791 1.05665 0.970557 0.954824 0.757709 0.347848 0.232913 0.646315 0.232319 0.0952262 0.628737 0.823694 0.539815 0.655182 0.169137 0.466322 1.04789 0.868463 0.405144 0.303329 0.475666 0.0935234 0.582072 0.888986 0.902502 0.16417 0.444984 1.21331 0.715489 0.897828 0.816084 0.302807 1.16278 0.145337 1.06698 0.854099 0.877316 0.668265 0.783737 0.995252 0.396586 0.823991 0.39322 0.973114 1.16939 0.401143 0.417926 0.114376 0.0601313 0.993494 0.208797 0.94052 0.326416 0.310122 0.573756 0.380616 0.70245 0.679796 0.409005 0.759079 0.13582 0.649676 0.942311 0.250515 1.01563 0.414003
0.977095 1.13154 0.208945 0.738467 0.463122 0.409054 0.289999 0.757958 0.073581 0.326453 0.950063 0.961258 1.0502 0.753542 0.338694 0.299204 0.566808 0.509582 0.154183 0.629604 0.73402 0.389189 0.656863 0.173528 0.228933 0.97299 0.765657 0.546943 0.523333 0.464272 0.247776 0.486699 0.793253 0.74236 0.283252 0.324696 0.990864 0.932908 0.912041 0.662086 0.209661 1.02095 0.0440673 0.86462 1.01211 0.988743 0.885392 0.933207 0.969367 0.626303 0.917722 0.381487 1.05722 0.920615 0.54843 0.194716 0.0759409 0.118669 0.996154 0.311316 0.937107 0.267556 0.0809012 0.51504 0.421348 0.476739 0.70474 0.532191 0.69183 0.189232 0.693549 0.86381 0.298855 1.06619 0.407366
1.02207 1.02155 0.143652 0.898687 0.681108 0.465414 0.216826 0.518886 0.263613 0.21829 1.1027 1.01464 1.02906 0.662666 0.271072 0.135358 0.69281 0.440043 0.0937288 0.615308 0.892412 0.591971 0.624252 0.0934099 0.387586 0.848244 0.882173 0.541337 0.575419 0.56484 0.25696 0.714571 0.653794 0.714828 0.267965 0.318249 1.17494 0.965942 1.14841 0.865832 0.136692 0.963377 0.209583 1.02081 0.901527 0.761282 0.74931 0.873741 0.871839 0.40089 0.782752 0.486101 1.06366 0.980208 0.47233 0.32426 0.0204875 0.169354 1.15398 0.210271 0.930787 0.420102 0.182877 0.699161 0.216521 0.544684 0.660223 0.423137 0.808613 0.258274 0.656769 0.966935 0.241599 1.14456 0.37277
0.84892 1.17364 0.290755 0.822419 0.476508 0.59427 0.187042 0.626782 0.100107 0.315999 1.01548 1.01804 0.776825 0.52011 0.201623 0.238907 0.630327 0.317585 0.198579 0.507055 0.957016 0.402991 0.762447 0.0563207 0.390652 1.04585 0.891935 0.57724 0.499471 0.601689 0.0947396 0.765101 0.813568 0.742622 0.244157 0.411018 1.04415 1.00221 1.05842 0.882204 0.119491 0.989639 0.0939603 1.06977 0.764549 0.851534 0.820004 0.750217 1.11351 0.635451 0.711241 0.530663 0.919903 1.19215 0.5401 0.222506 0.223549 0.109491 1.19856 0.132808 0.988851 0.244187 0.201159 0.463869 0.332913 0.724526 0.728123 0.422513 0.662576 0.05673 0.741199 0.933815 0.396048 0.986356 0.349251
0.991276 1.24191 0.33254 0.903457 0.397958 0.537344 0.293888 0.558732 0.0455572 0.211062 0.980956 1.14663 0.886751 0.773524 0.155884 0.179529 0.680529 0.268062 0.0906842 0.433233 0.75337 0.327025 0.835489 0.0547914 0.255375 0.821142 0.86066 0.539077 0.33928 0.453837 0.29108 0.676962 0.939024 0.830665 0.367271 0.271849 1.0426 0.872369 1.01884 0.648725 0.335685 1.01024 0.287447 0.923921 0.91823 1.0311 0.714257 0.856878 0.967084 0.382963 0.769079 0.620802 1.04027 1.0658 0.423544 0.280271 0.1169 0.175596 1.14355 0.21275 0.82603 0.427136 0.0770674 0.470711 0.266064 0.461965 0.667014 0.512394 0.759655 0.0657844 0.729677 0.970826 0.274465 1.14529 0.511206
0.824383 1.10393 0.108709 0.858626 0.588928 0.601639 0.365752 0.738704 0.137432 0.202091 0.94933 0.882403 0.975372 0.545934 0.186588 0.209388 0.606321 0.395864 0.210124 0.656379 0.740477 0.583801 0.815132 0.207561 0.431215 0.920135 0.821869 0.648559 0.406363 0.504213 0.157657 0.69292 0.874507 0.684401 0.257831 0.412932 1.16126 0.869296 1.15877 0.685455 0.256412 0.956095 0.247735 0.95611 0.78528 0.755772 0.737066 0.831448 1.0749 0.544293 0.762151 0.650693 0.946959 1.05578 0.467031 0.233847 0.0950081 0.113504 1.0203 0.333554 0.997621 0.464054 0.165499 0.731794 0.230558 0.638337 0.657627 0.607462 0.934564 0.120886 0.76522 0.830955 0.433282 1.00068 0.559307
0.962465 1.25581 0.290994 0.866545 0.392042 0.677827 0.120139 0.765041 0.119121 0.336325 1.02833 0.927838 1.04841 0.560762 0.11776 0.254162 0.630156 0.29477 0.200412 0.537575 0.984927 0.591702 0.736106 0.0573664 0.403545 0.821214 0.77502 0.686843 0.474471 0.609688 0.174811 0.597108 0.787132 0.73247 0.352719 0.51654 1.00424 0.722249 1.1085 0.693323 0.224196 1.01311 0.153225 0.919145 0.740698 0.927844 0.896377 0.875429 0.907496 0.3938 0.698015 0.476807 1.03259 1.19466 0.453711 0.357913 0.145357 0.196865 1.15688 0.122939 1.03431 0.482809 0.193138 0.711267 0.373368 0.640734 0.783552 0.526532 0.846175 0.178472 0.517976 1.05721 0.272718 1.16797 0.391622
0.990157 1.0745 0.341863 0.947299 0.425216 0.390374 0.212811 0.591364 0.214365 0.259732 1.00351 0.978487 0.885286 0.669495 0.292574 0.30358 0.495318 0.455258 0.312538 0.649627 0.712172 0.568103 0.875384 0.0254256 0.356251 1.03656 0.7594 0.597799 0.515939 0.478074 0.314009 0.565095 0.921568 0.907535 0.267711 0.44287 1.12408 0.798541 1.06803 0.824312 0.0691597 1.17764 0.0544516 0.974032 1.01325 0.858911 0.617197 0.858286 0.937246 0.486274 0.835385 0.469807 0.868664 1.11855 0.522048 0.430234 0.155996 0.157894 1.03628 0.0805861 1.01881 0.286788 0.0834305 0.658722 0.352366 0.555867 0.815319 0.47193 0.715237 0.0741907 0.612904 0.890023 0.502026 0.921394 0.326572
0.923359 1.1509 0.321001 0.665128 0.519572 0.669656 0.137468 0.731666 0.141889 0.346548 1.04258 1.01968 0.759286 0.689268 0.127442 0.317609 0.424509 0.480844 0.302178 0.489878 0.890436 0.322814 0.892162 0.157158 0.201124 0.863964 0.752108 0.591602 0.475111 0.639777 0.177778 0.554806 0.753152 0.817634 0.26112 0.268499 1.02596 0.88787 0.942147 0.897497 0.161136 1.18789 0.231767 1.03229 0.832871 0.820063 0.862887 0.74297 1.11903 0.574895 0.951851 0.517032 0.978798 0.966262 0.648613 0.226043 0.0472432 0.0958732 1.09631 0.170439 1.04852 0.317548 0.252897 0.722277 0.219147 0.587477 0.828827 0.520871 0.793877 0.284658 0.701492 0.941466 0.261881 1.09285 0.57542
1.06583 1.25139 0.182035 0.837173 0.539135 0.567767 0.153929 0.616478 0.120249 0.285204 0.904538 0.913132 1.02251 0.504483 0.180244 0.117066 0.66971 0.284992 0.319828 0.567499 0.952291 0.434572 0.647324 0.0731597 0.222415 0.896603 0.975205 0.674477 0.588299 0.484045 0.303975 0.636809 0.815873 0.710556 0.361491 0.394321 1.01924 0.99723 1.16713 0.645005 0.319309 1.05156 0.262724 0.961612 0.853446 0.832874 0.791402 0.947146 0.896799 0.490716 0.818662 0.432496 0.921601 1.20282 0.642386 0.337048 0.145591 0.204096 1.06368 0.144702 0.863971 0.459608 0.242402 0.628918 0.358672 0.638282 0.895209 0.534581 0.913998 0.201017 0.712799 0.776763 0.521522 0.891464 0.305916
1.06834 1.18978 0.121068 0.675045 0.613279 0.651116 0.106463 0.5666 0.269891 0.14146 0.85371 1.026 0.809771 0.48654 0.190929 0.388433 0.435395 0.382983 0.313232 0.633341 0.913585 0.385886 0.616202 0.0169524 0.258608 0.837504 0.961149 0.57632 0.505597 0.5348 0.180423 0.563343 0.831269 0.719709 0.356103 0.312208 1.15742 0.816808 1.00361 0.644021 0.0683314 1.09144 0.117472 0.883695 0.939747 0.896888 0.785447 0.927733 1.01461 0.461888 0.936917 0.572633 1.02985 1.01507 0.509522 0.403926 0.211451 0.313635 1.04702 0.25918 0.860182 0.35654 0.228073 0.527333 0.202091 0.515428 0.644468 0.484602 0.75076 0.333091 0.611301 0.911906 0.483878 0.940735 0.589295
0.783433 1.22376 0.155248 0.682292 0.450451 0.539852 0.202511 0.758786 0.322443 0.278923 0.943543 0.876533 1.00101 0.577059 0.10483 0.374256 0.67357 0.232674 0.321404 0.508001 0.77562 0.571452 0.876775 0.117638 0.379608 0.765288 0.980445 0.517838 0.499489 0.659669 0.304997 0.625078 0.825849 0.698064 0.151314 0.395658 1.12577 0.974288 1.01966 0.709244 0.344093 1.07885 0.236863 0.946459 1.02144 0.917954 0.896316 0.913423 1.07842 0.343034 0.863699 0.615799 1.11486 1.00155 0.532471 0.28588 0.16081 0.198779 1.10756 0.200868 0.927265 0.437214 0.155044 0.544734 0.40594 0.707153 0.856573 0.531572 0.85421 0.212376 0.634989 0.820368 0.313533 1.11178 0.497107
0.901677 1.02267 0.138971 0.887829 0.593388 0.408037 0.150586 0.504905 0.141557 0.414377 1.13519 1.03479 0.94718 0.726139 0.282512 0.259922 0.410108 0.244087 0.100945 0.413211 0.888198 0.380927 0.860521 0.246302 0.325415 0.830602 0.752019 0.637305 0.297347 0.516709 0.0924028 0.655372 0.823135 0.90135 0.149159 0.543839 1.16052 0.820998 1.14379 0.922849 0.349395 0.975058 0.0268323 0.870735 0.903289 0.997747 0.657775 1.00129 0.855935 0.424908 0.864923 0.593775 0.952607 1.14077 0.658807 0.411261 0.223623 0.267434 1.15747 0.0943418 1.08537 0.233364 0.331506 0.685329 0.3353 0.451108 0.82048 0.615269 0.903402 0.114278 0.625296 0.801572 0.26877 0.918828 0.435063
0.852259 1.10229 0.299251 0.823718 0.468253 0.435344 0.252785 0.47689 0.304927 0.386718 0.974526 1.05721 0.910565 0.512023 0.356124 0.303886 0.437291 0.399914 0.201445 0.50701 0.795544 0.371552 0.774911 0.288178 0.285315 1.0342 0.871555 0.464628 0.401078 0.667267 0.128969 0.582316 0.919909 0.665128 0.250925 0.503084 1.2216 0.838339 0.882465 0.818183 0.18441 1.02671 0.259362 0.942569 0.891914 1.02487 0.858737 0.820792 0.976043 0.415668 0.753553 0.551276 0.877607 1.12686 0.600867 0.396543 0.0318266 0.209446 1.01711 0.150355 1.02052 0.415522 0.119986 0.455956 0.46742 0.726515 0.682874 0.443977 0.82321 0.240661 0.617519 0.779817 0.5091 0.986717 0.463073
0.997903 1.14083 0.18885 0.95131 0.420341 0.651087 0.319197 0.684356 0.271864 0.37782 1.06132 0.898585 0.881179 0.782793 0.160255 0.246739 0.658525 0.265059 0.216035 0.396919 0.945144 0.371541 0.759515 0.172022 0.2779 0.818728 0.911385 0.456667 0.378697 0.618866 0.308088 0.629195 0.777025 0.684369 0.227212 0.534566 1.00929 0.923479 0.990316 0.68411 0.0910952 0.969661 0.0208639 1.07357 1.03228 0.824799 0.680583 0.957177 0.842249 0.573886 0.956547 0.644232 1.02482 1.14742 0.54238 0.293813 0.263612 0.0660517 1.08231 0.267092 0.929656 0.358148 0.232361 0.596056 0.234584 0.738746 0.894214 0.555553 0.92269 0.107348 0.527114 0.847212 0.237458 1.03735 0.317026
