25 75
0.0898483 0.886554 0.402245 0.49295 0.135326 0.70911 0.384984 0.17369 0.927467 1.00093 0.728366 0.624283 0.0725836 0.404764 0.276725 1.09629 0.501609 1.06264 0.772091 1.18741 0.882144 0.410865 0.903848 0.75329 0.383393 0.956716 0.324894 0.178557 0.695502 0.88126 0.240964 0.92181 0.051187 0.243012 0.921075 0.905391 0.856579 0.326637 0.517778 0.435404 0.680461 0.572889 0.903109 0.632903 0.697441 0.84857 1.17282 1.05383 0.782789 0.737244 0.483627 0.230344 0.576757 0.734101 0.211971 0.920534 0.924776 0.88961 0.96663 1.18886 0.473906 0.698946 0.868247 0.717244 0.407727 1.05948 0.963628 0.957444 0.609416 1.09505 0.869727 0.567345 0.530225 0.6863 0.900178
0.26852 0.834977 0.583607 0.366048 0.219067 0.850357 0.289376 0.333088 1.09435 0.924234 0.779956 0.684927 0.189731 0.212356 0.31998 1.05092 0.498145 1.15627 0.80713 1.09039 0.935941 0.572508 0.786094 0.526915 0.527369 1.08313 0.350212 0.329061 0.662798 0.722421 0.158659 0.926155 0.0637302 0.20954 0.898284 0.852496 0.763417 0.270511 0.548026 0.525541 0.567588 0.508726 0.67542 0.78525 0.59547 0.707995 1.02832 1.06322 0.748754 0.604923 0.38747 0.311591 0.651707 0.779557 0.260836 0.806732 0.912433 0.903627 0.913011 1.13791 0.669398 0.636687 0.660898 0.590603 0.327143 0.822324 0.751748 1.01762 0.871643 0.976601 0.79258 0.527686 0.553466 0.85309 0.775243
0.151081 0.787553 0.392345 0.581559 0.0640071 0.917052 0.270316 0.108204 1.00994 0.977456 0.779072 0.608549 0.0663783 0.369346 0.459823 1.29485 0.52432 0.975925 0.848429 1.03754 0.948737 0.427151 0.832492 0.726422 0.631935 1.04401 0.394972 0.192864 0.635768 0.770082 0.418796 1.13538 0.0295955 0.0545956 0.697746 1.03984 0.828293 0.342325 0.430855 0.564667 0.610403 0.477754 0.933058 0.644136 0.458092 0.838031 1.08096 1.0639 0.659245 0.668957 0.34226 0.0904077 0.708076 0.868565 0.253564 1.01716 0.891807 0.841391 0.850552 1.13293 0.535223 0.765748 0.837524 0.71669 0.583387 0.989422 0.904305 0.81545 0.665808 1.02488 0.932209 0.354069 0.549506 0.824869 0.860214
0.21622 0.871345 0.540761 0.53727 0.202292 0.788791 0.22704 0.058647 1.14069 1.15817 0.84325 0.634923 0.255523 0.238261 0.371035 1.05081 0.430342 1.21978 0.871205 1.07598 0.981205 0.452125 0.670676 0.672646 0.486368 1.10009 0.368127 0.188514 0.631616 0.684383 0.160874 0.988883 0.31072 0.103487 0.795641 0.925516 0.668375 0.274122 0.726916 0.436616 0.813169 0.651898 0.792218 0.747775 0.506987 0.829673 1.04805 0.910308 0.571065 0.573331 0.383268 0.078047 0.646204 0.75284 0.142482 1.05534 0.838876 1.03012 0.915153 1.14418 0.72301 0.763071 0.636483 0.665974 0.513605 1.04923 0.82665 0.875245 0.788763 0.982798 0.84428 0.444037 0.612105 0.971348 0.783832
0.162573 0.617529 0.46809 0.60408 0.173301 0.768863 0.453509 0.10336 1.04238 1.09268 0.868815 0.771836 0.275605 0.165062 0.418018 1.27021 0.499848 1.10946 0.776867 1.26787 1.02264 0.340554 0.809486 0.52462 0.634507 1.22206 0.300763 0.253987 0.928775 0.780074 0.143578 1.01177 0.231308 0.251084 0.886499 1.10168 0.718529 0.251528 0.613622 0.589817 0.821665 0.495059 0.679872 0.605939 0.473979 0.889763 1.06465 0.789041 0.801286 0.829272 0.400934 0.239195 0.665321 0.622511 0.239251 1.04177 0.772146 0.84637 0.990462 1.14514 0.615636 0.645778 0.790303 0.793445 0.505581 0.821381 0.715093 0.876819 0.88491 1.06582 0.895234 0.305254 0.359587 0.747124 0.752259
0.221229 0.758068 0.371673 0.576719 0.105634 0.639881 0.463835 0.0804333 1.03347 1.17461 0.746102 0.772219 0.294866 0.332421 0.242071 1.0545 0.414146 1.14501 0.860929 1.20259 0.916753 0.498205 0.837328 0.680244 0.502151 0.986411 0.346451 0.197894 0.652141 0.901261 0.368782 0.900272 0.114889 0.0578453 0.8832 1.02173 0.67107 0.159207 0.571312 0.527414 0.740342 0.43945 0.698474 0.784829 0.619891 0.783131 0.967254 0.9307 0.620376 0.792105 0.253494 0.271657 0.780583 0.707243 0.128933 0.881161 0.830662 0.928217 0.925179 0.91824 0.652947 0.638895 0.836107 0.661655 0.578121 0.924846 0.915921 0.85234 0.627344 0.983556 0.674816 0.349043 0.625659 0.85611 0.944237
0.236151 0.65285 0.4711 0.51661 0.17127 0.749905 0.3524 0.337627 0.993241 0.919852 0.746428 0.804658 0.152034 0.39647 0.343387 1.10828 0.397812 1.06051 0.807605 1.0759 0.877831 0.398934 0.904155 0.589572 0.679281 0.927104 0.396688 0.294702 0.926082 0.704551 0.123853 0.983721 0.20454 0.095555 0.67975 0.87924 0.857918 0.33837 0.637515 0.463394 0.572616 0.448678 0.932966 0.846041 0.615675 0.851493 1.00222 0.876742 0.663669 0.593792 0.499142 0.0836725 0.736474 0.752951 0.166603 0.935533 0.682098 1.05594 0.891416 1.13553 0.477021 0.824051 0.891618 0.821359 0.470418 1.05393 0.945105 1.00974 0.774362 1.07293 0.873807 0.456358 0.463704 0.825387 0.776112
0.110652 0.738026 0.48462 0.358963 0.0789347 0.722311 0.35214 0.297594 1.08841 1.19501 0.683587 0.766914 0.149782 0.406558 0.527596 1.12856 0.327421 1.07637 0.814871 1.19306 1.08415 0.491021 0.630567 0.588782 0.382935 1.04444 0.187447 0.169664 0.808312 0.725585 0.273221 1.13082 0.116297 0.0696219 0.705229 0.96163 0.837307 0.342891 0.589559 0.512304 0.588643 0.512111 0.731403 0.829739 0.619246 0.865616 1.01987 0.831337 0.644759 0.659807 0.286937 0.107942 0.573896 0.865525 0.303722 0.942558 0.658855 1.04994 0.941265 1.02257 0.642995 0.674634 0.814075 0.694629 0.328232 0.933198 0.961823 0.998659 0.675682 1.11718 0.671901 0.308478 0.555923 0.884277 0.944081
0.22288 0.643421 0.630101 0.35434 0.250882 0.879068 0.360848 0.327466 1.20231 1.09857 0.793732 0.857093 0.142196 0.308239 0.479123 1.07466 0.3407 1.11897 0.644527 1.18902 0.841488 0.578372 0.915409 0.543524 0.571912 1.00667 0.168401 0.326815 0.820808 0.696169 0.276831 1.09253 0.287453 0.225377 0.947722 1.09862 0.67446 0.262859 0.443211 0.675286 0.831269 0.630971 0.892444 0.776653 0.694619 0.836896 1.16164 1.05032 0.63909 0.64625 0.328435 0.201504 0.609153 0.668322 0.111192 0.85419 0.778103 0.929848 0.835618 0.940162 0.657936 0.774714 0.881019 0.765399 0.369819 0.958682 0.854476 0.959283 0.793901 0.861105 0.660091 0.497834 0.477121 0.795506 0.787219
0.0565482 0.890413 0.428475 0.457573 0.10595 0.704347 0.457092 0.11061 0.957123 1.11718 0.645223 0.847107 0.137085 0.357625 0.305045 1.01999 0.429384 1.20623 0.829832 1.27003 1.09999 0.596159 0.645773 0.541081 0.574358 1.16577 0.408551 0.311411 0.719105 0.732304 0.329033 0.963076 0.0684422 0.261518 0.775451 0.974146 0.687952 0.0630491 0.66111 0.57233 0.58814 0.670647 0.761302 0.830759 0.631716 0.820038 1.07905 0.811581 0.699273 0.771664 0.409937 0.126635 0.508356 0.79313 0.296345 0.991967 0.685474 0.864245 0.980367 1.09849 0.517333 0.699928 0.808247 0.627107 0.391262 0.895511 0.766996 0.880466 0.766444 0.978784 0.924391 0.293876 0.599567 0.707834 0.898818
0.297772 0.662138 0.564276 0.573108 0.301188 0.670755 0.337979 0.185172 0.989507 1.18999 0.692181 0.850743 0.180132 0.271086 0.250508 1.08406 0.358614 1.15178 0.668659 1.16882 1.05105 0.346825 0.721138 0.595523 0.521154 1.00849 0.297294 0.313061 0.78034 0.901517 0.280804 1.09 0.165663 0.346887 0.809633 0.839232 0.948147 0.282166 0.566407 0.557042 0.787704 0.416696 0.905473 0.61679 0.546247 0.759831 0.924976 0.852679 0.697262 0.659434 0.37995 0.156196 0.797686 0.640786 0.245485 0.894276 0.87142 0.880214 0.965704 1.02298 0.499022 0.824602 0.69461 0.584428 0.327484 0.903973 0.958208 0.982926 0.625579 1.00414 0.954919 0.494577 0.471526 0.913689 0.905718
0.110997 0.867452 0.36617 0.420685 0.34046 0.779825 0.366593 0.1633 1.00674 1.11045 0.75068 0.867088 0.140721 0.358391 0.405701 1.28386 0.294205 1.16283 0.760946 1.25524 1.08515 0.425956 0.631439 0.605577 0.399287 1.18506 0.196059 0.207382 0.880429 0.809121 0.123724 1.16343 0.283615 0.183198 0.826767 0.883789 0.872482 0.280067 0.579182 0.543854 0.588342 0.647623 0.834405 0.623429 0.441587 0.719011 0.980093 0.82933 0.642897 0.816906 0.260004 0.0877769 0.711189 0.693635 0.253314 0.895633 0.772297 1.05508 0.874625 1.19767 0.727676 0.820742 0.708889 0.76794 0.345766 0.968653 0.741016 0.905453 0.656212 0.989645 0.736256 0.290395 0.439609 0.900928 0.930096
0.270299 0.785196 0.356721 0.609306 0.224847 0.789357 0.424912 0.249585 1.14828 1.12998 0.693463 0.774713 0.283548 0.295592 0.458949 1.12417 0.318762 1.09649 0.772656 0.989985 1.0348 0.36906 0.863299 0.586119 0.626334 1.13698 0.176482 0.292508 0.678462 0.792731 0.292723 1.045 0.150471 0.121307 0.773867 1.11647 0.740433 0.0727585 0.596097 0.544223 0.559651 0.620747 0.76597 0.743098 0.538658 0.837701 1.08388 0.907084 0.613719 0.707848 0.418981 0.201443 0.650412 0.851491 0.091441 1.04028 0.747752 1.00922 0.942503 1.14845 0.730978 0.731425 0.755335 0.750645 0.590872 0.81735 0.767871 1.05582 0.8468 1.1022 0.726146 0.532266 0.442583 0.69163 0.814364
0.239252 0.849754 0.446746 0.557455 0.258491 0.825299 0.354009 0.0457983 0.978538 0.90956 0.911817 0.813967 0.241694 0.297946 0.247126 1.15309 0.487615 1.02599 0.854444 1.23362 0.878205 0.447947 0.810036 0.535127 0.610273 1.02888 0.434678 0.208289 0.674089 0.85971 0.384778 0.916515 0.248762 0.119404 0.871608 0.846379 0.724243 0.144631 0.616554 0.580889 0.653203 0.515659 0.845386 0.742972 0.657906 0.646451 1.06187 0.950182 0.736526 0.696833 0.453036 0.155175 0.790798 0.810951 0.206497 1.04363 0.692451 0.893302 0.979246 1.05638 0.578012 0.799329 0.867219 0.72872 0.341393 0.910276 0.809547 0.908934 0.601078 1.05732 0.746339 0.429339 0.396963 0.732248 0.857052
0.133547 0.84615 0.602061 0.420982 0.153509 0.692934 0.178591 0.33553 0.982866 1.02925 0.825996 0.772563 0.0831541 0.383848 0.517619 1.12664 0.428049 0.950238 0.63793 1.07429 0.866607 0.586038 0.715185 0.766641 0.563821 1.00845 0.338671 0.270712 0.815177 0.814476 0.361782 1.01142 0.0835435 0.319675 0.707901 1.06913 0.743906 0.352872 0.536307 0.663287 0.761508 0.658848 0.790041 0.811898 0.691221 0.655708 0.937862 0.862635 0.795786 0.801874 0.481426 0.228839 0.682349 0.724748 0.310559 0.981693 0.793409 1.04737 0.962498 1.12127 0.660913 0.815579 0.698015 0.793083 0.602012 0.862891 0.856092 0.836842 0.670229 1.13464 0.699198 0.413476 0.573519 0.97422 0.879839
0.0353051 0.87 0.422976 0.542229 0.16345 0.715726 0.451133 0.306904 1.07717 0.99443 0.78333 0.596278 0.127197 0.392333 0.370324 1.09193 0.418118 1.13173 0.733903 1.17525 0.917966 0.480628 0.846632 0.663784 0.669854 1.03999 0.354657 0.231519 0.837698 0.856037 0.248107 1.02578 0.122398 0.0560475 0.851891 0.863216 0.687534 0.278773 0.641107 0.594532 0.635091 0.661314 0.774577 0.74222 0.502882 0.674612 1.07042 0.94457 0.680434 0.743264 0.379319 0.224526 0.51293 0.876823 0.26616 0.832599 0.850826 0.947456 0.920149 1.19234 0.636584 0.820538 0.627472 0.731332 0.600297 0.801783 0.856948 1.0147 0.674698 0.993226 0.782821 0.460387 0.433581 0.842968 0.812043
0.124043 0.766457 0.465594 0.329661 0.190448 0.653889 0.444866 0.186551 0.927391 0.913277 0.889171 0.666689 0.0376754 0.313584 0.276108 1.09502 0.394404 1.08035 0.73173 1.22289 0.91995 0.541515 0.805787 0.623841 0.606384 1.16252 0.310342 0.154593 0.831253 0.877431 0.180454 0.993615 0.150217 0.325527 0.700385 0.97399 0.880108 0.271806 0.532983 0.429188 0.738236 0.453027 0.785792 0.610205 0.627287 0.769486 0.898915 0.972722 0.596106 0.602577 0.507107 0.178372 0.691362 0.605445 0.108975 0.871849 0.799079 0.818651 0.888299 1.03006 0.487613 0.63707 0.635622 0.874242 0.408117 0.883181 0.689332 0.943609 0.666079 1.11394 0.831361 0.369693 0.379551 0.786841 0.886421
0.304655 0.787889 0.363181 0.550659 0.193335 0.869074 0.435757 0.147082 1.0176 1.1377 0.898913 0.722448 0.249751 0.438142 0.310421 1.10424 0.389709 1.09084 0.664944 1.18009 0.913458 0.61338 0.823641 0.649395 0.445374 1.09866 0.291397 0.385702 0.836917 0.827179 0.217149 1.12684 0.10348 0.223963 0.655487 1.07944 0.931211 0.0745092 0.534272 0.570259 0.559904 0.525245 0.803505 0.899373 0.446332 0.743586 1.04392 0.928207 0.700874 0.655794 0.406742 0.26026 0.684626 0.830039 0.308142 0.99092 0.717605 1.08771 0.715909 1.05267 0.679369 0.848469 0.742969 0.774333 0.369154 0.933795 0.853194 0.948919 0.591092 0.880364 0.763461 0.473497 0.374719 0.77094 0.746374
0.10058 0.770463 0.594102 0.496585 0.131823 0.665391 0.383238 0.314593 1.19083 0.974662 0.847365 0.840831 0.13468 0.24505 0.357644 1.16345 0.326727 1.16038 0.704351 1.08161 0.876758 0.380467 0.826412 0.688354 0.443008 1.06738 0.294525 0.257369 0.719184 0.622068 0.403164 1.0877 0.16079 0.151234 0.939915 1.0283 0.672684 0.176193 0.638205 0.471639 0.683047 0.454048 0.888797 0.774946 0.55495 0.723011 1.10232 0.796534 0.751062 0.771169 0.240857 0.100748 0.745605 0.887911 0.262575 0.804302 0.891212 0.983407 0.749797 0.932499 0.498889 0.834309 0.796452 0.73179 0.435545 0.987709 0.853104 0.874006 0.593108 1.07956 0.71857 0.467124 0.484421 0.776899 0.967426
0.172676 0.662081 0.59747 0.511162 0.200829 0.716992 0.272256 0.307779 0.992688 1.05189 0.710785 0.797226 0.138021 0.411435 0.274703 1.01572 0.270542 1.05072 0.638177 0.996438 1.09444 0.36356 0.651809 0.609658 0.45561 1.1656 0.327676 0.395592 0.643893 0.625514 0.335307 0.989389 0.238909 0.291596 0.859786 0.867818 0.903389 0.169774 0.562308 0.509509 0.677524 0.522201 0.882878 0.634986 0.637228 0.698834 1.0507 0.795575 0.835209 0.647693 0.391869 0.282314 0.75713 0.63615 0.244232 0.798721 0.819489 1.08101 0.781236 1.11809 0.630395 0.85515 0.901616 0.658373 0.572715 0.852091 0.866011 0.959747 0.778268 1.05059 0.874545 0.423008 0.372964 0.726758 0.88618
0.226113 0.60434 0.523742 0.515802 0.0982768 0.678487 0.422014 0.127252 1.08459 1.16643 0.839065 0.678079 0.0841245 0.229482 0.353492 1.1405 0.514223 1.04903 0.610146 1.25484 1.07215 0.382987 0.912527 0.704411 0.469969 1.15162 0.247877 0.128803 0.866019 0.739413 0.276159 1.04311 0.196722 0.196792 0.6508 1.05825 0.778401 0.183549 0.57117 0.55448 0.544379 0.476603 0.724684 0.771545 0.449393 0.856469 0.958729 0.797876 0.775246 0.734039 0.408973 0.0844394 0.592814 0.734089 0.0991194 1.04201 0.921004 1.02746 0.858865 0.945046 0.73363 0.820344 0.75941 0.61595 0.516955 1.03997 0.933592 0.85239 0.621717 1.10588 0.902336 0.581724 0.492446 0.949234 0.937999
0.108839 0.778301 0.591084 0.473323 0.339484 0.668582 0.305535 0.219197 1.06265 1.02499 0.733639 0.576028 0.218447 0.433563 0.518311 1.03836 0.407862 0.948954 0.725709 1.15036 1.07952 0.615035 0.797787 0.5288 0.412644 1.07041 0.331677 0.225987 0.916347 0.770963 0.228026 1.07753 0.080642 0.060796 0.907652 0.945735 0.791327 0.252664 0.465859 0.553834 0.639467 0.588665 0.815115 0.816677 0.55581 0.659337 1.10989 1.03235 0.656049 0.609984 0.269521 0.124256 0.743923 0.871249 0.116562 0.900098 0.660676 0.978619 0.913721 1.18851 0.699002 0.837857 0.902933 0.79792 0.382446 0.932364 0.701255 0.894485 0.734448 1.12737 0.820414 0.546944 0.401353 0.787921 0.970831
0.301953 0.80377 0.585205 0.319812 0.312175 0.695916 0.170284 0.306023 1.0942 1.19106 0.798457 0.631546 0.263289 0.43392 0.434311 1.05251 0.298982 1.08262 0.838947 0.984278 0.967486 0.415032 0.865511 0.703158 0.441241 0.937021 0.19072 0.15042 0.775354 0.87609 0.264629 0.953103 0.117296 0.186498 0.768697 1.09244 0.920663 0.338067 0.682002 0.543249 0.769087 0.439645 0.842889 0.643645 0.632003 0.747521 0.942015 1.03927 0.78065 0.720693 0.443054 0.305789 0.659519 0.800994 0.247928 0.921346 0.65804 0.841084 0.7393 1.00388 0.684076 0.71888 0.843925 0.706648 0.412049 0.815348 0.817943 0.944581 0.877097 0.852831 0.826419 0.302747 0.566284 0.919409 0.809054
0.282413 0.819115 0.357989 0.322261 0.130018 0.708966 0.221711 0.197526 1.13046 1.05968 0.729151 0.819331 0.313141 0.200684 0.258991 1.23071 0.345299 1.04401 0.625435 1.13084 0.918894 0.543158 0.80911 0.585812 0.65194 0.988295 0.329417 0.191815 0.719627 0.739949 0.328482 1.12689 0.119223 0.333543 0.705363 1.12012 0.674851 0.111993 0.568521 0.604246 0.544624 0.527729 0.835984 0.882903 0.544618 0.795589 0.920769 0.927494 0.716814 0.838081 0.314942 0.293379 0.510923 0.733836 0.0705697 0.852109 0.813639 0.793099 0.972598 1.17124 0.56048 0.708252 0.842036 0.860302 0.372118 0.843421 0.823831 0.826054 0.710388 0.939274 0.707269 0.29776 0.494315 0.728246 1.02047
0.134673 0.864347 0.588239 0.499981 0.248819 0.767542 0.361296 0.279595 1.09393 0.928086 0.636867 0.854643 0.147551 0.404388 0.260585 1.23251 0.433518 1.05068 0.858466 1.07489 0.982716 0.555352 0.753587 0.615049 0.407931 1.19825 0.264596 0.282488 0.676746 0.896115 0.369367 1.13925 0.139464 0.1267 0.845609 0.973437 0.919148 0.199572 0.53733 0.406175 0.817021 0.555857 0.906217 0.611132 0.427206 0.900053 1.10522 0.86389 0.699897 0.794693 0.280349 0.161455 0.770888 0.871732 0.327901 0.925412 0.934231 0.926028 0.903234 0.978663 0.473848 0.658248 0.894891 0.86743 0.448018 0.780474 0.80263 0.771686 0.773547 1.02167 0.849171 0.285053 0.35129 0.895049 0.883632
