25 75
0.820647 0.500561 0.724617 1.15268 0.596395 0.521133 0.658256 0.217889 0.308295 0.29224 0.460042 0.0967371 1.01217 0.23814 0.202763 0.383896 0.741923 0.535386 0.672711 0.287361 0.377144 0.570853 0.183875 0.528997 0.670524 0.208885 0.788707 0.169483 0.98594 0.992695 0.675983 1.18864 0.720837 0.596402 0.522421 0.660075 0.388234 1.06299 0.569332 1.11013 0.205863 0.308366 0.475254 0.727551 0.870312 0.337124 0.794594 1.10239 0.329525 0.296402 0.754575 0.804575 1.09067 0.709461 0.296576 0.647906 0.113629 0.999415 0.659975 0.139339 0.967555 0.908638 0.640245 0.878019 0.937402 0.788697 0.0886024 0.370783 1.06695 0.993857 0.910982 0.971769 0.520605 0.898247 0.750866
0.921945 0.503282 0.631148 1.10277 0.39968 0.297569 0.696012 0.448687 0.19153 0.158576 0.662317 0.101234 1.03063 0.256054 0.298972 0.410998 0.850008 0.700903 0.641792 0.114388 0.423891 0.472981 0.120392 0.292546 0.535901 0.309657 0.695157 0.14378 1.23919 1.14659 0.783801 1.25045 0.783834 0.682121 0.579045 0.69267 0.402897 1.23648 0.492654 1.02719 0.140113 0.509117 0.578001 0.594752 0.895407 0.325594 0.771224 1.18518 0.399021 0.477826 0.967295 0.837913 1.15459 0.777173 0.408574 0.889664 0.0896006 1.0818 0.666923 0.256981 1.00061 1.04124 0.453429 0.812602 0.930104 0.947621 0.176951 0.344202 1.19409 0.942256 0.906937 0.99222 0.63692 1.17834 0.754667
0.852477 0.523876 0.743203 1.09576 0.474954 0.371932 0.476829 0.374161 0.0728405 0.381707 0.463604 0.217917 1.05502 0.422644 0.260168 0.216746 0.923906 0.573822 0.735203 0.145483 0.499902 0.420882 0.134548 0.250054 0.4238 0.298014 0.674295 0.109336 1.2562 1.22119 0.633285 1.06014 0.790551 0.551647 0.481179 0.870972 0.292674 1.00134 0.623701 0.971279 0.28875 0.221656 0.388355 0.590043 0.97229 0.448977 0.810779 1.06543 0.310481 0.445807 0.884615 0.655614 1.12564 0.668976 0.292885 0.647036 0.263901 1.13896 0.64918 0.216337 1.20343 0.878433 0.607835 0.713714 1.06619 0.798608 0.177198 0.184309 1.12552 0.860102 0.92084 0.87198 0.534969 1.0326 0.712287
0.998762 0.512948 0.597093 1.03707 0.397128 0.234963 0.69542 0.451471 0.316547 0.151745 0.581972 0.322694 1.1153 0.318393 0.10363 0.366728 0.941995 0.584942 0.894231 0.134306 0.331786 0.608954 0.329724 0.402574 0.606285 0.415092 0.684459 0.262115 1.02632 1.25643 0.681499 1.23447 0.656188 0.546888 0.490646 0.732708 0.176276 1.01361 0.470279 1.04476 0.129503 0.45492 0.480021 0.719418 0.833815 0.389583 0.901677 1.1319 0.38779 0.258207 0.743705 0.703917 1.08299 0.624303 0.533899 0.895773 0.369885 1.06466 0.787507 0.217655 0.965999 0.962728 0.651043 0.940626 1.01883 0.943773 0.176315 0.250076 1.0643 0.983535 1.04732 0.757585 0.686594 1.05421 0.608096
0.819222 0.652101 0.570064 1.12445 0.509523 0.336322 0.43196 0.257022 0.0226718 0.103605 0.468312 0.110007 1.11765 0.343068 0.139333 0.215257 0.790108 0.648671 0.690612 0.294866 0.276873 0.621132 0.163384 0.285361 0.510913 0.464436 0.566083 0.267961 1.00036 1.25083 0.776634 1.0241 0.721614 0.608716 0.482283 0.606332 0.257867 1.22148 0.459881 0.96913 0.276478 0.36657 0.296132 0.650721 0.832514 0.21129 0.789511 1.08478 0.360303 0.365355 0.96771 0.842823 1.0376 0.58914 0.325941 0.876766 0.270956 1.06571 0.702461 0.348329 1.09208 0.909751 0.554393 0.810831 1.01766 0.919188 0.126535 0.379125 0.93047 0.920328 0.915545 0.755722 0.684275 1.19398 0.607055
0.916091 0.599711 0.647453 1.1698 0.3606 0.320952 0.605123 0.244837 0.245447 0.279935 0.521126 0.197708 1.19392 0.357439 0.288754 0.167286 0.73589 0.708807 0.678611 0.209941 0.246758 0.495884 0.206483 0.332108 0.672416 0.436352 0.566778 0.0856288 1.12721 1.12052 0.709097 1.21255 0.62098 0.43719 0.526083 0.617892 0.314731 1.07519 0.663165 0.868947 0.13041 0.347826 0.52572 0.667791 1.0281 0.40707 0.770915 0.990618 0.310048 0.368992 0.886606 0.656195 0.919405 0.569457 0.424735 0.795085 0.348249 0.894074 0.725298 0.100847 0.96533 1.08988 0.57433 0.916938 1.00258 0.840402 0.346607 0.425866 1.15963 0.999747 0.852784 0.744521 0.787312 1.06738 0.733097
0.950452 0.578786 0.459392 1.1687 0.512723 0.234215 0.493487 0.205099 0.0657512 0.249302 0.58421 0.340933 1.01699 0.256616 0.183369 0.41836 0.780543 0.553864 0.639784 0.176978 0.467295 0.543993 0.0949064 0.313532 0.522692 0.287074 0.793178 0.211719 1.07618 1.00856 0.796538 0.981429 0.552223 0.638966 0.625792 0.649502 0.287329 1.18888 0.435852 1.05262 0.102042 0.455344 0.491526 0.616265 0.828956 0.433108 0.888439 1.06479 0.337305 0.305052 0.957878 0.739001 1.18302 0.635561 0.366453 0.735435 0.214729 1.11287 0.699089 0.378496 1.10055 1.1432 0.499917 0.752695 1.01693 0.753343 0.0810106 0.407544 0.961125 0.779342 0.859691 0.95343 0.576642 0.987179 0.515333
0.93047 0.52233 0.59031 0.953287 0.579901 0.274026 0.516309 0.433778 0.0403729 0.362198 0.439019 0.21648 1.10215 0.463801 0.137261 0.308415 0.788738 0.709757 0.838863 0.293036 0.27207 0.525996 0.119335 0.524219 0.530977 0.497076 0.586033 0.329458 1.19951 1.08298 0.601237 1.02771 0.712855 0.669544 0.405297 0.826428 0.41253 1.05977 0.681552 0.948687 0.340812 0.479231 0.313055 0.69856 1.01335 0.323525 0.966457 1.20376 0.456579 0.349628 0.792288 0.677399 1.13609 0.6694 0.311572 0.886033 0.206385 0.99258 0.596993 0.271593 1.11114 0.924985 0.640292 0.9107 0.948938 0.960829 0.154834 0.253647 1.20776 0.771224 0.882029 1.01907 0.755193 1.13774 0.68669
0.963883 0.571526 0.518446 1.10932 0.452721 0.427037 0.436712 0.167361 0.0369817 0.104505 0.707343 0.129978 0.995922 0.418249 0.0353731 0.387743 0.898301 0.609977 0.626443 0.342362 0.516964 0.391402 0.320949 0.447073 0.572065 0.249873 0.640913 0.116476 1.10147 1.10803 0.716027 0.971867 0.679646 0.569396 0.47694 0.676319 0.373484 1.19567 0.643113 0.933066 0.341016 0.433863 0.345568 0.607454 0.819698 0.220721 1.05281 1.07351 0.377434 0.43081 0.847172 0.716723 1.17509 0.801638 0.494055 0.760401 0.350554 0.948567 0.77015 0.295604 1.01363 0.864355 0.554326 0.723748 0.999891 0.843212 0.276624 0.172233 1.19777 0.954215 1.05157 0.840491 0.587294 1.10733 0.747715
0.805898 0.541128 0.561782 1.18593 0.358461 0.378271 0.573641 0.328035 0.287616 0.186347 0.641825 0.325161 1.00374 0.266391 0.292246 0.226725 0.72609 0.482869 0.756212 0.0901295 0.447607 0.513773 0.105698 0.343421 0.651517 0.445255 0.779618 0.214204 1.03784 1.24307 0.773029 1.23499 0.726664 0.701817 0.498508 0.764667 0.221728 1.05025 0.51396 1.04818 0.0940548 0.37479 0.521298 0.675589 0.770115 0.397154 0.770832 1.08419 0.296043 0.259449 0.8471 0.796983 1.15743 0.651021 0.549076 0.845238 0.16933 0.999351 0.622919 0.313518 0.978801 1.10665 0.605243 0.7925 0.962348 0.93574 0.252322 0.16885 1.05797 0.781615 0.869202 0.787711 0.77326 0.950997 0.537726
0.984946 0.639865 0.579827 1.12643 0.389374 0.356403 0.53355 0.277709 0.082446 0.215923 0.677686 0.331049 1.03301 0.294791 0.306055 0.290384 0.805832 0.431183 0.770534 0.0893503 0.342623 0.406283 0.137378 0.428118 0.657816 0.498368 0.798033 0.31897 1.05735 1.03158 0.751862 1.01295 0.760608 0.459959 0.578311 0.712683 0.280134 1.08978 0.530226 0.873882 0.191752 0.456401 0.558327 0.537108 0.821256 0.195525 1.06195 0.976396 0.187922 0.260197 0.828522 0.639483 1.19883 0.816575 0.443561 0.82848 0.311976 1.1036 0.730158 0.279745 1.23534 0.964606 0.596387 0.726658 0.857296 0.95371 0.34185 0.219058 1.16086 0.935801 0.860075 0.780131 0.625662 1.08574 0.744421
0.903779 0.64639 0.467646 1.1452 0.375233 0.38488 0.507684 0.320028 0.161222 0.378883 0.532343 0.323319 0.968728 0.345217 0.269971 0.364142 0.965719 0.560127 0.772227 0.268509 0.295358 0.602512 0.20537 0.418368 0.460835 0.344789 0.706485 0.258398 1.22884 1.14455 0.517029 1.25114 0.575167 0.531453 0.451056 0.683392 0.224168 1.2449 0.608881 1.08711 0.215188 0.280008 0.386066 0.537249 0.963832 0.444524 0.855202 1.01936 0.190526 0.287357 0.832901 0.759985 1.0745 0.823963 0.343361 0.753444 0.334009 1.06304 0.596429 0.240565 1.17614 0.884473 0.578509 0.877301 1.00884 0.954424 0.225803 0.332154 1.03709 0.844189 0.937764 0.973412 0.60597 1.04522 0.695888
0.977669 0.66146 0.577534 1.03147 0.586661 0.28196 0.671854 0.440386 0.155989 0.191512 0.683967 0.195695 1.10636 0.426035 0.117543 0.263147 0.994406 0.598067 0.793068 0.256342 0.338652 0.469122 0.21031 0.48146 0.409544 0.256165 0.792338 0.144739 1.1157 1.04364 0.75623 1.1343 0.801035 0.543187 0.532146 0.740948 0.302903 1.03637 0.603776 1.09384 0.355527 0.399128 0.536222 0.757269 0.750702 0.364461 0.798742 1.22376 0.325348 0.395998 0.83644 0.743307 1.00535 0.566207 0.436598 0.657873 0.278502 1.03064 0.7602 0.0931945 1.206 0.940516 0.626031 0.97047 0.991509 0.863405 0.309084 0.325297 1.20683 1.02727 1.01444 0.942235 0.651615 1.10205 0.771346
0.965697 0.624473 0.573485 1.10085 0.381178 0.364079 0.683623 0.238215 0.0519902 0.295304 0.731815 0.121886 0.999361 0.410736 0.184563 0.159349 0.827305 0.438731 0.67107 0.0948126 0.287436 0.420338 0.0941117 0.289578 0.517928 0.371739 0.568361 0.062529 0.99431 0.972997 0.72139 0.976423 0.727074 0.52015 0.459384 0.875322 0.24172 1.23432 0.526529 0.869821 0.165718 0.312043 0.365056 0.473092 1.04802 0.258697 1.02369 1.1223 0.363041 0.25299 0.97122 0.863144 1.0859 0.680289 0.409267 0.794252 0.155419 0.887873 0.556516 0.33673 1.0241 1.05001 0.413073 0.944506 1.10331 0.990096 0.328173 0.413119 1.20573 0.889389 0.982409 0.878755 0.802485 1.00151 0.694012
0.885908 0.738937 0.706863 1.09796 0.506158 0.502495 0.421704 0.203281 0.0915922 0.157437 0.606735 0.249783 0.990228 0.26933 0.180566 0.332953 0.777753 0.508903 0.902436 0.156911 0.493695 0.646906 0.207254 0.339592 0.451504 0.291395 0.613885 0.122699 1.03752 1.18455 0.736127 1.23903 0.770106 0.63364 0.507185 0.852135 0.166576 1.00546 0.507106 1.03233 0.144362 0.455514 0.30544 0.650261 0.83038 0.344176 0.826058 1.18602 0.314096 0.261381 0.870094 0.720387 1.15639 0.643162 0.42912 0.849895 0.165129 0.91158 0.736576 0.268002 1.02841 1.113 0.496487 0.770261 0.832578 0.981189 0.23613 0.327425 1.15113 0.8823 0.936857 0.748059 0.628996 1.13507 0.742764
0.803084 0.627763 0.683399 1.05425 0.499056 0.386845 0.683821 0.325537 0.175575 0.194613 0.720056 0.356166 1.20658 0.18947 0.208365 0.228761 0.766129 0.628183 0.7298 0.198865 0.264328 0.411608 0.204337 0.339882 0.678801 0.452209 0.838983 0.198099 0.975435 1.19527 0.66677 1.24987 0.761354 0.464567 0.657819 0.665943 0.288231 1.19187 0.465775 0.893015 0.24299 0.449858 0.506046 0.48639 0.821943 0.400178 1.00591 0.974307 0.270918 0.232056 0.918504 0.807038 1.05642 0.638062 0.34377 0.61234 0.306473 0.882115 0.667502 0.212817 1.14427 1.12004 0.656043 0.799846 0.835398 0.827857 0.243794 0.169624 1.06552 1.06346 1.04121 0.968521 0.725328 1.02237 0.678587
0.769583 0.670016 0.532358 1.13896 0.503679 0.236419 0.584899 0.162413 0.169713 0.297457 0.477161 0.209451 1.02328 0.248621 0.178412 0.204699 0.758936 0.516452 0.886607 0.078023 0.405693 0.383195 0.293523 0.506189 0.431914 0.208045 0.774392 0.150436 1.24209 1.03505 0.716709 1.0477 0.706509 0.546736 0.616503 0.704706 0.367893 1.0966 0.658159 1.04469 0.0673659 0.265457 0.486169 0.478276 0.865534 0.339235 0.936207 0.969187 0.404054 0.277035 0.779927 0.905793 1.1929 0.733758 0.502264 0.729049 0.35585 1.05927 0.718063 0.25564 1.20584 1.1311 0.662015 0.726885 1.11432 0.751075 0.349545 0.345623 0.946751 0.994577 0.909354 0.944829 0.546158 1.13893 0.541881
0.999564 0.627783 0.647502 1.11251 0.480644 0.394982 0.655933 0.263309 0.280101 0.279753 0.605128 0.331699 1.14348 0.273992 0.112478 0.28548 0.977466 0.673148 0.86905 0.142084 0.457263 0.608047 0.130819 0.300982 0.574998 0.266813 0.837548 0.0776682 0.989007 1.10126 0.668083 1.03598 0.822197 0.466353 0.596936 0.698584 0.315182 1.18808 0.430009 1.07906 0.153916 0.416563 0.394111 0.589085 0.872158 0.399535 0.925858 1.20361 0.385621 0.499166 0.960132 0.629975 1.12276 0.698942 0.276481 0.878187 0.286072 1.02319 0.743334 0.122762 0.970727 0.994594 0.504987 0.758803 1.00705 0.941522 0.0729154 0.164382 1.11524 0.880535 1.05572 0.907445 0.658816 1.02991 0.576876
0.755808 0.68779 0.653698 1.0401 0.395755 0.336638 0.535045 0.167031 0.233597 0.40335 0.45043 0.158639 1.19336 0.430845 0.173817 0.395812 0.979345 0.493803 0.90636 0.357605 0.475646 0.505509 0.143297 0.306034 0.535458 0.450316 0.831897 0.152847 1.03536 1.21086 0.64581 0.971906 0.734494 0.671885 0.565809 0.766115 0.38729 1.28647 0.66906 0.94163 0.136565 0.473532 0.379106 0.481322 1.0414 0.427748 0.928721 0.960096 0.283032 0.503445 0.922711 0.704742 1.20322 0.661753 0.525369 0.622597 0.151265 0.939581 0.626403 0.335657 1.07483 0.863753 0.38201 0.741095 0.93385 0.893345 0.155822 0.397147 1.1116 0.979793 1.08351 0.76903 0.692933 1.08434 0.536217
0.750515 0.523752 0.681579 0.919585 0.3233 0.489466 0.501759 0.263938 0.268595 0.268369 0.484489 0.257774 1.02273 0.46644 0.105404 0.192554 0.995092 0.568051 0.731284 0.0992607 0.458921 0.499023 0.335546 0.260035 0.468436 0.303985 0.716892 0.130813 1.02244 1.09193 0.569398 0.965991 0.644182 0.718437 0.647262 0.777625 0.355095 1.17764 0.681376 0.932124 0.152907 0.343598 0.548799 0.632393 1.04529 0.222385 0.948589 1.17531 0.202907 0.327635 0.727908 0.716798 1.12125 0.586493 0.430256 0.864541 0.0960551 1.07159 0.740476 0.142171 1.05844 1.0234 0.665281 0.852884 0.848431 1.0077 0.337647 0.297832 1.02089 1.05478 0.955822 0.869502 0.697808 1.02542 0.62423
1.00225 0.761501 0.598919 1.19148 0.360054 0.244206 0.700286 0.415245 0.103911 0.212637 0.736163 0.0908952 1.2387 0.379382 0.182459 0.164968 0.963346 0.55291 0.614029 0.119807 0.37217 0.445042 0.163558 0.297811 0.493254 0.374485 0.723956 0.249469 1.03913 1.24832 0.729563 0.996612 0.614921 0.436384 0.593231 0.7259 0.306773 1.22348 0.49507 1.15887 0.290718 0.442 0.468958 0.745456 0.780394 0.387068 1.03092 1.17045 0.37354 0.387279 0.847449 0.758109 1.20952 0.630155 0.331419 0.824551 0.297793 0.940212 0.815978 0.269329 1.11788 0.886904 0.516006 0.770912 0.946438 0.874075 0.0760446 0.22621 1.01544 0.915724 0.80144 0.810897 0.669264 1.15468 0.63055
0.96923 0.785997 0.638691 1.09885 0.498486 0.348606 0.601899 0.16868 0.1643 0.309313 0.597761 0.0859241 1.17885 0.458344 0.16024 0.322 0.724146 0.443221 0.84426 0.3571 0.479257 0.604592 0.353868 0.310985 0.508661 0.388717 0.619562 0.262213 1.05316 0.97712 0.546018 0.983996 0.837434 0.484512 0.393915 0.740061 0.337328 1.27167 0.591791 0.995862 0.136713 0.330467 0.580822 0.62066 0.839933 0.286551 1.051 1.07881 0.304079 0.315141 0.935045 0.643337 1.01218 0.587657 0.427503 0.845404 0.280018 1.02228 0.690595 0.375057 1.15803 1.03191 0.44791 0.74141 0.881009 0.924264 0.236411 0.416758 1.03858 0.790258 0.960604 1.00698 0.737231 0.955634 0.690259
0.884262 0.499351 0.708884 1.15589 0.378066 0.264048 0.54546 0.295016 0.265139 0.310368 0.601385 0.211901 1.05055 0.370385 0.0478356 0.347199 0.858284 0.598843 0.760926 0.0927675 0.500071 0.500546 0.372716 0.337547 0.606412 0.480962 0.579471 0.134611 1.05249 1.22432 0.543407 1.0985 0.558679 0.49951 0.447894 0.59822 0.402055 1.26154 0.694546 1.04976 0.356779 0.507982 0.343876 0.536545 1.00756 0.421911 1.00444 1.01909 0.395989 0.416472 0.834209 0.706286 0.94175 0.800593 0.472751 0.811566 0.130432 0.88739 0.735838 0.273277 1.16939 1.07395 0.522346 0.832092 0.867318 0.961132 0.0816771 0.37817 1.05455 0.885568 0.858613 0.765701 0.767847 0.916908 0.550412
0.958926 0.655482 0.699282 1.08733 0.357682 0.323917 0.549135 0.33577 0.0833565 0.130574 0.491281 0.0806071 1.23224 0.445056 0.190766 0.185414 0.933828 0.539723 0.7258 0.193849 0.382808 0.647584 0.365343 0.324287 0.682321 0.300771 0.729092 0.149806 1.15741 1.07763 0.665019 1.12262 0.631027 0.583481 0.419402 0.630389 0.261948 1.20011 0.672743 0.867217 0.253333 0.451131 0.349628 0.502002 0.979556 0.177105 0.909817 0.942413 0.284453 0.512207 0.876402 0.706227 0.960403 0.743627 0.502165 0.678968 0.091136 0.908809 0.647939 0.267895 1.05112 0.991889 0.607711 0.901644 0.881292 0.950806 0.249295 0.233892 1.02214 0.846842 1.06647 0.954459 0.744903 0.9861 0.713207
0.820118 0.71959 0.731374 0.945382 0.383184 0.368826 0.682515 0.29599 0.316191 0.365433 0.502567 0.318199 1.08647 0.443323 0.25664 0.332164 0.870602 0.464706 0.696519 0.201599 0.363303 0.412092 0.230528 0.43244 0.406558 0.423242 0.619604 0.221215 1.08315 1.19297 0.680574 1.17803 0.587768 0.675283 0.60149 0.603181 0.192434 1.14042 0.506843 1.13403 0.120859 0.343345 0.503166 0.691581 0.851249 0.271756 0.912667 1.02232 0.44943 0.461686 0.86891 0.78508 1.13434 0.685255 0.317075 0.819946 0.269873 0.893232 0.69332 0.230693 1.14945 1.01183 0.590547 0.814228 0.904671 0.740486 0.269773 0.24508 1.21992 0.901376 0.906023 0.744381 0.749411 0.971285 0.636858
