25 75
0.234205 0.903866 0.937271 0.680905 0.61947 1.02309 1.08636 0.321455 1.02561 0.744089 0.524943 0.993267 0.651061 0.668862 0.162796 0.589712 0.842794 0.149966 0.919723 0.0460404 1.03897 1.15779 1.13829 0.757982 0.86752 0.199817 0.303899 1.07778 0.857254 0.634198 0.591349 0.913206 0.265815 0.126014 0.335324 0.93755 0.730452 0.683888 0.712999 1.13577 0.677165 0.377314 0.517494 0.46443 0.328574 0.91528 0.173362 0.6506 0.260481 0.266285 0.788123 0.991318 0.717763 0.537315 1.08655 0.825805 1.07143 0.969682 0.664019 0.77638 0.453046 1.21424 1.27533 0.40044 1.07377 0.44533 0.784882 0.269789 0.595007 1.13454 0.71801 0.19036 1.11685 0.529829 0.862375
0.302449 0.819473 0.888988 0.501861 0.774065 1.10179 1.14472 0.19181 0.954469 0.907822 0.617962 0.76927 0.816555 0.693116 0.221289 0.716421 0.726073 0.135967 1.01151 0.105547 0.989639 1.08282 1.10916 0.964554 0.624383 0.336861 0.516232 1.07272 0.782214 0.719403 0.614443 0.868682 0.367197 0.224463 0.30763 1.02717 0.777223 0.638391 0.682194 1.11937 0.686825 0.487824 0.538203 0.440808 0.352436 0.985311 0.336919 0.598797 0.212621 0.426144 0.846116 1.14343 0.727025 0.775131 0.97725 1.06215 0.814955 1.08753 0.777788 0.830085 0.344137 1.04876 1.04167 0.21931 0.899871 0.279585 0.872682 0.543014 0.559968 0.967147 0.666016 0.393489 1.17939 0.812684 0.722819
0.262416 0.888672 0.944187 0.434705 0.640547 0.940676 1.08226 0.424505 0.867294 0.82793 0.493462 0.836273 0.89863 0.627754 0.292068 0.756686 0.969924 0.375609 1.04624 0.103368 1.06294 1.05909 1.12967 0.740119 0.832105 0.306296 0.357872 1.17124 0.835409 0.587298 0.619155 0.924657 0.334198 0.164426 0.370275 0.879275 0.695808 0.763196 0.7025 1.03262 0.723547 0.423233 0.673111 0.685598 0.288701 0.904471 0.284539 0.674296 0.295756 0.360244 0.856284 1.01779 0.756104 0.586497 0.963951 0.901061 0.851477 1.2009 0.708632 0.787636 0.35922 1.23196 1.01136 0.447866 1.06399 0.357328 0.78413 0.293824 0.399957 1.18046 0.624467 0.340785 1.19678 0.669235 0.811571
0.116909 0.911866 0.728318 0.491701 0.853069 1.09374 1.19113 0.23361 0.953508 0.872371 0.418749 0.984575 0.63572 0.723581 0.23802 0.537245 0.948564 0.177563 1.04332 0.137472 0.914942 1.00807 0.963308 0.823657 0.835978 0.179056 0.474451 0.973377 0.754133 0.599128 0.718331 0.986574 0.124015 0.16083 0.465495 0.878169 0.788203 0.709941 0.690533 1.09771 0.964724 0.564728 0.611827 0.629616 0.256214 0.804265 0.30618 0.577225 0.0420842 0.469722 0.774148 1.16292 0.643904 0.543111 1.041 1.06653 0.896429 1.0954 0.873724 0.86184 0.278413 1.23329 1.20153 0.16251 1.07469 0.399907 0.978821 0.313865 0.575736 1.16209 0.729984 0.119255 0.977348 0.712868 0.689943
0.284805 0.952993 0.85841 0.519301 0.687153 1.06228 1.00542 0.263868 0.940339 0.848191 0.458007 1.01287 0.618282 0.668139 0.318303 0.786436 0.768413 0.288058 1.13382 0.0565105 1.07457 1.00001 0.917103 0.703961 0.726628 0.233792 0.280793 1.16959 0.740022 0.575574 0.68738 1.02532 0.220447 0.0775768 0.262054 1.04347 0.548316 0.667133 0.742571 1.05012 0.93714 0.336571 0.575053 0.70004 0.444434 0.804211 0.199165 0.499297 0.309373 0.374764 0.808205 0.977613 0.623346 0.513257 0.810875 1.06867 0.958661 1.1873 0.923712 0.840178 0.265666 0.979966 1.03784 0.382585 0.826243 0.2937 0.809625 0.453101 0.597849 1.02052 0.496869 0.275471 1.21248 0.670278 0.660689
0.264867 0.822096 0.805196 0.425042 0.678783 0.96605 1.07782 0.399901 0.908156 0.961511 0.671904 0.999311 0.887267 0.749688 0.149759 0.537607 0.962156 0.378081 0.984801 0.0438841 1.0206 0.907363 1.12548 0.771844 0.759299 0.367979 0.292523 0.93589 0.627957 0.746804 0.4849 1.04027 0.187433 0.181089 0.3162 0.826081 0.72898 0.693005 0.713965 0.944736 0.828407 0.341009 0.465949 0.539467 0.380112 0.795567 0.280835 0.630667 0.247175 0.292174 0.842029 1.03388 0.845817 0.772271 1.07587 0.888847 0.841701 1.19979 0.881077 0.86269 0.279831 1.04835 1.05914 0.293239 1.01228 0.386585 0.845675 0.280097 0.505885 1.09986 0.587708 0.405941 1.13342 0.647226 0.716765
0.124863 0.833892 0.913805 0.427988 0.833182 1.01433 1.10447 0.241733 0.882371 0.749779 0.406048 0.997438 0.88114 0.736434 0.138319 0.569511 0.948159 0.297675 0.99864 0.135185 0.887702 1.14288 1.12188 0.692213 0.828875 0.262955 0.256251 0.988107 0.613834 0.806588 0.47232 1.02946 0.286882 0.235607 0.299273 0.906284 0.512362 0.587504 0.772704 1.02174 0.702786 0.420153 0.650609 0.586596 0.418117 0.966199 0.358228 0.588723 0.0817352 0.483725 0.755053 0.97858 0.860983 0.759483 0.968657 0.83508 0.920592 1.13703 0.905023 0.927936 0.260986 1.0338 1.22768 0.172602 1.06079 0.35622 0.84495 0.547071 0.506844 0.937701 0.664624 0.247162 1.046 0.715154 0.784019
0.322608 0.709509 0.92056 0.441153 0.655816 1.15005 1.23875 0.298671 1.05727 0.814275 0.688035 0.872149 0.738339 0.815641 0.202052 0.534434 0.945035 0.364268 1.12986 0.0462057 1.00055 0.899706 1.00048 0.874224 0.77428 0.251995 0.385841 1.15452 0.842376 0.574833 0.559411 1.07608 0.312763 0.255085 0.541424 0.804486 0.624066 0.545287 0.58595 0.945136 0.95963 0.562075 0.582798 0.610126 0.463406 0.985099 0.33402 0.603547 0.0764148 0.382655 0.624492 1.04451 0.710222 0.500297 1.10508 0.954814 1.0386 1.13527 0.846749 0.902245 0.238902 1.10568 1.11738 0.35287 0.985885 0.445759 0.722003 0.310147 0.615477 1.02049 0.46945 0.205617 0.970672 0.610631 0.702038
0.291014 0.951933 0.820593 0.567605 0.730789 1.18602 1.03074 0.424801 0.878323 1.01436 0.460969 0.861616 0.641288 0.709328 0.121226 0.719388 0.813447 0.173442 0.986182 0.253096 1.02256 0.983148 0.849435 0.906411 0.67374 0.0938372 0.337307 1.02099 0.792514 0.845417 0.749385 1.11937 0.193887 0.270296 0.422666 0.992641 0.756705 0.660213 0.601567 1.21506 0.866574 0.494803 0.443269 0.567189 0.257011 0.806784 0.166822 0.492432 0.270545 0.428933 0.611343 1.17501 0.737505 0.530997 1.00896 0.849616 0.896218 1.20381 0.73913 0.764974 0.439381 0.959187 1.1576 0.403195 1.05872 0.334798 0.963911 0.491453 0.570836 1.0254 0.656293 0.338708 0.946293 0.692424 0.630299
0.197097 0.683434 0.778043 0.423069 0.793962 1.03849 1.25731 0.369103 1.02162 0.854426 0.427114 0.843351 0.749691 0.695432 0.31718 0.630522 0.755034 0.329281 0.972072 0.0744559 0.969255 1.10171 0.91719 0.931103 0.763663 0.248738 0.412449 1.13019 0.792372 0.677875 0.709536 0.991947 0.10243 0.273072 0.438204 0.894039 0.669255 0.545503 0.769137 1.03088 0.712037 0.544865 0.558968 0.599322 0.291434 0.835141 0.145561 0.590876 0.0518193 0.473848 0.821466 1.15409 0.688715 0.701585 0.987042 1.06663 1.00182 1.06503 0.675487 0.957278 0.427672 1.20707 1.12414 0.375737 0.985788 0.46675 0.806132 0.520221 0.543022 1.04698 0.63006 0.289276 1.01255 0.639231 0.610269
0.0735982 0.793526 0.711108 0.592617 0.695231 0.966771 0.993384 0.210476 1.01794 0.836324 0.517529 1.01959 0.858494 0.800938 0.175548 0.678958 0.874279 0.136656 1.01123 0.21846 1.01163 0.930176 0.94474 0.74533 0.769313 0.175431 0.31232 1.04991 0.767239 0.769068 0.735004 0.930953 0.35677 0.242531 0.427539 0.90877 0.531754 0.57304 0.621158 0.967444 0.927163 0.510955 0.510415 0.680367 0.421025 0.874624 0.351504 0.461625 0.233854 0.481532 0.629227 1.05885 0.719651 0.757816 0.977501 0.865231 0.873526 1.14643 0.665888 0.902036 0.417338 1.0232 1.16926 0.179623 1.02728 0.479202 0.853952 0.436845 0.385734 1.01356 0.483168 0.223497 1.16219 0.700467 0.632627
0.139953 0.701965 0.798444 0.595887 0.652317 1.13921 1.01792 0.156331 0.946859 0.912631 0.437816 0.966319 0.621125 0.801185 0.365692 0.68079 0.897956 0.255101 0.995912 0.0299824 0.811158 0.936162 0.871191 0.899598 0.861946 0.133412 0.432801 1.01483 0.800084 0.707202 0.718088 0.905452 0.225281 0.266606 0.355121 0.840899 0.514061 0.788105 0.852208 1.09241 0.760306 0.494153 0.521708 0.536168 0.330326 0.893304 0.351626 0.582753 0.185381 0.269694 0.61026 1.02614 0.769563 0.695629 1.00113 0.897121 0.84336 1.01001 0.837852 0.917025 0.196474 1.07183 1.10841 0.168864 0.881905 0.442931 0.780817 0.347142 0.67185 1.10673 0.499751 0.142309 1.10342 0.75398 0.604776
0.230894 0.735219 0.88116 0.438984 0.699077 0.93456 1.19187 0.423381 1.06444 0.781155 0.474934 0.970598 0.889879 0.726469 0.351601 0.589744 0.700273 0.341992 1.11405 0.214066 0.887347 0.948372 0.937744 0.893992 0.755609 0.0989238 0.516788 1.14093 0.881859 0.664055 0.600493 0.842308 0.0898371 0.123061 0.508788 0.782051 0.503648 0.511338 0.612171 1.05072 0.849395 0.364253 0.571739 0.609154 0.511419 0.748226 0.355657 0.676913 0.0762647 0.205893 0.838257 1.04096 0.70751 0.619421 0.840584 0.971677 0.99968 1.02941 0.878512 1.01526 0.341111 1.04142 1.01773 0.202787 1.05593 0.463084 0.791893 0.355845 0.491041 1.15048 0.710362 0.190217 1.08266 0.604813 0.606356
0.109226 0.693601 0.936772 0.413944 0.827973 1.18817 1.18624 0.197132 0.941286 1.00912 0.613582 1.0088 0.88927 0.693256 0.172163 0.711048 0.785269 0.178063 1.00527 0.0651602 0.812891 1.08104 0.96417 0.896802 0.904332 0.262436 0.268854 1.0326 0.738122 0.731418 0.490641 1.10656 0.133823 0.239284 0.373079 1.06972 0.733389 0.493253 0.841874 1.16653 0.789078 0.475484 0.582036 0.674078 0.281822 0.977841 0.196967 0.605963 0.264162 0.495299 0.703719 1.19137 0.640953 0.792615 1.078 0.845616 0.978926 1.04794 0.818193 0.861371 0.344793 1.22783 1.20016 0.35883 0.915594 0.37417 0.811448 0.462912 0.377286 1.10202 0.592577 0.185714 0.930089 0.54734 0.636318
0.289033 0.815539 0.89338 0.437567 0.667387 1.03016 1.04814 0.19609 1.02324 0.741718 0.660127 0.746997 0.801976 0.913889 0.246073 0.5566 0.783831 0.39167 0.914245 0.149555 0.874993 1.17621 0.939266 0.71335 0.712263 0.370191 0.308109 1.16543 0.704009 0.55546 0.569639 1.11616 0.12093 0.16289 0.463556 0.902261 0.743299 0.753963 0.773455 1.05614 0.913522 0.39766 0.439871 0.724123 0.341606 0.731172 0.315754 0.3974 0.236895 0.465158 0.821825 1.07497 0.832636 0.636192 0.879591 0.897674 0.939302 0.968075 0.770634 0.940458 0.279188 1.05822 0.990355 0.229209 0.851022 0.462039 0.751874 0.393112 0.58578 1.02548 0.707487 0.292685 1.05864 0.759262 0.681245
0.211504 0.888272 0.675897 0.496627 0.821018 1.20151 1.06198 0.351397 1.12545 0.738814 0.542196 0.923067 0.614532 0.782567 0.306846 0.627794 0.761518 0.390874 1.1641 0.0996173 1.00556 1.06491 1.09792 0.895511 0.844974 0.283642 0.284235 1.20842 0.68408 0.704178 0.732032 1.05143 0.123414 0.244686 0.317815 0.948085 0.690827 0.709321 0.625871 1.14736 0.869261 0.325965 0.661003 0.560181 0.49801 0.933255 0.185626 0.609869 0.26308 0.41664 0.794673 0.946209 0.704216 0.728557 0.923295 0.856002 0.978891 1.00041 0.706379 0.920059 0.259749 1.06239 1.24885 0.197127 0.896051 0.439516 0.738528 0.404415 0.520759 0.973522 0.749371 0.378151 1.13037 0.608735 0.699364
0.253442 0.894814 0.914045 0.683319 0.65192 1.10866 1.02209 0.401118 1.1249 0.951196 0.593037 0.77385 0.860274 0.712118 0.324615 0.610222 0.714115 0.308782 0.919134 0.120152 1.00666 1.10372 0.958284 0.788145 0.759828 0.190627 0.250483 1.00719 0.614846 0.801882 0.710279 1.13363 0.263008 0.281165 0.52069 0.929776 0.611885 0.563873 0.616337 1.19543 0.75113 0.380829 0.450654 0.474233 0.394071 0.930455 0.378046 0.570865 0.161677 0.227747 0.754085 0.995101 0.753956 0.559707 1.0822 1.02101 0.968298 0.999646 0.718084 0.879519 0.413129 1.00082 1.10568 0.332344 0.876677 0.215269 0.950508 0.404029 0.465828 0.896151 0.632337 0.371206 0.947367 0.650839 0.787572
0.154511 0.795351 0.783077 0.534361 0.831169 1.12949 1.01094 0.221379 1.15877 0.967307 0.423212 0.759051 0.614593 0.706576 0.350383 0.704465 0.844634 0.300925 1.17245 0.225809 1.0601 1.06588 1.08915 0.732002 0.828321 0.348642 0.326237 1.06507 0.736937 0.56527 0.757019 0.851364 0.135461 0.126048 0.487381 0.831496 0.51094 0.716646 0.662457 1.16777 0.874512 0.290073 0.480628 0.538542 0.35721 0.746999 0.29765 0.391338 0.117558 0.230309 0.866052 0.973848 0.682644 0.71746 1.09131 0.974067 0.967479 0.948159 0.864636 0.925885 0.457699 1.14912 1.09502 0.273442 1.06947 0.378307 0.973204 0.44326 0.465365 1.07183 0.556497 0.168039 0.975082 0.703877 0.666535
0.0954023 0.816871 0.732887 0.510883 0.907846 0.950372 1.10055 0.328086 0.884759 0.814456 0.615267 0.826509 0.788401 0.739112 0.197638 0.575817 0.992502 0.191679 1.0876 0.0929325 1.05165 1.12221 0.970612 0.97621 0.796285 0.148847 0.410184 1.20367 0.829528 0.634292 0.559752 1.05474 0.344726 0.106376 0.518555 1.04636 0.63809 0.544085 0.705752 1.23141 0.699837 0.503676 0.527955 0.672741 0.27016 0.763271 0.192606 0.43503 0.205972 0.417869 0.783992 1.14725 0.843192 0.738043 1.08578 0.969457 0.847505 0.940158 0.84445 0.817752 0.197323 1.05598 1.06397 0.442723 0.930499 0.206237 0.937688 0.380618 0.388271 0.988951 0.617048 0.348675 1.17364 0.586231 0.707711
0.0752065 0.915888 0.948054 0.683601 0.836473 1.20822 0.996257 0.395149 1.07981 1.01328 0.622759 0.753507 0.642056 0.754838 0.18063 0.761143 0.783677 0.377457 0.921721 0.214484 0.938328 1.10224 1.09221 0.808167 0.88737 0.17612 0.368831 0.936819 0.769212 0.605031 0.586537 1.02504 0.0767233 0.303153 0.292912 0.985171 0.732161 0.717927 0.830672 1.09914 0.735922 0.532439 0.430717 0.708013 0.50142 0.829848 0.252115 0.473859 0.236922 0.354781 0.681884 1.16331 0.799098 0.693865 0.873412 1.09181 0.948708 1.14814 0.85285 0.977219 0.407284 1.12787 1.14872 0.368271 0.925334 0.410115 0.838766 0.351465 0.488985 0.993677 0.672027 0.3499 0.924338 0.52976 0.727417
0.241367 0.727608 0.752339 0.665005 0.874618 1.11614 1.21487 0.347962 1.0607 0.988067 0.697719 0.995643 0.872514 0.840387 0.411219 0.558528 0.860112 0.124034 1.1557 0.0229963 0.878342 0.901693 0.85203 0.925397 0.836169 0.0942069 0.301583 1.00684 0.859806 0.73112 0.766389 1.13485 0.280207 0.247265 0.509325 0.851043 0.541896 0.650883 0.77566 1.21537 0.693807 0.342743 0.487827 0.660909 0.241423 0.90095 0.253245 0.65964 0.318153 0.493049 0.757319 0.968067 0.869767 0.600913 0.968301 0.796625 1.03771 0.9507 0.822428 0.916139 0.415287 1.10821 1.18282 0.169418 0.989044 0.280057 0.854844 0.295322 0.450425 1.14778 0.70583 0.186008 0.924912 0.576112 0.642224
0.0744048 0.699417 0.808092 0.489172 0.704312 1.12239 1.16652 0.313431 1.14367 0.818347 0.623454 0.820417 0.674869 0.869037 0.356794 0.799701 0.835936 0.191252 1.05089 0.274057 0.902305 1.11331 0.966855 0.951376 0.776281 0.143195 0.254295 1.15963 0.837441 0.600051 0.66159 1.04802 0.127395 0.240466 0.38447 1.03297 0.716112 0.756274 0.79754 0.988223 0.931552 0.456752 0.448589 0.46461 0.413292 0.977813 0.246717 0.657289 0.0854388 0.225685 0.893879 0.981654 0.903561 0.687674 0.915591 1.01381 1.00407 1.06181 0.722348 0.972234 0.364886 1.0055 1.13231 0.259423 0.942607 0.341063 0.80448 0.275796 0.435003 0.927813 0.632428 0.23406 1.05329 0.561326 0.694812
0.189032 0.930266 0.820952 0.406843 0.738682 1.15959 1.02814 0.362095 0.945179 0.738535 0.624813 0.754177 0.715592 0.902642 0.205647 0.688536 0.769459 0.123317 1.17921 0.0802537 0.944905 0.906601 0.889272 0.897346 0.775592 0.368223 0.316354 1.04571 0.740091 0.554906 0.529557 0.840949 0.172585 0.297638 0.44749 0.865681 0.5356 0.67462 0.802993 0.966464 0.748057 0.566606 0.487155 0.509861 0.506319 0.800417 0.186382 0.619145 0.0376967 0.245675 0.637084 1.03895 0.761336 0.773612 0.908772 0.885034 0.892486 0.938889 0.819296 0.79326 0.460964 1.19945 1.11036 0.279095 1.05306 0.256977 0.753405 0.330693 0.637825 1.15973 0.60502 0.260501 0.967757 0.542787 0.792484
0.22904 0.711887 0.738783 0.538244 0.814639 1.14592 1.17035 0.189565 1.03989 0.78314 0.599366 1.02932 0.703524 0.724165 0.221139 0.742146 0.718901 0.15151 1.18562 0.129474 1.04479 0.957295 0.882712 0.772234 0.758497 0.160204 0.326938 1.19861 0.834939 0.643556 0.682511 1.03431 0.296763 0.246776 0.500764 0.941972 0.550122 0.655696 0.876487 1.22649 0.851553 0.309894 0.52726 0.511292 0.287938 0.828 0.314632 0.51875 0.289727 0.327451 0.784571 0.956734 0.763941 0.792625 0.825398 1.02612 0.929607 1.05263 0.665294 0.859327 0.316966 1.22063 1.17058 0.184343 0.973321 0.287618 0.950575 0.434164 0.429157 1.06591 0.530034 0.39502 0.980159 0.562242 0.646804
0.0425576 0.916839 0.738924 0.53625 0.775129 1.07817 1.13754 0.27147 0.922909 0.92396 0.485482 0.854854 0.845018 0.725868 0.135436 0.586289 0.883119 0.316254 1.02633 0.203918 1.03315 1.06801 1.10789 0.772924 0.708219 0.219334 0.320015 0.971433 0.900462 0.797409 0.602845 1.12117 0.129105 0.19733 0.352453 0.980844 0.671707 0.580553 0.664148 1.21506 0.82983 0.333861 0.606049 0.602942 0.271088 0.98132 0.15622 0.47011 0.168365 0.370152 0.752533 1.04849 0.798814 0.525606 1.07413 1.06802 0.946664 1.21212 0.828493 0.919924 0.474103 1.03606 1.04858 0.308216 0.960166 0.338328 0.855746 0.467957 0.429858 1.10096 0.611215 0.159784 1.04272 0.566194 0.72016
