25 75
0.165835 0.624393 0.45607 0.931521 0.421914 0.453817 1.19078 0.997162 0.879875 0.762097 0.721721 0.876321 0.977699 0.357639 1.09731 0.276233 0.311631 0.627308 0.686078 0.653884 0.128177 0.436592 0.243695 0.848534 0.982617 0.842022 0.289806 0.425888 0.697364 0.31509 1.10635 0.538206 0.745897 0.519202 0.897656 0.887466 1.12878 0.753794 0.982473 0.650821 0.537689 0.309566 0.48421 0.92967 0.709619 0.232135 0.723216 0.462749 0.75752 0.650371 0.407151 0.915778 0.701905 0.680851 0.151753 0.792749 0.631144 0.18072 0.770788 0.560359 0.617973 0.141642 0.244544 0.778694 0.262514 0.617898 0.399187 0.648264 0.206189 0.483606 0.670304 0.754171 0.725831 0.58425 0.905265
0.288642 0.622632 0.283589 1.07433 0.570792 0.486782 1.08816 1.07205 0.911276 0.80122 0.719771 1.00511 0.855937 0.433426 1.15379 0.481379 0.269252 0.531828 0.633032 0.442408 0.32067 0.405308 0.259733 0.869082 0.910624 0.982186 0.285063 0.493553 0.736109 0.34498 1.15282 0.54633 0.806033 0.39745 0.90399 0.964356 1.08268 0.683571 1.11529 0.699054 0.414086 0.451757 0.52769 0.828703 0.837486 0.17004 0.698525 0.68877 0.65633 0.774749 0.261574 0.951467 0.655867 0.719756 0.30514 0.742536 0.805557 0.429245 0.597168 0.623003 0.492867 0.0992195 0.28862 0.612396 0.255136 0.586833 0.282794 0.505356 0.264884 0.273981 0.717184 0.780379 0.82704 0.772693 0.754994
0.361282 0.664157 0.496947 1.08039 0.399969 0.62403 1.15494 1.02953 0.692393 0.664681 0.88487 1.01596 0.903746 0.42327 0.982705 0.497782 0.275216 0.589004 0.399562 0.698641 0.306483 0.354888 0.217992 0.872073 0.9348 1.04431 0.215836 0.338978 0.762542 0.104139 1.0991 0.684105 0.87329 0.523429 0.808349 1.02785 1.13176 0.835917 1.21756 0.51865 0.311036 0.483493 0.471846 0.945093 0.794268 0.24065 0.861839 0.637629 0.639251 0.740693 0.357783 1.04012 0.637571 0.47043 0.228268 0.85602 0.688773 0.428573 0.544097 0.547362 0.714014 0.117994 0.169025 0.61773 0.391693 0.672814 0.423626 0.486688 0.366194 0.46609 0.671399 0.82324 0.655014 0.669209 0.685572
0.244373 0.616606 0.284615 0.930203 0.547971 0.650993 1.13384 1.0663 0.986091 0.740704 0.903371 0.931377 0.837829 0.35438 0.910734 0.463225 0.0671557 0.714151 0.695756 0.643654 0.222152 0.269603 0.233998 0.768749 0.953991 0.840085 0.172174 0.579476 0.87317 0.277035 1.20702 0.639263 0.840358 0.519942 1.02909 1.10024 0.95814 0.724553 1.13602 0.526924 0.3977 0.243224 0.509988 0.777455 0.630111 0.387048 0.770852 0.538288 0.630274 0.714004 0.341976 0.955747 0.676185 0.658348 0.275668 0.870124 0.647675 0.285088 0.52327 0.643682 0.561767 0.221083 0.158339 0.582636 0.267081 0.793723 0.256354 0.660459 0.313194 0.457899 0.624756 0.815087 0.76087 0.67039 0.839982
0.159344 0.740253 0.283102 1.19512 0.529836 0.57729 0.968758 1.18385 0.773418 0.743818 0.931713 1.03565 0.932929 0.441835 1.13898 0.434657 0.268388 0.61065 0.522558 0.522357 0.287524 0.421091 0.216267 0.912686 0.969048 0.853364 0.181816 0.583766 0.751346 0.180141 1.16138 0.539276 0.668422 0.500881 0.914792 0.830748 1.1906 0.618736 0.975676 0.797087 0.318305 0.367442 0.281279 0.882113 0.788052 0.412479 0.874391 0.516668 0.764889 0.734258 0.499192 0.775524 0.736226 0.705247 0.128733 0.712593 0.909967 0.235038 0.546165 0.658221 0.575183 0.17439 0.241498 0.764578 0.210349 0.641677 0.420951 0.621686 0.357463 0.239675 0.64659 0.963053 0.878513 0.749166 0.748034
0.167407 0.869857 0.274242 1.19235 0.642337 0.423857 1.19203 1.13334 0.844914 0.77951 0.848705 0.810165 0.968998 0.347015 0.980876 0.442186 0.138315 0.601901 0.467614 0.615066 0.143698 0.362055 0.196616 0.903251 0.947603 0.944645 0.164052 0.357888 0.666255 0.206732 0.995343 0.71498 0.81085 0.517514 0.96958 0.933438 0.928802 0.593683 0.993228 0.630232 0.465809 0.330262 0.280339 0.9097 0.762987 0.174722 0.905605 0.525832 0.779478 0.671251 0.333048 1.03203 0.656928 0.676266 0.0912489 0.715194 0.912107 0.394029 0.499175 0.540012 0.706312 0.115559 0.0544377 0.752022 0.265287 0.842536 0.264481 0.457032 0.11001 0.207306 0.814589 0.986946 0.858522 0.788092 0.804595
0.248848 0.746393 0.371843 0.940775 0.530512 0.438736 1.08185 1.09453 0.700532 0.888034 0.815562 0.867966 0.849411 0.426767 1.12173 0.399774 0.125761 0.806283 0.638547 0.564787 0.227363 0.374339 0.180509 0.922177 1.09967 0.801243 0.339796 0.615932 0.580446 0.0846525 0.963369 0.628627 0.861511 0.425704 1.01723 0.833254 1.11622 0.585488 0.974281 0.618511 0.468611 0.351729 0.36939 1.01893 0.69782 0.171323 0.925294 0.543328 0.614958 0.655883 0.251923 0.959433 0.487366 0.434924 0.186403 0.650966 0.752034 0.377951 0.563971 0.42846 0.668043 0.0703077 0.268539 0.787922 0.249601 0.680109 0.466283 0.54589 0.132832 0.46025 0.659025 0.961302 0.65789 0.700321 0.90586
0.357894 0.769045 0.356468 0.919794 0.437906 0.502146 1.19044 1.00186 0.852655 0.721059 0.773894 0.802 0.900118 0.209941 1.08502 0.457356 0.220656 0.656604 0.507306 0.628188 0.175121 0.454453 0.31635 0.754974 1.035 1.04098 0.161003 0.547679 0.742372 0.310008 0.993175 0.588596 0.631542 0.426081 0.850636 0.864027 1.07619 0.55491 1.20833 0.788146 0.47085 0.218393 0.379321 1.05305 0.622575 0.161261 0.828239 0.520678 0.646786 0.799065 0.350558 0.825647 0.731184 0.683391 0.101275 0.898223 0.844903 0.215168 0.755836 0.42053 0.529077 0.280383 0.115255 0.703642 0.428177 0.695195 0.543133 0.485655 0.178488 0.471771 0.814611 0.900573 0.802225 0.60074 0.90239
0.269958 0.838907 0.406567 1.17495 0.447911 0.59033 1.01975 1.21065 0.890164 0.839781 0.781997 0.801843 0.986717 0.352929 1.11138 0.493145 0.141498 0.689388 0.504199 0.661662 0.131096 0.319832 0.370807 0.773779 1.02495 0.898679 0.179537 0.522491 0.765137 0.308463 1.20999 0.509821 0.798946 0.579078 0.851974 1.06976 1.01499 0.659817 0.986638 0.735151 0.496425 0.235474 0.525914 0.852202 0.632291 0.435369 0.799041 0.510009 0.766709 0.612375 0.443285 0.853901 0.542561 0.607652 0.32423 0.859534 0.735854 0.37465 0.495842 0.493632 0.443377 0.0902609 0.311274 0.602377 0.327552 0.750649 0.358024 0.679494 0.173183 0.373134 0.680741 0.733792 0.659261 0.547775 0.780724
0.387124 0.826971 0.570245 1.1578 0.537954 0.619204 1.11603 1.03176 0.988155 0.914288 0.862423 1.09303 0.852842 0.398977 1.13172 0.385229 0.324557 0.766719 0.58278 0.579151 0.137424 0.464768 0.395343 0.839799 1.09485 0.868106 0.177713 0.453746 0.782136 0.202719 1.03779 0.734098 0.87133 0.57661 0.954891 0.851885 0.923432 0.67599 0.9484 0.77625 0.381461 0.232541 0.237578 0.996485 0.705919 0.382255 0.79698 0.469567 0.49642 0.69898 0.427509 0.91438 0.700845 0.552502 0.288201 0.823309 0.723167 0.362898 0.498351 0.687957 0.675756 0.318776 0.266301 0.618011 0.306339 0.769082 0.410794 0.650966 0.255301 0.276326 0.760646 0.982048 0.831094 0.842414 0.759542
0.245654 0.706396 0.283176 0.987165 0.494545 0.381289 1.04325 1.19661 0.943894 0.744433 0.900671 0.970112 0.834866 0.297806 0.944952 0.355607 0.106457 0.714299 0.563722 0.670826 0.119793 0.374959 0.220454 0.872249 0.97031 0.880137 0.159745 0.527392 0.694138 0.332606 1.02806 0.680647 0.726974 0.578903 0.893135 0.868756 1.09663 0.654958 1.19541 0.672995 0.524751 0.268256 0.445799 0.875307 0.592385 0.309708 0.697376 0.489008 0.787178 0.633421 0.384663 0.774731 0.455241 0.525501 0.294065 0.884851 0.846291 0.317925 0.687251 0.710027 0.503674 0.21856 0.280453 0.692949 0.333022 0.75405 0.492611 0.660379 0.283799 0.212919 0.812755 0.975873 0.88971 0.61105 0.647728
0.176014 0.882193 0.389174 1.14502 0.502204 0.443233 0.967235 1.14693 0.890984 0.886511 0.839454 1.03595 0.762809 0.406437 0.911871 0.293706 0.0649403 0.780545 0.451615 0.617203 0.132591 0.430401 0.32643 0.805803 1.00782 0.978891 0.182173 0.478655 0.668179 0.0963651 1.15961 0.597012 0.606255 0.497735 1.03198 0.885076 1.01023 0.767216 0.970626 0.778531 0.323655 0.405603 0.296224 1.04452 0.81413 0.170987 0.628983 0.685422 0.494876 0.807518 0.452895 0.91898 0.46347 0.536258 0.186596 0.793148 0.651954 0.311699 0.633589 0.556121 0.480082 0.181042 0.197962 0.602865 0.24416 0.627799 0.437903 0.467898 0.186546 0.492628 0.789365 0.829714 0.772134 0.691544 0.669724
0.180248 0.592745 0.469496 1.08719 0.400931 0.453767 1.01409 0.97366 0.788889 0.795607 0.981259 0.889731 0.947428 0.346745 0.872759 0.371916 0.245162 0.703451 0.627638 0.541661 0.116265 0.288318 0.353913 0.748831 1.03676 1.003 0.140991 0.620276 0.794343 0.332048 1.25822 0.628819 0.862349 0.330061 1.10183 0.911357 1.2044 0.667224 1.21758 0.672615 0.314939 0.231527 0.457669 1.03623 0.791403 0.23304 0.73638 0.643146 0.527906 0.854429 0.402445 0.978887 0.642085 0.44117 0.331984 0.88886 0.796631 0.281809 0.572295 0.658004 0.50785 0.280587 0.0894527 0.506237 0.235341 0.768422 0.507335 0.633005 0.247225 0.472935 0.88533 0.712813 0.89242 0.757839 0.743569
0.225193 0.612056 0.530268 1.03578 0.55126 0.661045 1.03791 1.15528 0.98798 0.763091 0.940094 1.00614 0.869124 0.346563 0.958449 0.374606 0.262597 0.539194 0.487732 0.622752 0.240706 0.468801 0.36716 0.95793 0.951564 1.06527 0.279157 0.601042 0.583882 0.156158 1.0387 0.623966 0.734089 0.322847 0.849468 1.02893 1.18956 0.844821 1.16525 0.63126 0.443079 0.39459 0.483566 0.864954 0.811146 0.33657 0.729999 0.682151 0.660199 0.851554 0.286632 0.996039 0.544614 0.719823 0.16226 0.858584 0.785901 0.207056 0.568057 0.595972 0.440328 0.150998 0.19584 0.646995 0.437221 0.630234 0.447293 0.499344 0.178045 0.276248 0.847831 0.957224 0.741697 0.605214 0.671776
0.350348 0.883051 0.431849 0.969213 0.487933 0.557991 1.16009 0.932724 0.946462 0.817519 0.754127 0.989586 1.02355 0.40987 0.878816 0.435367 0.242338 0.704351 0.635937 0.53661 0.131374 0.21547 0.337586 0.951951 0.943656 0.994344 0.130799 0.571123 0.702101 0.311553 1.19954 0.662499 0.680772 0.534316 0.851951 0.910942 0.972658 0.612517 1.17348 0.66872 0.537744 0.376492 0.267101 0.947921 0.759357 0.326519 0.889832 0.507966 0.759044 0.675254 0.345827 1.04285 0.551333 0.444679 0.386662 0.869753 0.691381 0.275853 0.544384 0.522186 0.564005 0.23156 0.208516 0.782275 0.284787 0.663355 0.548067 0.588151 0.304855 0.227117 0.612257 0.717779 0.704132 0.748091 0.866573
0.28944 0.652101 0.325976 1.134 0.534483 0.582936 1.17572 1.05275 0.988651 0.675496 0.815049 0.96077 0.859858 0.233654 1.15946 0.465658 0.265725 0.802129 0.633228 0.458251 0.101521 0.423072 0.228338 0.920347 0.948432 0.819575 0.157026 0.465477 0.739915 0.118939 1.18791 0.675753 0.826097 0.440669 0.914086 1.04569 1.06015 0.73162 1.04792 0.665887 0.340278 0.477833 0.308522 0.810065 0.747196 0.258151 0.800067 0.634671 0.519649 0.70475 0.289999 0.905974 0.541798 0.509843 0.172178 0.678394 0.853414 0.196585 0.664825 0.680016 0.518012 0.246321 0.135453 0.763042 0.461292 0.859011 0.506465 0.457387 0.374713 0.423036 0.813945 0.817828 0.820426 0.763193 0.814998
0.20764 0.678201 0.292253 1.08438 0.413604 0.590161 1.08395 1.16658 0.943186 0.740076 0.729647 0.95431 1.04114 0.477271 0.990937 0.488713 0.0720296 0.667823 0.588115 0.728314 0.336502 0.394341 0.315016 0.898995 1.17995 0.907548 0.177542 0.531693 0.596613 0.322154 1.00026 0.64207 0.891014 0.578576 1.06461 1.06793 0.951065 0.678972 1.04716 0.763709 0.330422 0.345193 0.446633 0.984106 0.634628 0.222902 0.825986 0.565619 0.716797 0.90552 0.362642 0.759414 0.600916 0.53324 0.10975 0.873873 0.829458 0.267147 0.586848 0.58027 0.506906 0.0882048 0.221731 0.677551 0.387502 0.738171 0.321072 0.63001 0.213668 0.315499 0.64841 0.792804 0.844074 0.791589 0.799366
0.443217 0.822733 0.373201 1.10788 0.415355 0.464508 1.19118 1.16661 0.833979 0.719174 0.769446 0.942173 0.79087 0.19839 0.900776 0.387996 0.128774 0.706656 0.649017 0.658932 0.369699 0.36789 0.231888 0.893891 1.13003 0.811399 0.104564 0.563771 0.737635 0.182287 1.08596 0.722337 0.649813 0.59694 0.922126 0.921969 1.16098 0.623202 1.02584 0.526575 0.485368 0.392318 0.400836 0.918047 0.764873 0.376583 0.900124 0.458505 0.526765 0.770894 0.272007 0.770494 0.65296 0.616415 0.325408 0.787759 0.686032 0.383332 0.696251 0.430014 0.485715 0.224235 0.0600371 0.512002 0.388299 0.587952 0.509964 0.46946 0.333935 0.32252 0.634569 0.888986 0.812024 0.564332 0.830686
0.437455 0.835851 0.308799 1.13832 0.453726 0.384468 1.02146 1.21863 0.84764 0.834888 0.842598 0.908178 0.838186 0.31929 1.06192 0.33763 0.256016 0.678967 0.661107 0.715865 0.333148 0.492003 0.32272 0.8232 1.02149 1.00016 0.314934 0.416263 0.811313 0.369228 1.04809 0.778727 0.659013 0.403875 0.946764 0.916681 1.19439 0.73166 1.15408 0.750858 0.427149 0.297049 0.370004 1.03518 0.595398 0.316586 0.775188 0.45059 0.786681 0.880227 0.291143 0.853508 0.617261 0.453352 0.294798 0.726 0.781596 0.191515 0.749378 0.489629 0.467946 0.13461 0.148202 0.581349 0.393402 0.719468 0.330485 0.470777 0.251202 0.415225 0.674886 0.945029 0.873944 0.839724 0.878961
0.285211 0.610438 0.320232 1.20298 0.524774 0.671708 1.12144 1.16618 0.927526 0.650945 0.884965 0.939265 1.0032 0.258567 1.05319 0.312505 0.0850658 0.768123 0.489953 0.628677 0.279655 0.209988 0.209092 0.956739 1.01753 0.816775 0.224232 0.608753 0.740839 0.221296 1.25 0.677576 0.623626 0.33294 1.06021 0.866588 0.967425 0.632056 1.12469 0.770833 0.420194 0.323413 0.528641 0.841457 0.65952 0.436841 0.6389 0.469625 0.561334 0.792741 0.513353 0.950245 0.654378 0.702786 0.224082 0.830825 0.71034 0.177868 0.503325 0.503091 0.63174 0.196862 0.237757 0.779546 0.398362 0.631549 0.490647 0.66651 0.301011 0.253275 0.752127 0.95262 0.64578 0.602838 0.86567
0.437805 0.710024 0.449554 1.18783 0.592216 0.645535 1.02083 0.942084 0.825934 0.750467 0.929501 0.825473 0.977673 0.320583 1.15048 0.564843 0.068582 0.531746 0.670998 0.715148 0.105976 0.241115 0.219983 0.89356 1.13302 0.999755 0.279455 0.615428 0.842356 0.109793 1.01925 0.767355 0.822264 0.36359 0.809268 1.07378 1.02489 0.583237 1.04567 0.682551 0.516903 0.245968 0.289966 1.02322 0.752361 0.237237 0.667036 0.482631 0.628837 0.633804 0.356394 0.897773 0.645257 0.605158 0.106643 0.87151 0.732515 0.311906 0.514603 0.643306 0.565618 0.196596 0.314088 0.493875 0.352287 0.861675 0.295515 0.500471 0.249485 0.433331 0.754002 0.741606 0.873327 0.593918 0.91435
0.331357 0.600733 0.561138 1.09694 0.487568 0.52077 1.06469 1.05316 0.897502 0.775878 0.992881 0.953434 0.759905 0.24041 1.10558 0.507542 0.172741 0.739179 0.67865 0.655213 0.137604 0.225829 0.224549 0.893286 1.1324 0.899273 0.28658 0.345028 0.811006 0.307526 1.21864 0.785132 0.697548 0.490053 0.903839 0.944368 1.02337 0.794037 1.10385 0.540359 0.408976 0.350607 0.291702 0.916246 0.712361 0.248479 0.628468 0.517908 0.691497 0.653125 0.43484 0.815104 0.48237 0.551616 0.377501 0.891603 0.633668 0.23353 0.502616 0.654594 0.5731 0.0882065 0.217691 0.56032 0.439681 0.753443 0.262543 0.607777 0.123418 0.305285 0.86545 0.828863 0.711996 0.720276 0.79454
0.378555 0.718547 0.549402 1.09748 0.559593 0.474539 1.08757 1.19296 0.902943 0.939806 0.986998 0.840877 0.933678 0.254734 1.1092 0.566938 0.207044 0.740973 0.61425 0.549991 0.212162 0.254212 0.401557 0.958333 1.01614 1.08194 0.248271 0.598786 0.696732 0.102298 1.11191 0.673575 0.758744 0.540562 0.87442 1.05241 1.01936 0.579227 1.04561 0.572554 0.475954 0.258584 0.297671 1.0203 0.566969 0.292539 0.922744 0.603581 0.597618 0.690542 0.243686 0.942463 0.589269 0.460387 0.0887379 0.754095 0.768774 0.440044 0.621833 0.456023 0.497959 0.342332 0.192909 0.517969 0.392271 0.638331 0.542948 0.613002 0.212286 0.325934 0.673945 0.948092 0.828574 0.836586 0.756269
0.313658 0.794384 0.555291 0.980721 0.368179 0.578892 1.1325 0.957172 0.943322 0.763628 0.830885 1.07171 0.910205 0.305751 1.11728 0.543942 0.124054 0.649205 0.430635 0.684577 0.154445 0.246124 0.230593 0.834143 1.06155 0.797107 0.0945171 0.562829 0.665983 0.240736 0.988147 0.728134 0.795079 0.449285 1.01467 1.07391 0.9179 0.59471 1.16457 0.610363 0.580066 0.459382 0.506652 0.996833 0.781925 0.276669 0.856345 0.536275 0.497089 0.714907 0.506041 0.841987 0.664906 0.519944 0.261449 0.782044 0.847485 0.322832 0.637342 0.637824 0.64192 0.103025 0.310954 0.745016 0.232752 0.860872 0.280816 0.456449 0.329901 0.36948 0.827032 0.797962 0.840602 0.549816 0.643979
0.278517 0.858059 0.512376 0.94299 0.389225 0.463668 1.00594 0.993 0.695869 0.789801 0.879757 1.05992 0.913832 0.272202 1.04837 0.409893 0.233067 0.576144 0.555695 0.632125 0.185403 0.248299 0.289757 0.98524 1.13389 0.921361 0.147862 0.476531 0.680943 0.216354 1.12147 0.673705 0.744555 0.605864 0.944909 0.88769 0.977914 0.754472 1.20507 0.69324 0.51613 0.25586 0.43601 0.946132 0.824468 0.164883 0.906862 0.554027 0.717566 0.829234 0.391684 1.02418 0.611289 0.622635 0.218462 0.818089 0.790391 0.435843 0.592205 0.646126 0.523243 0.315363 0.333252 0.782268 0.407292 0.788759 0.401109 0.653674 0.287365 0.229814 0.677519 0.853965 0.813541 0.741388 0.929603
