25 75
0.633179 0.404724 0.715362 0.437427 1.02538 0.315925 0.942999 0.173054 1.02478 0.382637 0.531571 0.359276 0.925929 0.860735 1.05999 0.906068 0.852002 0.714164 1.06699 0.83333 0.225938 0.937726 0.604541 0.290144 0.965123 0.70063 0.130425 0.529882 0.404138 1.06439 0.647155 0.828216 0.720437 0.901816 0.36948 0.614537 0.287446 0.286621 0.327819 1.19224 0.973101 1.16464 0.672155 0.173272 0.218907 1.15048 0.976752 0.261792 0.236471 0.584809 1.02502 0.290413 0.686605 1.02637 0.564555 0.726775 1.06477 0.589681 0.617081 0.779815 0.572594 1.08686 0.187232 0.958599 0.302677 0.472629 0.54745 0.612078 0.293309 0.712202 0.557133 0.373576 0.379774 0.499805 1.01448
0.750674 0.614141 0.730244 0.511557 0.890568 0.386448 0.925301 0.246107 0.909575 0.367834 0.461336 0.43195 0.997525 0.828561 1.16055 0.98487 0.773185 0.931821 1.07125 0.744352 0.258391 0.970002 0.672439 0.180325 0.810814 0.685176 0.0694785 0.515435 0.331428 0.991658 0.377082 1.11786 0.492581 0.901669 0.541807 0.726272 0.433028 0.213139 0.473226 1.04633 0.95936 1.06659 0.635052 0.154681 0.0658019 1.13303 1.09462 0.452286 0.275269 0.659041 1.03473 0.48564 0.741386 1.00845 0.63603 0.663281 1.14044 0.461472 0.535509 0.765772 0.577787 1.03801 0.14906 0.684387 0.14515 0.406836 0.442386 0.613149 0.312266 0.764348 0.662016 0.201035 0.339012 0.757001 0.887973
0.768181 0.536185 0.946794 0.642255 0.864215 0.161617 0.945117 0.272323 1.05122 0.475406 0.709989 0.425658 0.895545 0.809573 1.02479 1.0411 0.755424 0.784387 0.974611 0.629619 0.279574 0.858734 0.781617 0.370447 0.994021 0.809246 0.25882 0.386348 0.251069 0.939601 0.558609 0.894577 0.738298 0.999234 0.364997 0.784821 0.228748 0.414668 0.256164 1.18641 0.86536 0.958159 0.605385 0.309961 0.297332 1.19881 1.11012 0.466833 0.226118 0.596654 0.943913 0.383801 0.764274 0.8317 0.545766 0.614433 1.1625 0.471706 0.663191 0.908142 0.786922 1.15383 0.0802486 0.713574 0.371871 0.428875 0.418088 0.490562 0.542956 0.854767 0.561283 0.400614 0.129095 0.518812 0.866547
0.653538 0.492896 0.789361 0.363608 1.04677 0.289173 0.797401 0.280742 0.98865 0.357284 0.50309 0.407191 1.06645 0.806768 1.21572 0.927129 0.77197 0.926384 0.94384 0.560301 0.119573 1.09546 0.793468 0.291802 0.841611 0.801379 0.153215 0.548217 0.160495 0.958726 0.600541 0.987184 0.717301 1.02065 0.378593 0.639169 0.168251 0.232595 0.401431 0.985917 1.05848 1.02794 0.792728 0.105616 0.296972 1.05993 1.0279 0.356251 0.0894273 0.706035 0.94845 0.393436 0.616171 1.04137 0.590422 0.589307 1.03585 0.53093 0.690796 0.940142 0.631141 1.01452 0.163732 0.929015 0.379247 0.368681 0.523822 0.607701 0.437491 0.986577 0.639425 0.373371 0.307507 0.774751 1.06882
0.788987 0.685509 0.962077 0.538919 1.10471 0.196363 0.992825 0.399423 1.04287 0.610377 0.685138 0.500192 1.13258 0.965465 0.955724 1.03444 0.951552 0.923384 1.0725 0.639195 0.229859 1.0248 0.585683 0.270785 0.870605 0.668354 0.0663568 0.590276 0.310668 1.13503 0.575146 0.840335 0.699482 1.06742 0.262868 0.857351 0.436539 0.210024 0.536551 0.982159 1.04608 0.929435 0.733505 0.279636 0.199503 1.20188 0.995498 0.228471 0.0712136 0.668326 1.20125 0.522549 0.574342 1.03603 0.762058 0.831228 1.21814 0.589998 0.735505 0.963304 0.561656 1.11792 0.146695 0.861909 0.13017 0.251895 0.517533 0.606932 0.533311 0.906332 0.631341 0.259386 0.159252 0.738748 0.825926
0.673357 0.517103 0.779329 0.51285 0.963498 0.453576 0.803721 0.187868 1.00089 0.43412 0.652579 0.389694 0.944119 0.914724 1.20425 1.05682 0.87108 0.728573 1.14053 0.567562 0.168091 1.02778 0.681241 0.332244 1.00513 0.586601 0.23309 0.592185 0.175597 1.13133 0.480779 1.08774 0.483006 0.999431 0.339857 0.68836 0.323591 0.272018 0.508501 1.00667 0.876794 0.974646 0.589514 0.106462 0.0849985 1.03817 1.08369 0.348542 0.234168 0.742783 0.926313 0.428392 0.688906 0.949748 0.607205 0.704521 0.984937 0.53638 0.476865 0.912021 0.792629 1.05503 0.1651 0.93464 0.242502 0.477981 0.456135 0.457908 0.538833 0.746058 0.625933 0.265159 0.300858 0.713839 0.983168
0.589251 0.614582 0.663338 0.409396 1.0025 0.384774 0.841727 0.121577 1.08675 0.38362 0.557045 0.377647 1.16941 0.719818 1.05924 1.06344 0.850531 0.71973 0.994152 0.725924 0.207955 1.02838 0.58646 0.130089 0.968509 0.781264 0.107202 0.52417 0.214609 1.15056 0.479457 0.858909 0.570808 0.963195 0.344433 0.86031 0.29029 0.238077 0.327476 0.999609 1.03768 1.06276 0.677336 0.346185 0.0471337 1.21613 1.02839 0.234508 0.0711673 0.603135 1.05461 0.485256 0.666926 0.887834 0.513009 0.557242 0.967151 0.605915 0.447546 0.907056 0.749504 0.991657 0.19679 0.808033 0.359238 0.231576 0.338092 0.595773 0.334774 0.840435 0.596729 0.245595 0.295587 0.79012 0.889338
0.532077 0.460991 0.77169 0.616927 0.962557 0.439899 0.766108 0.285457 0.927399 0.492654 0.700639 0.274931 1.07044 0.881811 1.23949 0.968485 0.684681 0.905283 1.12498 0.75604 0.0444732 0.894946 0.643316 0.261661 0.99919 0.647691 0.134602 0.424576 0.206634 1.13391 0.558488 0.898604 0.569072 1.04272 0.498271 0.65662 0.196529 0.391049 0.515869 1.19855 1.07261 0.91555 0.500856 0.246354 0.128431 1.21223 1.02252 0.402458 0.292102 0.688193 0.925368 0.516012 0.513423 0.841959 0.648771 0.645098 1.1718 0.630624 0.537156 0.794364 0.651896 1.1832 0.15875 0.920237 0.165245 0.285193 0.400265 0.592453 0.536222 0.738107 0.638549 0.232028 0.24297 0.566121 0.825669
0.62745 0.624947 0.884925 0.38394 0.935862 0.297069 0.948491 0.383997 0.899098 0.523612 0.717204 0.345808 0.983725 0.703099 1.21573 0.940201 0.686371 0.908565 1.05408 0.82725 0.0966399 1.1392 0.751192 0.149935 0.809093 0.747124 0.119638 0.43689 0.291871 0.940153 0.540025 1.05481 0.741676 0.981833 0.345714 0.608057 0.3588 0.382425 0.321533 1.17541 1.02896 1.1494 0.670464 0.0819345 0.0855608 1.01092 1.10535 0.382052 0.242537 0.784409 1.14091 0.287859 0.695561 0.832884 0.756002 0.557577 1.07757 0.433251 0.64793 0.865259 0.590866 0.984591 0.343145 0.8286 0.317008 0.4781 0.489088 0.704644 0.488749 0.894279 0.608995 0.352215 0.256856 0.650205 0.986695
0.533394 0.542007 0.854154 0.479779 1.02743 0.266334 0.87362 0.323869 1.00728 0.401594 0.643259 0.303707 0.939686 0.720595 1.17447 1.10855 0.759692 0.816978 0.868752 0.811502 0.174609 0.867181 0.740984 0.148021 0.902433 0.638853 0.164917 0.403414 0.365062 0.9245 0.470359 1.06546 0.695669 0.99995 0.289795 0.772488 0.174513 0.272872 0.405987 1.2025 0.936274 0.975843 0.707281 0.288887 0.134156 1.18032 1.00451 0.346258 0.10784 0.76066 0.943164 0.502756 0.591907 0.962619 0.51098 0.824127 0.943489 0.509583 0.479472 0.9665 0.579653 1.16854 0.244047 0.889415 0.246266 0.4003 0.42266 0.646481 0.282404 0.735963 0.630322 0.263558 0.254512 0.497732 0.799649
0.695522 0.507028 0.918038 0.421565 1.13804 0.451557 1.04412 0.335931 1.00871 0.506776 0.704748 0.388439 1.16618 0.795691 1.03788 0.936401 0.868323 0.852401 1.13647 0.646641 0.0741794 0.981904 0.746914 0.278177 0.923925 0.753648 0.0715166 0.548569 0.331356 1.12283 0.572997 1.05409 0.519424 0.982724 0.330793 0.855107 0.238615 0.412273 0.482479 1.14754 0.965774 1.16845 0.669876 0.232132 0.0873009 1.089 0.991953 0.43875 0.219256 0.596787 0.93896 0.300311 0.610006 1.04338 0.53166 0.587218 1.08185 0.655816 0.539355 0.964474 0.720406 1.21735 0.0481057 0.698324 0.0981151 0.377109 0.411152 0.518665 0.476881 0.71359 0.73782 0.178647 0.136836 0.726062 0.967789
0.576225 0.559745 0.916132 0.470961 1.04911 0.219466 0.803067 0.345851 1.11851 0.584276 0.591393 0.268636 1.00031 0.982274 1.15226 1.07294 0.861883 0.794475 1.13125 0.754632 0.081123 0.999614 0.640779 0.163966 0.893062 0.701725 0.0406931 0.423172 0.394544 0.907545 0.635853 0.8655 0.487669 1.11505 0.248753 0.859023 0.338394 0.267638 0.526296 0.911733 1.01184 0.955185 0.544645 0.250174 0.276497 1.01705 1.02498 0.302361 0.125897 0.536136 1.06824 0.256043 0.502493 1.02125 0.5077 0.611949 1.21508 0.495653 0.515168 0.845278 0.603011 1.07471 0.0638757 0.715254 0.249422 0.407054 0.404269 0.603091 0.538859 0.728484 0.562671 0.190284 0.12867 0.701721 1.06652
0.567884 0.415407 0.914753 0.538793 0.946673 0.291341 0.849943 0.261846 1.10285 0.385321 0.687389 0.294961 0.873667 0.920842 1.18003 1.09189 0.94241 0.869581 1.1467 0.550576 0.172169 0.951659 0.675983 0.319111 0.817031 0.704965 0.326004 0.653014 0.320046 1.04361 0.479326 0.937691 0.684958 1.04491 0.515213 0.736258 0.318174 0.189489 0.375636 1.05923 0.856178 1.12554 0.738903 0.252183 0.0458702 1.01825 1.00386 0.36313 0.18791 0.792719 1.15662 0.527247 0.679536 0.937653 0.512797 0.823195 0.96612 0.407529 0.602772 1.02969 0.851372 1.11996 0.0511722 0.874058 0.0984678 0.453566 0.328921 0.508501 0.37575 0.826749 0.607756 0.212984 0.268198 0.520518 0.814206
0.739492 0.594534 0.675288 0.571631 1.12903 0.190459 1.00612 0.171927 1.07233 0.637572 0.665532 0.462429 1.0062 0.836939 1.12345 0.996035 0.941183 0.803586 1.06797 0.779121 0.0554288 0.947855 0.759542 0.332611 0.912522 0.798987 0.0863737 0.631143 0.429618 1.06467 0.546885 0.98505 0.678619 1.01936 0.352605 0.700773 0.399625 0.390012 0.269109 0.988249 0.992582 0.90517 0.740766 0.140201 0.241987 1.19701 0.995731 0.320281 0.152579 0.548336 0.924579 0.375566 0.648296 0.981557 0.652564 0.714396 1.01457 0.669646 0.543395 0.855299 0.714828 1.07591 0.154775 0.764805 0.354758 0.221965 0.558644 0.444104 0.343412 0.823254 0.566719 0.39515 0.226418 0.56599 1.05575
0.785099 0.390069 0.901439 0.430471 0.980612 0.307698 0.999399 0.213261 1.16476 0.57161 0.638662 0.370305 0.929812 0.97237 0.951377 0.997076 0.719182 0.792701 0.977964 0.577963 0.0497201 1.07034 0.711196 0.254662 0.989494 0.752343 0.213501 0.555907 0.205939 0.914597 0.606894 0.849157 0.485986 1.10268 0.324067 0.688452 0.299946 0.329268 0.289384 1.11984 1.00947 0.963263 0.649168 0.206078 0.0818071 1.16771 1.18109 0.310159 0.27766 0.679062 1.07646 0.445349 0.518074 0.912741 0.569508 0.616367 1.16664 0.659843 0.605514 0.830234 0.634474 1.00508 0.333063 0.767078 0.30782 0.368177 0.577188 0.560268 0.435695 0.938891 0.669907 0.370085 0.224045 0.742488 1.00587
0.569102 0.441229 0.743964 0.536089 0.886285 0.346088 0.900359 0.271183 0.911665 0.468719 0.719202 0.524087 1.14664 0.789431 1.21725 1.03947 0.81953 0.700963 1.14185 0.53937 0.104974 1.10267 0.816293 0.261473 0.844688 0.639302 0.252549 0.644168 0.324486 1.04636 0.442986 0.963592 0.542362 1.14631 0.463527 0.657122 0.301896 0.294346 0.323918 1.17171 1.02037 1.04953 0.699686 0.0885786 0.10391 1.20506 0.969036 0.483484 0.111441 0.532802 1.16629 0.479014 0.649373 0.972249 0.577582 0.652052 1.09408 0.68533 0.569584 0.867874 0.638201 1.05965 0.273004 0.757352 0.277965 0.430642 0.60986 0.530395 0.509319 0.941048 0.669265 0.159541 0.180487 0.70979 0.872341
0.631277 0.47706 0.771068 0.433001 1.07849 0.382956 1.01083 0.234192 1.03547 0.556404 0.714505 0.361011 0.921409 0.833362 1.15859 0.973968 0.805471 0.781327 0.949986 0.634163 0.273507 0.908452 0.735702 0.0839161 0.894577 0.609657 0.0578648 0.483382 0.222405 0.916914 0.46006 1.02938 0.512129 1.11054 0.265228 0.735287 0.214232 0.213364 0.254315 1.19545 0.950387 1.01174 0.555639 0.190989 0.181304 1.19372 1.198 0.260885 0.126318 0.752367 1.15974 0.38634 0.473701 0.970532 0.732094 0.762705 0.941051 0.476702 0.592965 0.98799 0.844026 1.12573 0.305324 0.704078 0.0849006 0.332181 0.54262 0.512135 0.488183 0.798369 0.655809 0.433483 0.234709 0.549757 1.0268
0.537174 0.516291 0.9428 0.402562 0.905202 0.270143 0.822887 0.401879 1.12318 0.543577 0.54588 0.510701 0.918235 0.692983 1.15479 0.947527 0.679109 0.722665 1.04574 0.552314 0.249948 0.899266 0.526808 0.326092 0.788457 0.719007 0.0730116 0.44302 0.312074 1.08647 0.46911 1.07876 0.624986 1.14393 0.270051 0.798163 0.166268 0.259504 0.304477 1.1506 1.05465 1.10406 0.566753 0.25557 0.261319 1.26588 1.0541 0.329991 0.241649 0.593204 0.989669 0.501238 0.573624 1.00445 0.697869 0.810008 1.21792 0.542644 0.70216 0.918568 0.609697 0.967293 0.113007 0.951577 0.327368 0.392866 0.442005 0.693662 0.331361 0.705236 0.624126 0.320462 0.310395 0.500687 1.02251
0.519525 0.429555 0.761935 0.561728 0.985425 0.237531 0.757679 0.310698 1.18264 0.618774 0.661171 0.539316 1.08422 0.927183 1.20398 0.834545 0.712391 0.714345 0.89095 0.691378 0.145929 1.08708 0.637101 0.136161 0.88214 0.779741 0.0762886 0.375273 0.204033 0.939684 0.455458 1.04739 0.658355 0.961551 0.494669 0.643458 0.211506 0.33261 0.240467 0.996781 0.906475 1.0922 0.708569 0.0951796 0.0789103 1.10808 1.13115 0.378825 0.302526 0.638806 0.942533 0.350027 0.675311 1.05762 0.535909 0.736614 0.953545 0.565445 0.567083 0.774499 0.81252 1.03223 0.0663459 0.863042 0.0865001 0.388157 0.405017 0.554535 0.525548 0.852112 0.661256 0.338039 0.138164 0.697578 0.841886
0.803394 0.596083 0.878139 0.630293 0.897493 0.380408 0.863668 0.26637 1.04971 0.464857 0.485644 0.378197 1.04422 0.693536 1.20075 0.958594 0.824309 0.926245 1.04096 0.65796 0.188626 1.02033 0.543279 0.369646 0.91507 0.681016 0.107173 0.510269 0.253056 1.10358 0.44039 1.09733 0.48598 1.18685 0.529882 0.86498 0.308234 0.403864 0.320755 1.1115 0.958673 0.906967 0.602793 0.372429 0.0882662 1.08775 1.07221 0.264773 0.045736 0.756509 1.09621 0.53219 0.726735 1.04682 0.744121 0.671 1.1002 0.623499 0.675567 0.773801 0.803324 1.03279 0.184586 0.952535 0.177194 0.402176 0.427801 0.561704 0.4361 0.805903 0.51888 0.206013 0.242554 0.728414 0.837458
0.610105 0.679368 0.944077 0.362065 1.09227 0.423161 0.833038 0.285688 1.08818 0.598398 0.634472 0.354014 1.06028 0.946803 1.06298 0.985548 0.77617 0.64594 1.07987 0.581097 0.0684712 0.996628 0.575857 0.252629 1.01253 0.702552 0.154277 0.589007 0.295344 0.99414 0.510816 0.972132 0.501468 0.974501 0.510179 0.872323 0.220832 0.148908 0.323936 1.05413 0.921411 0.963997 0.574184 0.28654 0.0124586 1.26296 1.06837 0.27474 0.165723 0.783554 0.945438 0.302806 0.567221 1.03543 0.551236 0.704161 0.962547 0.444314 0.625693 0.764529 0.674933 0.980384 0.25188 0.806898 0.155658 0.457098 0.487059 0.633074 0.400397 0.835635 0.554381 0.362211 0.385946 0.690605 0.785758
0.712255 0.468708 0.950749 0.457548 1.02223 0.350984 0.818056 0.171409 0.954357 0.65305 0.579961 0.381738 1.12892 0.820109 0.952908 0.926598 0.843641 0.924825 0.919496 0.74011 0.225306 0.858501 0.640802 0.0913621 0.932763 0.625858 0.26455 0.64764 0.313119 1.14985 0.626867 1.07699 0.490876 1.04256 0.245766 0.630455 0.326684 0.292121 0.469737 1.00228 1.04582 0.978351 0.638877 0.237708 0.101729 1.08707 1.06715 0.472757 0.201074 0.664786 1.09364 0.30809 0.529289 0.900591 0.679557 0.641557 1.06707 0.613556 0.640813 1.04599 0.727434 1.05033 0.115366 0.883493 0.363723 0.39447 0.414727 0.531851 0.497978 0.732803 0.560695 0.376027 0.333792 0.550331 0.867476
0.72741 0.419955 0.70068 0.530542 0.980914 0.392064 0.755489 0.246002 1.06535 0.48013 0.630878 0.5071 0.909805 0.710767 1.09962 1.08471 0.893402 0.868315 1.12224 0.617921 0.0741841 1.10058 0.744438 0.222399 0.883905 0.554518 0.286382 0.424396 0.376612 1.16312 0.666508 0.828504 0.638157 0.953231 0.537456 0.681898 0.221119 0.187053 0.261661 0.953088 1.06183 1.18466 0.654105 0.278222 0.218123 1.05984 1.04381 0.497963 0.233784 0.654439 1.06481 0.402882 0.549953 1.05814 0.622098 0.745 1.08583 0.532829 0.481172 0.899308 0.828723 0.977286 0.151893 0.864036 0.135699 0.236344 0.552191 0.57168 0.482788 0.941043 0.535807 0.367503 0.150283 0.656723 1.00051
0.777604 0.628404 0.776727 0.456938 1.07984 0.341092 0.795245 0.365172 1.05497 0.439143 0.708481 0.261156 0.936399 0.714238 1.13448 1.0869 0.892476 0.828899 0.921285 0.651763 0.177818 0.993261 0.744535 0.229394 0.968085 0.596098 0.048332 0.610417 0.251299 1.09003 0.406615 0.912111 0.693803 1.15624 0.246808 0.858543 0.157392 0.157546 0.355974 0.967491 1.12525 1.05794 0.6619 0.157789 0.145559 1.0302 1.07766 0.405065 0.124471 0.581283 0.995476 0.266261 0.558787 1.03869 0.618827 0.626788 1.01886 0.597823 0.738637 0.957042 0.646098 1.11782 0.28057 0.872311 0.274575 0.42616 0.552183 0.675126 0.310913 0.873652 0.480712 0.383199 0.416066 0.64488 0.868543
0.556455 0.437724 0.736697 0.46254 0.883009 0.251338 1.03931 0.128513 0.961982 0.586216 0.519129 0.50322 1.14798 0.882967 1.15937 0.816743 0.758579 0.660016 0.906739 0.699449 0.135956 0.926429 0.749363 0.106041 0.873898 0.662409 0.0507983 0.517122 0.458192 1.14345 0.401106 0.975977 0.509485 0.952825 0.509917 0.613575 0.345841 0.371029 0.327236 0.980202 1.02606 1.15202 0.565108 0.223729 0.058102 0.995553 1.1395 0.387166 0.110023 0.778554 1.11067 0.377564 0.524916 1.06449 0.560167 0.76336 1.09312 0.664047 0.61316 1.05214 0.77198 0.962871 0.0690167 0.676801 0.0894203 0.324212 0.600327 0.483026 0.319691 0.7659 0.606485 0.409774 0.130514 0.758683 0.985377
