25 75
0.13539 0.364226 0.517084 0.138648 0.839036 0.856009 0.402435 0.366822 0.605265 0.797047 0.7652 0.868428 0.721646 1.12524 0.790221 1.10009 0.71207 0.243027 0.207973 1.09162 0.915914 0.340549 0.410216 0.583653 0.310655 0.598464 0.718115 0.896759 1.07305 1.10504 0.622081 1.18294 1.05268 0.198808 0.772009 0.336595 0.914733 0.468058 0.482881 0.736865 0.453788 0.126381 0.177572 0.86852 0.389591 0.830428 0.946946 0.84214 0.477105 1.22922 0.785145 0.542558 1.11643 0.30426 0.398528 1.18927 0.656756 0.831603 0.716683 1.01059 0.301557 0.98617 0.256396 0.863592 0.661867 0.359463 0.288485 0.867274 0.956264 0.726867 0.770312 1.09575 0.22723 0.833106 0.875639
0.352682 0.312893 0.739698 0.146672 0.924447 0.990748 0.546448 0.107321 0.596571 0.982097 0.762289 0.721366 0.79652 1.01784 0.803741 0.872635 0.664591 0.494815 0.217444 0.948359 0.720424 0.114345 0.408385 0.736213 0.182198 0.820265 0.506622 0.807199 0.98478 1.13395 0.547785 0.930044 0.997709 0.221821 0.70893 0.501397 0.858422 0.529671 0.453352 0.785928 0.486961 0.103882 0.424646 0.641596 0.398835 0.7384 1.16718 0.941433 0.32664 1.06311 0.593462 0.493775 0.978017 0.423155 0.572553 1.09862 0.41624 0.937206 0.846717 1.1713 0.104168 0.918221 0.268889 0.777328 0.640285 0.494299 0.38941 0.65068 1.16521 0.714168 0.759659 0.865502 0.0890945 0.90053 1.06066
0.335415 0.370331 0.724565 0.324827 0.786868 0.80002 0.509503 0.155635 0.698055 0.972912 0.856077 0.728118 0.60012 1.24039 0.901226 0.824244 0.577104 0.256174 0.113607 0.958676 0.856399 0.0591782 0.447387 0.669916 0.18923 0.805209 0.601045 0.920215 0.850271 1.24709 0.471821 1.18464 1.21359 0.294496 0.685345 0.358883 0.94737 0.592925 0.415423 0.708373 0.407702 0.233452 0.241327 0.857027 0.394652 0.944206 0.94694 0.848342 0.277333 1.11299 0.651535 0.57536 0.938512 0.390979 0.508999 1.06386 0.694242 0.821776 0.623173 1.08439 0.0661359 1.16147 0.387499 0.893968 0.577519 0.326543 0.34204 0.850633 1.12158 0.750373 0.797827 0.902766 0.13248 0.903442 1.12069
0.229796 0.354404 0.725678 0.27628 0.756775 1.00423 0.527935 0.28656 0.540797 0.83101 0.881161 0.994774 0.764117 0.9607 0.915856 1.01751 0.49573 0.335925 0.389116 1.13677 0.897946 0.338064 0.408055 0.530214 0.225936 0.683772 0.692569 0.753372 1.12194 1.12026 0.593769 1.01116 1.0824 0.231493 0.789202 0.447265 0.853065 0.396778 0.372878 0.765737 0.497678 0.109818 0.344476 0.879253 0.329166 0.820742 1.13778 0.985163 0.39775 1.00889 0.585299 0.673507 1.03286 0.433935 0.507387 0.96379 0.509308 0.972396 0.717936 0.994425 0.276388 1.00053 0.262455 0.61427 0.772999 0.316636 0.308753 0.811762 1.11105 0.528023 0.569153 0.986018 0.0876912 0.979453 0.937004
0.414084 0.287094 0.498543 0.165906 0.935426 0.984456 0.509764 0.244331 0.54642 0.934786 0.770878 0.864008 0.709845 1.24934 0.961754 0.962194 0.58954 0.28531 0.108794 1.03338 0.807181 0.278562 0.374074 0.569397 0.178485 0.607684 0.610666 0.772937 0.932758 1.20135 0.468298 1.14098 1.04937 0.256741 0.720603 0.519161 0.748396 0.402648 0.516276 0.809259 0.549627 0.174372 0.390306 0.676125 0.143017 0.80452 1.08186 0.962987 0.472748 1.12635 0.779892 0.415259 1.09189 0.267102 0.354573 1.09715 0.521986 0.857784 0.740698 1.24737 0.139972 0.967377 0.379567 0.889787 0.657456 0.427853 0.426258 0.782905 1.04156 0.561898 0.59571 0.986933 0.173408 0.80436 1.00553
0.391011 0.305181 0.663033 0.116948 0.96063 0.726341 0.372281 0.211183 0.6694 0.850214 0.78578 0.960533 0.790694 1.1909 0.790155 1.09534 0.584835 0.510744 0.281787 0.904405 0.693936 0.312701 0.360225 0.659673 0.245838 0.671372 0.53994 0.817194 0.87652 1.27565 0.730311 0.969657 1.05009 0.356809 0.893893 0.432222 0.717012 0.529899 0.536059 0.848692 0.545756 0.0747895 0.405951 0.765209 0.412221 0.918553 0.934692 0.881024 0.384745 1.10723 0.766593 0.547629 1.09895 0.3263 0.469589 1.03119 0.516789 1.03306 0.838558 1.17344 0.302952 0.984784 0.390584 0.793305 0.768346 0.430657 0.454149 0.723659 0.963776 0.546357 0.790155 0.945952 0.0904876 0.734315 1.13139
0.176379 0.463108 0.546914 0.320305 0.901398 0.931647 0.510606 0.260832 0.594878 1.05187 0.860969 0.9986 0.819803 1.1263 0.734833 0.973282 0.664895 0.513754 0.385781 1.0921 0.670423 0.344963 0.534328 0.635606 0.461648 0.72583 0.602185 0.760228 0.930836 1.0383 0.616011 1.21373 1.25692 0.261033 0.628362 0.312062 0.71841 0.394732 0.502339 0.838777 0.666877 0.0970254 0.25172 0.639084 0.315579 0.835598 0.8943 0.728722 0.454829 1.1007 0.801228 0.64101 0.969946 0.338103 0.382959 1.07157 0.429085 0.881666 0.887055 1.24244 0.0409169 0.888705 0.255143 0.681546 0.754001 0.550904 0.367348 0.680514 0.95429 0.730011 0.603885 1.11722 0.0976415 0.886264 1.01906
0.293467 0.267942 0.667188 0.254685 0.864385 0.841093 0.346863 0.135588 0.604704 0.803135 0.925552 0.975911 0.598633 1.02956 0.679503 0.986934 0.564866 0.409271 0.287097 0.978731 0.704467 0.111847 0.594448 0.511555 0.286966 0.602261 0.676431 0.956412 1.10673 0.993328 0.532558 1.07194 1.09006 0.244566 0.841834 0.491293 0.974848 0.363002 0.573618 0.723484 0.561158 0.0828632 0.29005 0.854114 0.256634 0.668604 0.987869 0.973715 0.259582 1.07296 0.833956 0.480131 1.04284 0.305285 0.385435 1.24807 0.587721 0.788591 0.663776 1.06454 0.02282 1.1159 0.332566 0.877397 0.797151 0.349838 0.334822 0.747158 1.11375 0.527795 0.661988 1.11083 0.111018 0.816957 0.98512
0.400698 0.391555 0.492448 0.244275 0.896967 0.999072 0.496277 0.185916 0.606248 0.773466 0.786685 0.753604 0.603369 1.1091 0.766029 0.874464 0.515022 0.235567 0.241358 0.869472 0.798598 0.299889 0.351558 0.688499 0.386573 0.583953 0.556341 0.685108 0.861794 1.14672 0.709432 1.09073 1.09685 0.261857 0.896889 0.543786 0.964141 0.506918 0.367326 0.825842 0.42666 0.324451 0.31431 0.781908 0.188542 0.853152 1.16081 0.774912 0.314796 1.1987 0.717569 0.654362 0.89908 0.325354 0.414352 0.965717 0.630321 0.949843 0.693064 1.18392 0.213482 1.09253 0.33696 0.610015 0.840357 0.446296 0.473012 0.637169 1.12049 0.622213 0.656074 1.15529 0.104613 0.777064 1.11908
0.352184 0.464477 0.720401 0.316781 0.855865 0.996541 0.256801 0.380961 0.79205 1.01619 0.86067 0.97715 0.611714 1.17274 0.952703 0.877787 0.549829 0.50663 0.288402 1.07725 0.844382 0.0698278 0.63851 0.601795 0.306355 0.575902 0.627727 0.970102 1.12717 1.02952 0.678845 1.09592 1.25373 0.188542 0.732083 0.413038 0.705415 0.545416 0.30968 0.763819 0.41683 0.0982719 0.218676 0.729083 0.25998 0.923347 1.1056 0.92156 0.438486 1.21047 0.734512 0.453027 0.991225 0.225178 0.326929 1.21266 0.511814 0.991153 0.772278 1.09052 0.0267575 1.16851 0.333628 0.881924 0.720623 0.413418 0.236128 0.652619 0.912735 0.596987 0.851758 0.869704 0.26131 0.930016 0.963362
0.271453 0.360167 0.748034 0.394103 0.866776 0.949589 0.460287 0.340175 0.526479 0.823191 0.765793 0.727 0.797755 1.13748 0.739891 0.969139 0.54253 0.488282 0.15741 0.980819 0.828831 0.0880544 0.537619 0.711478 0.280533 0.589283 0.726393 0.726562 1.11807 1.06665 0.531509 0.939938 0.985875 0.236414 0.788773 0.556276 0.726273 0.328709 0.399913 0.82957 0.548833 0.303237 0.183583 0.704008 0.374945 0.74498 1.14159 0.982295 0.281129 1.08134 0.756021 0.408951 1.06327 0.286737 0.345745 1.08017 0.669453 0.910726 0.863589 1.22789 0.0956185 1.02697 0.424943 0.824805 0.642556 0.570195 0.324068 0.613272 1.10002 0.539024 0.595754 1.0526 0.291929 0.880244 1.16681
0.400572 0.359397 0.736362 0.160773 0.97058 0.859687 0.370694 0.353607 0.683983 0.816112 0.708417 0.959645 0.84282 1.12931 0.806503 0.954613 0.604219 0.243696 0.38154 1.08502 0.743382 0.164494 0.453018 0.637478 0.427397 0.685353 0.744442 0.96288 1.02086 0.99091 0.576341 1.03381 0.990369 0.299391 0.914551 0.516003 0.737168 0.482279 0.39646 0.891255 0.564202 0.192513 0.169191 0.62203 0.344297 0.817862 0.951866 0.910842 0.2398 0.959844 0.780627 0.557856 0.891085 0.375269 0.314603 1.07607 0.56832 0.943663 0.824306 1.20111 0.306877 1.08758 0.303191 0.823546 0.81706 0.425739 0.334351 0.65398 1.08628 0.803507 0.643327 0.919844 0.0718991 0.723311 1.10877
0.271814 0.272396 0.484239 0.313045 0.943822 0.888793 0.272505 0.298629 0.540781 0.878849 0.874637 0.94053 0.751031 1.24287 0.778475 0.89727 0.665396 0.35332 0.309083 0.935298 0.811406 0.294429 0.593542 0.750415 0.361705 0.525411 0.587523 0.974824 0.941112 1.05443 0.688579 1.16452 1.07925 0.180073 0.913044 0.559368 0.725574 0.440959 0.487581 0.755904 0.395029 0.0655092 0.180913 0.702586 0.14673 0.857138 1.02975 0.946745 0.449167 1.22381 0.856684 0.457808 1.09145 0.241509 0.531447 1.00653 0.608605 1.01338 0.830007 1.088 0.302118 0.961177 0.249385 0.666088 0.573669 0.58916 0.346448 0.896561 1.19371 0.745089 0.660036 1.00198 0.0645039 0.797214 1.11345
0.209732 0.407007 0.553703 0.213346 0.867386 0.93016 0.462047 0.365886 0.620733 0.870902 0.737492 0.904505 0.779353 1.23962 0.807966 1.00371 0.559971 0.344158 0.1885 0.972578 0.622921 0.341532 0.364689 0.615716 0.377292 0.78467 0.666089 0.822313 1.05932 1.00306 0.712639 1.09451 0.987797 0.314138 0.695903 0.460217 0.920004 0.472529 0.510789 0.883456 0.405705 0.213643 0.154295 0.777153 0.303172 0.901037 1.15634 0.84524 0.324168 1.05129 0.746052 0.44301 1.00914 0.214951 0.509121 1.19074 0.697196 0.780843 0.758082 1.12238 0.0202905 1.10647 0.383423 0.641293 0.708295 0.60194 0.228644 0.66891 1.13947 0.776537 0.568538 0.9874 0.300861 0.830482 0.878351
0.288075 0.285544 0.687894 0.372182 0.996532 0.857645 0.414272 0.113995 0.633947 0.964923 0.812674 0.91285 0.580824 1.18346 0.679412 1.00814 0.721943 0.330896 0.186197 0.855373 0.723514 0.232623 0.391226 0.625547 0.179698 0.672973 0.549702 0.700734 1.06367 1.16473 0.648686 1.00658 1.20877 0.356902 0.908893 0.52455 0.85931 0.561468 0.406597 0.731167 0.477659 0.318368 0.372214 0.620452 0.1664 0.743007 0.910436 0.910447 0.492655 0.969974 0.653266 0.481681 1.00244 0.431399 0.548475 1.01688 0.5542 0.808451 0.631056 1.07893 0.14297 1.05519 0.239865 0.822102 0.764605 0.613261 0.309223 0.642623 1.10613 0.75947 0.858428 1.03445 0.130568 0.895997 1.15783
0.142792 0.207298 0.736097 0.15067 0.865479 0.77729 0.473774 0.359198 0.748039 0.947149 0.652134 0.801297 0.832009 1.15101 0.795083 0.994144 0.563092 0.515373 0.0967245 1.03286 0.901322 0.181303 0.540385 0.488092 0.450641 0.786296 0.494623 0.796086 1.11298 1.06496 0.504192 1.21524 1.07595 0.310649 0.790711 0.350178 0.767659 0.577673 0.472801 0.660349 0.620649 0.283666 0.39193 0.630065 0.318494 0.844726 0.938586 0.821259 0.384606 1.05661 0.869489 0.484626 1.0763 0.371609 0.408975 1.10144 0.56361 1.07516 0.728519 1.20612 0.28835 0.897118 0.369928 0.605121 0.865285 0.537222 0.403029 0.912517 0.925122 0.531143 0.679504 1.07297 0.312626 0.776878 1.14341
0.237738 0.300381 0.594654 0.23003 1.00789 0.764946 0.460975 0.218063 0.528904 0.790832 0.931595 0.897458 0.569093 1.11766 0.816391 0.978634 0.487464 0.508309 0.259719 0.881322 0.80498 0.346464 0.410611 0.484536 0.267865 0.770957 0.687377 0.751183 1.1399 0.990093 0.56021 1.18501 1.17298 0.243279 0.875862 0.45713 0.707032 0.601447 0.492564 0.948956 0.384607 0.0784966 0.220058 0.713725 0.253783 0.660546 1.05183 0.866797 0.378638 1.05962 0.683291 0.401118 1.02788 0.172043 0.560014 0.988763 0.425367 1.06568 0.832656 1.15727 0.17033 0.885306 0.417184 0.811064 0.573623 0.598526 0.417718 0.850886 1.14573 0.791564 0.631798 1.12256 0.09571 0.7328 0.991332
0.375982 0.438135 0.515683 0.21705 0.977533 0.96589 0.334647 0.270095 0.691923 1.01722 0.892651 0.919881 0.840606 1.11584 0.962481 0.880868 0.648026 0.429625 0.263435 1.04613 0.643755 0.265269 0.642042 0.707169 0.417391 0.728598 0.615613 0.757419 0.96883 1.01334 0.456484 1.10553 1.04078 0.147967 0.658347 0.303885 0.812979 0.54631 0.331728 0.66904 0.477555 0.0686836 0.383055 0.808885 0.150362 0.872636 1.15705 0.862432 0.35033 1.20567 0.668406 0.572544 0.862509 0.412983 0.46991 0.980651 0.491268 0.919356 0.855374 0.981063 0.0937416 0.953144 0.248908 0.702993 0.578931 0.356741 0.263921 0.879625 0.909306 0.790925 0.758636 0.959767 0.161591 0.865967 1.16595
0.141835 0.305522 0.63106 0.363712 0.984902 0.867996 0.468039 0.245886 0.581816 0.973358 0.822543 0.918369 0.806779 1.21642 0.939965 0.964445 0.577636 0.328868 0.241084 1.1338 0.718308 0.304407 0.413932 0.66674 0.446899 0.689777 0.468365 0.797638 1.0398 1.27674 0.587632 1.01568 0.982811 0.334437 0.833456 0.484214 0.840438 0.586326 0.311759 0.955695 0.674082 0.31676 0.314424 0.614208 0.420152 0.907253 1.01028 0.880097 0.421975 0.993876 0.803766 0.625162 0.932775 0.281728 0.45803 0.963076 0.569832 1.04276 0.753993 1.09789 0.286946 0.892985 0.251489 0.847437 0.642372 0.544311 0.177796 0.829357 1.04189 0.590405 0.594457 1.07694 0.109576 0.723418 0.930966
0.281129 0.43221 0.58444 0.157565 0.91792 0.995559 0.432843 0.347204 0.599598 1.02668 0.878056 0.765584 0.714702 1.12016 0.784497 1.10271 0.71472 0.521227 0.288046 0.969353 0.676217 0.184709 0.482141 0.50129 0.387365 0.617278 0.759731 0.829173 0.859665 1.23808 0.448103 1.17423 1.18504 0.328024 0.889211 0.568015 0.858006 0.304308 0.42747 0.840227 0.598435 0.332813 0.290044 0.845212 0.2541 0.803696 0.920736 0.968716 0.511574 0.965627 0.729396 0.40887 1.09202 0.281555 0.529744 1.01727 0.464511 0.795597 0.788522 1.18609 0.308922 1.08936 0.387061 0.87048 0.63858 0.326959 0.46713 0.681291 0.932169 0.619417 0.773073 1.07701 0.0768807 0.764408 1.01219
0.301053 0.443329 0.634077 0.240241 0.969891 0.860573 0.548136 0.254429 0.689944 0.815938 0.741968 0.950578 0.718337 1.25976 0.751303 0.971999 0.582557 0.259113 0.286856 0.965988 0.621361 0.299971 0.518666 0.74019 0.391457 0.698618 0.487677 0.787818 1.11367 1.01201 0.511232 1.20858 0.975348 0.186699 0.922271 0.368597 0.698403 0.503768 0.336592 0.711782 0.569797 0.244867 0.152161 0.87345 0.298046 0.942145 1.13966 0.864477 0.408813 1.00249 0.867844 0.650299 0.863731 0.370924 0.473557 0.963929 0.61155 1.0233 0.784006 1.25217 0.1564 1.17083 0.180573 0.833613 0.739623 0.354976 0.24757 0.642776 1.19373 0.808215 0.586791 0.917794 0.116235 0.763957 0.92408
0.321723 0.349075 0.489524 0.287499 0.746964 0.762769 0.289356 0.15585 0.714037 1.05919 0.770024 0.960715 0.725285 1.21004 0.782165 1.0804 0.655764 0.437436 0.169284 1.03363 0.812824 0.213056 0.480746 0.637993 0.301942 0.721972 0.514641 0.820134 0.892301 1.15431 0.625128 1.09297 1.24383 0.238046 0.636127 0.492866 0.932442 0.354992 0.577737 0.699268 0.558381 0.302394 0.37546 0.795433 0.169903 0.919353 1.10583 0.873861 0.267779 0.967109 0.629664 0.489537 1.03199 0.300125 0.392758 1.21236 0.447455 0.805467 0.719795 1.13282 0.268392 1.00255 0.190488 0.802723 0.631156 0.612883 0.229173 0.784755 0.953469 0.697387 0.655 0.98023 0.133571 0.89457 1.04284
0.333189 0.296212 0.551685 0.246954 0.962757 0.763434 0.316598 0.302766 0.705399 0.922359 0.816219 0.904789 0.769712 1.1575 0.833623 0.999465 0.624963 0.491725 0.378829 0.904784 0.827076 0.184167 0.438674 0.556107 0.338986 0.716957 0.474336 0.929587 1.0288 1.13134 0.64381 1.159 1.11655 0.16714 0.876394 0.430766 0.891636 0.559496 0.397027 0.793064 0.607166 0.321008 0.41452 0.64798 0.26752 0.702206 1.15071 0.703177 0.268974 1.09254 0.783873 0.651275 0.976454 0.310815 0.569089 1.15623 0.617469 0.864562 0.630118 1.17359 0.0688566 1.06772 0.324587 0.723948 0.594935 0.342898 0.24212 0.912011 1.16388 0.613707 0.600327 1.15502 0.272617 0.97294 1.01071
0.366386 0.423601 0.586934 0.195964 0.759952 0.930524 0.415323 0.219651 0.564407 0.922631 0.846835 0.814188 0.685985 1.14312 0.736639 0.861176 0.590545 0.398434 0.343889 1.09199 0.652993 0.23331 0.430754 0.724759 0.454312 0.689946 0.55576 0.752592 0.918101 0.983606 0.600871 1.05102 1.24638 0.341923 0.639172 0.410881 0.706453 0.481982 0.52996 0.849845 0.551877 0.233376 0.17037 0.660288 0.14091 0.807809 0.990881 0.766768 0.399975 1.07133 0.71059 0.591258 1.078 0.268089 0.485616 1.03703 0.597938 0.895505 0.720503 1.15905 0.218053 0.946146 0.190995 0.662924 0.788002 0.409209 0.342986 0.61411 1.00591 0.60476 0.79409 0.974379 0.281787 0.928903 0.939968
0.352727 0.21073 0.675415 0.355771 0.898906 0.760703 0.510963 0.297848 0.739246 0.856356 0.849565 0.73635 0.803616 1.03037 0.908102 0.878256 0.642679 0.523512 0.335958 1.08217 0.893626 0.202546 0.4938 0.597496 0.177224 0.578031 0.68426 0.89268 1.09474 1.26863 0.734688 0.946651 1.02348 0.258492 0.767357 0.303282 0.760542 0.417939 0.346451 0.868622 0.556224 0.278091 0.194368 0.631784 0.354317 0.864612 1.0062 0.703476 0.336844 1.08259 0.801984 0.463001 0.869063 0.443004 0.560945 0.976852 0.41828 0.841825 0.839085 1.21789 0.0562904 0.937733 0.463858 0.663309 0.73881 0.567027 0.405774 0.679785 0.967411 0.742569 0.631491 1.05427 0.236429 0.872887 0.950145
