25 75
0.638423 1.09354 0.922515 0.477771 0.550481 0.653694 0.578071 0.212098 0.394449 0.306701 0.459396 0.503602 0.165043 0.912766 0.292671 0.613237 0.511249 0.405511 0.534883 0.564767 0.927125 0.427765 0.439448 0.796351 0.598571 0.53248 0.994643 0.674664 0.930741 1.13386 1.00793 0.900563 0.618972 0.873018 0.699791 0.678829 0.599727 1.0092 0.395037 0.392617 0.407252 0.138509 0.103652 0.627626 1.13685 0.880132 0.102152 0.944351 0.293593 0.425009 0.895874 0.763987 0.740078 0.872885 0.885892 0.55793 0.49086 1.1708 0.750061 0.791466 0.426061 0.325025 0.551977 0.924715 0.164314 0.982882 0.465525 0.963725 1.01443 0.269822 0.650264 0.240018 0.336658 0.311262 0.328827
0.652608 1.0944 0.898625 0.471223 0.798146 0.600961 0.36999 0.299874 0.376697 0.435144 0.270148 0.438278 0.27724 1.11365 0.190259 0.593954 0.488747 0.553375 0.334191 0.690066 0.696944 0.287803 0.425117 1.031 0.776516 0.476326 1.09776 0.698066 1.02891 1.07094 1.14358 1.04743 0.659527 0.764103 0.964488 0.601046 0.554158 0.962185 0.185943 0.670828 0.69531 0.148609 0.26876 0.445656 0.9911 0.695857 0.346838 0.964446 0.474011 0.365956 0.904287 0.774348 0.891124 0.839388 0.837772 0.621722 0.5352 1.1141 0.787554 0.701568 0.48079 0.36304 0.583079 1.15229 0.0402805 0.93919 0.618949 1.07697 0.876029 0.455449 0.723403 0.372058 0.322555 0.301377 0.347761
0.660925 1.07373 0.864237 0.308477 0.553603 0.372411 0.614611 0.181477 0.308042 0.418134 0.260245 0.51623 0.133949 1.00914 0.119699 0.580489 0.543168 0.404575 0.531076 0.706056 0.844257 0.393034 0.593778 0.991115 0.561478 0.392692 0.895861 0.798978 0.914116 1.22887 1.02776 0.931628 0.578217 0.686045 0.702851 0.615355 0.528804 0.849243 0.305502 0.670613 0.417719 0.0794048 0.309972 0.693204 0.961897 0.911998 0.108101 0.803071 0.336624 0.269155 1.05145 0.791662 0.902573 0.885803 0.860082 0.362855 0.484496 1.137 0.948011 0.891656 0.503171 0.230059 0.603431 0.873226 0.17698 0.971978 0.628155 1.20383 0.983453 0.325744 0.814416 0.29232 0.228239 0.454085 0.387065
0.603703 0.845933 0.774018 0.435829 0.6801 0.527636 0.409076 0.0998539 0.496468 0.417469 0.427449 0.476116 0.385648 0.972766 0.286643 0.529395 0.30791 0.38962 0.346905 0.804417 0.787298 0.332342 0.484198 0.817817 0.716416 0.614302 0.912096 0.65935 1.01022 1.054 1.13469 0.810078 0.419848 0.728811 0.974084 0.624237 0.46575 0.911945 0.130234 0.640615 0.569691 0.20928 0.120548 0.529702 0.963507 0.778641 0.0620052 0.876531 0.488328 0.377269 1.09902 0.858013 0.916448 0.904672 0.787597 0.596948 0.453426 1.06608 1.02127 0.742553 0.51362 0.280382 0.415476 0.979534 0.25609 1.13168 0.535781 1.0439 0.880358 0.431685 0.582306 0.339585 0.249069 0.401572 0.137409
0.401996 0.995073 0.763431 0.365996 0.54713 0.587439 0.425484 0.184837 0.256114 0.456379 0.357872 0.489495 0.267138 1.07125 0.297034 0.443814 0.374315 0.489093 0.55213 0.660656 0.72488 0.522047 0.485952 1.05063 0.559167 0.540484 1.09418 0.792434 1.01179 1.20107 1.09852 1.06648 0.522999 0.963824 0.924182 0.791673 0.669795 0.874866 0.313033 0.617916 0.414676 0.321803 0.0413003 0.707484 1.01455 0.660358 0.268758 0.783513 0.306181 0.297567 1.12864 0.829568 0.761094 0.897426 0.759272 0.381249 0.570088 1.14861 0.878506 0.746603 0.396281 0.2271 0.636903 1.02309 0.0594532 1.22043 0.482 1.02445 0.891613 0.290289 0.789002 0.412786 0.160675 0.354855 0.290726
0.440775 1.07308 0.905044 0.300479 0.592803 0.44462 0.474187 0.271736 0.356653 0.328566 0.299137 0.549924 0.153875 0.848098 0.16093 0.54043 0.363167 0.398599 0.404247 0.804381 0.739102 0.393113 0.637043 1.03756 0.759721 0.480924 0.84444 0.745971 1.04139 1.08926 1.11297 1.025 0.56827 0.861049 0.843521 0.810297 0.724879 0.943395 0.359484 0.544563 0.617143 0.199923 0.235279 0.637481 1.15886 0.859151 0.0989323 1.02714 0.463506 0.233149 0.987298 0.685436 0.809037 0.640092 0.808486 0.460045 0.69667 1.16853 0.903635 0.911868 0.460115 0.400689 0.564784 1.03692 0.253204 0.936955 0.509961 1.16469 0.863722 0.448314 0.685602 0.424359 0.340317 0.509623 0.35337
0.45318 0.982458 0.735882 0.469564 0.596365 0.615875 0.417588 0.141533 0.429295 0.41407 0.18441 0.504083 0.218529 0.825876 0.0882788 0.399598 0.255704 0.51919 0.518938 0.656043 0.747043 0.545294 0.458996 0.971619 0.831533 0.528345 0.854116 0.928683 1.0057 1.1688 1.04843 0.93639 0.48178 0.7067 0.751285 0.632078 0.465513 0.826153 0.248644 0.422128 0.421321 0.341964 0.278184 0.460329 1.20669 0.722702 0.0977528 0.939221 0.388239 0.428823 1.11693 0.889286 0.964417 0.896248 0.969227 0.403389 0.642322 1.25432 0.747862 0.859388 0.633094 0.241056 0.528432 0.900126 0.0537969 0.96224 0.696784 0.922292 0.940495 0.275174 0.81476 0.402709 0.0932454 0.493868 0.325374
0.63219 0.840199 0.667389 0.446707 0.581124 0.534487 0.454153 0.330695 0.368187 0.477267 0.405003 0.437565 0.352246 1.11861 0.284525 0.400301 0.313414 0.399679 0.394864 0.706692 0.66587 0.474586 0.509365 0.898304 0.739009 0.465872 1.07715 0.742301 1.04838 1.12925 1.21826 0.882029 0.554223 0.927154 0.876273 0.713183 0.516647 0.972385 0.25967 0.490347 0.41339 0.322116 0.135004 0.566085 1.03959 0.719297 0.263899 0.762236 0.545802 0.3466 1.06047 0.716825 0.957553 0.671591 0.891066 0.43997 0.629441 1.07169 0.804999 0.828063 0.438811 0.216346 0.502473 1.09532 0.331607 1.21761 0.73869 0.933251 0.86135 0.364629 0.681739 0.184409 0.0889983 0.384116 0.300346
0.437562 1.02365 0.880408 0.493976 0.764399 0.542347 0.389461 0.0579478 0.521272 0.483038 0.216583 0.583132 0.334803 0.906679 0.0499789 0.52594 0.417386 0.427428 0.394352 0.717841 0.70115 0.516555 0.551723 0.833272 0.781388 0.353226 0.986787 0.820202 1.02089 1.08285 1.28895 0.923076 0.554972 0.778772 0.749165 0.643518 0.661066 1.02052 0.318916 0.579013 0.670466 0.316162 0.0236664 0.43505 1.11577 0.698273 0.243096 1.04056 0.477682 0.27554 0.996489 0.840538 0.696794 0.778715 0.818676 0.459571 0.698789 1.10065 0.813024 0.936473 0.522543 0.49265 0.643556 0.956161 0.116609 1.17391 0.596379 1.17369 0.79721 0.486468 0.692826 0.408653 0.320754 0.480037 0.425704
0.458999 1.04343 0.848456 0.281754 0.573059 0.3717 0.534538 0.0661515 0.489083 0.503701 0.338299 0.383181 0.244385 1.12465 0.141046 0.615975 0.486494 0.460429 0.52248 0.82628 0.724638 0.557294 0.589996 0.972552 0.692078 0.613088 0.927108 0.859493 0.831928 1.08048 1.28314 1.04722 0.398093 0.775126 0.954185 0.814106 0.470609 0.972715 0.127476 0.485455 0.56834 0.134932 0.21404 0.471147 0.976621 0.823132 0.158454 0.773896 0.305423 0.398334 1.06584 0.8977 0.848667 0.69476 0.774842 0.559949 0.658819 0.987868 0.85853 0.796314 0.670035 0.387193 0.464274 0.991252 0.231955 1.04931 0.50776 1.14173 0.93228 0.47855 0.816107 0.313374 0.313321 0.441487 0.190016
0.641979 0.939047 0.916114 0.312668 0.555748 0.403965 0.489965 0.245386 0.451376 0.430972 0.228078 0.433929 0.301693 0.963871 0.231601 0.614639 0.509289 0.456608 0.514033 0.582654 0.875673 0.43655 0.58827 0.820994 0.800359 0.447528 1.03578 0.926085 0.864103 1.21978 1.06023 0.85864 0.640999 0.905587 0.796824 0.650141 0.548649 0.985819 0.404047 0.562039 0.532156 0.0984181 0.197052 0.544857 1.03082 0.821751 0.174936 0.875138 0.377535 0.347684 1.08149 0.793722 0.754643 0.703251 0.794876 0.351753 0.467418 0.995544 0.907388 0.835842 0.524976 0.488522 0.400845 0.991043 0.077619 0.942938 0.742699 1.10802 0.994062 0.391361 0.711701 0.406642 0.185746 0.468818 0.419996
0.493845 1.04305 0.719728 0.501427 0.556849 0.606925 0.411192 0.152428 0.354135 0.514042 0.188422 0.467929 0.299922 1.02746 0.277821 0.516208 0.432685 0.53055 0.542161 0.607863 0.767056 0.558597 0.547015 1.05836 0.755439 0.577946 1.13878 0.714353 0.959241 1.01204 1.09826 1.07126 0.625412 0.695964 0.736193 0.663965 0.647928 1.00423 0.410781 0.448259 0.484415 0.20618 0.262428 0.540324 1.02932 0.800945 0.195004 0.751388 0.439462 0.330117 0.940833 0.927917 0.895203 0.673783 0.762203 0.59478 0.674135 1.01131 0.899981 0.899486 0.444895 0.292965 0.54667 1.04805 0.204305 1.06034 0.578116 0.942933 0.869775 0.470235 0.653456 0.405386 0.0900636 0.420332 0.37805
0.647596 1.02516 0.93116 0.55582 0.540502 0.583308 0.392387 0.147139 0.289443 0.390606 0.414747 0.598308 0.27718 0.939857 0.18857 0.400566 0.542024 0.362665 0.340239 0.651074 0.818296 0.402434 0.427754 0.914332 0.759553 0.489258 1.06113 0.843903 0.991801 1.23339 1.00924 0.953248 0.553149 0.751096 0.858706 0.803027 0.536286 0.836019 0.383219 0.387501 0.676639 0.332277 0.127543 0.673973 1.08458 0.806187 0.177379 0.752656 0.496587 0.345186 0.906192 0.746708 0.897141 0.770109 0.821922 0.40808 0.495445 1.08125 0.938809 0.743204 0.474663 0.219047 0.371951 1.13503 0.307555 1.18498 0.560766 1.19982 0.894917 0.256741 0.776227 0.221496 0.228139 0.549537 0.189046
0.461215 0.981851 0.867816 0.328551 0.722748 0.40304 0.371003 0.285135 0.422771 0.273394 0.316393 0.585104 0.350472 0.908952 0.282442 0.344604 0.422378 0.33932 0.342641 0.632434 0.824331 0.309455 0.537117 1.0916 0.710591 0.545378 0.898585 0.831783 0.955413 1.10572 1.09788 0.883455 0.656343 0.700628 0.696756 0.773536 0.634357 0.880816 0.155898 0.409766 0.459189 0.370742 0.0817285 0.682598 1.06766 0.762593 0.310688 0.82676 0.425724 0.232659 1.14273 0.847211 0.972454 0.793035 0.840899 0.554549 0.451514 1.16612 0.98802 0.706809 0.400161 0.254335 0.58967 1.00048 0.214825 1.10639 0.655193 1.1623 1.03591 0.296203 0.703157 0.290762 0.342794 0.461336 0.287433
0.478981 1.07175 0.694898 0.423694 0.733707 0.567724 0.626217 0.339328 0.390833 0.289968 0.2276 0.626823 0.238076 0.930692 0.048634 0.38293 0.296464 0.47771 0.442736 0.804857 0.738117 0.345695 0.366077 0.955571 0.709518 0.407296 0.886292 0.648344 1.03036 1.15789 1.22269 0.848542 0.423706 0.924359 0.90479 0.652372 0.468799 0.832979 0.224093 0.562985 0.639682 0.271911 0.217361 0.644701 1.1808 0.79027 0.310322 1.01147 0.445403 0.291953 1.11695 0.861447 0.765961 0.74717 0.990409 0.43894 0.441762 0.981021 1.02358 0.75726 0.409098 0.387864 0.527652 1.10158 0.0862555 0.945386 0.579819 1.16459 0.91436 0.375524 0.635576 0.266613 0.201013 0.400192 0.195736
0.544548 0.878946 0.717828 0.275908 0.757717 0.468657 0.621342 0.0571857 0.288329 0.41822 0.187859 0.559927 0.319834 0.924575 0.153902 0.413872 0.38073 0.43537 0.506561 0.779344 0.829586 0.464981 0.345009 0.990872 0.638907 0.52006 0.877242 0.82386 0.815628 1.10402 1.05367 0.89595 0.496629 0.900353 0.722587 0.812551 0.497121 0.822481 0.400504 0.506511 0.595828 0.292454 0.304885 0.478336 1.05279 0.825847 0.201558 0.998812 0.518068 0.436775 1.05277 0.915355 0.725778 0.853689 0.733185 0.529869 0.634643 0.986596 0.888172 0.810871 0.418869 0.375842 0.581617 0.902045 0.125025 1.0004 0.63612 1.19446 0.858757 0.469928 0.836028 0.388684 0.150911 0.5323 0.146622
0.576498 0.814917 0.901249 0.421388 0.721223 0.636966 0.494124 0.284748 0.425001 0.341031 0.406422 0.561791 0.120634 0.984529 0.0410525 0.403404 0.296896 0.419736 0.581997 0.698699 0.897944 0.335963 0.386745 1.06706 0.781329 0.494322 0.906837 0.893612 0.916173 1.17568 1.1907 0.916154 0.439 0.802427 0.802539 0.666364 0.529005 0.9774 0.378332 0.582786 0.500344 0.137481 0.106331 0.696702 1.03775 0.898631 0.247316 0.770938 0.291588 0.34282 0.980634 0.890261 0.913798 0.782833 0.970926 0.535915 0.561495 1.10513 0.986215 0.722123 0.628957 0.368431 0.430044 1.03561 0.04688 0.966789 0.581225 1.03587 0.861741 0.361879 0.694784 0.352975 0.22602 0.569129 0.170781
0.414963 0.927788 0.772905 0.372852 0.532145 0.40233 0.492751 0.293001 0.396758 0.396345 0.405396 0.479059 0.351755 1.10441 0.197995 0.487931 0.441474 0.455605 0.459968 0.603483 0.756455 0.354722 0.543399 0.957894 0.777565 0.63046 0.979781 0.85064 0.86969 1.05349 1.12917 1.00196 0.677102 0.693309 0.771659 0.832804 0.746344 0.863339 0.205406 0.448409 0.65538 0.371615 0.139368 0.415113 1.21753 0.706843 0.150038 0.793653 0.280028 0.343905 1.10925 0.6953 0.861859 0.636823 0.933109 0.532669 0.64418 1.19903 0.927057 0.815416 0.418536 0.220853 0.468491 0.982035 0.107801 1.04606 0.670727 0.941061 0.808903 0.456195 0.76208 0.35721 0.162194 0.405075 0.361058
0.506474 1.07927 0.829863 0.472992 0.551982 0.554779 0.403795 0.0826396 0.506224 0.249026 0.34493 0.411474 0.38997 0.896744 0.205448 0.417819 0.376992 0.591883 0.420229 0.578395 0.704971 0.269298 0.465679 0.956696 0.587308 0.548624 1.01203 0.934506 0.876551 1.25149 1.05191 0.788408 0.388916 0.754579 0.77464 0.592792 0.723182 0.913844 0.283038 0.632478 0.680819 0.169801 0.168084 0.534826 1.03629 0.752608 0.21852 0.946993 0.29636 0.456569 1.13522 0.876587 0.939355 0.770734 0.797678 0.388913 0.56788 0.991689 0.992262 0.841981 0.436652 0.217362 0.384032 1.09255 0.223902 1.18001 0.609208 1.06755 0.964587 0.217637 0.580408 0.399957 0.27937 0.282136 0.288594
0.531837 0.905056 0.954604 0.364189 0.722593 0.578804 0.421336 0.0882127 0.406397 0.359798 0.407668 0.46136 0.377409 1.0139 0.0365369 0.416599 0.342978 0.55804 0.4225 0.575486 0.796569 0.550292 0.563385 0.853003 0.809831 0.488535 0.872952 0.78495 0.950145 1.22196 1.00394 0.990112 0.483251 0.784513 0.953298 0.790088 0.554278 0.79834 0.256535 0.658178 0.456313 0.367058 0.0899966 0.642394 1.14331 0.709904 0.237424 0.83453 0.452412 0.430362 1.06062 0.866663 0.747452 0.674289 0.791381 0.55234 0.483224 1.01465 0.936989 0.694108 0.409148 0.438036 0.365141 1.01397 0.171059 1.01147 0.719676 0.95008 0.760971 0.381444 0.626946 0.342153 0.237019 0.501497 0.394133
0.656152 1.01704 0.744786 0.422999 0.783124 0.405078 0.436667 0.310707 0.249741 0.297741 0.364914 0.509663 0.360893 1.07197 0.144988 0.350057 0.284121 0.611294 0.391215 0.621137 0.681393 0.451321 0.597959 0.976961 0.777052 0.368451 1.07331 0.813572 0.983695 1.19611 1.08265 0.993861 0.638583 0.960222 0.748957 0.661743 0.752129 0.849215 0.31431 0.618716 0.596828 0.100615 0.205318 0.413098 1.02696 0.828771 0.184489 1.0474 0.464067 0.380674 1.14328 0.687909 0.980559 0.717948 0.776012 0.616783 0.566027 1.02579 0.799957 0.950049 0.525424 0.286956 0.495443 0.993501 0.178995 1.13133 0.624099 0.921982 0.82902 0.279373 0.622499 0.184514 0.291348 0.512414 0.186277
0.505067 0.938394 0.952709 0.391034 0.587359 0.478851 0.45555 0.0506213 0.457173 0.438668 0.440643 0.566982 0.133711 1.11976 0.143609 0.483082 0.398477 0.506531 0.454514 0.629482 0.752898 0.288806 0.626537 0.920249 0.768258 0.39376 1.13114 0.653741 0.987809 1.10935 1.27296 1.05868 0.415081 0.853926 0.869185 0.685032 0.518715 1.07067 0.276862 0.449515 0.549448 0.231744 0.245463 0.564532 1.01965 0.745029 0.350554 0.751507 0.478512 0.38029 0.88621 0.795448 0.795742 0.737828 0.939498 0.340553 0.589669 1.16398 0.890199 0.736342 0.553485 0.474327 0.626182 1.01808 0.0511123 1.09291 0.682967 1.01799 0.757143 0.231946 0.57994 0.339819 0.308767 0.363706 0.367505
0.432512 1.07217 0.857325 0.412339 0.577477 0.599551 0.438649 0.0669353 0.245294 0.345915 0.25743 0.623267 0.186259 0.924255 0.0873095 0.410425 0.494459 0.370054 0.449104 0.571878 0.836155 0.288172 0.479165 1.0436 0.758562 0.50539 1.02525 0.772301 0.993436 1.22913 1.06434 0.931172 0.553388 0.760465 0.975504 0.594748 0.504613 0.836868 0.210452 0.438808 0.52627 0.254844 0.229958 0.640158 1.23588 0.815392 0.115653 0.879747 0.285699 0.309858 1.08111 0.830026 0.899309 0.656918 0.814271 0.470499 0.638949 1.14477 0.995986 0.890225 0.501234 0.234736 0.508261 0.928992 0.107206 1.10787 0.536005 0.941592 0.761857 0.243543 0.832587 0.267817 0.19437 0.3019 0.213183
0.457813 0.835454 0.808596 0.368365 0.738312 0.596064 0.623834 0.102802 0.358251 0.273719 0.457283 0.518156 0.287267 0.963201 0.303799 0.345659 0.318977 0.587202 0.559308 0.773541 0.940492 0.38585 0.629784 0.962167 0.697976 0.489163 0.943314 0.768661 0.856732 1.08467 1.26379 0.979266 0.660556 0.836417 0.914556 0.814516 0.471739 0.82293 0.118326 0.494744 0.448361 0.299482 0.25743 0.412012 0.992637 0.753727 0.158498 0.998037 0.273991 0.274578 1.12631 0.901483 0.99539 0.732122 0.851023 0.59821 0.604847 1.19676 0.981679 0.75685 0.524193 0.21278 0.574858 1.10576 0.279606 1.15176 0.618393 0.932491 0.891629 0.367102 0.771576 0.177943 0.329714 0.461687 0.391435
0.575038 1.04426 0.895031 0.484772 0.531787 0.609184 0.485567 0.238683 0.349786 0.446313 0.439124 0.516279 0.181652 0.853887 0.144881 0.51283 0.47652 0.410605 0.362666 0.728259 0.7811 0.510729 0.455483 0.813029 0.561695 0.406351 0.903127 0.921819 1.00937 1.20005 1.20372 0.958196 0.446275 0.765899 0.755335 0.663545 0.712255 0.878334 0.21664 0.656266 0.458592 0.177134 0.0653078 0.609281 1.1751 0.681821 0.245041 0.951582 0.400331 0.199171 1.01887 0.933357 0.704263 0.863297 0.830879 0.520238 0.690241 1.19003 0.823329 0.8682 0.596701 0.217595 0.540143 1.14477 0.275104 1.08315 0.61718 0.979042 0.916786 0.22661 0.755972 0.152378 0.0669428 0.450648 0.330215
