25 75
0.765867 0.373587 0.448626 0.332073 0.27779 0.6966 0.36756 0.523517 0.774624 1.20113 0.941007 0.493868 0.0689683 0.690512 1.01431 0.243363 0.739763 0.906404 0.756712 0.737229 0.649013 1.17876 0.852388 0.310739 1.05391 0.886612 0.575749 0.412058 0.191588 0.336328 0.809665 0.740204 0.731268 0.647735 0.896169 0.0332349 0.493026 1.13845 0.252909 0.596756 1.13627 0.304583 0.439408 0.792021 0.28787 0.697232 0.6064 1.09768 0.62076 1.06389 0.249874 0.194188 0.792854 0.943481 0.0747151 0.858259 0.348334 0.995402 0.710596 0.307896 0.787268 0.291567 0.983553 0.760771 0.544243 0.457493 0.15967 0.65294 0.693595 0.417122 0.632384 0.559695 0.315555 0.839449 0.577664
0.888615 0.322946 0.365588 0.408784 0.162379 0.85163 0.438257 0.578181 0.846756 1.09181 0.886452 0.606828 0.286778 0.640111 0.870168 0.165323 0.632753 0.748686 0.565723 0.976501 0.472914 1.18872 0.798967 0.2492 1.01525 0.779426 0.499647 0.612951 0.228585 0.478954 0.858888 0.739953 0.862929 0.68845 0.856017 0.178394 0.534976 0.894061 0.235549 0.432619 0.910847 0.510065 0.417774 0.846156 0.355531 0.463223 0.612034 1.03784 0.568077 0.928811 0.109359 0.266301 0.80833 0.918508 0.0716072 0.75499 0.367242 1.16736 0.614447 0.488872 0.83243 0.0309697 1.06484 0.881176 0.494458 0.256973 0.0945557 0.647972 0.607436 0.544162 0.580632 0.520963 0.199357 0.879352 0.532206
0.69733 0.407875 0.180665 0.380149 0.242524 0.833678 0.526202 0.331815 0.952219 1.2371 1.11358 0.52792 0.305395 0.654604 1.03025 0.133159 0.688454 0.643194 0.502478 0.754926 0.522664 1.2253 0.92484 0.454669 1.02541 1.02319 0.533134 0.498664 0.19418 0.333041 0.780646 0.704775 0.747303 0.567933 0.793099 0.170798 0.626748 0.896788 0.432832 0.588546 1.1688 0.433457 0.46329 0.955116 0.13 0.651195 0.757334 0.988603 0.598108 1.10438 0.244544 0.32639 0.945279 1.0463 0.294325 0.882607 0.397578 1.04135 0.631674 0.428846 0.845128 0.191089 0.997442 0.79155 0.510634 0.498231 0.285502 0.505815 0.715534 0.383574 0.477426 0.647551 0.359114 0.841375 0.374305
0.731416 0.285761 0.285617 0.407239 0.0456411 0.625623 0.484397 0.598244 0.897981 1.21784 0.92623 0.441481 0.171376 0.53743 0.791294 0.223591 0.726112 0.751459 0.682822 0.812409 0.565188 1.06895 0.877185 0.275355 0.963044 0.94735 0.606175 0.6183 0.139357 0.479434 0.900987 0.968479 0.888268 0.562513 0.685415 0.198185 0.765896 1.05989 0.410297 0.336583 1.119 0.379959 0.488859 0.823667 0.149173 0.463894 0.838798 0.952558 0.382849 1.10321 0.237364 0.205248 0.819716 0.769099 0.217048 0.677125 0.229685 1.15734 0.838952 0.445862 0.835971 0.256343 1.09613 0.870928 0.575458 0.285463 0.101896 0.658299 0.673172 0.638808 0.558569 0.616256 0.445737 0.950086 0.383398
0.857366 0.340733 0.243701 0.473471 0.0803997 0.872258 0.505989 0.399075 0.784021 1.18527 0.882174 0.592849 0.177088 0.55754 0.909647 0.184072 0.719698 0.884338 0.761634 0.749348 0.660942 0.996159 0.918354 0.307325 1.03906 1.06705 0.587917 0.536172 0.308785 0.405347 0.833668 0.813198 0.752945 0.753098 0.81951 0.0239149 0.713641 0.864672 0.356598 0.316634 1.17839 0.371279 0.498278 0.94569 0.421086 0.63153 0.795636 1.01468 0.394802 1.06523 0.318024 0.114644 0.820968 0.844224 0.118505 0.629477 0.447984 1.14425 0.792392 0.445115 0.78648 0.287731 0.917627 1.01235 0.551968 0.25715 0.0272536 0.463336 0.596989 0.420505 0.44272 0.480264 0.21515 0.920089 0.393274
0.846537 0.280448 0.172486 0.529367 0.119251 0.780676 0.397457 0.520094 0.951772 1.21988 1.02045 0.496037 0.0675953 0.475255 0.975835 0.107005 0.651128 0.864234 0.496858 0.895255 0.569111 1.15524 0.729172 0.337155 0.955152 0.938245 0.744321 0.377348 0.0674137 0.360838 0.963666 0.903873 0.786282 0.76654 0.670613 0.25801 0.521372 1.1431 0.322617 0.365563 1.07807 0.511289 0.354694 0.8257 0.176844 0.681836 0.591087 0.952474 0.513542 0.978215 0.249497 0.123518 0.777416 0.926299 0.17812 0.73434 0.402377 1.11136 0.796604 0.247775 0.844671 0.074267 0.907516 0.824098 0.426577 0.264831 0.0459508 0.488307 0.689733 0.641527 0.492567 0.706922 0.316101 0.681773 0.29754
0.658154 0.509912 0.3617 0.253745 0.214679 0.868575 0.402611 0.336215 0.789957 1.1295 0.936368 0.582197 0.340285 0.667816 0.74682 0.272191 0.661499 0.643709 0.499843 0.98822 0.574433 1.01187 0.884881 0.197202 0.953998 0.98486 0.720004 0.396188 0.232271 0.50081 0.714988 0.734564 0.767459 0.656177 0.903058 0.192192 0.619719 1.14705 0.45275 0.411626 0.902756 0.473798 0.613994 0.894923 0.257275 0.446034 0.774139 0.881068 0.498663 0.982584 0.243902 0.190808 0.92798 0.89058 0.243594 0.685367 0.2847 1.05774 0.818276 0.445779 0.680555 0.228623 1.08001 1.00474 0.527313 0.287184 0.109036 0.548811 0.684131 0.368547 0.609767 0.717638 0.432759 0.912737 0.413582
0.917516 0.494091 0.408956 0.447766 0.0434991 0.854791 0.495154 0.389208 0.859061 1.07669 1.06114 0.427149 0.330076 0.654554 0.751409 0.147142 0.753043 0.625358 0.698819 0.790742 0.637903 1.2271 0.757743 0.419783 0.794563 1.06076 0.650879 0.504485 0.343406 0.380479 0.798252 0.735129 0.72701 0.629766 0.798299 0.260221 0.544222 1.11374 0.260181 0.361553 0.927027 0.356364 0.388865 0.759051 0.174827 0.418865 0.610184 1.01932 0.580663 1.09142 0.256184 0.0851893 0.897147 0.797024 0.217479 0.917264 0.449559 0.899799 0.627128 0.451737 0.620028 0.224099 0.969805 0.93218 0.434235 0.321965 0.297209 0.522878 0.780878 0.501009 0.556203 0.658477 0.338817 0.730117 0.575645
0.791836 0.314598 0.427945 0.37462 0.177103 0.682976 0.49455 0.624212 0.656259 1.07407 0.933073 0.432134 0.0962059 0.709937 0.84048 0.110919 0.706529 0.71043 0.608015 0.743478 0.483942 1.16576 0.908441 0.433645 1.05839 0.922974 0.733314 0.512479 0.108708 0.569775 0.750864 0.823871 0.969841 0.648312 0.717651 0.148045 0.646205 0.910719 0.306316 0.583666 0.981502 0.346867 0.438437 0.796124 0.128576 0.443484 0.816454 0.879956 0.395681 0.932111 0.180729 0.0896587 0.770274 1.02823 0.19297 0.844355 0.473038 1.05758 0.598037 0.34985 0.627595 0.00617909 0.940454 0.751376 0.398567 0.40355 0.27413 0.628882 0.660914 0.592972 0.510384 0.616619 0.461014 0.92833 0.310441
0.806389 0.391669 0.302627 0.35951 0.171384 0.642097 0.451369 0.407469 0.894504 0.961288 1.03456 0.504525 0.350606 0.642171 0.847564 0.202751 0.745687 0.73253 0.686637 0.772842 0.47083 1.09314 0.889988 0.449798 1.01586 0.804052 0.666269 0.647326 0.0761252 0.344742 0.858743 0.974755 0.889185 0.705726 0.825869 0.201018 0.504215 0.973355 0.227561 0.477631 1.14564 0.581351 0.598419 0.895079 0.242969 0.603949 0.777107 1.01825 0.538133 1.12073 0.209286 0.284512 0.969402 1.01361 0.150161 0.630775 0.293852 1.10639 0.665374 0.219107 0.606355 0.0392323 1.10602 0.913914 0.566298 0.491093 0.211586 0.448501 0.825446 0.445879 0.479232 0.567224 0.420747 0.954152 0.452633
0.765371 0.372351 0.255229 0.510473 0.22229 0.844109 0.46525 0.426509 0.9196 1.2439 0.954203 0.559561 0.207766 0.621965 0.813536 0.236272 0.852339 0.666674 0.629725 0.785603 0.41698 1.08675 0.658639 0.45513 1.08215 0.854871 0.714123 0.602712 0.299136 0.44012 0.760912 0.780324 0.815448 0.661537 0.80174 0.0583088 0.744148 1.1327 0.389239 0.36825 1.17405 0.369387 0.488014 0.775717 0.132841 0.564811 0.694513 1.00339 0.5228 0.859082 0.204871 0.291166 1.01551 1.03227 0.0644645 0.721128 0.35571 0.939186 0.820069 0.310548 0.870018 0.0230859 0.916065 0.888678 0.377604 0.354284 0.133996 0.563888 0.70555 0.576498 0.447444 0.700184 0.413091 0.763728 0.334641
0.852488 0.329588 0.358951 0.406542 0.0256437 0.701612 0.24961 0.488209 0.902288 1.20304 0.986873 0.482989 0.328269 0.465424 0.889055 0.195358 0.898511 0.858711 0.574763 0.862994 0.493433 1.18453 0.656442 0.389114 1.02191 0.873623 0.593229 0.352145 0.265202 0.496194 0.713382 0.982879 0.897901 0.584848 0.7236 0.207576 0.530492 0.93662 0.389305 0.457982 1.01395 0.432857 0.329097 1.01482 0.311395 0.474892 0.855516 1.03615 0.377174 1.00004 0.1527 0.165222 1.00433 0.887297 0.230668 0.887864 0.463426 1.04292 0.843084 0.470465 0.669409 0.270518 1.11282 0.948897 0.405667 0.349657 0.0335503 0.652252 0.860608 0.474508 0.435474 0.720698 0.228132 0.932204 0.339567
0.731721 0.437263 0.181095 0.298618 0.103991 0.712576 0.374647 0.35256 0.676452 1.05145 0.930922 0.46336 0.0813038 0.656947 0.827657 0.252164 0.896595 0.721135 0.692656 0.895412 0.478379 1.13736 0.694312 0.383051 0.822398 0.898503 0.771021 0.581029 0.194246 0.571736 0.937071 0.972077 1.01268 0.680864 0.785617 0.259479 0.563421 1.11219 0.423945 0.429737 0.900466 0.480052 0.573528 0.759627 0.298439 0.475841 0.656135 0.872495 0.59333 0.853443 0.317987 0.0543667 0.975364 0.861657 0.101532 0.6503 0.475418 1.02114 0.667125 0.221406 0.733663 0.293446 0.982019 1.01092 0.496707 0.493453 0.0419188 0.601688 0.819208 0.635721 0.519533 0.700063 0.171146 0.726931 0.442485
0.670842 0.26642 0.284439 0.41936 0.188214 0.709917 0.237669 0.426328 0.658034 1.10451 1.04798 0.611837 0.11236 0.669308 0.80517 0.200778 0.754619 0.696395 0.698631 0.930688 0.530303 1.12038 0.67418 0.359253 0.832223 0.852994 0.697857 0.551954 0.116213 0.41061 0.75014 0.835317 0.792217 0.766142 0.657022 0.0496737 0.731806 0.931178 0.431781 0.488696 0.993983 0.462128 0.43767 0.839034 0.153422 0.585763 0.75662 0.837764 0.485793 1.02906 0.308745 0.0670901 0.984059 0.831597 0.226292 0.799401 0.321232 1.16015 0.84262 0.267368 0.897034 0.184888 1.01246 0.840705 0.484549 0.387048 0.248294 0.514941 0.824616 0.389288 0.626771 0.529949 0.338722 0.892984 0.560395
0.807908 0.465522 0.170912 0.506169 0.240249 0.743505 0.492077 0.512286 0.669758 1.06713 0.932229 0.521918 0.299961 0.657179 0.937551 0.0291398 0.655805 0.758105 0.706817 1.01306 0.551214 1.1116 0.915503 0.45618 1.05338 1.00184 0.49716 0.626072 0.233466 0.376391 0.768796 0.987737 0.831075 0.61292 0.825461 0.260781 0.775276 1.02255 0.457079 0.504042 1.10198 0.399433 0.528583 0.857705 0.390998 0.472482 0.752864 1.02034 0.526153 0.928705 0.215151 0.104166 0.923752 0.873499 0.2569 0.685817 0.42986 1.02621 0.556316 0.455774 0.89295 0.0635491 0.934674 0.864741 0.408509 0.522778 0.178436 0.710716 0.645537 0.366592 0.569035 0.552756 0.377815 0.698464 0.548925
0.856268 0.307376 0.270926 0.330431 0.0708671 0.747136 0.410909 0.337639 0.726045 1.15893 0.874785 0.513608 0.124796 0.592901 1.02418 0.0568229 0.762471 0.859001 0.65415 0.928256 0.625225 1.12746 0.77691 0.309186 0.873333 1.07087 0.644469 0.630449 0.347284 0.30212 0.811841 0.850117 0.985591 0.736105 0.876063 0.0303417 0.757404 0.87306 0.238272 0.378629 0.994436 0.51406 0.529889 0.880898 0.308198 0.644539 0.629355 0.877392 0.629997 0.951969 0.225842 0.107191 1.00521 1.0233 0.300559 0.770496 0.358002 0.915142 0.752592 0.264477 0.768738 0.209747 0.900451 0.895004 0.370378 0.425799 0.00478852 0.507368 0.788475 0.56653 0.542424 0.487934 0.180358 0.688267 0.33926
0.69831 0.406936 0.151435 0.442059 0.121197 0.773272 0.349232 0.489976 0.69268 1.23422 1.03213 0.565344 0.224848 0.463588 1.03445 0.0790511 0.902337 0.742848 0.634259 0.913712 0.51521 1.01296 0.68008 0.37682 0.859086 0.885714 0.772858 0.473838 0.324246 0.448118 0.909832 0.78167 0.963241 0.509002 0.70975 0.288344 0.563213 1.12968 0.378524 0.437391 1.0959 0.418037 0.532504 0.853861 0.288891 0.671143 0.789504 0.883409 0.478146 0.852365 0.235895 0.253259 1.05223 0.936725 0.276479 0.825119 0.488751 1.11472 0.618281 0.3776 0.854274 0.0463876 0.99692 0.765358 0.454425 0.366399 0.197989 0.585222 0.775844 0.389332 0.451861 0.729617 0.16998 0.764559 0.463224
0.705161 0.256721 0.41756 0.359181 0.0734484 0.829328 0.473303 0.350346 0.848237 1.23396 1.09674 0.673465 0.290718 0.628685 0.841884 0.0262117 0.701976 0.734498 0.570873 0.881971 0.404649 1.10803 0.833313 0.337527 0.961189 0.960753 0.675396 0.497041 0.150197 0.504292 0.71269 0.823797 0.962259 0.7556 0.675599 0.241604 0.763174 1.07106 0.435767 0.501857 1.12443 0.352394 0.405785 0.906364 0.37385 0.528874 0.615916 1.0171 0.654671 0.873349 0.147872 0.281895 0.853383 0.94888 0.220741 0.691105 0.515052 0.966152 0.618867 0.290882 0.741352 0.19391 1.01628 0.832419 0.516091 0.37954 0.0114834 0.694501 0.652269 0.515932 0.699888 0.70421 0.456448 0.725091 0.486473
0.860917 0.446699 0.39335 0.483549 0.0468622 0.696196 0.257446 0.493645 0.899266 1.03015 1.13943 0.477669 0.232219 0.534156 0.770989 0.267795 0.852674 0.663798 0.547319 0.799337 0.575636 1.24502 0.926496 0.315015 1.03802 0.792018 0.557066 0.4925 0.219735 0.39431 0.773026 0.756427 0.809852 0.605494 0.81574 0.201324 0.664765 0.893454 0.343449 0.585922 1.08554 0.327875 0.365052 1.01842 0.221878 0.693729 0.632066 0.867894 0.448338 1.01587 0.204179 0.302132 0.794856 1.01284 0.318599 0.827026 0.388662 0.909605 0.837814 0.4541 0.673187 0.238438 0.93687 0.900823 0.441798 0.47707 0.00573844 0.631366 0.622905 0.40883 0.49271 0.746356 0.392916 0.712874 0.336533
0.780371 0.447257 0.232892 0.528084 0.292522 0.743196 0.31572 0.47759 0.670786 1.12447 0.872808 0.694043 0.105127 0.484266 0.780148 0.290274 0.807648 0.74615 0.663147 0.905923 0.610441 0.992821 0.893886 0.26117 0.950536 0.876269 0.65831 0.557619 0.340925 0.513488 0.882231 0.926984 1.00701 0.773427 0.773821 0.210871 0.575718 1.00595 0.327686 0.562556 0.93398 0.317156 0.525461 0.838844 0.254417 0.4399 0.571395 1.12795 0.590189 0.970383 0.213036 0.294945 0.919152 1.0322 0.19913 0.633841 0.376376 0.890322 0.603313 0.348563 0.802737 0.262196 1.03749 0.976994 0.626286 0.244087 0.0617089 0.622161 0.685144 0.561025 0.604878 0.711962 0.429546 0.922426 0.455967
0.686425 0.461544 0.240897 0.513987 0.00781249 0.753983 0.470855 0.520564 0.672162 1.18726 0.914313 0.509273 0.229121 0.514561 0.910835 0.136309 0.785761 0.819093 0.729712 0.916311 0.492674 1.18315 0.937076 0.333908 0.89171 0.936455 0.52261 0.359836 0.201933 0.439374 0.835403 0.828379 0.743622 0.776692 0.81278 0.100746 0.748368 0.947501 0.206874 0.316854 1.18027 0.565954 0.376477 1.00559 0.373148 0.642693 0.60671 1.12866 0.480268 0.92473 0.309806 0.166944 0.755972 0.925377 0.321197 0.86837 0.242387 1.06565 0.651528 0.420267 0.71001 0.228659 0.855875 0.896009 0.606268 0.439406 0.217759 0.493845 0.692921 0.570005 0.657986 0.607261 0.461621 0.71348 0.322117
0.812355 0.269977 0.399143 0.431734 0.194522 0.729399 0.269443 0.40011 0.875189 1.06363 0.934369 0.564592 0.187969 0.705049 0.867736 0.0746092 0.795521 0.730427 0.592327 0.905901 0.643063 1.01345 0.670525 0.314379 0.945593 1.06639 0.673368 0.634525 0.0615814 0.44431 0.931385 0.841012 0.720901 0.59151 0.851968 0.10633 0.647424 0.943949 0.373013 0.558043 0.941144 0.517236 0.49927 0.994138 0.184728 0.682321 0.617125 1.05926 0.411983 1.08833 0.11964 0.139382 1.02024 0.991615 0.252846 0.722816 0.269734 1.13772 0.725001 0.317152 0.696697 0.27237 1.09757 0.836307 0.56108 0.496679 0.269624 0.667005 0.629768 0.66128 0.443771 0.664157 0.394233 0.740222 0.347799
0.658043 0.343798 0.18044 0.360184 0.146698 0.72711 0.468609 0.447439 0.889981 0.987661 0.921338 0.700585 0.285773 0.50044 0.996245 0.303823 0.663662 0.846924 0.690058 0.92672 0.383699 1.0877 0.703607 0.423352 1.07386 1.01336 0.71506 0.497373 0.0690056 0.323017 0.910846 0.917878 0.878682 0.628079 0.841201 0.207322 0.526193 1.14734 0.307782 0.478421 1.19254 0.556173 0.612488 0.963568 0.291087 0.545386 0.779253 0.997139 0.396231 1.09148 0.209681 0.0554314 0.850706 1.02438 0.142955 0.721828 0.508664 0.988139 0.718728 0.360982 0.673452 0.241314 1.13374 1.02653 0.422497 0.426617 0.0271509 0.511068 0.773714 0.44337 0.696035 0.507534 0.458815 0.739134 0.303046
0.6993 0.461792 0.229515 0.4278 0.255433 0.789916 0.464385 0.45839 0.866864 1.03207 0.888916 0.4309 0.339113 0.633344 0.950211 0.197765 0.693583 0.810723 0.660353 1.00802 0.525523 1.0293 0.738385 0.309676 0.862296 0.870476 0.681995 0.408698 0.321906 0.448433 0.845491 0.854153 0.995721 0.538546 0.926737 0.267663 0.690939 0.939873 0.330263 0.45441 0.922383 0.382526 0.333842 0.826782 0.409326 0.559476 0.619526 1.08501 0.648198 1.08091 0.113897 0.152085 1.0328 0.822858 0.19037 0.690951 0.465609 1.09806 0.623611 0.225778 0.790396 0.121651 1.0243 0.779724 0.386076 0.288323 0.107384 0.543155 0.860383 0.555937 0.491709 0.687595 0.280504 0.714217 0.563822
0.663691 0.498616 0.415061 0.5119 0.026551 0.707214 0.240824 0.389637 0.772124 1.15032 1.10949 0.615581 0.122214 0.67737 0.776151 0.0798079 0.918767 0.772211 0.685382 0.793594 0.611303 0.976308 0.885297 0.359471 0.861452 0.922148 0.726459 0.51115 0.117897 0.42192 0.816793 0.835447 0.922067 0.623842 0.878154 0.26073 0.518977 1.04634 0.278971 0.604251 0.956825 0.368714 0.389217 0.8211 0.271115 0.702374 0.788599 1.04975 0.469713 0.94065 0.197264 0.122697 0.88564 0.932749 0.304039 0.735838 0.435448 1.16489 0.616493 0.469679 0.649407 0.123928 1.08384 0.767188 0.606297 0.453878 0.101365 0.503517 0.769685 0.60669 0.474297 0.770434 0.289916 0.771153 0.481546
