25 75
0.634144 1.08527 0.689757 0.50867 1.11944 0.742425 0.72347 1.06661 0.19409 0.293899 0.658918 0.65742 0.44353 0.419015 1.01584 0.38234 0.686753 0.883454 0.454591 0.0807287 1.06208 0.682553 0.567138 1.02613 0.472897 0.657947 0.178614 1.05363 0.306735 0.313853 0.91968 1.05906 0.884117 0.690594 0.445312 0.84905 0.234704 0.809891 1.06142 0.280048 0.649727 0.597745 1.0935 0.349998 0.537611 0.466482 0.410584 0.422532 0.339776 0.304204 0.362059 0.297599 0.723562 0.311556 0.768698 1.07411 1.04852 1.01112 0.515565 0.334015 1.12603 0.45294 0.538537 0.546292 0.987124 0.615853 1.2132 1.24082 0.832664 0.866405 0.177235 0.467144 1.0577 0.674972 0.370192
0.790768 0.923297 0.566004 0.571298 0.938085 0.606267 0.904599 1.05161 0.183239 0.506919 0.71689 0.455394 0.644034 0.443636 1.05977 0.197769 0.507422 1.09393 0.424299 0.209404 0.994118 0.651732 0.698275 0.893089 0.409643 0.742192 0.365324 1.03924 0.476973 0.298248 0.697595 0.92788 0.955673 0.676441 0.342517 0.847836 0.291281 0.768906 1.07298 0.193307 0.683124 0.587084 0.960845 0.376929 0.715156 0.607786 0.435527 0.457414 0.354977 0.441172 0.379336 0.241262 0.937799 0.229783 0.706386 1.1466 0.977128 1.02032 0.54475 0.420766 0.956898 0.51628 0.372819 0.764176 1.14346 0.372932 1.05381 1.24791 0.806339 0.807403 0.386377 0.536762 1.00797 0.516079 0.241555
0.776114 0.995966 0.478459 0.631589 1.10227 0.803584 0.865475 1.0916 0.149154 0.317053 0.774881 0.421058 0.576485 0.297926 0.996104 0.410695 0.600086 0.933891 0.22626 0.109341 0.855151 0.593572 0.476521 0.90807 0.380247 0.906653 0.279256 0.949038 0.232843 0.299569 0.758229 1.05769 0.906973 0.7234 0.551345 0.935736 0.299131 0.517795 1.03166 0.041829 0.644626 0.576646 1.08725 0.342775 0.710199 0.402576 0.544313 0.387897 0.125918 0.350735 0.402737 0.0979048 0.770967 0.144258 0.640808 1.21662 1.18315 1.10806 0.382065 0.35673 0.923531 0.660399 0.350773 0.61033 1.14136 0.475276 1.24238 1.12131 0.814646 0.834799 0.154425 0.502989 1.08858 0.597915 0.394679
0.641416 0.988094 0.530783 0.414127 1.05209 0.568432 0.72008 0.914123 0.115723 0.220762 0.651125 0.504622 0.445896 0.434082 1.06983 0.200565 0.631747 0.995836 0.460516 0.307363 0.834075 0.563779 0.671004 0.877271 0.45946 0.65194 0.15239 0.884005 0.294213 0.440409 0.867088 1.12099 1.06244 0.662648 0.38418 0.75049 0.144397 0.657938 0.9534 0.0757175 0.681254 0.819669 1.03243 0.25573 0.608916 0.497001 0.278416 0.589986 0.255751 0.455197 0.519473 0.11324 0.835971 0.150753 0.737837 1.0363 1.06147 1.12766 0.332561 0.264613 0.953139 0.636704 0.496976 0.675433 1.02379 0.38884 1.16352 1.23465 0.83172 0.843621 0.217698 0.420196 0.871751 0.437139 0.274443
0.707834 0.925035 0.764957 0.369225 1.0059 0.631974 0.843615 0.920943 0.310953 0.236995 0.753686 0.463895 0.673354 0.546267 1.17834 0.156754 0.645904 1.15284 0.295733 0.184465 0.910413 0.580122 0.581545 1.03542 0.450457 0.889052 0.169106 1.02419 0.337425 0.480039 0.891155 0.996195 0.921319 0.537693 0.472476 0.980984 0.338564 0.548508 1.06149 0.271949 0.690718 0.545584 1.00726 0.446151 0.566806 0.527068 0.385198 0.422935 0.196049 0.445253 0.525624 0.199888 0.809112 0.148553 0.767161 0.996786 0.996955 1.0274 0.447391 0.313506 1.17991 0.428789 0.394997 0.595878 1.00649 0.449682 1.05412 1.17455 0.739793 0.927898 0.211184 0.31339 0.939814 0.5156 0.293771
0.750053 0.88232 0.549574 0.396967 0.945927 0.647607 0.849877 1.03963 0.368854 0.345968 0.664001 0.615944 0.527146 0.365517 1.01115 0.172176 0.531597 1.02407 0.328385 0.222268 0.779687 0.497444 0.683029 0.978948 0.507552 0.772078 0.227288 0.980538 0.476249 0.448085 0.964565 0.886429 0.901727 0.704385 0.587146 0.947865 0.214732 0.78465 1.12556 0.151002 0.71437 0.815328 1.22475 0.483653 0.464309 0.426045 0.433738 0.533967 0.34526 0.385455 0.615521 0.268287 0.844166 0.148013 0.661935 1.15995 1.06637 1.0187 0.369421 0.412329 1.07374 0.586876 0.486251 0.508643 0.979696 0.403362 1.10487 1.14669 0.934192 0.778272 0.280547 0.411841 0.870121 0.417947 0.402636
0.607248 0.935982 0.588707 0.521533 0.843587 0.546941 0.726248 0.971438 0.364755 0.295585 0.629456 0.681644 0.480747 0.309998 1.20286 0.235059 0.548747 0.968091 0.403963 0.364479 0.949207 0.458921 0.470231 1.02996 0.452925 0.723699 0.390943 1.00123 0.296898 0.415029 0.814765 1.10896 0.795708 0.786407 0.462901 0.816838 0.154422 0.681571 1.05834 0.171451 0.711979 0.570535 1.094 0.356318 0.455377 0.324323 0.309471 0.50321 0.251993 0.389319 0.483245 0.297865 0.729016 0.297013 0.735997 1.19788 0.955819 1.1196 0.549277 0.257322 1.1432 0.560909 0.511177 0.529723 1.03275 0.564975 1.16204 0.997926 0.811735 0.82897 0.152208 0.347903 0.858068 0.54448 0.393662
0.644796 0.897937 0.491277 0.356359 0.926752 0.664261 0.845296 0.820901 0.128718 0.302276 0.775977 0.662635 0.569883 0.281136 1.08752 0.376688 0.589804 1.04183 0.487985 0.229968 0.94922 0.589451 0.582584 0.977582 0.303445 0.821824 0.323995 0.994843 0.37031 0.501061 0.827224 1.01152 0.999209 0.747633 0.365577 0.772478 0.223151 0.625277 0.892562 0.0826957 0.793888 0.538363 1.02614 0.291477 0.479333 0.565328 0.379795 0.596773 0.308189 0.371525 0.552781 0.246866 0.843801 0.348741 0.590031 1.14791 1.08928 1.03785 0.361981 0.394128 1.1754 0.586821 0.479797 0.520096 1.04311 0.396846 1.21962 1.13994 0.876678 0.686682 0.233283 0.298313 0.933191 0.597345 0.306846
0.665034 0.903523 0.478552 0.577118 0.893396 0.702869 0.885213 0.950212 0.174968 0.40056 0.673603 0.632837 0.697108 0.316673 1.08348 0.29616 0.495108 1.14257 0.447524 0.137331 1.02237 0.615983 0.716156 0.82742 0.378289 0.654106 0.373961 1.15684 0.39233 0.446997 0.727321 0.972813 1.03741 0.710909 0.48272 0.937528 0.331607 0.761224 1.0266 0.0399479 0.712699 0.63606 1.21032 0.320317 0.4483 0.563282 0.292514 0.457208 0.240905 0.226513 0.386905 0.339026 0.978336 0.120313 0.80556 1.05553 1.0189 1.28572 0.579556 0.190374 1.13323 0.630709 0.551687 0.782375 1.09842 0.459568 1.14322 0.980103 0.915627 0.909282 0.239496 0.398689 0.939569 0.452595 0.324259
0.680933 0.955374 0.625338 0.401417 0.952333 0.61603 0.766705 0.928088 0.136567 0.297879 0.587844 0.409261 0.53409 0.479157 0.97754 0.157771 0.585613 1.04009 0.499325 0.201174 0.78707 0.531185 0.424254 1.08098 0.215165 0.746883 0.148403 1.05244 0.450914 0.326225 0.878696 0.862493 1.02779 0.786133 0.538394 0.843244 0.156289 0.578038 0.891744 0.090323 0.800562 0.65265 0.940768 0.292146 0.725931 0.471739 0.341354 0.351806 0.16153 0.279826 0.639697 0.240752 0.940181 0.199278 0.767727 1.13619 1.12502 1.0647 0.477845 0.433127 1.14341 0.67318 0.405445 0.746859 1.08882 0.605619 1.08158 1.20613 0.873772 0.748868 0.396076 0.325869 0.897824 0.57014 0.289858
0.55137 1.03158 0.529199 0.41817 1.02811 0.701236 0.879875 0.812236 0.0935936 0.51269 0.770497 0.413277 0.554699 0.416907 1.00213 0.405929 0.724615 1.11383 0.247639 0.100317 1.01298 0.73218 0.591642 0.871123 0.457211 0.766589 0.320526 1.15566 0.379199 0.555174 0.718313 1.12242 0.931229 0.703125 0.528048 0.951158 0.297649 0.570049 0.928161 0.0738373 0.710806 0.729643 1.11386 0.399012 0.595576 0.451723 0.252807 0.343689 0.228851 0.434259 0.483247 0.110397 0.979307 0.17478 0.603828 1.09718 1.24665 1.18928 0.585259 0.32799 1.08835 0.514765 0.375741 0.777703 1.00037 0.354505 1.26876 0.973445 0.671987 0.852737 0.390908 0.514472 0.88762 0.691182 0.397989
0.55174 0.955609 0.666008 0.56441 1.0886 0.620574 0.736381 0.957111 0.386324 0.400465 0.725597 0.612386 0.521738 0.343113 1.16146 0.25646 0.605651 1.04242 0.479497 0.128519 1.0083 0.646876 0.667706 0.974077 0.285394 0.75072 0.097646 0.899966 0.453047 0.456334 0.911639 0.866704 0.849729 0.670607 0.34542 0.97546 0.385983 0.785741 0.89438 0.119115 0.805792 0.543358 0.99588 0.309189 0.701896 0.598045 0.517454 0.392951 0.247006 0.205219 0.393981 0.196155 0.941209 0.239439 0.766697 1.07267 1.01918 1.16325 0.413037 0.250802 0.94265 0.622899 0.312987 0.499037 0.860489 0.424292 1.0701 0.973417 0.70715 0.86386 0.343219 0.553205 0.974352 0.511186 0.251498
0.619515 1.05478 0.704605 0.404102 1.03648 0.648986 0.852339 0.847749 0.365412 0.46078 0.86699 0.417133 0.564134 0.263828 0.989202 0.218977 0.528155 0.978574 0.468704 0.241174 1.04357 0.462021 0.434797 0.872998 0.260607 0.750452 0.260459 0.921798 0.503101 0.477773 0.903429 1.00481 1.05312 0.753357 0.481108 0.764778 0.190841 0.562489 0.987687 0.250801 0.685128 0.581771 1.01173 0.537369 0.444119 0.556661 0.446198 0.591061 0.372542 0.328677 0.521388 0.131638 0.775133 0.312381 0.742439 1.03371 1.06909 1.09697 0.29068 0.154169 0.894692 0.675131 0.353501 0.67429 0.887665 0.358134 1.07947 1.06594 0.77321 0.961574 0.334211 0.338384 0.97826 0.429839 0.493594
0.596558 0.862358 0.708561 0.56135 0.986604 0.620587 0.92222 0.932148 0.123964 0.350081 0.660346 0.478174 0.502069 0.378448 1.00654 0.339637 0.629285 0.971583 0.351225 0.192126 0.80293 0.505957 0.649804 0.979238 0.333557 0.885018 0.174538 0.923077 0.449402 0.302179 0.855854 1.12817 0.909251 0.644483 0.589923 0.954181 0.338807 0.608225 0.987193 0.0733802 0.784465 0.738903 1.15934 0.324634 0.528172 0.57547 0.332011 0.377557 0.202615 0.288635 0.38607 0.214969 0.748834 0.217417 0.792988 1.24299 1.09725 1.07334 0.291945 0.177857 1.15155 0.64259 0.406507 0.634741 0.867991 0.489189 1.28091 1.25808 0.698408 0.857074 0.129545 0.376201 0.826531 0.48778 0.26577
0.607327 1.07865 0.656167 0.357012 0.882881 0.81756 0.944896 0.927783 0.116111 0.395396 0.804582 0.598978 0.44366 0.43969 1.05419 0.276301 0.503952 0.963299 0.236358 0.114404 1.07036 0.62027 0.638733 0.849495 0.237191 0.779237 0.120029 1.12843 0.393694 0.368098 0.992038 1.09702 0.893325 0.539977 0.492839 0.925549 0.293932 0.672593 0.874272 0.178738 0.738655 0.573155 1.17794 0.514137 0.544836 0.360637 0.487534 0.441131 0.290741 0.405872 0.415487 0.134842 0.840568 0.376374 0.695603 1.08305 1.14976 0.996539 0.475478 0.170538 1.10429 0.592675 0.452064 0.533018 0.946042 0.548971 1.18394 0.992299 0.73185 0.787529 0.349656 0.418316 1.10493 0.572367 0.360632
0.635254 0.964743 0.540094 0.421836 1.11026 0.59663 0.961048 0.85617 0.166406 0.248822 0.609173 0.569948 0.488197 0.304045 1.17188 0.24324 0.592956 0.87352 0.489925 0.109835 0.823114 0.474351 0.670704 1.05309 0.410597 0.655191 0.357995 0.947535 0.385156 0.28633 0.883309 0.980953 0.898353 0.54666 0.337459 0.793221 0.322469 0.755756 1.04683 0.118864 0.788991 0.800601 1.20043 0.296822 0.710701 0.483841 0.459577 0.504988 0.214811 0.299907 0.475553 0.137241 0.908972 0.310145 0.577545 1.03977 1.13756 1.22124 0.419575 0.209223 1.05084 0.562249 0.443452 0.548038 1.04848 0.472815 1.20825 1.11621 0.72494 0.754511 0.290193 0.281112 0.880118 0.688772 0.243178
0.692744 1.09022 0.627585 0.4012 0.833478 0.57283 0.892727 0.85394 0.312161 0.291746 0.775765 0.64488 0.519294 0.422359 1.20463 0.225842 0.583662 0.990982 0.210527 0.34694 0.779762 0.581087 0.563768 0.956735 0.20786 0.772392 0.20531 0.946178 0.392875 0.536857 0.966412 0.85948 0.788086 0.684961 0.423852 0.786024 0.294056 0.723188 1.1502 0.130657 0.85829 0.61136 0.928367 0.349997 0.676807 0.496943 0.364013 0.515621 0.168271 0.326584 0.361016 0.325023 0.922584 0.41221 0.564445 1.20686 1.13092 1.05597 0.513837 0.266788 0.941088 0.500474 0.534979 0.771625 0.900462 0.595956 1.14173 1.16891 0.696906 0.702041 0.271106 0.456389 0.852937 0.602561 0.304054
0.601648 0.814981 0.547234 0.382539 0.91807 0.530556 0.717112 1.05401 0.205732 0.325529 0.759192 0.661152 0.722682 0.486578 1.11158 0.300506 0.675853 1.1387 0.498965 0.274216 1.04038 0.501825 0.66572 0.880626 0.370575 0.724377 0.246412 1.07292 0.386119 0.426502 0.725303 0.903237 0.828027 0.642896 0.550919 0.747383 0.340844 0.696422 0.93875 0.151865 0.761101 0.613 1.099 0.267249 0.475726 0.396877 0.527268 0.345939 0.254793 0.429449 0.397234 0.13083 0.806326 0.18888 0.794259 1.15439 1.07377 1.16699 0.404443 0.404966 1.03308 0.500441 0.571391 0.585644 0.850247 0.445001 1.06123 1.05975 0.855025 0.855226 0.3826 0.45108 0.861195 0.436283 0.382975
0.785311 1.00138 0.588959 0.505785 1.01813 0.575801 0.813329 0.881946 0.215599 0.463671 0.690689 0.535509 0.671093 0.358261 1.23546 0.325279 0.691607 1.09139 0.2742 0.111061 1.05132 0.47181 0.424434 0.998857 0.433512 0.789001 0.167707 0.936714 0.290551 0.468304 0.878274 1.03024 0.984912 0.787264 0.390802 0.850724 0.245358 0.809637 1.05259 0.192399 0.775624 0.683335 1.1193 0.53841 0.506879 0.577348 0.491909 0.575414 0.267333 0.256742 0.570578 0.0891616 0.863167 0.245742 0.694866 1.08048 1.09035 1.27728 0.397474 0.173892 0.906211 0.661384 0.352043 0.550293 0.980998 0.491372 1.18845 1.23022 0.931841 0.792456 0.322524 0.395743 0.812539 0.583507 0.46736
0.696079 0.835289 0.702181 0.478651 1.10283 0.631456 0.961689 0.938313 0.196854 0.441471 0.875996 0.642481 0.441337 0.535067 0.962114 0.312617 0.690706 0.923716 0.457398 0.069184 0.991531 0.459572 0.594805 0.844776 0.482431 0.796247 0.201782 1.07094 0.285711 0.27474 0.713004 0.953609 0.78912 0.678955 0.353134 0.734323 0.198514 0.644876 1.07693 0.0856939 0.636636 0.568953 0.974874 0.529139 0.496781 0.328972 0.306571 0.53248 0.180246 0.250652 0.470559 0.0696031 0.953641 0.303107 0.766305 1.13348 1.08719 1.23115 0.290175 0.227721 1.16629 0.392321 0.576767 0.580281 0.964337 0.410345 1.20048 1.04745 0.717667 0.953047 0.193475 0.410598 1.00415 0.64258 0.466596
0.760861 0.893359 0.529548 0.575346 0.867829 0.565087 0.887573 0.94317 0.181372 0.323827 0.710789 0.653707 0.701961 0.382205 1.20677 0.285031 0.554944 1.12661 0.455637 0.174186 0.946111 0.587679 0.427921 0.844776 0.28666 0.775148 0.297477 1.13986 0.341958 0.484417 0.796217 1.07346 1.04651 0.74469 0.510955 0.746039 0.389817 0.758816 0.949186 0.115165 0.711873 0.700253 1.16639 0.509452 0.596426 0.509435 0.539603 0.607993 0.207356 0.378042 0.456301 0.221426 0.972468 0.259657 0.638401 1.24294 1.20635 1.1466 0.318944 0.273842 1.16403 0.489582 0.413197 0.580021 1.07234 0.586887 1.06659 1.15932 0.891346 0.803111 0.344064 0.314282 1.02503 0.68964 0.464616
0.587365 0.980558 0.589298 0.446009 0.961967 0.797282 0.881244 0.890099 0.110093 0.329885 0.653338 0.554892 0.606606 0.38266 1.22306 0.325334 0.732776 0.959248 0.442824 0.298211 0.860874 0.564482 0.688931 1.0646 0.506601 0.75274 0.137817 1.08881 0.242396 0.287066 0.919051 1.08747 0.899908 0.604453 0.327044 0.848647 0.222836 0.740935 0.921704 0.0607599 0.841096 0.633553 0.994951 0.372716 0.584762 0.34657 0.387337 0.417425 0.378786 0.209519 0.535621 0.0636361 0.836918 0.158642 0.656132 1.01192 0.961124 1.17907 0.491943 0.437846 1.12046 0.548188 0.596332 0.782759 0.856966 0.562994 1.22488 1.1834 0.887287 0.916056 0.211219 0.467999 1.03048 0.4763 0.242377
0.781682 1.08022 0.499752 0.529957 0.913 0.587863 0.954947 0.85423 0.163951 0.271821 0.848768 0.455232 0.590751 0.288955 0.979966 0.279949 0.746991 0.92284 0.296153 0.335538 0.82721 0.71428 0.645481 1.01528 0.450817 0.926623 0.26253 0.998498 0.248352 0.471543 0.716948 1.08688 1.01047 0.621462 0.590518 0.803463 0.405464 0.773988 1.05775 0.181297 0.863592 0.784911 0.961393 0.254301 0.547083 0.547571 0.381138 0.439155 0.293518 0.258084 0.51646 0.341089 0.835029 0.160043 0.606698 0.987334 1.15856 1.13886 0.33075 0.361128 1.14479 0.41221 0.551844 0.504182 1.03469 0.362713 1.11747 1.2417 0.954313 0.89145 0.326561 0.519502 1.00779 0.508819 0.48957
0.731217 0.922905 0.709477 0.338475 1.07959 0.560723 0.802743 0.966726 0.103081 0.283657 0.629113 0.670853 0.722108 0.41128 0.969984 0.189223 0.584727 1.12019 0.243197 0.101186 1.01494 0.627524 0.599757 0.977555 0.429897 0.757477 0.17923 1.13635 0.391222 0.504223 0.731557 0.941024 1.02605 0.674706 0.558605 0.974768 0.275616 0.572174 0.91181 0.286644 0.834853 0.741679 0.982839 0.53415 0.676519 0.471417 0.291345 0.52347 0.267188 0.43193 0.647358 0.315849 0.85382 0.119568 0.772543 1.07375 1.08766 1.18765 0.510782 0.175994 1.03836 0.464647 0.51388 0.624959 1.04071 0.606249 1.08855 1.02634 0.824624 0.765632 0.160821 0.394598 0.827384 0.519941 0.434385
0.607841 0.924036 0.755582 0.400014 0.953579 0.770198 0.792933 1.07633 0.233826 0.394593 0.745967 0.407078 0.54463 0.316182 0.976527 0.200129 0.586533 0.908595 0.393083 0.164478 0.778719 0.464643 0.612911 1.06791 0.395272 0.863493 0.299386 0.947151 0.279968 0.535894 0.831679 0.861319 0.874638 0.741166 0.389829 0.757601 0.223201 0.691059 1.12442 0.164141 0.711585 0.651687 1.14291 0.258698 0.696126 0.576359 0.262763 0.474553 0.266764 0.272919 0.581256 0.298495 0.907711 0.131357 0.755509 1.09196 1.07383 1.12272 0.361771 0.205708 1.18888 0.450491 0.421205 0.686033 1.06895 0.468022 1.12997 1.05848 0.834504 0.958035 0.133967 0.354805 0.904583 0.438953 0.413758
