25 75
0.344056 0.882256 1.26882 0.549028 0.926433 0.349574 0.652383 0.694134 0.693867 0.546976 0.95427 0.913138 0.885683 0.226365 0.294621 0.772587 0.551386 0.132944 1.07149 0.476979 0.377477 0.794155 0.721738 0.616323 0.593543 0.289711 0.628253 0.276245 0.244637 1.00125 0.429048 0.453821 0.474455 1.15369 0.907759 0.821333 1.02748 1.16336 0.675747 0.876432 0.163779 0.399594 0.740275 0.777338 0.201253 0.503978 0.232427 1.02848 0.728557 0.469429 0.948592 0.851073 1.01383 0.749318 0.511726 0.893164 0.76654 1.09631 0.902209 1.07723 0.223115 1.15791 0.70365 0.600181 0.376583 0.762274 0.341165 0.875062 0.987553 0.960317 0.982069 0.314803 0.449934 0.306091 0.165907
0.433154 0.938181 1.12372 0.644246 0.849653 0.263991 0.915332 0.84832 0.806773 0.511673 0.798742 0.945716 0.839257 0.298112 0.0646516 0.793166 0.714118 0.362821 1.07432 0.532009 0.532412 0.857878 0.687971 0.589725 0.526044 0.437472 0.438805 0.543777 0.192119 1.06968 0.323813 0.434425 0.21779 1.04606 0.69326 0.787253 1.15521 0.935087 0.566832 0.856788 0.311739 0.527418 0.499814 0.766325 0.182 0.433385 0.262877 1.1734 0.810358 0.368162 1.04595 1.00547 1.05467 0.86234 0.695191 0.816402 0.811395 1.22222 0.842662 1.1486 0.0145219 1.01755 0.711285 0.704791 0.396209 0.706435 0.398437 0.866418 1.06242 1.01551 1.1343 0.340295 0.497157 0.517228 0.268139
0.249161 0.954443 1.19782 0.581193 0.833641 0.190187 0.84979 0.71325 0.837293 0.697273 0.838534 1.06188 0.909596 0.460199 0.0571766 0.686281 0.523691 0.103068 0.923701 0.383874 0.538006 0.9729 0.75953 0.508107 0.624272 0.378216 0.532053 0.254724 0.237224 0.880779 0.318106 0.291217 0.331946 1.13201 0.755707 0.721722 1.20689 1.20423 0.563267 0.838285 0.260998 0.422475 0.59926 0.655632 0.225202 0.699758 0.202051 1.25305 0.755856 0.521786 0.93874 1.05334 0.994232 0.892986 0.614968 1.04465 0.868021 1.01627 0.759718 1.01009 0.270015 0.947392 0.587628 0.625048 0.422875 0.66368 0.499042 0.828901 0.941313 1.18243 1.04195 0.449954 0.581881 0.311347 0.0617713
0.240557 0.962323 0.993083 0.686162 1.02552 0.291723 0.882811 0.823697 0.71205 0.666654 0.96861 0.982408 0.826036 0.49163 0.221257 0.771695 0.708391 0.098448 0.953995 0.55263 0.437591 0.843372 0.690953 0.436381 0.480546 0.37381 0.471166 0.433802 0.273129 0.83821 0.383546 0.429791 0.234987 1.23994 0.727827 0.858448 1.0175 0.907252 0.593505 0.748085 0.243644 0.560254 0.538114 0.608994 0.164445 0.481024 0.108274 1.24318 0.976711 0.616693 1.14018 0.868915 0.936792 0.87914 0.484759 1.0727 0.652586 1.06502 0.626692 0.958853 0.269477 0.957128 0.797522 0.506307 0.464649 0.704396 0.316262 0.671127 1.14698 1.03458 0.939737 0.206789 0.523651 0.370006 0.191404
0.511352 0.981274 1.14268 0.709452 0.88763 0.305417 0.820101 0.703791 0.776526 0.454016 0.784038 0.855968 0.946526 0.465062 0.0808007 0.748836 0.514374 0.327257 0.978537 0.564076 0.378284 0.723899 0.652956 0.42291 0.648956 0.565941 0.653311 0.251045 0.287546 0.837102 0.411385 0.302339 0.358555 1.1383 0.715432 0.879806 0.980063 1.11144 0.603621 0.696802 0.146105 0.612555 0.664155 0.813858 0.11297 0.431375 0.189058 1.16682 0.787034 0.413448 1.09021 0.866259 1.05847 0.790958 0.600691 0.930021 0.802753 1.00763 0.662027 0.879865 0.17689 1.22854 0.666498 0.502202 0.298355 0.650298 0.350048 0.820531 1.11169 1.14862 1.06574 0.222658 0.711024 0.497424 0.202613
0.219228 0.854989 1.15631 0.532145 0.860561 0.224895 0.801877 0.634117 0.885511 0.440087 0.889425 0.980521 0.864365 0.350285 0.231757 0.936167 0.520336 0.382335 1.05728 0.401258 0.561384 0.812361 0.706261 0.438687 0.648603 0.551458 0.366621 0.384701 0.397102 0.90661 0.472273 0.281694 0.442164 1.08669 0.672758 0.709393 1.18419 1.08592 0.487501 0.864091 0.0676186 0.504472 0.543192 0.795813 0.0923793 0.510437 0.317596 1.21513 0.969071 0.56572 1.06825 0.85089 0.998567 0.687974 0.492384 0.905455 0.893825 1.13386 0.778026 0.895695 0.262448 1.02358 0.807577 0.672765 0.386198 0.630905 0.380186 0.900922 1.16094 1.14568 1.13676 0.436951 0.478038 0.487613 0.0936321
0.389246 1.06171 1.01793 0.764698 1.01169 0.3848 0.710715 0.661209 0.803915 0.415231 0.881036 0.825938 0.77693 0.429964 0.286096 0.694168 0.485474 0.276651 1.07838 0.510393 0.512089 0.745617 0.578976 0.494541 0.556661 0.433122 0.538573 0.293208 0.371561 1.06906 0.440639 0.288643 0.348304 1.07377 0.661288 0.695623 1.1074 1.10685 0.399261 0.748649 0.185314 0.506924 0.532395 0.603535 0.211055 0.485983 0.371586 1.15893 0.740309 0.608118 1.01457 1.07984 0.992658 0.791393 0.522682 0.830314 0.652035 1.03851 0.891723 1.04876 0.234764 1.02884 0.735817 0.547504 0.300696 0.569066 0.401619 0.707954 1.04425 1.19548 1.13206 0.471518 0.448588 0.573627 0.28165
0.258015 1.03679 0.998196 0.680185 0.746573 0.459701 0.657798 0.714705 0.738322 0.41111 0.788077 1.10667 0.917037 0.391078 0.253203 0.803929 0.560708 0.170912 0.923159 0.355412 0.594703 0.882113 0.639645 0.429622 0.474082 0.459502 0.410936 0.347739 0.403786 0.94906 0.248872 0.45249 0.27571 1.13347 0.926629 0.847017 1.2281 0.945414 0.417298 0.757101 0.281246 0.532776 0.698251 0.819573 0.282887 0.538386 0.271972 1.21098 0.723509 0.565866 0.953064 0.967778 1.07735 0.899473 0.474364 0.867551 0.615503 1.16258 0.673923 1.00122 0.261085 1.1783 0.854336 0.616323 0.434943 0.607564 0.481421 0.791751 1.08539 0.969453 1.14941 0.334924 0.482986 0.571439 0.201102
0.316229 0.849897 1.22776 0.778924 0.85785 0.328883 0.837229 0.857531 0.916796 0.596393 0.882648 0.941258 1.032 0.484999 0.130793 0.930112 0.556387 0.165945 1.14697 0.533225 0.422684 0.843147 0.755486 0.509482 0.579378 0.279376 0.561205 0.317454 0.418045 1.11505 0.502078 0.439772 0.33385 1.12952 0.931755 0.869528 0.986591 1.17065 0.577031 0.810858 0.068146 0.662698 0.47894 0.777883 0.239346 0.587117 0.169363 1.01673 0.941295 0.610804 0.931601 0.901602 1.06594 0.893015 0.705882 0.808509 0.775656 1.15378 0.786573 0.895761 0.259304 0.968186 0.761454 0.713842 0.517206 0.788112 0.580415 0.674388 1.10604 1.08433 1.10554 0.331993 0.595839 0.481937 0.218821
0.319868 0.947348 1.10371 0.684484 1.01427 0.308058 0.915161 0.735204 0.883517 0.641831 0.839345 1.10896 0.826034 0.342311 0.306332 0.92396 0.607465 0.297821 1.04471 0.46135 0.453212 0.855572 0.611283 0.403001 0.648938 0.32538 0.49616 0.250616 0.205077 0.929557 0.265729 0.405534 0.348371 1.17278 0.791826 0.6441 1.16216 1.06852 0.656866 0.851116 0.345004 0.505088 0.472371 0.809412 0.178506 0.529551 0.193658 1.05909 0.755705 0.369022 1.09417 1.05781 0.972057 0.859431 0.620688 0.863183 0.67271 1.13999 0.839622 0.99839 0.224904 1.21617 0.714265 0.566563 0.363315 0.688955 0.363678 0.706311 1.02354 0.938287 1.0245 0.242942 0.690147 0.556547 0.0609304
0.445773 1.08041 1.2054 0.626084 0.924552 0.309129 0.888902 0.869609 0.830811 0.45282 0.782912 0.881622 0.962602 0.238779 0.135487 0.691001 0.644455 0.108996 1.02975 0.492125 0.374189 0.775524 0.636849 0.583341 0.454104 0.532332 0.648989 0.390598 0.374678 1.01823 0.389238 0.213108 0.191836 1.21233 0.784556 0.768739 1.26245 1.18916 0.629868 0.703502 0.155089 0.450209 0.566719 0.707693 0.0544458 0.585303 0.326844 1.05951 0.955076 0.617352 0.983506 0.978596 1.039 0.847282 0.48357 0.846507 0.662504 1.28785 0.898205 1.12208 0.163935 1.15732 0.722839 0.56215 0.568838 0.824449 0.345311 0.855789 1.05463 1.07456 1.21313 0.30964 0.564408 0.403964 0.058795
0.497149 0.83698 0.981294 0.601454 0.997649 0.245165 0.75494 0.658014 0.89693 0.684954 0.811445 1.06407 1.01395 0.491953 0.0411505 0.914883 0.565588 0.13289 1.05462 0.372478 0.494397 0.971238 0.650224 0.502308 0.639209 0.34417 0.654226 0.371225 0.290725 0.98315 0.511135 0.288469 0.488664 0.990879 0.807072 0.813363 1.13864 0.919735 0.655351 0.867695 0.106417 0.550424 0.617298 0.568325 0.26746 0.475925 0.199391 1.17424 0.905942 0.441992 1.1 0.954706 1.06293 0.729394 0.741207 0.818485 0.814624 1.04011 0.827871 0.9258 0.232551 1.13939 0.871892 0.553087 0.430548 0.663995 0.553734 0.759866 0.977299 1.08622 1.03497 0.255249 0.547935 0.279016 0.254917
0.263996 0.923919 1.15476 0.604955 0.90222 0.458558 0.677143 0.738234 0.675736 0.642617 0.703236 0.85036 0.964781 0.300443 0.135121 0.85637 0.647132 0.247202 1.13054 0.591932 0.524652 0.964673 0.517164 0.601141 0.599486 0.32955 0.656915 0.492553 0.179959 1.11143 0.482298 0.219957 0.38121 1.19852 0.649294 0.720358 1.22512 1.10002 0.665148 0.860999 0.0681795 0.452642 0.596542 0.621872 0.0294035 0.673806 0.329935 1.15334 0.824725 0.595692 1.03741 1.13119 1.13509 0.93761 0.602107 0.937468 0.824273 1.22574 0.8958 0.8673 0.172239 1.00068 0.879776 0.631693 0.499393 0.770147 0.416094 0.829592 1.05812 1.18133 1.13194 0.330937 0.650001 0.457527 0.217363
0.377139 1.09227 1.01986 0.682942 0.940099 0.266837 0.828252 0.881943 0.786959 0.639718 0.91152 0.863425 0.864399 0.197085 0.199723 0.742971 0.668834 0.165511 1.02941 0.403888 0.418594 0.88179 0.516924 0.451795 0.419747 0.295213 0.594353 0.253154 0.241888 0.975519 0.279785 0.309002 0.20211 0.983283 0.906023 0.854075 1.18619 1.06371 0.677512 0.744668 0.180569 0.453696 0.683103 0.755811 0.0326898 0.470438 0.194595 1.01927 0.965719 0.411054 1.04611 1.00672 1.18774 0.881249 0.483678 0.835433 0.840646 1.16924 0.806014 1.08298 0.168595 1.01624 0.875691 0.568816 0.321319 0.726253 0.43632 0.830171 0.962963 1.15169 1.07356 0.375608 0.607763 0.346462 0.117983
0.418211 1.02512 1.23728 0.606682 0.916519 0.1797 0.767145 0.741169 0.628558 0.552401 0.939493 1.00866 0.998155 0.254551 0.311295 0.961861 0.488371 0.235482 1.1107 0.499372 0.507451 0.850735 0.709583 0.348528 0.404454 0.538841 0.645045 0.507282 0.337562 0.886484 0.446956 0.344513 0.436299 1.26545 0.738269 0.646987 1.27023 0.968312 0.400655 0.761471 0.272449 0.665668 0.734152 0.773089 0.0742166 0.422848 0.325992 1.22735 0.975687 0.5773 0.976184 1.02097 0.911848 0.737712 0.67353 0.940325 0.662517 1.02509 0.861515 1.04795 0.216593 0.950946 0.813709 0.57878 0.298764 0.611572 0.425004 0.914278 0.891341 1.05431 1.04002 0.269921 0.550293 0.45856 0.0372789
0.347832 1.08294 1.01512 0.666352 0.752175 0.178586 0.761664 0.781967 0.773117 0.419177 0.81213 1.1126 1.03261 0.482278 0.313473 0.717729 0.63098 0.195654 1.08216 0.487731 0.426563 0.955991 0.763132 0.563099 0.470301 0.328453 0.588049 0.5421 0.326889 0.984426 0.449905 0.351579 0.365746 1.2701 0.766554 0.877355 1.06505 1.13524 0.487544 0.705127 0.121128 0.465201 0.763392 0.571457 0.284156 0.619347 0.286736 1.26836 0.784875 0.577804 1.02784 1.10017 1.18565 0.669857 0.595158 0.780847 0.771375 1.10051 0.627158 0.958297 0.0574632 1.01985 0.622903 0.717154 0.457824 0.805776 0.556123 0.765988 1.10199 1.00785 1.00635 0.379052 0.486714 0.434692 0.196169
0.269121 0.91725 0.988863 0.518797 0.855653 0.215542 0.709044 0.737785 0.753239 0.434774 0.964779 1.02051 0.983948 0.285034 0.321057 0.881257 0.740506 0.218271 1.19269 0.395455 0.359747 0.800621 0.787792 0.446424 0.511131 0.449424 0.660273 0.488093 0.385557 0.843175 0.469752 0.298248 0.377792 1.02858 0.932705 0.657954 1.0122 1.06442 0.418022 0.825974 0.33468 0.637681 0.532417 0.8196 0.0919907 0.663244 0.275699 1.06519 0.765188 0.420055 0.916018 1.0381 1.19165 0.968626 0.507536 0.883578 0.824148 1.1072 0.806755 0.954872 0.143304 1.08909 0.641097 0.665999 0.423 0.719995 0.502449 0.883262 0.992119 0.941845 1.1335 0.301386 0.614454 0.432632 0.160381
0.356541 1.10127 1.14483 0.713557 0.824436 0.271542 0.741136 0.895521 0.845254 0.612806 0.985171 0.983978 1.00952 0.344008 0.0357384 0.686235 0.650414 0.141838 0.976129 0.599133 0.451887 0.892509 0.720995 0.583599 0.53158 0.487271 0.553654 0.363531 0.226073 0.909849 0.359915 0.180933 0.340848 1.07273 0.781238 0.942167 1.07368 0.969329 0.648033 0.849747 0.106586 0.422019 0.679678 0.5447 0.0638335 0.677117 0.108075 0.998815 0.81915 0.465338 0.969157 1.13199 0.987452 0.677475 0.591892 0.854507 0.830569 1.15355 0.857968 0.914654 0.140487 0.952492 0.773738 0.577077 0.320263 0.789701 0.399368 0.764864 0.9946 1.07877 1.09852 0.473996 0.432 0.286567 0.294674
0.451677 1.0235 1.05933 0.661261 0.985094 0.372452 0.73332 0.63254 0.810614 0.701118 0.977136 0.884737 0.82759 0.370989 0.142153 0.712822 0.720155 0.104227 1.04315 0.614843 0.511627 0.818809 0.732946 0.452888 0.465313 0.457303 0.400372 0.54194 0.226912 1.03821 0.351991 0.41723 0.489735 1.17581 0.920881 0.651193 1.23985 1.18208 0.518264 0.647517 0.140838 0.395633 0.646052 0.722705 0.129217 0.465261 0.173275 1.14876 0.743169 0.498097 1.14477 1.02186 1.1997 0.738269 0.470388 0.923941 0.615826 1.25922 0.746701 0.961347 0.205958 1.18802 0.792039 0.627287 0.400684 0.832751 0.534277 0.880692 1.17169 0.93374 1.18357 0.437669 0.565119 0.529376 0.202159
0.389277 1.13519 1.01773 0.729051 0.874037 0.329033 0.81488 0.800695 0.868315 0.669145 0.776757 1.01435 1.01327 0.48012 0.267977 0.828016 0.48891 0.198068 0.924064 0.623127 0.626375 0.794995 0.555831 0.546778 0.571943 0.43084 0.651781 0.403067 0.379051 0.930955 0.358429 0.273734 0.433598 1.04854 0.728373 0.646707 1.2005 0.979683 0.669592 0.882192 0.296355 0.51347 0.616271 0.614826 0.215776 0.672002 0.287345 1.19043 0.834362 0.52364 1.0641 0.959156 1.03266 0.711772 0.728656 0.778057 0.70001 1.26215 0.709411 1.06314 0.101158 1.17855 0.804668 0.539604 0.548858 0.559035 0.579677 0.902976 0.992057 0.996992 1.21915 0.204443 0.707705 0.527884 0.115516
0.342515 1.07269 1.26621 0.667787 0.728929 0.433145 0.863348 0.762578 0.794387 0.444285 0.884762 0.90769 1.01407 0.467659 0.197167 0.908517 0.720037 0.387551 1.19567 0.405122 0.498812 0.879129 0.582174 0.555897 0.431124 0.358697 0.643946 0.363735 0.28131 0.923758 0.463964 0.307295 0.35561 1.021 0.672938 0.919127 0.992466 1.04112 0.556484 0.751381 0.332015 0.61253 0.634343 0.741533 0.299817 0.435531 0.10861 1.17326 0.860319 0.554556 0.954271 0.917891 1.08879 0.965671 0.479861 0.820843 0.881035 1.27784 0.805517 1.06245 0.10057 0.976543 0.876697 0.707428 0.310838 0.812341 0.435081 0.902021 1.02855 1.13298 1.08784 0.268485 0.516228 0.529041 0.0392734
0.224371 1.01127 1.0024 0.657881 0.968979 0.214079 0.845865 0.758089 0.734782 0.512566 0.869067 1.02525 0.806934 0.252964 0.221885 0.760412 0.734959 0.356657 1.16642 0.570552 0.619972 0.720614 0.719909 0.553476 0.51652 0.441732 0.502524 0.277457 0.29676 1.00796 0.249392 0.295952 0.433004 1.02161 0.647615 0.725291 1.02418 1.05028 0.65545 0.838766 0.289798 0.540261 0.496215 0.752622 0.0459811 0.521359 0.105541 1.09006 0.975066 0.391766 0.888806 1.09956 0.954918 0.926944 0.572893 0.837802 0.801429 1.25688 0.764202 0.859751 0.226192 1.16737 0.841186 0.657514 0.431622 0.836356 0.353543 0.669714 0.997316 0.979349 1.08925 0.206286 0.54078 0.280808 0.106066
0.420813 1.00949 1.13395 0.77318 0.98416 0.217327 0.908703 0.807724 0.657104 0.692284 0.777222 0.856855 0.981192 0.3832 0.0553626 0.80058 0.593045 0.274692 0.94444 0.541191 0.481287 0.908485 0.760634 0.449161 0.540818 0.558666 0.368033 0.50302 0.205629 0.979057 0.322093 0.301381 0.465051 1.1904 0.709105 0.823478 1.10291 1.02004 0.476408 0.859506 0.192576 0.567685 0.645699 0.669532 0.0282075 0.427438 0.378677 1.20853 0.725115 0.474503 1.0597 0.967202 0.932824 0.887411 0.485437 0.92296 0.639021 1.15198 0.776173 1.09851 0.0998134 1.10216 0.670686 0.5204 0.53857 0.824439 0.461429 0.859241 0.905218 1.14596 1.01851 0.323502 0.558606 0.559581 0.0561382
0.251012 1.08037 1.01817 0.652025 0.945383 0.176057 0.84016 0.837296 0.770939 0.65372 0.875557 0.820965 0.830827 0.440226 0.176784 0.778373 0.574447 0.117483 1.09707 0.42007 0.346299 0.939074 0.653675 0.472956 0.655799 0.429298 0.566917 0.345792 0.453301 1.08068 0.248314 0.188644 0.424963 0.996481 0.658958 0.940072 1.01806 1.0775 0.55445 0.646485 0.201061 0.596253 0.714671 0.705776 0.14881 0.545598 0.360098 1.0217 0.915825 0.380345 1.03958 0.888405 0.963795 0.730682 0.484591 0.828039 0.870455 1.02295 0.633289 0.865211 0.0928156 0.936438 0.719304 0.708117 0.501822 0.666731 0.43422 0.949373 0.965818 1.18732 1.02748 0.465497 0.701673 0.369257 0.144395
0.429945 0.931207 1.11752 0.756313 0.749393 0.237457 0.83799 0.80066 0.70034 0.489112 0.858672 1.09229 1.03351 0.304746 0.308713 0.939923 0.513759 0.388774 1.15938 0.504114 0.465398 0.817398 0.588101 0.617437 0.594189 0.412226 0.548194 0.430213 0.301452 1.09634 0.449665 0.435842 0.25434 1.01471 0.849044 0.776425 1.08243 1.17448 0.419011 0.620252 0.172203 0.492241 0.583291 0.639158 0.175947 0.509494 0.235047 1.00428 0.953355 0.582367 1.04946 0.935453 0.930325 0.867654 0.482138 0.938516 0.705276 1.22511 0.819263 0.9399 0.119807 1.03664 0.714631 0.574273 0.332977 0.59499 0.36064 0.707707 1.00982 1.03862 1.01968 0.273065 0.47416 0.436805 0.118897
