25 75
0.570614 1.22914 1.11869 0.259576 0.874414 0.916591 0.956489 0.643026 0.749564 0.21584 0.715103 0.592163 0.895905 0.878531 1.06753 0.71277 0.833049 0.0248838 0.686625 0.483979 0.912988 0.618631 0.76448 0.577049 0.894812 1.08231 0.528281 0.639318 0.912234 0.208825 0.195576 1.12599 0.351531 0.420447 0.836765 0.424846 0.959086 0.860645 0.810258 0.542798 0.227308 0.516122 0.844445 0.966499 1.0209 0.2893 0.140454 0.313852 0.573561 0.782086 1.02509 0.325246 0.996091 0.449016 0.375951 1.05241 0.638679 0.995009 0.391976 0.921485 0.404486 1.01251 0.713739 1.19253 0.279518 0.34575 0.954606 0.89205 0.536383 1.05011 0.266568 0.578443 0.285102 0.253216 0.950721
0.739698 1.01612 1.13253 0.371947 1.04562 0.963511 0.82634 0.782675 0.764013 0.128287 0.529058 0.599747 0.826656 1.0612 0.914824 0.589483 0.831631 0.104813 0.739367 0.548084 0.848116 0.513235 0.851218 0.676959 1.15442 0.949293 0.416061 0.671244 1.10757 0.0552888 0.269159 1.06744 0.17795 0.428849 0.89687 0.437693 0.678163 0.668982 0.693416 0.709645 0.0634207 0.557766 0.730702 0.782179 0.980404 0.106672 0.189635 0.360039 0.406469 0.787304 0.996274 0.494512 1.05484 0.548769 0.254623 0.974171 0.461224 0.844498 0.472183 1.13105 0.4884 0.868711 0.552908 1.0145 0.391241 0.355711 0.890983 0.998201 0.380306 1.04855 0.245769 0.622077 0.382075 0.227709 0.992741
0.680243 0.965119 1.20472 0.193768 0.825813 0.783271 1.07382 0.581651 0.70966 0.210803 0.725774 0.554116 1.00102 0.92008 0.985391 0.758175 0.730397 0.272463 0.908122 0.323315 0.917125 0.55806 0.917592 0.790356 0.930559 0.95528 0.352953 0.708783 1.11659 0.173374 0.189786 1.16869 0.398843 0.451018 0.967487 0.427005 0.857418 0.674478 0.626617 0.512776 0.201828 0.572864 0.857997 0.919754 0.93038 0.0778482 0.35363 0.378373 0.418652 0.876904 0.868098 0.471965 0.993321 0.342349 0.296514 1.03742 0.399915 0.971655 0.349448 0.989263 0.374883 1.02742 0.540477 0.974893 0.20904 0.319875 0.9788 0.827008 0.392745 1.27775 0.353495 0.400722 0.507589 0.304301 1.14782
0.520362 1.02706 1.09622 0.265674 0.997078 0.799679 0.981988 0.627956 0.822107 0.143572 0.609287 0.74105 0.992296 1.0328 1.01305 0.761614 0.743201 0.117062 0.820527 0.437764 0.713768 0.639552 0.6276 0.645154 1.05582 0.941485 0.486912 0.520207 1.0532 0.134991 0.302056 1.0387 0.196023 0.462781 0.750874 0.387306 0.76836 0.689806 0.794262 0.583859 0.0757664 0.305501 0.65559 0.770426 0.958995 0.316334 0.309899 0.296744 0.420242 1.01517 1.09131 0.589998 0.927513 0.426074 0.411559 1.04517 0.500723 1.06319 0.488511 0.945585 0.481593 0.901274 0.547281 1.11704 0.416671 0.154326 0.938938 0.974009 0.483469 1.20821 0.23351 0.499042 0.375754 0.28942 1.06288
0.536606 1.22047 1.16767 0.308818 0.994904 0.83158 1.01367 0.737224 0.774268 0.125322 0.585887 0.621044 0.884372 0.896584 0.995391 0.693508 0.610439 0.296478 0.752998 0.308066 0.924401 0.507611 0.759479 0.792672 0.925617 1.19919 0.568657 0.692521 1.0841 0.156628 0.398519 1.14503 0.407292 0.4255 0.842655 0.29541 0.873268 0.764762 0.815342 0.637365 0.226522 0.384356 0.825441 0.736197 1.08124 0.128893 0.29596 0.299764 0.301724 0.822227 0.943311 0.44372 1.14589 0.558276 0.310113 1.04505 0.447066 1.01832 0.480681 1.16094 0.472201 1.0714 0.544837 0.941984 0.257779 0.154324 0.843695 0.815532 0.553214 1.12635 0.317036 0.582614 0.257838 0.408335 1.03006
0.696557 0.955394 1.24617 0.258007 1.03446 0.966533 0.841701 0.809055 0.979507 0.358997 0.507636 0.486016 0.86764 1.04002 0.889426 0.73834 0.635005 0.29878 0.664586 0.426731 0.844183 0.515032 0.705353 0.626146 0.956962 1.20062 0.418922 0.626055 0.984683 0.148186 0.197905 1.18884 0.232753 0.491716 0.845297 0.300352 0.873056 0.667229 0.588852 0.625651 0.0873802 0.295716 0.807218 0.712273 1.09974 0.348333 0.416355 0.406353 0.487618 0.835173 0.993011 0.342437 0.980341 0.442251 0.267427 1.16609 0.361952 0.861751 0.476252 1.13676 0.57771 0.993796 0.494587 1.19202 0.271229 0.126802 0.924083 0.840997 0.579258 1.0498 0.480815 0.46697 0.255853 0.371266 1.07373
0.798368 1.0818 1.09183 0.362699 0.942896 1.01302 0.874965 0.768957 0.79521 0.395386 0.542645 0.743848 0.825272 1.04541 0.930911 0.715179 0.899343 0.222829 0.886457 0.400249 0.71831 0.607426 0.717118 0.593717 1.09962 0.968099 0.551667 0.703763 0.92864 0.00862851 0.265407 1.25105 0.35619 0.277572 0.95946 0.436769 0.777515 0.675858 0.672876 0.601023 0.298082 0.375918 0.658735 0.957197 1.0877 0.317285 0.222153 0.291939 0.465416 0.866304 0.945129 0.392515 0.914701 0.331371 0.351035 0.993926 0.445967 1.02406 0.484515 0.996575 0.533461 0.955118 0.528781 1.0118 0.223474 0.124497 0.873425 0.962749 0.464702 1.08541 0.240397 0.555418 0.336901 0.167634 1.05986
0.644325 0.988555 1.20085 0.119229 0.754825 0.782587 1.02188 0.801617 0.720158 0.15346 0.698124 0.667537 0.872171 1.00689 0.828024 0.489266 0.80618 0.13896 0.839167 0.43506 0.70727 0.490545 0.662078 0.755576 0.935473 1.12307 0.318147 0.550058 0.91615 0.227216 0.241071 0.992318 0.271024 0.289701 0.989477 0.506251 0.915379 0.875506 0.580371 0.595865 0.0803321 0.468494 0.790644 0.744096 0.91798 0.32638 0.41705 0.261117 0.480577 0.727899 0.928535 0.512439 0.948492 0.310227 0.264423 1.21527 0.496371 0.904518 0.446591 0.993532 0.470466 0.956224 0.699341 1.17578 0.200964 0.232938 0.848975 0.775295 0.370198 1.09284 0.443089 0.604493 0.269079 0.177502 0.921159
0.583552 1.19327 1.2424 0.134081 0.910464 0.938666 0.816832 0.79929 0.748915 0.154001 0.595176 0.4906 0.715936 0.878808 0.781363 0.549694 0.82597 0.292528 0.690219 0.603663 0.917555 0.68467 0.877641 0.774222 0.883146 0.974974 0.554131 0.510877 1.13709 0.210971 0.262801 1.22454 0.260709 0.444269 0.963728 0.349488 0.845692 0.75968 0.618315 0.468786 0.186554 0.484752 0.714194 0.908343 1.0385 0.105812 0.181682 0.292087 0.343711 0.744174 0.932285 0.591044 1.00848 0.590768 0.513667 1.19085 0.649345 0.834351 0.607257 1.11792 0.496435 1.06325 0.566839 1.00794 0.358649 0.117077 0.764464 0.845777 0.363745 1.00509 0.284604 0.46337 0.263682 0.364775 0.958544
0.784229 0.994044 1.18507 0.109884 1.03839 1.0553 1.02901 0.548155 0.894988 0.208302 0.600813 0.640735 0.799539 0.809511 0.821781 0.724164 0.694909 0.192022 0.879 0.497029 0.908657 0.454384 0.70621 0.788725 1.00919 1.13528 0.486734 0.693802 0.882935 0.229615 0.326488 0.97242 0.198534 0.327634 0.936162 0.292157 0.898761 0.586601 0.65511 0.566676 0.264749 0.353855 0.668029 0.771728 1.10167 0.197268 0.250651 0.397938 0.339915 0.751474 0.899958 0.567699 1.1052 0.337947 0.513708 1.13865 0.481163 0.79038 0.322143 1.10079 0.487619 0.968199 0.588676 1.1912 0.24958 0.173378 0.742014 0.828699 0.421624 1.10392 0.324152 0.530622 0.300975 0.169514 0.92491
0.761824 1.09661 1.00676 0.338289 0.766235 0.88436 0.971531 0.81062 0.852826 0.269141 0.748249 0.729142 0.883773 1.05149 0.984563 0.547211 0.675395 0.215151 0.863429 0.36765 0.830919 0.423664 0.708232 0.766391 1.14133 1.03176 0.557268 0.43898 1.09472 0.0834285 0.261673 1.23057 0.201375 0.470967 0.898899 0.374587 0.676196 0.627748 0.715713 0.543295 0.0664319 0.394314 0.729137 0.745814 0.950697 0.196424 0.154961 0.50007 0.392591 0.786209 1.09197 0.538085 0.866748 0.497386 0.530252 1.14002 0.448661 0.91463 0.468903 0.883588 0.552745 1.09569 0.464424 1.01441 0.288435 0.163788 0.954417 0.802021 0.42157 1.2053 0.238438 0.507582 0.465987 0.238779 0.910192
0.713525 1.14427 1.0757 0.229512 1.04848 0.839869 0.979485 0.602894 0.715304 0.38272 0.581922 0.607319 0.947505 0.949748 0.92701 0.775713 0.646735 0.224538 0.759121 0.328243 0.763549 0.518393 0.767918 0.58601 1.06291 0.975862 0.533552 0.4423 1.06849 0.187046 0.322566 1.06571 0.376525 0.225976 0.792248 0.494933 0.837847 0.64194 0.739063 0.625141 0.257083 0.310572 0.866297 0.978082 0.853873 0.144426 0.147042 0.434964 0.427434 0.737588 0.933758 0.497212 1.14415 0.416616 0.301442 1.01202 0.510945 0.963973 0.561201 1.07811 0.551263 0.878587 0.581374 0.94623 0.430037 0.339189 0.808916 0.837879 0.355039 1.00989 0.19662 0.589218 0.284021 0.28155 0.958174
0.766162 1.01983 1.14272 0.3812 0.90333 1.05951 0.986659 0.725536 0.756397 0.230351 0.661993 0.656203 0.817595 1.02798 1.05185 0.763246 0.782814 0.053896 0.858126 0.339197 0.813525 0.607573 0.790446 0.78828 0.912631 1.17564 0.475151 0.479769 0.916432 0.0425661 0.390226 1.23873 0.232284 0.311953 0.798175 0.532608 0.681244 0.831806 0.764802 0.50053 0.032543 0.565614 0.716565 0.946445 0.961321 0.16939 0.351066 0.312866 0.509308 0.778636 0.845247 0.367507 1.11352 0.485912 0.448637 0.972804 0.520367 1.03126 0.352327 1.0495 0.374545 0.889374 0.453384 1.02983 0.271214 0.140136 1.0051 0.991795 0.49921 0.987272 0.267952 0.43097 0.304841 0.202294 1.09652
0.524174 1.18901 1.043 0.147127 0.937801 0.890434 1.07177 0.57993 0.83799 0.297342 0.682405 0.738014 0.973401 0.950336 0.816272 0.530934 0.854395 0.0686993 0.701254 0.478703 0.861231 0.593779 0.860043 0.767073 1.15038 1.00651 0.293249 0.453668 1.08288 0.185783 0.171212 1.04555 0.439597 0.268216 0.96719 0.552014 0.908536 0.604301 0.60036 0.502632 0.258024 0.433706 0.652856 0.955787 0.861189 0.218832 0.350095 0.290167 0.540702 0.772901 0.951505 0.56547 1.01323 0.50814 0.480763 0.965501 0.641209 0.789788 0.612839 1.10599 0.472248 1.05915 0.712714 1.15365 0.221237 0.167183 0.897925 0.87958 0.517815 1.02916 0.232336 0.549718 0.317441 0.187886 0.952241
0.802351 1.12549 1.13387 0.122447 0.899358 0.993193 0.950352 0.703887 0.913577 0.227171 0.693297 0.730105 0.842505 1.06394 0.830947 0.62472 0.7072 0.17631 0.830999 0.396368 0.833224 0.685559 0.858819 0.765207 1.06061 0.991734 0.301638 0.717335 1.05824 0.0390398 0.345598 0.969176 0.25021 0.429013 0.735605 0.482193 0.81746 0.817064 0.766445 0.612947 0.0122647 0.491204 0.721554 0.999114 1.07084 0.19226 0.321436 0.462174 0.360733 0.773176 0.99941 0.37924 0.991222 0.388282 0.517014 0.946196 0.616709 0.856092 0.528709 0.969867 0.505446 0.983635 0.441406 0.990248 0.337831 0.0883636 0.863378 0.95332 0.403133 1.08231 0.471845 0.36779 0.506756 0.15143 1.02496
0.6993 1.18351 1.13324 0.326506 0.988811 1.05582 0.988012 0.683581 0.799305 0.359442 0.677056 0.553317 0.718015 0.976246 0.808097 0.777309 0.679355 0.182408 0.823034 0.419694 0.921753 0.550193 0.720298 0.574688 0.929459 0.99808 0.402712 0.727118 1.05703 0.191775 0.27139 1.1751 0.226908 0.409806 0.927687 0.52141 0.960098 0.703139 0.564462 0.600603 0.0441633 0.445278 0.736287 0.823507 0.959153 0.229209 0.295758 0.398452 0.527158 0.822896 1.01457 0.378372 1.00519 0.389347 0.4635 1.01673 0.39977 0.906443 0.412049 1.10131 0.361379 1.0323 0.466123 1.08525 0.408244 0.191934 0.727408 0.973749 0.359187 1.22063 0.362258 0.563609 0.348628 0.336784 1.03027
0.577437 1.1693 1.24115 0.315447 0.865783 0.811736 1.01954 0.7658 0.710259 0.349316 0.723197 0.640886 0.884256 1.01205 0.979401 0.579764 0.742962 0.205721 0.774293 0.404418 0.723782 0.59079 0.636789 0.699918 1.12174 1.13399 0.370118 0.505887 1.02398 0.261313 0.168311 1.03741 0.278264 0.440019 0.79398 0.56076 0.800268 0.759476 0.637836 0.608702 0.198867 0.516548 0.739426 0.81751 0.873434 0.284635 0.289089 0.340548 0.407025 0.893015 1.12639 0.297036 0.919424 0.484561 0.401439 1.10507 0.542864 0.859687 0.475114 1.06599 0.590384 0.947545 0.560085 1.13335 0.38239 0.315927 0.74586 0.884557 0.507094 1.24481 0.44615 0.489551 0.461718 0.206749 1.15803
0.545476 1.09188 1.01456 0.31463 1.01633 0.991782 0.83862 0.808048 0.708485 0.404181 0.706372 0.731294 0.840872 0.891269 1.00157 0.720235 0.798565 0.23427 0.626096 0.4385 0.916597 0.455073 0.620456 0.706452 1.02806 1.19616 0.480614 0.627305 1.08028 0.0405166 0.152847 1.16713 0.319124 0.406498 0.796299 0.370939 0.934913 0.599311 0.561193 0.526448 0.256581 0.340527 0.739719 0.771544 1.10766 0.259837 0.37515 0.28596 0.514497 0.746578 1.07523 0.526188 0.870251 0.427498 0.306085 1.17994 0.511666 0.943521 0.567466 1.08677 0.511533 0.916787 0.706842 1.058 0.250459 0.0727871 0.833266 0.882735 0.549909 1.08585 0.368554 0.414848 0.298327 0.257024 0.945885
0.507165 1.17918 1.23972 0.225119 0.865931 1.05419 0.933893 0.616109 0.718788 0.185256 0.740256 0.641544 0.771509 1.05701 0.9939 0.627715 0.781209 0.0299588 0.779902 0.500541 0.67574 0.698758 0.79062 0.725766 0.980457 0.964147 0.294579 0.637523 1.05936 0.169353 0.397561 1.06681 0.309145 0.360205 0.91982 0.393811 0.791683 0.849485 0.595935 0.710998 0.270324 0.3343 0.758278 0.974203 0.957016 0.308145 0.354147 0.332257 0.58125 0.928306 1.12768 0.51188 0.87214 0.555819 0.349893 1.14924 0.355409 0.835814 0.356413 1.15729 0.458707 1.08615 0.56392 1.17465 0.185505 0.365898 0.762558 1.0186 0.394091 1.07047 0.331016 0.615725 0.317708 0.250966 0.944918
0.773421 1.08091 1.03278 0.294815 0.902416 0.959461 1.03882 0.601413 0.835797 0.235649 0.649513 0.634839 0.970937 0.968303 0.845446 0.502374 0.64278 0.147238 0.656757 0.393351 0.701206 0.421047 0.899239 0.760222 0.99972 1.03686 0.541525 0.717288 1.15459 0.195698 0.325942 1.20889 0.191255 0.299512 0.891286 0.404263 0.826139 0.825632 0.66501 0.743026 0.0435618 0.546554 0.885772 0.976669 0.936181 0.328876 0.374471 0.316525 0.534349 0.752442 1.07515 0.30866 0.986017 0.38778 0.332368 0.95925 0.463256 0.991476 0.345748 1.09252 0.566867 0.948338 0.444264 0.974378 0.339945 0.285712 0.885435 0.806052 0.53032 1.07283 0.363254 0.489543 0.519428 0.326358 0.996442
0.631732 0.980076 1.01659 0.358434 0.922829 1.02927 0.957034 0.782751 0.814321 0.207098 0.699716 0.662357 0.960612 0.798857 1.0237 0.576538 0.619599 0.238333 0.641967 0.330594 0.729132 0.563239 0.82971 0.588691 0.971672 1.14319 0.523122 0.611138 1.03601 0.0405403 0.348963 1.24442 0.337987 0.372835 0.813898 0.525597 0.678076 0.623518 0.811194 0.514519 0.22473 0.54215 0.819012 0.853236 0.963104 0.279571 0.276441 0.28097 0.489145 0.922033 1.12665 0.354551 1.05733 0.438393 0.342338 1.15012 0.362301 0.917777 0.596874 0.910237 0.458973 0.874851 0.493905 0.939565 0.373322 0.128878 0.982735 1.04183 0.405218 1.02456 0.306993 0.422245 0.418248 0.246547 1.17467
0.772288 1.06526 1.11902 0.132181 0.946287 0.805629 0.907951 0.569116 0.889915 0.358475 0.508216 0.462587 0.839011 0.906525 0.864478 0.752628 0.713402 0.023563 0.829656 0.428835 0.844829 0.428843 0.835221 0.679523 1.15177 1.18866 0.574981 0.715217 1.011 0.248546 0.294272 1.09 0.242903 0.370901 1.0161 0.383519 0.84698 0.604499 0.679323 0.519993 0.141619 0.537498 0.625646 0.955044 1.09364 0.335643 0.380846 0.30182 0.55227 0.724379 1.07899 0.374999 0.897549 0.409617 0.30962 1.07592 0.44905 0.982802 0.574427 0.899641 0.396333 1.02581 0.473235 1.04441 0.190127 0.345816 0.821211 1.04298 0.469784 1.22626 0.187158 0.465103 0.450596 0.287347 1.116
0.804194 1.13758 1.06579 0.3897 0.964901 1.04748 1.04893 0.539961 0.921698 0.225694 0.476956 0.590967 0.905771 0.790972 0.889307 0.608223 0.667119 0.209705 0.615483 0.507904 0.844844 0.621372 0.757108 0.695417 1.06448 1.18533 0.562015 0.500381 1.03659 0.253209 0.409871 1.03572 0.321947 0.27249 1.00379 0.562931 0.715325 0.674376 0.579427 0.560909 0.201075 0.292617 0.901188 0.875056 1.04756 0.102757 0.315528 0.43893 0.394236 0.819704 1.11526 0.322023 0.959773 0.317212 0.301394 0.977127 0.469773 0.957429 0.492704 0.919437 0.427767 0.902906 0.620447 1.13096 0.345771 0.108412 0.731569 0.956765 0.366934 1.25346 0.327814 0.348696 0.28434 0.385411 1.0872
0.648714 1.13391 0.988935 0.240074 0.912934 0.973036 0.882625 0.580752 0.849095 0.38362 0.701411 0.653388 0.997703 0.994857 0.927556 0.514318 0.889642 0.215323 0.731695 0.574075 0.828713 0.701775 0.705507 0.697099 0.96887 1.03327 0.299391 0.543917 0.901502 0.154721 0.402325 1.17514 0.248542 0.440281 0.92172 0.435223 0.750946 0.710681 0.723567 0.706264 0.0462029 0.450744 0.766819 0.992841 0.887619 0.179085 0.40377 0.279961 0.477814 0.938185 0.981206 0.551738 1.00819 0.556563 0.307051 1.19053 0.532172 0.838015 0.545535 0.912281 0.531536 1.09016 0.4542 0.925177 0.275563 0.32634 0.852926 1.03434 0.58985 1.01081 0.265509 0.615547 0.286157 0.17486 0.905433
0.556043 1.23942 1.03326 0.163561 0.949787 0.884249 0.899997 0.622536 0.732234 0.374004 0.500021 0.721468 0.790374 0.855769 1.01132 0.636078 0.629066 0.148016 0.627664 0.440064 0.849387 0.590065 0.773996 0.583615 1.04893 1.02379 0.544664 0.717167 0.954083 0.285427 0.141057 1.20466 0.22031 0.350994 0.903422 0.354895 0.740487 0.837549 0.676785 0.675292 0.107076 0.464502 0.621774 0.767305 0.86917 0.272246 0.203968 0.318081 0.367188 0.731895 0.900997 0.566134 1.13491 0.561937 0.268179 1.06193 0.361551 1.08048 0.468624 1.13115 0.350822 1.01296 0.448055 1.07695 0.248911 0.241957 0.863913 1.0476 0.434713 1.13127 0.411169 0.418835 0.478481 0.35521 1.1273
