25 75
0.495425 0.738903 0.177366 0.185738 1.05125 1.10471 0.147076 0.821444 0.37204 0.42824 0.998286 0.118677 0.751193 0.201518 0.740166 0.477835 0.31851 0.356999 0.841161 0.565171 0.636331 0.322163 0.848549 0.746728 0.366771 0.488195 0.832611 0.600577 0.687504 1.05035 0.492694 0.7733 0.590646 0.484085 0.577878 0.311088 0.547596 0.412721 0.389975 0.49379 0.672304 0.988167 0.34796 0.688142 0.638244 0.249766 0.61811 0.419085 0.647613 0.648023 0.844713 0.489321 0.63461 0.667403 0.723274 0.557107 1.04756 1.24756 0.736721 0.906192 0.825259 0.459545 1.21026 0.547575 0.653021 0.935958 0.988669 0.774008 0.477839 0.396556 0.13503 0.301322 0.981638 0.527732 0.811903
0.589846 0.680384 0.181821 0.199109 0.984098 1.10587 0.151958 0.70829 0.442602 0.575194 0.933779 0.325321 0.581788 0.318232 0.681622 0.682779 0.255933 0.41179 0.883124 0.676947 0.650036 0.311551 0.886361 0.797823 0.303796 0.45049 0.862344 0.627685 0.654128 1.05758 0.697414 0.877977 0.522252 0.741495 0.435061 0.294344 0.465224 0.208989 0.262722 0.333678 0.83571 1.02399 0.579485 0.654005 0.80079 0.22678 0.548177 0.331556 0.662207 0.528102 0.863437 0.743634 0.610355 0.677281 0.867382 0.61659 1.21905 1.2722 0.739403 0.860083 1.07371 0.627152 1.24763 0.488637 0.732971 0.728628 1.04464 0.706823 0.650221 0.518481 0.101059 0.232527 1.04543 0.551266 0.677297
0.553681 0.642679 0.063047 0.215514 0.940763 1.18172 0.108262 0.776575 0.417573 0.573541 1.16968 0.190871 0.487141 0.302832 0.754747 0.574512 0.0711867 0.432823 0.779038 0.591042 0.647014 0.353105 0.819586 0.623638 0.303323 0.290141 0.987452 0.531345 0.706075 0.937776 0.647749 0.77524 0.70171 0.711655 0.458385 0.434531 0.418938 0.314753 0.285167 0.533122 0.606655 1.08973 0.56049 0.752326 0.645889 0.0308219 0.609785 0.239712 0.648516 0.559597 0.928562 0.545083 0.726909 0.539975 0.855839 0.659844 1.24509 1.19072 0.667216 0.921489 1.04619 0.693151 1.05212 0.713213 0.835213 0.942173 0.925724 0.734879 0.51058 0.518848 0.255277 0.254246 1.08992 0.502507 0.778677
0.548594 0.463323 0.0153001 0.306226 1.13759 1.02125 0.279221 0.585393 0.570268 0.373839 1.06579 0.0656757 0.714619 0.354813 0.583637 0.457559 0.275787 0.175792 0.792694 0.788243 0.574707 0.459998 0.708361 0.814391 0.148865 0.384667 0.949347 0.5348 0.850412 1.16202 0.647477 0.81284 0.698918 0.595115 0.601628 0.380795 0.513136 0.44206 0.362762 0.415504 0.780807 1.10085 0.600178 0.584818 0.742034 0.160877 0.457185 0.229587 0.778119 0.496892 1.11647 0.675484 0.55403 0.596099 0.904972 0.700749 1.23511 1.11783 0.701443 0.976898 0.915063 0.569814 1.25096 0.569467 0.684214 0.712694 0.904287 0.612117 0.621666 0.570331 0.258985 0.37941 1.11626 0.645571 0.682135
0.472483 0.676086 0.211832 0.240906 1.12087 1.08933 0.0294354 0.693137 0.627415 0.580489 1.01352 0.207942 0.69865 0.408111 0.603584 0.41084 0.143152 0.287321 0.874967 0.831076 0.582305 0.276189 0.668658 0.78911 0.25303 0.286215 0.873794 0.561579 0.787 1.14992 0.637835 0.90952 0.44715 0.483863 0.563139 0.328828 0.397332 0.227845 0.216675 0.379091 0.859738 1.1398 0.447579 0.686444 0.65775 0.215445 0.591833 0.235341 0.836496 0.459036 1.00887 0.479425 0.521545 0.520666 0.662325 0.608197 1.2414 1.12616 0.838456 0.947556 1.08164 0.487736 1.21656 0.585989 0.788152 0.768228 1.00902 0.634082 0.428888 0.543986 0.190101 0.260044 1.14559 0.431511 0.849978
0.64506 0.631152 0.243702 0.248095 1.08746 1.18779 0.0702499 0.550779 0.55916 0.467768 0.938107 0.319311 0.685018 0.218959 0.584101 0.416446 0.289273 0.357237 0.653276 0.708788 0.713468 0.223126 0.856754 0.630226 0.376897 0.407085 1.02282 0.566208 0.719555 1.02799 0.57791 0.929648 0.722323 0.49023 0.373724 0.25076 0.608821 0.483065 0.353789 0.508549 0.773332 0.933273 0.513803 0.504998 0.781768 0.0974095 0.449953 0.217106 0.625924 0.503753 0.937225 0.48636 0.788913 0.575783 0.807418 0.652892 1.27112 1.13241 0.771632 0.978573 1.0332 0.684392 1.24425 0.760844 0.903076 0.950009 1.05428 0.75075 0.586715 0.585399 0.127519 0.479641 0.948769 0.498981 0.721555
0.467876 0.516806 0.162503 0.298172 0.891629 1.21949 0.218869 0.786058 0.636634 0.54931 0.973805 0.14466 0.712891 0.384966 0.608169 0.539645 0.201936 0.446843 0.815087 0.731887 0.551034 0.32405 0.663767 0.789644 0.184594 0.340056 1.01589 0.485916 0.792362 0.95569 0.632196 0.915287 0.592807 0.720746 0.355313 0.321239 0.638374 0.367373 0.154202 0.345591 0.862682 1.06728 0.377498 0.756779 0.559218 0.243194 0.562226 0.36108 0.66045 0.5723 0.894167 0.688726 0.745781 0.469665 0.920434 0.588935 1.01229 0.983797 0.799885 0.929221 0.896467 0.559212 1.23485 0.65887 0.74002 0.848658 1.03533 0.718175 0.498016 0.533095 0.157231 0.477087 1.06033 0.467526 0.913518
0.566319 0.61171 0.157825 0.137381 1.12592 1.11708 0.160263 0.562899 0.540908 0.61723 0.970736 0.324882 0.541244 0.220464 0.499647 0.553275 0.268314 0.376429 0.653666 0.846825 0.670795 0.220436 0.744225 0.784914 0.21376 0.305554 0.948008 0.37236 0.722044 1.19163 0.683688 0.767848 0.456837 0.567158 0.535524 0.269692 0.586597 0.48711 0.191269 0.287646 0.639456 0.866084 0.441696 0.509682 0.724769 0.314565 0.602634 0.45312 0.712218 0.520777 0.95261 0.760608 0.662341 0.684654 0.768129 0.586818 1.05261 1.22483 0.601669 1.02612 0.905716 0.626031 0.962017 0.695313 0.917632 0.898744 0.930319 0.604819 0.463388 0.383864 0.378636 0.514554 1.08996 0.585407 0.784225
0.499624 0.464212 0.139945 0.249091 0.932017 0.939321 0.0827514 0.650213 0.582047 0.431649 1.12203 0.136666 0.732827 0.435846 0.542695 0.669926 0.212719 0.431887 0.700859 0.717523 0.589818 0.449374 0.761413 0.708147 0.281408 0.322249 0.816761 0.444636 0.889786 1.0362 0.720201 0.761672 0.523202 0.533339 0.504388 0.417851 0.585818 0.231691 0.269733 0.250924 0.876086 0.988205 0.535665 0.623171 0.625095 0.0617103 0.404799 0.323347 0.887187 0.435045 0.858024 0.659315 0.737029 0.658707 0.805207 0.582902 1.26481 1.23315 0.863451 0.923864 0.866809 0.705213 1.08118 0.651879 0.666297 0.791951 0.939264 0.666242 0.606762 0.394981 0.182962 0.233895 1.17169 0.492052 0.85577
0.703564 0.563055 0.198766 0.2083 1.05869 0.974252 0.193515 0.697444 0.622157 0.605069 0.983507 0.26429 0.53941 0.445702 0.729541 0.542875 0.292064 0.25462 0.734366 0.843242 0.618688 0.265359 0.835414 0.811646 0.192124 0.383557 0.964881 0.555292 0.858706 1.1517 0.669728 0.902163 0.569599 0.527003 0.600996 0.231682 0.643628 0.478184 0.250658 0.241917 0.712356 0.991584 0.569325 0.612764 0.809779 0.045969 0.532025 0.414635 0.771827 0.7024 0.95987 0.519569 0.571436 0.636272 0.815157 0.441093 1.12768 1.09923 0.598113 0.971599 1.07777 0.702743 1.01495 0.646465 0.658124 0.851428 0.893498 0.620681 0.429804 0.527454 0.093883 0.448881 1.13147 0.554135 0.854578
0.553309 0.67057 0.0524714 0.200602 1.09907 1.11954 0.117616 0.657702 0.5781 0.397179 0.930669 0.215518 0.538381 0.361871 0.566 0.519262 0.0902882 0.233139 0.701741 0.763957 0.698777 0.203342 0.929267 0.850016 0.282122 0.434627 0.916293 0.446928 0.712428 1.06962 0.649685 0.926364 0.654943 0.472295 0.388182 0.155226 0.44523 0.370045 0.120459 0.433214 0.818372 0.845653 0.541655 0.726363 0.629249 0.159175 0.612209 0.375358 0.765511 0.704858 1.01315 0.524542 0.719868 0.703864 0.942996 0.42809 0.997106 1.02794 0.827143 0.894328 0.951828 0.459411 1.06755 0.540623 0.667117 0.752801 0.905079 0.75207 0.480225 0.342052 0.328689 0.259676 0.984572 0.473487 0.77834
0.642416 0.619951 0.00662673 0.224725 1.01012 0.942925 0.0660539 0.663588 0.454854 0.573546 1.11333 0.102592 0.614327 0.291719 0.661466 0.605653 0.161395 0.341075 0.840558 0.708991 0.488815 0.19782 0.839568 0.805948 0.197337 0.481081 0.866896 0.406179 0.70563 1.12913 0.481632 0.741858 0.736104 0.515455 0.637101 0.193477 0.39142 0.420573 0.25138 0.394912 0.643902 1.0517 0.43379 0.607179 0.777784 0.27457 0.549339 0.413585 0.629631 0.578663 0.985524 0.646172 0.572337 0.675876 0.64791 0.648338 1.20353 1.03775 0.792679 0.865412 1.11202 0.520592 1.02938 0.650729 0.786724 0.949223 1.06053 0.722966 0.453521 0.536294 0.369373 0.288966 0.968659 0.699326 0.779269
0.707104 0.464024 0.118208 0.0652266 0.953278 0.982344 0.236781 0.657351 0.639616 0.520505 1.00454 0.318878 0.707846 0.41154 0.712408 0.417939 0.348452 0.306831 0.859395 0.715433 0.442087 0.405549 0.847161 0.721432 0.36176 0.257991 1.07362 0.519453 0.82704 1.00737 0.747861 0.711883 0.512159 0.562831 0.440704 0.305286 0.613556 0.417238 0.3015 0.50502 0.786529 1.01403 0.519126 0.557771 0.810972 0.177438 0.479829 0.206716 0.766229 0.489633 1.12665 0.502309 0.804411 0.541065 0.777347 0.58037 1.00993 1.03843 0.788078 0.991909 0.900066 0.702255 1.21374 0.55801 0.66899 0.927568 1.09429 0.697491 0.64088 0.547412 0.276451 0.517522 1.0838 0.64355 0.850575
0.567777 0.515485 0.23235 0.250477 1.01135 0.999545 0.0775146 0.804312 0.480845 0.61407 0.987728 0.0614547 0.702467 0.227269 0.576126 0.442801 0.230436 0.428703 0.725444 0.702333 0.571674 0.212509 0.939456 0.830727 0.396636 0.371631 0.997328 0.524961 0.670344 0.973634 0.628223 0.856354 0.646124 0.564734 0.592956 0.304518 0.65519 0.436638 0.330145 0.37571 0.751907 0.991362 0.484956 0.545508 0.772125 0.319027 0.346022 0.268902 0.864486 0.679776 0.86589 0.725577 0.771396 0.580285 0.730598 0.669554 1.25419 1.03952 0.793078 1.08336 1.10127 0.522422 1.24343 0.533421 0.672403 0.769963 1.01686 0.783414 0.569361 0.439657 0.329327 0.4845 0.963313 0.410908 0.937832
0.510444 0.596888 0.0551163 0.030122 1.11794 0.953917 0.0740842 0.758848 0.560173 0.419662 0.982041 0.246468 0.522504 0.41836 0.6648 0.457501 0.221116 0.352129 0.76261 0.687727 0.49978 0.475648 0.823907 0.715721 0.156649 0.254732 1.07173 0.629283 0.732601 1.10581 0.610498 0.739756 0.623594 0.67144 0.433725 0.301069 0.413258 0.224463 0.248711 0.385235 0.768931 0.94093 0.328509 0.521774 0.622912 0.314057 0.452973 0.481405 0.853377 0.528658 0.835634 0.664684 0.723723 0.704379 0.776004 0.623878 1.00956 0.988131 0.699833 0.958441 0.936896 0.46942 1.24336 0.685176 0.685162 0.881916 1.03456 0.882718 0.622343 0.618442 0.177975 0.378158 1.11713 0.644789 0.93465
0.740126 0.747816 0.205282 0.3156 1.10265 0.974112 0.0305849 0.793956 0.488964 0.443958 1.1458 0.170499 0.735424 0.21149 0.724483 0.662883 0.33481 0.375312 0.878956 0.657944 0.468967 0.264394 0.816481 0.642222 0.139674 0.386791 0.966358 0.628393 0.810664 1.19091 0.776243 0.696438 0.582558 0.751595 0.395528 0.316427 0.592498 0.284892 0.15639 0.471002 0.822352 0.921409 0.500397 0.725446 0.645119 0.158783 0.503141 0.472107 0.76622 0.556682 1.05127 0.504636 0.662636 0.538667 0.784715 0.428985 1.05913 1.0417 0.725004 0.890458 0.860647 0.539699 1.14548 0.552386 0.890775 0.790226 0.84327 0.822467 0.479013 0.374174 0.377104 0.3417 0.908841 0.453036 0.935273
0.630967 0.546007 0.236391 0.132011 0.900429 1.08272 0.167859 0.700368 0.467077 0.597379 0.910915 0.176661 0.710297 0.382786 0.625493 0.472073 0.28999 0.340984 0.700874 0.613942 0.696925 0.305903 0.826348 0.66899 0.429935 0.484308 1.04229 0.397594 0.894276 1.08964 0.640284 0.889705 0.555797 0.736745 0.613482 0.339461 0.423976 0.295989 0.308633 0.413822 0.854499 1.0361 0.323383 0.494484 0.755515 0.280275 0.37395 0.465217 0.63261 0.680391 0.853364 0.491193 0.810891 0.720638 0.757939 0.709794 1.18181 1.1678 0.697328 1.12426 1.05492 0.514069 1.23185 0.469052 0.819717 0.856117 0.984646 0.787283 0.468462 0.36686 0.263622 0.283618 0.985026 0.642176 0.693229
0.617926 0.670211 0.120354 0.308932 1.14218 1.01752 0.201516 0.751998 0.400924 0.571639 1.062 0.108553 0.708466 0.358601 0.597004 0.514991 0.28605 0.324039 0.726881 0.763654 0.709181 0.270119 0.801341 0.861723 0.143248 0.460465 0.954357 0.425179 0.743356 1.22315 0.776012 0.848832 0.565926 0.494109 0.555644 0.240751 0.378452 0.315899 0.234506 0.332423 0.696281 1.07217 0.436438 0.61664 0.553568 0.264796 0.625806 0.401599 0.700954 0.614797 1.09848 0.706943 0.673908 0.482557 0.763722 0.553841 1.24163 1.09063 0.859002 0.930149 1.08293 0.437981 1.06119 0.504661 0.772811 0.717344 1.08409 0.711293 0.581824 0.453789 0.118354 0.447172 1.04166 0.458225 0.912124
0.701831 0.655826 0.300662 0.203309 1.15267 1.09271 0.29967 0.762825 0.471451 0.404852 1.0819 0.237312 0.552131 0.260931 0.681233 0.620838 0.173775 0.203354 0.792181 0.704149 0.514361 0.332426 0.71649 0.872792 0.393475 0.238442 0.97979 0.642921 0.838963 1.06853 0.521818 0.941706 0.74293 0.532767 0.512452 0.259393 0.501701 0.253244 0.377871 0.32883 0.785929 1.08748 0.56605 0.753042 0.743492 0.275065 0.525769 0.249968 0.799048 0.680004 0.986702 0.649368 0.755845 0.668795 0.904062 0.638503 1.15869 1.04872 0.729803 0.911865 0.964171 0.479082 1.21829 0.480085 0.762248 0.687664 0.842686 0.705661 0.427548 0.531432 0.192657 0.513805 0.999286 0.672261 0.764241
0.528017 0.586619 0.229356 0.175131 1.0733 1.02536 0.226677 0.759298 0.373765 0.523833 1.17928 0.115503 0.478222 0.332727 0.602614 0.406498 0.300468 0.44604 0.809291 0.752717 0.550539 0.216823 0.740558 0.699865 0.215936 0.472913 0.79299 0.563763 0.87806 1.05857 0.750779 0.708258 0.63885 0.480126 0.364292 0.437875 0.533706 0.372538 0.397263 0.240889 0.806372 1.07898 0.435996 0.687472 0.798859 0.0378795 0.37503 0.472457 0.893264 0.582673 0.950011 0.58588 0.528673 0.676648 0.734467 0.701779 1.12403 1.06566 0.814383 0.997631 0.935809 0.456931 1.00597 0.585906 0.703888 0.915979 0.988102 0.698648 0.517949 0.370047 0.159719 0.397972 1.07461 0.543675 0.776871
0.617093 0.475795 0.0123668 0.11159 0.895607 1.17359 0.153412 0.622037 0.408322 0.499479 1.05073 0.29508 0.728552 0.357203 0.555411 0.599033 0.262017 0.32511 0.667328 0.834429 0.584565 0.435974 0.843835 0.661129 0.317909 0.403557 0.902254 0.56111 0.744291 1.14135 0.60793 0.726675 0.723753 0.714065 0.365113 0.335953 0.509042 0.422748 0.394948 0.282168 0.687187 1.12685 0.59826 0.737165 0.755651 0.167877 0.597155 0.429638 0.836587 0.680167 1.09489 0.581118 0.729502 0.638079 0.834841 0.4901 1.01796 1.07177 0.817064 1.11335 0.916409 0.413711 1.04446 0.6278 0.728811 0.761977 1.01983 0.871235 0.486442 0.543221 0.212977 0.256792 0.927798 0.416202 0.930305
0.588227 0.51164 0.246608 0.157109 0.951831 1.19199 0.154212 0.557563 0.535899 0.558344 0.950828 0.306055 0.678695 0.371128 0.7421 0.459888 0.26468 0.430473 0.630445 0.612523 0.43538 0.40496 0.870052 0.705497 0.152228 0.232999 0.956044 0.651096 0.697306 1.17556 0.684335 0.731556 0.69374 0.722225 0.619965 0.185776 0.364355 0.482284 0.185246 0.530854 0.846846 0.980247 0.390227 0.581413 0.730123 0.177099 0.639926 0.453099 0.833158 0.589579 1.08778 0.683834 0.584364 0.56426 0.874867 0.604411 1.07899 1.1989 0.651455 1.05862 0.848181 0.580387 1.0876 0.708867 0.699931 0.887276 1.05442 0.727553 0.590679 0.395585 0.23914 0.425653 1.01748 0.638859 0.867275
0.628685 0.605019 0.171977 0.178012 1.13726 1.10993 0.203278 0.692161 0.602477 0.436518 1.07647 0.106812 0.710186 0.403899 0.737056 0.697225 0.285268 0.248656 0.628348 0.611422 0.695366 0.203064 0.921333 0.605639 0.244562 0.240452 1.03942 0.62844 0.720061 0.990073 0.696592 0.806199 0.557626 0.658477 0.581503 0.298316 0.580062 0.347989 0.123723 0.494507 0.825338 0.894958 0.328793 0.680859 0.685917 0.107135 0.513119 0.488699 0.652918 0.442364 0.953621 0.564818 0.581967 0.634045 0.87404 0.70092 1.25082 1.13387 0.76041 0.876537 0.937395 0.590548 0.963699 0.538058 0.689214 0.93477 1.09161 0.7218 0.519383 0.600879 0.387758 0.332345 1.00762 0.438308 0.850353
0.484458 0.659898 0.0580615 0.155042 0.925417 1.20935 0.073918 0.606648 0.408822 0.54422 1.11226 0.128783 0.579979 0.439827 0.631157 0.562915 0.134147 0.286295 0.836414 0.81626 0.590921 0.356933 0.787548 0.857017 0.40675 0.418836 0.792553 0.456423 0.702311 1.15443 0.550824 0.85027 0.496468 0.501471 0.650471 0.349151 0.641214 0.473881 0.131275 0.325173 0.637209 0.914761 0.374707 0.775881 0.794915 0.240005 0.53631 0.311357 0.705825 0.699044 0.887773 0.767564 0.557873 0.554951 0.664219 0.614077 1.23184 1.14485 0.847929 0.943967 0.943913 0.57432 1.1648 0.742831 0.822051 0.967513 1.0325 0.728389 0.56795 0.410381 0.336436 0.271518 0.900797 0.431478 0.883636
0.693042 0.465199 0.019422 0.0267316 1.04382 1.08748 0.15019 0.808427 0.431562 0.45707 0.931611 0.105285 0.536687 0.335946 0.748771 0.592809 0.0946835 0.348546 0.704625 0.606642 0.63528 0.419127 0.685219 0.721319 0.25631 0.386372 0.929254 0.477659 0.733973 0.989597 0.558261 0.759781 0.45128 0.713137 0.387889 0.368137 0.369407 0.488517 0.211807 0.331309 0.701403 1.05625 0.588726 0.6498 0.628551 0.24236 0.548485 0.470825 0.790601 0.638126 0.943246 0.654719 0.738693 0.644269 0.776618 0.443997 1.16168 1.10663 0.686511 1.00994 1.11698 0.596644 1.03957 0.499131 0.712416 0.928628 0.923745 0.654746 0.587566 0.568859 0.286044 0.47807 0.986043 0.494462 0.904276
