25 75
0.235421 0.718345 0.347229 1.00654 0.940377 0.911369 0.181237 0.833408 0.35794 0.888376 0.479897 0.937797 0.499227 0.605721 0.244963 0.356288 0.29832 0.694925 0.881876 0.523859 0.365691 1.10605 0.559591 0.375965 0.88232 0.510098 0.214829 0.207278 1.16314 0.426685 0.208066 0.185501 0.625606 0.8334 0.200914 0.762951 0.578478 0.529371 0.294091 0.542876 0.364918 0.722113 0.907503 0.448183 0.928563 0.865993 0.979087 0.350897 0.251203 0.825912 0.41584 0.334511 0.233856 0.6701 0.802518 0.511296 0.975854 0.921281 0.721373 0.381572 0.191587 0.509775 0.590395 0.635377 1.02799 0.0896289 0.838949 0.942495 0.243826 0.667962 0.321318 0.557507 0.501651 0.242045 1.18746
0.230538 0.531883 0.235313 1.10658 0.936839 0.948304 0.222714 0.835459 0.385563 0.850075 0.625528 0.790128 0.617358 0.428944 0.208576 0.447121 0.159881 0.736754 0.930146 0.586461 0.146211 1.11297 0.346284 0.481951 1.0676 0.450798 0.196142 0.118886 1.10864 0.406457 0.331038 0.0789369 0.742162 0.960873 0.375192 0.82039 0.520366 0.537327 0.342148 0.462384 0.298679 0.576025 0.852858 0.33367 0.987047 0.970389 0.963166 0.412538 0.0270316 0.894288 0.389593 0.409954 0.286585 0.76531 0.565819 0.657018 1.14866 1.08161 0.617247 0.28055 0.354542 0.591187 0.804902 0.875238 0.888156 0.0690403 0.688051 0.736267 0.386122 0.695938 0.168003 0.492203 0.446496 0.0651854 1.06397
0.356481 0.735955 0.305686 1.26446 1.06201 1.02978 0.176283 0.978886 0.52249 0.651586 0.522171 0.870587 0.570869 0.503539 0.366911 0.378339 0.225686 0.68569 0.671769 0.458793 0.263106 0.993945 0.466115 0.428182 1.00406 0.537326 0.209116 0.185024 1.14056 0.178534 0.223025 0.139983 0.653586 0.732205 0.242893 0.909893 0.452257 0.514505 0.366519 0.378593 0.367275 0.598093 0.855873 0.263002 0.802783 0.87673 0.870122 0.383054 0.156394 0.67939 0.335827 0.353114 0.454445 0.648805 0.83058 0.475861 1.07568 1.00368 0.646255 0.244703 0.344517 0.420675 0.707855 0.677968 0.947733 0.2488 0.845394 0.760348 0.234242 0.868007 0.345147 0.748157 0.574397 0.152295 1.27864
0.399354 0.600128 0.173723 1.23918 1.0615 1.09722 0.202829 0.941458 0.499277 0.669225 0.483402 1.02916 0.400599 0.691141 0.378582 0.432182 0.234658 0.522937 0.94643 0.477771 0.273614 1.20571 0.425497 0.475531 0.880612 0.559719 0.383679 0.186237 1.2704 0.427743 0.385487 0.0889625 0.528641 0.881599 0.369314 0.978535 0.537563 0.542929 0.382882 0.316374 0.254035 0.458403 0.854565 0.344895 0.960862 0.828907 0.796071 0.400673 0.132005 0.806824 0.366957 0.419244 0.332602 0.814291 0.77412 0.554485 0.922462 0.975637 0.653357 0.260151 0.125445 0.482052 0.607949 0.616354 1.00209 0.104908 0.874968 0.864311 0.226203 0.781611 0.159124 0.759713 0.3714 0.305704 1.12604
0.331196 0.477306 0.334757 1.20927 1.07951 1.09434 0.0399797 0.817849 0.539363 0.69635 0.489882 0.967845 0.607078 0.662143 0.256743 0.277867 0.279244 0.555156 0.952933 0.423196 0.208766 1.00771 0.569521 0.543588 0.980256 0.610487 0.183109 0.249483 1.16964 0.224989 0.243947 0.287201 0.816943 0.938124 0.127896 0.99927 0.493384 0.672336 0.363454 0.442052 0.423507 0.47346 0.923333 0.475861 0.839163 0.892741 0.797525 0.467262 0.254513 0.868303 0.217122 0.283877 0.467717 0.601054 0.703355 0.448428 1.163 0.997618 0.591804 0.378207 0.384687 0.383635 0.614875 0.734362 0.948056 0.11825 0.900283 0.866816 0.343634 0.782396 0.191889 0.560177 0.61124 0.11676 1.14321
0.163541 0.663162 0.094801 1.20356 1.10962 1.00954 0.0310752 0.732582 0.324017 0.707173 0.568702 0.957469 0.423256 0.575842 0.207165 0.368358 0.336051 0.723282 0.84318 0.369246 0.181993 1.03506 0.377212 0.406871 0.78998 0.476872 0.430451 0.149456 1.13016 0.298911 0.438358 0.114943 0.648559 0.874675 0.226761 1.01468 0.450841 0.557107 0.265173 0.478351 0.208265 0.701132 0.817176 0.389553 0.961775 0.785623 1.00178 0.394198 0.155391 0.666065 0.397202 0.235274 0.395488 0.624023 0.787392 0.710402 1.10282 0.949246 0.658008 0.20122 0.326031 0.52298 0.682649 0.807843 1.15132 0.330358 0.695454 0.899901 0.265063 0.688884 0.255563 0.603862 0.578803 0.173652 1.15191
0.175832 0.555917 0.285495 1.25647 0.872751 1.08483 0.284054 0.800731 0.491874 0.761675 0.585813 1.01485 0.475472 0.530312 0.178909 0.468221 0.367239 0.628175 0.819463 0.551259 0.162729 1.15996 0.314253 0.432497 0.844393 0.509277 0.378457 0.312731 0.983386 0.352888 0.277367 0.168051 0.773374 0.965253 0.341734 1.04868 0.566046 0.71971 0.309826 0.393641 0.285837 0.49347 0.916884 0.366349 0.950412 0.924643 0.928676 0.278007 0.129119 0.769331 0.45085 0.208254 0.248056 0.730716 0.743834 0.667537 0.96778 0.924123 0.590025 0.227957 0.185153 0.317843 0.636625 0.808935 0.888426 0.129096 0.66734 0.844109 0.295634 0.710726 0.281266 0.476902 0.456285 0.159152 1.10417
0.222927 0.533252 0.270433 1.13065 0.948161 0.897092 0.198657 0.879461 0.337963 0.678286 0.564913 0.840348 0.583078 0.670566 0.414309 0.363841 0.332468 0.549302 0.944467 0.40735 0.359157 0.991561 0.312548 0.406665 0.996159 0.396837 0.44943 0.228403 1.00798 0.450535 0.350452 0.232583 0.71929 0.837368 0.278824 1.04589 0.468881 0.621624 0.312997 0.410345 0.169028 0.456096 0.813472 0.273098 0.933166 0.939487 0.855714 0.303423 0.183178 0.772616 0.425398 0.445636 0.228481 0.622154 0.537137 0.664685 0.992871 0.806181 0.685933 0.234169 0.295908 0.556613 0.796366 0.734162 1.14362 0.241521 0.742654 0.85754 0.259041 0.831819 0.302143 0.611241 0.55345 0.0690854 1.00892
0.344597 0.532442 0.299028 1.15123 1.14902 0.970508 0.036578 0.708505 0.502035 0.823031 0.418729 0.820039 0.570857 0.54637 0.12833 0.425687 0.238653 0.631456 0.782028 0.589118 0.321383 1.12606 0.411814 0.532837 0.964852 0.367118 0.359015 0.200998 1.17471 0.402557 0.437604 0.298968 0.713633 0.882407 0.108154 1.02159 0.603037 0.574857 0.345422 0.612353 0.192443 0.709162 0.771487 0.367161 0.993611 0.90377 0.899885 0.40253 0.0888471 0.869791 0.188854 0.408428 0.327735 0.752652 0.817168 0.704106 0.981525 1.06415 0.596462 0.170965 0.343738 0.303196 0.808261 0.872719 0.94792 0.286995 0.721193 0.703549 0.13968 0.722959 0.381559 0.643484 0.452246 0.330735 1.21889
0.333685 0.643435 0.370399 1.1186 0.987509 0.966541 0.251774 0.950543 0.336651 0.641363 0.554223 1.0447 0.599184 0.661632 0.136104 0.418128 0.126122 0.600406 0.756089 0.644337 0.173952 1.04939 0.514308 0.640717 0.87763 0.543567 0.207641 0.163537 1.26245 0.183045 0.347358 0.0537221 0.528326 0.985915 0.329726 0.867327 0.62776 0.721748 0.472052 0.345693 0.186594 0.580609 0.910898 0.503802 0.762772 0.761034 1.05137 0.366082 0.194856 0.655002 0.395965 0.397981 0.344936 0.793279 0.711329 0.502955 1.05921 1.00825 0.710876 0.184646 0.23106 0.349783 0.815781 0.742913 0.962237 0.0796025 0.620765 0.710264 0.255718 0.68783 0.322408 0.744264 0.470084 0.0648257 1.28152
0.306253 0.448704 0.284255 1.11562 0.920723 0.893218 0.266103 0.758132 0.346756 0.690348 0.559144 0.947386 0.422063 0.523904 0.296725 0.562618 0.334609 0.554752 0.673481 0.370002 0.130576 1.04436 0.513395 0.56193 0.984152 0.636373 0.311883 0.331178 1.17516 0.258022 0.210759 0.0529404 0.740437 0.829868 0.0998919 0.941804 0.489895 0.6547 0.300783 0.589229 0.358169 0.684622 0.976888 0.502709 1.0592 0.991917 1.03232 0.252491 0.137379 0.8217 0.269589 0.478125 0.226025 0.634783 0.783149 0.691377 0.941402 0.78448 0.694409 0.205335 0.200576 0.46671 0.767173 0.594398 1.09383 0.0922077 0.614486 0.715301 0.396356 0.703265 0.144597 0.476164 0.660894 0.169368 1.13558
0.329454 0.698331 0.136397 1.01948 1.08336 1.02652 0.0210695 0.829174 0.584976 0.726339 0.522835 0.859302 0.619791 0.458607 0.181804 0.510413 0.363603 0.705292 0.825197 0.571321 0.267312 1.242 0.340639 0.6068 0.920745 0.432919 0.366278 0.25922 1.27021 0.24023 0.420721 0.331085 0.639041 0.888411 0.23962 0.984157 0.544828 0.505453 0.372035 0.33555 0.169477 0.65408 1.03406 0.541657 0.968961 0.830429 0.769541 0.351848 0.2495 0.772726 0.275646 0.445411 0.220843 0.691491 0.627668 0.618944 0.94748 1.00525 0.73472 0.427851 0.18956 0.524183 0.746438 0.688283 1.05936 0.0457185 0.690618 0.788502 0.353697 0.846765 0.26695 0.485742 0.577122 0.264225 1.15074
0.408058 0.589457 0.250543 1.04224 1.04414 0.902466 0.0296585 0.907533 0.358794 0.620743 0.519567 0.989289 0.535916 0.432798 0.238515 0.527643 0.124836 0.623091 0.760747 0.41752 0.321648 1.03347 0.378497 0.535811 0.899471 0.520797 0.288812 0.181854 0.989803 0.269894 0.481949 0.0883177 0.800346 0.932382 0.11035 0.948692 0.58747 0.673548 0.506059 0.423667 0.435953 0.487549 0.943462 0.423916 0.807012 0.810365 1.04461 0.317497 0.23664 0.764477 0.320116 0.343117 0.328324 0.675336 0.700809 0.515859 0.995998 1.05834 0.853494 0.349535 0.35403 0.439395 0.860508 0.710554 0.920311 0.317637 0.74089 0.857784 0.174266 0.773327 0.344276 0.556617 0.477327 0.177099 1.01278
0.1766 0.711456 0.369485 1.15922 1.08509 0.985922 0.0406402 0.969447 0.398049 0.849861 0.471369 1.00708 0.445577 0.43421 0.211513 0.297955 0.222639 0.502261 0.779783 0.373986 0.245973 1.16884 0.503963 0.634842 0.96311 0.398343 0.253989 0.193952 1.03629 0.291213 0.409454 0.292934 0.60551 0.861254 0.226409 1.02534 0.518273 0.723104 0.267924 0.536345 0.259745 0.523327 0.976235 0.532111 0.843587 0.891771 0.929272 0.263307 0.23754 0.749667 0.243794 0.489989 0.240364 0.819348 0.641369 0.713175 1.17743 0.87465 0.836378 0.433968 0.384248 0.333682 0.866357 0.747886 0.911222 0.0985794 0.802524 0.937701 0.218808 0.670935 0.146648 0.498129 0.511055 0.200328 1.22146
0.352287 0.56243 0.224086 1.25895 1.05408 1.09049 0.211535 0.82225 0.354537 0.733405 0.556583 1.01109 0.470439 0.462618 0.416125 0.532982 0.192773 0.557418 0.903212 0.474716 0.238176 1.0255 0.542997 0.459936 0.793813 0.640388 0.161596 0.20902 1.06939 0.298261 0.26006 0.296608 0.669095 0.943745 0.242054 0.769737 0.461494 0.496978 0.430003 0.440887 0.340736 0.646406 0.861028 0.513478 1.04334 0.942503 0.98658 0.295857 0.0909462 0.881633 0.441226 0.264614 0.403081 0.673595 0.586428 0.522227 0.986599 0.839636 0.824783 0.39405 0.378197 0.468304 0.622841 0.830633 1.05584 0.315097 0.635425 0.775289 0.200862 0.857611 0.37444 0.756999 0.630857 0.138085 1.1064
0.407694 0.532229 0.313188 1.24245 0.939512 1.03391 0.11271 0.718411 0.513326 0.770218 0.44527 0.962011 0.499888 0.456387 0.38374 0.366172 0.319629 0.748683 0.815237 0.444126 0.179332 1.25987 0.546092 0.506659 0.983154 0.610529 0.169909 0.146975 0.987969 0.442126 0.501054 0.287292 0.607358 0.97461 0.357347 0.941816 0.603281 0.734685 0.328975 0.356379 0.384095 0.535382 0.736997 0.404861 1.02017 0.747185 0.827796 0.303591 0.0520044 0.651493 0.374484 0.34833 0.389246 0.682682 0.597512 0.665189 1.09496 0.972511 0.68027 0.21333 0.177308 0.550998 0.737124 0.695336 0.966351 0.0483473 0.770374 0.691685 0.413714 0.709123 0.155761 0.59221 0.556411 0.0622131 1.13171
0.42028 0.546377 0.334785 1.27031 0.970465 1.09692 0.274174 0.953019 0.327522 0.726717 0.578888 0.78318 0.473476 0.568301 0.230564 0.447178 0.362441 0.693272 0.908226 0.558936 0.326942 1.04514 0.40673 0.562559 1.05379 0.395566 0.229404 0.124708 1.09312 0.439777 0.348276 0.0618053 0.707893 0.950339 0.191716 0.984413 0.660323 0.561413 0.260938 0.568957 0.285553 0.580723 0.996252 0.337929 1.03028 0.919633 1.01986 0.337713 0.104322 0.775626 0.378375 0.398489 0.418413 0.809102 0.772413 0.52609 0.932696 0.85347 0.705951 0.3267 0.373471 0.575197 0.609419 0.773839 1.00491 0.0954192 0.828936 0.779912 0.345321 0.747117 0.35415 0.762387 0.661009 0.305698 1.17685
0.232066 0.477025 0.159085 1.0155 0.990899 0.947067 0.196076 0.769178 0.421618 0.879045 0.588081 0.752464 0.628526 0.464806 0.294737 0.289593 0.383 0.566853 0.847189 0.56348 0.280599 1.21458 0.44867 0.444604 0.804 0.528068 0.244395 0.29888 1.03225 0.281529 0.246723 0.199969 0.702071 0.876493 0.354314 1.00462 0.631619 0.601026 0.448716 0.445544 0.171499 0.610835 1.03358 0.414457 0.81553 0.853225 1.00107 0.387083 0.0292744 0.860053 0.432534 0.37889 0.359564 0.665345 0.655577 0.4881 0.991791 0.996592 0.72422 0.31887 0.365579 0.512563 0.819239 0.77297 1.00087 0.298038 0.678942 0.811334 0.365902 0.706066 0.21981 0.672645 0.610037 0.0849545 1.12452
0.294417 0.510865 0.254877 1.03039 1.09828 0.906442 0.153983 0.939557 0.322252 0.734952 0.638278 0.943308 0.461304 0.421134 0.311666 0.377445 0.134172 0.636698 0.796909 0.582494 0.238143 1.213 0.550994 0.480766 0.854908 0.402274 0.4377 0.110185 1.08866 0.350895 0.318061 0.0818156 0.616988 0.860507 0.326761 0.882543 0.543147 0.709142 0.528569 0.553431 0.398696 0.606061 0.960641 0.434366 0.996865 0.910053 1.0397 0.376254 0.0355673 0.627079 0.429359 0.254562 0.486572 0.79429 0.712256 0.518537 1.19333 0.824583 0.602557 0.204079 0.330384 0.386321 0.820316 0.828268 0.928078 0.339676 0.876633 0.903354 0.370767 0.620841 0.387649 0.706825 0.64242 0.241517 1.17159
0.297484 0.683703 0.137928 1.17976 0.969227 1.02545 0.0932685 0.783253 0.480691 0.778817 0.60746 0.785057 0.647027 0.473694 0.208363 0.520324 0.248318 0.587761 0.891422 0.633004 0.249027 1.09288 0.317906 0.405078 0.964902 0.62067 0.212609 0.202329 1.0652 0.426485 0.246633 0.0695162 0.777973 0.808216 0.183887 1.04419 0.708444 0.752443 0.397748 0.383708 0.231081 0.633742 0.921519 0.423154 0.805602 0.860435 0.787981 0.28076 0.258818 0.636258 0.173814 0.203005 0.208906 0.688758 0.692797 0.598834 1.05178 0.937393 0.817695 0.363901 0.377422 0.407271 0.684907 0.612892 1.05798 0.0464111 0.770708 0.883358 0.308081 0.691551 0.282643 0.501332 0.438996 0.213498 1.23643
0.412235 0.714559 0.141349 1.13296 0.884255 0.928483 0.13475 0.808481 0.448543 0.825855 0.422405 1.01097 0.583077 0.57697 0.322488 0.457401 0.36991 0.478407 0.731765 0.366566 0.163877 1.12168 0.311018 0.647226 1.05746 0.582594 0.246823 0.138434 1.25791 0.441412 0.43297 0.0934488 0.587441 0.957628 0.190973 0.959426 0.603623 0.763923 0.521126 0.527365 0.170029 0.482765 0.751981 0.432095 1.00982 0.900718 0.921732 0.450146 0.29375 0.832091 0.247696 0.357183 0.34035 0.708088 0.759507 0.653072 0.961761 1.07289 0.688563 0.305751 0.110302 0.413911 0.607466 0.706269 1.11979 0.306243 0.908161 0.721049 0.119503 0.755901 0.420835 0.674695 0.454675 0.0392583 1.19554
0.235533 0.593716 0.351032 1.23751 1.08114 1.12387 0.0521722 0.966709 0.296624 0.678888 0.61324 0.898952 0.51465 0.692333 0.370226 0.517398 0.23429 0.604843 0.723691 0.546749 0.333526 0.99868 0.550067 0.428012 0.840357 0.484628 0.347408 0.235646 1.10879 0.248341 0.404958 0.0609368 0.728 0.727091 0.237523 1.01152 0.665753 0.546247 0.329316 0.468769 0.260085 0.552638 0.769582 0.410793 1.02539 0.731876 0.768805 0.302686 0.0826343 0.797687 0.37056 0.472604 0.301822 0.560129 0.745555 0.578056 1.13033 0.821937 0.756522 0.3069 0.158149 0.41346 0.616972 0.761806 0.868707 0.13246 0.892865 0.934608 0.145953 0.84003 0.279178 0.726533 0.547758 0.218948 1.00573
0.230776 0.553847 0.229163 1.07175 0.989057 1.0473 0.100004 0.80301 0.322012 0.714175 0.481331 0.88532 0.696825 0.685629 0.261281 0.449278 0.327887 0.711887 0.811208 0.481384 0.0976413 1.01142 0.334137 0.591145 0.858775 0.560905 0.312352 0.0855928 1.10465 0.450385 0.315777 0.318015 0.717289 0.735825 0.359838 0.891166 0.430131 0.703494 0.269945 0.49573 0.18664 0.661847 0.993918 0.39066 1.04674 0.842727 0.838768 0.408344 0.063048 0.904237 0.207747 0.475889 0.336675 0.655752 0.651646 0.446221 1.19648 0.892524 0.64116 0.284946 0.172105 0.369637 0.850177 0.875236 1.04579 0.125614 0.625601 0.878709 0.413482 0.856815 0.236194 0.74095 0.373153 0.0705215 1.05986
0.403429 0.586736 0.280863 1.14961 1.14595 1.16109 0.136149 0.979845 0.329264 0.817809 0.706753 0.910001 0.611821 0.639374 0.353535 0.292256 0.231589 0.699027 0.674214 0.409319 0.278829 1.16683 0.414494 0.376096 0.959935 0.413535 0.199609 0.190625 1.17956 0.374709 0.460533 0.0616651 0.641162 0.780123 0.267804 1.01096 0.628219 0.65182 0.31904 0.335891 0.440232 0.486688 0.741846 0.52368 0.940032 0.888101 0.849318 0.371096 0.126314 0.664591 0.330532 0.203016 0.405212 0.615541 0.79919 0.472768 1.13144 0.925719 0.653206 0.236938 0.331458 0.490485 0.771257 0.647848 0.993236 0.0907519 0.831421 0.678657 0.335735 0.742263 0.180291 0.61066 0.544457 0.254539 1.09295
0.193687 0.711668 0.143723 1.24145 1.13884 0.941585 0.173249 0.77468 0.304632 0.62638 0.511322 0.994408 0.432565 0.638965 0.251559 0.529828 0.189771 0.692528 0.855203 0.484896 0.311764 1.18507 0.520936 0.581928 0.886467 0.626588 0.167658 0.0605213 1.03774 0.220903 0.33562 0.146108 0.728988 0.850473 0.265734 0.937068 0.572253 0.600778 0.405528 0.589529 0.272334 0.654925 0.852905 0.465306 0.978859 0.722559 0.844548 0.23873 0.273646 0.650349 0.368285 0.214084 0.247719 0.630827 0.556384 0.564558 1.12836 0.793752 0.747135 0.454117 0.132594 0.487976 0.690162 0.702782 1.11646 0.25649 0.695452 0.939459 0.160617 0.821355 0.388074 0.641661 0.567953 0.255092 1.16037
