25 75
0.756803 0.626339 0.753463 0.579951 0.278691 0.226056 0.879387 0.997482 0.74753 0.906749 1.02655 0.443978 0.788524 0.193957 0.883792 0.231583 0.866906 0.328611 0.575331 0.802532 0.741166 0.6739 1.01829 0.970873 0.226735 0.896606 0.487928 1.0599 0.987723 0.346972 1.03246 0.147547 0.954831 0.320793 0.403994 0.642478 0.406145 0.312707 1.18376 0.29762 0.60311 0.306654 0.853933 0.943955 0.539892 0.941661 0.917394 0.575662 1.10236 0.835459 0.79167 0.35681 0.674173 0.501904 0.666596 0.747758 1.02384 0.832088 0.735188 0.356878 0.301938 0.0284478 1.02459 0.712031 0.283247 0.558248 1.10318 0.841877 0.748769 1.12478 0.220615 0.118717 0.629265 0.37267 0.851107
0.875033 0.745154 0.616984 0.5503 0.354066 0.29739 0.915016 0.837584 0.782729 0.820423 1.03746 0.496683 0.777348 0.185225 0.740021 0.212228 0.910972 0.202496 0.44061 0.674986 0.726028 0.573017 1.08305 0.857496 0.173025 0.982582 0.610677 1.03324 1.03616 0.197961 0.932949 0.209945 1.00938 0.339439 0.367729 0.618602 0.404684 0.151159 0.990967 0.419721 0.716364 0.247845 0.846116 1.04655 0.50982 1.04561 0.829298 0.590026 0.981814 0.736345 0.813547 0.475458 0.550674 0.642478 0.903658 0.560591 1.15429 0.724093 0.909058 0.438297 0.36027 0.258474 1.01776 0.819993 0.11251 0.538852 0.93066 0.886244 0.773576 0.873439 0.300094 0.221502 0.441243 0.282372 0.860797
0.591187 0.66612 0.616154 0.405176 0.289966 0.462649 0.748681 0.897646 0.722233 0.656342 0.92131 0.42577 0.586867 0.108909 0.809667 0.0549233 0.689853 0.150729 0.464837 0.609762 0.877403 0.607162 1.05813 0.895019 0.23034 0.831662 0.749554 1.22626 0.975817 0.319692 0.955327 0.170505 1.05258 0.249264 0.571323 0.357793 0.384445 0.330924 1.13588 0.328166 0.602326 0.23964 0.774146 1.04438 0.621426 0.981434 0.9038 0.56622 1.04383 0.893089 0.611948 0.366786 0.540974 0.595246 0.666587 0.791975 0.997989 0.630006 0.695741 0.211655 0.239255 0.186726 0.827246 0.887823 0.172193 0.474054 1.19282 0.855432 0.55841 0.966823 0.288865 0.240724 0.6018 0.474671 0.931241
0.698282 0.594211 0.627622 0.507094 0.48489 0.230301 0.757685 0.833966 0.851383 0.646179 1.03537 0.446776 0.564254 0.298532 0.863963 0.22323 0.891406 0.410609 0.612993 0.831942 0.692789 0.726041 1.02784 1.05466 0.0715689 0.81463 0.57584 1.19337 0.91883 0.229923 0.891144 0.196643 0.944583 0.251956 0.538756 0.54784 0.521044 0.211379 1.13498 0.42105 0.647469 0.387754 0.664231 0.856668 0.338746 0.894333 0.850263 0.434063 0.882247 0.922164 0.704178 0.530327 0.53019 0.636128 0.662602 0.829779 1.11045 0.878745 0.878351 0.420425 0.238758 0.268527 0.98192 0.798649 0.0847988 0.53339 1.13868 0.836084 0.833433 0.887189 0.377713 0.157332 0.61483 0.316694 0.791932
0.710632 0.810347 0.643647 0.574049 0.281397 0.44028 0.874984 1.04289 0.840243 0.818493 1.17144 0.354489 0.657422 0.124934 0.70559 0.204902 0.929548 0.344527 0.65341 0.665042 0.697061 0.645508 0.963166 0.986135 0.0172495 0.815927 0.64074 1.24729 1.06088 0.167594 0.976015 0.314359 0.999053 0.326211 0.482055 0.615195 0.343358 0.342207 0.94177 0.348128 0.570991 0.396554 0.637713 1.06476 0.492562 0.778995 0.953694 0.548409 1.1643 0.859968 0.790152 0.359258 0.700165 0.500131 0.90253 0.641728 1.18917 0.710056 0.719256 0.430338 0.368573 0.0740684 1.02731 0.706788 0.217565 0.30565 1.17329 0.763746 0.757593 1.14451 0.138261 0.183453 0.639372 0.43447 0.889355
0.620581 0.623864 0.65779 0.522333 0.362055 0.477564 0.762222 0.994952 0.850783 0.687339 0.881276 0.501146 0.620838 0.151605 0.862577 0.0534364 0.774782 0.230588 0.454488 0.834415 0.718961 0.668014 0.852629 0.98808 0.033301 0.83551 0.574647 1.04145 1.10428 0.364049 1.08052 0.190594 1.08871 0.113058 0.559646 0.494275 0.467069 0.20333 1.183 0.361407 0.559966 0.25612 0.788602 0.998854 0.553185 0.982942 0.846664 0.476062 1.02267 0.839523 0.654271 0.4138 0.545572 0.513937 0.886026 0.624711 1.02538 0.783675 0.728814 0.484569 0.372486 0.172998 1.08649 0.719215 0.0621546 0.314698 0.959136 0.638329 0.742549 0.876729 0.32111 0.306853 0.402896 0.194176 0.925145
0.638294 0.618778 0.660296 0.639356 0.371313 0.385168 0.780969 0.852632 0.777347 0.876553 1.15097 0.312881 0.779919 0.125725 0.681066 0.340364 0.898462 0.368202 0.670916 0.776708 0.785807 0.510988 0.976342 1.02258 0.266594 0.81388 0.598383 1.03137 0.869612 0.259299 0.954974 0.258204 1.01379 0.108505 0.492236 0.401585 0.370345 0.315522 1.10616 0.392539 0.769737 0.171332 0.710451 1.06767 0.406032 1.05586 0.676532 0.519833 1.04181 0.876748 0.71702 0.352066 0.428426 0.633557 0.679373 0.56352 1.20313 0.605801 0.874373 0.407293 0.303832 0.250722 1.0935 0.849375 0.288827 0.301159 1.09489 0.762113 0.690556 0.891512 0.397061 0.253943 0.434641 0.38791 0.873994
0.765251 0.853245 0.514159 0.623538 0.514918 0.253857 0.72241 0.928035 0.902408 0.864634 1.02531 0.265162 0.605557 0.155075 0.926769 0.229498 0.847793 0.357347 0.430997 0.598432 0.902249 0.514851 0.901679 0.93067 0.257828 0.9596 0.592097 1.21696 0.982096 0.392272 1.00736 0.202657 1.03013 0.311561 0.388599 0.59991 0.31904 0.182452 1.08355 0.373179 0.777988 0.196931 0.703197 0.923925 0.406249 1.04883 0.804993 0.515073 1.10814 0.861261 0.623681 0.61362 0.441911 0.650083 0.932441 0.756067 1.17503 0.864378 0.771239 0.373889 0.335438 0.264968 1.09526 0.681132 0.208778 0.391757 1.08782 0.789973 0.742695 1.02593 0.133156 0.192189 0.400227 0.475226 0.782614
0.789402 0.643598 0.650345 0.402613 0.415604 0.345686 0.688251 0.82849 0.7365 0.879136 1.02661 0.368141 0.534089 0.34224 0.859367 0.314649 0.893121 0.404375 0.571027 0.876585 0.896558 0.55196 0.99385 0.912061 0.309525 0.790528 0.673802 1.15196 1.12019 0.261402 0.986501 0.3057 0.806728 0.379538 0.461026 0.527641 0.470399 0.394426 1.04903 0.507256 0.815454 0.145795 0.817777 0.956839 0.54682 0.769703 0.682302 0.519509 0.933362 0.706676 0.691568 0.494262 0.475187 0.587887 0.67395 0.569138 1.04636 0.782627 0.732459 0.346991 0.306632 0.0759106 0.89792 0.64867 0.13857 0.571564 1.11957 0.823673 0.68216 1.02665 0.167954 0.16318 0.470055 0.360809 0.854341
0.654163 0.855364 0.745968 0.671106 0.38234 0.42273 0.925288 1.09523 0.880091 0.662743 0.881259 0.371149 0.519909 0.279219 0.801848 0.112144 0.671361 0.150634 0.437664 0.624795 0.81449 0.728271 1.0101 0.812862 0.247009 0.849424 0.634867 1.02091 0.897297 0.290647 1.00073 0.293877 0.874348 0.309968 0.442447 0.531262 0.378405 0.373003 1.1294 0.336447 0.700257 0.235325 0.636134 0.827792 0.489699 0.975064 0.929125 0.543638 0.958781 0.937964 0.668523 0.558829 0.554435 0.596206 0.741387 0.706002 1.19408 0.764766 0.742571 0.433532 0.340288 0.271809 1.02343 0.762273 0.0661553 0.326641 0.955392 0.758402 0.692905 1.06507 0.155964 0.108459 0.459341 0.293482 0.784813
0.758878 0.682487 0.705328 0.667944 0.434661 0.284502 0.940939 1.09349 0.893827 0.719657 1.15813 0.530091 0.771674 0.105699 0.702548 0.313253 0.857381 0.403136 0.601384 0.83981 0.791238 0.552654 0.975903 0.926675 0.0419572 0.948506 0.663791 1.19276 0.969934 0.395564 1.15583 0.182079 0.958128 0.140189 0.443858 0.549126 0.521023 0.19305 1.08635 0.469635 0.66137 0.171471 0.876637 0.987491 0.503915 1.04663 0.69878 0.674526 1.06432 0.839355 0.73999 0.420625 0.575629 0.7353 0.71814 0.732692 1.08101 0.622273 0.728999 0.22935 0.217591 0.16781 0.952164 0.660334 0.219463 0.556894 1.12548 0.779473 0.81371 0.87562 0.153678 0.310029 0.642224 0.363786 0.958106
0.871337 0.802536 0.703682 0.637993 0.366807 0.500381 0.778344 0.846354 0.687824 0.807168 0.885236 0.258916 0.743344 0.268401 0.871252 0.184703 0.750321 0.173261 0.462317 0.837292 0.711445 0.685974 1.03246 0.785382 0.203414 0.91608 0.728656 1.14685 1.0267 0.300312 0.968147 0.211039 0.896255 0.306005 0.569233 0.39969 0.337219 0.352203 1.1882 0.503731 0.56673 0.305206 0.849212 1.00809 0.589955 1.03559 0.867279 0.407421 0.904798 0.878251 0.761725 0.503262 0.489732 0.624736 0.859442 0.824816 1.00532 0.85506 0.796225 0.27716 0.35241 0.226246 0.954385 0.816408 0.142105 0.559362 1.19291 0.923899 0.841582 0.878204 0.212848 0.16788 0.405402 0.30126 0.715438
0.763463 0.80595 0.619384 0.559235 0.461537 0.475794 0.707159 0.856641 0.751372 0.718479 1.08307 0.377508 0.716184 0.30454 0.945329 0.184215 0.675835 0.309678 0.465256 0.8786 0.763363 0.624221 1.01818 0.89621 0.156638 0.750633 0.712189 1.16709 1.08845 0.272565 1.13771 0.293202 0.86656 0.238025 0.493557 0.571473 0.299407 0.169988 1.10986 0.445088 0.813573 0.40813 0.620717 0.98142 0.441575 0.991871 0.848396 0.458589 0.95972 0.771205 0.726498 0.361294 0.480563 0.75299 0.89438 0.551525 1.1485 0.868407 0.721373 0.392852 0.331135 0.0727131 1.07414 0.747728 0.302777 0.448281 1.22755 0.711798 0.578807 0.88862 0.212381 0.0882688 0.633375 0.351152 1.0012
0.852324 0.798152 0.680182 0.579461 0.278834 0.481335 0.758143 0.898059 0.914093 0.63674 1.15339 0.527747 0.548844 0.141342 0.813537 0.0901237 0.714851 0.231368 0.422635 0.690429 0.905391 0.540017 0.816806 0.891794 0.310753 0.781185 0.708416 1.09241 0.949887 0.169877 1.069 0.188736 1.00558 0.241625 0.3525 0.477812 0.443175 0.162217 0.939066 0.257546 0.783922 0.132041 0.62731 0.834867 0.401861 1.01128 0.846676 0.645107 1.1418 0.870998 0.590019 0.430272 0.497162 0.609432 0.884008 0.578652 1.03801 0.759011 0.825865 0.383984 0.222536 0.298051 0.951482 0.633123 0.222512 0.327636 1.18606 0.866063 0.594367 0.907172 0.198954 0.0842862 0.556987 0.358058 0.792024
0.794505 0.830644 0.749401 0.571058 0.357421 0.346648 0.858231 0.912695 0.825719 0.817174 0.894328 0.362487 0.724751 0.276986 0.725331 0.332089 0.78051 0.150038 0.474884 0.79859 0.978743 0.668801 1.06963 1.00628 0.237747 0.884655 0.67 1.11088 0.932738 0.182464 1.05383 0.193622 1.08974 0.256336 0.518116 0.507536 0.34058 0.168986 0.999961 0.378149 0.759496 0.209353 0.875217 1.0974 0.440829 0.989946 0.82599 0.676036 1.12682 0.739974 0.816877 0.329888 0.651278 0.706736 0.793596 0.631606 1.23355 0.806378 0.648931 0.47071 0.415759 0.0494662 1.04735 0.668072 0.236922 0.313666 1.06842 0.744633 0.6862 1.01481 0.334607 0.319386 0.580532 0.267263 0.857626
0.602272 0.75928 0.502237 0.591404 0.322238 0.386101 0.723349 0.94786 0.657854 0.906205 0.900924 0.458667 0.50293 0.1441 0.704938 0.0463894 0.872541 0.234264 0.520598 0.736192 0.848652 0.641946 0.979806 0.929073 0.0221741 0.82982 0.531296 1.1301 1.08817 0.319836 1.06358 0.40114 0.811923 0.345665 0.537349 0.583196 0.320847 0.330184 0.954069 0.424878 0.840971 0.342716 0.604354 0.959915 0.606898 0.86878 0.879211 0.449722 1.06909 0.723947 0.797791 0.564809 0.682185 0.772155 0.668447 0.710872 1.21358 0.644929 0.662842 0.507797 0.445576 0.289122 0.964483 0.865189 0.179781 0.566287 1.10284 0.878773 0.806252 1.11986 0.205023 0.258857 0.546209 0.21576 0.720469
0.759651 0.688177 0.656018 0.534326 0.331435 0.511198 0.809436 0.805916 0.799864 0.768726 0.880438 0.412542 0.668833 0.215378 0.960342 0.0725364 0.64449 0.35279 0.505792 0.766191 0.758092 0.604242 1.03398 0.773766 0.290366 0.986519 0.658804 1.22398 0.960995 0.30632 1.15479 0.365424 0.963689 0.0908117 0.476174 0.639904 0.426676 0.343988 1.08913 0.423372 0.664626 0.358485 0.656277 1.00627 0.432671 0.99461 0.759894 0.608449 1.00389 0.928028 0.712613 0.414918 0.680737 0.621794 0.750733 0.55934 1.25679 0.846125 0.870034 0.346952 0.378131 0.30621 1.01615 0.854974 0.318679 0.309701 1.20152 0.706899 0.835297 1.13619 0.245238 0.363883 0.599395 0.263311 0.739523
0.836709 0.781226 0.72962 0.391714 0.30254 0.300362 0.738316 0.885615 0.892336 0.882027 0.942555 0.365722 0.596993 0.338977 0.739478 0.292351 0.82848 0.340679 0.616009 0.673256 0.822806 0.760819 1.10086 0.95764 0.273788 0.859125 0.610211 1.15388 0.903497 0.19414 0.926053 0.259929 1.02473 0.146971 0.621403 0.622254 0.535578 0.321539 1.04267 0.428874 0.76624 0.367913 0.769589 1.06759 0.402882 0.895062 0.774821 0.487549 0.985834 0.882872 0.831967 0.380795 0.665742 0.753988 0.823163 0.567122 1.20614 0.883673 0.844958 0.300753 0.275636 0.189338 0.931684 0.680407 0.240933 0.537593 1.1777 0.917378 0.831397 1.13158 0.125078 0.196287 0.413874 0.311153 0.77638
0.604045 0.677784 0.576519 0.457971 0.504243 0.395859 0.9107 1.02566 0.689227 0.710438 1.05278 0.358517 0.580714 0.258983 0.688263 0.263517 0.688668 0.326311 0.612638 0.761575 0.927088 0.536701 1.09381 0.956519 0.122149 0.720211 0.631914 1.22004 1.09366 0.404177 1.01295 0.269899 0.963791 0.180107 0.439068 0.610306 0.478453 0.429349 0.983492 0.548106 0.635363 0.27795 0.672196 1.00779 0.349453 0.936079 0.917561 0.573866 0.947376 0.805592 0.668349 0.520037 0.505992 0.510892 0.920504 0.750916 1.16984 0.776359 0.781268 0.237669 0.193288 0.150614 1.02033 0.651887 0.240041 0.431042 1.00677 0.79294 0.569661 1.0332 0.169941 0.254464 0.561407 0.478863 0.800807
0.825185 0.793198 0.624697 0.394689 0.433619 0.446655 0.78451 0.845839 0.817755 0.705526 0.982997 0.455279 0.699159 0.0844793 0.96967 0.11591 0.67961 0.347384 0.447972 0.764209 0.85833 0.712606 1.07176 0.799826 0.134009 0.809231 0.676932 1.22317 1.05972 0.369604 0.963089 0.237104 0.852893 0.1101 0.636043 0.348154 0.335035 0.263935 1.1874 0.520565 0.65967 0.177239 0.664805 0.889873 0.465114 0.78778 0.915162 0.463766 0.877926 0.749012 0.839751 0.353816 0.487187 0.660751 0.699539 0.670756 1.26114 0.658092 0.784592 0.457529 0.23665 0.174692 0.827581 0.876293 0.305956 0.40631 1.17034 0.909098 0.715524 0.926366 0.262274 0.102857 0.683143 0.478965 0.985046
0.838691 0.731937 0.507306 0.563376 0.359019 0.300736 0.793613 0.954179 0.81249 0.87636 0.94361 0.46997 0.608728 0.255549 0.828953 0.121957 0.827345 0.171315 0.692274 0.646833 0.911685 0.647132 1.08871 0.952733 0.189096 0.945325 0.537572 1.01229 0.833151 0.238747 1.1585 0.198454 1.06837 0.185511 0.471583 0.433812 0.388644 0.429628 1.13662 0.502339 0.575723 0.41719 0.873849 0.805837 0.608925 0.888686 0.766725 0.415382 0.903538 0.705065 0.766954 0.526534 0.657672 0.549016 0.750853 0.580394 1.03769 0.839437 0.907995 0.391189 0.237868 0.212752 0.872787 0.863557 0.297644 0.5526 1.18656 0.773647 0.639939 1.10541 0.392571 0.110505 0.40826 0.238985 0.941196
0.729006 0.72772 0.570447 0.51375 0.367302 0.305067 0.836953 0.879247 0.819093 0.693468 1.1208 0.265255 0.562157 0.334451 0.872883 0.0706847 0.869404 0.279774 0.691992 0.711982 0.744476 0.646603 0.880166 0.889172 0.12109 0.781306 0.45868 1.11924 0.855605 0.164678 0.923374 0.269248 0.950875 0.226309 0.416787 0.641126 0.558672 0.281888 0.97639 0.515803 0.610609 0.347816 0.586911 0.885305 0.362393 0.819819 0.968675 0.555145 0.92298 0.929237 0.750465 0.389045 0.611593 0.576054 0.918208 0.771834 1.16273 0.774724 0.799966 0.445871 0.398854 0.218682 1.06617 0.835598 0.304634 0.398825 1.20661 0.757112 0.767549 0.897539 0.229295 0.249827 0.496156 0.474642 0.989467
0.754262 0.667663 0.70539 0.387291 0.367545 0.397095 0.8233 0.926448 0.815497 0.829926 1.06581 0.266598 0.591454 0.0768063 0.682347 0.269541 0.857566 0.320224 0.560509 0.864723 0.88578 0.655362 0.887275 0.862235 0.232847 0.948914 0.54318 1.02115 1.0286 0.221302 0.985048 0.431889 0.897211 0.163418 0.613207 0.463962 0.342016 0.302722 0.938318 0.414649 0.653177 0.389652 0.84153 0.913235 0.469718 0.868433 0.834346 0.453767 1.1151 0.745844 0.620343 0.384103 0.606644 0.694022 0.880618 0.837968 1.01805 0.761564 0.907199 0.332033 0.440265 0.0541113 0.884585 0.918173 0.0638562 0.29884 0.934771 0.808684 0.842155 1.00269 0.264754 0.198017 0.516324 0.230167 0.849706
0.69046 0.666755 0.641771 0.480791 0.2669 0.255784 0.937587 0.808522 0.764696 0.714341 1.15031 0.508829 0.511989 0.128851 0.894721 0.274121 0.917004 0.172267 0.411362 0.601666 0.818021 0.512426 1.0042 0.78998 0.126244 0.900238 0.684631 0.983199 0.991358 0.41669 1.05557 0.428653 0.985033 0.230131 0.638945 0.368709 0.494206 0.302759 1.04035 0.387192 0.570574 0.120744 0.867977 1.05363 0.475048 0.861055 0.712947 0.667724 1.1537 0.941576 0.803322 0.531462 0.548584 0.577053 0.848569 0.699882 1.19515 0.744462 0.801609 0.419026 0.220559 0.243355 0.945546 0.805423 0.077379 0.498254 0.955954 0.752404 0.78472 0.905797 0.402354 0.35386 0.474772 0.393772 0.94824
0.780571 0.584837 0.507452 0.45522 0.335065 0.398859 0.791356 1.08359 0.692999 0.870277 1.13927 0.26948 0.771729 0.221984 0.819151 0.310785 0.752764 0.244235 0.470519 0.606376 0.724864 0.533346 0.81624 0.775968 0.0203963 0.977396 0.571376 1.03327 1.04175 0.236355 0.957784 0.267515 0.88552 0.298698 0.485668 0.640745 0.4622 0.314845 1.03194 0.523908 0.589382 0.347346 0.643383 0.929296 0.594302 0.874125 0.785449 0.418066 0.943809 0.70634 0.808049 0.529066 0.54623 0.702738 0.866649 0.767471 1.25245 0.692204 0.629867 0.228168 0.31308 0.251829 0.973399 0.783531 0.24227 0.521544 1.10029 0.661905 0.837757 1.12708 0.361067 0.253121 0.445783 0.490571 0.911822
