25 75
0.310968 0.139192 0.692997 0.481135 0.937308 0.66997 0.513649 0.505218 1.14207 0.84017 0.134307 0.978487 0.940846 1.06225 0.529514 0.732852 0.286213 0.891427 0.272604 0.341426 0.135951 0.454244 0.95479 0.245465 0.813151 0.41139 0.427443 0.718889 1.05154 0.437716 0.888898 0.583627 0.109409 0.619739 0.894545 0.446906 0.321219 0.506355 0.539567 0.662917 0.280813 0.827447 0.629372 0.86681 0.583112 0.532518 1.00746 1.00653 0.535946 1.06952 0.538495 1.1071 0.591467 0.386755 0.396458 1.02793 0.267647 0.713685 0.894256 0.890204 0.256651 0.861595 0.449831 0.577565 0.542709 0.631577 0.647916 0.436906 0.632813 0.71872 0.817483 0.289935 0.502453 0.459212 0.605393
0.0760946 0.341882 0.711456 0.272266 0.8599 0.630828 0.329094 0.679042 1.07176 0.957268 0.340892 0.975495 1.11928 1.01091 0.634944 0.760084 0.281512 1.08054 0.242161 0.533385 0.159767 0.329739 1.00889 0.307412 0.700678 0.291044 0.4072 0.67321 0.920157 0.369328 0.884353 0.43631 0.208203 0.527358 0.801051 0.415883 0.144743 0.580652 0.77804 0.731067 0.116359 0.919814 0.573283 0.986879 0.484656 0.763804 0.941451 1.06307 0.495451 1.08406 0.573492 1.23212 0.433339 0.232983 0.360543 1.06096 0.359095 0.864329 0.984403 0.844862 0.0836757 0.90326 0.697138 0.642939 0.606111 0.611249 0.431582 0.483468 0.536835 0.658997 1.04623 0.0299814 0.527626 0.311142 0.603052
0.0816156 0.0998503 0.661063 0.434775 0.808763 0.651816 0.301413 0.595497 1.14928 0.890726 0.254602 0.956732 0.989028 0.837325 0.714513 0.883363 0.34883 0.938613 0.436582 0.565407 0.149454 0.34322 0.989877 0.420969 0.816541 0.34178 0.566292 0.487332 1.08263 0.54994 0.87911 0.618496 0.131804 0.45001 0.872567 0.317075 0.328744 0.477112 0.700442 0.671539 0.267244 1.03524 0.645386 0.8863 0.570876 0.479392 1.13825 0.880241 0.504825 1.04883 0.392242 1.02431 0.405895 0.499916 0.469001 1.10016 0.21593 0.850065 0.901949 1.02641 0.283092 0.806601 0.477767 0.542797 0.442206 0.520854 0.644799 0.520241 0.628956 0.68209 0.823701 0.205052 0.303155 0.332518 0.535549
0.302867 0.191449 0.767497 0.406412 0.794996 0.706096 0.384409 0.651947 1.23624 0.952918 0.233324 0.969526 1.06063 1.09786 0.699475 0.723561 0.321268 0.884209 0.366627 0.430371 0.356116 0.501751 0.84817 0.298159 0.983201 0.145933 0.69775 0.647153 0.875657 0.612591 0.7473 0.420662 0.36768 0.524642 0.719555 0.436904 0.434597 0.613419 0.770391 0.539193 0.361041 1.04709 0.449853 1.09384 0.423508 0.716266 1.01929 0.831777 0.512506 0.930412 0.454791 1.26344 0.556392 0.413189 0.574663 1.20143 0.387464 0.744692 1.01648 1.0958 0.28237 0.96949 0.638405 0.695374 0.481024 0.714907 0.610297 0.586602 0.60411 0.683529 0.770616 0.257927 0.46415 0.352372 0.560684
0.070116 0.113184 0.646534 0.321846 0.787187 0.518349 0.493522 0.593098 1.01205 0.959864 0.209611 1.04239 1.01159 1.07957 0.730656 0.972605 0.290365 0.879525 0.422666 0.515135 0.155005 0.338874 0.859837 0.394716 0.740512 0.266295 0.433245 0.646162 1.09833 0.486957 0.944594 0.563356 0.129582 0.479268 0.806886 0.493454 0.221932 0.384448 0.564061 0.478606 0.136987 0.872668 0.624771 1.04 0.468343 0.656128 1.02876 0.833498 0.564063 0.889627 0.469389 1.25599 0.497335 0.40902 0.442038 1.10405 0.305845 0.681551 1.11851 0.837276 0.137863 0.923469 0.486688 0.793917 0.349245 0.588364 0.693202 0.296751 0.608595 0.73874 0.780762 0.24908 0.398552 0.284949 0.472987
0.227057 0.325561 0.775737 0.465047 0.855537 0.502774 0.47342 0.65865 0.979879 0.911447 0.342939 1.01013 1.03413 0.946557 0.718157 0.863167 0.229331 0.825196 0.207313 0.386788 0.253056 0.475249 0.92905 0.370448 0.850474 0.289903 0.512912 0.526681 1.00448 0.381277 0.871062 0.607555 0.25539 0.515236 0.752488 0.57757 0.158415 0.356463 0.497377 0.589003 0.384892 1.11322 0.403608 1.08695 0.406643 0.510869 1.07527 0.945297 0.633492 1.10551 0.457549 1.06872 0.530908 0.32715 0.388747 1.20953 0.452136 0.952283 1.07273 1.03193 0.0883833 0.695047 0.471648 0.774228 0.5629 0.646469 0.41399 0.484464 0.785449 0.690588 0.824198 0.272308 0.547256 0.499809 0.482818
0.283864 0.160442 0.826233 0.483223 0.914566 0.664092 0.248894 0.451968 1.2511 0.858748 0.233703 1.03431 1.15026 0.954198 0.7305 0.727885 0.224885 1.00071 0.329924 0.500173 0.346932 0.451676 0.865449 0.338857 0.958355 0.146401 0.649969 0.641715 0.931779 0.580214 0.940251 0.384994 0.285825 0.468073 0.993294 0.32097 0.158675 0.487356 0.754556 0.752511 0.265437 0.883296 0.538271 0.818802 0.418724 0.762681 1.07429 0.980187 0.574412 1.04247 0.367732 1.06448 0.425747 0.503443 0.360462 1.14165 0.250449 0.955687 0.86193 0.986707 0.0384351 0.775 0.489393 0.742521 0.472101 0.60658 0.543714 0.338042 0.672108 0.685231 0.902096 0.242179 0.368272 0.518077 0.364482
0.164662 0.321885 0.704482 0.414116 1.07953 0.585938 0.494182 0.610299 1.1227 0.826693 0.164893 0.984361 1.00849 0.960022 0.718459 0.689201 0.370875 0.918105 0.297162 0.581037 0.292627 0.395413 0.946699 0.1912 0.780223 0.383035 0.466956 0.526379 0.890793 0.417346 0.926233 0.624838 0.153758 0.609933 0.864453 0.530889 0.203952 0.497022 0.523921 0.570345 0.240521 0.856631 0.479191 1.01947 0.413905 0.668936 1.11397 0.905402 0.739371 0.931237 0.467041 1.02665 0.419762 0.419339 0.358538 1 0.297028 0.838977 0.828951 1.01916 0.241882 0.760363 0.724179 0.645606 0.511986 0.704501 0.472007 0.293581 0.768523 0.838286 0.801361 0.195934 0.500283 0.28089 0.544862
0.209727 0.14345 0.612686 0.382551 0.894402 0.557527 0.285559 0.528254 0.973157 1.09233 0.349344 0.934435 1.16374 1.03666 0.725354 0.801924 0.178918 0.861261 0.443796 0.360237 0.336146 0.438363 0.90664 0.239549 0.710732 0.263527 0.563371 0.750829 1.04303 0.602128 0.749276 0.522365 0.166093 0.541928 0.814097 0.51908 0.426598 0.503673 0.610244 0.547603 0.174753 0.891158 0.416261 1.06811 0.353919 0.678754 1.02998 0.902279 0.708701 1.14824 0.325409 1.02994 0.606102 0.423502 0.486599 1.0624 0.485085 0.761342 0.854183 0.883671 0.082945 0.844545 0.511295 0.624438 0.575733 0.761005 0.56095 0.551054 0.535565 0.821836 0.946843 0.19567 0.463841 0.417697 0.599163
0.241999 0.0576888 0.648859 0.217605 0.876732 0.695352 0.305166 0.712486 1.04725 1.03771 0.34885 0.969151 0.909287 0.83193 0.460773 0.973704 0.176574 0.902812 0.475151 0.596419 0.318837 0.512683 0.958985 0.387498 0.883501 0.169777 0.54109 0.537611 0.863031 0.457022 0.683852 0.625327 0.110223 0.566643 0.789054 0.368554 0.264775 0.610654 0.574481 0.633276 0.288009 1.03186 0.603877 0.927588 0.584079 0.604823 1.14875 1.01944 0.678779 0.881809 0.583777 1.107 0.551492 0.495127 0.582502 1.10016 0.2733 0.711306 0.894805 0.906396 0.164716 0.757051 0.588685 0.530395 0.591898 0.602211 0.628268 0.340375 0.742139 0.581585 0.776285 0.295108 0.460448 0.514643 0.40545
0.176039 0.320126 0.827511 0.372589 0.871214 0.641958 0.381798 0.619492 1.08519 0.847885 0.131332 1.10028 1.17138 0.903348 0.493085 0.899366 0.295558 0.890831 0.388664 0.483155 0.382063 0.577276 0.910584 0.255938 0.746499 0.358069 0.681703 0.655166 0.936495 0.51929 0.810233 0.521763 0.306017 0.698915 0.845346 0.573039 0.321869 0.583706 0.553146 0.484715 0.235819 0.950737 0.649916 0.995417 0.450537 0.514722 1.00061 0.83882 0.604603 1.05139 0.451633 1.16637 0.632149 0.29292 0.402864 0.97553 0.270997 0.948907 0.964951 1.02499 0.244338 0.878459 0.544024 0.568843 0.334951 0.709133 0.438171 0.524071 0.509142 0.856277 0.768749 0.179299 0.368118 0.381293 0.494361
0.191772 0.23362 0.661805 0.202947 0.827994 0.58857 0.242727 0.503429 1.24202 1.01755 0.189258 1.05898 1.16966 0.843383 0.750582 0.886219 0.35257 1.03131 0.229634 0.366244 0.186508 0.306484 1.02254 0.361321 0.759654 0.280291 0.576707 0.65338 1.12013 0.435924 0.741173 0.5511 0.351564 0.444111 0.78535 0.565552 0.141153 0.503573 0.763638 0.463678 0.317554 0.904495 0.488974 0.830022 0.617384 0.668252 1.20446 0.972132 0.717259 1.11771 0.393013 1.22542 0.440535 0.291218 0.545615 1.00362 0.3754 0.724405 0.870383 1.05484 0.0954965 0.896266 0.65451 0.54817 0.336432 0.577061 0.487974 0.546463 0.515981 0.678802 1.00325 0.204587 0.403041 0.450999 0.346097
0.065246 0.0773964 0.657239 0.4304 1.04522 0.748806 0.276912 0.70595 1.12171 0.996593 0.13377 0.954875 0.902267 0.898445 0.739367 0.93477 0.417645 1.01508 0.453493 0.474774 0.164805 0.401713 0.986632 0.215458 0.821774 0.433897 0.444395 0.646455 0.859674 0.503482 0.943409 0.362953 0.294922 0.525792 0.754118 0.543736 0.145302 0.514589 0.77313 0.660608 0.175182 0.974051 0.482125 1.06381 0.539868 0.676266 1.06827 1.00385 0.493089 0.93887 0.507949 1.20965 0.35926 0.458365 0.502119 1.11886 0.305988 0.940013 0.932347 0.87186 0.0871796 0.709964 0.608805 0.665999 0.473641 0.749737 0.613249 0.443311 0.764007 0.840394 0.789431 0.144544 0.522728 0.462965 0.482592
0.214695 0.212556 0.612133 0.303567 0.940467 0.58649 0.282333 0.442404 1.04185 1.03083 0.234378 1.02878 1.17588 1.08649 0.597243 0.848188 0.218894 1.02837 0.429421 0.340453 0.173057 0.582415 0.835152 0.215753 0.762723 0.263768 0.685121 0.706283 0.855558 0.534482 0.761027 0.377214 0.118645 0.593316 0.773834 0.318925 0.425083 0.637536 0.758438 0.54653 0.269191 0.965499 0.478449 0.929238 0.430461 0.731863 1.16956 1.05427 0.661403 0.966725 0.497623 1.17735 0.379816 0.269965 0.453444 1.09007 0.411138 0.918755 0.868743 0.961358 0.196321 0.840655 0.643113 0.723787 0.445987 0.617162 0.696459 0.34693 0.771826 0.752045 0.800595 0.0444529 0.420864 0.261902 0.471315
0.0445738 0.347963 0.664028 0.411769 0.917957 0.646488 0.232722 0.585058 1.03973 1.01483 0.251925 1.16921 0.884244 1.06397 0.583605 0.968069 0.419043 1.03629 0.291321 0.583521 0.22605 0.343903 1.03461 0.374197 0.744036 0.231426 0.663077 0.649735 0.991838 0.606832 0.758439 0.503554 0.340432 0.572492 1.00187 0.426379 0.197225 0.490589 0.775351 0.585597 0.312689 1.10307 0.547258 1.0225 0.528618 0.540797 1.1972 0.889166 0.706099 1.03621 0.415911 0.988125 0.492524 0.238698 0.522515 0.987236 0.495293 0.76721 0.955772 1.04381 0.198614 0.909351 0.457851 0.553326 0.445826 0.544685 0.691127 0.451284 0.491505 0.635815 0.887846 0.249045 0.539126 0.268721 0.519858
0.162019 0.218935 0.646252 0.306965 0.950297 0.534896 0.268031 0.528954 1.23196 0.8501 0.184076 1.19002 1.15035 0.901004 0.507531 0.709576 0.302406 1.05345 0.287185 0.597803 0.39306 0.328608 0.838575 0.416478 0.826487 0.298025 0.484085 0.6262 1.06423 0.452088 0.887371 0.545758 0.347578 0.678235 0.752063 0.304269 0.348027 0.448486 0.705964 0.603988 0.262463 1.07079 0.6558 0.854975 0.612229 0.584233 1.1755 0.986283 0.526396 0.911833 0.451325 1.08557 0.50623 0.266894 0.347755 1.24807 0.364574 0.794174 1.05383 1.07827 0.254367 0.709459 0.691056 0.60065 0.470188 0.589813 0.407239 0.377569 0.559392 0.872318 0.998085 0.285724 0.488447 0.31471 0.56517
0.0536671 0.171774 0.715917 0.308885 1.02446 0.583899 0.478463 0.665741 1.02789 0.938332 0.197285 1.13499 1.05429 0.914508 0.746197 0.849679 0.349612 0.93557 0.478567 0.359768 0.385231 0.391364 0.766198 0.456522 0.747044 0.217402 0.511566 0.57337 1.06248 0.359035 0.682772 0.413392 0.111429 0.570538 0.988492 0.370924 0.352651 0.467185 0.591377 0.494221 0.297919 0.938768 0.455739 0.958213 0.546424 0.522952 0.94942 0.876834 0.671291 0.872824 0.363033 1.24127 0.514885 0.443844 0.586896 1.14226 0.292008 0.753759 1.0007 0.855268 0.027711 0.699277 0.641977 0.539578 0.60996 0.720271 0.528713 0.552712 0.600023 0.705296 0.958777 0.1892 0.423592 0.398028 0.479542
0.146135 0.351129 0.732823 0.482334 0.851387 0.716403 0.406804 0.645204 0.978322 1.08826 0.304011 1.12566 1.14317 1.04953 0.744458 0.885521 0.223414 0.844307 0.476132 0.426351 0.293875 0.555259 0.957575 0.384967 0.752684 0.165953 0.437803 0.525477 0.93031 0.478071 0.750656 0.452054 0.326651 0.591671 0.865033 0.410911 0.201308 0.383914 0.5301 0.636463 0.129655 0.847357 0.645757 1.03397 0.385423 0.599279 1.2368 0.927775 0.515707 1.12765 0.415849 0.988821 0.537676 0.419166 0.353363 1.22708 0.296919 0.894422 1.05857 0.909329 0.103592 0.791692 0.549995 0.668655 0.54483 0.731052 0.404566 0.444998 0.670643 0.604097 1.00023 0.222171 0.587392 0.264874 0.617945
0.336123 0.111859 0.818683 0.385359 0.977265 0.631637 0.463973 0.527837 1.25476 1.01266 0.135562 1.13808 1.14363 1.08125 0.698705 0.827447 0.364684 1.10246 0.376016 0.622004 0.351004 0.506575 0.78059 0.369129 0.979461 0.309653 0.402918 0.617265 0.96416 0.61322 0.799497 0.467422 0.124645 0.642435 0.885315 0.539718 0.160194 0.468868 0.525829 0.570137 0.132633 0.948696 0.482362 0.869985 0.589408 0.694319 0.967168 0.908567 0.582158 1.10622 0.409778 0.997613 0.372224 0.486947 0.557661 1.03773 0.300157 0.803787 1.06644 1.05023 0.126559 0.943794 0.491868 0.676438 0.359271 0.727725 0.543513 0.52128 0.727071 0.677306 1.02569 0.195625 0.411564 0.442033 0.379519
0.15657 0.13442 0.686761 0.223511 0.8877 0.646231 0.508934 0.497283 1.05531 0.81529 0.237395 1.05489 1.09436 1.12525 0.578665 0.924397 0.148654 0.946258 0.398551 0.557069 0.337234 0.364083 1.03667 0.431076 0.913935 0.312162 0.526313 0.611381 1.03372 0.380249 0.842455 0.581667 0.287213 0.624542 0.755812 0.580043 0.291298 0.630782 0.499647 0.499848 0.344663 0.95808 0.416394 1.00557 0.383066 0.724238 1.09154 1.05372 0.53799 0.946688 0.594503 1.1047 0.616579 0.297067 0.446978 0.995864 0.359929 0.849457 0.985847 1.10764 0.145685 0.800591 0.706815 0.736569 0.595031 0.708508 0.627925 0.527043 0.691099 0.777349 0.762746 0.184985 0.510656 0.423482 0.42116
0.326162 0.109623 0.769282 0.2987 0.99557 0.540691 0.232972 0.669926 1.07575 0.857855 0.254837 1.20945 0.955215 1.08916 0.654153 0.950134 0.287886 0.98864 0.328817 0.374103 0.18342 0.512919 0.772524 0.211068 0.889245 0.252131 0.593021 0.538772 0.909368 0.623888 0.973929 0.377616 0.30871 0.731345 0.866146 0.555126 0.356807 0.484775 0.539483 0.73382 0.105846 0.9847 0.628056 0.885131 0.523299 0.526193 1.14892 0.787893 0.488271 0.971216 0.399134 1.21194 0.528326 0.293384 0.30602 1.20254 0.321314 0.821241 0.852662 0.925476 0.2149 0.819825 0.671458 0.69486 0.34056 0.778599 0.579382 0.436936 0.598791 0.620984 1.04271 0.101785 0.415309 0.457788 0.573355
0.279488 0.156704 0.759373 0.3882 0.884325 0.608554 0.260308 0.591181 1.08338 0.820657 0.205176 1.0422 0.973694 1.04708 0.485333 0.913744 0.23075 0.85339 0.349638 0.598173 0.183649 0.5093 0.919403 0.315495 0.826087 0.360309 0.400259 0.694115 0.940736 0.599872 0.96026 0.388548 0.164192 0.696077 0.913573 0.443046 0.162361 0.421876 0.778691 0.754055 0.240085 0.879852 0.57377 1.04809 0.593171 0.559535 1.01066 0.880376 0.686367 1.02415 0.591044 1.1923 0.56142 0.390664 0.445446 1.15609 0.288695 0.965717 0.948032 0.820862 0.0202769 0.856013 0.574505 0.530317 0.424941 0.744301 0.673852 0.426696 0.563851 0.636064 0.95032 0.292354 0.503504 0.343789 0.45486
0.241101 0.17089 0.630487 0.276087 0.878211 0.627558 0.240378 0.651137 1.05597 1.03698 0.271629 1.16318 0.973081 1.02333 0.627414 0.925562 0.426035 0.954002 0.416573 0.494353 0.361772 0.334966 0.77753 0.192869 0.897935 0.167348 0.604442 0.515539 0.911467 0.636803 0.709016 0.540549 0.36749 0.511396 0.895733 0.540756 0.305897 0.405447 0.496317 0.607348 0.347888 1.11358 0.586837 0.966475 0.467017 0.674448 0.995481 0.957154 0.550205 1.13391 0.491215 1.20304 0.496351 0.307756 0.551605 1.17693 0.481852 0.806467 1.018 1.009 0.124749 0.971452 0.514507 0.590831 0.324986 0.553032 0.628992 0.379771 0.709973 0.828291 0.897554 0.181076 0.580704 0.536668 0.496014
0.208148 0.270171 0.650684 0.334815 0.923205 0.592486 0.234801 0.630969 1.08042 0.864457 0.384458 1.11564 0.884328 1.12063 0.689984 0.819764 0.292617 1.08228 0.335686 0.396826 0.320617 0.576416 0.793378 0.191002 0.919126 0.263447 0.477737 0.494327 1.02072 0.407411 0.899284 0.435459 0.121786 0.622206 0.89855 0.503305 0.377069 0.615024 0.543529 0.595377 0.127808 0.878885 0.391834 1.0237 0.374093 0.717659 1.02999 0.831893 0.563658 1.022 0.522346 1.10339 0.393847 0.233009 0.395276 1.00034 0.260481 0.816597 0.889684 0.986411 0.211935 0.761052 0.532233 0.655667 0.351574 0.678405 0.594019 0.459618 0.685703 0.701897 0.945899 0.0208866 0.588146 0.313408 0.405077
0.193868 0.181503 0.831451 0.474796 0.897497 0.513265 0.50231 0.718593 1.25955 0.811335 0.382316 1.07212 1.04413 0.935684 0.734961 0.772022 0.333486 0.974925 0.379555 0.503303 0.288556 0.574048 0.822455 0.19697 0.911164 0.23282 0.600014 0.477528 0.922531 0.384496 0.846623 0.544562 0.117329 0.715791 0.834185 0.483539 0.244825 0.362437 0.509468 0.487443 0.332 1.1205 0.602229 0.797834 0.41177 0.494945 1.09138 0.908285 0.570272 0.95386 0.420178 1.1163 0.535568 0.385042 0.378273 1.22607 0.203015 0.692672 0.995858 0.920557 0.198658 0.708744 0.516745 0.702365 0.452796 0.640741 0.621596 0.57834 0.709731 0.686915 0.834366 0.302091 0.542091 0.542936 0.459894
