25 75
0.829638 0.595001 0.535515 0.879402 0.757874 0.49619 0.488198 0.842364 1.11763 1.07981 0.28311 0.799614 0.331988 0.818732 0.528602 1.00789 0.492689 0.987132 0.667348 0.785186 1.08204 0.520446 1.17976 1.00969 0.583934 0.358851 0.591683 0.710371 0.934342 0.338733 0.876485 0.680263 0.621536 0.782936 0.812055 0.50615 0.977337 0.195115 0.369133 0.666951 0.434219 0.554277 0.411163 0.185047 1.0254 1.02845 1.18206 0.89765 0.0534353 0.594104 0.563432 0.616417 0.275959 0.853957 0.195233 0.41966 0.640292 1.19779 0.590651 0.479144 0.764811 0.322747 0.674262 0.882061 0.779442 0.615689 0.154372 0.806546 1.04727 0.324578 0.546442 1.1077 0.329599 0.970274 0.357249
0.8637 0.424338 0.524249 0.998721 0.653366 0.460734 0.558111 0.70646 1.131 1.17873 0.369521 0.851603 0.524462 0.642298 0.386866 0.941977 0.461732 0.97023 0.796488 0.988807 0.952411 0.518533 1.21765 1.0871 0.66983 0.487207 0.44949 0.653431 0.923476 0.280615 1.03198 0.661588 0.563524 0.754123 0.777614 0.545999 0.9367 0.409678 0.396875 0.600314 0.493442 0.433059 0.4916 0.243007 0.841798 1.14168 1.06978 1.07717 0.240169 0.523564 0.66986 0.693372 0.381336 0.845403 0.243825 0.453289 0.492777 1.16507 0.610254 0.416749 0.845257 0.467846 0.819757 0.795294 0.975445 0.765579 0.336004 0.805238 1.02098 0.27584 0.452283 1.24582 0.0609505 1.0131 0.352264
0.854741 0.380715 0.381223 0.989953 0.77232 0.427344 0.438617 0.714524 1.19689 0.966919 0.161288 0.952188 0.353963 0.783452 0.39359 1.07258 0.384082 0.909223 0.759782 0.917938 0.812056 0.654024 1.01055 0.969597 0.805408 0.465466 0.687978 0.590606 0.987319 0.155771 1.0524 0.710282 0.509158 0.921487 0.727824 0.421039 0.832385 0.218562 0.338426 0.450634 0.508747 0.500653 0.458666 0.232013 1.06877 1.11669 1.25894 0.881638 0.12494 0.464139 0.461433 0.569076 0.260506 0.969589 0.209787 0.494949 0.618412 1.18168 0.756059 0.451867 0.890914 0.4283 0.610984 0.980234 1.00102 0.609284 0.247166 1.02047 1.14474 0.386507 0.686833 1.28059 0.0647302 0.909503 0.454321
0.803235 0.371212 0.510897 0.896075 0.920049 0.480886 0.577014 0.743972 1.04207 1.00634 0.354808 0.816794 0.550723 0.844051 0.281116 0.964924 0.446886 0.786766 0.612977 0.945245 0.825002 0.73249 1.24179 0.999833 0.837662 0.355769 0.467331 0.430106 1.02872 0.23642 0.983434 0.524741 0.572103 0.982899 0.789727 0.491143 0.935999 0.275939 0.134224 0.510625 0.469624 0.468067 0.321976 0.259007 0.853052 1.17036 1.16148 1.01057 0.295458 0.404203 0.682607 0.408094 0.206551 0.942846 0.232059 0.659685 0.667632 1.07741 0.540633 0.456751 0.817486 0.247819 0.794896 1.0583 0.874352 0.710486 0.097844 0.854611 1.092 0.313851 0.494234 1.22303 0.339611 1.13996 0.524952
0.841049 0.571277 0.505359 1.06216 0.806476 0.572504 0.660826 0.744907 0.997859 1.02521 0.196877 0.753681 0.458814 0.75513 0.375811 1.04349 0.458095 0.863875 0.584782 0.855622 1.01719 0.690055 1.2034 0.947697 0.702465 0.288854 0.697243 0.657786 1.00342 0.0783946 0.808962 0.511649 0.713017 0.986244 0.975352 0.434375 0.90587 0.213053 0.249046 0.656594 0.457716 0.348236 0.241323 0.409084 0.877865 1.01174 1.24497 0.962616 0.0494116 0.464224 0.729971 0.509254 0.367964 0.751282 0.23395 0.545756 0.605863 1.13044 0.668118 0.52057 0.845234 0.245646 0.809766 1.02601 0.731877 0.572698 0.340229 0.799581 0.995793 0.390849 0.681948 1.07444 0.201916 1.14983 0.389707
0.736084 0.494622 0.321811 0.85362 0.895138 0.445329 0.616482 0.761973 1.20356 1.17914 0.329105 0.953076 0.35568 0.727411 0.459375 1.20003 0.351728 0.995739 0.789834 0.800868 0.89615 0.74006 1.09419 1.10395 0.664388 0.48135 0.703427 0.694094 1.04639 0.103412 0.821797 0.47718 0.777086 0.909941 0.853703 0.659463 1.04275 0.185355 0.135074 0.607956 0.535234 0.450002 0.405347 0.283628 0.965822 0.989729 0.981049 1.12215 0.308136 0.350844 0.50766 0.415917 0.326526 0.701982 0.328433 0.37941 0.705282 1.05737 0.59069 0.600136 0.894201 0.269579 0.724686 0.802172 0.882209 0.781845 0.0960335 0.822535 0.996626 0.409339 0.654084 1.17866 0.227483 0.896408 0.370451
0.844587 0.385803 0.580561 1.02589 0.716754 0.451117 0.453554 0.696792 1.08609 0.92352 0.0927934 0.877872 0.326332 0.710998 0.392421 1.04151 0.398252 0.853502 0.766168 0.987247 0.954346 0.659691 1.24375 0.985579 0.7029 0.45547 0.715861 0.582223 0.774087 0.359254 0.939142 0.68927 0.563847 0.856304 0.879744 0.44478 0.914942 0.383989 0.340635 0.443221 0.370549 0.53758 0.252256 0.178601 1.06174 1.1222 0.994803 0.944086 0.158674 0.352872 0.462768 0.486285 0.271919 0.700555 0.198163 0.37156 0.769624 0.998588 0.765269 0.389704 0.803322 0.513181 0.531972 0.781479 1.00625 0.737709 0.31128 0.785717 1.12037 0.282906 0.710601 1.16271 0.208467 1.05007 0.35492
0.650339 0.584952 0.542898 1.00397 0.865373 0.6219 0.601352 0.882306 1.1066 1.02131 0.300582 0.798276 0.335557 0.645193 0.254294 1.12203 0.416178 0.878286 0.799075 0.863126 0.901521 0.73674 1.07725 1.05779 0.788813 0.374464 0.605079 0.686016 0.99421 0.164067 0.933621 0.691235 0.622769 0.872712 0.851102 0.710444 0.943639 0.171237 0.403463 0.449186 0.307989 0.371222 0.334151 0.350838 0.926827 1.22366 1.15517 1.09856 0.325175 0.437612 0.553283 0.603312 0.363552 0.743846 0.205978 0.572326 0.620267 0.985103 0.726568 0.656837 0.735269 0.339284 0.617076 1.01619 0.725999 0.511151 0.0825998 0.866914 0.958307 0.216043 0.630875 1.08218 0.129766 0.907826 0.536766
0.861952 0.518579 0.510448 0.955469 0.75717 0.671584 0.438179 0.68966 1.01427 1.18473 0.123956 0.803617 0.530007 0.741577 0.484815 1.01408 0.287479 0.857544 0.782281 0.930242 0.92323 0.522407 1.24417 0.90654 0.803824 0.365632 0.589379 0.692327 0.995538 0.0866257 0.849685 0.673293 0.63949 0.747666 0.906626 0.535473 1.11766 0.252817 0.293537 0.434571 0.478495 0.398968 0.358336 0.343752 0.910253 1.23581 1.13739 1.07268 0.23736 0.433797 0.63704 0.471153 0.27998 0.972062 0.226777 0.395623 0.607648 1.19439 0.557776 0.464766 0.807331 0.367923 0.569327 0.911866 0.734435 0.615959 0.161365 1.01911 1.1717 0.434786 0.612155 1.2639 0.291112 1.11815 0.403019
0.860167 0.551052 0.427632 0.968237 0.855116 0.452907 0.586935 0.784915 1.13515 1.16782 0.270836 0.852408 0.358752 0.735044 0.369854 1.05982 0.273128 0.933247 0.539398 0.83187 1.0829 0.584033 1.18452 1.14222 0.852097 0.415663 0.434423 0.474065 1.00556 0.182128 0.885111 0.666424 0.52223 0.770002 0.888654 0.461637 1.08821 0.146433 0.259971 0.538379 0.446433 0.488444 0.467394 0.429616 0.852138 1.09611 1.1064 0.983555 0.12386 0.551751 0.503989 0.59806 0.291049 0.794607 0.402281 0.483933 0.498779 1.22558 0.634712 0.511412 0.726255 0.389336 0.64947 1.01779 1.02056 0.577806 0.0864343 0.982478 0.973025 0.303494 0.533708 1.24258 0.153191 1.14441 0.540142
0.870251 0.492199 0.386285 0.93892 0.853836 0.552635 0.482398 0.892506 1.2187 1.05088 0.29094 0.971698 0.338553 0.637077 0.499668 1.14025 0.520741 0.991662 0.748785 0.934867 0.902983 0.48401 1.15807 1.18529 0.56529 0.329103 0.639542 0.680539 0.766204 0.0677855 1.04732 0.717639 0.604156 0.749635 0.868191 0.59752 0.854861 0.339824 0.408964 0.710224 0.465464 0.402172 0.306511 0.224984 1.06651 0.948762 1.07266 1.14331 0.249231 0.405776 0.700282 0.618614 0.332135 0.91401 0.218983 0.582517 0.748638 1.17721 0.740067 0.465634 0.931822 0.439491 0.788676 0.847616 0.914527 0.715262 0.0849823 0.873044 1.17908 0.223406 0.565607 1.25886 0.311007 0.943051 0.30175
0.652404 0.391616 0.455601 1.06889 0.686718 0.557896 0.592074 0.781594 1.00945 1.03985 0.266696 0.739664 0.425317 0.864823 0.287848 1.00118 0.247035 0.801931 0.668003 0.802062 0.880386 0.552595 1.01323 1.08513 0.722744 0.478156 0.501596 0.665264 0.959206 0.340052 0.941566 0.546969 0.786207 0.818895 0.761905 0.471663 1.10501 0.182485 0.415403 0.565882 0.339432 0.4091 0.231343 0.384585 0.972996 1.098 1.05937 1.0636 0.198634 0.551643 0.651363 0.42899 0.272889 0.758914 0.170954 0.443382 0.605628 1.18375 0.616361 0.462283 0.712692 0.538046 0.824323 0.949506 0.929584 0.709665 0.211636 0.998446 1.12926 0.149542 0.603089 1.02441 0.093654 1.16924 0.537807
0.802241 0.356716 0.54148 1.1248 0.662424 0.531431 0.453832 0.932585 0.950539 0.99712 0.211003 0.775015 0.357538 0.759158 0.522061 1.10832 0.441039 0.972841 0.77184 0.716162 0.828099 0.643147 0.997078 1.18456 0.722822 0.281538 0.505075 0.446925 0.784543 0.19611 1.01441 0.704427 0.612334 0.727855 0.821614 0.654063 0.99444 0.215329 0.219042 0.504763 0.355101 0.396282 0.223504 0.351328 0.932929 0.962413 1.05861 1.14381 0.292679 0.477675 0.628183 0.482636 0.33276 0.939798 0.393141 0.407337 0.564902 1.01438 0.537981 0.368445 0.802451 0.31052 0.815888 0.832489 0.877634 0.751141 0.249608 1.02379 1.05735 0.275912 0.514472 1.08788 0.283968 1.02663 0.499891
0.587565 0.595625 0.317897 0.950839 0.878522 0.509992 0.566516 0.691708 1.20874 0.969125 0.163311 0.758718 0.328646 0.834179 0.468839 1.21581 0.536976 0.981168 0.789383 0.860744 0.821848 0.585644 1.04387 1.0674 0.569766 0.48071 0.597883 0.647261 0.9378 0.118236 0.987726 0.678075 0.543155 0.902751 0.851783 0.645775 0.879286 0.158633 0.198547 0.648788 0.277173 0.522538 0.282762 0.295961 0.982994 1.01923 1.20116 0.877865 0.179159 0.377136 0.436421 0.425875 0.354781 0.929039 0.370023 0.393856 0.539517 1.04945 0.761566 0.447377 0.935521 0.405205 0.654542 1.06906 0.858586 0.601926 0.232521 0.791621 1.00377 0.417721 0.587518 1.17321 0.283147 0.959242 0.486572
0.627105 0.370428 0.475631 0.854393 0.701072 0.62336 0.665407 0.720513 1.00817 1.12975 0.176367 0.919747 0.284741 0.823597 0.433136 1.17974 0.501785 0.984779 0.607632 0.84407 1.03698 0.533104 1.24897 1.12385 0.682457 0.3262 0.714501 0.594379 0.926877 0.244166 0.958388 0.658826 0.721502 0.730762 0.90238 0.517709 0.86751 0.264141 0.235784 0.498774 0.484697 0.566384 0.348726 0.218306 1.02795 1.11515 0.970055 1.12691 0.0438006 0.490203 0.442389 0.445358 0.21805 0.69211 0.341852 0.416865 0.477768 1.00862 0.699037 0.3887 0.676694 0.336723 0.741785 1.02096 0.796242 0.720155 0.116022 1.02794 1.06547 0.3542 0.441271 1.25236 0.213357 1.17808 0.283899
0.791426 0.397257 0.566917 0.982831 0.90655 0.588374 0.506455 0.707009 0.997522 0.894909 0.179424 0.981211 0.319012 0.755602 0.242651 1.13542 0.416303 1.00705 0.649648 0.909719 1.07518 0.566046 1.04435 0.903295 0.751733 0.487653 0.544316 0.516015 0.845127 0.115045 0.817731 0.629942 0.702291 0.796159 0.77172 0.650939 1.10103 0.382253 0.181214 0.668885 0.317569 0.612316 0.417686 0.194996 0.986783 1.12663 1.19001 0.936114 0.302983 0.36875 0.473956 0.687628 0.391817 0.798133 0.234324 0.550009 0.620242 1.01857 0.703221 0.495527 0.777331 0.333833 0.635936 0.857564 0.902899 0.766973 0.29024 1.01102 1.01174 0.29929 0.533504 1.10263 0.182108 0.984584 0.475176
0.61886 0.564307 0.383303 1.03993 0.876804 0.685727 0.608398 0.765456 1.01343 1.02235 0.283011 0.845552 0.387836 0.601189 0.286631 0.996634 0.253821 1.02297 0.705292 0.883437 0.795852 0.627599 0.990204 0.964492 0.691223 0.419883 0.603459 0.425459 0.769057 0.275355 0.778816 0.567213 0.572999 0.843923 0.888992 0.712644 0.861822 0.196517 0.236434 0.691924 0.541599 0.478781 0.485772 0.292989 0.867256 1.19826 1.22529 0.874697 0.241911 0.5305 0.691959 0.429785 0.200256 0.93396 0.159359 0.416285 0.493372 1.10245 0.629299 0.588053 0.688651 0.399385 0.813963 0.926259 0.963939 0.628619 0.264424 0.94581 0.883237 0.360558 0.718904 0.993084 0.102981 0.908378 0.299924
0.709577 0.401382 0.468782 1.03877 0.906695 0.444473 0.437679 0.857075 1.10957 1.07307 0.379284 0.766307 0.433354 0.56599 0.240928 1.11416 0.280468 0.737379 0.674188 0.97674 1.05991 0.572611 1.23323 0.90757 0.61126 0.408949 0.529367 0.631854 0.865447 0.137145 1.05244 0.506522 0.666458 0.832746 0.814179 0.667453 0.910666 0.179881 0.373111 0.469458 0.560324 0.51135 0.460391 0.431821 1.09293 1.0488 1.10418 0.919197 0.333143 0.639843 0.556007 0.492952 0.378435 0.753158 0.219088 0.601219 0.712985 1.09313 0.558884 0.513302 0.870846 0.4115 0.787052 0.918812 0.86122 0.567397 0.142923 0.874141 1.0333 0.330967 0.708239 1.27309 0.354297 1.05422 0.50403
0.650694 0.517871 0.350244 1.07462 0.912537 0.521034 0.661032 0.950519 0.988192 1.17328 0.15574 0.89923 0.448126 0.825749 0.371982 0.955271 0.473111 0.823026 0.695592 0.743015 0.844963 0.680525 1.10318 1.17659 0.736407 0.405765 0.632073 0.504209 0.883966 0.147025 0.830693 0.596785 0.756957 0.878778 0.801312 0.548372 0.98793 0.216368 0.2976 0.440995 0.284588 0.507603 0.200095 0.365652 0.972193 1.0074 1.17834 1.05027 0.203545 0.391937 0.573311 0.581045 0.232969 0.845988 0.235619 0.417467 0.741962 1.03744 0.634085 0.626734 0.79163 0.357079 0.803089 0.872479 0.905091 0.592944 0.290767 1.03224 0.994316 0.324931 0.561329 1.10659 0.133992 1.03093 0.284441
0.621814 0.630599 0.486875 0.885096 0.783015 0.681594 0.596824 0.920337 0.949361 1.07018 0.283543 0.831991 0.286721 0.788328 0.37759 1.14023 0.43922 0.896011 0.626048 0.73292 1.0684 0.666715 1.18669 1.06239 0.838062 0.498134 0.456492 0.680965 0.988906 0.362711 0.83049 0.457302 0.545444 0.952783 0.832267 0.435468 1.11103 0.425503 0.166255 0.555371 0.440643 0.355996 0.431191 0.335416 0.82437 1.15959 1.10778 1.09856 0.0439163 0.439504 0.729485 0.688275 0.433186 0.986541 0.224797 0.623714 0.607123 1.13013 0.811461 0.602181 0.883391 0.510635 0.640043 0.993344 1.00801 0.625583 0.246286 0.938005 1.11777 0.216688 0.487663 1.00157 0.0603082 1.1121 0.479596
0.856958 0.618601 0.43836 1.01943 0.864064 0.679709 0.437231 0.78121 1.15471 0.919817 0.143514 0.843233 0.513822 0.83963 0.341328 1.19976 0.488831 0.783269 0.566182 0.967836 0.812957 0.645586 1.01768 1.04307 0.663407 0.551356 0.529298 0.63684 0.97696 0.111095 0.93072 0.698928 0.653093 0.753029 0.897113 0.563211 1.01856 0.40037 0.431628 0.622744 0.409567 0.608705 0.210011 0.321945 0.93096 0.945595 1.24907 0.915959 0.229065 0.543497 0.627895 0.58798 0.354818 0.954675 0.334729 0.64562 0.589527 1.23375 0.6072 0.623816 0.933661 0.265483 0.632096 0.995208 0.979364 0.671362 0.233286 0.756255 1.1086 0.312808 0.700278 1.04601 0.244977 1.17113 0.268347
0.818987 0.54799 0.372809 1.07861 0.8269 0.456661 0.40957 0.920211 1.1581 0.97258 0.096098 0.909227 0.54993 0.746829 0.391093 0.983275 0.284081 1.0242 0.6392 0.821837 0.804413 0.570843 1.06124 1.17526 0.682363 0.465974 0.582377 0.58931 0.897441 0.180506 1.01335 0.739956 0.669777 0.78769 0.896766 0.531518 1.04424 0.259106 0.282777 0.582097 0.37327 0.367588 0.224512 0.388156 0.826717 1.00377 1.13781 1.05348 0.207728 0.563522 0.716924 0.51138 0.206748 0.75166 0.208852 0.623425 0.645557 1.15369 0.738142 0.398023 0.944167 0.268634 0.574974 1.00596 0.808999 0.537375 0.299925 0.942307 1.11617 0.257424 0.671885 1.04205 0.22029 0.990957 0.402749
0.713449 0.349335 0.473649 0.920543 0.792863 0.676125 0.65039 0.696806 1.04739 0.914391 0.238743 1.02658 0.501189 0.796948 0.477645 1.19544 0.438574 0.758117 0.586595 1.0086 1.07144 0.723854 1.09982 1.04908 0.595456 0.382975 0.480712 0.629397 0.804791 0.248583 0.952169 0.569875 0.730037 0.710695 0.871496 0.64037 1.07065 0.272358 0.304601 0.579065 0.523208 0.415122 0.485366 0.20322 1.0137 1.18626 1.05853 1.11551 0.165972 0.435135 0.466708 0.526637 0.298537 0.699392 0.429837 0.650774 0.493278 1.13859 0.699262 0.537742 0.853114 0.473091 0.599809 1.06562 0.86143 0.699747 0.180491 0.999061 0.993046 0.322689 0.544167 1.23746 0.162333 0.911006 0.451899
0.686547 0.377658 0.344803 1.054 0.911193 0.566156 0.662339 0.757188 1.01157 1.18749 0.321818 0.853069 0.368601 0.606815 0.237696 1.01541 0.344769 0.749995 0.594724 0.872327 0.921627 0.566167 1.18198 1.04681 0.696961 0.458877 0.623977 0.556181 0.91593 0.355227 0.856311 0.453575 0.623319 0.902998 0.765994 0.540021 1.11162 0.320995 0.21074 0.613925 0.305781 0.50876 0.340414 0.153009 0.855085 0.968819 1.19758 0.995868 0.203327 0.506135 0.600558 0.436787 0.336512 0.71106 0.286573 0.451496 0.68496 1.17867 0.8017 0.491376 0.686751 0.313363 0.569132 0.865145 0.723049 0.713915 0.277579 0.816769 1.02234 0.320698 0.578739 1.06829 0.308236 0.973203 0.257283
0.603589 0.390124 0.283398 0.868898 0.76402 0.419536 0.617326 0.669491 0.947253 1.05203 0.160871 0.798616 0.550036 0.706071 0.450986 1.00924 0.402095 0.802213 0.706282 0.915188 0.910429 0.660578 1.06407 1.15373 0.579465 0.455931 0.452009 0.721762 0.832711 0.316616 1.00752 0.626585 0.562645 0.81136 0.823581 0.702234 1.04955 0.235289 0.198188 0.7218 0.342384 0.353749 0.285759 0.155832 0.957604 1.15341 1.17589 0.987892 0.168111 0.627166 0.658136 0.507094 0.248915 0.689557 0.139655 0.494122 0.57584 1.25711 0.609018 0.380883 0.942539 0.419869 0.763339 1.01216 0.721594 0.682643 0.290492 0.760413 0.968159 0.170812 0.715665 1.13148 0.165846 0.958433 0.358983
