25 75
0.550932 0.768261 0.296324 0.892715 0.127831 0.300833 0.516817 0.671703 1.03963 0.286858 0.274699 0.827846 0.108513 0.525273 0.0134992 0.637705 0.676909 0.730818 0.236662 0.685691 0.148054 0.901006 0.944705 0.570462 0.391865 0.430355 0.997016 0.686237 0.477019 0.757038 0.994213 0.79066 0.241315 1.18499 0.147273 0.173514 0.96924 0.73779 0.949801 0.741474 0.389447 0.5754 0.111811 0.996953 1.07831 0.94983 0.837339 0.908145 1.02327 0.891944 0.836839 0.75028 0.622104 0.681596 1.13295 0.304444 0.745028 0.905506 0.851333 0.379289 0.618907 0.855505 0.235615 1.03291 0.366294 0.643212 0.487403 0.460649 0.378427 0.244043 0.957919 0.372646 0.329565 0.637209 0.507481
0.682077 0.873141 0.254886 0.912259 0.277361 0.22998 0.405297 0.697497 0.796708 0.350565 0.310127 0.691621 0.147676 0.565354 0.24349 0.832987 0.693579 0.736933 0.241638 0.853677 0.162482 0.918437 0.702941 0.732976 0.280161 0.304913 1.04504 0.610502 0.614071 0.882738 0.772832 0.912389 0.162199 1.27314 0.102145 0.426855 0.894716 0.852049 0.99532 0.787921 0.445528 0.77016 0.240842 0.842469 1.13544 0.878676 0.730087 0.930288 1.14944 0.764662 0.784477 0.875649 0.635777 0.749325 1.04665 0.268942 0.671338 1.00372 0.930902 0.20173 0.717133 0.743133 0.126112 0.876434 0.435087 0.698778 0.59544 0.620819 0.532324 0.00428936 1.05308 0.550959 0.120533 0.674152 0.536401
0.495846 0.955556 0.113739 0.925418 0.226818 0.0970565 0.509006 0.653532 0.922701 0.288149 0.418775 0.754666 0.0516991 0.422089 0.143897 0.629524 0.600819 0.807684 0.439394 0.882765 0.0704044 1.06628 0.808237 0.725375 0.482747 0.476379 1.14979 0.748107 0.391174 0.735924 0.866651 0.771952 0.0566781 1.04465 0.204324 0.224431 0.90389 0.80967 1.1253 0.718387 0.564127 0.824842 0.0621123 0.905734 1.07019 0.840183 0.769881 0.672739 1.0969 0.841062 0.798035 0.663486 0.763047 0.785996 1.14274 0.404344 0.842237 0.98982 0.884391 0.327279 0.588471 0.8729 0.257709 0.868397 0.616238 0.672378 0.555374 0.505703 0.389481 0.0452362 1.12531 0.36501 0.0520276 0.565152 0.495321
0.506122 0.789287 0.117716 0.878178 0.284186 0.294993 0.243365 0.505673 0.976976 0.335331 0.292433 0.655024 0.0534245 0.637745 0.241554 0.645921 0.587003 0.776407 0.280911 0.672517 0.179577 0.838443 0.842592 0.498494 0.377348 0.496795 1.1358 0.769803 0.560693 0.795892 0.931942 0.931273 0.0801761 1.22341 0.0760776 0.326157 1.14225 0.858218 1.15983 0.815718 0.606687 0.556193 0.321727 0.927245 1.13418 0.980408 0.933921 0.886387 0.878779 0.999892 0.77939 0.671363 0.522869 0.870631 1.15511 0.501029 0.62974 1.02479 0.997481 0.263122 0.765327 0.747449 0.160202 0.97323 0.423286 0.463368 0.630678 0.486917 0.340362 0.0577001 1.04295 0.419498 0.0907725 0.590373 0.295995
0.540336 0.997196 0.227501 0.86099 0.182541 0.197195 0.295387 0.684621 0.902721 0.342843 0.330778 0.79977 0.269642 0.533471 0.078359 0.702365 0.753862 0.786183 0.359071 0.629498 0.324666 0.892841 0.935051 0.586686 0.389113 0.324803 1.14695 0.790302 0.346461 0.816159 0.835216 0.941004 0.110856 1.24782 0.254054 0.340961 1.09597 0.970765 0.928541 0.722014 0.460552 0.640896 0.332389 1.00049 0.914384 0.936494 0.834214 0.889167 0.89534 0.757034 0.877772 0.761745 0.636418 0.81229 1.13586 0.323454 0.687653 0.934155 0.999092 0.417621 0.620982 0.895387 0.242853 0.853324 0.509191 0.658394 0.756933 0.61467 0.458152 0.244353 0.98431 0.4172 0.0819007 0.589976 0.569359
0.425322 0.834666 0.310144 0.858833 0.298919 0.277996 0.520719 0.717704 0.776317 0.272735 0.417401 0.715245 0.171528 0.55655 0.039857 0.767279 0.66749 0.901322 0.41871 0.81631 0.171633 0.855486 0.962196 0.688798 0.412735 0.504611 1.16193 0.666246 0.537678 0.817552 0.967487 0.91998 0.0290837 1.20995 0.191109 0.248954 0.928056 0.825317 0.938085 0.882912 0.468924 0.820598 0.181871 0.721889 1.12913 0.930143 0.893391 0.907061 1.07613 1.02496 0.923738 0.695844 0.635947 0.736537 1.0915 0.503379 0.631887 0.930209 0.906371 0.23718 0.816787 0.859363 0.203432 0.885661 0.460549 0.713481 0.496841 0.565572 0.286649 0.294576 1.22901 0.369485 0.318201 0.696174 0.395808
0.558947 1.00751 0.127312 0.962558 0.212487 0.292217 0.287722 0.49934 1.00122 0.341963 0.263401 0.652436 0.019097 0.639266 0.0561028 0.827468 0.78894 0.90711 0.279056 0.731188 0.325307 0.997809 0.90853 0.608233 0.32876 0.274588 1.0623 0.747466 0.521512 0.911121 1.00105 0.739301 0.0570691 1.2543 0.0964956 0.422274 0.910944 0.769022 1.0222 0.733476 0.370223 0.716644 0.112396 0.934639 1.01058 0.891973 0.851267 0.852114 1.05583 0.883417 0.879157 0.750575 0.567192 0.848538 1.03909 0.419386 0.852797 0.831002 0.942481 0.299021 0.73752 0.77253 0.0684685 0.9597 0.622273 0.463703 0.602572 0.483016 0.536179 0.284082 1.19158 0.348272 0.201033 0.554347 0.536108
0.503794 0.993718 0.368805 0.738942 0.167705 0.10596 0.50441 0.468315 0.928548 0.0996636 0.321339 0.727558 0.0541306 0.584016 0.249988 0.711084 0.666479 0.778203 0.290429 0.912507 0.184355 0.930773 0.777111 0.641186 0.39404 0.538546 1.1499 0.537877 0.365411 0.834713 0.87502 0.926239 0.251393 1.28387 0.210908 0.284108 0.970897 0.853472 0.892736 0.83766 0.41353 0.834564 0.253507 0.99939 0.881081 0.833698 0.815806 0.686412 1.01535 1.00494 0.985538 0.837627 0.70142 0.612642 1.23548 0.443629 0.760332 0.966192 0.835748 0.357126 0.8212 0.795476 0.307563 0.822849 0.479586 0.687779 0.723726 0.554209 0.382209 0.16442 1.22983 0.505938 0.279203 0.583946 0.308034
0.599603 0.774391 0.12509 0.87017 0.246424 0.325102 0.456037 0.528159 0.939793 0.320837 0.154071 0.69135 0.0390385 0.38529 0.111485 0.638816 0.641097 0.929877 0.412878 0.838288 0.11834 0.977112 0.916739 0.708713 0.301497 0.449951 1.04326 0.609594 0.495897 0.737542 0.827115 0.953779 0.259034 1.25218 0.113892 0.262254 1.0479 0.910277 1.04099 0.708271 0.597942 0.735584 0.22572 0.909667 0.964878 0.993293 0.964393 0.696572 1.00026 0.829563 0.858248 0.828527 0.786674 0.640459 1.19314 0.369513 0.857401 0.858198 0.886289 0.278784 0.825667 0.826202 0.338115 0.955189 0.39826 0.713743 0.750678 0.574911 0.387321 0.156005 1.10197 0.318875 0.129511 0.698405 0.51825
0.621237 0.797425 0.282754 0.847705 0.0829869 0.261208 0.4317 0.447845 0.991009 0.0964734 0.285502 0.801613 0.130603 0.411572 0.230398 0.810998 0.67136 0.949692 0.245873 0.700898 0.223035 1.08053 0.680862 0.586436 0.192943 0.518465 0.945641 0.672644 0.354579 0.930755 1.00383 0.997264 0.169239 1.22602 0.344063 0.152075 0.881135 0.882581 1.13551 0.916326 0.404798 0.672227 0.230889 0.767207 0.914083 1.05746 1.01229 0.832733 1.05809 0.826299 1.02172 0.60534 0.655694 0.703954 1.23035 0.436705 0.816805 1.02885 0.867335 0.262717 0.787142 0.8405 0.0739521 0.82797 0.391079 0.480853 0.710723 0.652563 0.362678 0.26283 0.976768 0.54268 0.139599 0.616975 0.408853
0.660674 1.0356 0.201051 0.744383 0.127717 0.191192 0.504157 0.436863 0.949966 0.284508 0.254491 0.750801 0.125682 0.450201 0.107675 0.806085 0.734137 0.845116 0.348012 0.736406 0.284779 0.994852 0.72925 0.630612 0.214912 0.518204 1.18104 0.631473 0.60472 0.804882 1.01116 0.773584 0.129121 1.22222 0.23684 0.323638 0.902059 0.932204 1.0694 0.941439 0.471705 0.724398 0.262671 0.925788 1.07229 0.89566 0.966658 0.873435 1.13257 0.872338 0.866022 0.838892 0.621096 0.742748 1.147 0.367577 0.80735 0.991741 0.770039 0.497604 0.733342 0.759185 0.209398 0.941313 0.526206 0.585781 0.709065 0.476506 0.54232 0.194323 1.14112 0.543799 0.231529 0.485496 0.345469
0.485947 1.024 0.155575 0.787435 0.350629 0.0815461 0.448576 0.575245 0.793501 0.177508 0.192769 0.822581 0.025694 0.647245 0.28483 0.701416 0.586337 0.814556 0.379221 0.708083 0.296816 0.919956 0.74426 0.726497 0.444174 0.545942 1.15821 0.638014 0.59668 0.938817 1.00744 0.99421 0.184217 1.26867 0.233514 0.279174 1.00342 0.952728 1.02955 0.778339 0.578069 0.691508 0.205356 1.01412 0.917798 1.07181 0.981071 0.908213 0.877384 0.869808 0.813081 0.75154 0.677004 0.70923 1.1087 0.451736 0.635883 0.809639 0.880584 0.279375 0.683462 0.848639 0.0647422 0.959897 0.400553 0.737374 0.570591 0.569627 0.384276 0.22449 1.05475 0.518028 0.128503 0.486359 0.429676
0.686817 0.906421 0.148092 0.734763 0.281039 0.217237 0.503109 0.682025 0.968831 0.124033 0.260114 0.56283 0.221548 0.637809 0.118245 0.813969 0.557267 1.00785 0.37608 0.637356 0.287998 0.92385 0.939342 0.655277 0.261175 0.343515 0.923647 0.568985 0.542929 0.756162 0.881479 0.861086 0.023279 1.11118 0.0869598 0.230579 1.10881 0.880987 1.12985 0.787531 0.42584 0.783185 0.21137 0.819283 1.08174 0.861843 0.85887 0.747707 0.981068 0.735609 0.914436 0.874028 0.496041 0.677094 1.1306 0.487223 0.759431 0.862068 0.989635 0.452834 0.638253 0.726175 0.232692 0.899666 0.538876 0.610674 0.628824 0.510209 0.296827 0.161997 1.00262 0.534634 0.0868631 0.499431 0.435188
0.488431 1.0264 0.270168 0.951088 0.105237 0.214823 0.276935 0.433744 0.845087 0.163093 0.127187 0.74339 0.273132 0.634217 0.13698 0.768652 0.625877 0.879824 0.362219 0.836769 0.19258 1.09741 0.833758 0.720967 0.485111 0.361055 0.974456 0.642168 0.39884 0.714819 0.768111 0.729695 0.00644155 1.0337 0.102561 0.267392 1.07227 0.948681 0.934156 0.814718 0.548443 0.726837 0.156143 0.913623 0.961883 0.833739 0.740852 0.702412 1.06308 0.935954 0.95193 0.852468 0.782076 0.841749 1.02148 0.531509 0.706088 0.751106 0.765005 0.221687 0.626405 0.934498 0.0524705 0.895591 0.391817 0.652525 0.682888 0.636156 0.438124 0.282398 1.01115 0.479234 0.0839992 0.526447 0.532516
0.558828 0.890936 0.113569 0.931126 0.227385 0.290378 0.325102 0.694865 1.04408 0.380729 0.178144 0.820962 0.165782 0.62333 0.0728688 0.559552 0.726791 0.934539 0.211102 0.888578 0.246265 0.895627 0.952319 0.741572 0.28819 0.451762 1.07969 0.611595 0.425535 0.757933 0.807076 0.807463 0.298507 1.08907 0.353386 0.420735 0.915765 0.752198 0.908266 0.827936 0.401884 0.690125 0.0635686 0.936247 0.95226 0.825983 0.836854 0.809134 1.09464 0.995403 0.986652 0.648253 0.743732 0.824412 1.13109 0.34516 0.669766 0.890978 0.950139 0.328313 0.735854 0.900702 0.332033 1.04119 0.463229 0.718363 0.677737 0.636519 0.34575 0.287375 0.961258 0.330293 0.0734093 0.522209 0.582386
0.533679 0.806152 0.255983 0.802365 0.138697 0.263833 0.441403 0.573707 0.861254 0.166835 0.36461 0.632967 0.0937104 0.646653 0.284452 0.679818 0.605163 1.00429 0.430776 0.921686 0.216402 1.08018 0.79705 0.563319 0.457042 0.459474 1.10167 0.745283 0.389154 0.714661 0.956208 0.934217 0.186064 1.02452 0.347448 0.38835 1.0173 0.764545 0.980957 0.718322 0.464617 0.588048 0.344364 0.867526 0.892954 0.83242 0.831607 0.886486 1.05919 0.827883 0.778207 0.769978 0.517683 0.788182 1.11995 0.445371 0.66629 0.772976 0.904781 0.217931 0.57127 0.977435 0.248 0.857329 0.6419 0.597855 0.680888 0.458564 0.532689 0.177058 1.19782 0.435207 0.0742771 0.685773 0.357515
0.514013 0.837238 0.130466 0.920507 0.115469 0.0497496 0.396251 0.57954 0.811262 0.262661 0.226753 0.621153 0.164672 0.460701 0.139643 0.579025 0.810696 0.911948 0.384139 0.75606 0.18097 1.05494 0.97475 0.506761 0.209975 0.332504 0.926748 0.752957 0.420814 0.707869 0.841387 0.954079 0.172137 1.02286 0.187227 0.304734 0.971854 0.849556 1.04411 0.654705 0.397379 0.74508 0.130504 0.971673 1.12643 0.948055 0.759672 0.727079 1.05577 1.0212 0.969445 0.626795 0.68161 0.673197 1.04287 0.394213 0.691589 0.85587 0.961301 0.218941 0.647956 0.986291 0.331162 1.07483 0.405848 0.490266 0.468234 0.54629 0.444388 0.0662182 1.24809 0.451204 0.285948 0.574157 0.587393
0.552703 0.834197 0.390347 0.994223 0.302755 0.178635 0.407659 0.475529 0.917118 0.157234 0.384291 0.71601 0.0212252 0.461651 0.064938 0.792443 0.546007 0.841021 0.254345 0.643798 0.199355 1.08969 0.76528 0.649349 0.263079 0.27963 1.10341 0.589917 0.335973 0.863277 0.931324 0.914248 0.0320605 1.20874 0.245098 0.441935 0.883199 0.812898 1.04493 0.837025 0.378569 0.610621 0.248163 0.830901 0.960466 0.826605 0.838143 0.692747 0.925788 0.806785 0.901867 0.829825 0.551067 0.635643 1.2033 0.438482 0.86207 0.992966 1.02915 0.501097 0.599991 0.699773 0.299117 0.949565 0.398163 0.503267 0.587456 0.677616 0.356454 0.0170475 1.23883 0.487491 0.197108 0.698488 0.34019
0.427658 1.03551 0.270072 0.808879 0.0752913 0.117931 0.338043 0.430643 0.972715 0.100603 0.187746 0.560045 0.187774 0.511831 0.227554 0.752264 0.732122 0.763218 0.274441 0.704464 0.311007 1.02647 0.960344 0.507558 0.308897 0.511263 0.914879 0.7774 0.460457 0.919919 0.906504 0.773017 0.0231478 1.01127 0.225298 0.357571 1.15675 0.740326 0.94654 0.767896 0.557295 0.819255 0.317148 0.856553 0.872552 0.8456 0.798005 0.788288 0.916202 1.03013 1.00576 0.886405 0.685592 0.845183 1.24766 0.459481 0.898043 0.850527 0.870014 0.201504 0.628376 0.791868 0.193875 0.923718 0.452733 0.560317 0.690385 0.614789 0.426364 0.296074 1.07379 0.536039 0.286511 0.524931 0.371394
0.642964 0.746786 0.272288 0.978731 0.11561 0.133584 0.239428 0.550776 1.04887 0.310344 0.292673 0.662014 0.20697 0.393633 0.164919 0.831975 0.704802 0.904858 0.415789 0.628809 0.0542449 1.09078 0.750078 0.577801 0.260875 0.517317 1.11425 0.517617 0.435598 0.891431 0.979663 1.01336 0.158784 1.02132 0.210121 0.264591 0.942244 0.836885 0.929675 0.868628 0.396753 0.659565 0.296726 0.860036 1.02303 0.867647 0.757555 0.765275 1.09496 0.991171 0.847125 0.757063 0.606385 0.809026 1.2454 0.417388 0.790573 0.984108 0.821025 0.372391 0.63848 0.960334 0.229261 0.999124 0.623183 0.688143 0.697437 0.542825 0.331471 0.0619897 1.06332 0.318622 0.144908 0.708949 0.559034
0.44227 1.00576 0.150712 0.780371 0.146394 0.334516 0.453748 0.59945 0.866566 0.232412 0.270954 0.626033 0.270535 0.643816 0.0745452 0.709657 0.772253 0.902983 0.407136 0.812023 0.253506 0.867228 0.976603 0.629529 0.414461 0.463028 0.922 0.545753 0.430883 0.961814 0.867275 0.90282 0.0171858 1.02649 0.344133 0.32905 1.03281 0.789615 1.11533 0.682308 0.465805 0.66202 0.155836 0.90492 0.965618 0.871583 0.891739 0.836972 0.966078 0.96558 0.874031 0.813914 0.663667 0.64697 1.22902 0.393524 0.650781 0.799126 1.03303 0.311583 0.727773 0.955091 0.0750118 0.866391 0.651873 0.643607 0.560335 0.561286 0.528197 0.0914033 1.11292 0.573364 0.274947 0.72437 0.460153
0.4581 0.891181 0.199377 0.861439 0.231285 0.0620786 0.320368 0.693852 1.05318 0.330178 0.238639 0.813488 0.134993 0.46996 0.0497989 0.835804 0.745279 1.00171 0.284328 0.723087 0.304516 0.834989 0.846299 0.604376 0.320549 0.46405 1.02698 0.717605 0.615684 0.803888 1.03707 0.953207 0.110237 1.20007 0.270857 0.182005 1.04429 0.99951 1.11088 0.665764 0.542611 0.559364 0.106809 0.885092 0.90257 0.857745 0.845557 0.731538 0.904847 0.881761 0.786614 0.659575 0.520198 0.82949 1.00973 0.304718 0.840608 0.973172 0.909639 0.322127 0.680323 0.984034 0.183319 0.874151 0.584779 0.472182 0.532728 0.552112 0.491514 0.196556 1.03571 0.302845 0.0601726 0.670232 0.579073
0.524253 0.86299 0.361203 0.983277 0.108603 0.190791 0.263307 0.626445 1.01455 0.206543 0.132635 0.75015 0.021734 0.437435 0.294383 0.841118 0.785401 0.787481 0.324634 0.65645 0.19398 0.957124 0.822525 0.583787 0.309015 0.256521 1.19328 0.668427 0.60371 0.86662 0.958904 0.719698 0.177006 1.27136 0.268866 0.404456 1.05017 0.875524 1.05613 0.757206 0.517716 0.705417 0.229684 0.925421 1.07688 0.83177 0.881819 0.911839 1.07611 1.028 0.833764 0.747031 0.504793 0.671321 1.12029 0.40189 0.652803 0.873594 0.757886 0.306508 0.841515 0.724012 0.130889 0.859592 0.427688 0.605075 0.472163 0.708552 0.309448 0.00614683 0.953491 0.301139 0.0392277 0.550067 0.296835
0.573379 0.748364 0.241421 0.81824 0.302865 0.0492346 0.315779 0.473541 1.0107 0.173758 0.178058 0.747709 0.201357 0.590804 0.120403 0.841098 0.564142 0.947141 0.2654 0.717126 0.243668 0.972749 0.78051 0.706362 0.387229 0.337758 1.14615 0.575329 0.603658 0.7165 0.791076 0.983958 0.0138678 1.04612 0.0685133 0.159314 0.882343 0.958787 0.935963 0.936169 0.440426 0.79889 0.294693 0.944236 0.973563 0.999778 0.968625 0.899739 0.901888 0.980182 0.84561 0.747612 0.770765 0.80646 0.979353 0.27692 0.802465 0.889258 0.931277 0.26958 0.608328 0.822952 0.303585 0.837152 0.418424 0.481182 0.571517 0.553451 0.425463 0.181695 1.01057 0.482113 0.112869 0.516137 0.382685
0.489949 0.832117 0.244417 0.909304 0.204468 0.207181 0.458312 0.535439 0.805827 0.340558 0.41208 0.683678 0.225966 0.58954 0.219542 0.631613 0.625141 0.772875 0.362394 0.711027 0.131935 1.08334 0.828713 0.488037 0.414396 0.494826 1.05443 0.654 0.378017 0.782655 0.93855 0.728609 0.117728 1.20128 0.250032 0.219256 0.990939 0.805188 1.08533 0.80451 0.374783 0.555509 0.194292 0.965609 0.911685 0.963785 0.89929 0.705895 0.95317 0.741228 0.978901 0.673596 0.732713 0.692868 1.18145 0.442947 0.868861 0.75146 0.909755 0.352087 0.760143 0.908913 0.192834 0.870994 0.427551 0.696549 0.719522 0.703235 0.520151 0.0676857 1.08727 0.360988 0.270285 0.586954 0.449689
