25 75
1.00719 0.413689 0.659159 0.832517 0.31128 1.22664 0.46117 0.800158 1.1994 0.347632 0.26111 1.11088 1.03272 0.981795 0.443839 0.765804 0.297968 0.575345 0.515982 0.925427 0.72257 0.329608 1.12133 0.87509 0.670064 1.13339 0.341361 0.984828 0.519143 0.887791 0.124827 0.887533 0.169211 0.273825 0.362255 0.470067 0.297934 0.572724 0.756872 0.406705 0.261862 0.148453 0.275211 0.940878 0.270456 0.955927 0.618881 0.68763 0.639307 0.882222 0.416169 0.612073 0.546417 1.13867 0.651036 0.35221 0.47095 0.867834 0.661 0.983713 0.24522 0.401726 1.0157 0.681744 0.914822 0.21401 0.705324 0.391566 0.939414 0.743884 0.692202 0.349562 0.513112 0.102799 0.35843
0.947264 0.534365 0.725162 0.9362 0.392634 1.09178 0.684761 1.06012 1.03375 0.405085 0.13966 1.15464 1.18839 0.889135 0.447143 0.893948 0.374168 0.501044 0.573482 1.02453 0.667875 0.410669 1.10109 0.862509 0.685879 1.26087 0.467563 0.775254 0.572848 0.977318 0.341023 1.11812 0.155584 0.198123 0.522074 0.631788 0.475412 0.60704 0.547605 0.412509 0.102043 0.1658 0.356958 0.940343 0.303718 0.885836 0.704813 0.886709 0.898965 0.878413 0.401929 0.644508 0.576573 1.1665 0.650037 0.215923 0.430056 0.712424 0.806575 0.908054 0.299924 0.251177 1.1716 0.65286 0.82249 0.305581 0.941065 0.437513 0.822442 0.675585 0.766792 0.212236 0.639226 0.0709403 0.246074
0.883105 0.358583 0.603201 0.968905 0.22255 1.01071 0.496779 0.965262 1.19333 0.272143 0.311021 1.22361 1.21952 0.957232 0.613763 0.93867 0.091109 0.560993 0.538175 0.893424 0.661296 0.332648 1.11754 1.03164 0.787843 1.02964 0.28687 0.948113 0.561264 0.877675 0.339074 1.10872 0.173046 0.360578 0.378921 0.55398 0.511507 0.574106 0.668938 0.396497 0.110186 0.101858 0.410987 0.827614 0.144823 0.771252 0.698651 0.830615 0.761933 0.800894 0.499728 0.714285 0.487491 1.203 0.57139 0.219568 0.56546 0.852592 0.55177 0.954754 0.333122 0.368353 1.07079 0.536896 0.916963 0.403911 0.863764 0.524042 0.838205 0.610868 0.670443 0.440244 0.430178 0.289453 0.347101
0.945411 0.424757 0.523655 0.740944 0.381942 1.23768 0.534408 1.04384 1.03781 0.484035 0.135192 1.06984 0.961019 0.827273 0.550137 0.91834 0.15349 0.533056 0.575111 1.04834 0.721068 0.430105 1.06194 0.865953 0.633677 1.06996 0.334765 0.780215 0.655436 0.943706 0.238687 0.903748 0.117813 0.141815 0.365572 0.641709 0.355996 0.387106 0.781764 0.53384 0.361114 0.0944427 0.279025 0.992098 0.142989 0.846517 0.687136 0.859898 0.799828 0.727345 0.530131 0.517077 0.660276 1.19567 0.645841 0.314935 0.542328 0.649794 0.729616 0.90962 0.286835 0.366446 1.1136 0.535079 0.90805 0.334772 0.905611 0.506162 0.846594 0.603708 0.911339 0.473377 0.453554 0.189979 0.206012
0.934485 0.517752 0.601689 0.812214 0.286111 1.12937 0.67809 1.07732 1.18466 0.465077 0.145711 0.977781 1.18094 0.984784 0.414125 0.714432 0.079492 0.413205 0.680315 0.870683 0.598833 0.402567 0.890073 1.04062 0.88456 1.18283 0.33966 1.00573 0.417827 0.720257 0.205661 0.972988 0.0642736 0.332513 0.273067 0.703312 0.302524 0.476476 0.574979 0.59848 0.327812 0.142948 0.375924 0.941417 0.217337 0.856968 0.658175 0.63739 0.823172 0.807277 0.33374 0.72198 0.498672 1.03292 0.620743 0.345985 0.522006 0.868078 0.711221 0.847147 0.344709 0.401492 1.07084 0.656568 0.738901 0.469764 0.977856 0.509737 0.902349 0.631106 0.855598 0.305058 0.562249 0.203864 0.265037
0.914706 0.401586 0.595249 1.0047 0.226529 1.24691 0.583513 0.851735 1.13291 0.482824 0.297994 1.06707 1.01261 1.00649 0.563043 0.707657 0.142982 0.409255 0.644233 0.942248 0.646369 0.483542 1.16076 0.901401 0.615359 1.08394 0.283395 0.864475 0.599252 0.920451 0.280651 0.964697 0.149225 0.21326 0.376475 0.599121 0.461494 0.466977 0.59238 0.561303 0.0879715 0.0561256 0.412309 0.788177 0.145924 0.863457 0.545193 0.856461 0.667789 0.854636 0.430627 0.725217 0.574522 1.01411 0.817077 0.350409 0.468296 0.806204 0.711127 1.04518 0.350981 0.479589 1.24354 0.743576 0.911285 0.304109 0.832975 0.285131 0.940353 0.627058 0.693726 0.391002 0.589559 0.0904826 0.396048
1.02153 0.498456 0.569973 0.755226 0.332388 1.23221 0.464513 0.811531 0.993491 0.322463 0.321697 1.08491 1.15172 0.894014 0.477201 0.867345 0.0779359 0.53417 0.603176 1.05784 0.777069 0.335993 1.09863 0.841287 0.777082 1.07918 0.443992 0.933372 0.544549 0.945593 0.155255 0.870591 0.0783952 0.407891 0.474636 0.675069 0.367655 0.522611 0.678315 0.411217 0.0995473 0.254016 0.314677 0.854786 0.208286 0.814873 0.533823 0.82575 0.916646 0.644778 0.517534 0.753106 0.61531 1.10131 0.805936 0.328946 0.600452 0.780928 0.683899 0.953714 0.287298 0.265695 1.19319 0.624527 0.721097 0.208529 0.986622 0.424013 0.721966 0.640196 0.758263 0.486027 0.470287 0.171628 0.320628
0.921677 0.471602 0.515456 0.979408 0.268393 1.12633 0.615888 0.808794 1.18209 0.466122 0.191637 1.14184 0.973397 0.849667 0.539119 0.81113 0.240873 0.570098 0.678754 1.08529 0.757504 0.476517 0.940426 1.05581 0.710954 1.01218 0.282826 1.00894 0.406163 0.922856 0.215682 1.07455 0.142159 0.257037 0.431261 0.552638 0.549219 0.441554 0.607963 0.367632 0.135644 0.0262558 0.564961 0.957948 0.132686 0.910037 0.686084 0.899711 0.918286 0.780284 0.369763 0.700266 0.472294 1.13001 0.550058 0.200777 0.558799 0.680335 0.689632 1.00179 0.398345 0.446455 1.19761 0.66187 0.821657 0.239136 0.922702 0.271651 0.79939 0.642235 0.874429 0.386183 0.621688 0.110975 0.421245
0.973801 0.401624 0.737197 0.818162 0.317506 1.23833 0.529438 1.05557 1.25686 0.34413 0.331264 1.12887 1.00297 0.791535 0.639995 0.88603 0.214212 0.602169 0.670287 0.960911 0.826267 0.361599 1.02402 0.850685 0.65342 1.15034 0.329141 0.925067 0.465518 0.750698 0.177144 0.978155 0.140641 0.35716 0.536238 0.543237 0.558394 0.404875 0.543144 0.540767 0.154489 0.216635 0.425458 1.03081 0.0368224 1.00095 0.580748 0.821668 0.873194 0.657872 0.393743 0.762961 0.627653 1.10556 0.659056 0.194231 0.697092 0.656368 0.647696 1.0437 0.360871 0.228449 1.02149 0.707856 0.914737 0.320476 0.768774 0.472502 0.861058 0.555677 0.773681 0.300501 0.694763 0.321055 0.283012
0.911897 0.401117 0.642904 0.809996 0.264258 1.24547 0.41717 1.04385 0.998216 0.451582 0.132088 1.19708 0.992459 1.04703 0.400363 0.952517 0.242062 0.535385 0.440178 1.06109 0.774674 0.311588 0.943458 1.08615 0.640485 1.2311 0.371766 0.781661 0.385031 0.945901 0.347167 0.8693 0.203937 0.127215 0.312469 0.483881 0.467111 0.526665 0.490061 0.446912 0.232621 0.159839 0.271148 0.887149 0.165618 1.04296 0.575318 0.892914 0.851092 0.664681 0.469755 0.723635 0.468755 0.999761 0.777355 0.308805 0.448391 0.778876 0.640433 1.05748 0.285478 0.368029 1.054 0.506439 0.819193 0.337358 0.861966 0.262431 0.971795 0.639161 0.687516 0.325884 0.429023 0.203999 0.317018
0.802281 0.488407 0.609624 0.751493 0.251722 1.01003 0.460059 0.81274 1.09488 0.275613 0.0912914 0.986497 1.0024 0.879916 0.488775 0.952028 0.258126 0.405836 0.522633 1.10186 0.834451 0.46965 1.11179 0.866975 0.670038 1.25282 0.302781 0.814428 0.431395 0.985341 0.312858 0.98885 0.234104 0.263837 0.294031 0.551045 0.495368 0.409157 0.489472 0.371644 0.262468 0.20893 0.348911 0.775549 0.259601 0.928477 0.753394 0.708008 0.724443 0.787204 0.58194 0.591643 0.520953 1.1748 0.567573 0.232825 0.638802 0.670079 0.733118 0.974543 0.345879 0.203209 1.22173 0.635558 0.721699 0.245289 0.940433 0.482639 0.713756 0.729691 0.872221 0.243896 0.605258 0.0868187 0.286072
0.907516 0.238349 0.515147 0.973073 0.282783 1.23391 0.576103 1.043 1.03591 0.260924 0.196539 1.04096 1.13203 1.07774 0.403423 0.8862 0.0987932 0.624762 0.616373 1.08315 0.563059 0.497013 0.877062 0.918387 0.813558 1.18136 0.475362 0.728386 0.591891 0.900836 0.217488 1.08255 0.178185 0.262667 0.305733 0.7202 0.47933 0.587588 0.58136 0.491522 0.178581 0.00797144 0.455699 0.892248 0.196785 0.846048 0.529691 0.875689 0.650357 0.834223 0.319322 0.642155 0.488023 0.935876 0.599796 0.279047 0.565508 0.710769 0.583787 0.943997 0.237188 0.206883 1.1024 0.770609 0.748972 0.37225 0.990803 0.433107 0.771605 0.620684 0.809935 0.321556 0.595758 0.251098 0.228653
0.989565 0.362249 0.662135 0.893901 0.223689 1.21244 0.595131 0.817377 1.02547 0.506857 0.105682 1.19433 0.968965 1.08131 0.518691 0.903514 0.202201 0.578625 0.544875 0.835594 0.597796 0.417346 0.986261 0.955847 0.689984 1.24046 0.391185 0.850053 0.414784 0.846216 0.171671 1.032 0.291366 0.215295 0.42963 0.466765 0.347632 0.56079 0.494361 0.316357 0.330137 0.252575 0.296958 0.920763 0.291728 0.894396 0.641703 0.641994 0.786419 0.696445 0.319033 0.697535 0.605074 1.06599 0.749862 0.138592 0.524429 0.797525 0.793806 1.1207 0.148911 0.307816 1.10728 0.612626 0.714947 0.35359 0.912923 0.420793 0.966717 0.550079 0.837905 0.311077 0.604399 0.196943 0.140565
0.769161 0.321463 0.582182 0.881447 0.344702 1.0584 0.519239 0.916445 1.1605 0.510344 0.249072 1.05624 0.94004 0.911068 0.530616 0.824915 0.180238 0.670589 0.658108 1.00242 0.816738 0.360409 0.920208 0.976446 0.715002 1.07981 0.527475 0.857153 0.377871 0.924973 0.292251 0.942351 0.33168 0.362087 0.461926 0.598735 0.363467 0.596593 0.615469 0.429331 0.0823576 0.107693 0.50707 0.895368 0.0336388 0.865839 0.709894 0.665294 0.696746 0.835134 0.356819 0.777076 0.681762 1.09274 0.767537 0.192164 0.415998 0.636507 0.593435 1.12193 0.148953 0.452773 1.06841 0.521141 0.717894 0.316591 0.888367 0.297353 0.725535 0.655913 0.663789 0.23472 0.650119 0.352991 0.165848
0.907896 0.296921 0.70821 0.759481 0.309057 0.967074 0.586592 1.00949 1.20248 0.45805 0.160187 1.05553 0.969911 0.802955 0.448321 0.909062 0.183386 0.525023 0.390479 0.999127 0.585444 0.291052 1.0632 1.13284 0.748055 1.00262 0.361026 0.778861 0.476768 0.7598 0.0706693 0.870879 0.241854 0.26826 0.423818 0.441725 0.420766 0.620023 0.760114 0.49874 0.165795 0.190034 0.401382 0.903567 0.297177 0.984445 0.580874 0.804489 0.696696 0.726489 0.472752 0.586955 0.653064 0.953861 0.755612 0.249555 0.69292 0.855002 0.636808 1.07727 0.218612 0.353181 0.965218 0.72392 0.909192 0.191609 0.864338 0.491975 0.891758 0.654679 0.751657 0.224147 0.503251 0.0880474 0.407115
0.959358 0.463555 0.510798 0.918895 0.398029 0.978494 0.447174 0.813794 1.26785 0.347301 0.219567 1.14773 1.218 1.03123 0.525547 0.703093 0.160839 0.517917 0.453252 0.841759 0.661858 0.511161 0.999482 0.901189 0.826377 1.17997 0.382235 0.995163 0.624916 0.757495 0.226306 1.16411 0.197475 0.205054 0.342041 0.599274 0.494651 0.671673 0.708555 0.557757 0.121124 0.220501 0.48753 1.03633 0.320302 1.0034 0.598753 0.68011 0.629067 0.842422 0.407985 0.535297 0.468783 0.974121 0.692161 0.338977 0.509059 0.709669 0.779223 0.966683 0.429425 0.419105 0.974312 0.672841 0.965258 0.40671 0.845642 0.385374 0.836965 0.756729 0.656719 0.231129 0.544446 0.153835 0.404324
0.730702 0.536858 0.606436 0.869017 0.405699 1.21678 0.516758 0.95145 1.29146 0.531643 0.173633 0.955099 1.08161 1.02875 0.49285 0.737351 0.355062 0.597507 0.596193 1.00067 0.702174 0.470952 0.914604 0.913107 0.604377 1.2679 0.532354 0.91819 0.653243 0.958048 0.337734 0.897921 0.328586 0.36307 0.415966 0.564336 0.556104 0.505898 0.593791 0.56224 0.179841 0.123371 0.38066 1.04097 0.100833 0.965364 0.523404 0.660964 0.643328 0.652608 0.389735 0.561325 0.504655 0.959599 0.655689 0.111002 0.532117 0.788324 0.755882 1.06384 0.218198 0.236559 1.096 0.481478 0.700906 0.261252 0.903252 0.488633 0.805035 0.698282 0.759097 0.208541 0.58305 0.221384 0.417136
0.902149 0.254507 0.580183 0.945562 0.302833 0.988932 0.554658 1.03974 1.12763 0.417752 0.147995 1.01793 1.13382 0.890407 0.57298 0.759063 0.30847 0.586354 0.646441 1.0549 0.62732 0.427835 0.940156 1.07058 0.637842 1.28018 0.494263 0.807007 0.661839 0.864511 0.160042 0.915333 0.182977 0.264674 0.387213 0.527905 0.477078 0.466458 0.581285 0.581712 0.102836 0.100236 0.397762 0.77858 0.0996094 0.994845 0.598713 0.747989 0.915761 0.749875 0.524797 0.664948 0.55143 0.99391 0.533806 0.174164 0.501587 0.769757 0.652419 0.99579 0.283095 0.305672 0.948808 0.716033 0.982817 0.333248 0.841931 0.527636 0.717168 0.729514 0.647936 0.315146 0.611013 0.163693 0.239685
0.926404 0.508279 0.533474 0.87912 0.37391 1.00396 0.533497 0.870267 1.24099 0.354094 0.29713 1.13734 1.03206 0.997473 0.443748 0.829943 0.349134 0.551067 0.65544 0.848965 0.776763 0.360498 1.14052 0.883422 0.772346 0.999937 0.552904 0.769745 0.58526 0.893059 0.15228 1.03327 0.171687 0.287187 0.41685 0.659619 0.589794 0.513002 0.646612 0.337276 0.198997 0.148005 0.532468 0.824541 0.126506 0.90068 0.793372 0.644921 0.665877 0.802362 0.514499 0.522539 0.595118 1.11952 0.795166 0.232292 0.500759 0.851415 0.703753 0.915424 0.40611 0.390064 1.14611 0.665971 0.690694 0.199345 0.932636 0.307738 0.930176 0.726617 0.785734 0.449468 0.470789 0.204419 0.161529
0.800509 0.346108 0.560315 0.977129 0.429417 1.21054 0.541756 0.929936 1.19025 0.507081 0.104248 1.14286 1.20684 0.975142 0.627469 0.825819 0.325828 0.568342 0.520513 1.02535 0.639852 0.341724 0.987349 1.06878 0.778736 1.13122 0.408227 0.740344 0.51338 0.853818 0.131153 1.03216 0.187702 0.311244 0.433298 0.698119 0.425413 0.564361 0.528823 0.543607 0.35078 0.225528 0.445275 0.948013 0.0856193 0.875359 0.759968 0.663854 0.693571 0.820694 0.320094 0.545566 0.65652 1.109 0.528049 0.399143 0.672238 0.852773 0.523356 0.98234 0.292791 0.406814 0.968511 0.477623 0.809174 0.335216 0.779017 0.520323 0.816606 0.584669 0.732821 0.243294 0.696237 0.216933 0.41897
0.862615 0.417783 0.710414 0.957357 0.344353 1.20501 0.461581 0.80699 1.07806 0.378612 0.308053 0.965397 0.989217 0.890046 0.665799 0.927833 0.286238 0.641725 0.641836 0.878045 0.753631 0.458499 1.04947 1.03712 0.685064 1.2303 0.562864 0.955152 0.644918 0.872608 0.263333 0.90639 0.239338 0.249928 0.367496 0.65956 0.3823 0.635433 0.540398 0.343454 0.295607 0.140177 0.504037 0.957871 0.286051 0.885362 0.587029 0.650615 0.697896 0.843317 0.53445 0.553778 0.608989 1.0677 0.575594 0.292556 0.457655 0.879432 0.527885 0.915713 0.357059 0.465442 1.24206 0.759066 0.983032 0.423294 0.866765 0.362351 0.954622 0.749367 0.781398 0.375149 0.478281 0.0699739 0.246379
0.88572 0.287215 0.655112 0.899225 0.378308 1.13312 0.53807 0.916507 0.999625 0.375168 0.318267 1.18585 1.01606 0.823703 0.53322 0.841976 0.12588 0.482494 0.590374 0.832685 0.557582 0.344423 1.14606 1.04757 0.753178 1.21574 0.407098 0.893442 0.472262 0.856926 0.21673 0.917794 0.0932517 0.396009 0.409505 0.598386 0.456158 0.462649 0.722342 0.541884 0.0882722 0.00550484 0.286104 0.987752 0.219901 0.946045 0.682794 0.747643 0.859078 0.844109 0.36577 0.673066 0.698304 1.19585 0.635379 0.198417 0.693625 0.894009 0.66556 1.09435 0.304214 0.326576 0.97502 0.65607 0.702476 0.450465 0.874558 0.257931 0.800301 0.658912 0.719764 0.3447 0.565988 0.263214 0.23733
0.976202 0.535404 0.556593 0.938428 0.289013 1.15814 0.496629 0.801745 1.08661 0.266789 0.253838 1.08453 1.08037 0.996807 0.633819 0.793115 0.169999 0.405066 0.492082 0.957875 0.736388 0.523299 0.890919 0.847819 0.681535 1.01689 0.500966 0.813824 0.611022 0.900461 0.0806213 1.07628 0.178003 0.199026 0.487278 0.528944 0.337076 0.593502 0.756073 0.353216 0.116499 0.212358 0.36065 0.855853 0.20011 1.05626 0.70909 0.825637 0.871029 0.631676 0.457225 0.608103 0.560918 1.18557 0.583882 0.170397 0.539148 0.822665 0.731735 1.05942 0.186851 0.378657 1.07785 0.493371 0.915396 0.396844 0.984459 0.475407 0.899333 0.761111 0.863088 0.325846 0.527007 0.224988 0.143817
0.950406 0.394947 0.491255 0.809892 0.24531 1.04067 0.509166 0.828127 1.09596 0.422399 0.127542 1.01425 0.939536 0.98437 0.606042 0.908316 0.303411 0.680298 0.674644 1.01883 0.737745 0.545054 1.0176 0.94303 0.803553 1.2594 0.415473 0.748326 0.629835 0.929166 0.322102 0.901638 0.085707 0.303528 0.53037 0.543414 0.344804 0.611713 0.496638 0.508107 0.291743 0.0628939 0.457139 0.812774 0.170449 0.892129 0.682017 0.896856 0.75992 0.832719 0.431985 0.529123 0.579888 1.17099 0.763519 0.161237 0.527148 0.820059 0.751107 1.12591 0.253445 0.221039 0.964409 0.500001 0.945257 0.381701 0.754147 0.338853 0.716496 0.615431 0.821383 0.456719 0.523265 0.224823 0.13887
1.00683 0.442662 0.474954 0.727064 0.356682 1.14677 0.591637 1.03536 1.02744 0.473597 0.259349 1.22399 1.02321 1.04503 0.475204 0.900227 0.28399 0.490804 0.430519 1.04048 0.822006 0.323351 1.1479 0.949315 0.809549 1.21235 0.529859 0.994872 0.526658 0.919605 0.333302 0.89862 0.229619 0.270542 0.298416 0.589337 0.572038 0.471702 0.586949 0.380199 0.314888 0.0596428 0.4622 1.04246 0.312613 0.908398 0.757021 0.830463 0.915058 0.620027 0.440822 0.520854 0.482324 0.978791 0.679804 0.34213 0.691846 0.868017 0.710902 1.12833 0.384318 0.420558 0.960045 0.605477 0.955841 0.216671 0.878952 0.378226 0.925077 0.682122 0.745022 0.294313 0.524967 0.133947 0.374457
