25 75
0.534189 1.21796 0.998533 0.267766 0.471186 0.303797 1.17551 1.07677 0.63302 0.101584 0.472062 0.792621 0.291035 0.29714 0.538052 1.09192 0.260648 0.895449 0.326374 0.236768 0.877949 0.907855 0.553919 0.640302 0.642397 0.386412 0.503586 0.201316 0.456958 0.456391 0.435494 0.894482 1.00667 0.656942 0.503557 0.794305 0.994413 0.0843485 0.928748 0.591797 0.852546 0.345709 0.996532 0.987837 1.00272 0.657701 0.457112 0.21541 0.803226 0.147232 0.181474 0.572094 0.35339 0.676577 0.882069 0.745084 0.869592 0.89799 0.894339 0.629215 1.04632 1.04102 0.710665 0.10486 1.0773 0.631413 0.654602 0.996331 1.18982 1.11591 0.518834 1.05849 1.12329 1.23645 0.982015
0.431277 1.21043 1.16597 0.436562 0.418367 0.294843 1.00444 0.993355 0.389237 0.244005 0.572857 0.782927 0.240156 0.327981 0.418651 0.98767 0.263947 0.676625 0.426544 0.336567 0.935869 0.940415 0.669212 0.542673 0.568717 0.376196 0.648786 0.262583 0.456599 0.424173 0.307001 0.74651 0.964825 0.752114 0.336837 0.901779 1.15252 0.19972 0.99816 0.636347 0.652071 0.33218 1.05936 0.847449 1.07783 0.44334 0.648611 0.339354 0.648988 0.321673 0.269942 0.689703 0.342721 0.414805 0.905105 0.538444 0.869771 0.932001 1.0526 0.538239 1.19694 0.980257 0.610122 0.217623 1.01582 0.520503 0.436961 0.78066 1.25328 1.10051 0.71693 1.14088 1.00896 1.14788 0.994933
0.567945 1.11571 1.16561 0.358902 0.421858 0.299284 0.973712 1.2436 0.463649 0.328125 0.389839 0.759724 0.299894 0.307391 0.523468 1.16008 0.309802 0.896205 0.276862 0.394402 1.05192 0.880871 0.679502 0.620107 0.499245 0.293223 0.683677 0.336461 0.282658 0.419204 0.423048 0.702945 0.915231 0.614623 0.425015 0.99687 1.0372 0.175735 1.06739 0.615141 0.799649 0.357764 0.968124 0.87372 1.20922 0.495397 0.658338 0.189496 0.596911 0.265914 0.211705 0.773013 0.308277 0.673955 0.796641 0.570038 1.00314 0.776501 1.03723 0.52072 1.26002 1.0076 0.552563 0.124417 1.18294 0.804706 0.477018 0.98848 1.04262 1.04624 0.421505 1.07655 1.01473 1.06267 0.801312
0.313987 1.18903 1.12447 0.329879 0.642082 0.0305267 1.14533 1.28723 0.417472 0.104716 0.376002 0.644225 0.117395 0.443887 0.481368 1.1767 0.146301 0.884643 0.416251 0.333791 0.894174 0.987846 0.655207 0.403992 0.621114 0.204556 0.733073 0.0884602 0.505468 0.229473 0.362318 0.883522 0.928306 0.560984 0.534868 0.802466 1.29166 0.0796794 0.885481 0.38185 0.830028 0.154111 0.907683 1.00371 1.12487 0.55771 0.655554 0.190075 0.607966 0.250874 0.364903 0.715777 0.244517 0.439384 0.935583 0.617098 0.877127 0.945039 1.10253 0.502091 0.992843 1.1086 0.739822 0.305863 1.08723 0.781985 0.422126 0.968583 1.00455 1.05142 0.467082 0.941413 1.03081 1.09757 0.868446
0.399298 1.0421 1.05333 0.216625 0.524302 0.165715 1.0465 1.14207 0.362007 0.324981 0.498267 0.770769 0.0532614 0.195504 0.340905 0.900148 0.265098 0.89292 0.373807 0.350645 1.04076 0.894519 0.563832 0.410498 0.582038 0.386714 0.59358 0.283124 0.547075 0.381613 0.340276 0.893831 1.01269 0.547068 0.493689 0.906263 1.08857 0.171226 1.03321 0.381801 0.674287 0.0771041 0.935477 0.810437 1.05365 0.418369 0.50849 0.310241 0.792571 0.287971 0.258409 0.593472 0.296876 0.546717 0.855225 0.744351 1.01455 0.99151 1.04173 0.405069 1.0531 0.872402 0.574644 0.278343 1.06259 0.752418 0.444217 0.8495 1.01433 0.880858 0.427052 1.11612 1.11395 1.0866 0.978971
0.442404 1.15098 1.22039 0.353368 0.424839 0.0512203 1.12305 1.137 0.648015 0.156667 0.451673 0.671853 0.114663 0.430162 0.586342 1.16181 0.36993 0.713154 0.295781 0.235703 0.876124 0.846692 0.497469 0.385644 0.653554 0.406573 0.559883 0.218055 0.511786 0.452179 0.416921 0.870789 0.922856 0.789142 0.358407 1.08171 1.27991 0.167822 0.818458 0.458294 0.647786 0.303672 0.893226 0.858989 1.02977 0.526929 0.524949 0.180853 0.797346 0.25018 0.437662 0.643713 0.27628 0.435369 1.05458 0.528855 0.86836 0.80335 1.07389 0.673543 1.25717 1.02763 0.581533 0.319295 1.01929 0.806583 0.527745 0.891447 1.28202 0.905943 0.453876 1.06133 1.16464 1.14826 0.928089
0.279275 1.2331 0.989644 0.40619 0.506299 0.279102 0.999241 0.998255 0.420805 0.120014 0.469494 0.754816 0.218647 0.328867 0.477511 1.07086 0.23085 0.909783 0.441149 0.429655 1.11595 0.969585 0.696382 0.598487 0.636882 0.341024 0.682197 0.122128 0.558668 0.352479 0.34627 0.833295 0.95306 0.775348 0.450033 0.860448 1.07103 0.305975 1.04963 0.411012 0.585103 0.288889 0.945949 0.800123 1.0188 0.417068 0.530163 0.14097 0.638588 0.250378 0.267322 0.662751 0.20138 0.607567 0.914667 0.713165 1.02147 0.995345 1.03701 0.535101 1.12508 1.03138 0.672356 0.134827 1.12506 0.734165 0.587234 0.8757 1.04764 1.09452 0.442074 1.06785 1.22851 1.00808 0.923815
0.33464 1.24722 1.05997 0.413227 0.65049 0.189292 1.13604 1.26509 0.578865 0.277034 0.577496 0.677789 0.278435 0.336217 0.576417 1.11513 0.249658 0.753062 0.379639 0.350396 0.999813 0.844847 0.461643 0.536974 0.494999 0.196379 0.492752 0.270941 0.362385 0.277229 0.564035 0.699912 0.822634 0.784638 0.375357 0.974996 1.23097 0.0999272 0.998487 0.587042 0.589975 0.094454 0.799918 0.975497 1.08981 0.495529 0.50772 0.405525 0.561098 0.227584 0.384782 0.645592 0.386681 0.406221 1.02631 0.756205 0.89323 0.775607 1.00246 0.440092 1.05578 1.0465 0.710455 0.209527 1.17056 0.541421 0.627668 0.758809 1.00044 1.049 0.608102 1.066 1.03663 1.16714 0.852548
0.339608 1.05254 1.09898 0.330006 0.654754 0.133517 1.06119 1.22488 0.655837 0.191733 0.534498 0.599952 0.150488 0.196079 0.470396 0.973264 0.169779 0.900841 0.366708 0.445603 0.95758 1.07032 0.52531 0.418016 0.615989 0.339333 0.671471 0.139471 0.470571 0.461541 0.486373 0.822648 1.00684 0.589739 0.316642 0.975256 1.14299 0.0785092 0.900233 0.533549 0.677446 0.281579 0.786851 0.862831 1.23085 0.656519 0.422478 0.316864 0.792083 0.358015 0.348875 0.537071 0.201806 0.695159 1.04508 0.482992 0.950906 0.914069 1.13713 0.548471 1.1852 1.06348 0.628084 0.146839 1.02038 0.590406 0.418062 0.717789 1.27493 0.936152 0.435093 1.20105 1.11183 1.18457 0.85157
0.476793 1.20076 1.10097 0.14494 0.386839 0.281944 1.15941 1.24531 0.642132 0.182935 0.597048 0.7292 0.164968 0.200518 0.391504 0.917481 0.20207 0.740182 0.329048 0.285043 1.02801 1.10626 0.585881 0.491201 0.551666 0.360602 0.75863 0.295339 0.447715 0.253335 0.320811 0.7357 0.867569 0.75373 0.384199 0.895586 1.07898 0.120592 0.843194 0.49791 0.755375 0.145877 0.857723 0.87065 1.03275 0.491795 0.383314 0.123541 0.550866 0.24041 0.30511 0.63205 0.367281 0.403404 0.784723 0.509433 1.03255 1.00247 1.06608 0.43227 1.21069 1.09316 0.536059 0.357875 1.04432 0.617886 0.523667 0.759016 1.14988 1.08221 0.664311 1.18158 1.10916 1.0787 0.758382
0.358257 1.2315 1.26647 0.420113 0.450895 0.323125 1.04531 1.0472 0.383288 0.0878911 0.647062 0.721244 0.296152 0.441471 0.606342 0.901175 0.132013 0.787568 0.48916 0.247958 1.05375 0.892957 0.583878 0.425144 0.630147 0.318891 0.646952 0.0726004 0.481142 0.417307 0.575881 0.679559 0.963178 0.676762 0.547921 0.852316 1.17997 0.2476 0.796109 0.660043 0.781208 0.157819 0.966054 0.969662 1.11224 0.4361 0.452746 0.116927 0.632695 0.126496 0.254147 0.681545 0.405048 0.496811 0.996622 0.756971 1.08345 0.855967 1.12251 0.679514 1.16777 0.903532 0.573505 0.152162 1.18432 0.613464 0.432457 0.821872 1.20905 1.03516 0.531884 0.954301 1.19816 1.12978 0.845003
0.432262 1.19264 1.16572 0.174908 0.417966 0.272575 1.1101 1.05989 0.632045 0.211814 0.558851 0.883746 0.239369 0.328757 0.501492 1.01969 0.306825 0.933771 0.349458 0.300957 1.12113 0.870948 0.679719 0.65004 0.563125 0.312797 0.716768 0.15338 0.362117 0.294869 0.507081 0.900912 1.08072 0.592184 0.355568 0.849056 1.07011 0.203873 1.04403 0.425156 0.749741 0.13818 0.783485 0.807265 1.12584 0.411759 0.596564 0.346637 0.831978 0.0707902 0.377598 0.669192 0.464236 0.486241 1.0158 0.749044 0.999644 0.810594 1.01232 0.628452 1.07175 0.992455 0.697633 0.20411 1.22548 0.541882 0.557616 0.898031 1.19132 1.00113 0.564773 1.03168 1.03984 1.24883 0.988188
0.506099 1.06203 1.08387 0.18616 0.654492 0.271229 1.11993 1.01296 0.408407 0.202319 0.421941 0.720931 0.232829 0.20215 0.607277 0.954988 0.225157 0.757717 0.276304 0.48261 0.966271 1.00014 0.532713 0.490923 0.43384 0.339693 0.545568 0.0963547 0.517756 0.184962 0.546453 0.755071 0.85087 0.686823 0.314252 0.995204 1.1901 0.0642344 0.985756 0.377276 0.647707 0.249184 1.05825 0.961239 1.05677 0.679493 0.585851 0.222087 0.819363 0.111342 0.364283 0.75701 0.421118 0.436587 0.861013 0.642834 0.899684 0.900009 1.11937 0.567886 1.18798 0.996583 0.615177 0.101176 1.1677 0.735871 0.553442 0.73941 1.08215 0.917309 0.458615 1.13308 1.23447 1.02164 0.864661
0.465077 1.11634 1.2218 0.262097 0.641032 0.222612 1.19502 1.14784 0.533293 0.0918134 0.615143 0.879856 0.0440893 0.41157 0.401744 0.934309 0.384479 0.896389 0.396276 0.208293 0.946418 1.01022 0.483195 0.448523 0.472666 0.395422 0.524075 0.214678 0.461362 0.350542 0.537666 0.854207 0.862226 0.558278 0.313904 1.01844 1.03469 0.212263 0.984186 0.416285 0.60526 0.214058 0.842676 0.91789 1.08821 0.468072 0.589583 0.228709 0.80063 0.275171 0.411371 0.548485 0.302507 0.516721 0.904736 0.514859 0.827213 0.947062 1.08622 0.584556 1.1436 0.830983 0.653388 0.286228 1.21508 0.790805 0.488472 0.722681 0.989099 1.10771 0.586984 1.07552 0.962464 1.19613 0.94714
0.356768 1.29362 1.27443 0.415302 0.498225 0.0885656 1.11741 1.28604 0.552415 0.153522 0.540355 0.827259 0.254367 0.295752 0.388876 0.903739 0.206214 0.711254 0.384208 0.457557 1.02339 0.870765 0.660903 0.401459 0.496297 0.410085 0.676414 0.0620747 0.298239 0.43193 0.420817 0.95323 0.820069 0.674674 0.538022 1.07858 1.00554 0.208872 1.06905 0.480951 0.858127 0.298937 1.01999 0.911369 1.14608 0.487187 0.442611 0.12839 0.800712 0.231345 0.168588 0.716118 0.30497 0.641925 1.05903 0.504715 1.00552 0.776798 1.01056 0.587064 1.14189 0.845291 0.748937 0.239049 1.07991 0.792324 0.590431 0.852065 1.07029 0.956173 0.662974 1.20293 1.23191 1.06685 0.730699
0.513652 1.28651 1.11084 0.176338 0.453023 0.156547 1.02939 1.05628 0.627228 0.102998 0.661547 0.688542 0.288879 0.284169 0.402671 1.14157 0.207624 0.917972 0.487697 0.396854 1.09154 0.904847 0.718343 0.608219 0.655215 0.45452 0.553843 0.322828 0.34185 0.326198 0.432548 0.692681 0.905092 0.735463 0.480381 1.00556 1.13866 0.0261609 0.854018 0.441697 0.657351 0.352627 0.957297 0.899188 1.186 0.559446 0.550427 0.381949 0.556729 0.272437 0.282446 0.696318 0.348981 0.491696 0.913701 0.702323 1.04587 0.853095 1.15512 0.64336 1.17214 1.08516 0.611933 0.226347 1.09954 0.782097 0.580072 0.984164 0.984712 0.953211 0.555303 0.97273 0.991968 1.04118 0.957595
0.334843 1.23184 1.18889 0.311237 0.371579 0.204901 1.18196 1.12073 0.460589 0.32344 0.616486 0.695325 0.18569 0.267971 0.564782 1.1088 0.390179 0.842316 0.407679 0.412738 1.17033 1.04425 0.639261 0.65381 0.515401 0.274004 0.626779 0.123955 0.365169 0.201038 0.384692 0.789157 1.08855 0.61759 0.553111 1.05796 1.05019 0.252262 0.811296 0.662174 0.610268 0.348871 0.854932 0.803856 1.06188 0.401172 0.56938 0.127562 0.727165 0.328396 0.143971 0.725151 0.397585 0.526356 0.77909 0.68119 0.980809 0.954775 1.02396 0.678792 1.23821 0.946605 0.639734 0.0869414 1.04259 0.681099 0.70101 0.818089 1.20212 1.05176 0.651399 0.939837 1.03834 1.21849 0.827122
0.498452 1.13443 1.04354 0.275058 0.4662 0.194768 1.08389 1.18674 0.367043 0.05511 0.632631 0.713869 0.157211 0.370103 0.574461 1.03053 0.1758 0.878217 0.380759 0.201814 1.06433 0.836528 0.689411 0.498611 0.453142 0.303766 0.714515 0.0906955 0.38595 0.174595 0.309608 0.831236 0.93913 0.615206 0.554459 1.03301 0.996415 0.109989 0.868697 0.421957 0.772549 0.165976 0.934202 0.871572 1.21289 0.631991 0.381726 0.249745 0.62136 0.127875 0.379622 0.623326 0.244667 0.416125 1.06138 0.671948 1.07979 1.02458 0.958047 0.636533 1.14755 0.968111 0.520176 0.206103 1.09699 0.649723 0.689754 0.982578 1.22511 1.13228 0.451869 1.09416 1.15838 0.979391 0.800111
0.328232 1.04249 1.22771 0.247468 0.603976 0.0932043 1.19092 1.14235 0.370383 0.146056 0.628373 0.867628 0.136012 0.241468 0.495694 1.05245 0.339731 0.764934 0.221074 0.313558 1.10733 1.08889 0.442606 0.583489 0.645117 0.303819 0.493702 0.183062 0.326918 0.212315 0.531944 0.941492 1.0427 0.756915 0.389473 0.806391 1.06338 0.257084 0.994888 0.532831 0.68932 0.328232 0.79749 0.884695 0.953834 0.544822 0.462048 0.25673 0.635622 0.319005 0.309877 0.535543 0.380788 0.478257 0.915478 0.579107 0.850767 0.845023 1.1255 0.512149 1.19994 1.03294 0.649488 0.214839 1.27746 0.789445 0.635771 0.959847 0.986677 0.856559 0.592937 1.09626 1.02199 1.23737 0.773572
0.527261 1.16983 1.2016 0.240874 0.494058 0.2211 1.20167 1.05852 0.379654 0.214851 0.38146 0.713014 0.241301 0.352485 0.39129 1.17406 0.31557 0.742362 0.414718 0.473622 0.910157 0.850707 0.504708 0.523395 0.582848 0.346165 0.548232 0.289742 0.39388 0.397075 0.435781 0.838471 0.898576 0.61093 0.541151 1.07907 1.09156 0.0534818 0.863051 0.671605 0.769523 0.197482 1.00792 0.900795 1.04665 0.635485 0.636201 0.326644 0.799044 0.218307 0.403062 0.568573 0.45359 0.687023 0.931392 0.504104 0.819993 1.02193 1.17394 0.609315 0.978596 1.12195 0.758515 0.162634 1.13208 0.713943 0.551687 0.971406 1.08465 1.11127 0.624881 1.05296 1.18963 1.09029 0.835262
0.486265 1.1024 1.09658 0.399125 0.602026 0.171127 1.15576 1.1832 0.564915 0.18987 0.653587 0.803678 0.138215 0.402879 0.501832 1.05722 0.315505 0.964749 0.27939 0.412071 1.14594 0.905877 0.490882 0.483842 0.384134 0.364939 0.529213 0.282768 0.513545 0.29433 0.539204 0.849689 0.822326 0.615087 0.381086 1.06245 1.05756 0.0378887 1.0005 0.497469 0.74433 0.202102 0.977539 0.829235 1.16109 0.603202 0.630215 0.356321 0.702332 0.16221 0.389083 0.80822 0.269295 0.618799 0.891375 0.512392 0.841837 1.04148 1.18695 0.413328 0.965751 1.02056 0.697669 0.237504 1.23974 0.645288 0.597967 0.871272 1.07762 0.935269 0.624552 1.0624 1.14113 1.06049 0.960199
0.333001 1.12347 1.03992 0.158794 0.447924 0.183429 1.16605 1.282 0.652552 0.0617901 0.460128 0.634237 0.179145 0.342519 0.585059 1.05096 0.378799 0.6758 0.50312 0.399234 0.946963 0.912383 0.551388 0.423005 0.56747 0.223218 0.664635 0.303367 0.398785 0.330929 0.537483 0.917594 0.868957 0.566701 0.598324 0.941338 1.25862 0.0598069 0.824165 0.387441 0.642234 0.258108 0.841472 0.763086 1.0841 0.419929 0.473237 0.394934 0.644144 0.127788 0.189797 0.537181 0.28744 0.675585 1.03094 0.726269 0.938705 0.788498 1.04979 0.640113 1.14673 1.10986 0.619022 0.27605 1.08881 0.629222 0.42374 0.847352 1.0136 0.988379 0.603255 1.08823 1.10285 1.15155 0.969581
0.495457 1.28251 1.21446 0.278639 0.388297 0.0845237 1.03946 1.18635 0.458159 0.122783 0.568385 0.665576 0.21788 0.448179 0.399717 1.1537 0.289635 0.966692 0.314687 0.275731 0.957507 0.94208 0.616379 0.537699 0.394514 0.455509 0.737428 0.123897 0.509969 0.190356 0.363511 0.740792 1.06012 0.58739 0.351838 0.892334 1.29243 0.184965 0.980283 0.657921 0.60268 0.103375 0.888759 0.938708 1.10003 0.433597 0.584863 0.339308 0.574601 0.121259 0.281782 0.760121 0.457018 0.691186 0.859948 0.534028 0.89987 0.767736 1.12397 0.400789 1.18487 1.11912 0.744786 0.12989 1.07708 0.571499 0.592777 0.866016 1.10118 1.01984 0.427353 1.0119 1.0094 1.09502 0.960774
0.408621 1.12384 1.00784 0.198395 0.43687 0.269608 1.21304 1.06848 0.568287 0.0719532 0.452013 0.806399 0.0706359 0.478803 0.397448 1.16825 0.323123 0.907729 0.335957 0.426528 1.05899 0.877369 0.681758 0.484337 0.503125 0.359289 0.65644 0.31815 0.341766 0.257792 0.310485 0.95971 0.912299 0.749013 0.495597 0.923911 1.08536 0.139432 0.813235 0.3948 0.630117 0.113498 0.764839 0.999013 1.00759 0.409342 0.516666 0.289391 0.812459 0.22542 0.164195 0.55671 0.398499 0.572083 0.969024 0.559703 0.840001 0.939641 0.924114 0.515081 1.04497 0.857864 0.51835 0.261622 1.01558 0.711785 0.505362 0.779247 1.26171 1.02523 0.449541 1.04092 1.0198 1.06831 0.981751
0.302973 1.1739 1.12876 0.218294 0.658464 0.144411 1.16306 1.21994 0.650544 0.205657 0.471289 0.618547 0.0180851 0.23702 0.601156 1.05069 0.280399 0.924052 0.403589 0.39389 1.15797 0.834865 0.525319 0.601951 0.465672 0.417616 0.549442 0.126657 0.51992 0.256575 0.532248 0.780059 0.983262 0.581966 0.489335 0.835366 1.05137 0.266355 0.80104 0.463587 0.77573 0.205468 0.90185 0.93765 1.02576 0.643046 0.489438 0.352894 0.717116 0.159742 0.320676 0.650174 0.397627 0.476618 0.765326 0.545644 0.952899 0.853486 0.964792 0.433636 1.01597 0.879814 0.71374 0.106578 1.2269 0.813979 0.547371 0.989473 1.19899 1.04179 0.623214 1.02535 1.01137 0.986936 0.789695
