25 75
1.0901 0.443271 0.586694 0.591649 1.05767 0.588832 0.414242 0.148904 0.416404 0.211068 0.371429 0.682659 0.509696 0.496173 0.826796 0.407475 0.513286 0.271394 0.966062 0.332609 0.992301 0.103428 1.01123 0.592315 0.463683 0.762869 0.383973 1.10669 1.11176 1.18741 0.764435 0.39835 0.316655 0.590576 0.318087 0.956362 0.110026 0.674071 0.223634 0.0681122 0.867083 1.06954 0.266464 0.963628 1.09626 0.899383 0.809349 0.634884 0.304814 0.499362 0.290498 0.494658 0.916273 0.960427 0.523144 0.640475 0.952283 0.521485 0.361291 1.10769 0.392578 0.280098 0.977955 0.501311 0.301413 0.297771 0.920449 0.574582 0.194917 0.758452 0.274027 0.935049 0.479725 0.978838 1.00468
1.07309 0.496627 0.645069 0.622751 1.16759 0.572646 0.457293 0.252514 0.243231 0.459023 0.181775 0.707468 0.483666 0.379177 0.925743 0.180329 0.45618 0.111162 0.88276 0.17508 1.16229 0.216447 0.826676 0.505233 0.457355 0.833245 0.397652 1.01538 1.05474 1.09751 0.885481 0.29902 0.16141 0.616286 0.2497 1.08525 0.276326 0.785907 0.261037 0.276392 1.07671 1.01026 0.464235 0.804814 1.01966 0.97489 0.949814 0.591863 0.146443 0.5165 0.254241 0.66616 0.734704 1.04002 0.396572 0.438641 0.960342 0.50439 0.413985 1.14599 0.503243 0.448289 0.986606 0.442607 0.175616 0.204293 1.06226 0.772434 0.197499 0.717038 0.111128 0.695224 0.499694 1.11682 1.00826
1.10817 0.670156 0.705248 0.663944 1.02938 0.616449 0.523589 0.0746321 0.361424 0.20277 0.291807 0.460387 0.606137 0.315275 0.958927 0.151686 0.543523 0.167208 1.05435 0.319196 1.15169 0.279556 0.956334 0.633255 0.373153 0.9721 0.278211 0.953044 0.943157 0.927021 0.938258 0.361052 0.257952 0.708715 0.457935 1.0202 0.0839011 0.883339 0.206775 0.221829 1.14264 1.16719 0.251922 0.814319 0.968483 0.856923 0.936653 0.567525 0.194714 0.662199 0.394494 0.483272 0.724833 0.79415 0.550751 0.542599 0.94713 0.450148 0.484888 1.00715 0.263778 0.324933 1.11453 0.427087 0.257668 0.428848 0.850245 0.628687 0.0505937 0.756314 0.252047 0.827985 0.538252 1.00658 1.07559
1.0583 0.521803 0.497041 0.863382 0.984895 0.480557 0.6612 0.129085 0.322275 0.278881 0.170034 0.558216 0.567359 0.357753 0.885627 0.31591 0.600201 0.128557 1.07643 0.245825 0.960191 0.166308 0.958991 0.576499 0.619702 0.945181 0.397966 1.15537 0.843639 1.06319 0.833662 0.165654 0.377823 0.708965 0.39013 1.07752 0.0963534 0.798523 0.183839 0.104299 1.08955 1.02722 0.294511 0.967806 1.06174 0.879406 0.84822 0.565175 0.263682 0.51113 0.400579 0.725374 0.658765 0.996733 0.609742 0.345368 0.816074 0.53571 0.334747 1.02197 0.216979 0.462616 1.19 0.352837 0.0622014 0.379047 0.966744 0.683875 0.126242 0.72621 0.106214 0.713728 0.287285 0.901906 1.01144
1.15726 0.698485 0.753155 0.786449 1.19842 0.409943 0.452693 0.25983 0.424762 0.28151 0.275821 0.530029 0.350586 0.248449 0.834967 0.217442 0.600032 0.223704 1.14285 0.212469 1.15611 0.357793 0.966901 0.66922 0.383841 0.842404 0.449352 1.08662 1.058 0.928573 0.86314 0.232756 0.374676 0.486638 0.348502 1.12818 0.207661 0.641867 0.145528 0.299257 0.891347 1.10286 0.336411 0.878938 1.14806 0.859757 0.811686 0.626757 0.220451 0.669009 0.477011 0.727621 0.892101 0.860096 0.417755 0.556033 0.978328 0.321586 0.456593 1.05582 0.347688 0.394759 0.962099 0.346326 0.113527 0.415903 0.801386 0.741448 0.157616 0.673141 0.289768 0.924307 0.400882 1.07751 1.00184
0.907525 0.547312 0.534482 0.606411 0.995394 0.391477 0.436057 0.0622158 0.392485 0.381605 0.229491 0.488205 0.333961 0.381115 0.920839 0.292025 0.389601 0.0198258 1.07588 0.123335 1.18661 0.0776121 1.04501 0.775112 0.381361 0.823812 0.273457 1.05768 1.09416 1.03859 0.923401 0.319525 0.396956 0.654402 0.343538 0.874325 0.237749 0.808737 0.245712 0.280388 0.881837 1.04574 0.260571 1.01543 1.17203 0.949496 0.821731 0.584989 0.107804 0.527087 0.355993 0.586768 0.866052 0.752708 0.554454 0.357081 1.01551 0.438794 0.454073 0.989789 0.226763 0.299879 1.19597 0.482856 0.0640307 0.370547 0.926706 0.687306 0.243721 0.734047 0.15055 0.936864 0.397804 0.965728 1.13698
0.868408 0.696988 0.701128 0.831492 0.944063 0.487433 0.478304 0.0453009 0.180229 0.365097 0.192915 0.546001 0.437698 0.47657 0.815913 0.121344 0.417968 0.182273 1.16286 0.185806 0.910811 0.275712 1.02052 0.625963 0.61048 0.810436 0.319485 1.12001 1.05926 1.19593 0.861801 0.203732 0.186359 0.56235 0.443791 1.0886 0.0535432 0.818712 0.203141 0.230409 1.03437 1.2856 0.429374 0.802822 1.21451 0.854859 0.719286 0.742566 0.285163 0.663167 0.452931 0.63555 0.669316 0.95752 0.430356 0.638431 1.08848 0.577972 0.517227 1.23293 0.422868 0.320408 1.00577 0.493742 0.0474625 0.36242 1.03562 0.526106 0.300236 0.88379 0.141184 0.663461 0.321073 1.19329 1.17625
1.12216 0.445778 0.753414 0.855726 1.22626 0.422348 0.537556 0.261037 0.364013 0.340004 0.383393 0.493253 0.601184 0.37381 0.695368 0.327688 0.558214 0.217129 0.870811 0.29788 1.18111 0.31431 1.12109 0.572923 0.549274 1.02242 0.229406 1.15523 0.87817 1.13608 0.942968 0.29359 0.16862 0.494317 0.458499 1.02394 0.0136626 0.757079 0.202513 0.250872 1.04555 1.1376 0.312887 0.842453 1.15043 0.832748 0.85279 0.844023 0.0947101 0.511013 0.349321 0.655871 0.70735 1.03369 0.477299 0.577538 0.811889 0.525244 0.6106 1.26465 0.222547 0.198908 1.06363 0.524996 0.039606 0.251297 0.984719 0.615639 0.177182 0.776405 0.320848 0.845502 0.28894 0.982594 0.97589
1.14546 0.703518 0.588771 0.812423 1.23273 0.640422 0.448659 0.199108 0.310287 0.311314 0.174557 0.689898 0.384467 0.286047 0.883899 0.397918 0.479042 0.306265 1.02787 0.312146 1.13479 0.196005 0.92696 0.52329 0.447695 0.904362 0.261744 1.06249 0.959089 1.20312 0.963434 0.420802 0.336687 0.431986 0.420547 0.913908 0.279099 0.804792 0.00972795 0.334295 0.924504 1.23302 0.251289 0.887835 1.08154 1.04298 0.802964 0.660896 0.104286 0.561136 0.383711 0.528264 0.761228 0.751701 0.443554 0.354405 0.840319 0.411412 0.522357 1.24169 0.216961 0.188422 0.947625 0.460812 0.064629 0.42674 0.789746 0.581651 0.144072 0.816791 0.212178 0.769775 0.361059 1.11187 0.974558
1.08805 0.490829 0.634168 0.647577 1.1384 0.586923 0.703817 0.270262 0.399624 0.367474 0.290695 0.57458 0.614122 0.426536 0.700839 0.343241 0.478201 0.165847 1.10815 0.255988 1.02524 0.356442 0.875389 0.50312 0.482947 0.910867 0.337792 1.20682 1.01589 1.08755 0.824397 0.222807 0.334631 0.543864 0.411522 1.06129 0.0595314 0.617888 0.168825 0.343108 0.985036 1.1313 0.396767 0.833027 1.21799 0.8465 0.824168 0.730578 0.382351 0.792699 0.463524 0.487026 0.826544 0.894956 0.363567 0.417534 0.815936 0.44532 0.620753 1.02352 0.499889 0.330182 1.17003 0.528177 0.106119 0.395857 0.967584 0.600688 0.0409465 0.597523 0.209689 0.679224 0.337266 1.0395 0.911123
0.978778 0.714099 0.76019 0.598553 1.15861 0.608848 0.697922 0.221708 0.229685 0.448018 0.172966 0.539165 0.351793 0.443333 0.682057 0.142257 0.496471 0.0278969 0.953223 0.266129 0.936092 0.273524 1.12001 0.646396 0.564986 0.782917 0.469725 1.11863 1.02577 0.946122 0.958287 0.416328 0.144394 0.678235 0.47328 0.913389 0.145603 0.839304 0.063963 0.293189 0.93137 1.24696 0.467599 0.871599 1.04473 1.01641 0.777818 0.562962 0.127699 0.656419 0.348766 0.554391 0.652183 0.954019 0.506682 0.626363 0.804093 0.383169 0.414975 0.991529 0.3222 0.441144 1.21047 0.544079 0.201696 0.363734 1.05717 0.758102 0.0188103 0.671089 0.0925142 0.699402 0.533174 1.04074 1.04699
1.08551 0.641138 0.754628 0.677274 1.15847 0.598748 0.547878 0.299256 0.445383 0.425233 0.387062 0.575447 0.570273 0.489722 0.676687 0.373172 0.491234 0.11825 0.987536 0.169325 1.01823 0.237604 1.08103 0.508875 0.524899 0.766934 0.281712 1.09851 0.953087 0.937281 0.967236 0.14005 0.302294 0.608385 0.422092 1.07254 0.092341 0.851243 0.237773 0.279717 0.940663 1.03661 0.227588 0.993202 1.09307 1.08266 0.721883 0.853715 0.360577 0.785592 0.443782 0.527483 0.761076 0.850076 0.413206 0.388417 0.992172 0.442701 0.562341 1.2111 0.465099 0.473467 1.20317 0.368294 0.067201 0.413803 1.05429 0.784796 0.218856 0.88161 0.329352 0.944744 0.501251 1.08562 1.0768
1.05167 0.627887 0.729606 0.82267 1.03629 0.608829 0.515168 0.183867 0.247674 0.387936 0.139695 0.471317 0.38785 0.395968 0.768976 0.335368 0.389552 0.298519 0.916661 0.369595 0.931486 0.0693324 0.84825 0.760344 0.51775 1.03059 0.438824 1.18255 0.883549 0.927065 0.847941 0.39407 0.388278 0.522723 0.294731 0.989855 0.222851 0.880596 0.235971 0.221615 1.1422 1.13191 0.449711 1.01825 1.16663 0.808391 0.765628 0.844027 0.142564 0.530786 0.341159 0.578642 0.90095 0.923065 0.456986 0.385243 0.870753 0.289186 0.478201 1.20117 0.399487 0.245024 1.12077 0.363504 0.180556 0.236551 0.835239 0.613362 0.237902 0.885566 0.166716 0.745625 0.434867 1.19225 1.13652
0.863187 0.548589 0.684075 0.663573 1.23557 0.450993 0.664438 0.0569398 0.206548 0.267512 0.16849 0.694438 0.548338 0.221839 0.733439 0.228113 0.568337 0.119128 0.883792 0.382534 1.12775 0.319742 1.10942 0.619991 0.515983 0.814456 0.424144 1.0981 0.958672 1.11593 0.78205 0.315758 0.36138 0.707814 0.244317 1.14689 0.0704945 0.733779 0.0452285 0.0802009 0.97591 1.10561 0.218945 0.832833 0.983257 0.926707 0.861506 0.789631 0.310808 0.689974 0.266979 0.719924 0.676239 0.958665 0.54759 0.498491 0.957368 0.560892 0.575628 1.15397 0.236179 0.274243 1.22945 0.469745 0.0997972 0.350438 0.857313 0.714912 0.118509 0.709124 0.114621 0.81658 0.485393 1.02505 0.994095
0.885877 0.477586 0.68449 0.677149 1.11085 0.643087 0.463485 0.233971 0.218862 0.364454 0.220751 0.727528 0.402756 0.40687 0.964603 0.264695 0.530341 0.0689637 1.09364 0.155323 0.978938 0.182243 1.05276 0.548706 0.384051 0.798025 0.295105 1.16585 0.921246 1.20993 0.822145 0.177804 0.149573 0.664196 0.476089 0.871521 0.255572 0.636917 0.133119 0.244544 0.974022 1.12241 0.254126 0.801911 1.06831 0.815726 0.817242 0.683216 0.112493 0.719653 0.229718 0.723449 0.75637 0.887407 0.615519 0.361882 1.03644 0.31602 0.571736 1.02468 0.341901 0.398203 1.09119 0.300567 0.0928353 0.441849 0.957849 0.669934 0.0977724 0.704092 0.0878004 0.780102 0.405487 1.00325 1.00465
0.926603 0.682318 0.725958 0.777448 1.19845 0.625597 0.482515 0.0744069 0.398865 0.455799 0.358202 0.556738 0.505416 0.265898 0.818122 0.239686 0.425978 0.281385 0.885024 0.269267 0.997327 0.186649 0.915444 0.740103 0.607073 0.904226 0.43208 1.19352 0.938489 1.12652 0.978514 0.359411 0.269177 0.696226 0.278481 0.885974 0.244291 0.607384 0.12489 0.352245 1.03069 1.00724 0.203223 1.00976 1.12829 0.914883 0.839455 0.828228 0.292812 0.536512 0.228166 0.514928 0.895578 0.966091 0.644627 0.450032 0.978438 0.509359 0.483441 1.09966 0.456003 0.288915 1.10755 0.488423 0.18824 0.215106 0.898684 0.575357 0.0299659 0.726507 0.294964 0.832373 0.551847 0.96949 1.15659
1.02281 0.55296 0.725944 0.802297 1.13661 0.613141 0.51908 0.162638 0.366168 0.313137 0.282266 0.59628 0.502318 0.303361 0.741405 0.340524 0.471362 0.283787 1.15281 0.121148 0.902411 0.300422 0.951323 0.658942 0.375896 0.827335 0.442046 1.20007 0.874211 1.12583 0.764378 0.396245 0.385 0.464233 0.235317 0.990152 0.13735 0.682762 0.181574 0.0856826 0.856959 1.10654 0.29196 0.946383 0.964915 1.05124 0.82301 0.684332 0.187426 0.682429 0.486459 0.555219 0.873629 0.759591 0.532486 0.518036 0.945228 0.317584 0.608363 1.09857 0.454499 0.356647 1.11706 0.573281 0.145929 0.176862 0.980726 0.632977 0.0179058 0.764203 0.177766 0.905156 0.357107 0.958057 0.954593
1.09349 0.668679 0.555481 0.638642 1.22514 0.386495 0.570452 0.142029 0.182617 0.427111 0.258283 0.556609 0.489701 0.4504 0.836249 0.272518 0.630565 0.290834 1.16205 0.132194 0.920323 0.121625 1.02636 0.656668 0.567987 0.774311 0.370637 1.18134 1.04385 0.987585 0.944847 0.412196 0.208432 0.69594 0.221195 1.14712 0.243917 0.630011 0.0110576 0.187999 1.05328 1.17069 0.209078 0.930597 1.05401 1.00173 0.730978 0.793248 0.230065 0.59394 0.470749 0.589111 0.682526 0.928124 0.377142 0.493439 0.803698 0.568185 0.49598 1.07315 0.334695 0.269932 1.09367 0.509208 0.19693 0.394631 1.0335 0.669949 0.143013 0.641937 0.112088 0.755835 0.55252 1.12548 1.17768
0.929743 0.469396 0.642835 0.655369 0.975283 0.507252 0.627553 0.30047 0.374688 0.465288 0.409707 0.54203 0.602372 0.29225 0.678357 0.394975 0.36759 0.0283812 0.931593 0.143901 1.03849 0.153304 0.872834 0.610733 0.398515 0.954225 0.297233 1.19794 0.9849 0.971243 0.895785 0.357161 0.353533 0.682945 0.309228 1.11112 0.216707 0.657439 0.301455 0.175333 1.10537 1.26118 0.19993 0.790865 1.22881 0.925843 0.758202 0.787424 0.20021 0.776321 0.339752 0.602702 0.851626 1.0401 0.437039 0.463914 0.859519 0.5821 0.414058 1.1542 0.255618 0.372075 1.1757 0.530695 0.0442017 0.268449 0.972447 0.675264 0.209417 0.684313 0.0393913 0.844646 0.383829 1.0212 1.14776
0.908004 0.69368 0.728028 0.79588 1.03433 0.447604 0.605014 0.281623 0.446453 0.206062 0.406281 0.689639 0.501792 0.250672 0.836407 0.369676 0.561125 0.0538526 1.16162 0.11637 1.15278 0.343694 1.00762 0.689739 0.540543 1.00217 0.41658 1.10968 1.11471 0.964289 0.916365 0.234742 0.151834 0.422499 0.234581 0.985309 0.22881 0.615962 0.131646 0.219111 0.922502 1.23131 0.40097 0.813196 1.23818 1.02035 0.941658 0.651309 0.169298 0.789763 0.376098 0.634967 0.678177 0.776566 0.599141 0.541813 0.85244 0.392049 0.367786 1.02836 0.424149 0.294337 1.07383 0.549794 0.183889 0.206463 1.04436 0.712802 0.162532 0.669308 0.232095 0.900951 0.351586 1.16834 0.989977
1.14602 0.660939 0.685973 0.760599 0.947457 0.577773 0.436479 0.121171 0.210309 0.374924 0.131332 0.554636 0.492266 0.274974 0.88064 0.13725 0.535929 0.265884 1.15402 0.347163 1.18439 0.267998 1.09999 0.763946 0.47062 0.984863 0.407266 1.16454 1.07947 1.18691 0.914915 0.148554 0.148095 0.672619 0.475126 1.10428 0.159538 0.611631 0.209549 0.329621 1.08742 1.2383 0.256865 0.860169 1.13904 1.0204 0.926289 0.653808 0.273526 0.562011 0.473041 0.525541 0.689498 0.98226 0.414562 0.486255 1.08409 0.446181 0.596745 1.14973 0.436556 0.298841 1.13266 0.551064 0.11421 0.419748 0.99214 0.709591 0.297815 0.698804 0.126186 0.947098 0.390916 0.970596 1.0996
0.922207 0.452754 0.496499 0.680222 1.0158 0.613382 0.702338 0.0189788 0.343895 0.436257 0.239468 0.590404 0.501835 0.24096 0.975317 0.327221 0.382742 0.0360485 1.02893 0.17505 0.995011 0.294386 1.06377 0.669677 0.521898 0.968173 0.253737 1.20494 0.96213 1.15069 0.70786 0.323525 0.254454 0.649735 0.262919 1.06205 0.151272 0.640955 0.191931 0.291554 0.967992 1.22953 0.321488 0.961244 1.05238 1.0659 0.843361 0.700034 0.259137 0.741063 0.368861 0.580636 0.634793 0.867561 0.571957 0.518072 0.974383 0.369339 0.560179 1.24297 0.235876 0.322368 1.17461 0.293317 0.252746 0.232246 0.920934 0.657252 0.241483 0.661371 0.0466001 0.782947 0.280709 0.945179 1.15404
0.878508 0.423693 0.770405 0.741002 1.17722 0.574867 0.498157 0.29376 0.420748 0.338438 0.210622 0.57338 0.491844 0.385278 0.727414 0.130488 0.447306 0.173752 0.902515 0.119012 1.01113 0.242814 1.08644 0.738668 0.469504 0.90599 0.450453 1.0143 0.821372 0.960527 0.863648 0.372272 0.306939 0.605857 0.351768 1.03095 0.0589087 0.830341 0.220613 0.193528 0.938744 1.26573 0.196686 0.731634 1.14997 0.894123 0.806658 0.742142 0.337316 0.78272 0.370511 0.497989 0.79727 0.781537 0.637941 0.397893 1.03175 0.314262 0.554518 1.03552 0.374777 0.390596 1.21477 0.455336 0.194044 0.29803 1.02309 0.692123 0.200042 0.811113 0.0910708 0.902081 0.514007 1.01433 1.1845
0.90442 0.678953 0.609306 0.71409 1.03655 0.551557 0.529093 0.184397 0.191841 0.438226 0.143062 0.653579 0.492227 0.27426 0.764388 0.281318 0.63864 0.123642 1.06799 0.226505 1.1771 0.117394 0.987731 0.685672 0.589842 0.943929 0.323425 1.14455 0.969385 0.934403 0.862195 0.134407 0.368542 0.698708 0.187121 1.05136 0.195871 0.867332 0.299927 0.254939 0.875207 1.11217 0.320601 0.861259 1.16346 0.825492 0.69611 0.695437 0.163799 0.764001 0.417556 0.56872 0.814471 1.0271 0.638582 0.377167 0.950447 0.539826 0.590734 1.04971 0.32462 0.286009 1.02295 0.395721 0.158639 0.290706 0.896117 0.539059 0.00887577 0.617222 0.275465 0.663169 0.486802 0.957872 0.943244
1.07531 0.568454 0.652723 0.745785 0.986003 0.631122 0.490142 0.1734 0.364759 0.410823 0.200866 0.549562 0.436919 0.374682 0.970509 0.328256 0.371145 0.150653 1.00833 0.227377 1.12258 0.25096 1.1225 0.522389 0.424131 1.00927 0.21885 0.919431 0.944451 1.10068 0.815098 0.387559 0.254809 0.644198 0.303051 1.08859 0.213694 0.667368 0.0896324 0.133967 0.893205 1.15224 0.316508 0.745444 1.23833 0.83931 0.919941 0.578626 0.155636 0.655678 0.496864 0.499356 0.792591 0.764753 0.47279 0.609871 0.918591 0.574149 0.422191 1.08134 0.498776 0.472642 1.21181 0.459771 0.275729 0.168007 0.846783 0.742369 0.173232 0.659427 0.113572 0.683211 0.528059 0.958613 0.970419
