25 75
0.372357 0.533656 1.20671 0.623531 1.23319 0.361324 0.089169 1.13845 0.189999 0.521833 0.485276 1.09723 0.697699 0.970636 0.766212 0.755719 0.251871 0.357938 1.14043 0.291084 0.612688 0.843997 0.82964 1.12334 0.240128 0.593575 0.923925 0.196607 0.54381 0.511367 0.379845 0.467823 0.305694 0.75222 0.180088 0.308975 0.302759 0.842926 0.863944 0.987117 0.66527 1.05102 0.686073 0.985249 0.211011 0.502409 0.711145 1.00444 0.660673 1.19066 0.564998 0.454466 0.291053 0.389901 0.808549 0.326069 0.909842 0.43742 0.775733 0.921352 0.730179 0.536273 0.567891 0.787586 0.822746 0.546186 0.334609 0.998578 0.78698 0.481298 0.215007 0.992241 0.654292 0.831338 0.849059
0.529807 0.321246 0.971379 0.442381 1.15568 0.298545 0.331658 0.95429 0.218119 0.311444 0.297706 0.868081 0.727697 1.18183 0.85695 0.764448 0.0398148 0.373812 1.08547 0.193772 0.751008 0.724199 0.655138 1.15826 0.250462 0.597167 1.17965 0.13869 0.34568 0.253891 0.474641 0.386013 0.3401 0.738276 0.28589 0.304225 0.382509 0.830056 0.962868 0.985353 0.563346 0.974731 0.544398 0.874362 0.212861 0.459707 0.63988 1.08561 0.50533 1.14639 0.802714 0.651673 0.348849 0.247226 0.899736 0.322481 0.906026 0.189363 0.660041 0.825692 0.788603 0.660822 0.511684 0.961484 0.705952 0.327896 0.202706 0.788297 1.04289 0.462365 0.369987 1.07079 0.480951 0.785825 0.905893
0.467102 0.3748 0.998491 0.406225 1.20939 0.434297 0.197797 0.900767 0.120541 0.519178 0.261109 1.01233 0.741925 1.19874 0.914715 0.90006 0.203925 0.392034 1.17708 0.386515 0.590676 0.756036 0.633545 1.13143 0.357359 0.530532 1.08397 0.287382 0.363947 0.435249 0.487371 0.360045 0.261929 0.987733 0.183199 0.321664 0.518936 0.870056 0.858953 1.05408 0.591743 1.0585 0.573999 0.808535 0.295538 0.350696 0.707693 1.09564 0.583997 1.02697 0.612414 0.522041 0.365073 0.347712 0.694888 0.45866 0.924998 0.18489 0.526357 0.807833 0.660944 0.448386 0.509097 1.03913 0.598776 0.472958 0.224763 0.98839 0.844989 0.642579 0.367418 1.01368 0.754654 0.643159 0.826316
0.559243 0.561663 1.00422 0.6643 1.17237 0.268901 0.35901 1.12207 0.330394 0.48227 0.37709 1.02565 0.645914 1.23777 0.666035 0.779214 0.0667854 0.291887 1.18581 0.185977 0.667318 0.650938 0.652388 1.24954 0.404506 0.587382 1.14749 0.207399 0.373718 0.480923 0.516717 0.503088 0.286235 0.941418 0.309098 0.315505 0.553478 0.89801 0.827908 0.986971 0.437334 0.934648 0.703415 0.992202 0.368432 0.517022 0.683581 1.11019 0.443621 1.19582 0.757153 0.55144 0.323163 0.239996 0.655832 0.279153 0.846542 0.322091 0.577705 1.00353 0.601168 0.655043 0.458431 1.03527 0.535805 0.579248 0.25899 0.999173 0.894558 0.525609 0.365223 1.1984 0.616383 0.763892 0.86524
0.519521 0.427643 1.08237 0.562903 1.16499 0.254634 0.318708 0.96752 0.310418 0.435398 0.271282 0.865747 0.702544 1.05087 0.942746 0.69019 0.112106 0.331498 1.14434 0.219475 0.79067 0.875942 0.82558 1.06396 0.332617 0.643784 1.01845 0.340782 0.599446 0.251618 0.629187 0.297411 0.370664 0.848613 0.280579 0.274764 0.326096 0.788456 0.771579 0.912949 0.450139 0.98298 0.718052 0.783092 0.281506 0.333764 0.679629 1.17872 0.562751 1.14468 0.623596 0.485249 0.464166 0.1797 0.758522 0.37131 0.994132 0.186503 0.638282 0.880826 0.657293 0.662367 0.55144 0.781971 0.775644 0.449075 0.473435 0.787945 1.01844 0.573615 0.391199 0.948384 0.584404 0.744196 0.938664
0.530535 0.546794 1.03258 0.613103 1.13885 0.266194 0.236398 1.13161 0.180179 0.444008 0.244089 0.975608 0.651352 1.19809 0.693039 0.74695 0.0942354 0.24848 0.939133 0.418013 0.670978 0.596437 0.795106 1.11107 0.273232 0.709359 1.13691 0.284112 0.320864 0.308249 0.415227 0.275237 0.308992 0.967664 0.300226 0.257707 0.286523 0.700872 0.768981 1.04305 0.614037 0.832476 0.702101 1.02345 0.4407 0.606118 0.656485 1.24994 0.475119 1.13666 0.684954 0.497277 0.193469 0.316936 0.893022 0.413206 0.817916 0.218696 0.716302 0.874344 0.700369 0.570156 0.526979 1.06035 0.566842 0.507301 0.276624 0.853094 1.0208 0.592829 0.225232 1.14381 0.574121 0.831848 0.863269
0.514941 0.528916 1.25203 0.555907 0.984818 0.327724 0.21467 1.02549 0.221592 0.290229 0.325587 1.06662 0.803596 1.00521 0.729085 0.76167 0.25529 0.283786 1.14318 0.38216 0.629504 0.877733 0.730003 1.05378 0.268613 0.554946 0.9223 0.127035 0.341367 0.268612 0.537527 0.293906 0.321985 0.851337 0.311165 0.331379 0.453484 0.776414 0.853958 0.978634 0.566699 0.870119 0.57997 0.833183 0.403273 0.377453 0.766144 1.25121 0.513215 1.06174 0.564711 0.384944 0.284439 0.157891 0.761093 0.312135 0.82146 0.272386 0.578965 0.854292 0.704547 0.536953 0.529434 0.9594 0.633579 0.530782 0.432047 0.93199 0.942792 0.416002 0.171893 1.05864 0.749982 0.689288 0.746121
0.430064 0.372336 1.25378 0.681286 1.02929 0.338786 0.296838 0.971329 0.182499 0.315519 0.24322 0.94952 0.623957 0.960781 0.814046 0.797693 0.0358858 0.50016 1.20474 0.319257 0.651597 0.757046 0.628096 0.968732 0.152009 0.62866 1.01279 0.14906 0.557835 0.463646 0.579146 0.524999 0.255064 1.0124 0.254419 0.239016 0.295885 0.899808 0.798011 1.04103 0.63018 0.872319 0.787398 0.950806 0.143481 0.524965 0.699574 1.15251 0.514638 1.22418 0.561215 0.441623 0.419299 0.25832 0.773048 0.263038 0.734812 0.322633 0.681504 1.00321 0.833852 0.562795 0.46584 0.780459 0.566865 0.556279 0.48682 0.927737 0.83056 0.691135 0.326153 0.914556 0.513361 0.787187 0.890461
0.452003 0.360858 1.0456 0.472307 1.22876 0.14462 0.162955 1.09289 0.29784 0.423647 0.426724 1.11718 0.815007 1.10028 0.891777 0.752719 0.140061 0.294641 0.949986 0.281699 0.561428 0.844634 0.826549 1.15284 0.358042 0.585016 1.06029 0.228354 0.399181 0.338292 0.378234 0.534859 0.19252 0.98923 0.185139 0.229358 0.415778 0.669734 0.98944 1.10372 0.470889 1.04968 0.692109 0.938215 0.359251 0.524698 0.592607 1.15339 0.497313 1.15237 0.717141 0.664028 0.472716 0.318932 0.786757 0.391435 0.803754 0.379152 0.504955 0.835198 0.61529 0.666835 0.429533 0.86293 0.57239 0.523361 0.315216 0.787039 1.02629 0.410643 0.333523 1.12599 0.763278 0.700482 0.704357
0.460716 0.317666 1.18995 0.520634 1.10059 0.246175 0.276609 1.05882 0.0655423 0.299172 0.321177 0.888616 0.787509 1.17282 0.925524 0.805953 0.210166 0.473354 1.153 0.245748 0.7656 0.669226 0.593994 1.263 0.215101 0.697265 0.970049 0.35345 0.329192 0.286368 0.596232 0.404548 0.328066 0.764495 0.400622 0.289978 0.441433 0.776281 1.00752 0.859413 0.522213 0.837919 0.635523 0.835974 0.244352 0.325438 0.605456 1.00163 0.65085 1.08843 0.591971 0.393398 0.219603 0.428114 0.688467 0.198113 0.980929 0.29745 0.726321 0.759649 0.774734 0.450889 0.530687 0.884846 0.632978 0.446062 0.306531 0.981683 0.992404 0.430302 0.179423 0.98606 0.598718 0.551555 0.691485
0.545912 0.500635 1.16456 0.519561 1.15179 0.344902 0.253643 0.91942 0.301477 0.348182 0.434336 1.02032 0.788568 1.18244 0.838125 0.918612 0.281668 0.216017 0.942931 0.296189 0.539663 0.749256 0.611734 1.24579 0.262758 0.777584 0.904019 0.158403 0.52376 0.282239 0.348044 0.47442 0.118726 0.952997 0.308427 0.326628 0.414185 0.692821 0.771623 0.9577 0.650078 0.850517 0.61311 1.0329 0.159692 0.557331 0.735599 1.15178 0.678426 1.11898 0.578014 0.456913 0.296621 0.199133 0.707108 0.40863 0.940753 0.17092 0.738173 1.00036 0.680163 0.486743 0.49539 0.942773 0.814533 0.379992 0.424683 0.779557 0.806563 0.679266 0.385162 1.03415 0.471819 0.822497 0.716404
0.412598 0.505825 1.23015 0.579359 1.24035 0.137209 0.144393 1.02472 0.28463 0.254998 0.246589 1.08056 0.748232 1.19957 0.72333 0.699894 0.150991 0.333113 1.01871 0.477271 0.608847 0.699513 0.737827 0.972272 0.362568 0.66064 0.995559 0.195761 0.363443 0.415197 0.516927 0.294875 0.142461 0.787249 0.397982 0.289216 0.318657 0.889263 0.912672 1.04833 0.559622 0.966616 0.751781 0.881062 0.209936 0.448453 0.7849 1.26765 0.693028 1.10164 0.53983 0.523803 0.434173 0.254762 0.640919 0.247723 0.797729 0.223185 0.655879 1.00479 0.761325 0.491402 0.50545 0.891012 0.692487 0.314163 0.329268 0.716315 0.854979 0.696956 0.386639 0.966476 0.753874 0.732348 0.91425
0.607917 0.38236 1.22489 0.582211 1.14219 0.176352 0.357831 1.0508 0.274798 0.445466 0.432852 0.841721 0.630652 1.01547 0.722773 0.709375 0.2891 0.344577 1.09524 0.246923 0.545508 0.619163 0.800401 1.15001 0.135758 0.565475 0.922436 0.299654 0.408643 0.316118 0.56664 0.33858 0.269584 0.867354 0.380325 0.410284 0.479516 0.64186 0.75859 1.03469 0.682758 0.899301 0.72087 1.03799 0.20222 0.342982 0.709519 1.11723 0.650017 1.18887 0.771124 0.500965 0.186827 0.389145 0.644303 0.197768 0.983836 0.375516 0.667441 0.819943 0.654974 0.583399 0.591847 1.06869 0.694036 0.58565 0.329853 0.796192 1.04118 0.658752 0.404132 1.02341 0.61019 0.811924 0.842349
0.605645 0.358875 1.11661 0.599664 1.17103 0.422743 0.159499 0.848858 0.0517037 0.459724 0.444545 0.904578 0.849222 1.20027 0.731602 0.919931 0.220334 0.279317 1.09688 0.373685 0.619695 0.834372 0.824244 0.996104 0.355341 0.571123 0.928336 0.125693 0.499277 0.461914 0.512016 0.515926 0.0938475 0.724228 0.363849 0.413324 0.416569 0.752718 0.997517 0.912293 0.615582 0.959229 0.781115 1.03853 0.438334 0.379777 0.594637 1.19251 0.698738 1.11497 0.558985 0.609451 0.175241 0.157716 0.697878 0.46514 0.866167 0.345647 0.731384 0.873882 0.652893 0.475545 0.445335 0.931746 0.820156 0.446513 0.265221 0.800714 0.955185 0.58477 0.362465 1.097 0.685847 0.829489 0.796885
0.554327 0.315442 1.09195 0.626582 1.13635 0.428873 0.0843367 0.883849 0.117556 0.307176 0.248586 1.08224 0.912387 1.00284 0.69 0.669905 0.114154 0.216866 1.18696 0.244563 0.76426 0.825237 0.603921 1.08197 0.324932 0.63343 0.951607 0.191978 0.535679 0.326311 0.444213 0.53357 0.320136 1.00862 0.22711 0.466375 0.329899 0.659473 0.771712 0.853326 0.643757 1.09862 0.631742 0.818035 0.414181 0.456183 0.54317 1.04177 0.558288 1.10178 0.714704 0.424597 0.322799 0.21689 0.636758 0.270023 0.8142 0.360656 0.587311 0.769903 0.60108 0.679566 0.494308 0.951855 0.813347 0.386754 0.20454 0.919995 0.935423 0.416945 0.172462 1.13083 0.527601 0.709215 0.748367
0.382626 0.344672 1.22253 0.495788 1.258 0.326029 0.0885147 0.947998 0.040956 0.268137 0.5094 1.0328 0.920953 1.05194 0.839313 0.95971 0.190782 0.307389 1.09202 0.427332 0.718724 0.637456 0.614357 1.18701 0.30842 0.803515 1.01401 0.182224 0.407084 0.329433 0.588022 0.324803 0.235298 0.753874 0.33915 0.372629 0.551545 0.864363 0.909105 1.12091 0.572716 1.05231 0.593069 0.924817 0.24554 0.494376 0.693005 1.04544 0.70491 1.23503 0.63174 0.567569 0.45208 0.261412 0.720366 0.270595 0.767938 0.165728 0.544274 0.82196 0.67786 0.634612 0.458788 1.07737 0.760985 0.423291 0.228888 0.851835 0.795084 0.66852 0.283739 1.01391 0.723832 0.818426 0.908249
0.556197 0.513014 1.00807 0.59458 1.05711 0.354863 0.0930665 1.05904 0.0909268 0.502096 0.318213 0.958745 0.654003 1.05095 0.915165 0.957849 0.233031 0.442044 1.01803 0.299532 0.560763 0.863481 0.592252 1.07619 0.406786 0.536901 1.10512 0.271366 0.441436 0.405197 0.469957 0.429959 0.224743 1.00177 0.184063 0.485269 0.26742 0.833302 0.930452 1.09783 0.55947 0.845601 0.723576 1.01341 0.37939 0.474551 0.606364 1.25044 0.472334 1.15645 0.806453 0.529263 0.363259 0.178547 0.737185 0.286639 0.811722 0.409978 0.525399 0.799157 0.735074 0.57065 0.667205 0.965092 0.585478 0.596447 0.388888 0.740316 1.01591 0.615508 0.33901 1.08502 0.495699 0.732663 0.856394
0.598934 0.481675 1.13707 0.584181 1.01967 0.385448 0.319333 1.01563 0.0361443 0.432772 0.346066 0.840723 0.680585 1.24037 0.872122 0.67869 0.157736 0.404616 1.09252 0.44594 0.62477 0.850589 0.784489 1.00563 0.410254 0.76441 0.988345 0.0951079 0.512257 0.365124 0.535121 0.264834 0.204821 0.775373 0.361885 0.26328 0.356554 0.867766 0.87992 0.874384 0.547861 1.10366 0.605169 0.862047 0.361023 0.429432 0.65987 1.14837 0.604476 1.09965 0.552976 0.490442 0.327532 0.248758 0.882785 0.250774 0.818627 0.226242 0.77069 0.99384 0.735088 0.673378 0.503335 0.933433 0.707316 0.423317 0.471118 0.810437 0.856003 0.477183 0.213133 1.12297 0.51458 0.823063 0.836778
0.377228 0.453933 1.22062 0.4335 1.0482 0.424306 0.283681 1.09057 0.116805 0.48949 0.250844 1.11057 0.77346 0.979288 0.696166 0.712858 0.301041 0.41343 1.1102 0.276132 0.665639 0.684837 0.590579 1.24476 0.397577 0.568409 1.06854 0.164565 0.531384 0.526772 0.471547 0.278183 0.21787 0.971056 0.296023 0.269045 0.340909 0.708361 0.776815 0.841854 0.497573 1.01192 0.640078 0.789135 0.246132 0.530224 0.774389 1.13075 0.452168 1.10139 0.673283 0.55979 0.349986 0.292432 0.72084 0.436928 0.767836 0.29552 0.513296 0.76491 0.731463 0.687328 0.532914 0.863499 0.691504 0.385223 0.365882 0.909513 0.853392 0.523851 0.3251 1.19999 0.636051 0.588395 0.860777
0.415294 0.513133 1.18864 0.538478 1.10825 0.320941 0.158647 1.06809 0.221339 0.36862 0.395285 0.953366 0.877415 1.19389 0.707791 0.687429 0.153962 0.478003 1.1545 0.396417 0.672479 0.770563 0.744517 1.19438 0.307311 0.751287 0.948891 0.350372 0.522571 0.277492 0.6135 0.407876 0.287123 0.900429 0.428225 0.354072 0.349413 0.864695 0.944178 1.12172 0.660225 1.06167 0.569288 0.831475 0.371864 0.427595 0.615674 1.11003 0.658404 0.987898 0.535808 0.624445 0.334397 0.177523 0.67152 0.434926 0.913127 0.415736 0.593806 0.828549 0.678433 0.602915 0.443094 0.96404 0.78327 0.398319 0.27208 0.796169 0.905803 0.483451 0.194145 1.13949 0.473373 0.723681 0.684828
0.445216 0.351632 1.26753 0.565314 1.08369 0.384964 0.14069 0.929499 0.138575 0.281106 0.319067 1.07557 0.872732 1.09591 0.910782 0.725024 0.0517268 0.29546 1.11475 0.411085 0.807137 0.821538 0.673994 1.12679 0.202286 0.639982 1.1969 0.338545 0.409634 0.444034 0.455485 0.320164 0.153238 0.999828 0.268499 0.292313 0.346262 0.905274 0.895534 1.05873 0.706822 0.901041 0.785258 0.957102 0.208535 0.57045 0.731975 1.10297 0.574186 1.0073 0.702123 0.426269 0.207782 0.364079 0.822049 0.245074 0.744886 0.349511 0.713928 0.826638 0.835232 0.496497 0.667856 0.912439 0.550449 0.47074 0.250358 0.848701 0.833702 0.631014 0.3871 1.12553 0.714876 0.641518 0.871926
0.550047 0.428753 1.24832 0.622792 1.21438 0.336157 0.285091 0.951037 0.16491 0.429855 0.45517 1.05437 0.671827 1.24298 0.772707 0.715175 0.134921 0.293991 1.16696 0.187049 0.562537 0.678383 0.762788 1.05331 0.237382 0.770522 0.946061 0.31224 0.487758 0.279334 0.598757 0.401733 0.375276 0.974778 0.444543 0.426407 0.339517 0.792935 0.881609 0.902935 0.416906 1.04616 0.739055 0.883816 0.213156 0.387186 0.777537 1.00028 0.550919 0.967273 0.712814 0.607449 0.423632 0.298646 0.634168 0.472241 0.859221 0.388418 0.746457 1.00567 0.598039 0.543888 0.523475 0.929932 0.710832 0.384807 0.483381 0.996108 0.918886 0.570606 0.372573 1.16091 0.643758 0.724268 0.672742
0.656903 0.384539 1.2061 0.432567 0.994764 0.386089 0.362725 1.09188 0.261352 0.352435 0.443113 0.861048 0.707481 1.06324 0.874151 0.751895 0.150549 0.283508 1.06508 0.418413 0.600376 0.638413 0.63938 0.965354 0.255073 0.528672 1.07332 0.229637 0.332565 0.366758 0.521419 0.320765 0.343378 0.742183 0.367705 0.451367 0.462847 0.752387 0.810234 1.0564 0.448403 0.87085 0.785987 0.89729 0.323089 0.453846 0.683394 1.04482 0.722895 1.03437 0.682786 0.634892 0.193608 0.229366 0.841195 0.206589 0.928676 0.367126 0.673376 0.96306 0.581429 0.552436 0.514118 1.0355 0.78202 0.453937 0.278812 0.998934 0.954381 0.561087 0.262593 1.14387 0.694603 0.659141 0.845792
0.622388 0.397571 1.08544 0.625124 1.22338 0.202618 0.31988 0.997713 0.173864 0.359156 0.497188 0.862851 0.756039 1.12182 0.697387 0.951793 0.122803 0.345641 1.07597 0.247242 0.636832 0.619815 0.653114 1.04556 0.228431 0.75281 1.11917 0.205543 0.585051 0.388661 0.601022 0.548946 0.348657 0.723144 0.454837 0.349035 0.519918 0.653408 0.955752 0.968274 0.532762 1.01642 0.598436 0.952193 0.159792 0.607151 0.661867 1.11835 0.502156 1.04381 0.736248 0.550024 0.43481 0.412486 0.779344 0.239744 0.822169 0.27476 0.650704 0.967317 0.777665 0.533815 0.545317 0.891634 0.7361 0.487464 0.393706 0.948394 0.937295 0.568815 0.197259 1.03392 0.58192 0.835939 0.894935
0.553701 0.46987 0.980524 0.542016 1.26086 0.228642 0.192869 1.01126 0.141712 0.348423 0.381906 0.865949 0.891125 0.982077 0.679105 0.723957 0.252745 0.433201 1.10209 0.357695 0.797913 0.701451 0.668907 1.21837 0.288658 0.654469 1.01507 0.175228 0.527785 0.341763 0.621282 0.345238 0.337621 0.754949 0.280457 0.245669 0.454864 0.764927 0.994293 1.11115 0.6448 0.887479 0.65589 1.00688 0.342616 0.517193 0.74836 1.18945 0.654998 1.17516 0.770362 0.609294 0.243742 0.446244 0.703259 0.374928 0.828288 0.186296 0.663482 1.00281 0.568183 0.705659 0.479634 0.791499 0.557581 0.327874 0.24721 0.868672 0.937748 0.643527 0.221706 0.940917 0.635597 0.823998 0.69174
