25 75
0.209416 0.550527 0.156446 0.404169 0.98255 0.581723 0.758186 0.420868 0.679162 0.332028 0.226422 0.540592 0.29752 0.91861 0.617923 0.162859 0.665263 0.958608 0.385646 0.453016 1.1244 0.303831 1.09312 0.32329 0.661226 0.580314 0.810066 0.484516 0.746308 1.07019 0.366656 0.260751 1.24492 0.326461 0.872961 0.214426 0.951615 0.595506 0.447478 0.613078 0.709643 0.566404 0.78369 0.961298 1.05499 0.568295 0.914148 0.136217 0.501182 0.519495 0.502818 1.04901 1.23099 1.06635 0.986288 0.405385 0.854663 0.185355 0.243493 0.444197 0.779334 0.32504 1.05034 0.473615 0.596635 0.0781068 0.771374 0.694041 0.900339 1.0233 0.470297 0.703237 0.603954 0.909963 0.953506
0.132927 0.654697 0.071619 0.452767 0.825147 0.604462 0.7471 0.388607 0.815376 0.454773 0.348329 0.595146 0.133467 0.797354 0.678722 0.263683 0.632721 0.978018 0.388214 0.574272 1.17026 0.400379 1.02118 0.109336 0.56132 0.642729 0.697989 0.31109 0.731183 1.14043 0.351138 0.18917 1.20698 0.357166 0.617033 0.294783 0.915707 0.582691 0.452228 0.583213 0.740364 0.624451 0.771174 0.878083 1.10037 0.510765 0.896214 0.308402 0.640453 0.676421 0.324489 0.919403 1.1546 1.22807 0.846031 0.525284 0.965241 0.0203061 0.256847 0.610012 0.871536 0.275119 1.20911 0.541845 0.499949 0.31353 1.01342 0.696914 0.877733 1.112 0.515313 0.68311 0.492714 0.852849 1.11064
0.346141 0.413948 0.287046 0.358289 0.891088 0.429633 0.68913 0.55556 0.600281 0.253514 0.267617 0.419642 0.234288 0.92136 0.728123 0.0517363 0.685432 0.952364 0.352643 0.666996 0.990611 0.414663 0.898721 0.313926 0.597563 0.414245 0.748086 0.372933 0.58772 0.995462 0.272639 0.250472 1.01139 0.483166 0.712912 0.340267 0.890201 0.461032 0.556364 0.576408 0.909864 0.602505 0.637462 0.800113 1.12065 0.555436 1.01953 0.226381 0.766068 0.612424 0.294488 0.980053 1.00472 1.21583 1.04328 0.543945 1.07693 0.0699532 0.385376 0.639432 0.650681 0.304605 1.16106 0.276217 0.764798 0.092499 0.790358 0.745218 0.968579 1.1329 0.466184 0.82754 0.393059 0.623928 1.00504
0.0966388 0.643651 0.0313267 0.302511 0.724905 0.599659 0.648067 0.414999 0.661885 0.427411 0.313733 0.452725 0.185448 0.757943 0.750651 0.293937 0.59245 1.22552 0.235663 0.70359 1.24603 0.200081 1.00904 0.0845595 0.646409 0.404263 0.636822 0.399583 0.600846 0.901348 0.15903 0.265367 1.21603 0.456556 0.819175 0.353195 0.87378 0.660518 0.43403 0.558377 0.678847 0.367312 0.698048 0.951337 1.12678 0.617944 1.00769 0.146071 0.539752 0.628304 0.361029 0.87553 1.10156 1.12416 0.985351 0.38563 1.06433 0.264045 0.268532 0.406949 0.820972 0.233863 0.977707 0.310011 0.764772 0.0841182 0.870576 0.721019 0.79574 0.880342 0.606013 0.665105 0.426717 0.797309 1.00738
0.29647 0.552461 0.107929 0.434285 0.943221 0.658956 0.840641 0.565491 0.618161 0.381671 0.297221 0.34937 0.330601 0.930482 0.800726 0.322045 0.635738 1.19674 0.425561 0.557077 1.02382 0.322349 1.04143 0.294976 0.482974 0.554113 0.670943 0.393515 0.528523 0.909791 0.360812 0.336227 1.19576 0.533678 0.748702 0.284541 0.904127 0.46448 0.60047 0.528144 0.78462 0.392932 0.775991 0.800994 1.13291 0.542797 1.10617 0.12976 0.479468 0.585953 0.420073 1.03823 1.08153 1.21232 0.832564 0.409296 0.893627 0.0787346 0.379911 0.560705 0.664846 0.315612 1.13695 0.521314 0.758429 0.10763 0.79579 0.743669 0.820122 1.07631 0.652246 0.684482 0.514759 0.786561 1.06838
0.27773 0.489243 0.096918 0.395332 0.815572 0.664231 0.722362 0.452856 0.84853 0.314664 0.167531 0.379428 0.240791 0.914994 0.793044 0.112036 0.488805 1.00157 0.449795 0.695887 0.976847 0.430251 1.03296 0.0587768 0.462693 0.474694 0.666552 0.319372 0.673075 0.914716 0.147929 0.342208 1.23449 0.592336 0.798178 0.249275 0.78552 0.496608 0.481573 0.531622 0.79765 0.475877 0.666155 0.856685 1.03916 0.472669 0.981853 0.268457 0.605392 0.520854 0.529031 0.800514 1.0902 1.00792 0.96149 0.599343 1.03863 0.246468 0.370303 0.586761 0.655257 0.254576 1.21478 0.368054 0.690801 0.0588171 0.835496 0.460441 0.902119 1.0569 0.507727 0.810941 0.44187 0.738962 0.993647
0.143401 0.644468 0.0941784 0.256284 0.775626 0.552956 0.697059 0.463948 0.850105 0.356301 0.110752 0.573205 0.275584 0.747101 0.713407 0.304522 0.439492 0.934546 0.228283 0.633152 1.10993 0.415044 1.17395 0.160865 0.468686 0.471433 0.702987 0.389586 0.748301 0.89379 0.280859 0.221427 0.992891 0.594027 0.801601 0.0856578 0.859413 0.624254 0.497705 0.78045 0.905537 0.357167 0.774089 0.912568 1.00236 0.686433 1.12997 0.0835532 0.623251 0.779158 0.242794 0.805835 1.1418 1.03459 1.00053 0.385159 0.864976 0.0474385 0.321077 0.612283 0.894153 0.394043 1.11133 0.41346 0.495465 0.21349 0.777998 0.575725 0.923239 0.918977 0.445871 0.783048 0.518969 0.908253 1.12735
0.14526 0.550262 0.184569 0.379022 0.810734 0.551538 0.743763 0.420177 0.847471 0.429966 0.361832 0.318674 0.156954 0.974265 0.827954 0.0529822 0.637776 1.22313 0.361626 0.577946 1.06181 0.361411 1.01434 0.269971 0.646524 0.631417 0.723342 0.282092 0.603291 1.0084 0.246676 0.445404 1.25563 0.362835 0.708931 0.160952 0.830938 0.448171 0.554702 0.67339 0.736641 0.369976 0.664915 0.789432 1.10868 0.749225 1.02388 0.106168 0.596527 0.582273 0.275472 0.858165 1.09099 1.1858 0.929397 0.38825 0.962875 0.227674 0.396279 0.566047 0.653923 0.419673 1.13612 0.493476 0.499774 0.132995 0.76537 0.639323 0.793363 1.0882 0.516508 0.586067 0.425067 0.826738 1.03747
0.320715 0.666075 0.283235 0.229015 0.72178 0.537175 0.752471 0.460453 0.823534 0.482688 0.23582 0.32328 0.127146 0.955633 0.817448 0.177449 0.671576 1.20742 0.371292 0.52922 1.04921 0.189061 0.982778 0.342436 0.586484 0.633482 0.849665 0.424818 0.538381 1.0426 0.258976 0.237289 1.20221 0.322449 0.595377 0.354952 0.99032 0.543427 0.618548 0.532293 0.72164 0.451115 0.672311 0.762284 1.14054 0.516867 1.0052 0.232663 0.757226 0.646372 0.388493 1.06207 1.24556 1.21959 0.968407 0.614457 0.871435 0.13071 0.222926 0.57945 0.87654 0.374969 1.20746 0.495251 0.585011 0.150567 0.837288 0.733938 0.735482 0.866701 0.411995 0.753238 0.531369 0.855841 0.925511
0.268354 0.480651 0.0643894 0.29422 0.843674 0.623038 0.783982 0.54227 0.741763 0.446396 0.156755 0.406143 0.275896 0.954707 0.841983 0.212959 0.524627 0.984764 0.351996 0.510824 1.16456 0.284623 1.0613 0.175257 0.662192 0.531808 0.616933 0.405467 0.612092 1.15388 0.252035 0.399769 1.14242 0.490753 0.665493 0.127609 0.759334 0.639228 0.422403 0.52279 0.806723 0.570421 0.628296 0.790129 1.14987 0.653929 0.876276 0.305525 0.598803 0.756349 0.298535 1.0712 1.13566 1.26126 1.06841 0.598178 1.13556 0.0455706 0.245387 0.520484 0.734959 0.318718 1.02134 0.469909 0.615103 0.140482 1.00859 0.573486 0.727997 0.844162 0.440392 0.725013 0.558134 0.666462 0.933388
0.198958 0.402384 0.074723 0.313335 0.731991 0.422555 0.79211 0.555783 0.721642 0.507477 0.108959 0.558334 0.233953 0.949752 0.847438 0.177815 0.547042 1.00742 0.235171 0.512397 1.24394 0.2089 1.1229 0.307848 0.55847 0.419882 0.609571 0.37283 0.723033 1.07871 0.196578 0.226749 0.98513 0.551764 0.621433 0.213943 0.791419 0.44348 0.554468 0.632818 0.921996 0.478992 0.706015 0.927921 1.13813 0.507138 0.947563 0.143663 0.620376 0.51677 0.520048 0.843102 1.01086 1.25977 0.960018 0.323161 0.916427 0.203029 0.311522 0.486935 0.890812 0.451801 1.08301 0.530577 0.648723 0.282732 0.876733 0.501838 0.926618 1.01318 0.480082 0.754836 0.516036 0.685048 0.873402
0.276043 0.453824 0.220776 0.43347 0.835298 0.645295 0.841012 0.384797 0.649182 0.292073 0.398475 0.437242 0.239879 0.780957 0.818199 0.166775 0.682771 1.00376 0.175385 0.529528 1.05985 0.346016 1.06485 0.0737296 0.601551 0.409596 0.719104 0.44224 0.586692 1.09676 0.200846 0.423671 1.10412 0.455131 0.749321 0.299545 0.861121 0.584567 0.630449 0.627043 0.747056 0.548474 0.796252 0.906707 1.18174 0.61967 0.926215 0.28844 0.674246 0.601173 0.47992 0.837242 1.14014 1.10934 0.969919 0.600497 0.861178 0.179211 0.403709 0.632327 0.767756 0.425495 1.11118 0.455577 0.526422 0.312463 0.877593 0.674855 0.685242 1.01439 0.569482 0.71356 0.492571 0.768644 1.12587
0.116079 0.451822 0.166387 0.338125 0.829615 0.662001 0.886892 0.402261 0.645127 0.366239 0.377167 0.314974 0.223598 0.915099 0.612621 0.322829 0.612361 1.11929 0.260634 0.694169 0.975616 0.184036 1.11664 0.346634 0.638052 0.553166 0.809742 0.467276 0.551202 0.912257 0.3312 0.199573 1.04534 0.554934 0.860622 0.307236 0.928603 0.365768 0.563433 0.753254 0.853682 0.342582 0.823513 0.949048 1.17149 0.462112 0.989602 0.166726 0.572339 0.579923 0.267826 0.926345 1.047 1.28353 0.964529 0.450803 1.05255 0.104393 0.482596 0.560272 0.716577 0.493597 0.929915 0.523422 0.600864 0.208337 1.01223 0.706855 0.779154 0.995941 0.374067 0.856619 0.532444 0.704251 1.10139
0.298703 0.486246 0.0989853 0.513117 0.856619 0.509304 0.714482 0.325424 0.652626 0.48536 0.255835 0.361764 0.08948 0.847495 0.736559 0.24087 0.66852 1.16897 0.150885 0.54811 1.17584 0.291019 1.11996 0.321569 0.645135 0.438073 0.620654 0.510899 0.740308 1.02246 0.213279 0.405925 1.02821 0.351751 0.756338 0.256907 1.04164 0.589581 0.482799 0.806576 0.761998 0.612327 0.833086 0.740387 1.04751 0.715241 1.01 0.0256874 0.637227 0.557014 0.426327 0.960803 1.21729 1.03842 0.821188 0.567117 1.03777 0.29521 0.436951 0.631422 0.788197 0.435481 0.947656 0.487474 0.513965 0.26183 0.911184 0.7118 0.891124 0.987385 0.513126 0.741865 0.629883 0.657741 0.883626
0.217951 0.6687 0.0375695 0.391166 0.913403 0.440678 0.632445 0.427258 0.822078 0.443789 0.383131 0.549452 0.117242 0.929242 0.71886 0.274696 0.685787 1.04296 0.19087 0.602853 1.15336 0.334625 1.08384 0.244853 0.49844 0.416528 0.782555 0.436472 0.633077 1.03463 0.374127 0.229242 1.20469 0.491761 0.704596 0.0824693 0.906789 0.62441 0.591836 0.692456 0.724602 0.561937 0.633994 0.926755 0.974389 0.536451 0.925058 0.260915 0.548444 0.50857 0.472614 0.817496 1.16236 1.01374 0.971719 0.611206 0.966708 0.307123 0.446697 0.585407 0.59788 0.277768 0.980133 0.506675 0.496783 0.165323 1.00126 0.48181 0.824411 0.896973 0.500628 0.580055 0.5345 0.900119 0.954705
0.342976 0.598 0.315855 0.287927 0.955621 0.548227 0.711001 0.316414 0.833146 0.259655 0.282687 0.554666 0.227621 0.791219 0.814054 0.323614 0.676576 1.12366 0.20107 0.617275 1.04984 0.210558 1.07372 0.0962208 0.517041 0.4341 0.853025 0.48286 0.582466 1.08756 0.146093 0.400277 0.977298 0.556863 0.715379 0.308276 0.810251 0.50935 0.565007 0.732957 0.736205 0.418902 0.571147 0.847169 1.23958 0.589198 0.923628 0.192961 0.553662 0.73005 0.463355 0.935562 1.21477 1.0232 0.79254 0.341326 0.970108 0.223212 0.36893 0.533007 0.804858 0.3401 1.09076 0.411046 0.697539 0.213503 0.764839 0.552188 0.917394 0.924005 0.380756 0.65368 0.580732 0.899883 0.911471
0.315438 0.624739 0.0374311 0.414531 0.75722 0.541957 0.712336 0.505008 0.695182 0.437718 0.293358 0.332555 0.0991751 0.812325 0.627296 0.179865 0.579807 1.21191 0.293592 0.504346 1.1564 0.328907 0.894246 0.283205 0.627157 0.511824 0.81447 0.330976 0.603109 1.03801 0.408048 0.332904 1.21496 0.299822 0.781533 0.244016 0.773162 0.597763 0.430397 0.805695 0.883875 0.375423 0.697232 0.785397 1.15277 0.620601 1.08061 0.249842 0.496957 0.604815 0.381653 0.893529 1.27843 0.993969 0.908177 0.567836 0.892299 0.236338 0.226359 0.583685 0.648146 0.209786 1.1126 0.290652 0.621074 0.317197 0.868516 0.535796 0.76337 0.986747 0.458872 0.84586 0.543303 0.781083 0.990533
0.322792 0.642739 0.0385451 0.476898 0.713248 0.530774 0.875964 0.517623 0.720868 0.343335 0.246958 0.371044 0.146536 1.01605 0.781546 0.144069 0.69663 1.0984 0.258981 0.635468 1.03399 0.182159 1.01994 0.0915239 0.587708 0.425371 0.833802 0.395454 0.536083 1.11693 0.225717 0.308473 1.049 0.489196 0.803822 0.119625 0.823938 0.654648 0.585507 0.59948 0.775085 0.399267 0.672336 0.783674 1.17961 0.74327 0.927926 0.116226 0.716594 0.562048 0.391757 0.935139 1.27121 1.19711 1.0537 0.427367 1.0114 0.225206 0.285457 0.622187 0.658419 0.293429 1.14618 0.489013 0.771336 0.29893 1.01081 0.683671 0.789328 0.989959 0.53717 0.626045 0.481661 0.716199 0.925405
0.348165 0.425102 0.0899964 0.490805 0.808816 0.668178 0.753117 0.590699 0.785116 0.309898 0.21569 0.459518 0.300159 0.937828 0.762755 0.31317 0.668949 1.18234 0.322687 0.463622 1.20363 0.415204 1.12632 0.344483 0.57559 0.596273 0.597406 0.326286 0.659475 1.16544 0.367789 0.403917 1.16294 0.382249 0.743291 0.170788 0.869684 0.399111 0.411793 0.558704 0.79163 0.614401 0.577755 0.741272 1.13462 0.580598 0.921454 0.256224 0.59498 0.625705 0.360536 1.095 1.01442 1.17972 0.957128 0.359586 0.866525 0.217963 0.368465 0.619395 0.808826 0.339846 1.05274 0.556372 0.554566 0.102312 0.899759 0.544637 0.8785 0.938604 0.594196 0.603849 0.416268 0.83675 0.831512
0.284279 0.580659 0.0917954 0.47799 0.86521 0.498585 0.787955 0.57224 0.850939 0.256667 0.295162 0.439504 0.382252 0.893257 0.713011 0.124642 0.426065 1.05739 0.204904 0.472412 0.988912 0.317974 0.968512 0.138274 0.539211 0.500821 0.842195 0.359909 0.534173 1.04197 0.162172 0.209988 1.02525 0.385515 0.590734 0.292078 0.846024 0.45353 0.370508 0.649536 0.861518 0.530154 0.632318 0.936451 0.976203 0.716804 1.06949 0.0993169 0.711528 0.572841 0.416626 1.04993 1.10245 1.16648 0.815733 0.478082 1.01602 0.104818 0.403953 0.404202 0.84336 0.328207 1.0605 0.341965 0.609563 0.0379366 0.877268 0.521438 0.914551 0.997264 0.523323 0.596208 0.43028 0.617112 0.876071
0.209011 0.676808 0.121993 0.392404 0.826257 0.643132 0.699128 0.439037 0.765927 0.517796 0.360835 0.473075 0.272291 0.995523 0.727377 0.0708051 0.611756 1.05644 0.208994 0.700189 0.992405 0.436741 0.886006 0.243829 0.731316 0.452139 0.810989 0.489029 0.617589 0.973133 0.416407 0.348538 1.01239 0.521073 0.716383 0.345759 0.836168 0.616102 0.517869 0.772707 0.885756 0.461715 0.760854 0.717977 0.974538 0.535761 0.972206 0.13301 0.49312 0.697454 0.388454 0.834879 1.19928 1.13012 0.860289 0.430529 0.986262 0.0910709 0.390395 0.576317 0.630951 0.240287 1.02456 0.43177 0.694606 0.0395905 0.871444 0.506618 0.756899 1.02928 0.525395 0.652722 0.3923 0.704208 0.957823
0.253539 0.419594 0.254428 0.518799 0.79632 0.487131 0.8993 0.562131 0.622919 0.244993 0.242956 0.389279 0.105095 0.830096 0.842918 0.0905058 0.70128 1.08235 0.347313 0.594091 1.0315 0.309517 1.1259 0.146452 0.526991 0.494038 0.843675 0.406977 0.689919 1.05282 0.158597 0.303221 1.00702 0.569499 0.660552 0.16631 0.758609 0.547612 0.414174 0.752077 0.92736 0.429192 0.825631 0.856795 0.999467 0.679792 1.05187 0.296165 0.699151 0.490431 0.294715 0.976512 1.15925 1.20656 0.858323 0.514684 0.917901 0.11004 0.468112 0.594902 0.69886 0.453256 0.948109 0.330378 0.571206 0.0530297 0.750019 0.537507 0.827499 1.08268 0.452738 0.820458 0.663948 0.752883 0.927941
0.257506 0.503936 0.0608731 0.25024 0.909969 0.585285 0.795294 0.489472 0.586468 0.49171 0.400306 0.364269 0.137249 0.93688 0.815053 0.125309 0.470713 1.03925 0.19733 0.539848 1.22667 0.197617 1.09586 0.159216 0.591063 0.476254 0.574396 0.512037 0.749671 1.177 0.267334 0.257028 1.08734 0.438753 0.820682 0.185887 0.84726 0.501338 0.354125 0.670758 0.975684 0.487557 0.821614 0.962455 1.2287 0.496078 0.882091 0.0841799 0.601543 0.742554 0.430081 0.838568 1.06464 1.02343 1.0772 0.505095 0.953108 0.0465452 0.453603 0.687457 0.659861 0.251057 1.14334 0.303244 0.662009 0.269281 0.840843 0.453665 0.795213 1.01862 0.619288 0.668526 0.544934 0.699212 1.03584
0.125397 0.650151 0.24206 0.25562 0.972438 0.617596 0.77296 0.458968 0.572903 0.311991 0.295722 0.43513 0.0999019 0.825622 0.817287 0.235179 0.62756 0.997363 0.20528 0.555076 1.14502 0.306267 0.953946 0.332986 0.598807 0.394618 0.636368 0.416571 0.759203 0.935411 0.36498 0.399374 1.01405 0.534467 0.619917 0.253028 0.895918 0.394261 0.566381 0.792594 0.961966 0.400841 0.846253 0.810794 1.22066 0.512783 1.01137 0.0908032 0.487909 0.748412 0.40015 1.084 1.0786 1.07322 1.02291 0.590859 1.0369 0.244521 0.486252 0.538464 0.69027 0.311673 1.21054 0.338695 0.730976 0.17376 1.00302 0.637614 0.695087 1.1055 0.440227 0.689649 0.63934 0.715714 1.10004
0.387622 0.481248 0.187712 0.279083 0.899693 0.532569 0.69854 0.454575 0.853887 0.396131 0.291562 0.462725 0.335693 0.744086 0.815414 0.062996 0.680822 0.97322 0.375895 0.591073 1.03254 0.337651 0.903783 0.283773 0.490734 0.664471 0.566925 0.368139 0.719029 0.906499 0.1838 0.242986 1.16118 0.392861 0.760825 0.123194 1.00906 0.55101 0.592327 0.636274 0.741409 0.625596 0.815921 0.727796 1.19163 0.64769 0.862477 0.150595 0.630711 0.665341 0.445902 1.09129 1.05803 1.22818 0.885249 0.504439 1.11034 0.120651 0.380677 0.680889 0.606318 0.394814 1.15363 0.335653 0.542381 0.122836 0.877767 0.591896 0.730237 0.935204 0.517744 0.858038 0.404662 0.699795 1.01402
