25 75
0.510653 0.378227 0.268416 0.900827 0.74107 0.262908 0.94524 0.17038 1.02372 0.640807 0.589495 1.00185 0.378216 0.867995 1.10017 0.71549 0.103617 0.9681 0.310193 0.783132 0.546044 0.457668 0.64386 0.676442 0.925574 0.223067 0.4992 0.234682 1.08357 0.281805 1.15176 0.964977 0.475946 0.971913 0.951083 0.651736 0.599349 0.868106 0.795322 0.738621 0.216763 0.416685 0.822272 1.12737 0.932165 0.212316 0.700089 0.439045 0.585227 1.09437 0.297168 0.303187 0.954259 0.416062 0.791397 0.40218 0.434044 0.795776 0.829849 0.351444 0.446345 1.14382 0.673217 0.472142 1.06735 0.574639 0.576655 0.900477 0.553737 1.21202 1.04051 0.681106 0.45019 0.664037 0.133141
0.535325 0.279546 0.356721 0.759884 0.777196 0.380781 1.00194 0.207832 1.12645 0.545738 0.793254 0.941488 0.541944 0.802003 0.899425 0.80801 0.353327 0.976687 0.313309 0.969066 0.568184 0.310087 0.483181 0.732059 0.881809 0.318323 0.350682 0.189202 1.23857 0.090322 1.19687 1.02164 0.315866 1.01682 0.931794 0.763749 0.683514 0.759337 0.720582 0.765922 0.350601 0.503686 0.600928 1.03085 1.07373 0.356138 0.732422 0.300183 0.679983 1.0722 0.447688 0.0998455 0.894977 0.238749 0.556172 0.384814 0.453169 0.68563 0.8433 0.371158 0.528093 0.972856 0.532288 0.396602 0.854933 0.61014 0.480989 0.960041 0.571159 1.18614 1.07622 0.593294 0.447624 0.56264 0.253731
0.508605 0.512665 0.323152 0.826221 0.815951 0.410959 0.897924 0.341399 1.05274 0.610944 0.735658 1.07349 0.495595 0.737778 0.996047 0.650096 0.107498 1.0808 0.103152 0.938257 0.714343 0.32868 0.458666 0.727908 0.878775 0.135717 0.551314 0.246803 1.16827 0.25722 1.0293 1.06981 0.303638 1.12439 0.914692 0.838468 0.545524 0.866245 0.898669 0.592828 0.252656 0.395514 0.585363 1.15868 1.10406 0.345735 0.620495 0.349996 0.586347 1.10017 0.583614 0.302932 0.816485 0.23198 0.544375 0.464729 0.468332 0.534465 1.08316 0.43785 0.436094 1.08976 0.617026 0.279404 1.12602 0.526631 0.440388 0.827954 0.326926 1.07517 1.00443 0.449797 0.677722 0.696917 0.142744
0.609462 0.282892 0.292662 0.920989 0.948093 0.250546 0.976862 0.40718 1.15582 0.5468 0.782375 1.1776 0.367114 0.67069 1.18477 0.53082 0.131155 1.04689 0.212176 0.790089 0.550033 0.400391 0.51678 0.608731 1.09389 0.141285 0.411524 0.177612 1.21028 0.36033 0.985753 0.898729 0.443182 0.974445 0.893878 0.565482 0.816578 0.754873 0.688587 0.678586 0.206228 0.271886 0.841539 1.19883 1.14064 0.113778 0.572006 0.536577 0.464366 0.941959 0.509153 0.194186 0.831286 0.416136 0.771232 0.576801 0.536781 0.664611 1.09779 0.452722 0.587264 1.02248 0.573899 0.235962 1.05694 0.498711 0.634117 0.988859 0.506203 1.22841 0.908773 0.592083 0.636263 0.669647 0.20078
0.665055 0.351019 0.259053 0.813725 0.851193 0.243662 1.09209 0.286703 0.872547 0.610823 0.851428 0.916777 0.52884 0.924107 0.99946 0.783351 0.202074 0.974877 0.30546 0.878304 0.726882 0.420738 0.478831 0.768209 0.851601 0.245002 0.374284 0.0381886 1.03142 0.310783 1.13719 1.04832 0.333083 1.0313 0.949119 0.550962 0.812836 0.85166 0.685661 0.635811 0.359267 0.53234 0.830218 1.01689 1.06704 0.243378 0.644348 0.3048 0.503708 1.09253 0.293168 0.368465 0.774406 0.397376 0.660176 0.30145 0.698223 0.688804 1.00807 0.553968 0.383129 0.967041 0.462966 0.499632 1.04462 0.550817 0.564172 0.82422 0.524007 0.998048 1.09647 0.496683 0.511747 0.724394 0.271944
0.407181 0.372092 0.255968 0.947451 0.984719 0.40722 0.927802 0.368696 0.90621 0.699252 0.746744 1.06245 0.263054 0.823385 1.12434 0.555641 0.194751 1.19513 0.288204 0.959882 0.512795 0.425016 0.594971 0.719874 0.854405 0.256868 0.363649 0.21873 1.18827 0.24542 1.11117 1.11915 0.244306 1.06396 0.977617 0.751935 0.724991 0.902651 0.791233 0.630699 0.39788 0.402196 0.744768 1.19458 1.17065 0.128935 0.587943 0.521668 0.486775 0.857513 0.567499 0.362481 0.788567 0.334582 0.69996 0.34391 0.4254 0.584129 0.845946 0.432199 0.44744 1.19421 0.50968 0.428174 0.936485 0.655178 0.541275 0.943706 0.576902 1.22225 1.01677 0.441297 0.438951 0.719985 0.296263
0.520772 0.318554 0.355093 0.874586 0.916421 0.37188 0.913662 0.26877 0.951426 0.490398 0.808622 1.07242 0.43705 0.81875 1.01778 0.663059 0.317209 0.995619 0.245837 0.771499 0.70952 0.234055 0.550918 0.595639 0.94341 0.30413 0.553019 0.23748 0.984753 0.334179 1.08776 0.941389 0.315002 1.05922 0.939936 0.637841 0.641585 0.74658 0.771646 0.738933 0.311678 0.387896 0.694572 1.15994 1.15246 0.327554 0.574193 0.446631 0.561127 1.04348 0.470293 0.194365 0.85608 0.130995 0.690649 0.53567 0.4224 0.823724 0.955417 0.283068 0.347266 1.00637 0.672013 0.348072 0.877331 0.397114 0.400621 0.930402 0.315725 1.21124 0.948257 0.669687 0.501587 0.580472 0.362184
0.482851 0.477122 0.450296 0.998771 0.916536 0.358646 0.91796 0.382052 1.09823 0.494312 0.608539 1.03459 0.483556 0.801994 1.0691 0.77126 0.324591 1.01095 0.197898 0.918793 0.674895 0.39547 0.588473 0.752459 0.925162 0.122932 0.380986 0.245151 1.04508 0.188483 0.924223 1.12119 0.393217 1.17909 0.806087 0.59772 0.804478 0.931104 0.865697 0.783838 0.364586 0.342752 0.67671 0.976511 1.05554 0.16371 0.593479 0.445301 0.719374 0.902049 0.416321 0.379516 0.891684 0.406674 0.636359 0.430476 0.701336 0.746823 0.999529 0.4772 0.396464 1.13743 0.427851 0.523546 0.893046 0.638331 0.514522 0.877656 0.402327 0.968649 1.04039 0.432373 0.679948 0.695107 0.182219
0.615793 0.354864 0.432734 0.764537 0.971317 0.387654 0.955748 0.229296 1.00262 0.632909 0.59635 1.07626 0.309815 0.891819 1.07995 0.65025 0.241536 1.17757 0.262014 0.825348 0.514311 0.418766 0.644094 0.608504 0.819737 0.15597 0.355836 0.239514 1.16814 0.354601 1.17549 1.07414 0.213539 1.04295 0.821519 0.570012 0.690148 0.758415 0.922835 0.805882 0.165177 0.354938 0.614406 1.1092 1.01001 0.229056 0.567279 0.392476 0.711933 0.976035 0.407176 0.175796 0.924638 0.358264 0.647179 0.521154 0.627221 0.543307 0.950773 0.310127 0.420774 1.19659 0.44928 0.497519 1.13489 0.67364 0.407883 0.779553 0.536908 0.939119 0.951965 0.669754 0.601779 0.59961 0.217033
0.546229 0.254264 0.404639 1.01216 0.747017 0.37883 1.16909 0.407297 0.882682 0.535093 0.589306 0.948424 0.366061 0.867765 1.08024 0.67864 0.202255 1.21297 0.162938 0.776764 0.486569 0.425982 0.445481 0.759254 0.942932 0.342808 0.584088 0.154208 1.0148 0.134228 1.0031 0.879045 0.336029 0.974802 0.924777 0.821388 0.793239 0.767782 0.846332 0.697568 0.3936 0.285582 0.81726 0.937876 0.970948 0.26386 0.745851 0.399736 0.585874 1.07756 0.41991 0.207904 0.799888 0.302568 0.53511 0.59052 0.467686 0.673612 1.0767 0.556695 0.604554 1.08991 0.442562 0.475606 1.01628 0.595392 0.494027 0.774597 0.423096 1.22843 0.872082 0.588031 0.702713 0.521857 0.158914
0.385591 0.514145 0.510132 0.865134 0.803859 0.41524 1.11545 0.291118 1.05263 0.514577 0.797767 1.1743 0.379711 0.676477 0.945678 0.664562 0.240122 0.970019 0.167783 0.826458 0.579141 0.24503 0.460435 0.729328 1.03056 0.211771 0.566688 0.157737 1.10119 0.187604 1.19357 1.10121 0.298285 1.12884 1.0689 0.560262 0.580027 0.783835 0.823722 0.799154 0.389482 0.373215 0.841281 1.08641 1.0272 0.170538 0.697627 0.440541 0.455323 1.08102 0.454544 0.0990446 0.886461 0.268941 0.747204 0.540033 0.48399 0.621865 0.91723 0.531544 0.420414 1.13188 0.597615 0.396586 1.03297 0.502709 0.357636 0.80399 0.322048 1.03381 1.07502 0.536672 0.47354 0.638438 0.376141
0.480734 0.354144 0.444498 0.791628 0.951893 0.439149 1.07431 0.406211 1.15362 0.723443 0.659063 0.99486 0.451466 0.901634 1.08634 0.789926 0.388489 0.966373 0.228972 0.774535 0.508506 0.418535 0.599571 0.734779 0.967315 0.0941045 0.623777 0.0512951 1.04341 0.350162 1.12232 1.06769 0.403966 0.967038 1.01278 0.630518 0.597604 0.740224 0.760121 0.533403 0.303924 0.469247 0.659687 1.1042 1.16699 0.128932 0.598242 0.273231 0.702697 1.12288 0.325911 0.187247 0.866137 0.42071 0.649375 0.459322 0.569935 0.811742 0.979621 0.366027 0.38025 1.11763 0.671083 0.3032 0.907823 0.400183 0.342872 0.853643 0.602755 0.983051 1.11226 0.638561 0.473743 0.653406 0.323049
0.637925 0.443841 0.514373 0.723645 0.744313 0.323322 1.03885 0.444348 1.13382 0.533569 0.669821 1.04648 0.44862 0.846725 1.07506 0.813759 0.323441 0.956443 0.222988 0.852744 0.565594 0.482464 0.677323 0.664247 0.870802 0.318027 0.488971 0.0758562 1.22934 0.223642 1.09376 0.89297 0.353346 1.18974 0.959961 0.619811 0.794317 0.968633 0.70708 0.514257 0.201611 0.377051 0.591129 1.1024 1.07368 0.0718406 0.698416 0.378201 0.494945 1.06468 0.544207 0.244207 0.994427 0.180257 0.747811 0.470085 0.676834 0.75487 0.934689 0.551785 0.53545 1.05005 0.691829 0.418341 0.858244 0.593438 0.636137 0.977873 0.422608 1.1786 1.0523 0.702525 0.437208 0.667741 0.303161
0.59837 0.461952 0.503269 0.782507 0.904816 0.373126 0.896059 0.413478 0.917661 0.72663 0.764948 1.01322 0.494723 0.713884 0.991861 0.716193 0.298005 1.14785 0.0967617 1.03107 0.592141 0.266133 0.436038 0.728096 0.982313 0.149329 0.397904 0.027851 1.07381 0.247377 1.14423 1.02542 0.314369 1.04353 0.98476 0.580752 0.71643 0.927507 0.786695 0.705364 0.322115 0.48454 0.72237 0.935563 1.1481 0.219304 0.822979 0.535068 0.628873 0.972518 0.478186 0.317636 0.96636 0.418932 0.642359 0.324082 0.512974 0.685087 1.07016 0.330459 0.352906 1.02803 0.448949 0.353516 1.13199 0.464286 0.423594 0.780726 0.448745 1.1314 1.04811 0.512406 0.705285 0.582236 0.143454
0.410085 0.375348 0.466112 0.872745 0.864519 0.351292 1.06986 0.217983 1.02706 0.625441 0.848171 0.940271 0.528573 0.679932 1.00127 0.594346 0.206452 0.941708 0.302838 0.859789 0.761177 0.425635 0.677685 0.561373 0.830688 0.3139 0.567352 0.20417 1.06609 0.314036 1.10255 0.909311 0.372499 0.963127 1.04965 0.783667 0.62494 0.751267 0.884317 0.582489 0.152858 0.458237 0.835732 1.05084 1.04577 0.340873 0.721248 0.365138 0.560919 1.05621 0.557053 0.100701 0.975138 0.235468 0.715734 0.497457 0.698951 0.556922 0.970243 0.524005 0.46809 0.933154 0.628897 0.365614 0.907833 0.56843 0.486522 0.78896 0.501428 1.14537 0.956278 0.714237 0.690082 0.787227 0.149541
0.590593 0.325571 0.350163 0.737189 0.727795 0.249434 0.941495 0.456181 1.09045 0.504638 0.779569 1.04527 0.510946 0.816276 1.00737 0.534464 0.178078 0.958027 0.208855 0.746978 0.637703 0.36448 0.537861 0.57757 1.08666 0.153073 0.399944 0.232086 1.17395 0.0936686 1.19375 0.981863 0.260794 1.24966 0.829019 0.809814 0.563113 0.807715 0.847711 0.717666 0.233013 0.292754 0.667118 1.00024 1.00005 0.137013 0.629394 0.34458 0.659629 0.863489 0.492387 0.326441 0.81702 0.324849 0.822181 0.526424 0.682528 0.764563 1.00043 0.548219 0.386515 1.13355 0.686408 0.521334 1.05949 0.612596 0.391396 0.764769 0.457357 1.05764 0.893029 0.49266 0.580367 0.641653 0.173318
0.398232 0.369892 0.297389 0.808147 0.954385 0.259175 1.00691 0.272944 1.13084 0.581676 0.718657 0.96164 0.292909 0.886816 1.10793 0.681149 0.320345 1.20627 0.293898 0.770088 0.690755 0.370569 0.566702 0.704321 0.88605 0.175251 0.539892 0.212922 1.16861 0.0879242 1.08947 0.928859 0.250391 1.13548 0.985389 0.736575 0.705564 0.905167 0.826829 0.607149 0.322581 0.37615 0.820284 1.06244 1.04573 0.313392 0.681312 0.405064 0.485148 0.902342 0.478355 0.280074 0.969799 0.225326 0.689256 0.395032 0.651628 0.73585 1.0612 0.357525 0.502717 1.07086 0.61515 0.339359 0.956264 0.510316 0.529313 0.842578 0.340934 1.06601 1.15052 0.440678 0.642596 0.608934 0.262861
0.580516 0.509428 0.449435 0.794354 0.848102 0.304384 0.8996 0.412043 1.07997 0.700905 0.667506 1.13557 0.390532 0.90859 1.00482 0.524802 0.128484 1.20253 0.0740501 0.761002 0.711501 0.391421 0.428827 0.654461 1.05362 0.348827 0.454879 0.228807 1.17215 0.155738 1.15774 0.936944 0.369048 1.03823 1.0261 0.838826 0.599051 0.785797 0.948616 0.600587 0.327246 0.449582 0.70891 1.02197 1.05046 0.200501 0.626551 0.271945 0.632485 0.949917 0.364426 0.152001 0.994758 0.183886 0.652613 0.438255 0.615755 0.550301 1.00189 0.53298 0.4861 1.08474 0.646026 0.282118 0.984138 0.422021 0.521395 1.00689 0.409534 1.12232 1.11687 0.713802 0.62377 0.505275 0.127492
0.520633 0.374046 0.539129 0.900909 0.837427 0.171403 1.07569 0.390318 1.03872 0.449404 0.861998 1.15654 0.467524 0.72443 0.960333 0.795894 0.291064 1.10801 0.255522 0.834887 0.511734 0.290016 0.634548 0.483975 0.983154 0.358939 0.385176 0.0494243 1.06049 0.243895 0.987496 1.0544 0.338307 1.0482 1.03835 0.721227 0.709766 0.71605 0.960775 0.670124 0.18517 0.380847 0.664833 0.922936 0.983765 0.0629443 0.741283 0.427225 0.486127 1.02113 0.483769 0.29579 0.7362 0.296592 0.726322 0.52786 0.603208 0.551987 0.833357 0.432079 0.50425 1.13131 0.575853 0.31271 1.07844 0.595414 0.533349 0.789962 0.426578 1.14523 0.895125 0.672639 0.465118 0.75548 0.263053
0.563004 0.466962 0.256115 0.852694 0.805701 0.238021 1.00786 0.291169 0.969019 0.586469 0.671326 1.19676 0.399547 0.84532 1.1663 0.614078 0.111546 1.05733 0.19915 0.775918 0.629878 0.483688 0.526025 0.734072 1.0746 0.290141 0.362551 0.0901799 1.22266 0.0990891 1.18893 1.06901 0.488735 1.24142 1.0208 0.733236 0.689281 0.821439 0.937469 0.796068 0.334222 0.4926 0.670241 0.927323 0.995584 0.273036 0.55804 0.523145 0.712856 0.992117 0.363651 0.348071 0.851338 0.40953 0.792369 0.489443 0.58426 0.70119 1.0997 0.368241 0.588274 0.974117 0.482937 0.324099 1.01102 0.479707 0.592597 0.904393 0.573247 1.01856 0.879293 0.478471 0.463621 0.68842 0.213809
0.58778 0.388207 0.355732 0.962542 0.766435 0.174685 1.14888 0.331791 0.939639 0.694113 0.653435 1.03922 0.521111 0.891837 0.937174 0.821693 0.363476 1.01972 0.0623571 0.767686 0.682511 0.474529 0.467852 0.520201 0.880255 0.311221 0.572333 0.127797 1.20947 0.106172 0.898343 0.908766 0.448422 1.06153 0.794795 0.579379 0.619442 0.954769 0.914441 0.763466 0.187208 0.260906 0.590763 1.01716 1.12006 0.176587 0.566027 0.45376 0.616852 1.07964 0.351273 0.111913 0.820627 0.142685 0.803205 0.346095 0.62955 0.665704 0.864929 0.290635 0.605585 1.20999 0.50183 0.376294 0.943586 0.641585 0.560531 0.782072 0.328711 1.04572 1.05002 0.4322 0.558772 0.614488 0.302256
0.624722 0.417843 0.501203 0.792035 0.768248 0.167641 1.01875 0.4031 0.96836 0.449905 0.639971 1.13194 0.42559 0.840091 1.16538 0.530657 0.206777 0.95371 0.12701 0.743267 0.533688 0.388008 0.48384 0.675572 1.04878 0.321296 0.510376 0.159081 1.16113 0.21114 1.11914 1.04298 0.308197 1.10283 0.907211 0.758731 0.702957 0.846345 0.95151 0.780746 0.393754 0.511852 0.677631 1.09131 1.07077 0.264951 0.710026 0.5604 0.469748 0.989225 0.491336 0.245857 0.928705 0.368874 0.77802 0.458033 0.561778 0.697411 0.995683 0.387802 0.497175 1.03671 0.585788 0.483949 1.11842 0.473268 0.391066 0.813167 0.357214 0.968764 0.979687 0.609504 0.524303 0.57908 0.34468
0.591632 0.222376 0.491755 0.880946 1.00793 0.351338 1.06751 0.412336 1.07248 0.627298 0.618941 0.961802 0.456158 0.883661 1.16933 0.737437 0.254773 1.13346 0.109462 0.899437 0.742941 0.520018 0.607575 0.6518 1.04188 0.190691 0.349852 0.181899 1.16477 0.119208 0.972086 0.933466 0.320727 1.23227 1.04676 0.713912 0.716257 0.754449 0.683613 0.743001 0.125728 0.440614 0.791133 1.17674 0.973636 0.201485 0.719664 0.393164 0.636126 0.957708 0.509115 0.182519 0.89007 0.194078 0.815328 0.322001 0.619475 0.751608 0.828267 0.368578 0.53282 1.12991 0.5103 0.298516 0.955679 0.455729 0.551139 1.00972 0.562632 0.952999 1.1142 0.502635 0.580739 0.621147 0.131471
0.519267 0.323898 0.353083 0.98797 0.756714 0.250967 0.887624 0.401174 1.06928 0.607251 0.83762 1.19695 0.414853 0.70461 1.17555 0.637564 0.345173 1.10958 0.299981 0.789551 0.727385 0.26534 0.671753 0.636924 0.894607 0.340826 0.395422 0.192748 1.12542 0.131369 0.929837 0.947234 0.390888 1.02534 0.815602 0.836617 0.801503 0.955741 0.811438 0.529836 0.147046 0.290225 0.764063 1.20958 1.00715 0.211682 0.629631 0.320784 0.489951 0.962519 0.390935 0.133179 0.896284 0.218627 0.799501 0.376916 0.540873 0.697687 1.04129 0.564778 0.38288 1.12528 0.457458 0.350213 0.90624 0.625134 0.494776 0.946533 0.509099 1.05665 1.0759 0.498652 0.471994 0.794156 0.260805
0.484895 0.22893 0.454533 0.740416 0.719567 0.430458 1.11336 0.396857 0.878752 0.520868 0.846123 0.93674 0.417168 0.642152 1.0663 0.777698 0.321265 1.03664 0.323913 0.912407 0.704912 0.35282 0.516903 0.636351 1.02324 0.315837 0.348994 0.182121 0.997701 0.124301 1.03144 1.10854 0.227283 1.1068 0.839034 0.691679 0.810095 0.864159 0.874256 0.625632 0.124024 0.300853 0.855007 1.14948 0.997051 0.197069 0.708893 0.496988 0.481154 0.964467 0.401614 0.292295 0.998372 0.143025 0.751283 0.526785 0.421506 0.590023 0.965154 0.514628 0.617329 1.0695 0.501193 0.396328 1.11843 0.593467 0.382477 0.861261 0.512108 1.15749 1.08299 0.4488 0.500602 0.552843 0.168222
