25 75
0.173063 0.14969 0.665832 0.831127 0.981111 0.705575 0.803715 0.502973 0.269762 0.373967 0.611765 0.882458 0.674516 0.809994 0.543138 1.11458 0.19882 0.868729 0.247834 0.250286 0.324188 0.326092 0.835419 0.858659 0.379639 0.982045 0.463927 0.617367 0.502199 1.20423 0.461718 1.20258 0.51781 0.159384 0.693269 0.260297 1.18111 0.504454 0.998396 0.187777 0.401926 0.573932 0.605971 0.925623 0.571984 0.622729 0.733684 0.835214 0.612773 0.964038 0.994177 0.233461 0.306086 0.584486 0.509913 0.400147 1.0374 0.670408 0.922648 0.385472 0.0422463 0.813206 0.896287 0.458562 0.289673 0.631578 0.87887 0.816417 0.385798 1.04445 0.925135 0.0853434 0.281985 0.218394 0.722254
0.409798 0.139375 0.461775 0.696885 1.16215 0.865148 0.993122 0.301484 0.209049 0.392562 0.668284 0.633119 0.654125 0.860798 0.553294 1.16623 0.12088 0.750726 0.132584 0.457071 0.240914 0.448538 0.871927 0.807786 0.444155 1.22303 0.332299 0.367584 0.375131 1.1855 0.62374 1.05671 0.672745 0.382872 0.732837 0.26441 0.930477 0.513797 1.18114 0.142405 0.584431 0.402069 0.633189 0.863674 0.362544 0.471647 0.666299 1.0873 0.560177 0.939348 1.01096 0.18982 0.268277 0.466084 0.676571 0.479217 0.887869 0.621145 0.917008 0.25033 0.171899 0.862008 0.807068 0.554262 0.0956978 0.646272 1.08293 0.91606 0.419027 1.12093 0.804526 0.311926 0.101566 0.254356 0.618164
0.228776 0.0776273 0.645401 0.851237 0.969179 0.826433 0.859172 0.573435 0.445887 0.528429 0.709133 0.76376 0.799168 0.829817 0.559397 1.24611 0.15561 0.885041 0.233448 0.206346 0.361406 0.507588 0.788869 0.765304 0.28723 1.00466 0.370621 0.42785 0.455388 1.09398 0.577422 1.0566 0.771335 0.278273 0.597137 0.253823 0.963641 0.52694 1.19403 0.146611 0.611833 0.401474 0.555687 0.867338 0.607097 0.559837 0.643632 0.860767 0.630679 0.975262 1.17388 0.179052 0.468468 0.572147 0.733862 0.603609 1.01023 0.814945 1.00783 0.177932 0.201655 0.89325 0.734661 0.509382 0.278848 0.805515 0.858626 0.759299 0.56876 0.972975 0.98443 0.281724 0.0617593 0.404404 0.551246
0.266272 0.14847 0.62521 0.864476 1.19848 0.907313 0.740763 0.480461 0.209156 0.348849 0.751603 0.846732 0.642424 0.844033 0.534655 1.06368 0.339028 0.992189 0.220045 0.476028 0.497745 0.342388 0.823245 0.667763 0.491837 1.21461 0.609134 0.440963 0.407692 1.20483 0.494063 1.15319 0.605467 0.191846 0.613088 0.240967 1.12087 0.498657 1.20473 0.129513 0.600374 0.449476 0.68669 1.0603 0.649502 0.503403 0.559452 0.833533 0.757098 1.05693 1.01176 0.413615 0.254823 0.574043 0.507884 0.58821 1.04267 0.633558 0.80266 0.246175 0.144069 0.856623 0.931295 0.552036 0.154497 0.649114 1.04891 0.770759 0.372146 1.18291 0.877985 0.201536 0.22324 0.441645 0.778743
0.281296 0.186768 0.447164 0.841547 0.947836 0.906437 0.838732 0.391047 0.327088 0.511242 0.498729 0.899293 0.667958 0.85188 0.545457 1.24903 0.258734 0.795685 0.146415 0.228968 0.34296 0.451297 0.888609 0.809597 0.295699 1.1078 0.397449 0.425235 0.422806 1.22564 0.535721 1.19061 0.757026 0.340599 0.670426 0.0854995 1.19186 0.473972 1.18886 0.284535 0.372636 0.406509 0.585171 0.830166 0.456461 0.706271 0.721225 1.0016 0.622023 0.927598 1.08245 0.293757 0.345466 0.503406 0.647996 0.515962 1.04795 0.707114 1.0143 0.193346 0.154531 0.983099 0.972003 0.489389 0.169247 0.647918 0.989781 0.705195 0.449757 1.13877 0.867692 0.354797 0.0272111 0.46969 0.794191
0.164306 0.29255 0.65303 0.939452 1.08901 0.707351 0.742046 0.317037 0.287475 0.454338 0.529701 0.84707 0.561112 0.970016 0.263646 0.992369 0.217386 0.99894 0.154414 0.380764 0.25974 0.377185 0.745471 0.78234 0.364058 1.01986 0.359247 0.380685 0.378073 1.28853 0.581579 1.16099 0.772687 0.128999 0.780795 0.26667 0.958616 0.475734 1.21661 0.212679 0.508736 0.398833 0.503997 1.07708 0.571465 0.56253 0.603816 0.984117 0.524881 1.13899 1.11013 0.180078 0.274185 0.562395 0.610116 0.384923 1.13713 0.877618 1.00244 0.355417 0.0920997 0.768272 0.812931 0.405579 0.167807 0.71653 0.964553 0.885825 0.411526 1.21903 0.932348 0.267875 0.0407198 0.341853 0.82205
0.2277 0.210845 0.713121 0.908396 0.999766 0.721175 0.722345 0.30803 0.265356 0.531976 0.507887 0.77102 0.562025 0.747752 0.413018 1.24692 0.224871 0.760502 0.0632936 0.475312 0.399966 0.446084 0.767007 0.948345 0.440746 1.2145 0.355783 0.470778 0.46311 0.994696 0.439408 1.23589 0.736605 0.392139 0.677206 0.131462 1.18554 0.512513 1.18273 0.0901048 0.435231 0.475977 0.547466 1.07817 0.579396 0.73239 0.724404 0.931163 0.552084 1.0521 1.19745 0.320019 0.431014 0.45381 0.484361 0.405378 0.870041 0.831292 0.884856 0.21035 0.0558533 0.797207 0.894809 0.51806 0.330426 0.813611 1.09411 0.714533 0.594838 1.01859 0.867582 0.259644 0.259089 0.392552 0.753303
0.307671 0.191246 0.703999 0.985366 1.12463 0.757895 0.869039 0.524685 0.251501 0.368173 0.744412 0.902654 0.789734 0.892278 0.54459 1.16349 0.195354 0.724376 0.274649 0.483382 0.519347 0.512637 0.832294 0.879533 0.25694 1.00578 0.350311 0.579199 0.284603 1.27821 0.598954 1.14156 0.567151 0.322709 0.703491 0.250681 1.01978 0.288058 1.07667 0.279002 0.537235 0.505985 0.703971 0.848682 0.45717 0.546231 0.767568 0.981008 0.717217 1.09826 1.07122 0.351579 0.464448 0.553545 0.609789 0.646654 1.11704 0.677189 0.897102 0.424899 0.246892 0.803559 0.754599 0.42905 0.178234 0.827917 0.970131 0.897322 0.416266 1.0887 0.759799 0.157813 0.0659357 0.245725 0.587439
0.353824 0.202043 0.708336 0.814881 1.01815 0.833185 0.87416 0.428679 0.239071 0.392243 0.598335 0.741397 0.607142 0.934073 0.488411 1.25092 0.141049 0.723424 0.253055 0.393137 0.531455 0.400647 0.820089 0.677633 0.393651 1.04974 0.518563 0.56764 0.30278 1.06245 0.551128 1.23385 0.634503 0.263638 0.712365 0.136505 1.00421 0.272594 1.18363 0.180218 0.501877 0.615878 0.717567 0.975692 0.601121 0.678502 0.746799 0.995675 0.769007 1.19852 1.07064 0.363736 0.340658 0.481296 0.672052 0.415651 0.959029 0.642429 0.986464 0.221019 0.286085 0.993781 0.863045 0.329406 0.129733 0.579729 1.1228 0.67731 0.530111 1.1997 0.934512 0.085989 0.312201 0.334692 0.784486
0.287244 0.21098 0.734691 0.783079 0.990987 0.828626 0.939345 0.553106 0.167945 0.447115 0.769859 0.622287 0.73342 0.989081 0.474411 1.2675 0.320374 0.846505 0.175938 0.445816 0.432356 0.435443 0.761181 0.78901 0.39028 1.11347 0.451455 0.509004 0.231389 0.999531 0.519312 1.05597 0.607005 0.28549 0.635117 0.0560495 1.11635 0.486231 1.01676 0.100998 0.619779 0.571947 0.536495 0.865847 0.404779 0.553105 0.639897 0.834182 0.795097 1.20049 1.00212 0.220163 0.46301 0.638761 0.739178 0.427019 0.946006 0.854234 0.776151 0.264005 0.0408298 0.717616 0.720115 0.340363 0.159979 0.722635 0.878076 0.71372 0.591502 1.00935 0.880471 0.106186 0.309275 0.187064 0.685614
0.398827 0.30935 0.466296 0.716619 0.967316 0.922834 0.990096 0.41619 0.175547 0.584163 0.692411 0.788643 0.595611 0.925773 0.439638 1.11512 0.189292 0.733391 0.252273 0.409106 0.511343 0.532101 0.748501 0.891712 0.265925 1.12026 0.423904 0.469649 0.350543 1.05091 0.398323 1.02355 0.738395 0.144885 0.583713 0.0571206 1.02354 0.447939 1.22278 0.335708 0.44837 0.588547 0.580204 0.944332 0.45472 0.598717 0.512989 0.83172 0.585723 0.953439 1.0857 0.278296 0.205224 0.678458 0.691946 0.430766 0.973566 0.722312 0.907334 0.34849 0.075581 0.726594 0.924574 0.567345 0.148481 0.593333 1.11246 0.865512 0.408068 1.207 0.801192 0.313161 0.130363 0.194666 0.634337
0.261243 0.326972 0.438607 0.921439 1.16301 0.710877 1.00455 0.39744 0.399315 0.35623 0.526281 0.624048 0.766934 0.944815 0.515062 1.05272 0.258899 0.799372 0.245054 0.451569 0.271997 0.49749 0.732833 0.721914 0.473741 1.06144 0.316859 0.540302 0.227735 1.23129 0.395917 1.0799 0.766325 0.207432 0.725772 0.331933 1.19858 0.369954 0.995686 0.118695 0.542755 0.451089 0.441416 1.08914 0.459991 0.63812 0.759799 1.09071 0.528815 0.974902 1.14212 0.249521 0.493383 0.673142 0.491162 0.359585 0.996657 0.70947 0.891606 0.294124 0.200871 0.890099 0.938292 0.567189 0.200483 0.614966 0.881583 0.695662 0.535157 1.11395 0.893149 0.0873488 0.0404645 0.392812 0.692902
0.254565 0.224285 0.693848 0.83872 0.939719 0.904594 0.923743 0.371089 0.373796 0.631297 0.548627 0.669547 0.73493 0.727651 0.386369 0.992084 0.242319 0.724708 0.347053 0.261665 0.284278 0.439813 0.744632 0.923425 0.445754 1.15845 0.490988 0.40606 0.47908 1.16898 0.502691 1.07716 0.636186 0.241466 0.590019 0.0629245 0.901014 0.355635 1.04763 0.173219 0.509656 0.448999 0.515628 0.826468 0.519265 0.650756 0.748951 0.856371 0.588943 1.14994 1.06155 0.206529 0.264056 0.500495 0.645053 0.42962 0.971514 0.740312 0.789315 0.227324 0.278234 0.713122 0.716487 0.310209 0.381244 0.587635 1.0109 0.818159 0.308028 0.935517 0.886305 0.0836003 0.151384 0.329936 0.678493
0.27752 0.260019 0.462689 0.791207 1.18044 0.779825 0.814886 0.568339 0.319537 0.497648 0.479677 0.676473 0.802315 0.824894 0.365139 1.13719 0.108865 0.975988 0.128709 0.264443 0.401615 0.311582 0.721927 0.713482 0.455723 1.07846 0.38099 0.590283 0.486247 1.14336 0.434937 1.04973 0.620399 0.395625 0.722923 0.157321 1.06368 0.451683 1.19357 0.123713 0.479663 0.602708 0.430602 1.10507 0.61681 0.694932 0.533972 1.06251 0.662115 1.08917 1.03636 0.310378 0.360523 0.465941 0.473232 0.524641 1.08718 0.873811 0.838657 0.364844 0.0321626 0.827474 0.943388 0.497055 0.128173 0.578779 1.11561 0.842052 0.42804 1.11812 0.930298 0.242888 0.223996 0.260037 0.776417
0.310244 0.0927692 0.690569 0.986801 1.03411 0.802742 0.81505 0.405923 0.211754 0.346581 0.750176 0.878065 0.82202 0.900863 0.319008 1.15754 0.315747 0.86442 0.116826 0.357588 0.416951 0.550591 0.770226 0.859942 0.383653 1.03313 0.339399 0.565667 0.458089 1.25884 0.618954 1.15838 0.71507 0.231681 0.623911 0.16466 1.07507 0.460379 0.977709 0.230476 0.487875 0.595404 0.631598 0.912561 0.369005 0.498826 0.667013 1.04001 0.635678 1.01718 1.11927 0.363737 0.463168 0.472905 0.735975 0.385808 1.03181 0.714805 0.83945 0.201497 0.0486076 0.895442 0.861068 0.56598 0.33525 0.680561 0.983527 0.821309 0.464738 1.10982 0.981431 0.068851 0.0503042 0.235729 0.611419
0.299026 0.119618 0.461237 0.950485 0.991284 0.927454 0.757763 0.440343 0.320299 0.452114 0.539436 0.874828 0.646775 0.767036 0.433862 1.14421 0.321804 0.879788 0.082803 0.291611 0.253123 0.460629 0.852439 0.697302 0.27686 0.954676 0.525828 0.40869 0.357205 0.997932 0.546729 1.21766 0.585303 0.159349 0.724459 0.336981 0.926727 0.282949 0.983927 0.0886874 0.459551 0.523303 0.569085 0.837795 0.572688 0.729368 0.487522 0.933637 0.789903 1.18176 1.03138 0.168551 0.238347 0.725885 0.539481 0.565732 1.04909 0.885298 1.02428 0.452288 0.26501 0.715782 0.762786 0.545704 0.273235 0.85482 1.09203 0.763484 0.423781 0.932959 0.913555 0.134754 0.275815 0.336807 0.698473
0.182663 0.155428 0.554805 0.803465 0.971658 0.790807 0.727948 0.560122 0.38201 0.338555 0.544391 0.877932 0.633241 0.751015 0.344417 1.2372 0.159292 0.935208 0.215268 0.279804 0.342808 0.330147 0.661169 0.737677 0.433376 1.02616 0.38463 0.347474 0.39583 1.07213 0.364186 1.0064 0.784286 0.253488 0.793709 0.257117 1.15775 0.34172 1.00859 0.137449 0.587429 0.395989 0.509036 0.983855 0.415046 0.686094 0.639368 1.09735 0.604999 1.19171 1.02488 0.242491 0.304736 0.65411 0.652669 0.376783 1.09172 0.624488 0.746505 0.213966 0.314271 0.74405 0.751262 0.445128 0.242237 0.819903 1.05673 0.730507 0.505121 1.06462 0.761798 0.292276 0.071581 0.423149 0.713639
0.191047 0.276597 0.594329 0.914906 1.00595 0.861428 0.87121 0.392212 0.186752 0.525493 0.622166 0.642281 0.678444 0.964652 0.527559 0.999069 0.278688 0.910476 0.310609 0.393937 0.406676 0.544095 0.765225 0.866688 0.4846 1.11854 0.499318 0.422031 0.438488 1.18828 0.583314 1.10219 0.683333 0.153772 0.609784 0.0848502 1.07983 0.405903 1.03453 0.1533 0.390017 0.551284 0.443534 0.834607 0.450985 0.465733 0.59167 1.00886 0.754212 1.14471 1.02938 0.291224 0.202105 0.598461 0.724648 0.383767 0.936466 0.665358 0.883203 0.417351 0.132594 0.782858 0.912983 0.298726 0.242107 0.667136 0.840461 0.655832 0.470715 1.07263 0.85711 0.194004 0.2317 0.408416 0.767849
0.179819 0.263606 0.581772 0.827727 1.20578 0.802684 0.889894 0.472932 0.3054 0.612417 0.545267 0.741782 0.691364 0.997271 0.433245 1.14647 0.330938 0.98457 0.347099 0.379221 0.371778 0.404156 0.879023 0.793239 0.487793 1.19509 0.490764 0.56145 0.312356 1.15664 0.40806 1.03556 0.797465 0.228603 0.774846 0.118272 1.05123 0.500055 1.02657 0.330634 0.439987 0.495649 0.507602 0.975397 0.38395 0.669176 0.687941 0.852125 0.728221 1.18369 1.12689 0.127471 0.237226 0.532577 0.508097 0.481511 1.02395 0.798285 1.00871 0.419702 0.193501 0.769336 0.73117 0.593302 0.250058 0.729601 0.861642 0.738258 0.41191 0.972732 0.916649 0.0782525 0.156623 0.438034 0.813717
0.369801 0.0970255 0.532367 0.746485 1.07971 0.776514 0.798637 0.580839 0.199649 0.334514 0.769742 0.65928 0.55192 0.907714 0.398544 1.08979 0.391195 0.802908 0.318865 0.336679 0.498518 0.54319 0.78059 0.916357 0.413557 1.20506 0.467159 0.394322 0.426321 1.09029 0.63683 1.1574 0.731326 0.232765 0.611756 0.130871 0.942953 0.519911 1.15273 0.21913 0.388895 0.598221 0.472093 1.05106 0.418016 0.520216 0.688667 1.04901 0.598707 0.999286 1.14168 0.15669 0.424282 0.668466 0.575675 0.462252 0.860329 0.834692 0.927986 0.377143 0.163871 0.846449 0.801162 0.483249 0.325211 0.775403 1.07603 0.869118 0.433769 1.21395 0.750875 0.298608 0.186827 0.248521 0.771345
0.332393 0.122789 0.728409 0.896432 1.12609 0.750414 0.996201 0.499469 0.315343 0.444737 0.775361 0.661131 0.731861 0.863667 0.45531 1.26864 0.294975 0.928213 0.265308 0.280741 0.358425 0.315719 0.941941 0.831472 0.389658 1.02356 0.329852 0.379589 0.310625 1.26052 0.525765 1.0187 0.702914 0.110606 0.604442 0.138083 1.05531 0.476584 0.959008 0.217114 0.584185 0.618071 0.601191 0.880693 0.377709 0.654361 0.683634 0.835413 0.738941 0.954157 1.1328 0.16797 0.238044 0.6483 0.589923 0.495994 0.970228 0.670078 0.941542 0.169289 0.308505 1.00071 0.725521 0.35458 0.288973 0.721616 0.914071 0.79449 0.371229 1.16348 0.967936 0.0792042 0.0675827 0.287774 0.809769
0.118404 0.0341508 0.447858 0.818685 1.1141 0.874907 0.746364 0.327266 0.18011 0.593447 0.590767 0.655868 0.759049 0.903608 0.35239 1.12472 0.235282 0.995609 0.340065 0.263955 0.324576 0.322292 0.847875 0.651215 0.415176 1.22505 0.41929 0.549258 0.370102 1.22021 0.61186 1.26219 0.574988 0.134837 0.696453 0.125053 1.17175 0.472208 1.00162 0.16733 0.436832 0.469954 0.613689 1.11023 0.471501 0.653827 0.585299 0.833173 0.593873 1.1233 1.06209 0.319245 0.263772 0.75235 0.579007 0.406834 1.12232 0.824355 1.00812 0.26721 0.129079 0.802444 0.884863 0.589343 0.295059 0.87278 0.902032 0.706872 0.584539 0.953634 0.83924 0.321775 0.221559 0.266566 0.74999
0.137364 0.325318 0.577431 0.749074 1.05845 0.784453 0.757597 0.475433 0.212085 0.355394 0.529985 0.892455 0.839997 0.74433 0.336837 1.07561 0.353577 0.878423 0.289422 0.34463 0.300566 0.346707 0.946851 0.67299 0.421704 1.07509 0.456438 0.525621 0.460959 1.05321 0.428169 1.17184 0.5205 0.141696 0.688685 0.273549 1.0799 0.474286 1.08584 0.186947 0.581869 0.532825 0.427462 0.896379 0.501184 0.685601 0.619999 1.07013 0.677809 1.16922 1.11452 0.227078 0.335049 0.672906 0.604907 0.404865 0.985757 0.847871 0.846953 0.243221 0.0805115 0.71443 0.978607 0.588328 0.315184 0.662167 0.847437 0.946952 0.53506 1.14557 0.938345 0.0991476 0.0360015 0.426807 0.583322
0.278703 0.207884 0.659423 0.895272 1.16847 0.788197 0.964117 0.329472 0.399817 0.447635 0.725256 0.851794 0.813701 0.784797 0.523791 1.15198 0.202385 0.943985 0.264321 0.327736 0.360325 0.304742 0.772635 0.781092 0.400852 1.11713 0.506101 0.360218 0.260037 1.06134 0.380778 1.0122 0.737204 0.124954 0.635687 0.337647 1.14274 0.409413 0.934685 0.183802 0.405471 0.541198 0.528068 1.09032 0.52794 0.706104 0.499682 0.835737 0.648162 0.946024 0.970019 0.257314 0.386794 0.566808 0.57654 0.576967 0.896991 0.879405 1.00239 0.331085 0.227425 0.746616 0.859859 0.563213 0.135259 0.841769 1.03591 0.768665 0.572835 0.958303 0.875001 0.07362 0.21229 0.363693 0.622722
0.15851 0.285846 0.716776 0.797506 1.13404 0.838184 0.711135 0.357476 0.407807 0.371429 0.486903 0.848673 0.566347 0.781209 0.513966 1.27969 0.327723 1.01797 0.0584565 0.244649 0.384787 0.353306 0.819812 0.928703 0.218045 1.13459 0.343359 0.364461 0.509213 1.28037 0.389491 1.04375 0.617774 0.112076 0.58653 0.310079 1.19777 0.412346 1.10556 0.211377 0.577376 0.575122 0.539212 1.09673 0.420684 0.731197 0.628044 0.853001 0.513864 1.14648 0.998073 0.291178 0.24222 0.663222 0.611663 0.630716 1.06741 0.79813 0.917746 0.253493 0.307406 0.763291 0.877624 0.309659 0.356433 0.598842 1.0465 0.684278 0.468154 1.08223 0.879481 0.302946 0.207218 0.440321 0.77505
