25 75
0.814836 1.0133 1.03268 0.410734 0.792419 0.969979 0.446979 0.668853 0.689418 0.96955 0.973104 1.08819 0.354479 0.516754 0.383631 0.850117 0.715363 1.08777 0.913352 0.761438 0.313506 0.344783 0.280564 1.00765 0.285227 0.893786 0.497362 0.83568 0.854578 0.924385 0.680334 0.451188 0.56152 0.723828 0.284551 1.11928 1.12091 0.479485 0.898978 0.806811 0.411221 0.532244 0.475815 0.398191 0.298231 0.862046 0.67331 0.92367 0.878724 0.883635 0.60296 0.436269 0.418608 0.586069 0.778705 1.13253 0.429725 0.268596 0.769655 0.864806 0.545566 0.391591 0.732594 0.210547 0.614039 0.735257 0.578912 0.241125 0.870209 0.881566 0.663025 0.520957 0.683431 0.822658 0.505341
1.02386 0.889944 1.075 0.242772 0.544166 1.00979 0.459504 0.650502 0.546151 1.19198 1.0726 1.0748 0.348452 0.557019 0.317987 1.03968 0.89967 1.10027 0.862657 0.886619 0.572535 0.481123 0.353243 1.0233 0.18805 0.915043 0.518049 0.906284 0.890344 0.917463 0.751513 0.442632 0.727561 0.640107 0.196575 1.02191 0.901488 0.295191 0.897199 0.767825 0.344701 0.59903 0.330294 0.202568 0.229487 0.924355 0.665955 0.891636 0.727793 1.04052 0.790487 0.301972 0.207041 0.79317 0.876309 1.02215 0.407652 0.262053 1.03424 0.998745 0.699547 0.583843 0.710021 0.209869 0.61932 0.78621 0.461096 0.232242 0.903624 0.967032 0.614539 0.659073 0.61487 0.983014 0.48558
0.866484 1.02164 1.07586 0.155772 0.774256 0.891709 0.495189 0.765199 0.54827 1.18423 0.983627 1.08366 0.444015 0.585036 0.457102 1.06422 0.807712 1.04739 0.841791 0.935072 0.504735 0.469515 0.361442 0.921114 0.394942 0.739388 0.394103 0.91412 0.719606 1.08626 0.788458 0.506684 0.777336 0.675648 0.343886 1.20186 1.08068 0.460227 0.948442 0.928751 0.424799 0.481705 0.421044 0.413491 0.212565 0.774763 0.636465 0.914636 0.874738 0.915627 0.580733 0.238013 0.449645 0.576084 0.845402 1.07402 0.650134 0.332226 0.877754 1.07178 0.663087 0.43619 0.608854 0.377977 0.453507 0.609553 0.499995 0.146799 0.905399 0.976523 0.503394 0.47792 0.879012 1.02942 0.456716
1.11041 1.11832 0.85425 0.243011 0.563426 0.940605 0.470826 0.725884 0.584658 1.15525 1.07315 0.949951 0.501421 0.469363 0.253637 0.952433 0.901126 1.05023 1.02869 0.949732 0.275947 0.55382 0.234748 0.941572 0.393382 0.664288 0.390742 0.919963 0.758441 0.998341 0.626384 0.504473 0.595348 0.456499 0.070537 1.27656 1.11487 0.266703 1.05431 0.698672 0.438773 0.55565 0.322724 0.334011 0.409419 0.894018 0.547271 0.983696 0.669957 1.0008 0.611686 0.393003 0.275975 0.622963 0.702259 0.983589 0.433195 0.264101 0.984146 1.1051 0.632166 0.430384 0.574211 0.3717 0.591439 0.678196 0.562783 0.0107414 1.13366 0.778426 0.541865 0.450179 0.776932 0.855181 0.266073
0.974481 0.899318 0.968968 0.185399 0.732205 0.970302 0.536689 0.720928 0.559962 1.07338 1.16591 0.932617 0.440422 0.479996 0.341394 1.07254 0.821786 1.0517 1.04808 0.792479 0.351149 0.563922 0.209538 0.957735 0.28801 0.767738 0.329684 0.996076 0.788334 0.960049 0.741229 0.447289 0.607314 0.595214 0.273539 1.28276 0.964462 0.45607 0.993555 0.877826 0.21724 0.560779 0.503043 0.138225 0.39347 0.864656 0.789602 0.890128 0.85783 1.02945 0.752375 0.214653 0.278751 0.635707 0.784064 0.883677 0.467719 0.296462 0.98298 0.986491 0.605388 0.484214 0.73703 0.109985 0.473889 0.878162 0.511321 0.130051 0.925912 1.00369 0.491266 0.443301 0.866037 0.758984 0.281013
0.914576 0.923512 1.13541 0.142646 0.825217 0.969069 0.499073 0.577636 0.514434 0.915989 1.02332 1.07993 0.486097 0.615484 0.349482 0.932268 0.863499 0.880989 1.00883 0.801747 0.300797 0.519665 0.192562 1.11357 0.236694 0.925599 0.452527 0.828918 0.885182 0.886555 0.639453 0.575144 0.716027 0.67126 0.299488 1.11054 0.857715 0.413819 0.983664 0.756961 0.25501 0.67794 0.528621 0.171848 0.265754 1.02561 0.667007 0.870445 0.664756 1.07207 0.723898 0.192269 0.309319 0.723598 0.653929 0.913945 0.382815 0.281368 0.888713 1.09599 0.684302 0.574784 0.721349 0.359042 0.567838 0.72412 0.350022 0.0861594 0.987606 1.00416 0.530087 0.403099 0.696017 0.747079 0.287393
0.993169 0.894309 0.957693 0.31801 0.810733 0.98254 0.620401 0.686736 0.584086 0.970364 1.10058 1.01004 0.459967 0.410583 0.312039 0.811547 0.736323 0.855769 1.0294 0.90259 0.504505 0.454293 0.214342 0.936182 0.276838 0.789647 0.583663 0.927227 0.863983 0.954828 0.588809 0.605673 0.707181 0.430129 0.117686 1.03622 0.936531 0.288414 0.905527 0.899742 0.208568 0.639239 0.553088 0.212719 0.428982 0.823009 0.814017 0.841587 0.631204 1.08222 0.795911 0.283788 0.471083 0.791103 0.605568 0.947142 0.571396 0.359215 0.752141 1.02782 0.660447 0.439878 0.594486 0.370906 0.557356 0.59428 0.604603 0.25031 0.995593 0.972923 0.461587 0.58929 0.62078 0.783773 0.320366
0.995615 0.924928 0.932939 0.395283 0.714058 0.81546 0.454566 0.796803 0.41503 1.16334 1.04972 1.00517 0.543922 0.447678 0.440662 0.873016 0.897328 0.953972 1.09521 1.0364 0.410741 0.451188 0.199997 1.09713 0.324877 0.671403 0.461764 0.84526 0.72577 1.09474 0.811395 0.43129 0.531236 0.67794 0.0667973 1.02416 0.964193 0.296622 0.986044 0.836956 0.398471 0.582612 0.500622 0.296396 0.379028 0.824205 0.612229 0.984216 0.836103 0.885806 0.623257 0.286421 0.216564 0.722141 0.859461 0.923751 0.446334 0.409146 0.993262 1.13405 0.623545 0.444882 0.571035 0.376393 0.512291 0.710495 0.4803 0.278644 0.921964 0.918441 0.406935 0.584135 0.649854 0.856479 0.248889
0.852357 1.04575 0.964203 0.407257 0.707156 1.03067 0.717652 0.56535 0.43176 0.912575 1.0188 0.966957 0.450552 0.491742 0.211545 0.979913 0.830959 1.02583 1.06274 0.850653 0.465086 0.403757 0.267902 1.06952 0.383732 0.75556 0.430604 0.895214 0.711286 1.12813 0.778124 0.523791 0.767275 0.634077 0.33895 1.14315 1.09472 0.413983 1.01985 0.826799 0.368278 0.512052 0.37661 0.22984 0.263029 0.783404 0.694913 0.945262 0.89015 0.953844 0.620059 0.438637 0.469925 0.646586 0.822068 1.09528 0.398274 0.313496 0.791194 0.998344 0.615089 0.484198 0.611867 0.104226 0.507883 0.677168 0.437841 0.272795 1.03942 0.891421 0.533355 0.605823 0.692326 0.976642 0.273716
1.02162 0.910953 1.08243 0.200727 0.654857 0.775419 0.649735 0.730625 0.453121 0.951664 1.06449 1.01353 0.350708 0.540149 0.372378 0.955897 0.798232 0.908176 0.869102 0.808512 0.382496 0.456663 0.21213 0.956417 0.16391 0.829857 0.381841 0.909942 0.842435 0.883069 0.618679 0.590703 0.611381 0.67975 0.13608 1.0974 1.03111 0.50039 0.922018 0.741587 0.37605 0.534265 0.573576 0.369384 0.425535 0.97406 0.555449 0.936768 0.865391 0.94316 0.715674 0.292495 0.431907 0.735375 0.695071 0.998235 0.663172 0.469164 0.873429 1.05258 0.783069 0.441329 0.625446 0.0783388 0.438735 0.730262 0.387782 0.0935838 0.947514 0.817304 0.697819 0.642573 0.823171 0.865053 0.450824
0.919834 1.06073 0.977184 0.369096 0.5741 0.878274 0.480005 0.658833 0.634725 1.03093 0.911659 0.979423 0.364803 0.619217 0.40463 0.984522 0.731118 1.01695 1.0104 0.793126 0.445584 0.527369 0.177235 1.01901 0.445496 0.648634 0.402333 1.01062 0.72459 0.959902 0.604942 0.342798 0.611553 0.447285 0.282603 0.995094 0.856985 0.479318 0.879009 0.988618 0.244709 0.687578 0.513832 0.237656 0.353876 1.02565 0.649908 0.884713 0.772311 1.05198 0.837124 0.297383 0.475284 0.60296 0.625796 0.955225 0.57067 0.482515 0.909382 1.00957 0.508695 0.367729 0.639467 0.105474 0.407961 0.736622 0.414765 0.0138917 1.11148 0.976359 0.582186 0.583129 0.715626 0.894613 0.485224
1.01812 0.970809 0.907012 0.337749 0.757095 1.01814 0.449903 0.729373 0.589148 1.05149 1.12583 1.07385 0.320132 0.68555 0.34923 0.856455 0.921966 0.887516 0.913553 0.84544 0.370115 0.434438 0.190111 0.849953 0.431083 0.671262 0.392249 0.88438 0.871145 0.914924 0.827009 0.333208 0.539693 0.460411 0.0738441 1.08389 1.13355 0.250216 1.03584 0.877311 0.450494 0.726377 0.35368 0.25482 0.295092 0.772776 0.615471 0.843868 0.713736 0.886739 0.690744 0.261527 0.20619 0.738409 0.748732 1.15901 0.473182 0.478758 0.941094 0.985682 0.61491 0.439137 0.603807 0.224304 0.511235 0.610428 0.545165 0.123725 0.98357 1.0345 0.691736 0.383536 0.836341 0.888591 0.431279
0.992651 1.0862 1.00819 0.168917 0.792406 0.855773 0.561556 0.523478 0.477499 1.1693 1.12335 1.0104 0.467603 0.479841 0.359832 1.01074 0.889119 1.0598 0.978623 0.909537 0.38668 0.443513 0.34592 0.992504 0.362439 0.777338 0.569005 0.88329 0.878412 0.906898 0.684347 0.577309 0.742148 0.678106 0.205764 1.01001 1.06316 0.406628 0.905189 0.791467 0.33869 0.548151 0.421418 0.311499 0.212516 0.869834 0.717063 0.973756 0.621389 1.03921 0.632087 0.429736 0.205821 0.773757 0.661053 1.00783 0.476025 0.348179 0.826751 1.05021 0.554372 0.334657 0.843906 0.289949 0.459895 0.763895 0.422863 0.132486 0.989437 0.756688 0.635733 0.424267 0.639668 0.942158 0.519048
0.833409 1.09555 1.04521 0.374975 0.611593 0.841398 0.628328 0.677331 0.441728 1.09855 1.0242 0.930481 0.292406 0.598786 0.246368 1.04389 0.91623 0.847891 0.972318 0.854703 0.34102 0.398794 0.174373 0.935691 0.292542 0.755326 0.555763 0.99062 0.787562 0.969148 0.701366 0.493578 0.649199 0.509001 0.0599409 1.0748 1.02563 0.408516 0.954612 0.774165 0.330961 0.543992 0.418225 0.2533 0.392891 0.851561 0.772659 1.05153 0.903792 0.890012 0.717146 0.408083 0.233333 0.673478 0.823471 1.06377 0.621689 0.313365 1.02181 0.929488 0.75063 0.489108 0.813575 0.286271 0.451146 0.593072 0.344102 0.212916 1.01753 0.967024 0.605142 0.517491 0.649923 0.896371 0.525087
1.05264 0.951745 1.08451 0.211296 0.730607 0.832682 0.449921 0.783767 0.582111 0.96076 1.14134 1.14337 0.337985 0.456697 0.2105 0.953419 0.905647 0.937235 1.00035 0.754435 0.566694 0.5233 0.289569 1.04974 0.443161 0.907929 0.449689 1.03308 0.853003 0.901905 0.730973 0.542369 0.760368 0.536908 0.303318 1.18859 0.869167 0.235429 0.904495 0.842447 0.302407 0.583766 0.528271 0.334287 0.279031 0.835418 0.815089 0.969898 0.642247 1.12755 0.840292 0.28783 0.336227 0.613132 0.758362 0.970471 0.517216 0.386645 0.880718 1.08867 0.565894 0.426384 0.699058 0.0893155 0.380527 0.705382 0.343045 0.246426 1.12441 0.931277 0.53931 0.401602 0.810899 0.836521 0.448786
1.00191 0.910614 0.944147 0.367139 0.707983 0.865006 0.497599 0.737145 0.47891 1.06106 1.04161 1.11356 0.344736 0.691455 0.320925 0.816182 0.907204 0.863438 0.900373 0.904186 0.286334 0.619463 0.159104 0.968798 0.375103 0.732865 0.298221 1.08931 0.662908 1.07024 0.575452 0.38356 0.719095 0.51075 0.348413 1.04942 0.981228 0.49864 0.932871 0.868369 0.390326 0.627927 0.437942 0.20345 0.296258 1.02377 0.712789 0.919875 0.621922 1.10971 0.613156 0.387513 0.483082 0.571531 0.860525 1.02964 0.441885 0.338711 0.922286 1.13501 0.681151 0.321797 0.573075 0.37474 0.509436 0.634842 0.390093 0.271807 1.10688 0.922167 0.493253 0.639679 0.712127 0.843101 0.488472
1.05943 0.87776 1.09743 0.157897 0.699237 1.04357 0.534314 0.561087 0.603167 1.09236 1.14711 1.10317 0.378312 0.429947 0.318235 0.787565 0.743382 0.906463 1.07681 0.851086 0.506279 0.627454 0.278776 0.943429 0.410899 0.865619 0.571754 0.980833 0.698959 1.02753 0.600131 0.606533 0.635213 0.575348 0.171271 1.25354 1.13375 0.312385 0.903976 0.697983 0.271866 0.613941 0.363694 0.320571 0.33168 0.928293 0.597433 1.09478 0.80381 0.949621 0.639173 0.426352 0.220689 0.761628 0.634317 1.03802 0.510972 0.343394 0.900052 1.1279 0.774156 0.573705 0.844838 0.146986 0.38938 0.680129 0.426902 0.180886 1.00364 0.940064 0.437311 0.480273 0.640487 0.874232 0.469356
0.876446 0.916315 0.84733 0.360126 0.755364 0.808985 0.557073 0.757658 0.622506 1.011 1.04157 1.15737 0.470837 0.450827 0.316865 0.792852 0.726432 0.855699 1.06374 1.01313 0.359385 0.346848 0.295582 1.03887 0.249421 0.677674 0.471107 1.0332 0.920916 1.02947 0.766411 0.575201 0.601806 0.580847 0.159916 1.03015 1.05195 0.279506 1.07764 0.704039 0.392501 0.730777 0.410623 0.224804 0.310551 0.961662 0.710808 0.875188 0.64406 0.985539 0.680271 0.288556 0.433343 0.585957 0.763039 0.982366 0.516604 0.422696 0.835221 1.08463 0.699687 0.405642 0.836989 0.30727 0.515808 0.802062 0.438181 0.174699 0.942018 1.03244 0.647519 0.468653 0.757518 0.743523 0.255452
1.10573 0.937216 1.00012 0.226933 0.563945 0.87152 0.584486 0.638673 0.516637 1.08007 0.95491 1.01188 0.432554 0.633525 0.343259 0.820475 0.953078 1.03192 1.10048 0.943837 0.307671 0.617907 0.392247 0.964689 0.412561 0.799484 0.422776 1.01283 0.9256 0.893281 0.754749 0.34376 0.55 0.50567 0.205693 1.21548 1.06895 0.314779 0.932059 0.764089 0.432218 0.602856 0.482699 0.344394 0.382348 0.881324 0.711325 1.04265 0.733963 1.08794 0.622815 0.19208 0.357488 0.650026 0.592189 0.895533 0.394187 0.456231 1.04061 0.847888 0.600073 0.419289 0.591859 0.178048 0.612256 0.708787 0.481406 0.291328 0.886695 0.858729 0.642185 0.484872 0.850603 1.01637 0.51888
0.827906 0.993547 1.03825 0.315017 0.809143 0.973333 0.517453 0.697593 0.600111 1.08209 0.876534 1.07923 0.555653 0.404427 0.375767 0.946577 0.923935 0.965842 1.00819 1.03881 0.506833 0.389318 0.110197 0.968881 0.359861 0.736179 0.533487 0.913223 0.694225 1.12493 0.76213 0.428165 0.75312 0.674316 0.284076 1.16822 0.900199 0.423189 0.844799 0.958252 0.219158 0.560808 0.490139 0.405937 0.281003 0.868323 0.775188 1.02279 0.805025 0.875356 0.831021 0.204006 0.280307 0.716215 0.617828 1.00277 0.511603 0.263091 0.813803 0.946189 0.683919 0.330673 0.822912 0.201171 0.639144 0.651789 0.417371 0.0682332 0.905754 0.906502 0.615674 0.379252 0.842666 0.967198 0.2827
1.02064 0.937748 0.952813 0.30838 0.621479 0.971 0.562762 0.750665 0.437804 1.13719 1.04231 1.16594 0.372217 0.573955 0.210802 1.06571 0.945182 0.843037 1.05272 0.759022 0.282852 0.388264 0.181534 1.05267 0.371389 0.674407 0.483393 0.953289 0.862949 0.954014 0.812586 0.514008 0.53834 0.643827 0.162487 1.22654 0.993127 0.214679 1.05095 0.769638 0.283858 0.701585 0.407268 0.421631 0.289531 1.01686 0.712164 0.866631 0.616644 1.04621 0.593532 0.240433 0.250498 0.683148 0.629128 0.925597 0.633521 0.395971 0.855263 1.14087 0.75788 0.31763 0.764867 0.296383 0.52939 0.601096 0.584008 0.226822 1.06934 0.949483 0.406516 0.459449 0.638383 0.861576 0.230104
1.07594 1.04758 0.935486 0.245442 0.838534 0.957763 0.475377 0.691794 0.540822 1.00897 0.934611 1.00523 0.527811 0.480806 0.231528 1.04823 0.831479 0.947084 0.937581 0.904276 0.396835 0.62357 0.249037 0.919912 0.344516 0.704267 0.476621 1.06562 0.72073 1.01665 0.694575 0.597564 0.76151 0.644403 0.147508 1.2449 1.13016 0.266086 0.87245 0.708178 0.418843 0.613374 0.576024 0.299865 0.344709 0.951769 0.712196 1.09977 0.656849 1.05893 0.860431 0.264706 0.445414 0.706702 0.67708 0.989036 0.583175 0.27726 0.913981 1.06876 0.66967 0.428954 0.802807 0.230176 0.635512 0.69076 0.3671 0.0213419 0.953678 1.02381 0.688706 0.407488 0.676616 0.993926 0.344608
0.967913 0.99578 0.893321 0.419799 0.698397 0.835853 0.716968 0.667218 0.62073 1.1309 1.08106 1.07532 0.473471 0.491975 0.460825 0.907298 0.983848 0.952238 1.03105 0.965442 0.290717 0.403485 0.151627 0.981436 0.258493 0.660693 0.462916 1.05177 0.86352 1.00607 0.706213 0.563326 0.606492 0.485571 0.267646 1.13795 0.910066 0.325774 0.988476 0.964616 0.366791 0.575479 0.535853 0.175407 0.491686 0.848751 0.64192 0.964011 0.718537 0.971661 0.589987 0.381972 0.290523 0.812029 0.63021 1.10904 0.603176 0.467388 1.01666 1.01793 0.63458 0.536808 0.80143 0.353773 0.534815 0.790994 0.539388 0.0349531 1.07041 0.976752 0.509513 0.39645 0.878753 0.965558 0.482639
0.858634 1.12103 1.02776 0.324878 0.599647 0.8779 0.5639 0.675743 0.648081 1.1573 0.968999 0.948497 0.36673 0.597374 0.46025 0.907361 0.737277 0.96386 1.02435 1.00724 0.456376 0.556266 0.249077 1.06594 0.429976 0.768565 0.402657 1.05232 0.729084 0.964168 0.759784 0.398706 0.707813 0.440693 0.318283 1.08985 0.97454 0.477667 0.877009 0.847277 0.288686 0.507625 0.318187 0.175389 0.238852 0.812909 0.663386 1.10061 0.709475 0.988657 0.737957 0.306327 0.492127 0.521949 0.64675 1.03508 0.654433 0.263885 1.04161 1.09026 0.545115 0.321337 0.601302 0.353943 0.670712 0.680895 0.392041 0.132731 0.941043 0.974513 0.555216 0.57922 0.660525 0.890378 0.480575
0.8498 1.12757 1.07916 0.348215 0.745825 0.852004 0.66875 0.715755 0.409229 1.11774 0.93116 1.0081 0.517023 0.61211 0.273595 1.00015 0.81667 1.05589 0.893097 0.881899 0.286231 0.410952 0.319286 1.06728 0.358499 0.73091 0.52211 1.08784 0.895121 1.1181 0.671968 0.51107 0.582964 0.442068 0.0848979 1.036 1.06557 0.33222 0.891961 0.800952 0.255996 0.446942 0.552834 0.433238 0.429903 0.881166 0.73349 0.941362 0.646452 0.889374 0.830971 0.412838 0.467356 0.607714 0.715113 1.00682 0.546308 0.467077 0.859494 1.0155 0.532215 0.441502 0.673137 0.229456 0.513273 0.750074 0.353526 0.168646 0.976667 0.90525 0.422747 0.417586 0.869491 0.915557 0.385537
