25 75
1.01849 0.746437 0.285169 0.424655 0.675014 0.154201 0.744045 0.220956 0.602457 0.830283 0.18834 1.02411 0.639365 0.257198 0.92962 1.0736 0.735775 1.22552 0.664321 0.679542 0.862284 0.860906 0.714222 1.07926 0.846201 1.02834 0.445061 0.391082 1.06802 0.753103 0.59821 1.07957 0.414429 0.19839 0.802007 0.71423 0.459425 0.45874 0.452224 0.602673 0.847717 0.858773 0.83736 0.465898 0.7737 0.326241 0.75246 0.264251 1.12714 0.968149 0.155103 0.281255 0.519504 1.06912 0.931806 0.885868 0.304328 0.604405 0.871065 0.447094 1.06682 0.991006 0.564004 0.575602 0.587482 0.56758 1.07227 0.62946 1.08062 1.06068 0.298187 0.492477 0.721066 0.0808025 0.371709
0.969124 0.57941 0.260042 0.303954 0.659605 0.21786 0.602377 0.193193 0.512116 0.981644 0.333488 0.991504 0.65636 0.182808 0.911739 1.17585 0.974328 1.13518 0.629536 0.484728 1.05444 0.991136 0.65931 1.05915 0.856441 1.1335 0.455568 0.506054 0.990595 0.855184 0.756255 1.13007 0.289826 0.186139 0.641842 0.644764 0.343865 0.392285 0.439665 0.680005 0.784712 0.929447 0.869152 0.700765 0.802415 0.287852 0.488499 0.198135 1.15713 0.987142 0.166726 0.463003 0.74626 0.999589 1.03415 0.861057 0.119855 0.512462 0.976761 0.44573 1.0836 0.924675 0.584403 0.38938 0.558208 0.565949 1.22966 0.545054 0.968727 1.04306 0.200241 0.620394 0.687063 0.345673 0.420645
1.06566 0.486938 0.401282 0.217019 0.574192 0.186208 0.767403 0.202986 0.560666 0.868944 0.231742 1.1814 0.802537 0.0869362 0.917537 1.03964 0.823942 1.23508 0.709037 0.693126 0.951 0.84207 0.817208 1.13417 1.03186 1.05338 0.412547 0.615077 1.02025 0.872656 0.711226 1.21531 0.333226 0.12679 0.575276 0.633352 0.253379 0.390213 0.411507 0.558643 0.591998 0.906828 0.714326 0.638596 0.702425 0.49433 0.67176 0.103051 1.07252 0.991701 0.416315 0.519054 0.75086 0.986884 0.967984 0.692567 0.292979 0.53773 1.0218 0.244009 0.952461 1.06181 0.731151 0.380585 0.522657 0.79111 1.21283 0.666653 1.02127 1.24373 0.23984 0.662821 0.834583 0.0795118 0.446672
1.04584 0.560196 0.132421 0.230101 0.472056 0.106086 0.850264 0.257971 0.606077 0.787983 0.327683 0.95741 0.661962 0.107312 0.757276 0.983543 0.766062 1.04349 0.79737 0.630284 0.862886 0.87892 0.88288 1.2328 0.835298 0.995524 0.484609 0.581023 1.14832 0.849334 0.758549 1.14097 0.338497 0.178267 0.762441 0.881848 0.463941 0.362378 0.312858 0.711936 0.624133 0.976356 0.873908 0.548095 0.928648 0.511461 0.540249 0.203346 1.16123 1.03768 0.265031 0.247998 0.736533 1.10466 0.881701 0.820693 0.203903 0.587487 0.744173 0.446556 1.10001 1.03958 0.647223 0.440811 0.614912 0.613589 1.07507 0.555558 0.91584 1.21959 0.254772 0.770432 0.798137 0.347371 0.229512
1.09125 0.494125 0.370508 0.420459 0.717478 0.176851 0.661355 0.188497 0.530325 0.839179 0.141986 0.913195 0.578394 0.286159 0.703403 1.17712 0.758039 1.23484 0.652526 0.445979 1.02658 0.769951 0.767877 1.28374 0.923391 1.11342 0.279289 0.642774 1.02891 0.897278 0.780318 1.02412 0.24232 0.173297 0.580045 0.677202 0.485185 0.346391 0.304193 0.554919 0.710497 0.932328 0.686202 0.653497 0.797858 0.413302 0.686385 0.121226 0.939423 0.968977 0.221946 0.514086 0.591871 0.999982 0.894796 0.812564 0.169947 0.546936 0.8272 0.453699 1.10026 0.959883 0.749785 0.443556 0.612452 0.785065 1.03972 0.475797 0.811826 1.21495 0.20917 0.748012 0.804754 0.23511 0.34448
1.05926 0.585022 0.339691 0.239716 0.596875 0.168533 0.814459 0.246584 0.42264 0.866965 0.300626 0.958952 0.676772 0.0745825 0.873082 1.02436 0.684466 1.10287 0.698928 0.516097 0.848113 0.905727 0.891643 1.19122 1.06043 0.990151 0.409153 0.501467 1.09139 0.842414 0.56626 0.959736 0.23413 0.248072 0.624052 0.841348 0.479224 0.409625 0.51525 0.669854 0.718252 0.831531 0.750508 0.646248 0.98796 0.309648 0.491437 0.0876671 1.16763 0.981154 0.198093 0.350907 0.485413 1.14952 0.81571 0.839884 0.130226 0.609122 0.820361 0.386723 0.910992 1.02167 0.647163 0.502235 0.367947 0.642789 1.02283 0.545529 0.986331 1.1947 0.348808 0.520993 0.670839 0.30341 0.42865
0.982062 0.687296 0.281444 0.358874 0.665146 0.174049 0.737076 0.248114 0.461362 0.790858 0.11418 1.04823 0.670111 0.211025 0.74136 1.03911 0.680098 1.03697 0.579902 0.548386 0.928576 0.988688 0.726878 1.20083 0.831296 0.94643 0.432287 0.398535 1.1484 0.699455 0.752361 1.1437 0.462205 0.185374 0.838415 0.808157 0.221383 0.364029 0.436882 0.444602 0.706363 1.05503 0.834065 0.692732 0.747539 0.367071 0.717814 0.207022 0.993808 1.03955 0.213298 0.226658 0.498321 1.17812 0.871947 0.897373 0.257422 0.62677 0.827001 0.410096 1.11056 0.867974 0.619366 0.386096 0.572385 0.680673 1.05163 0.674364 1.06167 1.20468 0.261142 0.60823 0.868969 0.11685 0.257268
0.890963 0.602195 0.276736 0.320547 0.53316 0.288939 0.633922 0.464135 0.517282 0.906497 0.316952 1.04001 0.639222 0.195625 0.85454 1.19873 0.941974 1.14775 0.556341 0.53613 0.963526 0.935512 0.887225 1.084 0.990444 1.05348 0.212033 0.562408 0.950569 0.898679 0.589599 0.955318 0.367224 0.158036 0.672009 0.796439 0.420916 0.257743 0.312521 0.550119 0.589839 0.850742 0.819641 0.514855 0.839614 0.312946 0.681909 0.151363 1.125 1.08798 0.373362 0.511036 0.575492 0.931834 0.975637 0.887613 0.348218 0.627653 0.945576 0.488907 0.977722 0.921463 0.731483 0.547987 0.61187 0.584332 1.08418 0.68818 1.05244 1.00734 0.407135 0.607493 0.916427 0.360625 0.440225
1.05152 0.570331 0.385861 0.391515 0.51937 0.0849657 0.760063 0.277798 0.463877 0.854619 0.11096 1.03288 0.560517 0.227131 0.838423 1.14895 0.69593 1.28906 0.72785 0.4885 0.966274 0.838713 0.856427 1.20028 0.907532 1.09685 0.350771 0.384225 0.965368 0.758681 0.812333 1.13981 0.267751 0.193171 0.72527 0.766227 0.408688 0.486996 0.464376 0.682311 0.631073 0.863376 0.790641 0.683887 0.979987 0.385761 0.654258 0.202575 0.936526 1.11659 0.226856 0.383339 0.461417 1.22454 0.826353 0.654225 0.274825 0.437668 1.02307 0.345166 1.0248 0.884047 0.667368 0.417909 0.595856 0.693057 1.24193 0.623612 0.841973 1.18869 0.188329 0.7278 0.883469 0.250506 0.264384
0.889179 0.497107 0.310544 0.263312 0.651406 0.0549024 0.705758 0.421484 0.516095 0.920294 0.349978 1.15588 0.795282 0.155421 0.772278 1.03363 0.850918 1.19684 0.66622 0.478902 0.897561 1.03527 0.692683 1.24512 1.02183 0.961918 0.231191 0.627897 0.89045 0.669995 0.590521 0.99573 0.448314 0.383229 0.588745 0.830781 0.436412 0.437275 0.577048 0.621428 0.660899 1.08886 0.817419 0.440535 0.891061 0.381185 0.579647 0.277085 1.15921 1.05589 0.287923 0.482015 0.692701 1.08334 0.976943 0.900815 0.204613 0.543173 0.875673 0.42781 1.14437 0.883753 0.759634 0.376382 0.617851 0.819933 1.08006 0.498763 0.799373 0.991034 0.422528 0.572259 0.715386 0.109114 0.399376
0.965359 0.719087 0.291447 0.163649 0.484544 0.168924 0.879558 0.425563 0.426931 0.833315 0.327917 1.02975 0.720384 0.0538821 0.778458 0.994891 0.807214 1.07745 0.558902 0.7125 0.850763 0.890918 0.870658 1.08944 1.09184 1.04967 0.30889 0.644458 1.07156 0.713498 0.742309 1.19858 0.360733 0.256609 0.583926 0.662768 0.385474 0.33495 0.525834 0.625564 0.753472 0.95769 0.944404 0.658015 0.801783 0.347399 0.685844 0.162934 0.986469 0.840447 0.248013 0.291124 0.459179 1.22064 1.03516 0.824624 0.318368 0.679738 0.73846 0.462024 1.13658 0.877344 0.82416 0.475904 0.529848 0.767183 1.23161 0.560929 0.81522 1.15507 0.331419 0.700073 0.911217 0.362393 0.2204
0.853177 0.510893 0.334805 0.445954 0.693898 0.0537378 0.76648 0.178728 0.455214 0.72249 0.166622 1.00893 0.778528 0.159783 0.767104 0.938119 0.760225 1.05395 0.635267 0.474231 0.988303 0.978914 0.875885 1.22891 0.979382 0.935268 0.25078 0.58035 0.885977 0.931019 0.812919 1.14468 0.300524 0.376206 0.635275 0.746692 0.285904 0.46746 0.406686 0.549836 0.599757 0.938844 0.900655 0.527379 0.918893 0.506831 0.670481 0.187516 1.0833 0.93129 0.230784 0.344186 0.635949 1.1227 0.890183 0.894443 0.189304 0.515854 0.796745 0.284454 1.07802 1.05374 0.638469 0.513571 0.608569 0.751414 1.12523 0.60827 0.934359 1.00515 0.421477 0.592504 0.733062 0.289303 0.391775
0.858335 0.510855 0.339306 0.421772 0.672377 0.228707 0.637744 0.391443 0.38892 0.758119 0.299281 1.03692 0.703286 0.198176 0.892152 1.13463 0.714831 1.11008 0.737293 0.70875 0.984935 0.854801 0.861468 1.19399 0.849287 0.967838 0.434463 0.516988 1.11508 0.834893 0.790298 1.03299 0.455562 0.111974 0.850348 0.647782 0.445829 0.415624 0.564584 0.546155 0.605183 0.951352 0.91089 0.580971 0.798564 0.270854 0.643692 0.0601464 0.946522 0.831356 0.355179 0.307175 0.537625 1.0752 0.799523 0.767456 0.348149 0.687542 0.926876 0.454024 1.13981 0.918826 0.738448 0.339957 0.427834 0.547616 1.16257 0.504448 0.967519 1.06359 0.298693 0.620316 0.631761 0.341189 0.41117
0.917792 0.466093 0.302553 0.425485 0.530366 0.118929 0.784345 0.356212 0.318363 0.996974 0.257881 1.12855 0.693163 0.267306 0.919522 1.09759 0.705229 1.12477 0.645275 0.464369 1.00139 0.913639 0.621698 1.21916 1.06475 0.938069 0.421464 0.38366 0.859508 0.653169 0.600253 1.11491 0.310343 0.122149 0.58323 0.679944 0.44249 0.453371 0.45322 0.545727 0.773876 0.88153 0.873951 0.528532 0.840737 0.217401 0.714224 0.289633 0.938828 1.01699 0.379661 0.254077 0.659406 0.961815 0.984847 0.819136 0.17209 0.437132 0.920936 0.462842 0.897769 0.999486 0.778661 0.440988 0.526101 0.636801 1.01121 0.589773 0.896974 1.26491 0.424453 0.50365 0.752403 0.221506 0.31198
1.09896 0.552615 0.334553 0.186977 0.735448 0.244941 0.812263 0.28889 0.465935 0.995606 0.260172 1.14126 0.643209 0.121793 0.906121 1.16915 0.700967 1.20185 0.693951 0.430685 1.05147 0.784434 0.646802 1.22531 0.807211 0.987644 0.458582 0.350209 1.12803 0.789562 0.774524 1.21792 0.44461 0.228306 0.864461 0.693523 0.238802 0.363258 0.491133 0.648775 0.847508 0.846229 0.783644 0.505215 0.883476 0.443238 0.626134 0.212002 1.18066 1.08059 0.291281 0.405703 0.705294 1.20168 0.986285 0.672493 0.229978 0.481457 0.733612 0.222024 0.908238 0.81256 0.596892 0.532497 0.373663 0.801011 1.00762 0.578145 1.0106 1.18819 0.246452 0.474686 0.924575 0.275019 0.478143
1.04912 0.648317 0.165881 0.238218 0.718827 0.330665 0.61774 0.406867 0.419398 0.935288 0.222125 0.94162 0.619348 0.152512 0.909864 1.07566 0.79101 0.999234 0.706624 0.690847 0.84103 0.904065 0.88735 1.14765 1.0903 1.08172 0.373486 0.644894 0.948798 0.940365 0.731654 1.12135 0.326834 0.277319 0.847959 0.683018 0.473822 0.397709 0.579879 0.663371 0.599656 1.10748 0.87611 0.477241 0.97109 0.394323 0.663529 0.33117 1.14284 1.08334 0.306874 0.377386 0.47935 0.988074 0.765385 0.737275 0.136581 0.58687 0.750964 0.385608 1.18029 0.795339 0.660298 0.546915 0.474487 0.669617 1.22283 0.564 0.969986 1.23542 0.223727 0.508682 0.718137 0.123591 0.279314
1.08006 0.568527 0.365596 0.421947 0.613894 0.270589 0.695776 0.330531 0.354529 0.874624 0.201267 1.07658 0.58815 0.134006 0.956789 1.00386 0.884821 1.06147 0.551472 0.535242 0.987126 0.873704 0.881429 1.18658 0.856498 0.923911 0.251796 0.411281 1.11727 0.81741 0.844867 1.10369 0.299257 0.36225 0.858796 0.786491 0.292221 0.269317 0.545842 0.455007 0.809828 0.885993 0.815124 0.617423 0.782627 0.479107 0.488975 0.157226 1.06027 0.923022 0.244157 0.515238 0.736584 0.937141 0.889774 0.735503 0.229421 0.553581 0.946595 0.331757 1.14639 0.933923 0.760372 0.352258 0.46985 0.533938 1.02311 0.681933 0.855401 0.986224 0.212111 0.674476 0.786031 0.348168 0.284106
0.994826 0.453158 0.128209 0.184276 0.558198 0.0657236 0.642736 0.176515 0.601111 0.70314 0.149537 1.01808 0.716695 0.0162614 0.826389 1.14304 0.970711 1.07231 0.685889 0.427042 0.78028 1.02513 0.752659 1.23031 0.86586 0.867352 0.217704 0.492349 1.13477 0.796447 0.746671 1.22386 0.453424 0.160622 0.802144 0.750938 0.257501 0.377507 0.462318 0.609178 0.791872 0.979204 0.962422 0.656579 0.943206 0.394113 0.7122 0.0366573 0.997857 0.903978 0.22884 0.395222 0.700268 1.21067 0.835425 0.750643 0.296459 0.539137 0.760461 0.352382 1.03998 1.05563 0.617506 0.38186 0.433559 0.626356 1.05132 0.498137 0.791955 1.15619 0.399315 0.589126 0.915228 0.0861495 0.492955
1.07957 0.517818 0.223033 0.193779 0.640243 0.14931 0.603684 0.343402 0.473342 0.996417 0.266589 0.990495 0.579075 0.196802 0.871536 1.18266 0.868775 1.12678 0.579374 0.564322 0.987996 0.854402 0.783445 1.04543 0.906324 0.891079 0.269465 0.554024 1.05303 0.660867 0.626677 0.97753 0.356461 0.337001 0.818904 0.732031 0.309306 0.493528 0.546079 0.484861 0.722747 0.830888 0.841143 0.443326 0.785257 0.245471 0.694962 0.302456 1.22017 1.0175 0.177074 0.233295 0.699652 1.16197 0.753319 0.847273 0.275267 0.434034 0.960394 0.274606 1.06993 0.986157 0.595761 0.567701 0.336053 0.522437 1.14279 0.441921 1.01121 1.05327 0.379015 0.675954 0.654334 0.0957868 0.466803
0.873703 0.475189 0.249141 0.268427 0.512593 0.0724793 0.612188 0.248185 0.575003 0.82397 0.224034 1.00581 0.644778 0.156476 0.866513 1.08228 0.68065 1.26458 0.612982 0.566227 0.884297 0.935472 0.653541 1.25985 0.801253 0.999085 0.24913 0.358512 0.888397 0.942662 0.695174 1.00693 0.479794 0.140944 0.785758 0.771814 0.367289 0.241443 0.454658 0.469894 0.845193 1.02837 0.713466 0.447589 0.930697 0.484726 0.689676 0.199514 1.15596 0.914698 0.39466 0.279562 0.72761 1.06117 1.00181 0.821326 0.183735 0.567078 0.929385 0.424105 0.897058 0.902628 0.668795 0.435913 0.523656 0.550022 1.21844 0.577073 0.795844 1.02274 0.376363 0.516286 0.741292 0.294552 0.245715
1.04287 0.618652 0.255858 0.255344 0.558365 0.251185 0.865914 0.409398 0.424602 0.851853 0.120089 1.07069 0.764287 0.274146 0.904198 1.10207 0.681801 1.11317 0.648527 0.533447 1.05138 0.814507 0.739028 1.04066 0.888369 0.971126 0.47141 0.549199 0.968524 0.723097 0.605029 1.07518 0.49488 0.249549 0.866313 0.644721 0.360951 0.39038 0.524709 0.681753 0.607236 0.855707 0.93782 0.625704 0.908442 0.267174 0.699278 0.156498 1.09756 1.05908 0.227272 0.484471 0.595383 0.984697 0.826223 0.900934 0.291006 0.58322 0.905648 0.217554 0.992004 0.931709 0.821055 0.415188 0.394126 0.626617 1.13743 0.661664 0.795089 1.17832 0.290253 0.485917 0.684492 0.150873 0.364991
1.12129 0.548251 0.351817 0.290223 0.631409 0.290235 0.806537 0.17529 0.548328 0.70916 0.225603 1.14351 0.5743 0.0491643 0.6995 1.22714 0.684537 1.24981 0.605076 0.665681 1.04424 1.02157 0.657434 1.07628 0.91144 0.937562 0.35191 0.458233 1.09686 0.889473 0.773837 0.969573 0.518535 0.212644 0.698596 0.734239 0.215945 0.265342 0.555518 0.700328 0.849791 1.03337 0.945831 0.734435 0.844842 0.400941 0.72795 0.215343 0.951904 1.09117 0.355263 0.324462 0.603772 1.16178 0.970476 0.914243 0.284602 0.533312 0.861272 0.373675 1.03011 1.04267 0.780521 0.320707 0.510781 0.576375 1.08802 0.6072 0.912438 1.02423 0.329682 0.634691 0.917866 0.162009 0.334033
0.897825 0.676085 0.235645 0.311094 0.478622 0.110244 0.791071 0.458882 0.444749 0.855268 0.139659 1.13796 0.77857 0.282471 0.867159 1.1266 0.705416 0.99919 0.53097 0.707556 0.935372 0.964275 0.76272 1.00291 0.899979 1.11995 0.444242 0.634389 0.942306 0.836413 0.790388 1.0142 0.337943 0.252161 0.638578 0.83386 0.468747 0.368267 0.347161 0.504766 0.617751 0.930312 0.763452 0.696181 0.879407 0.370062 0.546596 0.146317 1.01489 1.05206 0.194111 0.405578 0.639347 1.19842 0.900198 0.665331 0.137167 0.55613 0.731937 0.295583 1.06933 0.778321 0.619049 0.518588 0.357732 0.757914 1.04979 0.605805 0.873113 1.00781 0.2701 0.622663 0.896651 0.177696 0.442078
0.912762 0.740197 0.304316 0.261498 0.754149 0.246509 0.786028 0.290428 0.493684 0.84095 0.362292 1.18919 0.766768 0.163529 0.757824 1.04455 0.904826 1.1242 0.805194 0.563674 0.812877 0.989172 0.68057 1.21484 0.842431 0.872095 0.198357 0.613997 1.08453 0.702431 0.661867 1.12824 0.519435 0.292219 0.850729 0.794757 0.44982 0.444999 0.541253 0.462145 0.651542 0.97353 0.845126 0.53159 0.986339 0.497077 0.469353 0.131418 1.04238 0.986749 0.201529 0.353601 0.523006 0.946503 0.990075 0.874186 0.247333 0.694123 0.891855 0.191812 0.980316 0.823036 0.811374 0.364938 0.454607 0.615382 1.164 0.633003 0.885845 0.984359 0.259708 0.638343 0.815117 0.308889 0.40505
1.10284 0.661844 0.1906 0.30238 0.52845 0.298385 0.802405 0.309818 0.419691 0.959255 0.360557 0.960254 0.618625 0.107773 0.712478 1.17191 0.978242 1.22066 0.679483 0.537195 1.04751 0.79106 0.614654 1.11136 0.939993 0.99744 0.236119 0.435539 1.08373 0.740613 0.741481 0.972905 0.366085 0.230374 0.700571 0.738604 0.212649 0.294193 0.42912 0.43806 0.801525 0.990231 0.80451 0.494479 0.868104 0.487533 0.697927 0.227242 1.03109 0.845787 0.396538 0.338609 0.463008 1.14531 0.86421 0.799871 0.0820493 0.556577 0.826332 0.376656 0.988741 0.963339 0.763658 0.355292 0.58217 0.599757 1.04017 0.640353 1.01333 1.14617 0.242131 0.681066 0.640078 0.214239 0.297725
