25 75
1.15623 0.429727 0.159197 0.972504 0.457288 1.05713 1.2245 0.869179 0.482467 1.04822 1.03396 0.711155 0.349774 0.766427 0.591732 0.649757 0.921369 0.436373 0.535736 0.4841 0.548075 0.887931 0.741389 0.400306 0.778311 1.07441 0.320408 0.504284 0.989516 0.627374 0.995639 0.553063 0.229695 0.794557 0.583047 0.419275 0.974619 0.386744 1.02172 0.978875 1.07145 0.765299 0.333318 0.944251 0.330661 0.708679 0.492781 0.661902 0.92878 0.541094 0.682271 0.288994 1.08048 0.13465 1.12721 0.494533 0.315436 0.379697 0.195413 0.621926 0.407848 0.901044 0.520308 0.958821 0.811895 0.959398 0.865453 0.864567 1.03463 0.104101 0.551432 0.431215 0.995552 0.985056 0.194014
0.999072 0.539466 0.386241 0.836946 0.276674 0.857358 1.0208 1.0384 0.504191 1.19387 0.873739 0.795097 0.422486 0.658675 0.465148 0.733974 0.913529 0.351557 0.655802 0.556111 0.767075 0.634776 0.857696 0.449516 0.834998 1.15327 0.41548 0.542569 0.905476 0.474573 0.807121 0.553241 0.277596 0.822423 0.760531 0.646826 0.997998 0.367132 0.858354 1.13947 0.954093 0.745665 0.384697 0.997385 0.317682 0.676462 0.389672 0.762277 1.06048 0.54032 0.766507 0.327043 1.08982 0.171826 1.15747 0.398473 0.109794 0.605347 0.129202 0.625308 0.472011 0.773409 0.669934 1.06901 0.946335 0.908282 0.961819 0.892286 1.25508 0.259582 0.564236 0.332399 0.999834 0.822891 0.217174
0.975049 0.476812 0.377161 0.779919 0.407677 0.961653 1.18456 0.753251 0.354308 1.22543 0.966129 0.766195 0.350694 0.875267 0.55914 0.779883 0.771688 0.405961 0.522553 0.579727 0.5361 0.912149 0.642408 0.432604 0.714439 1.23739 0.300435 0.535898 1.03715 0.482493 0.825827 0.606174 0.285812 0.62155 0.689369 0.585183 0.888594 0.222313 0.927672 0.901574 1.01608 0.946215 0.145023 0.823597 0.321456 0.701482 0.489794 0.725061 0.939912 0.51973 0.932413 0.222895 0.962027 0.266778 0.900856 0.346876 0.165368 0.457046 0.379179 0.428638 0.51757 0.959586 0.423681 0.856659 0.91928 0.88688 0.826542 1.00572 1.16346 0.3597 0.324577 0.326995 0.979664 1.07814 0.25858
1.01704 0.384538 0.295329 0.977658 0.26258 0.96138 1.1556 0.956441 0.510244 0.991351 0.987567 0.73005 0.267419 0.733593 0.736309 0.716691 0.691821 0.488795 0.630009 0.397761 0.522164 0.701643 0.836745 0.414236 0.839179 1.01784 0.554651 0.439986 0.951761 0.477578 0.794664 0.580181 0.156667 0.587177 0.67396 0.454943 1.0584 0.443392 0.975986 1.07807 0.963361 1.01494 0.287026 0.772417 0.435514 0.673563 0.6373 0.61202 0.856856 0.647203 0.963755 0.120894 1.1789 0.176681 0.906587 0.515749 0.100943 0.388481 0.292602 0.402546 0.506917 0.764625 0.388602 0.844101 1.02204 0.924698 0.857757 1.15824 1.03525 0.247049 0.452212 0.27792 0.988798 0.85261 0.337198
1.17819 0.527289 0.242854 0.961797 0.509125 0.853738 1.13412 0.890525 0.275925 1.27798 0.864857 0.856613 0.415682 0.771486 0.718056 0.619895 0.697683 0.621648 0.713447 0.464527 0.511998 0.834977 0.709409 0.435704 0.642963 1.06211 0.512719 0.343373 0.983545 0.502696 0.773169 0.661921 0.303398 0.867244 0.510802 0.469202 1.07996 0.442952 0.790999 0.998479 1.17282 0.863729 0.371352 0.82451 0.29018 0.575543 0.623912 0.824285 0.962105 0.562483 0.807738 0.328556 1.18457 0.0738628 0.996601 0.264301 0.116624 0.593319 0.312194 0.60371 0.376547 0.953024 0.550854 0.792732 0.76384 0.744886 0.849423 0.885824 1.07087 0.25612 0.422471 0.407277 1.06989 0.876032 0.247159
1.10015 0.592472 0.454182 0.970428 0.441598 1.10758 1.04516 0.998416 0.409578 1.14791 0.759914 0.630165 0.200411 0.749179 0.627483 0.538069 0.792887 0.6357 0.50456 0.654363 0.694906 0.798896 0.833965 0.381322 0.825142 1.20643 0.51495 0.442155 0.935638 0.412263 0.862683 0.582656 0.0934709 0.74143 0.688698 0.545878 1.03657 0.462619 0.929077 1.06675 0.976052 0.777963 0.12465 0.955389 0.389661 0.575203 0.612788 0.679786 0.790325 0.733346 0.819435 0.340297 1.09353 0.237637 1.10107 0.522218 0.120673 0.406659 0.2907 0.48192 0.309013 0.979979 0.64123 0.850985 0.912109 0.821897 0.97994 1.07343 1.14282 0.232157 0.594518 0.440905 1.12681 0.865924 0.278728
1.04511 0.445361 0.224666 0.97049 0.331377 1.09297 1.1181 0.757912 0.250051 1.20062 0.819686 0.717899 0.321199 0.831739 0.732274 0.662707 0.922976 0.441538 0.748925 0.501128 0.634025 0.67144 0.688457 0.510954 0.575693 1.17169 0.408355 0.502814 0.817194 0.66053 0.828681 0.44539 0.31858 0.635442 0.651096 0.625897 0.890854 0.375337 0.99183 1.10543 1.06482 0.826587 0.294587 0.993884 0.349815 0.686657 0.42437 0.844115 0.804666 0.586459 0.938109 0.280526 1.19591 0.169006 0.978485 0.317099 0.146681 0.646723 0.160998 0.623221 0.590456 0.786329 0.57366 0.969783 0.919573 0.978875 1.08151 0.995665 1.21323 0.318067 0.616931 0.41478 1.14059 0.958771 0.149444
0.988613 0.554129 0.168365 0.7812 0.283885 0.971293 0.985055 0.881365 0.371696 1.25709 0.997668 0.742271 0.436065 0.868836 0.660174 0.539074 0.832032 0.508865 0.666954 0.447247 0.679767 0.717937 0.829849 0.570454 0.712489 1.06583 0.551686 0.561055 0.767491 0.436575 0.901189 0.663796 0.318379 0.790102 0.760923 0.548303 0.915293 0.458773 1.0737 1.12991 1.1812 0.989458 0.381541 0.929081 0.418858 0.563698 0.639027 0.810777 0.824112 0.666074 0.718638 0.317866 1.22021 0.28156 0.886706 0.320534 0.263821 0.564868 0.109499 0.472309 0.308341 0.924409 0.538869 0.864745 0.984653 0.835523 0.934006 1.0486 1.04777 0.210861 0.341433 0.307323 1.0807 0.825105 0.249245
1.07876 0.403644 0.356705 0.974985 0.299812 1.14456 1.03225 0.935609 0.257579 1.09847 0.977792 0.798735 0.437863 0.682876 0.715438 0.64746 0.910664 0.626312 0.59827 0.541944 0.586548 0.800904 0.699194 0.498143 0.75524 1.03599 0.33442 0.363604 0.889112 0.632888 0.971903 0.577161 0.0888956 0.586277 0.717207 0.43902 0.953405 0.408833 0.825447 1.02555 0.981024 0.766387 0.41423 0.925584 0.370367 0.702131 0.395123 0.722771 0.950528 0.661024 0.788834 0.135227 1.12751 0.340956 0.971535 0.391102 0.219106 0.481165 0.378168 0.432038 0.507957 0.963526 0.447397 0.970504 0.87729 0.755403 1.02234 1.12601 0.994027 0.172917 0.495908 0.271531 1.02267 0.811344 0.326386
1.11506 0.619724 0.260039 0.851827 0.274113 0.854128 0.959568 1.03437 0.492252 1.03731 0.809997 0.681251 0.369652 0.601599 0.592349 0.676128 0.814796 0.46343 0.490274 0.51388 0.772917 0.923649 0.599543 0.519247 0.590317 1.17906 0.361653 0.548321 0.873611 0.432094 0.737316 0.565625 0.0894795 0.740124 0.569368 0.369664 1.07267 0.29611 1.04202 0.885671 1.0083 0.869072 0.182381 1.03234 0.298546 0.817518 0.52075 0.756231 0.855996 0.731745 0.710493 0.353654 0.939595 0.151625 0.891941 0.429374 0.0971871 0.486683 0.223046 0.373142 0.533627 0.920959 0.544638 1.00721 0.876644 0.765447 0.986607 0.958652 1.19695 0.305372 0.533642 0.437056 1.0724 0.847942 0.182159
1.11298 0.424732 0.189714 0.91401 0.30644 1.06339 1.03812 0.974609 0.517189 1.09511 0.944543 0.845254 0.41209 0.596754 0.539771 0.540391 0.878063 0.373211 0.730984 0.604584 0.717662 0.895196 0.598066 0.523072 0.677631 1.11547 0.437118 0.308486 0.918209 0.620357 0.803506 0.540161 0.0544835 0.819454 0.732882 0.659702 0.977028 0.457367 0.826637 1.101 1.06855 0.755538 0.408754 0.808669 0.206286 0.814148 0.655176 0.643246 0.902779 0.758999 0.743242 0.367418 1.1019 0.31486 1.09946 0.34608 0.107197 0.64355 0.267809 0.390247 0.472236 0.845897 0.613565 0.92458 0.936022 0.827284 0.869111 0.883113 1.25609 0.323001 0.486296 0.319613 1.10502 0.806925 0.156595
1.01003 0.538774 0.176967 0.907546 0.278396 0.941201 1.07268 0.931736 0.349706 0.995318 0.760498 0.717256 0.234026 0.850761 0.671445 0.711201 0.788263 0.356627 0.607627 0.368755 0.552779 0.753653 0.858127 0.527015 0.761721 0.996315 0.348333 0.432405 0.921146 0.385025 0.891906 0.646943 0.0743722 0.676328 0.554895 0.619108 0.877273 0.283333 0.882216 0.917704 0.942545 0.870892 0.382722 0.780887 0.242445 0.690999 0.641911 0.818637 0.820451 0.701487 0.712091 0.164055 1.20748 0.171104 0.909062 0.512192 0.287418 0.401579 0.20949 0.580521 0.545928 0.836028 0.675724 0.991067 0.948169 0.763653 0.869499 0.923493 1.082 0.175797 0.455728 0.416658 1.14144 0.895813 0.296886
1.00467 0.548801 0.35219 0.795451 0.524766 1.14752 1.0089 0.846997 0.406144 1.08631 0.754139 0.680157 0.303931 0.648753 0.636014 0.755615 0.871898 0.539009 0.561494 0.611933 0.54061 0.888525 0.83717 0.52594 0.798274 1.16398 0.401392 0.283873 0.840641 0.551133 0.927231 0.483529 0.166926 0.787478 0.499998 0.5966 0.873461 0.40033 0.827765 1.01525 1.07863 0.799257 0.275984 0.751031 0.260854 0.778909 0.437383 0.813022 0.882803 0.657718 0.905821 0.197576 1.1592 0.242235 0.955693 0.269083 0.328571 0.444707 0.103362 0.368784 0.489483 0.800908 0.583465 0.97126 0.794315 0.947539 0.888896 0.908836 1.18335 0.143006 0.545091 0.443417 0.968742 0.894175 0.141458
0.928837 0.386126 0.317493 0.780738 0.534539 1.03316 1.0939 0.815118 0.355262 1.21994 1.03721 0.694172 0.298872 0.74274 0.705053 0.61787 0.886868 0.418731 0.773284 0.621074 0.777919 0.78482 0.655213 0.553011 0.632779 1.05786 0.467119 0.415299 0.864172 0.601077 0.82256 0.669555 0.208075 0.791957 0.652444 0.493758 1.07874 0.312487 0.837727 0.959801 0.910022 0.736943 0.195985 0.76873 0.213599 0.569051 0.35642 0.668461 0.776301 0.629 0.814712 0.282521 1.23224 0.212927 1.02674 0.279294 0.0614041 0.488374 0.109432 0.605492 0.526143 0.935657 0.521755 0.825019 0.771362 0.778286 0.929877 0.899685 1.25406 0.37265 0.475855 0.49952 1.1269 0.991167 0.254285
1.11305 0.431732 0.174034 0.797451 0.528755 1.11139 1.07243 0.880021 0.328893 1.27675 0.858833 0.811327 0.262055 0.621743 0.654728 0.724592 0.886053 0.400306 0.645691 0.484521 0.748108 0.747413 0.625543 0.521303 0.656005 0.997608 0.395199 0.549952 0.931129 0.556799 0.898486 0.45865 0.261555 0.733598 0.698155 0.513901 1.04257 0.218426 0.775155 0.993931 0.886475 0.953558 0.246049 1.03116 0.306501 0.575959 0.406243 0.852667 0.784058 0.633182 0.782897 0.409561 1.07705 0.126976 1.10694 0.355161 0.127539 0.404413 0.125505 0.483129 0.575961 0.98929 0.666233 0.862152 0.929503 0.953755 1.07946 0.917816 1.09948 0.187643 0.342645 0.402727 0.976486 1.0884 0.115056
0.917101 0.549271 0.428922 1.00648 0.474451 0.861807 0.957169 0.874452 0.327145 1.07032 0.759407 0.614912 0.454197 0.732454 0.595515 0.671251 0.855015 0.504157 0.539469 0.641245 0.5667 0.719197 0.795985 0.594302 0.730185 1.13379 0.513126 0.410579 0.806199 0.573997 0.993557 0.53413 0.142677 0.690814 0.722023 0.504618 0.818661 0.298622 0.922589 0.873332 1.15213 0.784152 0.420896 0.79248 0.361774 0.612851 0.361005 0.683697 0.916092 0.572668 0.731725 0.134444 0.966481 0.309504 1.12159 0.517127 0.317775 0.39089 0.314425 0.472198 0.376571 0.699663 0.495911 0.993713 0.855879 0.775891 0.875209 1.01412 1.16933 0.282978 0.619585 0.30383 1.16895 0.850138 0.155622
1.03289 0.487243 0.232792 1.0516 0.464598 0.887941 0.996283 0.932782 0.361565 0.991826 0.912226 0.744705 0.462846 0.85027 0.669037 0.565239 0.687752 0.56016 0.619665 0.477527 0.66026 0.642547 0.757648 0.560518 0.814062 1.06883 0.55205 0.443399 0.888622 0.575349 0.933718 0.480671 0.101391 0.65677 0.521905 0.38566 0.937784 0.437073 0.979329 1.02151 1.05497 0.837821 0.35148 0.774122 0.442907 0.767 0.570779 0.742563 0.869384 0.719264 0.953035 0.179522 1.04448 0.174013 0.939934 0.490492 0.181926 0.411798 0.332915 0.617928 0.429391 0.870728 0.533926 0.814395 0.964433 0.807175 1.08063 0.891368 1.03036 0.368313 0.520148 0.310264 0.920862 0.984461 0.199607
0.908661 0.505946 0.181095 1.04837 0.462499 1.04203 1.09161 0.999304 0.319411 1.06537 1.00287 0.634828 0.190006 0.866743 0.468038 0.62985 0.680322 0.448279 0.483569 0.455675 0.514749 0.82265 0.700502 0.50732 0.638087 1.22276 0.401067 0.406759 0.903854 0.443882 0.856887 0.526707 0.316856 0.599786 0.503934 0.480072 1.05273 0.431873 0.925506 0.938929 0.889687 0.955036 0.325823 0.949198 0.268957 0.788171 0.463448 0.636927 0.905265 0.631199 0.842273 0.192495 1.20119 0.273266 1.02673 0.286579 0.136781 0.423115 0.336818 0.568996 0.329525 0.940672 0.595602 0.890094 0.786279 0.929747 0.996742 0.977604 1.01144 0.164665 0.605694 0.381116 0.942876 1.06052 0.15746
1.09176 0.351373 0.415221 1.04359 0.488909 1.06787 1.0271 0.844926 0.230065 1.20758 1.0031 0.811032 0.16924 0.644633 0.683111 0.531088 0.809481 0.526541 0.764639 0.635403 0.710695 0.846661 0.631608 0.340126 0.78157 1.01776 0.457431 0.383569 0.958501 0.557817 0.91499 0.477639 0.173365 0.848564 0.712344 0.627052 0.878632 0.363894 1.06719 0.940935 1.08482 1.02063 0.201112 0.927271 0.465267 0.542552 0.439988 0.88483 0.989945 0.75376 0.79821 0.320609 1.03507 0.35485 0.864794 0.441949 0.136663 0.574329 0.388946 0.59448 0.436206 0.914041 0.47917 0.851001 0.999604 0.94419 0.893431 1.12883 1.17886 0.342791 0.322613 0.564398 1.17034 0.827811 0.268191
0.915965 0.357873 0.42977 0.77619 0.494588 0.927036 1.08552 0.938654 0.451992 1.11934 0.858473 0.7327 0.363404 0.785932 0.684179 0.555887 0.846569 0.446733 0.66707 0.504429 0.718518 0.701335 0.864761 0.527216 0.740068 1.09494 0.514655 0.349361 0.859806 0.440676 0.768938 0.527344 0.0694601 0.725682 0.759837 0.453232 0.916118 0.457047 0.834738 0.89076 1.13066 0.86485 0.339406 0.922192 0.400036 0.675474 0.60265 0.786236 0.777243 0.647243 0.909471 0.312464 1.17371 0.288322 1.06146 0.483662 0.234079 0.542208 0.232011 0.50182 0.381038 0.97239 0.388053 1.0062 0.941451 0.726726 0.98257 1.01436 0.98492 0.279326 0.35964 0.554107 1.06637 0.925796 0.198474
1.13535 0.362547 0.207795 0.870986 0.313335 0.999462 1.11972 0.909908 0.306253 1.09009 0.904268 0.755324 0.379118 0.793339 0.741583 0.577542 0.887998 0.344648 0.599746 0.500753 0.585915 0.739467 0.752024 0.610664 0.769401 1.14237 0.546977 0.352374 0.846987 0.620485 0.84439 0.504465 0.134901 0.813923 0.530062 0.393732 0.86785 0.355889 0.926756 1.00031 0.884474 0.742787 0.234355 0.99764 0.441002 0.627861 0.376516 0.784882 1.04577 0.557113 0.892338 0.131605 1.04368 0.265573 1.09674 0.401264 0.0818078 0.410021 0.261064 0.469685 0.433248 0.85355 0.49241 0.90189 0.915556 0.866896 0.911451 0.921405 1.02654 0.259425 0.340957 0.354208 1.09203 1.04193 0.325911
1.06986 0.53041 0.180638 0.784883 0.540691 0.979174 1.0824 0.820821 0.398553 1.05767 0.834686 0.61665 0.174313 0.884598 0.711792 0.752497 0.838154 0.37113 0.672376 0.494989 0.606823 0.894082 0.643393 0.364398 0.748368 1.21449 0.401596 0.397591 0.765519 0.420554 1.00645 0.478436 0.0680944 0.74662 0.554195 0.574614 0.836403 0.377155 0.805335 1.01943 1.09041 0.788214 0.37471 1.03226 0.308945 0.631806 0.502099 0.69529 0.844446 0.784944 0.769466 0.284415 1.1566 0.242069 0.95906 0.23339 0.203636 0.568661 0.23488 0.35219 0.360975 0.755272 0.599337 1.0144 0.920667 0.698209 0.878749 1.1116 1.26028 0.219099 0.511909 0.322053 1.01379 0.875202 0.229298
1.04847 0.390994 0.402612 0.841249 0.328411 0.968412 1.17228 0.963354 0.285523 1.00428 0.767601 0.782457 0.42028 0.64521 0.540894 0.771962 0.816296 0.609729 0.568969 0.577356 0.672611 0.6991 0.683444 0.372914 0.70489 1.05783 0.532486 0.426608 0.921349 0.658101 1.00051 0.584488 0.199032 0.777884 0.675203 0.458379 1.01341 0.302784 1.05306 1.09936 1.0657 1.01282 0.242763 0.843357 0.214793 0.552988 0.617323 0.706566 0.86311 0.760579 0.841088 0.191104 0.965497 0.28414 0.957996 0.244993 0.31724 0.537566 0.373472 0.507921 0.523659 0.911601 0.599616 1.0207 0.74301 0.880137 0.843809 1.08753 1.00715 0.384486 0.601405 0.47743 1.12699 0.86797 0.186535
1.02876 0.513735 0.411607 0.834018 0.463747 1.14147 1.04124 0.757155 0.390216 1.10061 0.910609 0.695632 0.390028 0.633658 0.542476 0.489719 0.89827 0.353291 0.517324 0.409749 0.668063 0.838148 0.675425 0.326415 0.633577 1.2243 0.560408 0.271749 0.795936 0.501489 1.02563 0.547124 0.119866 0.685559 0.656138 0.61452 0.820555 0.337014 0.948718 1.14988 1.09811 0.779271 0.361219 0.816966 0.480311 0.749846 0.405684 0.629353 1.02472 0.604795 0.817309 0.306986 0.947148 0.254109 1.13708 0.252889 0.067739 0.535781 0.169827 0.588649 0.538104 0.813486 0.543954 1.03915 0.838005 0.695174 0.938464 0.947229 1.10702 0.194948 0.402623 0.450277 1.07796 1.0685 0.19079
1.18466 0.508044 0.347452 0.969919 0.371638 0.974151 1.17377 0.82271 0.416712 1.18543 0.763049 0.793497 0.237139 0.760458 0.477996 0.735877 0.945937 0.607575 0.60342 0.560028 0.633034 0.74881 0.682467 0.445445 0.694662 1.25824 0.559144 0.292767 0.808625 0.38752 0.903067 0.690967 0.12119 0.651529 0.510006 0.467482 0.812708 0.352669 0.903276 1.15363 1.04507 0.906619 0.409949 0.842937 0.486739 0.722675 0.566331 0.777573 0.882783 0.544862 0.751565 0.395431 1.12201 0.156426 1.07804 0.457473 0.177201 0.416563 0.276742 0.482788 0.542793 0.993513 0.491398 0.844358 1.00984 0.821388 1.08462 0.893472 1.18478 0.314195 0.572893 0.298738 1.15456 0.907668 0.123222
