25 75
1.10984 0.775181 0.994906 1.02654 0.706184 0.39738 0.910699 0.736891 0.781406 0.788692 0.614526 0.892095 0.349894 0.479832 0.754968 0.563068 0.569753 0.638603 0.18367 0.613825 0.730125 0.885758 0.81166 1.26937 0.788628 1.10595 0.729464 0.464544 0.232983 0.999102 0.38493 0.667856 0.397928 0.431452 0.54458 0.243664 0.923822 0.382064 1.13486 1.14235 0.618523 1.01125 0.879257 0.952464 0.995365 0.703215 0.781782 0.548814 0.509916 0.946678 1.12285 0.347863 0.528151 0.152254 0.388295 0.949987 0.80381 0.532081 0.303972 1.17583 0.190237 0.832898 0.387368 0.82288 0.775807 0.199158 0.673035 0.341479 1.23975 0.332153 0.875887 0.187807 1.03332 0.869584 1.15306
0.953291 0.867682 0.934365 1.08249 0.776444 0.472575 0.939154 0.850629 0.637599 0.84672 0.703962 0.899182 0.425691 0.510206 0.920655 0.316983 0.338568 0.489016 0.164043 0.754273 0.718009 0.875531 0.82325 1.25028 0.771136 1.07369 0.591695 0.332461 0.190731 0.820592 0.330842 0.685895 0.402774 0.434974 0.53994 0.319358 1.00643 0.223949 1.0371 1.14191 0.78297 1.07125 0.874867 0.821759 1.09574 0.724455 0.813493 0.462082 0.326748 0.960103 1.05428 0.444783 0.563316 0.343935 0.542296 1.06089 0.974865 0.558788 0.0267036 1.07823 0.30465 1.01491 0.517094 0.8267 0.627428 0.237557 0.66858 0.477823 1.20949 0.444373 0.693381 0.129245 0.790533 0.963218 0.991991
0.955361 0.921343 0.902372 0.973384 0.825154 0.44811 0.985116 0.721304 0.677099 0.694738 0.468978 0.889758 0.310046 0.730036 0.95566 0.310876 0.491823 0.391626 0.106907 0.628575 0.501247 0.73764 0.766863 1.18337 0.563798 1.16865 0.794232 0.497878 0.187356 0.838071 0.230191 0.558996 0.383447 0.410293 0.43763 0.325107 1.04314 0.197856 1.14266 1.08132 0.572665 1.16729 0.79759 0.995511 0.929853 0.916203 0.80295 0.632254 0.544086 1.08364 1.04791 0.255686 0.55179 0.311622 0.43263 1.05583 0.778523 0.606434 0.1502 0.954552 0.0596748 0.970728 0.372323 0.599844 0.674737 0.223698 0.441078 0.286869 0.955537 0.418535 0.660641 0.0201649 1.07946 0.847082 1.01228
1.12559 1.01212 0.734112 0.981504 0.778947 0.372267 1.15079 0.69746 0.856075 0.707982 0.442474 0.909391 0.281699 0.529313 0.74512 0.325634 0.542108 0.571368 0.295811 0.794204 0.680629 0.706204 0.681641 0.984866 0.724662 1.07356 0.863384 0.579508 0.150632 0.78022 0.34586 0.559249 0.478301 0.24477 0.455366 0.306402 1.10837 0.428534 1.02464 0.928097 0.504638 1.03166 0.86494 1.05949 0.914574 0.866655 0.822215 0.673118 0.519821 0.887147 1.09108 0.369724 0.525134 0.173367 0.478766 1.09727 0.858648 0.541361 0.222758 1.16836 0.0507229 0.915015 0.509603 0.57376 0.707377 0.230566 0.679862 0.502605 1.1241 0.416905 0.755214 0.0934725 0.820683 0.798256 1.08018
0.886269 0.917192 0.927696 1.18663 0.765159 0.435583 1.04853 0.818818 0.865289 0.860343 0.450682 1.0137 0.367434 0.50112 1.00368 0.532239 0.343943 0.35831 0.28544 0.81016 0.464247 0.874531 0.67981 1.15808 0.814433 0.926483 0.643472 0.53017 0.344381 0.861592 0.11707 0.670086 0.447464 0.331274 0.470379 0.175873 1.08102 0.187549 1.02741 1.15104 0.73313 1.23628 0.946883 0.985894 1.0683 0.977271 0.847333 0.479464 0.333885 0.953215 0.91252 0.322135 0.603736 0.394945 0.528612 0.984835 0.774008 0.674254 0.298159 1.01813 0.0616661 0.751973 0.511946 0.534194 0.807188 0.19014 0.674761 0.336294 1.23871 0.483102 0.809262 0.149849 0.881465 0.906101 1.06184
0.873489 0.971613 0.885484 1.02489 0.633146 0.571501 1.00726 0.836315 0.646691 0.863613 0.527175 0.790298 0.386475 0.495778 0.878566 0.389604 0.469698 0.490566 0.183645 0.606394 0.541856 0.78745 0.779173 0.984388 0.610557 1.02684 0.655289 0.396903 0.364306 0.749183 0.400233 0.739704 0.38061 0.323751 0.460892 0.277471 1.05425 0.367472 1.14025 1.12888 0.694172 1.23206 1.03604 0.90502 0.989478 0.879674 0.768748 0.676992 0.531744 0.900815 1.13382 0.271679 0.45904 0.18758 0.53959 0.995014 0.854971 0.732026 0.159706 1.13211 0.272888 0.779611 0.421385 0.781947 0.822222 0.348028 0.463492 0.452157 0.992788 0.373161 0.731382 0.214851 0.900784 0.862672 0.907137
1.03578 0.813354 1.00518 1.02562 0.84066 0.465852 1.06454 0.653005 0.663015 0.767938 0.525673 0.880873 0.443549 0.475469 0.771431 0.388659 0.532805 0.595011 0.288023 0.79989 0.709164 0.642022 0.777842 1.2048 0.633398 1.13616 0.761054 0.549515 0.22127 1.01354 0.192534 0.566988 0.355384 0.442548 0.408107 0.281648 1.0895 0.467238 1.08848 1.1055 0.574896 1.07753 0.944059 1.04379 1.01161 0.830344 0.649192 0.533627 0.53073 1.06449 1.00714 0.235038 0.4778 0.273893 0.476533 0.985458 0.985446 0.523955 0.243026 1.06925 0.189446 0.877187 0.5898 0.661866 0.682463 0.398349 0.461078 0.315123 0.989194 0.441726 0.637864 0.132564 0.863165 0.760076 0.928055
0.922956 0.923373 0.948992 1.22397 0.796857 0.61373 1.09086 0.598838 0.87503 0.755562 0.694128 0.892917 0.249776 0.507848 0.993783 0.507663 0.409908 0.38672 0.265495 0.871871 0.731681 0.804253 0.542995 0.992308 0.691664 0.921719 0.62283 0.3078 0.300917 0.761694 0.310999 0.52538 0.368225 0.343858 0.646429 0.260899 1.08335 0.475769 0.993367 1.16024 0.767412 1.23589 0.831577 0.824713 1.09313 0.77631 0.67789 0.507359 0.573328 1.11802 1.01396 0.165731 0.566096 0.183737 0.531752 1.16665 0.903804 0.688259 0.184663 1.01992 0.214912 1.04029 0.357385 0.789186 0.844622 0.182373 0.720719 0.415849 0.982546 0.380964 0.750522 0.140159 0.870421 0.839452 1.02404
0.921287 0.861441 0.901693 1.17807 0.77266 0.483788 1.05022 0.644758 0.865925 0.721839 0.462498 1.02778 0.352063 0.563032 0.807739 0.546226 0.567892 0.622358 0.30584 0.682703 0.619192 0.825785 0.772949 1.25899 0.79795 0.901752 0.583255 0.426806 0.137733 0.829177 0.290917 0.534817 0.359838 0.172232 0.55494 0.21825 1.09854 0.233835 1.15049 1.17895 0.524799 1.15083 0.949767 1.07688 1.12703 0.906231 0.710251 0.676151 0.511939 0.906156 0.90841 0.297021 0.645424 0.394754 0.618219 1.12027 0.893541 0.716488 0.0753104 0.996806 0.0870809 0.792088 0.407964 0.741652 0.662231 0.192954 0.63727 0.448237 1.04957 0.472572 0.713257 0.0223673 0.929153 0.795619 1.01424
1.1387 0.910625 0.760875 1.01609 0.714214 0.408305 1.0238 0.708342 0.713777 0.77013 0.457668 0.801591 0.283283 0.683668 0.831152 0.374187 0.586698 0.548798 0.222052 0.594197 0.696387 0.609213 0.614015 1.09617 0.732897 1.03103 0.684953 0.455823 0.293111 0.862966 0.294364 0.682802 0.299763 0.450692 0.442697 0.179605 1.00598 0.301265 1.1984 1.09274 0.762677 1.09887 0.92999 1.10128 1.06594 0.707851 0.767622 0.52363 0.581219 1.06949 0.992448 0.367565 0.737552 0.19015 0.481792 1.02945 0.77854 0.651501 0.29875 1.07935 0.287261 0.876085 0.44342 0.744187 0.712369 0.193222 0.666844 0.418987 1.02405 0.51709 0.591679 0.108101 0.884643 0.784942 0.959538
0.946597 0.792144 0.749865 1.14848 0.660645 0.490865 1.12497 0.633305 0.672987 0.876602 0.577963 0.983218 0.228682 0.484425 0.827941 0.506883 0.472659 0.571699 0.0589005 0.617999 0.707588 0.649856 0.532697 1.1325 0.82774 1.1429 0.690982 0.562878 0.270917 0.845371 0.290974 0.606502 0.422649 0.219361 0.499002 0.305062 0.947745 0.324763 1.08179 1.04502 0.711887 1.21599 0.917831 1.03797 1.04935 0.780613 0.845164 0.446844 0.396166 0.845436 1.07844 0.239869 0.681711 0.315209 0.598827 1.13936 0.778758 0.659568 0.19076 0.90876 0.0967418 0.949061 0.599826 0.661056 0.823384 0.224509 0.630986 0.297505 1.11598 0.607933 0.727135 0.148005 0.92113 1.03187 1.06891
0.965216 0.810322 0.835686 1.06825 0.571364 0.600594 0.961676 0.622555 0.802535 0.653914 0.616884 0.98141 0.389814 0.534597 0.9908 0.455366 0.439835 0.627363 0.0455826 0.594951 0.54482 0.599597 0.773319 1.03578 0.7904 0.963473 0.636138 0.38082 0.320717 0.999873 0.356062 0.698705 0.247569 0.384478 0.387742 0.385311 0.902149 0.25664 0.980239 1.07635 0.750817 0.989293 1.02682 0.878348 0.928163 0.732055 0.713138 0.555344 0.516555 0.861785 0.926377 0.39841 0.511806 0.189353 0.610866 1.07194 0.965899 0.591286 0.122439 1.13372 0.228578 0.802663 0.49446 0.537502 0.834357 0.181855 0.464189 0.266398 0.987221 0.366394 0.612962 0.261986 0.795175 0.76232 0.990234
0.913726 0.778271 0.995196 1.13432 0.667766 0.544394 1.01803 0.559052 0.701666 0.715878 0.428773 0.977715 0.161466 0.68903 0.802274 0.349466 0.433567 0.496227 0.242044 0.649234 0.608272 0.798921 0.610073 1.17772 0.717697 0.904217 0.860998 0.561377 0.347683 0.937746 0.300151 0.723442 0.297199 0.421777 0.616911 0.276882 1.00722 0.247102 1.00613 1.13209 0.565645 1.20302 1.0463 1.10652 1.02716 0.883554 0.740729 0.70128 0.534956 1.03305 1.09708 0.322442 0.477921 0.161871 0.423238 0.9575 0.795279 0.582984 0.0996105 0.960674 0.319524 0.820409 0.494535 0.571488 0.846354 0.364923 0.446208 0.391394 1.01268 0.430409 0.61953 0.215681 0.999469 1.02528 1.13121
1.01819 0.979779 0.995616 1.0825 0.727747 0.45589 1.08374 0.756103 0.805823 0.705669 0.687227 0.784504 0.346018 0.622054 0.829549 0.364708 0.547283 0.503943 0.159767 0.616548 0.651246 0.731317 0.587319 1.10028 0.729298 1.06982 0.71723 0.347485 0.303185 0.839076 0.132075 0.581653 0.309845 0.195751 0.503267 0.346738 0.913118 0.346467 1.10659 1.15164 0.617382 1.06523 0.954778 1.03752 1.16861 0.947487 0.710217 0.511831 0.423126 1.07081 1.10979 0.254096 0.512408 0.228286 0.648217 1.17155 1.02961 0.682461 0.159512 1.13053 0.26621 0.809764 0.596396 0.786802 0.691637 0.346604 0.491185 0.391435 1.09191 0.447249 0.672392 0.23769 0.901064 0.770473 0.880349
0.970416 0.713217 0.794352 1.11423 0.847413 0.530012 1.08011 0.846023 0.828754 0.888457 0.654976 0.888772 0.379761 0.681657 0.793943 0.440795 0.558291 0.451988 0.228673 0.58611 0.545624 0.615493 0.55116 1.18765 0.744065 0.91038 0.854007 0.49451 0.345846 0.884295 0.227704 0.510347 0.454971 0.233651 0.417952 0.108906 0.925502 0.466569 1.09344 0.982729 0.717628 1.26071 0.826136 0.917437 1.06852 0.85166 0.73003 0.451913 0.354614 0.909856 1.0127 0.249288 0.515178 0.401353 0.471839 1.15452 0.89098 0.703609 0.296652 1.08111 0.0543974 0.752632 0.548055 0.731059 0.755566 0.355084 0.655312 0.410202 1.18046 0.472451 0.822511 0.0449123 1.06267 0.752185 0.912245
1.06959 0.845988 0.86815 1.02676 0.73986 0.406288 0.927653 0.833596 0.800319 0.786335 0.658458 0.818875 0.356621 0.636359 0.839394 0.357594 0.607297 0.539313 0.0291918 0.72587 0.488003 0.743042 0.613252 1.06675 0.656211 1.0789 0.753962 0.499264 0.171577 0.956516 0.164772 0.497459 0.320067 0.225781 0.418257 0.195458 1.14862 0.411647 1.05158 1.13294 0.663921 1.0914 0.828808 0.848233 1.07761 0.83229 0.744011 0.438793 0.49018 0.945041 0.979937 0.195407 0.7061 0.166063 0.567405 1.09025 0.847687 0.54446 0.0907419 0.949123 0.0770047 0.757179 0.545761 0.611968 0.621809 0.437067 0.554039 0.360936 0.981539 0.527447 0.835198 0.022054 0.795014 0.767177 0.921691
1.0968 0.744507 0.757981 0.978333 0.609235 0.610448 1.08032 0.610596 0.907473 0.675156 0.520062 1.02248 0.338277 0.727423 0.806203 0.554618 0.412437 0.442709 0.255483 0.588516 0.597038 0.837302 0.813271 1.05068 0.557472 0.942894 0.695957 0.549148 0.24012 0.987951 0.343461 0.610102 0.289076 0.23713 0.664326 0.252607 0.908146 0.229089 1.21543 1.0153 0.749989 1.20273 0.849838 1.03531 0.898979 0.941166 0.66751 0.639715 0.575856 1.02241 1.18141 0.196017 0.513437 0.409254 0.673377 0.983032 0.810684 0.491701 0.25169 1.0074 0.217487 1.02856 0.477175 0.696744 0.828566 0.400059 0.571183 0.373927 1.01997 0.493992 0.674011 0.110348 0.799609 0.918382 0.951875
0.877713 1.00397 1.00492 1.24614 0.831111 0.456482 1.13606 0.74348 0.652188 0.88903 0.652015 1.02181 0.317918 0.652647 0.96085 0.482258 0.386045 0.572828 0.257322 0.691001 0.494939 0.755577 0.596588 1.18871 0.644781 0.936657 0.638921 0.547033 0.19864 0.985562 0.184453 0.543254 0.373469 0.239435 0.48545 0.118379 1.04869 0.326445 0.9651 1.12417 0.49452 1.05194 0.891054 0.904626 1.02793 0.776484 0.849912 0.537412 0.501202 0.987015 1.17668 0.236192 0.71827 0.199407 0.493245 1.01017 0.763187 0.629883 0.0237766 1.17726 0.1736 0.773224 0.444024 0.794757 0.611419 0.252875 0.547091 0.43941 0.968978 0.408815 0.845791 0.196553 0.968814 0.845778 1.06079
1.09388 1.01034 0.772657 1.14868 0.761457 0.454639 1.18003 0.583413 0.877482 0.694607 0.484454 1.04981 0.360928 0.474927 0.815303 0.426973 0.467798 0.522818 0.20259 0.666263 0.443067 0.701321 0.745398 1.02232 0.649178 1.14695 0.656921 0.463969 0.0817223 0.9667 0.399314 0.660643 0.37925 0.450365 0.401348 0.231163 1.04006 0.371786 1.15329 0.909003 0.498305 1.20722 0.973032 0.967301 1.00104 0.910217 0.771385 0.706941 0.30255 1.03167 0.982853 0.342621 0.663419 0.141574 0.42922 1.18355 0.999619 0.521049 0.204954 0.90765 0.336181 0.759601 0.421156 0.71936 0.813518 0.381822 0.579929 0.441266 1.19659 0.478448 0.846277 0.1219 1.03083 0.791879 1.0315
1.1236 0.999358 0.928718 1.20796 0.792236 0.411838 0.905866 0.847799 0.62263 0.719799 0.506885 1.05008 0.427627 0.622511 0.880288 0.561503 0.506519 0.561289 0.0646219 0.627472 0.557973 0.727018 0.766261 1.07173 0.564741 1.02281 0.614225 0.473041 0.293151 0.745435 0.291939 0.509157 0.306041 0.304826 0.388657 0.197855 1.0491 0.370471 1.1583 1.11369 0.757639 1.00136 0.874392 1.06808 0.953822 0.68917 0.735108 0.647339 0.362929 1.11044 1.05835 0.280846 0.665664 0.328188 0.491064 0.968378 0.945186 0.522324 0.0542069 0.943006 0.346991 0.847251 0.507434 0.759075 0.823271 0.320508 0.666618 0.350509 1.00089 0.545149 0.740985 0.186841 0.833173 0.736552 0.931642
1.08806 0.825774 0.969475 1.21117 0.854396 0.469566 0.986009 0.650188 0.811386 0.905085 0.524726 0.786824 0.402269 0.449956 1.01748 0.505126 0.418923 0.593765 0.279568 0.81923 0.539924 0.745355 0.564037 1.07804 0.620254 1.02894 0.880855 0.584409 0.0888847 0.721058 0.123379 0.557563 0.363509 0.198494 0.548676 0.260713 0.914147 0.328939 1.01587 1.05168 0.774173 1.1172 0.795294 1.03149 1.08886 0.68758 0.662242 0.62726 0.443393 0.998554 0.960269 0.446058 0.549528 0.377065 0.400768 1.13976 0.755163 0.683934 0.316479 0.916085 0.343166 0.895478 0.332002 0.602131 0.825938 0.203747 0.469381 0.318891 1.03112 0.589888 0.623375 0.256769 0.80837 1.02218 0.880097
1.07862 0.932211 0.841665 1.15966 0.829787 0.422656 1.02403 0.564786 0.742368 0.891339 0.640871 0.822146 0.43302 0.624701 0.905054 0.382474 0.394027 0.548508 0.236392 0.743925 0.724296 0.602922 0.570881 1.2211 0.6547 1.17747 0.609459 0.48117 0.350391 0.912277 0.399231 0.517167 0.205998 0.372515 0.661422 0.177744 0.948815 0.226605 0.949285 1.06358 0.509393 1.09765 0.807644 1.00459 0.979625 0.709945 0.671966 0.630106 0.399275 1.03266 0.949974 0.380378 0.661113 0.241295 0.43473 0.97483 0.828931 0.717707 0.140781 0.947943 0.201609 0.858728 0.48972 0.636937 0.626037 0.424947 0.545488 0.463479 1.21315 0.377492 0.730089 0.19618 0.952069 0.981108 1.04783
0.94424 0.776816 0.826072 1.0139 0.779805 0.430816 1.07141 0.558356 0.702112 0.663683 0.602233 0.955245 0.431955 0.687531 1.01723 0.511985 0.509 0.421773 0.091229 0.586821 0.715132 0.796126 0.763481 1.24133 0.72504 1.04328 0.735112 0.440831 0.259857 0.724071 0.35312 0.534115 0.289552 0.442698 0.612486 0.185024 1.1551 0.29518 1.19849 0.95377 0.726824 1.20107 1.04002 0.972328 1.02521 0.86436 0.742788 0.674457 0.49347 1.09641 1.01757 0.389226 0.687841 0.258014 0.666978 1.02633 0.79968 0.538701 0.131402 1.04182 0.186782 0.828764 0.50124 0.733218 0.739849 0.255325 0.5426 0.372227 1.01541 0.374435 0.58497 0.142395 0.960992 1.02197 1.05424
0.929987 0.787894 0.993419 1.08199 0.670749 0.573836 0.926144 0.727533 0.753436 0.749186 0.42365 0.80881 0.380374 0.472706 1.01863 0.370583 0.581657 0.397546 0.178001 0.60029 0.554394 0.686832 0.644338 1.17052 0.726916 1.0108 0.790082 0.52754 0.335122 0.929619 0.219136 0.674799 0.216904 0.220901 0.387791 0.31416 1.13576 0.245629 1.13016 1.10347 0.542246 1.15248 1.03167 0.908022 0.972556 0.79473 0.775657 0.448895 0.531767 0.983255 0.93951 0.166914 0.593536 0.406261 0.542137 0.955113 0.957505 0.746871 0.0237258 1.0892 0.140589 0.992722 0.436603 0.578107 0.718036 0.439157 0.60416 0.501899 1.0172 0.401261 0.87505 0.130662 1.04899 0.835586 1.16438
0.889486 0.948026 0.990298 1.15275 0.754571 0.576916 0.892166 0.710437 0.849967 0.718565 0.710028 0.780122 0.289569 0.545279 0.95152 0.505221 0.538347 0.380186 0.219604 0.756013 0.722655 0.840424 0.807286 1.12681 0.600644 1.01013 0.631082 0.442928 0.186504 0.769848 0.372311 0.467086 0.234706 0.338873 0.455315 0.2255 1.08833 0.345419 1.20684 0.97929 0.787015 1.2014 1.03025 1.04156 1.04378 0.895749 0.667782 0.641243 0.564365 0.848438 1.15112 0.315338 0.676613 0.344755 0.605538 0.971294 0.804617 0.509617 0.207292 1.0513 0.182577 0.933863 0.518586 0.815012 0.58898 0.356535 0.488942 0.547201 0.986379 0.316433 0.792366 0.0296565 0.837649 1.01048 0.924871
