25 75
0.954917 1.04427 0.749937 1.00341 0.514063 0.657722 0.30915 0.283324 1.1347 0.377873 0.667427 0.520709 0.339456 0.226925 0.0373894 0.352201 0.946947 0.327151 0.829294 0.964745 0.22653 1.03033 0.273502 0.372034 1.02787 0.381537 0.751251 0.920905 0.331032 0.723196 0.663908 0.737238 1.00382 0.609518 0.482552 0.461283 1.03913 1.19806 0.749237 0.386618 0.733774 1.04344 0.279275 0.349075 0.336199 1.08893 0.255127 0.423702 1.06506 0.852622 0.934413 0.346351 0.248758 0.189493 0.225866 0.607853 0.861237 0.512196 0.299039 0.9709 0.590144 1.24729 0.586189 0.21607 0.792859 0.865867 1.13866 0.8822 0.627752 1.11514 0.763328 0.237566 0.397491 0.47294 0.775894
0.968836 0.83322 0.776407 1.20456 0.583566 0.760055 0.152413 0.229511 1.10787 0.506077 0.704047 0.229736 0.368204 0.225831 0.301927 0.157541 0.818303 0.284765 1.12184 0.871142 0.142082 0.980955 0.216227 0.234264 1.20077 0.519575 0.72922 0.83136 0.219467 0.783329 0.5531 0.762665 0.903672 0.675279 0.203741 0.576378 1.0175 0.976911 0.802235 0.40785 0.727531 0.75399 0.14002 0.412365 0.34368 1.01546 0.408572 0.506487 1.12893 0.897996 1.01736 0.15118 0.289277 0.185162 0.334046 0.674574 0.880093 0.494959 0.149034 0.99893 0.513677 1.19848 0.779259 0.105105 0.832209 0.646665 1.05544 0.798316 0.530458 1.02514 0.792755 0.287209 0.425469 0.33699 0.51856
0.973536 0.842221 0.633182 1.03896 0.603933 0.604514 0.06932 0.122604 1.10486 0.442204 0.787708 0.518538 0.457425 0.301114 0.278566 0.401036 0.95827 0.32239 1.08364 0.705425 0.138674 1.16136 0.237334 0.412291 1.11247 0.366397 0.734023 0.848752 0.371243 0.89118 0.678684 0.850181 1.04684 0.826885 0.33144 0.739689 1.18621 1.08067 0.692845 0.464374 0.696045 0.870761 0.15088 0.322364 0.499015 1.12709 0.362673 0.307401 0.927763 0.788775 0.794487 0.242802 0.259201 0.166529 0.377336 0.651005 0.712956 0.287179 0.320531 0.766868 0.560798 1.08608 0.778676 0.199946 0.799706 0.733037 1.29172 0.637761 0.481901 0.975699 0.796463 0.139338 0.545847 0.570078 0.506844
0.97058 0.807545 0.598618 1.19266 0.391175 0.55006 0.0645642 0.0382508 1.08128 0.531226 0.545143 0.397714 0.531061 0.151445 0.195564 0.205189 0.853248 0.436492 1.07613 0.936633 0.261266 1.16318 0.264805 0.433988 1.14237 0.499 0.796611 0.91905 0.385339 0.683185 0.589221 0.858335 0.848968 0.748993 0.302503 0.617264 1.13261 1.12372 0.581562 0.231545 0.932552 1.03082 0.061099 0.325948 0.448154 0.927211 0.272728 0.411951 0.920744 1.00797 0.894028 0.137192 0.404894 0.247212 0.412882 0.525581 0.855396 0.251242 0.296003 0.883625 0.490257 1.17793 0.530583 0.135789 0.977082 0.695363 1.23358 0.647165 0.4869 1.04594 0.801191 0.195448 0.330406 0.4027 0.537038
1.00155 0.785059 0.676701 1.1153 0.358352 0.498935 0.0819011 0.16642 1.02396 0.555047 0.636323 0.432284 0.383452 0.208736 0.0283571 0.411947 1.0565 0.348451 0.94541 0.770233 0.139112 0.980057 0.184859 0.284009 1.0862 0.412862 0.8316 0.922269 0.221762 0.879896 0.501087 0.876094 0.962052 0.674821 0.24221 0.468316 1.24059 0.998735 0.641944 0.326229 0.904878 0.775249 0.230256 0.250955 0.575656 1.14269 0.273412 0.299882 0.957638 0.92098 0.816155 0.201929 0.44779 0.19042 0.322396 0.653686 0.90043 0.247567 0.225753 0.914556 0.520984 1.14578 0.627465 0.201445 0.975875 0.757999 1.126 0.735551 0.599334 1.05957 0.802439 0.348766 0.431876 0.518391 0.522665
0.996786 0.891151 0.794287 1.26072 0.493877 0.739067 0.125267 0.0637917 1.01365 0.381197 0.723113 0.306429 0.477674 0.2061 0.304445 0.341369 1.00913 0.218202 0.934384 0.9911 0.262251 1.17789 0.35281 0.430596 1.17378 0.461752 0.900111 0.949978 0.488312 0.689495 0.491141 0.892833 0.85627 0.731934 0.335402 0.471934 1.23886 1.11792 0.621649 0.229722 0.865939 0.97504 0.049059 0.352849 0.551121 0.998123 0.145042 0.369326 1.07398 1.00055 0.819141 0.32217 0.19957 0.164087 0.402808 0.773645 0.845592 0.275489 0.276154 0.73747 0.624615 1.04036 0.690805 0.251864 0.95443 0.866612 1.21455 0.68738 0.675162 0.935043 0.850924 0.134976 0.493132 0.414039 0.602657
1.13332 0.816168 0.66687 1.25981 0.534405 0.681679 0.208853 0.0900223 1.03197 0.442252 0.591359 0.506926 0.3871 0.289794 0.298909 0.393261 1.065 0.320955 0.969827 0.722547 0.0143833 0.925321 0.235575 0.212359 1.18486 0.391328 0.950141 0.785255 0.458954 0.671861 0.699919 0.846519 1.06896 0.805202 0.234057 0.714814 1.17869 0.990901 0.672397 0.260596 0.914876 0.783337 0.115219 0.313944 0.346176 0.983125 0.422485 0.516161 0.926449 0.909627 0.734132 0.271118 0.381724 0.331229 0.325014 0.56625 0.951429 0.452849 0.308839 0.927804 0.476943 1.2083 0.647724 0.237775 0.851479 0.611657 1.03367 0.774063 0.546406 0.928105 0.748402 0.250995 0.303584 0.509941 0.517258
1.11695 1.0084 0.831221 1.2439 0.444934 0.605744 0.219298 0.325017 0.98711 0.408423 0.707615 0.27505 0.491771 0.385587 0.143342 0.377036 0.918017 0.312654 1.06104 0.80429 0.221347 0.975918 0.325138 0.195176 1.20535 0.350296 0.835274 0.927122 0.470542 0.913228 0.59775 0.746159 0.861347 0.829275 0.386677 0.62422 1.20845 1.06243 0.645228 0.414119 0.754235 0.770181 0.289428 0.339691 0.38844 0.956489 0.231844 0.346901 1.0461 0.998084 0.802564 0.28616 0.352293 0.33315 0.342498 0.676579 0.772899 0.391403 0.12666 0.74973 0.490943 1.12429 0.6826 0.239633 0.908684 0.699143 1.01392 0.779638 0.769165 1.1987 0.933439 0.376084 0.456147 0.525784 0.576845
0.908487 0.998276 0.568123 1.2393 0.39612 0.533909 0.201144 0.180084 1.08281 0.493441 0.620298 0.489768 0.446495 0.233129 0.296353 0.340021 0.814191 0.279799 0.842388 0.765249 0.0111522 1.08364 0.235323 0.203383 1.19184 0.512504 0.963144 0.916267 0.272074 0.881311 0.635404 1.00732 0.895633 0.885615 0.353903 0.721336 1.15127 0.958877 0.684666 0.203578 0.699585 1.05005 0.231819 0.394683 0.473942 1.05612 0.24931 0.430198 1.11069 0.79229 0.972591 0.32952 0.264819 0.324016 0.300847 0.705772 0.713476 0.464773 0.386806 0.810661 0.566162 1.04613 0.577542 0.222174 0.945094 0.627399 1.21013 0.686445 0.591714 0.959804 0.963758 0.129869 0.592109 0.500986 0.744813
1.09878 0.873136 0.801335 1.14875 0.498154 0.668473 0.105394 0.037074 1.19567 0.553816 0.512955 0.479812 0.514634 0.255392 0.164669 0.225954 0.816432 0.176796 0.925404 0.703372 0.120842 1.06591 0.424587 0.310633 1.17104 0.616673 0.722172 0.864973 0.449195 0.895402 0.578459 0.974936 0.842291 0.696117 0.407577 0.497919 1.0258 1.01497 0.720103 0.450026 0.896896 0.890865 0.216325 0.394764 0.579262 0.864199 0.155616 0.354215 1.01385 0.791368 0.790524 0.217228 0.384623 0.184064 0.440981 0.647958 0.670762 0.447764 0.200962 0.949141 0.731035 1.08046 0.538861 0.105885 0.958218 0.849906 1.00902 0.835296 0.640771 1.02725 0.736222 0.198777 0.492657 0.36943 0.697552
0.896394 0.94789 0.712144 1.03522 0.373879 0.561891 0.073636 0.289247 1.0991 0.380309 0.736608 0.492021 0.348749 0.208219 0.0493722 0.327431 0.883307 0.212794 0.910167 0.919576 0.275742 1.00985 0.337449 0.435258 1.22875 0.444129 0.973937 0.913879 0.349502 0.905285 0.464217 0.964113 0.918916 0.807867 0.488424 0.709173 1.0056 1.08319 0.699627 0.251531 0.944451 0.810409 0.111139 0.429592 0.50406 1.0499 0.31983 0.530311 0.987522 0.744325 0.902889 0.294723 0.396372 0.14478 0.458813 0.666684 0.790441 0.256584 0.2678 0.947674 0.705544 1.03132 0.582296 0.0712045 1.00336 0.83132 1.16189 0.65028 0.5269 0.983891 0.889195 0.198098 0.360334 0.561676 0.789667
1.11985 0.910914 0.692086 1.02606 0.480235 0.687232 0.102457 0.250523 1.17316 0.453297 0.70932 0.423679 0.400361 0.126997 0.210974 0.265192 0.798129 0.35693 1.03879 0.866675 0.155851 0.994718 0.398803 0.384025 1.0734 0.552361 0.742191 0.806599 0.324926 0.699033 0.56816 0.904654 0.904832 0.641335 0.416522 0.468812 1.17178 0.950351 0.806451 0.482187 0.959825 0.770243 0.244967 0.218559 0.552469 0.945878 0.156537 0.313826 1.0689 0.82438 0.903346 0.15393 0.430044 0.249544 0.267243 0.769507 0.826177 0.352697 0.236621 0.943511 0.510582 0.980161 0.773302 0.249006 0.889969 0.629177 1.22594 0.863357 0.52945 1.00955 0.928502 0.281001 0.504761 0.539397 0.596373
0.915188 0.983151 0.706201 1.08872 0.370024 0.692566 0.250333 0.0697348 1.1514 0.534702 0.639733 0.403354 0.277872 0.301972 0.25771 0.278491 0.897574 0.4505 1.01235 0.80853 0.00774593 1.1984 0.278711 0.17906 1.22941 0.57772 0.853369 0.85405 0.314551 0.924149 0.718337 0.78834 0.877609 0.637385 0.351502 0.492651 1.06809 1.14459 0.574772 0.482424 0.742352 0.870461 0.273635 0.308654 0.548476 0.880232 0.244424 0.490447 1.13236 0.85687 0.800288 0.107816 0.448033 0.139647 0.234844 0.693392 0.849178 0.278113 0.397293 0.772129 0.698383 1.17691 0.638306 0.116154 0.974355 0.628189 1.28321 0.780496 0.744787 1.06836 0.885305 0.124626 0.529312 0.417002 0.741048
0.927959 0.930367 0.587713 1.19893 0.396991 0.544734 0.290166 0.309203 1.01242 0.571706 0.61098 0.329815 0.431045 0.273139 0.18724 0.184403 0.949844 0.329598 0.95631 0.851656 0.0557821 1.12548 0.272602 0.462627 1.20895 0.377416 0.759796 0.767446 0.423323 0.799163 0.696689 0.896452 1.10133 0.750498 0.25495 0.722284 1.06899 1.10159 0.592818 0.422086 0.946081 0.785245 0.166489 0.433642 0.419193 0.94677 0.347827 0.390238 0.864435 0.857659 0.813 0.0773432 0.338353 0.0861148 0.304505 0.541789 0.893188 0.278942 0.387451 1.02106 0.721206 1.01404 0.744513 0.217349 0.982862 0.900075 1.02242 0.708345 0.577511 0.994494 0.73582 0.146787 0.589199 0.566881 0.520524
0.900871 0.782909 0.547795 1.23467 0.551375 0.649868 0.325403 0.117656 1.00326 0.536665 0.562483 0.4732 0.50311 0.246743 0.0400631 0.424606 1.07414 0.199086 0.935726 0.960976 0.0962024 1.15827 0.14345 0.290951 1.19916 0.57847 0.989682 0.931248 0.384706 0.750308 0.675496 0.940372 0.901424 0.828018 0.323645 0.713264 1.22731 1.00335 0.629442 0.205248 0.886431 0.829411 0.293243 0.289923 0.476066 1.04035 0.352257 0.584267 0.931545 0.882931 0.829196 0.0560153 0.314274 0.374839 0.36263 0.554044 0.86094 0.378035 0.346031 0.908014 0.460923 1.20241 0.613863 0.298021 1.00412 0.661717 1.28862 0.719161 0.768969 1.1714 0.853738 0.228355 0.31999 0.438334 0.787452
1.06434 0.941749 0.758151 0.983187 0.401542 0.632191 0.278831 0.266724 1.03432 0.571253 0.554648 0.439233 0.281963 0.150659 0.151499 0.310118 0.983734 0.32054 0.917425 0.887608 0.0276597 0.910639 0.307561 0.328405 1.05183 0.402837 0.964278 0.945775 0.205937 0.634995 0.745128 0.922347 0.862369 0.715431 0.425514 0.70299 1.05384 1.10068 0.676545 0.270446 0.819978 1.0354 0.270054 0.297682 0.42721 1.01379 0.202898 0.547531 0.930206 0.768563 1.00173 0.149587 0.405354 0.174956 0.490518 0.698239 0.894247 0.299065 0.255909 0.91695 0.683548 1.01987 0.51166 0.356937 1.03721 0.611979 1.22177 0.760032 0.685299 0.986042 0.874173 0.380125 0.417867 0.552999 0.522975
0.966336 0.786101 0.667282 0.995189 0.496101 0.697176 0.126611 0.0725512 0.978744 0.575787 0.517623 0.434668 0.319609 0.237905 0.152508 0.209889 0.873536 0.42585 0.8728 0.741771 0.115673 1.1268 0.235642 0.427289 1.10761 0.516289 0.809235 0.816399 0.214366 0.776111 0.495973 0.747696 0.867016 0.835525 0.365919 0.666343 1.03726 1.05803 0.592441 0.473345 0.793677 0.877088 0.110562 0.372188 0.320475 1.06228 0.339219 0.59038 1.06956 0.884333 0.758068 0.194887 0.492932 0.211182 0.279088 0.691449 0.901564 0.484503 0.282371 0.792159 0.616465 1.11669 0.598055 0.227714 0.873548 0.688645 1.18391 0.692936 0.671761 1.16251 0.92198 0.160484 0.407286 0.608221 0.645921
1.14852 0.932334 0.576748 1.18025 0.331131 0.735661 0.285096 0.269408 1.22066 0.626671 0.77588 0.340868 0.334561 0.287234 0.272301 0.282427 1.06814 0.36714 1.08336 0.961956 0.0573491 1.14712 0.270221 0.401869 0.984976 0.622278 0.924076 0.939277 0.214124 0.863359 0.68651 0.924392 0.962438 0.831061 0.28466 0.54598 1.16809 1.00736 0.784705 0.321791 0.946924 0.809449 0.309985 0.341671 0.321384 1.00004 0.317549 0.588718 0.98365 0.988163 0.849007 0.0657735 0.268158 0.279423 0.27327 0.572694 0.747527 0.421269 0.398709 0.862118 0.60226 1.24302 0.704473 0.0995537 0.770318 0.806874 1.06371 0.601136 0.644013 1.20781 0.979143 0.245919 0.322392 0.614115 0.766807
1.10293 0.870624 0.767624 1.06597 0.519654 0.609772 0.146568 0.255695 0.978563 0.517823 0.711239 0.323357 0.412337 0.219875 0.231972 0.373127 1.06358 0.254188 1.00227 0.751452 0.0322384 1.19075 0.185307 0.268985 1.18892 0.376352 0.996747 0.883997 0.36786 0.866205 0.69694 0.917813 0.850251 0.852621 0.491045 0.605332 1.05214 1.22752 0.857475 0.200089 0.785545 0.787461 0.0895617 0.3628 0.416971 1.11678 0.293271 0.46724 1.0365 0.876568 0.767546 0.0787815 0.437133 0.317179 0.279366 0.701663 0.845406 0.457211 0.161389 0.934482 0.681828 1.01147 0.623112 0.25658 0.794033 0.651583 1.00477 0.608735 0.682344 0.925496 0.959227 0.175953 0.334956 0.607727 0.712899
0.95762 0.897774 0.80982 1.1466 0.586962 0.539252 0.116169 0.252349 1.22928 0.377438 0.631748 0.252983 0.46749 0.149698 0.0682501 0.275521 0.988933 0.462359 1.06553 0.966481 0.0236615 1.14747 0.28832 0.398713 1.17731 0.454946 0.875549 0.787006 0.29468 0.645525 0.489762 0.980204 0.859902 0.862991 0.388672 0.532662 1.20244 1.07432 0.755821 0.335119 0.710165 0.81097 0.32848 0.413681 0.41385 0.968726 0.273833 0.35109 1.03788 0.887899 0.898833 0.17242 0.260368 0.249305 0.307455 0.777019 0.742604 0.466021 0.302079 0.754924 0.588112 0.949082 0.741534 0.119439 0.826987 0.701371 1.02549 0.796317 0.691685 0.971545 0.875821 0.190413 0.402162 0.519626 0.539922
0.92373 0.895744 0.739599 1.20979 0.612884 0.668366 0.155547 0.0801321 1.10512 0.429403 0.543319 0.288026 0.345724 0.329482 0.238747 0.144215 0.947046 0.256498 1.10223 0.764011 0.229877 1.12102 0.363187 0.219368 1.23581 0.37522 0.931866 0.817362 0.397287 0.646648 0.621713 1.01793 0.8162 0.879241 0.457008 0.46496 1.07025 1.00854 0.597032 0.259454 0.681811 1.04204 0.338039 0.319552 0.4499 1.03337 0.157135 0.32049 0.97297 0.894119 0.968993 0.114303 0.304171 0.30725 0.472046 0.736507 0.666835 0.286665 0.414648 0.942968 0.716644 1.17653 0.740721 0.211514 0.961691 0.813201 1.1988 0.635476 0.764281 0.977608 0.958672 0.297788 0.410976 0.466928 0.58099
0.932001 0.942899 0.731544 1.04408 0.341677 0.684487 0.0824631 0.335297 1.14343 0.445111 0.731928 0.446291 0.548817 0.31016 0.0779132 0.202991 1.04619 0.251942 1.09547 0.821562 0.183242 1.08839 0.203066 0.326096 1.03346 0.534697 0.729441 0.812896 0.375052 0.91173 0.749478 0.798555 0.851257 0.799547 0.250632 0.506297 1.09493 1.19537 0.793935 0.425307 0.892157 0.788975 0.296457 0.208289 0.344847 0.85239 0.40873 0.419355 1.13834 0.847162 0.799393 0.295905 0.491596 0.127053 0.408491 0.597967 0.697584 0.399985 0.354257 0.939661 0.446171 1.04465 0.664295 0.135083 0.915592 0.85483 1.03344 0.64833 0.507929 0.969085 0.848865 0.154092 0.570028 0.406351 0.743134
1.10325 0.84928 0.564385 1.18601 0.596476 0.727511 0.254271 0.0893776 1.1961 0.509119 0.62003 0.223976 0.324073 0.221067 0.14963 0.196748 0.928392 0.204195 0.975385 0.762142 0.122593 1.16832 0.238647 0.468716 1.10202 0.390513 0.750344 0.741744 0.318034 0.792535 0.623657 0.925786 0.84447 0.74114 0.219896 0.539221 1.11543 0.975154 0.580049 0.465343 0.872306 0.882107 0.334396 0.295572 0.402956 1.06458 0.21745 0.555484 1.01225 0.876138 0.886523 0.0554411 0.441444 0.37048 0.199068 0.55434 0.654013 0.423781 0.259253 0.872996 0.712624 1.04923 0.631216 0.356753 0.961636 0.62581 1.04109 0.802666 0.510395 0.950198 0.995501 0.304191 0.523675 0.566946 0.771516
1.02701 0.898058 0.790539 1.08028 0.404215 0.772499 0.134297 0.219174 1.10546 0.454943 0.64642 0.230309 0.459507 0.200506 0.29487 0.417104 1.04473 0.346109 0.860416 0.968077 0.238664 0.993179 0.421988 0.359268 1.01481 0.393741 0.961561 0.721347 0.325303 0.814501 0.723985 0.947319 0.884836 0.681563 0.411549 0.675673 1.11735 0.949041 0.646625 0.335001 0.921132 0.894997 0.264284 0.27813 0.482209 0.865986 0.244422 0.316471 1.14217 0.906397 0.98049 0.181706 0.422608 0.33804 0.320966 0.639226 0.691576 0.455182 0.231583 0.88736 0.578527 1.10842 0.733898 0.165802 0.92708 0.706468 1.10382 0.589911 0.65094 0.959773 0.736094 0.29595 0.586383 0.398534 0.766875
1.08294 1.0496 0.603944 1.11975 0.403789 0.585127 0.217582 0.156594 1.04003 0.488691 0.675542 0.511285 0.327579 0.360113 0.182226 0.267283 0.836988 0.252045 0.977733 0.94071 0.00543523 0.931082 0.4023 0.43273 0.990621 0.356703 0.790977 0.731309 0.266432 0.827843 0.505593 1.0027 0.852174 0.696029 0.243424 0.673544 1.1997 1.09568 0.641591 0.479676 0.68764 0.839808 0.110094 0.227191 0.440105 0.89771 0.385674 0.408601 1.13634 0.785173 1.02141 0.139658 0.462308 0.23225 0.362442 0.618037 0.713207 0.498681 0.25845 0.841872 0.686352 1.05427 0.674188 0.109568 0.811598 0.832763 1.03791 0.664692 0.549817 0.926867 0.839299 0.240612 0.56167 0.536677 0.751664
