25 75
0.99421 0.594764 0.597625 0.793194 1.07766 1.16636 0.394746 0.423794 1.005 0.678454 1.0562 0.721257 0.813792 0.977215 0.145258 0.211844 0.620976 0.41554 0.553251 0.835971 0.201311 0.261144 0.915638 0.681128 0.265475 0.689261 0.555213 0.898117 0.39919 0.454497 0.908185 0.989668 1.1337 0.984344 1.16094 0.637224 0.869353 0.976793 0.506568 1.00717 0.38387 0.171105 1.09195 0.650577 0.806465 1.08979 0.5311 0.62721 1.08247 0.579011 1.00996 0.523681 1.00736 0.502893 0.509951 0.190175 0.266653 0.836137 0.979729 0.527509 0.966284 0.296592 0.461876 0.374334 0.928894 0.74102 0.838513 0.700045 0.264838 0.947283 0.804204 0.229281 0.740661 0.786937 0.927748
1.09786 0.614427 0.486947 0.587906 0.942632 1.01667 0.567618 0.484102 0.821983 0.611615 1.08891 0.706101 0.790605 0.783593 0.38273 0.341806 0.475932 0.267873 0.425459 0.757821 0.110876 0.129925 0.876363 0.668913 0.408946 0.713491 0.596924 1.06187 0.229489 0.268028 0.8925 0.876818 1.13092 0.905464 1.15515 0.687195 0.839382 0.730012 0.534688 1.01926 0.559657 0.323444 0.91499 0.465854 0.76736 1.09607 0.653345 0.564805 1.13362 0.721415 1.16243 0.732189 0.908347 0.531353 0.355788 0.0471868 0.287847 0.91247 0.849987 0.552206 0.980903 0.47326 0.709074 0.41819 1.04587 0.747909 0.761449 0.602327 0.257783 1.10713 0.902534 0.211954 0.670432 0.807956 1.13311
1.12598 0.367591 0.353398 0.777828 0.981131 1.17536 0.398026 0.625872 0.738742 0.450517 0.897951 0.776004 0.744061 0.948858 0.17117 0.305601 0.436291 0.484521 0.50683 0.922151 0.0547063 0.215679 0.964508 0.675955 0.155351 0.478222 0.726594 0.924512 0.211912 0.415347 0.714596 1.13143 0.939022 0.987316 1.07606 0.670519 0.849982 0.707766 0.399159 1.0258 0.512208 0.222309 1.00117 0.552442 0.720457 1.12132 0.450029 0.557568 1.14026 0.728014 1.2001 0.512869 0.938481 0.389369 0.517725 0.155203 0.423789 0.849227 0.820185 0.575057 1.0896 0.412945 0.515435 0.300843 1.05852 0.71937 0.914405 0.762725 0.342698 1.11113 0.930023 0.200722 0.530585 0.829728 1.09154
0.866748 0.390751 0.543469 0.577616 1.16309 1.12532 0.43479 0.413246 0.815168 0.691232 0.888494 0.782187 0.891677 0.850873 0.283739 0.264029 0.450154 0.352299 0.632342 0.898773 0.309548 0.181393 1.03133 0.712882 0.431351 0.633921 0.824275 0.915248 0.479563 0.545595 0.873028 1.03614 1.14265 0.870928 0.990152 0.816997 1.04759 0.784791 0.55431 1.1075 0.467861 0.233858 0.956184 0.55121 0.804424 1.04946 0.441731 0.641481 0.97336 0.734226 1.03751 0.660605 0.757817 0.502543 0.324973 0.295036 0.354861 0.748491 0.737239 0.578647 1.09392 0.341438 0.429863 0.371219 0.807252 0.833595 0.84301 0.61044 0.371505 1.07733 0.782347 0.35977 0.508848 0.872782 0.853203
0.992282 0.357523 0.415216 0.845878 1.09168 1.09834 0.605111 0.508254 0.734584 0.574774 0.903571 0.501632 0.745263 0.991347 0.28355 0.165649 0.557148 0.282716 0.460651 0.939131 0.040297 0.360685 0.9194 0.833605 0.384626 0.623161 0.699086 1.04161 0.223803 0.361455 0.908355 1.08235 1.07741 0.983554 1.15697 0.650345 1.07926 0.862772 0.473423 1.03333 0.405822 0.0753737 1.02989 0.493038 0.597375 1.23845 0.467132 0.567977 1.19879 0.764408 1.2051 0.545539 0.955676 0.581204 0.484354 0.0210979 0.325094 0.935931 0.974406 0.582785 1.04932 0.249841 0.686829 0.191242 0.899276 0.815244 0.998963 0.77817 0.27388 1.05129 0.955098 0.120927 0.675824 0.959271 0.957606
0.869496 0.390794 0.61953 0.753774 1.04499 1.26726 0.484553 0.435965 0.722918 0.599182 0.978109 0.774231 0.743227 0.77345 0.211554 0.260984 0.465264 0.380358 0.408258 0.9598 0.0459145 0.121991 1.02364 0.623903 0.361293 0.670428 0.6043 1.04652 0.221235 0.381599 0.866718 1.03795 1.14308 1.07315 1.14582 0.772189 0.825682 0.81111 0.343455 1.26116 0.352941 0.231437 1.14674 0.45549 0.576136 1.15703 0.475491 0.501425 1.09271 0.76295 1.03127 0.708075 0.991912 0.407751 0.320683 0.0313912 0.286581 0.66951 0.773205 0.529931 0.919935 0.358931 0.612949 0.206622 1.01404 0.594088 0.915715 0.709268 0.0972326 1.00966 0.890448 0.14801 0.588523 0.979928 0.988628
1.11947 0.571515 0.58701 0.830616 1.1343 1.24639 0.380762 0.420201 0.901763 0.680538 1.00128 0.505999 0.726273 0.750373 0.253534 0.33787 0.386489 0.287533 0.531731 0.784069 0.0969817 0.325381 0.873615 0.845126 0.283504 0.638687 0.529607 0.825837 0.303286 0.302715 0.692201 1.00169 0.975566 1.12286 1.08382 0.918981 0.794799 0.816125 0.433741 1.09829 0.358859 0.196051 0.875155 0.506583 0.809418 1.14849 0.505107 0.581547 1.04215 0.740846 1.22513 0.694762 0.940028 0.549123 0.415006 0.248616 0.183284 0.696636 0.952227 0.339404 0.860065 0.328885 0.588312 0.372153 0.877754 0.752862 1.03061 0.67066 0.344467 1.0511 1.00173 0.343397 0.658168 0.9776 0.880288
0.871322 0.417348 0.485808 0.602701 0.969009 1.25352 0.42411 0.580532 0.907557 0.401323 0.965307 0.783214 0.839666 0.720624 0.419083 0.184652 0.43558 0.390779 0.531466 0.860269 0.0988295 0.231177 0.936164 0.689344 0.343634 0.440261 0.646168 1.05011 0.412828 0.514836 0.956433 1.14563 0.84722 1.08624 0.930599 0.683254 0.87751 0.93368 0.359133 1.02023 0.284946 0.269269 1.12515 0.511815 0.808351 1.12781 0.639251 0.546418 1.12944 0.5878 1.09379 0.594664 1.04195 0.543395 0.238279 0.250978 0.302843 0.647767 0.936693 0.411251 0.916801 0.235787 0.566986 0.347987 0.822039 0.630178 0.992398 0.748727 0.207816 0.974528 0.967882 0.344222 0.55966 0.871875 1.08649
0.866059 0.406851 0.48071 0.712041 0.986588 1.03212 0.354174 0.653328 0.885146 0.536288 0.921945 0.678648 0.966788 0.798312 0.341623 0.413789 0.542216 0.448342 0.578357 0.8413 0.169661 0.146652 1.06837 0.664499 0.308526 0.664947 0.55851 0.834591 0.446844 0.423763 0.72437 0.900154 1.03985 1.0935 1.00243 0.744508 0.975053 0.718258 0.47141 1.21739 0.512495 0.29057 1.06499 0.472552 0.668711 0.99729 0.572857 0.628628 1.05508 0.724638 1.05016 0.702598 0.873986 0.444132 0.34228 0.190008 0.19028 0.909764 0.985912 0.342439 0.876107 0.408262 0.545038 0.467951 1.00565 0.61288 0.777682 0.631983 0.369179 0.959438 0.984199 0.287344 0.515414 0.847742 0.899869
1.09996 0.436964 0.510731 0.76814 1.03289 1.23557 0.405736 0.644193 0.859955 0.644131 1.08724 0.680453 0.793284 0.90422 0.380713 0.299186 0.506171 0.341912 0.558737 0.989094 0.070171 0.144973 0.906057 0.701854 0.32673 0.430879 0.706095 1.08963 0.302436 0.281175 0.698302 1.13942 1.01967 1.0752 0.962641 0.887147 1.00213 0.711183 0.313707 1.27378 0.447357 0.319829 0.934186 0.40341 0.842978 1.14765 0.386991 0.529955 1.19067 0.68427 1.18998 0.716583 0.836021 0.66901 0.528931 0.012993 0.378092 0.80179 0.863031 0.63088 0.899459 0.37744 0.67001 0.452396 0.948004 0.82362 1.00852 0.619786 0.242155 0.83953 0.817406 0.340206 0.482159 0.909475 1.0261
0.832653 0.40801 0.424583 0.815905 0.917756 1.09551 0.627622 0.482047 0.87628 0.561944 0.90712 0.668996 0.690347 0.82997 0.196144 0.307372 0.4827 0.46001 0.575213 0.713409 0.281672 0.350968 1.11105 0.583865 0.38667 0.570854 0.781531 0.954923 0.29945 0.299121 0.908245 1.04823 0.922435 0.863465 0.878243 0.761366 0.898156 0.812316 0.321746 1.07118 0.445645 0.241883 1.04021 0.41482 0.819806 1.07521 0.37307 0.56431 1.02613 0.630221 1.19487 0.767312 0.764609 0.559078 0.365731 0.248201 0.341902 0.736971 0.901357 0.467302 1.04703 0.43996 0.559944 0.457433 0.841767 0.810841 0.966793 0.67579 0.191626 1.00066 0.852873 0.228364 0.570914 0.803623 0.897607
0.913173 0.367182 0.637641 0.707689 1.02032 1.11856 0.623743 0.436797 0.970661 0.394478 1.07251 0.606668 0.920773 0.721468 0.271142 0.19692 0.656169 0.377226 0.589849 0.933982 0.208825 0.22529 1.05214 0.837577 0.332655 0.622142 0.691969 1.0696 0.493099 0.277461 0.829322 0.97231 0.867847 1.03032 0.956359 0.817438 1.05594 0.788405 0.604171 1.08793 0.335731 0.156836 1.03473 0.384809 0.672719 1.24857 0.662381 0.477611 1.02715 0.733819 0.987446 0.6496 0.801478 0.522849 0.276422 0.303884 0.336785 0.922587 0.807238 0.418303 1.04056 0.369093 0.452259 0.472657 0.944119 0.658216 0.870022 0.810936 0.117256 0.899613 0.964823 0.372539 0.622025 1.00572 0.952542
0.97304 0.426614 0.451492 0.833615 1.00013 1.24554 0.428921 0.614871 0.711576 0.527912 1.09315 0.580581 0.674918 0.855357 0.15356 0.183055 0.654572 0.322319 0.472474 0.717318 0.109015 0.189949 1.0326 0.719334 0.156758 0.647212 0.591482 0.840834 0.252897 0.406785 0.705679 1.11814 1.10518 1.10128 1.10689 0.681541 0.863953 0.873519 0.400103 1.03649 0.444754 0.338263 1.03978 0.566705 0.753024 1.16754 0.582744 0.646293 1.00535 0.578574 1.03078 0.571716 0.997604 0.536528 0.313439 0.288186 0.190118 0.920766 0.836003 0.338756 1.06191 0.30705 0.649262 0.31256 0.958972 0.59952 1.00203 0.680543 0.185021 1.08657 0.946289 0.364824 0.538275 0.979225 1.03839
1.06299 0.468972 0.363861 0.635205 1.03613 1.21182 0.41539 0.599118 0.943683 0.42232 1.04091 0.570733 0.73067 0.919239 0.149124 0.226659 0.430672 0.391025 0.542337 0.891701 0.193376 0.11495 1.01877 0.681411 0.359707 0.689457 0.743393 0.874799 0.253155 0.395449 0.754404 1.0423 1.11275 1.14422 0.961304 0.648318 0.815157 1.00107 0.54166 1.24399 0.378365 0.146091 0.968922 0.597352 0.785927 1.19356 0.573153 0.553732 1.18105 0.568583 1.07646 0.617335 0.882184 0.64458 0.399633 0.0158182 0.423296 0.874467 0.808307 0.357358 1.06257 0.266753 0.424701 0.448772 0.81742 0.597534 1.01603 0.722277 0.37529 1.03438 0.967453 0.327569 0.509083 0.971325 0.875508
0.966158 0.540837 0.535069 0.658313 1.09304 1.14077 0.386085 0.609099 0.988001 0.508591 1.1295 0.724401 0.750712 0.828256 0.182527 0.356899 0.410329 0.231344 0.407537 0.706127 0.215902 0.278771 1.07541 0.654608 0.243121 0.519712 0.560467 1.07303 0.399451 0.319905 0.799007 0.926268 1.09224 1.10693 1.01612 0.714745 0.901283 0.82977 0.41732 1.02541 0.348658 0.220026 1.03414 0.495369 0.790516 1.09854 0.476319 0.480077 1.07101 0.836523 1.06208 0.579294 0.793631 0.464462 0.382332 0.0691857 0.389355 0.670325 0.916736 0.621707 0.951862 0.231842 0.686312 0.372256 0.987819 0.734218 1.00767 0.60631 0.27755 1.12816 0.859943 0.305736 0.64133 0.966512 1.11922
1.05408 0.480215 0.460297 0.815457 1.09534 1.12164 0.56237 0.436591 0.914599 0.479351 1.05375 0.510081 0.737917 0.906737 0.137465 0.235079 0.598946 0.22758 0.441185 0.786403 0.224832 0.106806 0.955826 0.652404 0.38352 0.511062 0.749358 0.897976 0.415279 0.398212 0.901362 1.08004 0.948147 0.92692 0.918353 0.699617 0.812922 0.712348 0.395585 1.19998 0.304987 0.057073 0.878728 0.510595 0.58799 1.14691 0.47114 0.439152 1.21719 0.828444 1.12661 0.513974 0.952686 0.622915 0.470415 0.142948 0.444407 0.714127 0.919759 0.532037 1.09805 0.366568 0.634087 0.458629 0.885918 0.714048 0.950314 0.767314 0.264486 1.02322 1.02671 0.173137 0.617114 0.953298 1.02512
0.989898 0.600906 0.646841 0.791034 0.888266 1.1809 0.347058 0.569422 0.801725 0.413764 1.099 0.724063 0.776861 0.767713 0.218064 0.300781 0.423659 0.38363 0.41834 0.963535 0.0112743 0.259496 1.05246 0.798373 0.259733 0.428078 0.808329 0.869103 0.212224 0.297892 0.734062 1.0103 0.908643 1.08216 1.11326 0.854822 0.95324 0.942597 0.431092 1.04451 0.441007 0.139477 1.06325 0.427294 0.806348 1.06863 0.379337 0.591235 1.17288 0.719387 1.1728 0.5363 0.772347 0.403451 0.290022 0.0217742 0.309682 0.792644 0.848107 0.362619 0.856918 0.467605 0.583831 0.394819 0.947708 0.831157 0.795424 0.817507 0.218527 1.09201 0.922763 0.255882 0.650024 1.01461 1.03113
0.910384 0.619338 0.588994 0.782971 0.91283 1.19211 0.417421 0.654073 1.00272 0.6066 1.09429 0.592327 0.732297 0.985556 0.385955 0.383989 0.616289 0.419178 0.583285 0.769013 0.258021 0.275978 0.841242 0.728651 0.353981 0.608033 0.632746 1.01231 0.48204 0.29255 0.715889 0.931326 0.93442 1.1141 1.0303 0.664284 0.826152 0.969253 0.409558 1.05153 0.496433 0.183333 1.00022 0.413871 0.564624 1.06211 0.582219 0.728179 1.09391 0.809037 1.05424 0.758592 0.87344 0.6445 0.360285 0.162476 0.435813 0.91584 0.73548 0.570649 0.945916 0.292898 0.621557 0.455794 0.919272 0.563825 0.875387 0.75854 0.383545 0.870346 0.883336 0.188058 0.661674 0.894118 0.884777
0.981223 0.376898 0.507882 0.780471 1.00835 1.06664 0.626215 0.629454 0.99138 0.690502 0.939975 0.76018 0.911782 0.955939 0.188367 0.18475 0.403372 0.440191 0.401729 0.709956 0.0603672 0.114579 0.954059 0.772689 0.405963 0.54944 0.628713 0.850071 0.457148 0.264131 0.934262 1.15873 1.06587 0.94511 1.00889 0.675637 0.827661 0.864927 0.362014 1.17684 0.43879 0.100194 1.09358 0.547504 0.608335 1.06037 0.451747 0.730635 1.06377 0.83683 1.16922 0.630619 0.956377 0.631845 0.503844 0.272215 0.339813 0.64696 0.857831 0.335809 1.05915 0.395987 0.676103 0.433227 0.829784 0.757787 1.05316 0.768307 0.30702 0.960104 0.838841 0.234908 0.721581 0.938714 0.866334
0.915222 0.371676 0.597771 0.643955 0.970981 1.20772 0.521735 0.56957 0.914876 0.661776 1.04166 0.643104 0.793903 0.784188 0.190734 0.366942 0.482516 0.390374 0.482323 0.876844 0.0796226 0.236234 1.03843 0.741729 0.237696 0.722653 0.654899 0.969547 0.447719 0.534499 0.694908 0.923322 1.11979 0.945486 1.11977 0.703297 1.05516 0.761246 0.593668 1.13487 0.517253 0.0934987 0.99501 0.565067 0.554607 1.02226 0.609193 0.666981 0.99615 0.695912 1.0146 0.529308 0.767519 0.504772 0.304119 0.0810833 0.285439 0.796696 0.992722 0.562479 0.922534 0.32331 0.664857 0.203857 0.849649 0.577431 0.811745 0.616586 0.371633 0.988702 0.758246 0.328363 0.744583 0.92105 1.08976
0.97406 0.379827 0.616915 0.867767 0.96331 1.2425 0.622647 0.614203 0.874025 0.44809 1.11598 0.497004 0.688109 0.761043 0.350731 0.321952 0.409111 0.364273 0.365733 0.862573 0.202052 0.308752 0.832622 0.787139 0.226539 0.630399 0.687509 0.962373 0.33693 0.497554 0.89776 0.975723 0.85425 1.08387 1.07325 0.864057 1.00835 0.810552 0.363288 1.08901 0.546225 0.0974022 1.01845 0.481625 0.69714 1.21674 0.617354 0.457987 1.22754 0.634479 1.04426 0.5895 0.804972 0.545715 0.48683 0.271623 0.4755 0.866943 0.860022 0.377924 1.11174 0.328332 0.711592 0.310524 1.00005 0.650321 0.785155 0.67743 0.378295 1.03536 0.855208 0.372214 0.705271 0.803573 1.13921
0.955637 0.398349 0.43914 0.736703 0.970605 1.16919 0.539573 0.541157 0.834189 0.616281 1.02063 0.738019 0.80109 0.882351 0.399953 0.235723 0.49379 0.368738 0.430535 0.89043 0.0437787 0.341727 0.860709 0.766405 0.207527 0.507866 0.688375 0.82036 0.447614 0.31224 0.872481 1.12541 0.878094 0.980063 0.953322 0.703724 0.930487 0.771201 0.420268 1.10176 0.480443 0.115913 1.16036 0.483346 0.567705 1.04677 0.658077 0.639406 1.06158 0.857347 1.16682 0.60728 0.839109 0.577311 0.378424 0.0899441 0.255959 0.680223 0.927974 0.600299 0.991425 0.291691 0.549013 0.415633 0.955812 0.829285 0.817532 0.700938 0.317162 0.924206 0.849819 0.194499 0.684821 0.833796 1.05543
0.906586 0.529373 0.488897 0.615264 0.953691 0.979242 0.603019 0.539956 0.946215 0.592365 1.10266 0.65842 0.678535 0.75503 0.192171 0.331119 0.459136 0.217945 0.495348 0.726972 0.172445 0.375762 1.07375 0.747117 0.144761 0.606445 0.578904 0.859077 0.400997 0.435969 0.796895 0.974643 1.02863 0.86346 0.915618 0.78785 0.983806 0.994801 0.491603 1.2047 0.409475 0.198605 1.04403 0.391975 0.552364 1.18123 0.418725 0.711342 1.13258 0.791135 0.957794 0.655308 0.76216 0.442162 0.391529 0.221592 0.356928 0.914949 0.930692 0.55301 1.03651 0.36319 0.482845 0.203263 0.841269 0.653012 0.958059 0.69002 0.166846 0.873064 0.85708 0.20061 0.606902 0.941939 0.997517
0.928821 0.447901 0.433241 0.638703 1.02459 1.1967 0.368092 0.639453 0.825787 0.656067 1.03499 0.621493 0.941114 0.965852 0.172495 0.416433 0.475587 0.218788 0.558396 0.83105 0.202707 0.106159 1.00015 0.677839 0.437711 0.616121 0.644764 1.08009 0.372643 0.282342 0.729745 1.08724 1.08137 0.917429 1.0821 0.720546 0.97995 0.787832 0.477295 1.08528 0.548538 0.30523 0.930493 0.474233 0.836167 1.20913 0.417509 0.492624 1.20098 0.725316 0.976816 0.673669 1.03217 0.545421 0.451407 0.116274 0.280811 0.89364 1.00713 0.388341 0.955791 0.450662 0.58935 0.440425 0.837201 0.709694 0.934389 0.875731 0.27303 1.12605 0.826503 0.318297 0.710925 0.796338 1.01217
0.973394 0.582909 0.534037 0.636568 1.08509 0.991207 0.430589 0.611374 0.721748 0.497189 0.975434 0.746564 0.744475 0.992582 0.236501 0.138365 0.599076 0.320248 0.604198 0.891891 0.275186 0.16604 0.821556 0.832445 0.311588 0.455238 0.635272 0.92443 0.26031 0.41089 0.822412 1.08597 1.06459 0.879226 0.884813 0.825731 0.940634 0.841555 0.530506 1.10915 0.494893 0.120212 1.08505 0.434098 0.806662 1.05548 0.442267 0.646422 0.945044 0.657385 1.02709 0.639045 0.78606 0.476277 0.403331 0.222112 0.328253 0.838337 0.855565 0.544413 0.918356 0.249854 0.431616 0.479462 1.01551 0.650031 0.896623 0.662663 0.168612 0.884688 1.0403 0.12363 0.586869 0.829066 0.911209
