25 75
1.17262 1.24781 0.670853 1.11685 0.758615 0.967625 0.562136 1.26884 0.913246 0.100094 0.979717 0.640655 0.337857 0.662294 0.994385 0.730587 0.565366 0.790846 0.293319 1.1704 1.24485 0.636142 0.131708 0.652929 0.579934 0.566501 0.867225 0.307066 0.74938 0.862838 0.746143 0.992086 0.757029 0.864229 0.719023 0.173775 0.696367 0.211894 0.92501 0.358865 1.03126 0.271727 0.795449 0.352687 0.742284 0.850144 0.703047 0.731237 0.529731 0.446672 0.38665 0.713149 0.772754 0.350254 0.494397 0.668431 1.23661 1.13745 0.438063 0.341189 0.0650028 0.699028 0.190607 0.581462 0.986482 0.83964 0.148603 0.997432 0.314904 0.495899 0.586708 0.719663 1.04945 0.781137 0.650073
1.25107 1.24797 0.838359 1.16784 0.694364 0.791232 0.721084 1.10278 0.917602 0.113507 0.884304 0.610252 0.217249 0.507818 0.910151 1.00221 0.363953 0.773724 0.370908 1.08047 1.03069 0.742043 0.0244433 0.449836 0.535391 0.706896 0.728644 0.414299 0.943526 0.777481 1.02384 0.937415 0.729565 0.917801 0.816911 0.0420095 0.690266 0.155131 0.725477 0.402427 1.03372 0.17248 0.694408 0.23316 0.855657 0.946467 0.740384 0.71807 0.382512 0.59343 0.418867 0.931116 1.0265 0.241329 0.593641 0.818359 1.14582 1.04403 0.514898 0.330304 0.346371 0.427505 0.286694 0.561976 0.891206 0.968171 0.287896 0.909083 0.101805 0.429667 0.540739 0.801388 1.12983 1.00087 0.69651
1.25659 1.08362 0.662798 1.05739 0.697733 0.938064 0.692517 1.0979 0.828343 0.10067 0.871588 0.409819 0.453324 0.524441 0.904195 0.724826 0.335464 0.598179 0.416814 1.01411 1.02907 0.704413 0.114566 0.575799 0.417408 0.825907 0.844952 0.366192 0.923579 0.737425 1.02111 1.03364 0.991902 0.905741 0.77272 0.269391 0.868138 0.175581 0.65758 0.5385 0.956775 0.275315 0.687971 0.16745 0.882652 0.933153 0.732533 0.540216 0.365728 0.524109 0.411131 0.745082 0.854006 0.239534 0.506208 0.634349 1.03107 1.13857 0.586759 0.367503 0.0790261 0.525131 0.348836 0.598157 0.791429 1.02997 0.174531 0.990832 0.234521 0.454145 0.796193 0.936547 0.863792 0.955698 0.832284
1.17232 1.11756 0.630124 1.05975 0.625503 0.765892 0.544105 1.01172 0.93753 0.144665 0.955735 0.608665 0.36459 0.408271 0.990715 0.922509 0.412086 0.552227 0.345747 1.08702 1.06448 0.511236 0.1511 0.524665 0.505782 0.791604 0.681766 0.175104 0.988309 0.742492 0.808432 1.13258 0.827425 0.931414 0.732492 0.0723673 0.814197 0.26936 0.653319 0.364982 0.844791 0.1352 0.86637 0.168748 0.726239 1.01816 0.770967 0.690256 0.492897 0.445949 0.673476 0.761568 0.889835 0.195875 0.570831 0.815115 1.02276 1.0334 0.514058 0.1886 0.269412 0.721144 0.100501 0.42036 0.906196 0.830713 0.36224 0.843492 0.310261 0.34902 0.528318 0.943451 0.885321 0.734819 0.80174
1.16193 1.13142 0.78954 1.04394 0.517133 0.974639 0.624395 1.06651 0.887189 0.288874 0.9913 0.529409 0.246699 0.486158 0.984659 0.835194 0.43685 0.702515 0.234791 0.97837 1.24126 0.615443 0.154919 0.658213 0.361239 0.684856 0.619715 0.218201 0.812804 0.776948 0.996553 0.964058 0.742659 1.11546 0.881334 0.273907 0.703868 0.408058 0.850959 0.386 0.886162 0.108399 0.762794 0.234033 0.827878 0.769755 0.674702 0.650478 0.587394 0.506807 0.480303 0.901672 0.841115 0.188317 0.482682 0.904559 1.05545 1.16396 0.603916 0.186658 0.309816 0.715874 0.362355 0.64372 0.990765 0.97009 0.244229 0.857379 0.109836 0.436894 0.64411 0.761676 0.909858 0.89345 0.872358
1.17498 1.12298 0.635893 1.00773 0.579963 0.959357 0.726039 1.27137 0.952854 0.0425786 0.756344 0.605387 0.281931 0.459057 1.02571 1.01509 0.377193 0.721813 0.315135 1.19782 1.08811 0.630228 0.0887621 0.553687 0.526874 0.752328 0.861363 0.420032 0.734568 0.765787 0.923502 1.02044 0.968536 0.997623 0.958572 0.13662 0.966424 0.310147 0.667361 0.566418 0.784717 0.127105 0.817648 0.145064 0.846228 0.927577 0.789592 0.562475 0.566427 0.639933 0.510592 0.702095 0.877783 0.103693 0.396497 0.654061 1.06395 1.28097 0.42293 0.41738 0.346702 0.583303 0.273692 0.45763 1.04128 0.894317 0.142903 0.958273 0.279278 0.292929 0.702141 0.875403 0.928782 0.732609 0.904771
1.15937 1.10435 0.745989 1.02682 0.708526 0.819883 0.473961 1.10676 0.988325 0.0744365 0.843429 0.429691 0.424341 0.475504 0.886683 0.735871 0.508441 0.812745 0.171094 1.10588 1.06206 0.729551 0.0916025 0.551903 0.403751 0.80941 0.810529 0.23493 0.966846 0.833211 0.921657 1.14139 0.82101 1.03538 0.877991 0.126563 0.967181 0.2272 0.921882 0.39276 1.03957 0.143649 0.777924 0.30732 0.63686 0.888854 0.584274 0.76913 0.482346 0.696523 0.46163 0.704502 0.988395 0.212283 0.483533 0.774997 1.21311 1.22276 0.610497 0.379544 0.341805 0.577273 0.18925 0.624581 0.800603 0.922229 0.221798 0.941538 0.28592 0.548161 0.772324 0.772684 1.13326 0.805318 0.864673
0.964064 1.1971 0.675733 1.24839 0.685954 0.861783 0.581243 1.14103 0.859678 0.0415181 0.781111 0.650773 0.380568 0.610685 0.87644 0.982171 0.367226 0.736989 0.228416 1.19862 0.995361 0.623213 0.281189 0.444448 0.574121 0.80662 0.857468 0.202506 0.755033 0.896889 0.767122 0.985192 0.860668 0.995324 0.730094 0.130452 0.925643 0.253419 0.846504 0.320849 0.921913 0.151468 0.736262 0.0972363 0.855421 0.752374 0.746668 0.650756 0.381397 0.636411 0.387247 0.845546 0.981832 0.123428 0.444065 0.664598 1.09006 1.2729 0.486168 0.279582 0.261995 0.478416 0.177686 0.37178 1.0316 0.974141 0.325004 0.856886 0.245857 0.281837 0.565469 0.845744 0.971033 0.781444 0.897949
1.07426 1.13325 0.640274 1.17228 0.481233 0.883993 0.504594 1.19699 0.955459 0.108294 0.729555 0.398317 0.433505 0.476644 1.04491 0.920321 0.421955 0.572451 0.181154 1.11575 1.05802 0.486821 0.166206 0.442701 0.455414 0.626158 0.896294 0.371132 0.983538 0.723598 0.837844 1.09107 0.742565 0.855041 0.765634 0.275328 0.879674 0.311805 0.676121 0.380337 0.818304 0.164867 0.704752 0.237487 0.810293 0.813193 0.648323 0.663361 0.488487 0.603848 0.619227 0.926961 1.06145 0.0901254 0.563307 0.824215 1.28106 1.08596 0.379908 0.384255 0.308462 0.524329 0.329072 0.554383 0.950162 0.771189 0.35417 0.965889 0.25609 0.322546 0.790839 0.816323 0.876926 0.762278 0.849483
0.990546 1.20098 0.721632 1.05584 0.515177 0.93588 0.510308 1.1794 0.814597 0.0564123 0.762933 0.531887 0.386212 0.603486 0.947826 0.833178 0.501198 0.77383 0.33443 1.08913 1.13665 0.464093 0.1177 0.648191 0.361052 0.844166 0.71608 0.377166 0.906707 0.753322 0.838282 0.912224 0.737085 1.01465 0.936967 0.19763 0.92745 0.324964 0.769162 0.383082 1.00245 0.192833 0.897925 0.222845 0.91658 0.760163 0.824573 0.701663 0.384486 0.65748 0.460051 0.87578 0.859211 0.372559 0.434982 0.853937 1.07131 1.04127 0.545271 0.239546 0.125188 0.56421 0.186447 0.649622 0.951104 0.828177 0.231762 0.82029 0.343144 0.487967 0.608733 0.749395 0.889205 0.800526 0.885572
1.03305 1.14947 0.686381 1.23579 0.669543 0.987992 0.455602 1.04271 0.956381 0.0382017 0.996353 0.553806 0.315384 0.660667 0.89517 0.913223 0.551923 0.658034 0.270731 1.00281 0.986473 0.628738 0.316219 0.385015 0.418469 0.681634 0.81762 0.365067 0.765471 0.862523 0.962374 1.10356 0.725352 1.04358 0.861157 0.0539991 0.830067 0.298775 0.714095 0.286096 0.997884 0.053603 0.636865 0.324233 0.680424 0.840073 0.750561 0.5135 0.56131 0.477979 0.384816 0.771486 0.859253 0.326951 0.483284 0.669447 1.12304 1.20642 0.665381 0.261679 0.21458 0.46838 0.137046 0.558217 0.811688 0.842491 0.206554 0.837658 0.12608 0.543902 0.795348 0.79843 0.893146 0.950831 0.709115
1.10278 1.15426 0.594963 1.03453 0.61763 0.970259 0.678259 1.22035 0.942008 0.0237648 1.01297 0.388324 0.367149 0.398098 1.07675 0.8328 0.418713 0.816728 0.455532 1.14045 1.01034 0.668521 0.0789478 0.430695 0.410261 0.663489 0.645616 0.400832 0.813665 0.861115 0.895638 1.01685 0.82907 1.10592 0.774753 0.183189 0.723312 0.434858 0.703937 0.47313 0.828968 0.17649 0.850064 0.2949 0.916961 0.784318 0.709436 0.782099 0.496697 0.638108 0.555768 0.67143 0.999416 0.239025 0.504134 0.751636 1.0764 1.21431 0.560967 0.313857 0.18432 0.672341 0.135718 0.51793 1.06311 0.778915 0.369089 0.871602 0.351019 0.35077 0.768772 0.920875 1.03529 0.895354 0.658896
1.25103 1.10271 0.635028 1.07124 0.567698 0.876641 0.690908 1.27146 0.810933 0.229138 0.974967 0.617302 0.282227 0.639179 1.03161 0.930144 0.45921 0.607241 0.354894 1.11061 1.20794 0.64897 0.211102 0.600309 0.554258 0.550764 0.66471 0.461207 0.823342 0.936126 0.781599 1.06395 0.709979 0.928479 0.806415 0.160163 0.787599 0.211422 0.821958 0.460086 0.872218 0.216203 0.681505 0.366907 0.756658 0.912286 0.593579 0.688011 0.621179 0.443115 0.518682 0.916031 0.838099 0.25546 0.51243 0.740795 1.06601 1.02612 0.436844 0.354673 0.103241 0.564683 0.122614 0.604067 0.991119 0.834654 0.413678 0.891214 0.280396 0.40409 0.77914 0.667406 1.11079 0.912505 0.772266
1.2411 1.0847 0.784342 1.04145 0.638112 0.941659 0.496813 1.19907 0.890439 0.17791 0.898163 0.43124 0.191685 0.438035 0.949967 0.957579 0.398438 0.685546 0.444981 1.16629 0.991547 0.568289 0.316118 0.597305 0.374881 0.810424 0.873941 0.241336 0.967748 0.674128 1.02279 1.05356 0.764013 0.928965 0.783279 0.13577 0.915456 0.313282 0.631659 0.327041 1.05785 0.0443247 0.800364 0.122751 0.829204 0.778806 0.806569 0.514898 0.618268 0.634969 0.535374 0.884948 0.821001 0.125996 0.454672 0.765438 1.2403 1.10481 0.485872 0.211995 0.132658 0.476607 0.111178 0.529078 0.863904 1.04846 0.397043 0.85152 0.0797158 0.376833 0.558387 0.854725 0.886761 0.888579 0.880134
1.00714 0.978754 0.664885 1.1847 0.491722 0.974007 0.703419 1.01521 0.952559 0.070139 0.982372 0.400769 0.173208 0.659398 0.993526 0.798155 0.578399 0.729128 0.298461 1.11864 1.15001 0.626197 0.0271992 0.667893 0.467624 0.66013 0.743778 0.241104 0.874214 0.853338 0.80579 0.888346 0.717904 0.836243 0.820933 0.186331 0.948903 0.285325 0.886653 0.325567 0.873476 0.250923 0.820857 0.267844 0.774949 0.784624 0.784122 0.596757 0.385945 0.690209 0.66661 0.777516 0.894992 0.113887 0.411884 0.776216 1.12809 1.12203 0.646229 0.318684 0.131514 0.658958 0.235676 0.577417 0.909619 0.95264 0.242968 0.993315 0.251501 0.512254 0.811165 0.938581 0.966875 0.871261 0.629271
1.02348 1.1563 0.699547 1.14361 0.640592 0.759346 0.593059 1.20491 0.916186 0.0373204 0.945064 0.474102 0.230618 0.537301 1.05644 0.744998 0.588752 0.759377 0.28077 1.03953 1.03734 0.6401 0.0502335 0.448734 0.474044 0.597478 0.823728 0.280479 1.00517 0.874763 0.92984 1.13988 0.984534 1.06582 0.965567 0.0720738 0.771948 0.358485 0.831989 0.369263 1.0656 0.216269 0.799289 0.184719 0.736162 0.753956 0.799339 0.689896 0.552579 0.674125 0.489478 0.862445 0.964152 0.161541 0.573115 0.730921 1.10146 1.21416 0.499676 0.19424 0.345264 0.694566 0.309188 0.384537 0.861087 0.859604 0.363005 0.820936 0.245017 0.337665 0.701101 0.74952 1.10172 1.00917 0.701298
1.24443 1.10597 0.549539 0.954236 0.572692 0.914301 0.554272 1.28514 0.993745 0.242469 0.960462 0.625653 0.367277 0.685307 0.952159 0.983286 0.454723 0.562094 0.410612 1.14127 1.17872 0.601011 0.0635156 0.533119 0.368654 0.670917 0.855246 0.322517 0.836333 0.831185 0.911408 1.12158 0.737854 1.10309 0.924475 0.169767 0.808534 0.391303 0.75351 0.513747 0.889145 0.050454 0.66458 0.260543 0.864916 0.871055 0.731638 0.544253 0.461878 0.671175 0.38127 0.924163 0.815855 0.119907 0.609135 0.774686 1.09969 0.988491 0.535603 0.361495 0.282781 0.64563 0.367941 0.361855 0.847599 0.86768 0.295841 0.8289 0.261543 0.270789 0.540496 0.754957 0.957953 0.816077 0.774902
1.20091 1.11555 0.709604 0.982462 0.686081 0.951804 0.732932 1.2546 0.720174 0.027546 0.828322 0.573447 0.359861 0.676345 1.04896 1.01534 0.433492 0.60922 0.217394 0.910336 1.0067 0.732456 0.29329 0.548319 0.443786 0.789368 0.727794 0.441418 0.833318 0.660036 0.981758 0.979218 0.699864 1.05763 0.945423 0.226283 0.721561 0.358554 0.838632 0.349207 0.898154 0.0659517 0.854055 0.211757 0.779136 0.883654 0.723481 0.615748 0.426672 0.435132 0.406652 0.916993 0.882914 0.157401 0.607707 0.891291 1.07958 1.09817 0.605317 0.158867 0.33179 0.597582 0.364267 0.403078 0.828501 0.938801 0.396405 0.969528 0.341612 0.382118 0.714451 0.892272 0.984109 0.918394 0.703386
1.25696 1.04247 0.632743 1.12096 0.634193 0.988917 0.657685 1.14868 0.718865 0.098595 1.01242 0.535981 0.456013 0.55084 1.06181 0.816207 0.425181 0.795501 0.348843 0.988137 1.17237 0.610091 0.0942281 0.456865 0.552175 0.605181 0.871518 0.228546 0.736492 0.673199 0.977369 1.14071 0.747409 1.12373 0.885895 0.10879 0.95245 0.173079 0.726973 0.553575 0.780953 0.282094 0.81681 0.210746 0.741238 0.841867 0.692101 0.559948 0.582166 0.443913 0.391618 0.680704 0.891863 0.291642 0.551738 0.726127 1.07801 1.08821 0.552265 0.152484 0.321942 0.450659 0.135943 0.613614 0.809982 0.796875 0.202261 0.838835 0.321324 0.352744 0.721593 0.816081 1.07206 0.925086 0.826622
1.15263 1.03612 0.713684 1.04767 0.534181 0.936377 0.481271 1.06172 0.896884 0.176919 0.803547 0.54898 0.203182 0.419715 0.81451 1.00776 0.602125 0.621358 0.430171 0.99437 1.05567 0.734631 0.266044 0.519668 0.529127 0.811067 0.642003 0.295722 1.01424 0.670943 0.927828 1.13764 0.799609 0.927074 0.716426 0.167423 0.910767 0.430888 0.780322 0.402961 1.03836 0.236908 0.816303 0.245623 0.925423 0.884344 0.677058 0.60752 0.473882 0.521466 0.414467 0.724039 0.912648 0.180512 0.36861 0.786913 1.21373 1.13478 0.674779 0.373302 0.336911 0.610016 0.233859 0.598825 0.814423 0.950493 0.238199 0.925437 0.236064 0.306702 0.755628 0.665901 1.0532 0.729054 0.638553
1.24076 1.24274 0.564523 1.15011 0.696512 0.957515 0.635195 1.16722 0.880567 0.306079 0.862904 0.505848 0.355925 0.57864 0.812712 0.958841 0.449081 0.649294 0.368575 0.96895 1.11763 0.638035 0.287224 0.476513 0.418706 0.801872 0.678986 0.465701 0.99745 0.755254 0.822344 0.995025 0.79673 0.941692 0.948516 0.322732 0.834329 0.282396 0.733259 0.41308 0.814643 0.0790581 0.875939 0.0893912 0.915736 0.770566 0.680246 0.761885 0.400224 0.454518 0.444481 0.943034 0.916723 0.111101 0.537658 0.69188 1.06708 1.08944 0.635277 0.362716 0.324233 0.442989 0.115049 0.365559 0.778198 0.79047 0.39044 0.957394 0.194284 0.351003 0.581548 0.933984 1.11417 0.90837 0.800344
1.13742 0.996766 0.627855 0.987445 0.74229 0.908623 0.480575 1.02881 0.74105 0.177519 0.744066 0.580298 0.344757 0.554149 0.97402 0.730869 0.614938 0.600967 0.430655 1.15173 1.04429 0.616024 0.0562913 0.389679 0.516335 0.556708 0.82614 0.429324 0.905076 0.738201 0.815314 0.959293 0.941953 1.07175 0.869402 0.244072 0.680697 0.245694 0.891656 0.541289 0.785679 0.187774 0.714786 0.100881 0.860142 0.818088 0.824189 0.553861 0.391371 0.610972 0.621605 0.903019 0.895963 0.113014 0.537895 0.913278 1.21385 1.25855 0.527951 0.208339 0.280995 0.59992 0.266116 0.405906 0.835104 0.892437 0.21664 0.855934 0.174243 0.438961 0.773866 0.924829 0.987868 0.809966 0.642153
1.07439 1.01338 0.695725 1.13751 0.53032 0.957134 0.513953 1.10441 0.790347 0.16631 0.843636 0.42393 0.405743 0.609705 1.00118 0.879517 0.38921 0.655927 0.250778 1.19627 0.9885 0.475359 0.110673 0.469929 0.33494 0.62728 0.810178 0.393683 0.826515 0.690826 0.791909 1.1639 0.832 1.04863 0.897474 0.0896712 0.68847 0.226207 0.636071 0.526072 1.06455 0.201482 0.797679 0.189376 0.696518 1.02474 0.541762 0.643179 0.592247 0.535427 0.614655 0.695313 0.903758 0.364951 0.635225 0.888561 1.23623 1.07598 0.621498 0.224603 0.256945 0.670549 0.244375 0.393496 0.952436 0.804078 0.260981 0.808994 0.226149 0.421966 0.728173 0.89909 0.957308 0.983718 0.900928
1.03719 1.21321 0.687339 1.10809 0.608818 0.956542 0.736312 1.24906 1.01622 0.253514 0.765337 0.445074 0.273146 0.398738 1.03583 0.775543 0.574994 0.602266 0.229869 1.08353 1.27639 0.652989 0.262338 0.464026 0.321431 0.764299 0.799788 0.350251 0.90956 0.885936 0.762808 1.13039 0.903315 1.0156 0.874963 0.252043 0.960661 0.396063 0.732779 0.411244 0.839096 0.0811798 0.760191 0.227503 0.846632 0.993718 0.586086 0.669835 0.593553 0.510088 0.422308 0.86999 0.878201 0.166228 0.387646 0.76691 1.17588 1.0495 0.550195 0.211075 0.144791 0.531779 0.256515 0.488801 0.949107 0.887937 0.210936 0.797368 0.139907 0.487606 0.552149 0.828901 0.904357 0.977119 0.732961
1.09701 1.1754 0.615088 0.982224 0.764879 0.971136 0.54037 1.26167 0.883194 0.229418 0.729446 0.536192 0.224222 0.681782 0.930308 0.872086 0.619968 0.557036 0.387122 1.01948 1.18546 0.516853 0.138961 0.478503 0.532416 0.683215 0.762019 0.193636 0.937699 0.908969 0.885799 1.17864 0.744437 0.974002 0.831804 0.175785 0.973601 0.269342 0.893386 0.325592 0.825862 0.0629784 0.731002 0.286309 0.730182 0.778121 0.826883 0.772283 0.64122 0.495954 0.466926 0.81397 0.991414 0.231442 0.486693 0.883448 1.26562 1.19349 0.509089 0.265426 0.152015 0.58524 0.0981563 0.432013 0.87404 0.750028 0.173615 1.04566 0.13309 0.348365 0.815317 0.739222 0.897386 0.860083 0.763196
