25 75
0.569139 0.248673 0.5631 0.7404 0.889351 0.323127 0.679919 0.632232 0.687998 0.884009 0.346983 0.509401 0.0824758 0.314643 0.341669 0.936928 0.572048 0.219662 0.528626 1.08096 0.374434 0.57488 0.389993 1.20148 1.15225 1.10263 0.682624 0.821435 0.885836 0.443107 0.243664 0.362124 0.821502 0.336175 0.773977 0.487261 1.06051 0.770476 0.350537 0.726404 0.619764 0.875561 0.584077 0.408125 0.776962 0.996073 1.12018 0.254908 0.917341 0.872229 0.903552 0.668129 0.221644 0.423118 0.895039 0.377301 0.382387 0.640364 0.190061 0.955675 0.294552 0.707366 0.206206 1.06181 0.680327 0.591957 0.336579 0.971951 1.03992 1.00929 0.539889 0.347368 1.00613 0.381765 0.50473
0.400614 0.157195 0.6202 0.702338 0.766658 0.299864 0.501255 0.735806 0.849194 1.00848 0.532577 0.383909 0.280463 0.40376 0.43597 0.970426 0.762542 0.24075 0.619647 0.988227 0.341718 0.411415 0.446408 1.23659 1.14134 0.992946 0.87883 1.00983 0.893772 0.169277 0.114692 0.470508 0.917934 0.238759 0.634441 0.544053 0.87065 0.64573 0.295815 0.571647 0.645056 0.650301 0.649256 0.251524 0.784167 0.900729 1.07351 0.395619 0.787823 0.762839 0.967438 0.674673 0.106308 0.298673 0.853657 0.46451 0.434823 0.582724 0.150802 0.97196 0.179691 0.653473 0.297962 0.962764 0.906634 0.450186 0.18505 0.826603 0.900343 1.09119 0.372216 0.466334 1.04598 0.227507 0.263844
0.378375 0.112283 0.649674 0.701662 0.830247 0.195737 0.662782 0.682204 0.852741 0.913108 0.558099 0.420715 0.24863 0.255732 0.421123 0.937064 0.553001 0.274416 0.519329 1.10805 0.291143 0.514167 0.435942 1.00426 1.04534 1.17778 0.895092 0.819132 1.06948 0.451653 0.323861 0.546455 0.755862 0.388752 0.600303 0.662498 0.874981 0.826518 0.565463 0.595618 0.747233 0.879353 0.585134 0.362663 0.774139 0.894607 0.942833 0.263119 0.928777 0.707166 1.03555 0.891285 0.214367 0.354592 0.684931 0.501263 0.16465 0.674303 0.126552 0.967479 0.321273 0.725607 0.384276 0.947715 0.717323 0.517555 0.239306 0.849564 1.01824 1.17054 0.586624 0.421564 0.975078 0.217759 0.501785
0.447562 0.0955837 0.71872 0.798584 0.851877 0.150771 0.616059 0.662899 0.620214 1.045 0.580132 0.439207 0.307063 0.29875 0.351199 1.12565 0.52308 0.366035 0.659097 0.921749 0.226621 0.488016 0.619626 1.14185 1.11826 0.944144 0.685115 0.942718 0.941854 0.416071 0.207881 0.570009 0.801249 0.355735 0.581354 0.557248 1.06976 0.577071 0.331882 0.51955 0.734658 0.795309 0.648686 0.370497 0.873428 0.895374 0.916031 0.185111 0.872591 0.712423 1.04228 0.920537 0.262882 0.365071 0.891253 0.348703 0.379564 0.73431 0.26699 1.16479 0.31443 0.863984 0.405806 0.808065 0.90467 0.46449 0.445691 0.741893 0.884145 1.02575 0.341999 0.4537 1.13763 0.356867 0.302851
0.459056 0.2859 0.617212 0.718489 0.859666 0.402047 0.532746 0.613664 0.624459 1.15652 0.445543 0.348011 0.347148 0.2436 0.472736 1.08083 0.489965 0.307316 0.633471 0.970755 0.276704 0.401215 0.548736 1.25626 1.13609 0.96551 0.893795 0.988114 1.04249 0.178958 0.164259 0.425134 0.888175 0.142599 0.628692 0.476254 0.867811 0.742455 0.54718 0.726894 0.709268 0.62294 0.45819 0.204935 0.87588 0.963148 1.01642 0.193936 0.872655 0.934648 1.07936 0.910087 0.129712 0.336571 0.83389 0.559176 0.381166 0.54943 0.223881 1.05597 0.347819 0.891502 0.36723 1.08292 0.793625 0.543303 0.193786 0.952495 0.962696 1.11037 0.390478 0.386397 1.12669 0.223612 0.270047
0.422744 0.334342 0.687886 0.712326 1.0345 0.349158 0.426782 0.690138 0.623444 1.13504 0.594887 0.545443 0.328867 0.328818 0.523308 1.14279 0.559747 0.270133 0.549398 1.00289 0.316478 0.516623 0.634744 1.21925 1.10003 0.980167 0.800171 1.05154 0.841663 0.401123 0.119883 0.35804 0.9491 0.150504 0.739223 0.576192 0.878925 0.752148 0.309536 0.667145 0.572961 0.804206 0.474451 0.343705 0.82323 0.797124 1.00801 0.15944 0.936387 0.921129 1.11226 0.900835 0.337462 0.151008 0.63644 0.451844 0.300597 0.611873 0.116456 1.13551 0.178754 0.648559 0.257732 0.960573 0.91465 0.346566 0.167642 0.831421 0.778868 1.04662 0.618416 0.393097 1.14138 0.480709 0.484351
0.453033 0.0940472 0.611862 0.566723 0.900763 0.36072 0.573105 0.692222 0.632445 1.00196 0.464889 0.411028 0.353925 0.322079 0.439992 0.998257 0.57382 0.23763 0.591077 0.918173 0.302517 0.43844 0.61445 1.07898 0.92551 1.052 0.833554 0.806535 1.05319 0.31979 0.210623 0.458893 0.777852 0.37853 0.646244 0.63409 0.941134 0.669977 0.39596 0.612477 0.585892 0.834834 0.518843 0.238025 0.941082 0.922214 1.11677 0.318373 0.765397 0.705707 0.846338 0.811371 0.155012 0.435717 0.912517 0.596439 0.428326 0.571361 0.223713 1.18151 0.353328 0.599326 0.351797 0.832348 0.761265 0.596535 0.282558 1.00612 1.05158 1.00421 0.545535 0.415968 1.24293 0.262259 0.264487
0.52571 0.262557 0.593453 0.661451 1.05434 0.198942 0.694578 0.724005 0.608486 1.13961 0.590498 0.356224 0.284457 0.270838 0.562245 1.08094 0.611844 0.139212 0.734999 1.05283 0.224851 0.595774 0.568043 1.05148 1.0699 0.907507 0.866701 0.939165 0.849429 0.356271 0.154948 0.302018 0.908673 0.363572 0.723064 0.555668 1.03372 0.606351 0.362233 0.609326 0.546399 0.738522 0.533584 0.335387 0.785719 1.04795 1.12632 0.209505 0.716891 0.962981 1.10815 0.944454 0.148855 0.384451 0.879913 0.526858 0.37132 0.776102 0.134131 1.14756 0.363169 0.878969 0.273955 1.00094 0.680545 0.360457 0.246177 0.734722 0.807716 1.18153 0.545684 0.285424 1.11592 0.392402 0.307888
0.475385 0.0807738 0.680258 0.777674 0.864205 0.228853 0.45502 0.670792 0.690511 1.08531 0.581024 0.275223 0.313362 0.423875 0.373528 1.00309 0.750031 0.207928 0.505699 0.936812 0.482087 0.524311 0.618246 1.22807 1.03551 0.940142 0.630134 1.00744 1.00304 0.216139 0.0947378 0.564257 0.801055 0.249422 0.599749 0.558069 0.772609 0.624197 0.347484 0.691167 0.575128 0.601835 0.443751 0.339452 0.734278 0.878173 1.03054 0.435951 0.659224 0.764874 1.06602 0.81457 0.196251 0.337555 0.638836 0.49912 0.22199 0.53531 0.256834 1.06891 0.0974861 0.881137 0.355328 0.849585 0.828033 0.420627 0.384438 0.757104 0.915281 1.12243 0.351035 0.205771 0.979303 0.239964 0.446128
0.53512 0.309931 0.654111 0.656247 0.971714 0.185808 0.518663 0.729704 0.700601 0.987866 0.435415 0.270119 0.110797 0.364663 0.5871 1.10087 0.723705 0.122932 0.509356 1.06046 0.243531 0.33446 0.525379 1.19733 1.01697 1.0395 0.762036 0.809138 0.940441 0.288604 0.329143 0.297242 1.0458 0.31504 0.805886 0.642836 1.06442 0.657416 0.44793 0.718775 0.540704 0.822834 0.645322 0.417699 0.789824 0.770394 1.03422 0.214794 0.718755 0.910069 0.959416 0.898296 0.300684 0.181725 0.920764 0.335558 0.310747 0.589398 0.11967 1.09523 0.363809 0.615921 0.464401 0.857068 0.843842 0.569802 0.361547 0.818953 0.842953 1.06735 0.386744 0.374969 1.03283 0.508866 0.467227
0.502493 0.0740205 0.73779 0.638435 0.867952 0.183236 0.525802 0.559286 0.794403 0.912137 0.593282 0.444468 0.181122 0.430373 0.498222 0.939748 0.648137 0.356383 0.717541 1.00795 0.311303 0.354423 0.417139 1.13749 0.884571 1.03398 0.866468 1.02454 0.957609 0.354446 0.161377 0.391162 1.04491 0.414591 0.612204 0.672388 0.846486 0.565871 0.486765 0.462976 0.577084 0.879306 0.475639 0.305518 0.80763 1.03051 0.967572 0.16792 0.820866 0.987005 1.11206 0.880071 0.346346 0.345607 0.861462 0.406781 0.401656 0.584253 0.254853 1.19763 0.12525 0.880012 0.219827 1.0913 0.744742 0.332116 0.252681 0.817055 0.844191 1.25084 0.567234 0.429969 1.12091 0.324624 0.296752
0.500548 0.105044 0.513955 0.542784 0.791594 0.272391 0.479503 0.495335 0.886463 1.01907 0.324843 0.465957 0.359368 0.53049 0.454271 1.11089 0.638471 0.40608 0.580282 1.06144 0.245354 0.387686 0.605173 1.23734 0.916448 1.15889 0.707282 0.946535 1.09789 0.289049 0.292079 0.457076 0.980484 0.322323 0.619322 0.729919 0.967606 0.777182 0.476288 0.687967 0.501446 0.833283 0.454691 0.166736 0.910559 0.857611 1.14781 0.352663 0.847157 0.769609 1.03868 0.882468 0.247866 0.312135 0.67691 0.582452 0.206631 0.559522 0.114814 1.13055 0.236352 0.638882 0.3009 0.873431 0.729782 0.569303 0.397467 0.892381 0.795284 1.08833 0.481602 0.348219 1.16168 0.430592 0.351897
0.524018 0.27094 0.517812 0.785293 0.979581 0.432761 0.564624 0.658218 0.870402 1.01637 0.33134 0.413102 0.189988 0.440071 0.512294 1.18872 0.734914 0.358181 0.503731 0.818636 0.352124 0.562725 0.456752 1.16252 0.955096 1.09045 0.79018 0.853611 0.970001 0.358713 0.231438 0.457773 0.88433 0.37702 0.77689 0.635836 0.946783 0.703281 0.565071 0.674512 0.686162 0.83784 0.484108 0.261488 0.802518 0.819539 0.909876 0.163442 0.834791 0.813094 0.890859 0.870038 0.151374 0.327307 0.767155 0.585765 0.343866 0.544756 0.124456 0.972139 0.0936804 0.861722 0.305395 0.889596 0.839155 0.569335 0.434406 0.868351 0.86786 1.09932 0.493152 0.364445 1.23281 0.305845 0.266623
0.288491 0.329157 0.550955 0.7156 0.959732 0.21851 0.443286 0.64619 0.847869 1.03071 0.50746 0.263291 0.113669 0.382413 0.554026 1.04613 0.578733 0.267535 0.550319 0.973527 0.384251 0.490747 0.576829 1.08494 0.987799 1.00581 0.80316 0.877038 1.13143 0.393166 0.185354 0.391069 0.84549 0.290526 0.729301 0.460503 0.965059 0.6895 0.442442 0.590644 0.563162 0.891468 0.477998 0.126012 0.934296 1.03331 0.900266 0.313956 0.794149 0.903245 1.0405 0.876013 0.240694 0.207201 0.829794 0.461002 0.146356 0.594068 0.372833 1.09167 0.231515 0.609194 0.215225 0.865653 0.791299 0.531761 0.209312 0.952202 0.947805 1.07447 0.522669 0.291706 1.2358 0.442079 0.483978
0.399477 0.0632676 0.779974 0.57855 0.849123 0.249541 0.47171 0.462776 0.887434 1.05392 0.485307 0.447552 0.0984714 0.29364 0.423958 1.03139 0.601921 0.206552 0.608072 1.09446 0.404036 0.388616 0.419482 1.1263 0.937731 0.893747 0.819167 0.954304 1.02433 0.354079 0.164705 0.289929 0.894362 0.410112 0.726779 0.526299 0.84311 0.694567 0.355688 0.693622 0.504109 0.854727 0.66231 0.391978 0.777803 0.914798 0.979561 0.397212 0.864396 0.742973 1.03224 0.818152 0.167296 0.339029 0.659403 0.573515 0.377005 0.51333 0.169096 1.02658 0.369942 0.781488 0.380667 0.881781 0.673509 0.453572 0.401327 0.769042 0.989416 1.11542 0.595128 0.246591 0.987686 0.490598 0.407821
0.533591 0.0687586 0.762753 0.659402 0.766988 0.340519 0.421462 0.727092 0.90244 1.16884 0.540929 0.462443 0.154735 0.50136 0.540452 1.02798 0.473204 0.416495 0.610053 1.00386 0.277195 0.42221 0.565638 1.1527 1.08674 1.17038 0.682988 0.976259 1.07997 0.400439 0.189271 0.524969 1.04618 0.267935 0.844326 0.522653 0.947351 0.694215 0.478056 0.721284 0.731546 0.878997 0.547431 0.141226 0.762554 0.791317 0.883394 0.347327 0.937776 0.829667 1.07137 0.820682 0.197846 0.248147 0.904159 0.457737 0.339945 0.723215 0.335979 1.01183 0.319046 0.803949 0.282081 0.876563 0.69356 0.453024 0.162436 0.878186 1.01224 1.2676 0.475082 0.452713 1.13386 0.371864 0.293591
0.48598 0.0758419 0.77333 0.611915 1.05252 0.354037 0.597661 0.50698 0.876928 1.05082 0.346096 0.342345 0.222865 0.485328 0.568572 1.14192 0.705861 0.35839 0.541925 0.949449 0.263704 0.463206 0.478372 1.00338 1.15992 1.04826 0.773312 0.833584 1.04727 0.329604 0.274913 0.371739 0.869613 0.420558 0.667409 0.746253 0.980544 0.780532 0.456609 0.475083 0.679919 0.811053 0.66965 0.226404 0.80936 0.820737 1.02755 0.156217 0.665123 0.922194 0.890297 0.822018 0.191411 0.180858 0.757635 0.332984 0.403288 0.650637 0.172611 1.14093 0.259641 0.734397 0.312004 0.981058 0.813586 0.464741 0.413278 0.949965 0.98745 1.02195 0.461353 0.294797 1.08792 0.333347 0.310825
0.513281 0.133164 0.550325 0.67542 0.950684 0.335663 0.498698 0.577026 0.835383 1.08181 0.380395 0.515566 0.19618 0.40668 0.487655 0.977307 0.49926 0.40598 0.526869 0.890861 0.476435 0.511608 0.441593 1.13991 1.05462 1.00475 0.848082 0.827452 0.950497 0.27111 0.220345 0.405097 1.04089 0.279576 0.725711 0.725691 0.892824 0.648409 0.560743 0.443604 0.477459 0.621566 0.692955 0.147353 0.900507 1.03137 1.06482 0.366564 0.806575 0.807472 0.873678 0.680976 0.150162 0.266527 0.779566 0.349068 0.257146 0.57026 0.400281 1.04408 0.358493 0.822912 0.344853 0.833796 0.902346 0.474745 0.417857 0.730214 0.783738 1.16685 0.453406 0.230744 1.21364 0.417019 0.349852
0.352427 0.117898 0.666776 0.675602 0.851952 0.168698 0.496078 0.504581 0.761562 1.17039 0.551004 0.296489 0.151946 0.270893 0.344085 1.10516 0.7059 0.276803 0.57063 1.01845 0.345085 0.578027 0.499244 1.10566 0.916688 1.06459 0.653477 0.913785 0.997241 0.286789 0.247732 0.523073 0.975422 0.16628 0.710244 0.723285 0.894159 0.542021 0.48235 0.449782 0.734362 0.743588 0.623704 0.204131 0.920477 1.04324 1.13592 0.426445 0.8934 0.784822 0.884078 0.732576 0.131061 0.188129 0.703676 0.418219 0.237379 0.736877 0.272788 0.957062 0.247537 0.74477 0.246315 0.848412 0.869187 0.575744 0.171629 0.900565 0.988992 1.26812 0.426467 0.270052 1.1823 0.326115 0.47832
0.489304 0.0692251 0.558743 0.802185 0.938755 0.258491 0.603295 0.554136 0.610364 1.13394 0.541157 0.514498 0.280502 0.364002 0.380947 1.08376 0.597027 0.417574 0.563174 1.10279 0.236748 0.428719 0.411689 1.12633 0.995513 0.92525 0.80565 1.05372 1.05451 0.193895 0.277967 0.50741 1.04207 0.168133 0.79571 0.475167 1.00605 0.625562 0.381859 0.570628 0.513001 0.630808 0.624762 0.151732 0.666532 0.822127 1.04762 0.434233 0.699579 0.914007 0.903177 0.83264 0.39716 0.178214 0.715006 0.440697 0.376535 0.683154 0.214059 1.19585 0.248833 0.828661 0.176011 1.02046 0.876887 0.489874 0.426122 0.782457 0.852979 1.06849 0.409898 0.443471 1.1328 0.34554 0.463894
0.563792 0.234375 0.67288 0.799506 1.00002 0.345826 0.447806 0.655523 0.820317 0.983283 0.322717 0.327704 0.201509 0.272876 0.45841 1.19993 0.613075 0.371147 0.550808 0.894374 0.404456 0.350426 0.410135 1.20843 0.895017 0.999008 0.74996 1.0993 1.05118 0.238413 0.253058 0.456183 0.943145 0.203826 0.598928 0.628228 1.01145 0.612331 0.338244 0.495258 0.57679 0.623234 0.671945 0.237214 0.906456 0.873338 1.09421 0.252355 0.787644 0.972939 0.997837 0.920257 0.310305 0.342777 0.85656 0.311995 0.239674 0.51792 0.317745 1.04545 0.331861 0.666053 0.438522 1.01581 0.841043 0.45343 0.267379 0.999465 0.975763 1.14783 0.34201 0.310558 1.04902 0.446216 0.466464
0.546935 0.337 0.743048 0.596355 0.864022 0.209537 0.512708 0.45007 0.779778 0.955607 0.528791 0.559424 0.115707 0.238567 0.42838 1.1103 0.487975 0.350377 0.510634 0.847763 0.351752 0.413091 0.668951 1.00328 1.16214 1.0046 0.897112 0.861598 0.834833 0.317958 0.346131 0.415703 0.908202 0.203356 0.856687 0.684824 1.05794 0.55882 0.506426 0.431997 0.585387 0.794928 0.639174 0.380713 0.711618 0.868273 1.04219 0.26517 0.878006 0.988081 0.849943 0.675278 0.241804 0.377271 0.824026 0.521902 0.191571 0.601388 0.351911 1.21863 0.27151 0.688875 0.182237 0.848733 0.892059 0.342828 0.335295 0.823762 1.04831 1.16371 0.396369 0.362851 1.14314 0.270642 0.46795
0.410489 0.216095 0.607139 0.564231 1.05263 0.379707 0.527379 0.651937 0.608291 1.06793 0.565584 0.393839 0.175655 0.259109 0.452009 1.22012 0.63327 0.144114 0.746694 1.10932 0.411233 0.359283 0.610361 1.21728 1.07436 0.939806 0.898513 0.853857 1.06709 0.407559 0.118752 0.332514 0.968126 0.271575 0.758913 0.491473 1.00195 0.750099 0.492066 0.725377 0.708915 0.706695 0.432099 0.232144 0.64764 0.820548 0.938165 0.153528 0.665668 0.844885 1.03012 0.87501 0.280511 0.334163 0.787168 0.603012 0.20599 0.710769 0.121597 1.08825 0.330174 0.813658 0.314314 0.96603 0.900914 0.604946 0.436542 0.947545 0.874075 1.11053 0.400058 0.359665 1.19677 0.348857 0.342635
0.488334 0.327758 0.677224 0.613979 0.768035 0.395233 0.490519 0.650583 0.898129 0.961507 0.361602 0.262436 0.0672658 0.321632 0.509826 1.16116 0.523092 0.386888 0.738917 1.05646 0.432691 0.555342 0.638971 1.06423 1.0159 0.934909 0.731798 0.877621 0.870085 0.33974 0.347277 0.351023 0.968213 0.424544 0.672832 0.625418 1.05776 0.589234 0.307356 0.650164 0.663718 0.612172 0.564993 0.313733 0.871775 0.965536 0.992346 0.349235 0.828245 0.739601 1.05187 0.71294 0.260226 0.34906 0.63916 0.369057 0.316624 0.780929 0.310129 0.972925 0.152718 0.869642 0.38981 1.07095 0.701146 0.590975 0.230842 0.951919 0.926558 1.11189 0.444134 0.393694 1.05574 0.447836 0.420936
0.312925 0.305476 0.640932 0.549405 0.799599 0.3207 0.538538 0.589424 0.779721 1.05625 0.329465 0.383826 0.268149 0.390592 0.453879 1.08965 0.690716 0.400902 0.768992 0.895706 0.215295 0.463306 0.420137 0.970904 1.14369 0.940059 0.704684 1.08069 1.12239 0.241022 0.348028 0.443859 0.829009 0.362195 0.826498 0.583486 0.827591 0.613776 0.438794 0.487569 0.619157 0.81647 0.432567 0.274826 0.719782 0.961224 1.09445 0.209714 0.895783 0.795007 1.07953 0.910098 0.12655 0.276627 0.838982 0.395809 0.387424 0.620453 0.240087 1.11604 0.331152 0.881693 0.416444 0.901464 0.763862 0.433967 0.397541 0.819722 0.924082 1.06049 0.38044 0.197393 1.20561 0.412276 0.4414
