25 75
0.934818 0.504818 0.287376 0.764445 0.550405 0.743739 0.627574 0.167267 0.504092 0.376378 0.327177 0.77716 1.11104 0.71092 0.38487 0.431981 0.369475 0.439101 0.603824 0.885988 0.579376 0.470996 0.511358 0.970733 0.355345 0.306259 0.349923 0.87338 0.175427 0.0979172 0.628672 1.20925 0.518863 1.08841 0.610973 0.943574 0.822915 0.690354 1.01831 0.966538 0.645092 1.0654 0.842431 1.0938 0.591625 0.854901 1.19026 0.592205 0.664285 0.816375 0.509883 0.303471 0.134991 0.305754 0.95447 0.343803 0.469111 0.700376 0.379911 0.342126 0.347741 0.651398 0.232596 0.920892 0.536606 0.230321 0.237065 0.871573 0.711184 1.07924 0.274808 0.451232 0.823016 0.614558 0.44254
0.815247 0.283666 0.190489 0.658978 0.529368 0.632774 0.48346 0.299624 0.596352 0.324649 0.434593 0.755681 1.11306 0.842916 0.559508 0.62618 0.498256 0.264272 0.731695 1.02152 0.658087 0.702663 0.530496 1.05134 0.399671 0.314163 0.354956 0.85405 0.365731 0.18437 0.572014 1.03364 0.563583 0.953066 0.643567 0.902294 0.697041 0.505201 1.05997 1.1138 0.505043 1.1813 0.982591 1.04218 0.845959 0.931942 1.03808 0.743344 0.788693 0.953 0.463779 0.305909 0.04849 0.143067 0.890328 0.159983 0.333124 0.862548 0.41268 0.34249 0.233899 0.705066 0.213384 0.993332 0.357958 0.145457 0.21833 0.921619 0.751849 0.917573 0.121698 0.488361 0.739018 0.546463 0.453116
0.666794 0.468882 0.150501 0.80038 0.698889 0.723087 0.549287 0.314419 0.437821 0.47948 0.370868 0.727729 1.28385 0.770281 0.597662 0.526761 0.414419 0.501534 0.620582 0.927482 0.523327 0.661771 0.702927 1.19799 0.496549 0.28004 0.42803 0.84157 0.289707 0.327221 0.565353 1.12748 0.358213 0.94204 0.720942 0.901192 0.670133 0.463916 1.05313 1.01384 0.577748 1.00296 0.803978 0.914112 0.789179 0.808336 1.11924 0.763272 0.720665 0.919605 0.312586 0.264108 0.199517 0.143643 1.08106 0.360348 0.393056 0.637101 0.129642 0.398508 0.323387 0.642998 0.359563 0.802919 0.429187 0.306776 0.075193 0.689893 0.654896 0.953838 0.290605 0.37593 0.677954 0.730896 0.433074
0.800772 0.323599 0.221885 0.869658 0.635667 0.670913 0.448214 0.35848 0.555006 0.377195 0.1814 0.523771 1.19153 0.838818 0.464512 0.589031 0.392804 0.50454 0.555079 0.863017 0.605937 0.432631 0.541906 1.10448 0.51768 0.50093 0.378465 1.07949 0.134774 0.154479 0.681663 1.17774 0.334992 1.05914 0.70331 0.703022 0.60726 0.584781 0.839865 1.1066 0.538293 0.931672 1.0337 1.1099 0.67426 0.903262 1.13281 0.688422 0.547048 0.760254 0.398861 0.440991 0.108682 0.348042 0.847716 0.187715 0.346707 0.707617 0.244995 0.34423 0.272422 0.774153 0.378458 0.805909 0.473726 0.181619 0.234177 0.894641 0.674352 1.08842 0.040334 0.452332 0.866427 0.71594 0.316072
0.899636 0.353682 0.398728 0.893004 0.54075 0.752652 0.464965 0.396232 0.461142 0.500121 0.373031 0.7476 1.2107 0.917644 0.648348 0.701702 0.404592 0.345415 0.735148 0.881168 0.532121 0.491199 0.674114 1.09321 0.649965 0.391031 0.578226 0.815352 0.194594 0.186153 0.478549 1.02404 0.57284 0.944675 0.848559 0.713381 0.884653 0.679394 0.87045 1.21303 0.410313 1.0348 1.07817 0.96239 0.609686 0.965278 1.19069 0.73307 0.522892 0.9377 0.470931 0.244423 0.0271322 0.408312 0.847167 0.328134 0.498824 0.726572 0.313615 0.400116 0.211396 0.586605 0.290262 0.926775 0.278021 0.363503 0.135174 0.761317 0.670927 1.09208 0.0810282 0.443865 0.703457 0.779789 0.20913
0.898887 0.340255 0.154055 0.852911 0.726328 0.654917 0.580019 0.150379 0.686076 0.478154 0.174017 0.67075 1.06808 0.749492 0.487176 0.653805 0.317068 0.338033 0.574765 1.05824 0.530643 0.479942 0.720885 1.226 0.632296 0.411207 0.476575 0.883312 0.394855 0.353132 0.429682 1.11089 0.448327 1.17266 0.584721 0.848352 0.699595 0.450093 0.982799 0.995558 0.501189 1.09217 0.927436 1.15265 0.74689 0.987363 1.13562 0.732352 0.766111 0.889251 0.479416 0.324736 0.0406959 0.223716 0.837456 0.114921 0.264394 0.687139 0.362506 0.434894 0.374659 0.537771 0.269281 0.773296 0.33075 0.126379 0.146041 0.753089 0.591389 1.09246 0.155441 0.318856 0.866604 0.649409 0.207775
0.819611 0.401826 0.346803 0.670589 0.751254 0.506574 0.518676 0.219639 0.607735 0.25585 0.394402 0.698442 1.22738 0.866459 0.601413 0.623047 0.422321 0.35384 0.844871 1.0144 0.667531 0.458455 0.64471 0.967434 0.376452 0.291667 0.536601 1.00046 0.286702 0.358815 0.464653 1.04897 0.522892 0.932215 0.635624 0.958647 0.714307 0.583556 0.956164 1.12581 0.571767 1.1675 0.97293 1.03159 0.811587 0.782529 1.09952 0.706774 0.600337 0.907618 0.450564 0.521605 0.155923 0.135095 0.933833 0.294301 0.22263 0.685803 0.30703 0.47284 0.383494 0.517932 0.374327 1.01758 0.419953 0.239334 0.180982 0.706603 0.513588 1.02117 0.283774 0.59163 0.802176 0.583104 0.171642
0.935102 0.479177 0.255851 0.800247 0.718107 0.538236 0.527203 0.240856 0.670916 0.338646 0.319906 0.557916 1.03367 0.843442 0.472392 0.60052 0.347014 0.282587 0.683879 0.990535 0.418727 0.456025 0.635542 1.2157 0.363126 0.295074 0.333898 1.00424 0.13762 0.097633 0.572223 1.10183 0.38465 1.18386 0.847275 0.982935 0.841448 0.547645 1.03722 1.19295 0.588815 1.14024 0.915455 1.15203 0.578957 0.965229 1.16883 0.85187 0.689729 1.04755 0.487636 0.425154 0.172677 0.279887 0.816408 0.274302 0.450758 0.758253 0.249634 0.394646 0.152007 0.602117 0.356939 0.958911 0.563846 0.104672 0.29372 0.737931 0.798892 0.905355 0.248934 0.411147 0.838882 0.546578 0.421982
0.814092 0.293031 0.214 0.740164 0.542287 0.529983 0.608336 0.161268 0.502184 0.405848 0.381376 0.705741 1.11561 0.773906 0.544162 0.424984 0.431276 0.363678 0.596461 1.0487 0.445192 0.481738 0.690022 1.01872 0.392596 0.366191 0.498104 0.932565 0.300224 0.202246 0.67694 0.959168 0.378877 1.09406 0.744145 0.889 0.685144 0.533978 1.03989 0.942585 0.374328 1.14027 1.05865 0.896585 0.859047 0.804081 1.13111 0.80457 0.544861 0.770166 0.540232 0.396999 0.226283 0.282927 0.821613 0.111696 0.287583 0.798637 0.35139 0.421467 0.134499 0.563688 0.164193 0.791505 0.498799 0.384782 0.197547 0.917417 0.781384 0.92118 0.294724 0.430233 0.639957 0.521785 0.286319
0.889087 0.492772 0.376489 0.869189 0.543158 0.581827 0.539713 0.256593 0.567834 0.277133 0.228879 0.568945 1.08834 0.829553 0.557371 0.693325 0.4481 0.234201 0.578445 1.01312 0.448446 0.610648 0.593966 1.19265 0.414209 0.371966 0.394079 1.07243 0.260619 0.177833 0.718486 1.16794 0.411814 1.04333 0.618262 0.986599 0.700643 0.635227 0.91467 1.09068 0.474943 1.03271 0.901817 0.964651 0.593521 1.00859 1.21528 0.788365 0.574796 1.04888 0.405474 0.40969 0.187689 0.377753 1.009 0.127472 0.42476 0.673953 0.336532 0.544758 0.265771 0.642956 0.388302 0.985949 0.288525 0.337303 0.124109 0.852136 0.808012 0.995341 0.0786541 0.560967 0.654806 0.680251 0.257101
0.746994 0.360839 0.403766 0.631552 0.723206 0.680608 0.631721 0.215712 0.636825 0.216283 0.425785 0.747828 1.00076 0.91977 0.415751 0.460203 0.503477 0.44276 0.693837 1.03609 0.419351 0.42412 0.553684 0.985886 0.553354 0.512306 0.60774 1.08524 0.277232 0.1689 0.63769 1.10469 0.465512 1.06779 0.847286 0.801098 0.782037 0.601302 1.09802 0.927505 0.486827 0.925349 1.05953 0.96428 0.859386 0.990646 1.08632 0.870144 0.613136 0.816473 0.452513 0.286211 0.121466 0.250798 1.00772 0.32825 0.432694 0.792542 0.23593 0.452827 0.246789 0.599457 0.122967 0.912537 0.377239 0.275252 0.266206 0.873415 0.78208 0.978606 0.311065 0.333565 0.829008 0.496257 0.241976
0.654877 0.330671 0.292566 0.631117 0.710394 0.73491 0.724814 0.39881 0.555206 0.293256 0.367751 0.574661 1.2144 0.844967 0.571583 0.452903 0.578045 0.25737 0.622408 0.995522 0.474666 0.5267 0.480522 1.09108 0.642364 0.506842 0.500964 1.03703 0.17654 0.130324 0.462605 1.14507 0.480248 1.02296 0.576269 0.704447 0.88299 0.683881 0.84113 1.03367 0.435346 0.925724 0.954987 1.16376 0.696444 0.995171 1.15162 0.858088 0.635615 1.00239 0.442558 0.325059 0.117627 0.250891 0.799227 0.287842 0.376254 0.853802 0.254039 0.442417 0.335921 0.484343 0.391124 0.836294 0.45214 0.208164 0.179942 0.925357 0.774914 0.983243 0.303435 0.446161 0.730508 0.785735 0.258997
0.688116 0.242266 0.332938 0.726284 0.604915 0.78472 0.49756 0.371448 0.65046 0.239018 0.217709 0.607542 1.21228 0.879081 0.545739 0.557115 0.559461 0.234495 0.709912 0.937663 0.59667 0.705857 0.527308 1.15673 0.624382 0.236085 0.361647 0.84028 0.333517 0.182978 0.626031 0.985081 0.432688 1.04197 0.714397 0.783908 0.792669 0.464288 0.940279 0.993223 0.426852 1.05261 1.08184 0.947742 0.685833 0.970017 1.13362 0.758724 0.597017 1.01413 0.419603 0.391895 0.264248 0.160724 0.864978 0.277857 0.309593 0.614316 0.185218 0.517444 0.321586 0.750093 0.328403 0.968074 0.473661 0.298536 0.31074 0.772902 0.6306 0.919074 0.086979 0.348372 0.844282 0.778869 0.276933
0.87137 0.476536 0.320254 0.763405 0.606149 0.695296 0.694092 0.41814 0.489366 0.429814 0.190898 0.550129 1.1978 0.826999 0.403575 0.45081 0.539012 0.355968 0.748666 0.862329 0.469746 0.504856 0.569812 1.13387 0.465374 0.276359 0.38857 0.817848 0.217005 0.291206 0.526788 1.05691 0.437365 1.06339 0.586198 0.723614 0.613453 0.554589 0.925373 1.05605 0.361514 1.03967 1.02704 0.949424 0.777063 0.787956 1.17793 0.727821 0.704131 0.859635 0.359584 0.363519 0.0817743 0.385957 0.976542 0.356867 0.348185 0.698933 0.362043 0.364044 0.369063 0.591859 0.240344 0.911542 0.391714 0.177749 0.319367 0.816507 0.770752 1.01599 0.149387 0.573853 0.649025 0.679934 0.28839
0.726139 0.462277 0.137204 0.785483 0.56411 0.570956 0.46876 0.193091 0.596442 0.290092 0.195691 0.523953 1.18064 0.874265 0.581507 0.57551 0.419844 0.305751 0.619008 1.04532 0.407044 0.458994 0.471137 1.13333 0.549915 0.39898 0.574492 1.04818 0.243801 0.28092 0.571096 0.957336 0.325741 1.10551 0.650407 0.700644 0.726343 0.50449 0.975074 1.13435 0.611864 1.00588 0.930153 0.956251 0.834279 0.805461 1.28318 0.802714 0.542312 0.861485 0.251928 0.426785 0.137624 0.320307 1.03349 0.303148 0.422355 0.632462 0.376996 0.404378 0.1435 0.691949 0.344762 0.862891 0.285031 0.0939828 0.0822593 0.709524 0.710234 0.862628 0.207636 0.447093 0.681626 0.759766 0.460588
0.650537 0.221354 0.265842 0.648007 0.545615 0.643372 0.693481 0.380228 0.51714 0.264658 0.304987 0.745435 1.24444 0.914134 0.648384 0.542491 0.423312 0.29454 0.747207 0.970167 0.568896 0.685148 0.694855 1.20497 0.642784 0.53003 0.480695 0.82408 0.151862 0.188389 0.633123 1.0559 0.308504 1.08382 0.690055 0.849088 0.711255 0.66168 0.877554 1.03598 0.45681 1.14322 0.935758 1.14292 0.64774 0.916387 0.998827 0.698328 0.672565 1.02925 0.396391 0.260436 0.0286297 0.216914 1.05574 0.231282 0.404916 0.768556 0.407162 0.507634 0.30861 0.682746 0.227511 0.830125 0.439039 0.192021 0.307137 0.837421 0.673449 0.861695 0.29282 0.485449 0.759582 0.591898 0.396805
0.814286 0.254858 0.322126 0.831642 0.731566 0.798134 0.555708 0.387367 0.590978 0.497667 0.419434 0.601053 1.02652 0.818422 0.450867 0.510699 0.340965 0.465229 0.691667 1.12796 0.443993 0.450956 0.676553 1.12054 0.413059 0.464198 0.435857 0.985215 0.308313 0.187066 0.668905 0.998101 0.295743 1.09875 0.57055 0.707343 0.768022 0.683285 0.900893 1.21157 0.541623 1.15349 1.06857 1.11219 0.874578 0.883641 1.10976 0.662378 0.668578 1.02732 0.491966 0.399071 0.313139 0.340391 0.818845 0.192121 0.504553 0.875304 0.128752 0.390504 0.325633 0.496715 0.207087 0.944748 0.336835 0.119481 0.103348 0.898738 0.690059 0.85758 0.256356 0.317938 0.822547 0.764735 0.183273
0.900466 0.480821 0.319693 0.800811 0.519123 0.765425 0.480179 0.425799 0.447236 0.408507 0.182473 0.777714 1.21758 0.747807 0.568485 0.517914 0.595447 0.408393 0.553819 0.907431 0.629776 0.699084 0.548375 0.978014 0.641529 0.286865 0.459112 0.962565 0.239146 0.310762 0.465179 1.01412 0.415712 1.16587 0.65643 0.738615 0.669399 0.598552 0.961067 1.15496 0.411615 1.05213 1.09067 0.906397 0.829309 1.04538 1.26637 0.747833 0.616436 0.863689 0.453753 0.37482 0.151022 0.300849 1.06843 0.310267 0.349931 0.848954 0.172912 0.436828 0.285489 0.507584 0.145788 0.782818 0.307459 0.284358 0.165768 0.752926 0.717689 1.09716 0.298622 0.382689 0.761007 0.524159 0.237168
0.688022 0.211144 0.141033 0.655367 0.619955 0.742981 0.597073 0.218801 0.554804 0.341449 0.312306 0.69131 1.26946 0.941587 0.479095 0.622807 0.382979 0.245118 0.582299 1.09655 0.571182 0.699984 0.641155 1.22475 0.623293 0.418211 0.611141 1.07844 0.230086 0.357652 0.576495 1.12752 0.444996 1.16603 0.578511 0.792665 0.662152 0.451182 0.934569 0.95482 0.353844 1.15374 1.01725 1.00224 0.694323 0.953327 1.08637 0.763101 0.748885 0.793116 0.49095 0.523474 0.0964133 0.231292 0.866506 0.307616 0.250045 0.835629 0.124292 0.440941 0.201978 0.716663 0.344994 0.967255 0.554916 0.12032 0.278287 0.882395 0.589936 0.992747 0.0416642 0.544749 0.790255 0.502708 0.448827
0.683126 0.228278 0.384829 0.637724 0.514906 0.62559 0.487194 0.380683 0.689038 0.441467 0.300913 0.542646 1.01185 0.726256 0.436385 0.523641 0.502951 0.395093 0.749872 1.10404 0.551187 0.620776 0.708537 1.11094 0.640466 0.325956 0.521769 1.09344 0.298884 0.322819 0.700651 0.96306 0.356354 0.912882 0.627155 0.751546 0.66551 0.675609 0.904386 1.15669 0.572666 1.0353 0.985674 1.11708 0.579146 0.787503 1.10807 0.67573 0.573712 0.85468 0.31987 0.434159 0.0822734 0.124976 1.01152 0.247486 0.229809 0.654028 0.143946 0.530471 0.240595 0.63842 0.189856 0.967336 0.414958 0.323483 0.143529 0.896349 0.733223 0.983236 0.197111 0.470904 0.586103 0.585171 0.443935
0.799848 0.453743 0.157088 0.722625 0.801585 0.588947 0.61097 0.281885 0.640674 0.344564 0.391596 0.727325 1.19994 0.886515 0.534722 0.465077 0.422943 0.35624 0.628068 0.94727 0.623499 0.59619 0.486852 1.22866 0.425158 0.33717 0.493711 1.0165 0.370592 0.232918 0.635512 1.15363 0.550623 0.968958 0.67273 0.815975 0.66131 0.600247 0.901973 1.0111 0.385677 1.12899 0.899694 1.08187 0.72894 0.993854 1.25831 0.642379 0.520887 1.03247 0.323956 0.502983 0.244021 0.389121 0.817467 0.0748964 0.373287 0.696989 0.404741 0.484644 0.275046 0.715448 0.338592 0.938018 0.306166 0.377958 0.196986 0.859574 0.791548 1.02571 0.204802 0.403082 0.60061 0.744381 0.364646
0.865817 0.278113 0.334132 0.795105 0.606025 0.602083 0.464415 0.268894 0.604763 0.318213 0.182591 0.527754 1.02581 0.965765 0.521586 0.565107 0.562441 0.424967 0.60049 0.863383 0.653156 0.58562 0.671502 1.05727 0.517276 0.359153 0.568824 0.992958 0.18956 0.124961 0.664538 1.06841 0.439355 1.17823 0.78192 0.988173 0.839048 0.59957 0.823694 1.03987 0.572073 1.08939 0.849486 1.15357 0.627807 1.05573 1.11174 0.772493 0.753767 0.94407 0.406272 0.489221 0.212138 0.134183 1.05171 0.0869006 0.347468 0.715991 0.332294 0.552939 0.249584 0.539169 0.275692 0.763762 0.325969 0.232137 0.136302 0.817388 0.740998 0.884099 0.280822 0.528479 0.813631 0.710316 0.164109
0.89505 0.345113 0.192914 0.705915 0.712216 0.777329 0.45399 0.377047 0.657678 0.246974 0.164027 0.499458 1.11653 0.930599 0.391495 0.65047 0.388033 0.462089 0.596088 1.11252 0.466699 0.491009 0.723174 1.19134 0.500973 0.325537 0.439871 0.969071 0.173363 0.106227 0.545461 1.01817 0.512201 1.10548 0.771158 0.783463 0.846011 0.510333 0.898229 1.19752 0.641918 0.969126 1.09137 1.1613 0.842383 0.884279 1.0753 0.728408 0.792118 0.907541 0.542842 0.518237 0.225244 0.283833 0.972064 0.177429 0.279499 0.798116 0.32857 0.498684 0.257172 0.742975 0.11865 0.979046 0.362633 0.336744 0.371617 0.711625 0.619044 0.909696 0.204514 0.460477 0.845631 0.647891 0.184073
0.92242 0.456631 0.354642 0.826752 0.629785 0.616821 0.507311 0.381529 0.677828 0.473782 0.177245 0.584891 1.02165 0.727913 0.558754 0.626216 0.441958 0.298754 0.849023 0.976332 0.392343 0.652086 0.670445 1.1424 0.567916 0.402285 0.50792 0.915912 0.211997 0.189671 0.550855 1.23511 0.554935 0.954641 0.609061 0.862673 0.604889 0.476015 0.834502 1.22193 0.424205 0.931666 1.01392 1.03717 0.755123 0.963307 1.10328 0.719873 0.69581 1.03103 0.354981 0.365316 0.0395623 0.255642 0.823033 0.175158 0.247214 0.814523 0.281142 0.550399 0.211044 0.710623 0.217382 0.782803 0.551693 0.295399 0.233617 0.651475 0.62392 0.881761 0.108979 0.38672 0.590514 0.562337 0.267839
0.654533 0.490024 0.396079 0.836781 0.776418 0.718546 0.658032 0.151033 0.574825 0.475424 0.417568 0.74465 1.19341 0.883955 0.381289 0.696364 0.364416 0.467572 0.779408 0.846073 0.442524 0.680357 0.480855 1.00249 0.634321 0.337625 0.583738 0.892701 0.272404 0.07609 0.680815 1.02966 0.569796 1.17345 0.563372 0.995266 0.628073 0.523619 0.816297 1.17937 0.515207 1.13854 0.889859 1.12968 0.814418 0.915217 1.21595 0.67145 0.537035 0.880713 0.535468 0.326261 0.108739 0.384424 1.07795 0.185404 0.356617 0.862813 0.19769 0.589559 0.371368 0.692875 0.400279 0.905666 0.277328 0.144961 0.29308 0.656288 0.672728 0.960386 0.0790331 0.444562 0.588005 0.68693 0.196119
