25 75
0.880349 0.9567 0.62238 0.65159 0.684696 0.201725 0.286785 0.863079 0.349778 0.505343 0.627534 0.667599 0.73497 0.278663 0.314751 0.665126 0.805428 0.942913 0.551772 0.491311 0.79234 0.108073 0.730219 0.69888 0.807271 1.19912 0.387723 0.905908 0.931916 0.690083 0.30703 0.80255 0.300699 0.76922 0.489512 0.984088 0.555894 0.677728 0.471497 0.117112 0.124572 1.00641 0.29207 0.732293 0.221998 0.648825 0.115994 0.70479 0.94145 0.425533 1.00995 0.860685 0.280972 0.223035 0.909608 0.535232 0.304677 0.700399 0.412683 0.689137 0.55097 0.936443 0.447396 1.02286 1.11469 0.602828 1.03066 1.19874 0.933805 1.20177 1.14221 0.280054 0.227941 0.443362 0.840829
0.718695 1.16573 0.641764 0.633899 0.639816 0.391213 0.369637 0.922369 0.603703 0.308502 0.707939 0.863766 0.603667 0.325576 0.298006 0.783094 0.993852 1.00052 0.590347 0.60642 0.881445 0.00835087 0.775236 0.736618 0.752656 1.06014 0.508468 0.922408 0.865698 0.612589 0.232171 0.649603 0.302311 1.04123 0.407399 0.958552 0.763356 0.527171 0.328228 0.339623 0.319794 0.744772 0.199149 0.996549 0.353542 0.489203 0.24817 0.820837 0.766816 0.3984 1.11072 0.849434 0.426916 0.173207 0.986387 0.55527 0.233166 0.918443 0.45605 0.527437 0.659621 1.0335 0.49139 0.796427 0.879733 0.536443 1.07497 1.02093 1.00602 1.09785 1.17521 0.33967 0.0703446 0.320209 0.961199
0.880202 1.19503 0.433916 0.555523 0.633054 0.22442 0.494647 1.06876 0.400221 0.444922 0.762363 0.774073 0.447914 0.4137 0.438824 0.764302 0.937624 0.909972 0.461662 0.622755 0.79512 0.163204 0.865897 0.696019 0.780997 1.13572 0.270498 0.897907 0.948826 0.688279 0.289063 0.685869 0.462333 1.02718 0.351315 0.941029 0.690475 0.560621 0.31472 0.169655 0.0731235 0.767733 0.234138 0.887855 0.120659 0.40233 0.199915 0.749544 0.921655 0.483735 1.13563 0.83192 0.469539 0.259834 0.943486 0.509873 0.147137 0.745571 0.399998 0.687039 0.515659 0.862651 0.471051 0.934623 1.12508 0.511713 1.12698 1.08575 1.02437 1.17257 1.0572 0.545684 0.0561144 0.277238 1.01177
0.881151 1.14003 0.616739 0.7521 0.629471 0.465406 0.562632 0.929725 0.36984 0.533721 0.715925 0.876954 0.446711 0.312563 0.446376 0.746919 0.773633 0.965731 0.549365 0.461301 0.88122 0.203655 0.719473 0.879188 0.676257 1.1986 0.401214 0.904718 0.800156 0.712044 0.460733 0.633055 0.18093 0.852865 0.229708 1.08767 0.58627 0.605344 0.503968 0.0869813 0.346023 0.924959 0.347736 0.925076 0.145941 0.649078 0.348322 0.799729 0.878413 0.380379 1.16909 0.710893 0.295022 0.358558 0.892144 0.412259 0.156088 0.83398 0.474645 0.557123 0.475825 0.85486 0.504206 1.00494 0.83672 0.445248 0.922313 1.01879 1.07779 1.0394 0.955843 0.275025 0.342669 0.429135 0.836566
0.748265 1.07515 0.542001 0.599846 0.754675 0.359644 0.398952 0.855204 0.447528 0.567919 0.574284 0.884828 0.662713 0.450447 0.32457 0.734059 0.790473 0.958899 0.547343 0.562372 0.670832 0.198512 0.830679 0.911898 0.809314 1.25398 0.519878 0.982896 0.823271 0.530391 0.479073 0.81607 0.270301 0.926447 0.517965 1.16442 0.610805 0.745169 0.402353 0.266976 0.272171 0.996556 0.244624 0.89082 0.348306 0.563878 0.201697 0.747095 0.879872 0.579918 1.06352 0.912077 0.411897 0.336141 0.925019 0.432949 0.301409 0.753207 0.523079 0.753045 0.756956 1.01012 0.484266 0.780514 0.906599 0.449355 0.944246 1.13903 1.00869 1.13191 1.19281 0.30542 0.0778842 0.347833 0.987132
0.688113 1.17504 0.565936 0.707559 0.670841 0.374404 0.41092 1.03065 0.54897 0.519138 0.734025 0.748348 0.444721 0.320699 0.452186 0.666105 0.950792 1.11902 0.600928 0.561294 0.90244 0.245046 0.684325 0.810744 0.951281 1.25285 0.322049 1.04404 0.925103 0.657362 0.49143 0.623084 0.252439 0.901409 0.506905 1.19758 0.523406 0.713298 0.476158 0.283544 0.121999 0.898899 0.377597 0.831719 0.215605 0.656156 0.112548 0.592774 0.797595 0.514995 1.21706 0.84918 0.24671 0.227973 1.02842 0.353929 0.216639 0.705684 0.545447 0.698666 0.672255 1.0046 0.628341 0.817316 0.845073 0.420375 1.0501 1.09704 1.10932 0.960455 0.98111 0.423171 0.202889 0.471049 1.02293
0.800164 1.08367 0.650397 0.779248 0.629984 0.484629 0.381456 0.908268 0.34173 0.358829 0.732018 0.747539 0.593473 0.372341 0.239531 0.844076 0.887118 0.932439 0.619829 0.384001 0.632244 0.228799 0.831982 0.70395 0.887289 1.03605 0.365669 0.964187 0.978091 0.645579 0.299972 0.641877 0.250112 0.875163 0.357061 1.04599 0.763577 0.622018 0.513972 0.116134 0.0879935 0.857467 0.169914 0.752464 0.244865 0.508698 0.366429 0.679126 0.918423 0.482479 1.10859 0.735877 0.49623 0.330875 1.02848 0.428302 0.217306 0.800839 0.527591 0.753419 0.640501 1.00931 0.524418 0.945853 0.987655 0.450752 1.02457 1.23413 0.920369 1.23428 1.00653 0.514526 0.323938 0.227457 1.09869
0.723328 1.21794 0.561845 0.702843 0.619097 0.370017 0.356399 0.906412 0.393417 0.376609 0.587808 0.692507 0.704323 0.464504 0.38642 0.78624 0.839051 0.894178 0.383233 0.354153 0.872735 0.244093 0.684592 0.853806 0.831241 1.08933 0.252721 0.973211 0.727563 0.531739 0.469237 0.65454 0.246214 1.02698 0.391507 1.09868 0.573697 0.556379 0.366697 0.218081 0.171349 0.789931 0.367119 0.780739 0.380511 0.610821 0.352629 0.583958 0.978413 0.583396 1.06087 0.935612 0.446363 0.329746 0.78238 0.520982 0.264552 0.829973 0.444172 0.491734 0.700788 1.01614 0.589619 1.00594 1.01753 0.564476 0.995656 1.25389 1.12597 1.11735 1.01163 0.277148 0.0666255 0.420524 1.06529
0.882802 1.22392 0.536729 0.731339 0.776764 0.41474 0.521543 1.08391 0.347579 0.569064 0.607261 0.708598 0.723719 0.390123 0.437544 0.643447 0.940921 1.0186 0.556867 0.506145 0.887252 0.129914 0.803554 0.924913 0.945243 1.23291 0.2494 0.98508 0.835461 0.639309 0.309116 0.782213 0.359147 0.773018 0.418271 1.14077 0.515169 0.685704 0.356939 0.123965 0.234904 0.952672 0.175146 0.909926 0.331414 0.542069 0.346486 0.564682 1.02992 0.571668 1.15931 0.690215 0.513246 0.262292 0.90379 0.514778 0.2973 0.876254 0.610965 0.611025 0.643118 0.972474 0.553885 0.844744 0.886041 0.408215 0.949897 1.01504 1.18136 1.08499 0.961868 0.270227 0.307761 0.243735 1.06553
0.762612 1.04291 0.580352 0.576068 0.690205 0.385306 0.305998 0.950787 0.336791 0.490056 0.764785 0.831296 0.598557 0.483837 0.318152 0.802545 1.02031 1.06267 0.426923 0.530447 0.868306 0.0537132 0.741619 0.75288 0.660127 1.12117 0.368041 0.783217 0.76422 0.692011 0.237192 0.656785 0.276783 0.910009 0.2663 0.946737 0.549094 0.538092 0.477318 0.0872818 0.136745 0.93637 0.30558 0.870071 0.269722 0.407995 0.386214 0.678592 0.792499 0.49228 0.996416 0.720793 0.503823 0.274528 0.880971 0.553894 0.107521 0.723974 0.39238 0.771016 0.713014 0.910153 0.388929 1.01063 0.945209 0.61678 1.13623 1.23845 1.13042 0.945994 1.02052 0.302717 0.131104 0.510371 0.830385
0.690137 1.20665 0.468543 0.729209 0.749937 0.342361 0.468371 0.844571 0.39717 0.426672 0.696536 0.867431 0.512427 0.3403 0.366271 0.600462 0.859067 0.91192 0.535179 0.3386 0.792939 0.110678 0.622029 0.708291 0.767311 1.03121 0.436496 0.78219 0.89129 0.570657 0.332425 0.702256 0.188977 0.978272 0.457374 1.2093 0.596137 0.550876 0.275138 0.17332 0.0976344 0.893225 0.280828 0.911358 0.36111 0.422781 0.384646 0.648148 0.812373 0.432835 0.972678 0.921807 0.329107 0.273173 1.0686 0.479613 0.132504 0.815659 0.477421 0.581501 0.563131 0.971246 0.394343 0.938691 0.91574 0.539187 1.0993 1.22656 0.991591 1.14025 1.14862 0.488725 0.0971522 0.470827 0.913564
0.893686 1.12931 0.41731 0.815141 0.856933 0.338991 0.319985 1.10742 0.321084 0.428817 0.637321 0.755693 0.637865 0.227048 0.411893 0.782809 0.918705 1.07296 0.470798 0.532959 0.822469 0.186951 0.609783 0.736248 0.908988 1.02129 0.512332 0.9025 0.932961 0.533363 0.485725 0.792441 0.30542 0.974211 0.473017 1.15611 0.532407 0.640234 0.272404 0.151633 0.19469 0.910371 0.171357 0.982695 0.253812 0.641742 0.216365 0.747216 1.03519 0.531464 1.24268 0.702659 0.428865 0.346398 0.778845 0.556395 0.0870318 0.640692 0.527404 0.635578 0.722591 1.08079 0.55952 0.788893 1.12779 0.448435 1.1606 1.22851 1.15585 1.21669 1.02967 0.413792 0.187329 0.499753 0.885361
0.750711 1.14305 0.602238 0.762891 0.78465 0.192988 0.53848 1.02581 0.416118 0.429966 0.583359 0.702663 0.634927 0.231013 0.523061 0.601403 1.02909 1.14725 0.537938 0.599833 0.798132 0.108938 0.76713 0.848376 0.914996 1.04139 0.463897 0.846058 0.76909 0.642086 0.476099 0.819965 0.374637 0.851354 0.411119 1.15446 0.736346 0.491764 0.485686 0.10169 0.0720143 0.852957 0.400049 0.916962 0.353626 0.673776 0.384325 0.539582 0.969138 0.647406 1.15851 0.707214 0.272503 0.390762 0.924913 0.360012 0.11026 0.804138 0.57616 0.713619 0.527535 0.992379 0.518657 1.01808 0.99558 0.467574 1.00527 1.08847 1.1203 1.01818 1.0224 0.533785 0.296003 0.47775 1.03055
0.756008 1.21466 0.467667 0.731842 0.878735 0.480955 0.542298 0.867298 0.432146 0.411688 0.757095 0.667076 0.707832 0.399974 0.242688 0.607082 1.01141 1.04776 0.57909 0.442581 0.741182 0.18279 0.838984 0.729756 0.717163 1.22906 0.283177 0.905098 0.912911 0.66142 0.259131 0.750681 0.304497 0.865334 0.514881 1.13803 0.711237 0.717302 0.326622 0.175629 0.221868 0.94994 0.384797 0.777476 0.252171 0.624883 0.113927 0.723316 0.77558 0.43459 1.24349 0.741203 0.476121 0.291298 0.962366 0.482096 0.306399 0.878514 0.638229 0.628989 0.505771 0.944941 0.445492 0.985985 1.10537 0.386998 1.13429 1.18407 1.03718 1.16839 0.981011 0.494344 0.175642 0.485618 0.87186
0.920279 1.15735 0.485729 0.679161 0.878588 0.427982 0.481744 0.997383 0.432764 0.57061 0.671903 0.669485 0.569745 0.433868 0.378737 0.832408 0.948111 1.05608 0.363099 0.409513 0.813026 0.164463 0.600612 0.905217 0.682196 1.06554 0.365349 0.813312 0.693733 0.726735 0.470974 0.788862 0.359243 0.805848 0.506463 1.193 0.602732 0.5579 0.474185 0.257023 0.348146 0.837439 0.397875 0.721195 0.18297 0.634875 0.257573 0.702609 0.756233 0.58304 1.09514 0.941704 0.235079 0.120201 0.861785 0.44078 0.369099 0.833056 0.40385 0.622179 0.526588 1.00362 0.635462 0.800116 0.963948 0.465365 1.15934 1.13957 1.05785 1.23698 1.13431 0.458794 0.130706 0.277151 1.06714
0.86194 0.962046 0.504866 0.782406 0.710698 0.431044 0.471103 0.945595 0.419859 0.510325 0.48912 0.74654 0.469971 0.413695 0.473904 0.685997 0.758214 1.15083 0.397072 0.470295 0.606779 0.0406265 0.662089 0.708682 0.748181 1.17441 0.325368 1.01015 0.781203 0.747572 0.381981 0.765434 0.439292 0.837191 0.365435 0.979476 0.595133 0.646123 0.420094 0.20735 0.169242 0.841853 0.213422 0.731706 0.262105 0.40913 0.120713 0.648431 0.877009 0.57121 1.11194 0.947005 0.408297 0.281365 1.02718 0.493257 0.144309 0.71938 0.52796 0.514251 0.719863 0.87875 0.456849 0.924767 0.899869 0.476873 1.00481 1.04469 1.12539 1.14632 1.01837 0.481597 0.174656 0.26618 1.07599
0.878244 0.998349 0.567524 0.758504 0.843912 0.22304 0.412274 0.921487 0.394705 0.537288 0.734079 0.842334 0.655392 0.214237 0.247881 0.702365 0.902924 1.1225 0.577804 0.388099 0.759065 0.0690108 0.61156 0.721778 0.921174 1.07459 0.271101 0.880356 0.688101 0.679199 0.317855 0.814876 0.249108 1.02478 0.335017 1.21319 0.5839 0.632332 0.459118 0.327753 0.181819 0.975094 0.404742 0.957416 0.37567 0.532745 0.203282 0.816753 0.867597 0.437945 1.00569 0.738887 0.443299 0.3201 1.00488 0.413364 0.354913 0.77688 0.429732 0.608478 0.583386 1.01294 0.611771 0.771874 0.927503 0.57932 1.05359 1.16953 1.11485 1.03554 1.21324 0.471688 0.172518 0.284321 0.808547
0.75799 0.939023 0.444591 0.56804 0.733758 0.431332 0.454325 1.06179 0.375998 0.48998 0.510245 0.607798 0.679772 0.312079 0.268557 0.81161 0.96803 0.969749 0.450347 0.405615 0.851877 0.296388 0.720082 0.828185 0.788738 1.1412 0.233647 0.902222 0.748929 0.69213 0.350979 0.822086 0.200305 0.780473 0.269202 1.18408 0.754755 0.572624 0.291827 0.29152 0.0712661 0.966533 0.307799 0.826303 0.221258 0.408321 0.183651 0.762238 0.877708 0.488711 1.22414 0.716413 0.328523 0.393837 0.956128 0.314372 0.128378 0.667594 0.631475 0.669191 0.578704 0.907498 0.544765 0.768084 0.970148 0.599621 1.05068 1.16954 1.07248 1.05676 1.01774 0.370985 0.251767 0.505209 1.03325
0.915539 1.13895 0.493358 0.832768 0.785773 0.237555 0.353564 0.941714 0.380625 0.456354 0.675054 0.871398 0.657833 0.430017 0.474968 0.706016 0.764744 0.985134 0.500676 0.589123 0.610668 0.303076 0.732846 0.770127 0.671524 1.08852 0.448745 0.969905 0.817186 0.54548 0.500102 0.781715 0.304159 0.831944 0.402978 1.00486 0.660951 0.685531 0.253572 0.132635 0.281315 0.757187 0.243913 0.946636 0.224784 0.45466 0.321687 0.587644 0.800182 0.59204 1.11539 0.670309 0.477034 0.180957 0.900148 0.383781 0.182186 0.890864 0.555669 0.564184 0.557445 1.01996 0.410744 0.931092 0.984025 0.64045 0.907617 1.15324 1.02665 1.2138 1.12893 0.518873 0.0523834 0.382444 0.909207
0.919075 0.959324 0.596939 0.669345 0.650281 0.327127 0.33863 1.04506 0.417653 0.37292 0.501974 0.692485 0.503316 0.237697 0.391394 0.782555 0.831232 1.01548 0.359968 0.555252 0.822392 0.217479 0.799965 0.852569 0.86081 1.19552 0.423125 1.00002 0.696302 0.728684 0.425144 0.654303 0.432348 0.766686 0.300187 0.996244 0.633858 0.505822 0.281363 0.198875 0.22999 0.997529 0.217887 0.93834 0.354833 0.671874 0.31314 0.536489 0.860043 0.648976 1.02799 0.925959 0.379563 0.293277 0.990403 0.530462 0.364301 0.756264 0.392301 0.613101 0.666669 0.993268 0.621125 0.799252 0.852595 0.539503 1.10591 1.2449 1.02193 1.18692 1.05674 0.443755 0.285324 0.41125 1.04614
0.935645 1.12748 0.549945 0.618888 0.704134 0.279448 0.417467 0.897303 0.463793 0.376919 0.602358 0.622562 0.662824 0.284464 0.523697 0.651258 0.939644 0.974699 0.560696 0.50138 0.826591 0.273756 0.702852 0.938196 0.852862 1.24231 0.402093 0.917723 0.782949 0.564404 0.242351 0.70752 0.205224 0.889379 0.305349 1.06537 0.782496 0.50922 0.265515 0.345736 0.158629 0.738664 0.383504 0.81978 0.157636 0.605352 0.160501 0.531979 1.05114 0.481278 0.963982 0.693239 0.27691 0.153592 0.806181 0.357756 0.29225 0.721233 0.582038 0.568827 0.732328 0.804194 0.637293 1.00252 0.949881 0.570907 0.983386 1.08028 1.17627 0.964 1.09731 0.292427 0.31238 0.380828 1.07799
0.746936 1.02998 0.610603 0.752177 0.688386 0.220806 0.549572 1.09327 0.549903 0.469212 0.667625 0.679624 0.675225 0.320361 0.363312 0.860553 1.02614 0.904068 0.461083 0.408241 0.644028 0.28959 0.74813 0.681493 0.930825 1.14748 0.390825 0.941835 0.874514 0.754897 0.371189 0.623103 0.430951 0.980159 0.314196 1.22994 0.62089 0.646513 0.388881 0.35042 0.114171 0.917945 0.256112 0.879311 0.181372 0.567394 0.397945 0.634019 1.05185 0.404223 0.983075 0.677748 0.511699 0.337253 1.03375 0.331752 0.170783 0.742858 0.479336 0.622072 0.651503 0.901243 0.543764 0.881484 1.0373 0.467937 1.03777 1.13296 1.07553 1.03075 0.981843 0.339658 0.200861 0.27706 0.836524
0.88624 1.11366 0.432963 0.646122 0.747646 0.209881 0.325893 0.858412 0.48923 0.47489 0.52377 0.836306 0.670226 0.280351 0.323717 0.740903 1.02297 0.894965 0.595484 0.611911 0.829539 0.120252 0.779457 0.893289 0.893267 1.05922 0.301835 0.978049 0.901219 0.732266 0.280051 0.758563 0.429126 0.817095 0.335477 1.1711 0.737244 0.701418 0.524165 0.38228 0.350282 0.822138 0.22182 0.920732 0.176417 0.46972 0.134833 0.566779 0.922276 0.489711 0.959787 0.809819 0.233025 0.242035 1.06705 0.588879 0.199814 0.833191 0.540512 0.752952 0.463711 1.06267 0.445342 0.96184 0.98631 0.503477 0.910073 1.09216 0.940699 0.956631 1.19358 0.322987 0.283608 0.393382 0.815029
0.752284 1.21098 0.489169 0.660279 0.80011 0.47448 0.487987 0.957505 0.364589 0.449363 0.725963 0.713804 0.506187 0.267433 0.298351 0.691007 0.813113 1.15706 0.61466 0.507575 0.842227 0.296591 0.733885 0.722484 0.857004 1.20208 0.338441 0.9027 0.950021 0.504728 0.37627 0.814838 0.277667 1.05437 0.247193 0.968642 0.706501 0.54317 0.286143 0.277509 0.142285 0.988642 0.422314 0.802636 0.195717 0.413324 0.255373 0.615453 0.847037 0.416212 1.08808 0.665474 0.213863 0.23348 0.992657 0.564813 0.158968 0.64724 0.428457 0.769645 0.677749 0.88492 0.505164 0.994088 1.05032 0.442064 0.895036 1.09887 0.945 1.15602 1.19653 0.404876 0.30851 0.445441 1.05443
0.783899 1.16919 0.620817 0.575912 0.812634 0.422443 0.314113 0.882243 0.356555 0.464745 0.539327 0.744786 0.602969 0.38246 0.310332 0.69532 1.02026 0.950158 0.386369 0.375095 0.681495 0.0191003 0.692905 0.791932 0.893578 1.18398 0.343572 1.0632 0.833223 0.713303 0.506858 0.860773 0.383493 0.988335 0.498761 1.19938 0.499801 0.677738 0.284018 0.11393 0.170647 0.821391 0.426904 0.989573 0.264959 0.541317 0.340108 0.596335 0.863364 0.402559 1.07185 0.706961 0.466201 0.287834 1.06838 0.508988 0.343904 0.722712 0.433732 0.740111 0.635626 0.954056 0.496233 0.953465 0.869421 0.475626 0.925374 1.00697 0.993325 1.07673 1.12439 0.491903 0.074375 0.40066 1.04679
