25 75
0.312266 0.628639 0.761384 0.452252 1.26791 0.348521 0.268279 1.18273 0.399188 1.02352 0.995904 0.880567 0.612508 0.360667 0.908272 0.32774 0.25995 0.641169 0.206202 0.769244 1.06367 0.363003 0.416443 0.913955 0.587999 0.369219 0.704661 0.68146 0.196167 1.07603 0.411128 0.860336 0.805765 0.645729 0.939261 0.956641 0.39111 0.633395 0.97619 0.069666 0.220579 0.325794 1.13064 0.538771 0.304197 0.450488 0.937006 1.0139 0.547766 0.809247 1.13764 1.13888 1.05061 0.53911 0.229351 0.914165 0.156521 0.887579 0.705689 0.41341 1.07347 0.449071 0.43339 0.611382 1.20753 0.692542 0.144871 0.300807 0.540484 0.46638 0.240947 0.619141 0.459508 0.733143 0.896955
0.48948 0.629992 0.677829 0.42127 1.11123 0.252903 0.244785 1.02474 0.383988 0.920285 0.936501 0.763173 0.355825 0.252687 0.720801 0.363794 0.315456 0.795266 0.326365 0.527651 1.07287 0.316974 0.552589 0.980737 0.778439 0.286599 0.755395 0.671555 0.0940363 0.89886 0.546583 0.75886 0.843283 0.678399 1.0336 1.19388 0.616056 0.727391 1.08863 0.0499684 0.199307 0.372333 0.89717 0.546585 0.146695 0.423337 0.957532 0.996672 0.460887 1.03698 0.923209 0.928 0.962607 0.389248 0.066356 1.02489 0.135869 0.98285 0.860009 0.528088 1.05608 0.391094 0.379676 0.590666 1.12877 0.577605 0.0515231 0.386613 0.397796 0.561758 0.330522 0.698154 0.31518 0.98166 0.914669
0.241917 0.772605 0.704823 0.589441 1.13058 0.230701 0.376987 1.03737 0.547496 0.911524 0.998527 0.922107 0.568658 0.211694 0.978436 0.192929 0.237639 0.819916 0.243503 0.748211 1.00002 0.337379 0.483579 0.865595 0.651211 0.474013 0.814313 0.449946 0.301067 1.05948 0.416281 0.672931 0.901686 0.674641 1.13149 1.21397 0.457273 0.624181 0.90343 0.259404 0.262975 0.3624 1.13415 0.51634 0.182734 0.563387 0.984978 0.767471 0.582754 1.03855 1.0137 1.16524 1.08709 0.411288 0.0924438 0.948643 0.230814 0.83883 0.884451 0.473407 1.05418 0.667045 0.306524 0.656705 1.03226 0.596644 0.0975608 0.506662 0.559699 0.676111 0.355628 0.586196 0.282098 0.8223 0.984096
0.343127 0.703444 0.896485 0.521088 1.09779 0.232765 0.243375 1.12323 0.484449 1.18957 0.997405 0.695961 0.488792 0.483883 0.955993 0.287624 0.19709 0.86212 0.218489 0.729003 1.13095 0.365723 0.548711 1.02582 0.802214 0.484355 0.855429 0.688778 0.193766 0.961046 0.502407 0.772944 0.800882 0.669173 0.996226 1.18078 0.354218 0.616092 1.17362 0.0975116 0.169627 0.317672 0.926582 0.641697 0.076701 0.572094 1.00811 1.01928 0.667751 0.998373 1.1639 1.12742 1.01458 0.468086 0.23415 1.0753 0.0292085 0.882565 0.746645 0.507679 1.10368 0.665559 0.34341 0.453789 0.943632 0.662216 0.0935102 0.543371 0.348874 0.644355 0.146197 0.794892 0.352475 0.791024 0.931657
0.408151 0.720128 0.699818 0.602134 1.04121 0.118472 0.260237 1.04684 0.38263 0.918352 1.10395 0.8344 0.496959 0.428307 0.868575 0.289706 0.335822 0.927061 0.111411 0.531577 0.955186 0.233619 0.484568 0.862722 0.751001 0.495466 0.832622 0.518461 0.232891 0.922897 0.648968 0.614935 0.99373 0.47414 0.871363 0.956948 0.461408 0.703635 0.953179 0.146264 0.179701 0.129041 1.14411 0.70236 0.182422 0.533267 1.08245 0.777129 0.698497 1.01074 1.0845 0.881505 1.01585 0.493413 0.273759 0.915678 0.0482756 0.922813 0.719666 0.578765 1.07501 0.448138 0.269734 0.509914 0.990409 0.812609 0.212824 0.5089 0.453344 0.48271 0.17943 0.860985 0.192089 0.716031 1.02625
0.291408 0.736484 0.678162 0.572834 1.10019 0.270909 0.164027 1.24902 0.572155 1.18774 0.877989 0.876613 0.439997 0.45867 0.85787 0.343128 0.348959 0.774824 0.351018 0.611306 1.06686 0.138936 0.442899 0.8266 0.551329 0.40713 0.57212 0.486988 0.225793 1.09614 0.398708 0.815118 0.824197 0.598457 1.10445 0.997387 0.523501 0.769682 1.01654 0.289412 0.408855 0.124495 0.87881 0.57654 0.21719 0.366363 1.17672 0.952867 0.701261 0.86132 0.973988 1.17017 1.11023 0.670717 0.302499 1.16153 0.0191064 0.871662 0.746553 0.551588 1.11646 0.597245 0.176096 0.627231 0.948834 0.789212 0.21798 0.415499 0.397559 0.691625 0.0943586 0.862332 0.416287 0.756839 0.863813
0.286881 0.702297 0.752933 0.474589 1.15381 0.226157 0.421991 1.15904 0.401012 0.969116 0.978829 0.792688 0.441778 0.491007 0.852248 0.167046 0.301618 0.72748 0.194133 0.667401 1.10907 0.246596 0.561728 0.9491 0.797935 0.368486 0.579036 0.608049 0.040415 1.07178 0.576513 0.834197 0.949708 0.693595 1.14302 1.00367 0.55614 0.670387 0.955337 0.0740788 0.147798 0.216501 0.881124 0.651698 0.295799 0.489026 0.933009 0.871994 0.426941 0.933952 0.950507 0.990477 0.964298 0.377802 0.0722584 1.13939 0.176759 0.838896 0.80845 0.495581 0.860054 0.388461 0.235204 0.508918 1.07554 0.647501 0.156383 0.40197 0.342451 0.483823 0.206431 0.668607 0.459899 0.843982 0.904
0.482158 0.665947 0.656287 0.667404 1.1264 0.322071 0.443231 1.22883 0.4696 0.978363 0.866137 0.706078 0.369782 0.241031 0.885519 0.137249 0.278296 0.796872 0.228567 0.492351 0.970161 0.287107 0.407296 1.04756 0.628385 0.543561 0.600503 0.64916 0.282513 0.973733 0.479299 0.823217 0.871975 0.588504 1.11671 1.03323 0.39846 0.777295 1.1463 0.28689 0.300545 0.136175 1.13417 0.678299 0.231414 0.566468 0.929999 0.843042 0.589893 1.04469 0.972857 1.0894 0.931971 0.553061 0.277959 1.17619 0.270554 1.05302 0.653411 0.534909 1.03008 0.443067 0.40956 0.561746 1.10708 0.625449 0.161369 0.400834 0.50533 0.501658 0.146886 0.593893 0.240623 0.835333 0.890023
0.487509 0.738934 0.731139 0.50853 1.17374 0.24385 0.456535 1.0301 0.439349 1.19145 0.9821 0.674649 0.586268 0.256958 0.766035 0.411284 0.237213 0.765788 0.144794 0.700108 1.08859 0.127686 0.380586 0.827259 0.743119 0.474435 0.612542 0.468022 0.0270077 1.04971 0.527454 0.64552 1.01246 0.656711 1.10861 1.0691 0.382093 0.799162 1.10892 0.266684 0.278923 0.399787 1.14531 0.735235 0.296975 0.543079 0.966175 1.00312 0.657625 1.03885 1.12311 0.897231 0.981113 0.623924 0.111415 1.13292 0.256729 0.921115 0.777267 0.498293 1.08252 0.51751 0.27849 0.652263 1.07112 0.736952 0.162571 0.471378 0.344396 0.692887 0.10295 0.678188 0.201895 1.00773 0.90103
0.254877 0.645378 0.717744 0.464149 1.06615 0.379699 0.178482 1.09409 0.438469 1.02084 1.10386 0.877274 0.404447 0.42278 0.740157 0.165919 0.104575 0.679734 0.313339 0.622115 0.872764 0.258305 0.332954 0.813508 0.556243 0.271076 0.63749 0.480074 0.228338 0.959526 0.430214 0.824006 0.903466 0.453325 1.11964 1.04805 0.583767 0.813167 1.19254 0.0581376 0.338251 0.346293 1.01021 0.517739 0.135856 0.469117 0.978173 1.00411 0.54979 1.04657 0.887887 1.16536 0.964421 0.651633 0.087326 0.946101 0.302082 0.853125 0.829495 0.355529 1.04088 0.436976 0.199573 0.719351 1.23634 0.709202 0.187497 0.316313 0.451902 0.571697 0.211987 0.78726 0.340143 0.819752 0.873059
0.388418 0.886098 0.646863 0.425279 1.2233 0.102736 0.277224 1.07605 0.352219 1.01981 1.06397 0.906318 0.625196 0.282245 0.863284 0.310167 0.260374 0.892796 0.343406 0.711506 0.939239 0.197731 0.425503 0.769015 0.804969 0.323847 0.703174 0.593051 0.227255 0.907762 0.574286 0.849156 0.932416 0.610247 0.894557 1.15949 0.417742 0.845651 1.05949 0.14122 0.346749 0.147589 0.986665 0.523084 0.306678 0.64432 1.12416 0.752121 0.628675 0.869892 0.875481 1.1705 1.06064 0.397962 0.10487 1.07833 0.0400131 1.0256 0.809265 0.454846 0.99934 0.562101 0.199918 0.652223 1.11206 0.737607 0.293495 0.515005 0.37435 0.625861 0.106559 0.817381 0.259446 0.89522 0.93975
0.38633 0.691443 0.741539 0.412531 1.13498 0.0985729 0.281781 1.13385 0.579591 0.990055 0.883439 0.707866 0.567135 0.206926 0.853191 0.185553 0.299106 0.858423 0.289044 0.513048 1.06003 0.144763 0.368273 0.824587 0.61896 0.37234 0.774544 0.502925 0.0720125 1.15118 0.643648 0.884382 0.770223 0.629034 1.12995 1.03022 0.389064 0.813327 1.0505 0.313435 0.288063 0.2198 0.983023 0.515097 0.237911 0.629621 0.94718 1.02795 0.64941 1.02608 0.888129 0.893322 1.06677 0.646305 0.278651 1.18409 0.241838 1.06417 0.655959 0.407534 0.913529 0.542512 0.373665 0.672318 1.09382 0.611428 0.248398 0.522368 0.52568 0.503807 0.294423 0.670483 0.415637 0.957407 0.935796
0.439097 0.752641 0.877047 0.491254 1.18694 0.232403 0.250955 0.97076 0.328659 1.01048 0.94577 0.852983 0.393656 0.383117 0.753183 0.242805 0.3606 0.680037 0.363815 0.726926 0.946545 0.233954 0.383116 0.911555 0.535244 0.311908 0.804773 0.463069 0.0477442 0.977699 0.514275 0.859109 0.772886 0.609319 1.15077 0.98133 0.446995 0.641127 1.0062 0.0647752 0.383968 0.342847 1.1271 0.535459 0.24335 0.431807 1.18191 0.773474 0.66967 0.937539 1.05182 0.897685 1.10829 0.477327 0.0460464 1.08783 0.0966704 0.849313 0.74083 0.394526 0.909096 0.461632 0.445684 0.650795 1.02989 0.788883 0.137476 0.407918 0.551333 0.55528 0.331716 0.855179 0.233135 0.869773 1.09057
0.436624 0.79843 0.818259 0.555349 0.979019 0.387048 0.17927 0.972185 0.327221 0.919729 0.883052 0.914196 0.368778 0.238727 0.726659 0.129706 0.291022 0.666935 0.239385 0.741843 1.12899 0.260901 0.529727 0.95262 0.793597 0.50001 0.616721 0.586038 0.0625817 0.919593 0.644817 0.624109 0.968797 0.481763 1.11399 1.03042 0.521583 0.733945 0.945587 0.138485 0.293943 0.147178 0.989412 0.597671 0.123131 0.629961 0.966764 0.842986 0.589747 1.04679 0.900209 0.975401 1.04227 0.484873 0.133304 1.08202 0.0980664 1.07008 0.880978 0.393279 0.998953 0.522667 0.41228 0.696055 1.07826 0.594633 0.323478 0.329024 0.314632 0.685992 0.226375 0.607039 0.417424 0.774635 1.13679
0.387275 0.702623 0.727788 0.43213 1.02072 0.360591 0.170249 1.11542 0.584542 1.05678 0.860248 0.867274 0.590376 0.403805 0.835303 0.37212 0.356927 0.720072 0.102547 0.528369 0.974221 0.33291 0.542758 0.816898 0.78671 0.488433 0.85907 0.448236 0.166059 1.05682 0.463262 0.706291 0.890094 0.53558 0.903206 1.18674 0.559542 0.721861 0.904359 0.2972 0.157288 0.145841 1.13123 0.695526 0.152145 0.557774 0.998487 1.01672 0.667554 1.03969 0.980219 1.13347 0.900236 0.404874 0.123924 1.14545 0.245378 0.794794 0.796217 0.554156 1.04072 0.612168 0.323844 0.560684 1.03674 0.689484 0.274355 0.546069 0.556141 0.688305 0.239461 0.709183 0.377184 0.977815 0.992833
0.382473 0.812574 0.680703 0.543386 1.22645 0.122038 0.269516 1.09306 0.435171 1.13607 1.10002 0.86541 0.633174 0.436144 0.896228 0.379912 0.302987 0.760545 0.269804 0.746148 0.987574 0.104945 0.449604 1.04344 0.515837 0.519583 0.580085 0.582182 0.305362 0.935977 0.521504 0.640009 0.90523 0.615018 1.10372 1.14177 0.55863 0.67648 1.06027 0.21406 0.326418 0.382173 1.06617 0.54817 0.320214 0.414265 1.04222 1.00304 0.444177 0.992853 0.868119 0.974859 1.04733 0.466398 0.276086 1.01049 0.289906 0.923625 0.758288 0.464317 1.10719 0.633073 0.193429 0.719411 1.02924 0.584064 0.336484 0.522329 0.398325 0.638472 0.120561 0.760778 0.197348 0.933658 0.858322
0.459485 0.619517 0.821149 0.581123 1.00795 0.292228 0.261298 1.12936 0.520111 1.02209 1.1093 0.670912 0.425219 0.287571 0.918824 0.273735 0.355124 0.77957 0.206558 0.588737 0.977913 0.222633 0.553101 0.955288 0.552025 0.502264 0.66819 0.62249 0.2555 1.09849 0.662974 0.79152 1.01971 0.43803 1.00955 0.940867 0.533991 0.856682 1.18148 0.16461 0.427477 0.129515 0.928833 0.483747 0.25167 0.41649 1.02802 0.847204 0.447125 0.908338 0.964056 1.16634 0.892774 0.610502 0.16097 1.11834 0.121454 0.998748 0.848473 0.369646 0.972595 0.442757 0.209462 0.673364 1.1552 0.758848 0.299791 0.515104 0.526058 0.561286 0.151389 0.610332 0.188187 0.833823 0.944372
0.270077 0.705448 0.707605 0.613966 1.14657 0.271086 0.328405 1.08625 0.387254 1.03049 0.860011 0.809413 0.541202 0.229923 0.909732 0.321657 0.199005 0.802127 0.240998 0.639713 0.893404 0.273903 0.313336 1.04848 0.674728 0.323988 0.610455 0.67208 0.254158 0.949662 0.379484 0.735618 1.02219 0.701938 0.94949 0.972557 0.563682 0.726718 1.08645 0.131517 0.255021 0.334249 1.16172 0.516823 0.326986 0.379202 0.928368 0.987746 0.673188 0.794408 0.883174 1.03588 0.922741 0.534187 0.29808 1.07143 0.0580011 1.09122 0.788819 0.32622 1.0146 0.640248 0.201923 0.734733 1.23636 0.787232 0.282497 0.523788 0.539346 0.593863 0.131188 0.573742 0.390772 0.990567 1.11227
0.336345 0.689568 0.835537 0.653662 1.25855 0.26175 0.441311 1.16821 0.438191 0.933826 0.82899 0.943218 0.376559 0.28994 0.819646 0.309156 0.339922 0.74819 0.207571 0.718595 1.08798 0.275411 0.443312 0.985077 0.652339 0.263446 0.600315 0.65532 0.210008 0.958274 0.621338 0.849636 0.942479 0.635848 1.03716 0.947859 0.488233 0.844974 0.999173 0.100831 0.4149 0.298408 0.898632 0.580466 0.168258 0.458595 1.12445 0.763568 0.513128 0.949856 0.998995 0.945653 0.958878 0.452853 0.245832 1.00962 0.208781 1.05957 0.648575 0.459982 1.12363 0.434513 0.241924 0.694405 0.985549 0.696598 0.0751169 0.471457 0.286023 0.585587 0.12097 0.830072 0.194013 0.853555 0.93
0.464409 0.709493 0.770972 0.482654 1.01596 0.121629 0.373163 1.19509 0.495858 1.16322 0.876611 0.764456 0.368895 0.401427 0.73417 0.298357 0.32275 0.671666 0.24667 0.568382 0.953905 0.34264 0.318968 0.777562 0.532816 0.330032 0.652748 0.465559 0.183628 1.08001 0.659741 0.740066 0.922437 0.523558 1.01562 1.16905 0.403166 0.65537 0.978241 0.301614 0.258842 0.264477 1.12176 0.592125 0.284328 0.390071 0.982919 0.820115 0.460568 1.01641 1.11791 0.880888 0.913805 0.435161 0.234555 1.09829 0.259922 1.0617 0.744832 0.486999 1.1505 0.393537 0.21528 0.543085 0.988728 0.636703 0.191059 0.435874 0.575404 0.590258 0.264235 0.764778 0.216588 0.985092 0.898613
0.399722 0.674914 0.720057 0.470114 1.20321 0.358895 0.179283 1.16657 0.549221 1.08016 0.956428 0.922785 0.480503 0.406069 0.881262 0.219984 0.198987 0.779415 0.335293 0.741313 0.91976 0.232962 0.482165 0.871321 0.614956 0.546196 0.781375 0.62177 0.0243594 1.13619 0.449651 0.90362 1.04474 0.494453 0.980126 1.19437 0.420057 0.781086 1.11751 0.273537 0.17152 0.384742 1.16569 0.74621 0.155539 0.594004 1.07858 0.813533 0.490187 0.86076 1.01119 1.03929 1.04801 0.431987 0.263841 0.917472 0.171831 0.847143 0.702844 0.380862 1.12148 0.496173 0.268003 0.688552 1.06882 0.632951 0.118985 0.455612 0.531587 0.538977 0.0993311 0.609783 0.255436 0.908566 1.11313
0.460819 0.777446 0.885335 0.59485 1.17065 0.177698 0.39794 1.07029 0.55553 0.964031 1.03435 0.739021 0.489868 0.332965 0.983198 0.377461 0.369851 0.818901 0.101454 0.665024 0.955173 0.16628 0.559064 0.767394 0.61725 0.410179 0.698589 0.557791 0.202334 0.932336 0.399475 0.854811 1.05345 0.672224 0.929269 1.02259 0.590009 0.84307 0.977286 0.125939 0.323064 0.219535 1.0384 0.464911 0.341729 0.634299 0.918659 0.937954 0.667425 0.785397 1.02293 1.01655 1.12258 0.392084 0.0667103 0.951991 0.118461 0.940712 0.723622 0.577583 0.937158 0.609195 0.47075 0.504005 1.13122 0.73637 0.28537 0.262667 0.315712 0.679832 0.118859 0.661929 0.413719 0.956741 1.04711
0.40144 0.642587 0.72853 0.41029 1.09737 0.278728 0.445311 1.02793 0.489916 1.1327 0.835119 0.735615 0.614838 0.257438 0.929959 0.383827 0.0874538 0.687519 0.366672 0.504602 0.865582 0.252036 0.32786 0.768723 0.567335 0.432457 0.641391 0.58367 0.0395488 0.941881 0.536459 0.853868 0.831318 0.697546 0.947016 1.09153 0.600035 0.671046 1.16048 0.163823 0.330324 0.305495 1.08255 0.511985 0.289735 0.461861 1.00392 0.784181 0.48418 1.01186 0.893335 1.13537 0.910552 0.57437 0.340556 0.948748 0.142904 0.967607 0.785092 0.481561 1.13962 0.594514 0.231507 0.606173 1.06133 0.55668 0.198005 0.366974 0.476551 0.488768 0.19033 0.704402 0.359325 0.81832 0.882555
0.422493 0.857657 0.759561 0.464825 1.01256 0.218275 0.285671 1.03156 0.450832 1.03848 0.919876 0.856078 0.549684 0.231409 0.90151 0.1913 0.264876 0.883615 0.258204 0.751538 0.902302 0.1215 0.405825 0.985708 0.507574 0.414048 0.619991 0.453653 0.199769 1.03099 0.432262 0.712771 0.849508 0.485202 0.98894 0.974485 0.581136 0.72606 1.056 0.111131 0.296556 0.121118 0.994103 0.47775 0.299975 0.478992 0.888573 0.966212 0.692985 0.846522 1.05282 0.946901 1.17086 0.464716 0.316195 0.95623 0.105906 0.901892 0.691676 0.534723 0.910023 0.514769 0.180327 0.557728 1.0859 0.743968 0.223879 0.301024 0.480504 0.509519 0.256666 0.744244 0.279158 0.935473 1.13405
0.344688 0.823905 0.638236 0.471221 1.25024 0.170116 0.292473 1.00462 0.510117 1.11054 0.892019 0.862988 0.622816 0.330986 0.780774 0.281288 0.220223 0.877575 0.108472 0.544979 1.04671 0.344277 0.43684 0.973232 0.664106 0.39936 0.692999 0.595314 0.310188 0.91851 0.617997 0.876527 0.774965 0.572544 1.14539 1.16648 0.391451 0.713835 1.13455 0.299744 0.299563 0.221774 0.958548 0.640331 0.271215 0.399649 1.09821 0.854472 0.556947 0.796769 0.937801 1.12549 1.06443 0.644025 0.266581 0.983205 0.0839153 0.82418 0.69639 0.498468 1.09647 0.490628 0.227659 0.728566 0.985703 0.587676 0.179744 0.441808 0.34184 0.478053 0.122584 0.69657 0.269251 0.747477 1.13367
