25 75
0.312127 0.508965 0.416124 0.771938 0.798188 0.163229 0.464941 0.919724 0.707379 0.824639 0.644856 0.28406 0.384469 0.141332 1.01313 0.929802 0.408744 1.23244 0.350269 0.214257 0.848793 1.14039 0.43 1.11354 1.00177 0.911272 0.769345 0.803493 0.315134 0.630363 0.779017 0.815114 0.788909 0.79095 1.1102 0.368466 0.750721 0.844758 0.266257 1.04228 0.930835 0.301035 0.566479 0.12435 1.00359 0.27423 1.1909 0.722328 0.998525 0.435979 0.835543 0.625559 0.705912 0.192747 1.08514 0.523902 0.480153 0.384978 0.379296 0.789774 0.350628 0.64353 0.230404 0.95632 0.518559 0.937676 0.964965 0.730496 0.143368 0.179534 0.505177 0.708993 0.569304 0.471336 0.950185
0.0387379 0.507158 0.224223 0.85349 0.840296 0.305776 0.541976 1.06066 0.608371 0.83232 0.853892 0.25873 0.42664 0.169658 1.04141 0.856443 0.336528 1.11176 0.298223 0.0987217 0.814398 0.905076 0.429715 1.16031 1.10032 1.16109 0.659438 0.865807 0.541139 0.567532 1.01368 0.80888 0.867996 0.757643 1.13467 0.546162 0.765812 0.892869 0.316529 1.06355 0.836797 0.510667 0.477005 0.324714 0.813811 0.302829 1.25731 0.461762 0.920749 0.5016 0.836326 0.609043 0.606792 0.386853 1.01273 0.446681 0.345945 0.442651 0.596349 0.761355 0.329038 0.546251 0.0724037 0.946548 0.49161 0.846077 0.89924 0.552006 0.200302 0.345202 0.709079 0.892409 0.525208 0.33799 0.929815
0.0979466 0.297926 0.279975 0.907303 0.806779 0.25768 0.562463 0.968292 0.821823 0.651434 0.824157 0.472385 0.412223 0.153148 1.04173 1.00444 0.198698 1.14769 0.385545 0.100587 1.09249 1.06313 0.384342 1.23678 0.964502 1.04255 0.72671 0.875131 0.512269 0.698847 0.916246 0.959953 0.802214 0.785436 1.11377 0.503299 0.699788 0.977566 0.326583 1.12271 1.0295 0.504963 0.683979 0.0351419 0.813827 0.031974 1.16866 0.526116 0.823581 0.407857 0.967554 0.790301 0.800653 0.290425 1.17304 0.268625 0.473863 0.422654 0.518589 0.756547 0.205782 0.533702 0.182328 0.946616 0.243566 0.787603 0.861626 0.587786 0.0835609 0.193513 0.684053 0.647394 0.74697 0.246734 0.774532
0.109435 0.468099 0.40564 0.947839 0.982514 0.169179 0.534492 0.962384 0.680027 0.791642 0.680472 0.444341 0.41252 0.334923 0.904762 0.854183 0.109822 1.15354 0.315283 0.314981 0.855099 0.939211 0.393193 1.08611 1.03258 1.13465 0.690657 0.927895 0.42849 0.59572 0.774015 0.786608 0.66399 0.937097 1.08107 0.335783 0.718247 0.84857 0.0681585 1.26493 0.829687 0.315305 0.649003 0.0970735 0.994109 0.0800261 1.12882 0.57845 1.03423 0.506507 0.774312 0.551988 0.820549 0.242656 1.00846 0.399809 0.48233 0.398506 0.424932 0.93794 0.358554 0.787572 0.224748 0.939707 0.514516 0.768426 0.894331 0.692959 0.0676855 0.117804 0.492471 0.655411 0.819232 0.283768 0.901463
0.228494 0.356586 0.392168 0.844692 0.962561 0.199203 0.582648 0.946754 0.722462 0.602002 0.71833 0.294002 0.628026 0.330788 1.05505 1.11717 0.24194 1.01168 0.432451 0.229315 1.08572 1.06317 0.198314 1.2325 1.18812 0.93482 0.824017 0.812277 0.322498 0.547611 0.823149 0.907624 0.67633 1.04863 1.05497 0.417998 0.785046 0.745066 0.342395 1.1976 0.898855 0.309 0.648736 0.243732 0.737317 0.0514299 0.989573 0.617271 1.02641 0.221684 0.949286 0.584374 0.801809 0.384805 1.06825 0.453427 0.287769 0.446591 0.446949 0.901764 0.299605 0.564731 0.12442 1.12227 0.293827 0.975076 0.752622 0.757968 0.210317 0.367234 0.671798 0.803008 0.790174 0.491377 1.00464
0.235802 0.297621 0.478862 0.946761 0.806747 0.202002 0.531702 0.966442 0.597535 0.661468 0.695661 0.40698 0.466167 0.373116 0.887469 0.899236 0.353502 1.1419 0.304677 0.23008 1.01211 1.08228 0.203907 1.15434 1.21817 1.11308 0.729712 0.906038 0.346469 0.488174 0.922485 0.708968 0.62093 0.957221 1.2555 0.517576 0.775357 0.938566 0.322801 1.27325 0.958365 0.315145 0.721979 0.234893 0.998672 0.0450191 1.14882 0.537811 0.941944 0.378444 0.770768 0.760674 0.685872 0.140209 1.15157 0.365961 0.434759 0.482501 0.452888 0.862489 0.236387 0.693722 0.302849 0.846895 0.397666 0.798453 0.748734 0.691641 0.173595 0.366539 0.512636 0.752034 0.802978 0.357776 0.783391
0.289649 0.480513 0.23504 0.737519 0.866402 0.283259 0.575606 1.08344 0.637369 0.773271 0.645753 0.470101 0.355256 0.244954 0.86459 1.00421 0.289624 1.06153 0.398303 0.0577033 0.866124 1.10292 0.222046 1.14579 1.13296 0.922736 0.677394 0.750657 0.496443 0.479028 0.920247 0.956066 0.626117 0.979121 1.27366 0.299789 0.862832 0.778198 0.158798 1.03002 0.911983 0.460205 0.603894 0.270086 0.837287 0.118501 1.14757 0.745842 1.02554 0.411975 0.881405 0.542553 0.772892 0.329887 0.92011 0.273908 0.293657 0.45039 0.487435 0.926198 0.263435 0.637857 0.285993 0.975435 0.284713 0.787001 0.819872 0.482376 0.328067 0.0852798 0.695838 0.690541 0.656445 0.407224 1.00925
0.210896 0.394117 0.320866 0.995776 0.770858 0.278064 0.375934 0.972383 0.68472 0.708685 0.786176 0.361793 0.359957 0.135365 0.78763 0.918069 0.172741 1.09693 0.411876 0.251578 1.01959 1.08779 0.437646 1.05068 0.961462 0.956483 0.683771 0.878888 0.592905 0.596066 0.757798 0.944992 0.868304 0.856785 1.03688 0.455616 0.93407 0.781921 0.138539 1.1879 1.01223 0.418715 0.492636 0.0748472 0.773546 0.194296 1.13625 0.646942 1.00463 0.273224 0.807856 0.555176 0.705473 0.351091 1.14147 0.408822 0.370944 0.579623 0.486869 0.851139 0.368015 0.543623 0.0177863 1.05675 0.497784 0.95302 0.892275 0.60304 0.124172 0.376899 0.696242 0.663635 0.577203 0.448792 0.871241
0.146657 0.498122 0.213975 0.992395 0.937357 0.309039 0.539206 1.02105 0.599044 0.798237 0.617811 0.283957 0.509233 0.266627 1.03023 0.973759 0.21353 1.15094 0.394934 0.205899 0.876513 1.09122 0.33631 1.20601 1.19767 1.13851 0.822682 0.797226 0.378148 0.570036 0.974046 0.881981 0.789593 0.950705 1.07544 0.539562 0.900699 0.754672 0.309667 1.06344 0.973026 0.423474 0.653981 0.171266 0.972966 0.0730071 1.17574 0.595446 0.897736 0.451384 0.987072 0.792885 0.709863 0.125229 1.15994 0.320997 0.442818 0.438042 0.431137 0.748932 0.338949 0.646157 0.214252 1.0436 0.351431 0.921688 0.745455 0.751726 0.136034 0.236852 0.743065 0.915399 0.568438 0.247283 0.977905
0.265432 0.414157 0.314485 0.796377 0.847162 0.295589 0.611385 1.05332 0.634867 0.786695 0.761075 0.377469 0.464085 0.143663 0.961955 1.01683 0.158893 1.23124 0.469492 0.0786888 0.813095 0.994809 0.414569 1.0758 1.23928 1.05921 0.643788 0.741162 0.58103 0.663422 0.879857 0.716311 0.855677 0.892951 1.22315 0.355378 0.772319 0.991776 0.207334 1.21741 0.873316 0.508631 0.729814 0.153584 0.865617 0.195099 1.06701 0.502117 0.881193 0.297645 0.855423 0.679132 0.664994 0.105705 1.15606 0.323054 0.304597 0.547746 0.527947 0.711856 0.0958344 0.718978 0.298204 1.11078 0.326407 0.717454 0.872485 0.538133 0.282477 0.339704 0.548026 0.885151 0.780716 0.513414 0.814119
0.0379479 0.534138 0.436872 0.729128 1.00348 0.179149 0.666261 0.864117 0.691415 0.802054 0.696997 0.302398 0.492096 0.382729 0.894358 1.02443 0.223979 1.05452 0.578455 0.246217 0.837223 1.01169 0.192019 1.23737 1.00841 1.00432 0.704227 0.771116 0.358479 0.602513 0.941316 0.861114 0.616285 0.968624 1.10626 0.515292 0.847219 0.719406 0.344289 1.01949 1.07555 0.338906 0.653307 0.0843996 0.785597 0.0579562 0.979342 0.659718 1.04773 0.311895 1.02204 0.736197 0.780476 0.198405 1.19732 0.503562 0.477361 0.624321 0.475571 0.74868 0.341959 0.656755 0.261402 1.12464 0.48294 0.987142 0.766056 0.582819 0.144856 0.252038 0.53302 0.870299 0.654101 0.46582 0.803334
0.0326869 0.31574 0.312535 0.90061 0.985554 0.172688 0.599506 0.99589 0.886768 0.749166 0.615749 0.447005 0.441366 0.3135 0.851462 0.878738 0.129022 1.15233 0.383925 0.0283125 0.967037 1.09562 0.448979 1.15148 1.21154 0.990383 0.549219 0.752694 0.571514 0.419867 0.743078 0.943213 0.626159 0.829322 1.26187 0.588618 0.789653 0.839295 0.145257 0.991645 0.894367 0.32042 0.500173 0.279444 0.837207 0.285025 0.985232 0.70836 0.819708 0.398226 0.9259 0.719037 0.816562 0.158168 0.977302 0.368157 0.290447 0.608859 0.327808 0.72108 0.288255 0.616963 0.0922066 1.10884 0.342833 0.916374 0.830015 0.49158 0.303103 0.177128 0.691425 0.848455 0.796893 0.430393 0.863161
0.209443 0.394749 0.372782 0.801447 0.898612 0.320995 0.612357 1.03848 0.867596 0.792043 0.840914 0.408017 0.429196 0.253396 0.860775 1.04996 0.284865 1.15324 0.53047 0.21771 0.893326 1.12483 0.334897 0.994805 1.05733 0.982871 0.576741 0.898286 0.48285 0.613147 0.920808 0.906139 0.820124 0.902078 1.28851 0.383274 0.752957 0.881346 0.167421 1.13422 1.06971 0.487996 0.679672 0.103101 0.998938 0.152546 1.1294 0.643238 1.01459 0.219625 0.740662 0.714616 0.756893 0.215755 1.19508 0.460764 0.49309 0.491208 0.465251 0.663207 0.180982 0.612692 0.105413 0.875071 0.406698 0.80356 0.938672 0.661851 0.307039 0.335635 0.508719 0.802206 0.653417 0.366554 0.72443
0.109665 0.512403 0.353701 0.908911 0.773654 0.154269 0.539539 1.13026 0.605597 0.6008 0.839612 0.210849 0.521255 0.126669 0.781758 1.03581 0.174405 1.16412 0.404854 0.138554 1.0756 1.13211 0.400331 1.25325 1.17585 1.02412 0.611714 0.772972 0.5527 0.479627 0.940358 0.80544 0.648596 0.804411 1.24393 0.432246 0.979804 0.959273 0.0758019 1.09829 0.897336 0.553754 0.528202 0.120978 0.973519 0.217957 1.21039 0.523115 1.02902 0.372009 0.952963 0.596406 0.775387 0.239434 1.19086 0.460097 0.425948 0.420522 0.385517 0.88961 0.0999091 0.771599 0.171357 0.966189 0.260493 0.808005 0.965227 0.508251 0.1241 0.282816 0.483136 0.758324 0.7909 0.34356 0.896764
0.251188 0.520655 0.212287 0.745967 0.894439 0.286978 0.494345 0.978284 0.661908 0.587775 0.564372 0.314011 0.498077 0.195053 1.00008 1.1306 0.214817 1.18001 0.292514 0.044989 1.09487 0.936891 0.276966 1.05341 1.10252 1.17946 0.657974 0.836279 0.472311 0.49131 0.982205 0.894594 0.732616 0.910102 1.12573 0.439423 0.695291 0.775299 0.268631 1.1439 0.995855 0.476966 0.484128 0.263152 1.01328 0.11886 1.17962 0.523138 0.907942 0.261076 0.951157 0.557023 0.671871 0.196659 1.04032 0.408377 0.279664 0.435676 0.517156 0.928278 0.125919 0.626289 0.202956 0.914622 0.345792 0.920564 0.864273 0.605758 0.14567 0.152978 0.619342 0.867124 0.538424 0.316927 0.830491
0.109827 0.440125 0.361712 0.902613 0.751108 0.410016 0.561759 0.992403 0.726048 0.736732 0.646601 0.249396 0.624067 0.313583 0.784162 1.03535 0.244773 1.22775 0.483331 0.327068 0.916038 1.09557 0.27431 0.975835 1.03742 1.04025 0.559424 1.01707 0.478609 0.478217 0.930174 0.972346 0.690461 0.863476 1.00853 0.355079 0.892445 0.89944 0.301982 1.04816 0.884865 0.531451 0.483759 0.205387 0.960166 0.2795 1.09796 0.51917 0.786158 0.365908 1.0218 0.652984 0.708437 0.167095 1.03342 0.306691 0.280732 0.415729 0.409266 0.806853 0.33843 0.551923 0.0518935 1.03265 0.340429 0.785227 0.908096 0.655604 0.171127 0.344138 0.537578 0.738343 0.68346 0.23609 0.770712
0.180044 0.489759 0.338579 0.894411 0.729767 0.332956 0.624731 0.853468 0.797772 0.725094 0.701229 0.208753 0.473024 0.126312 0.946331 0.95112 0.125911 1.09673 0.320626 0.219106 0.979328 0.961791 0.196164 1.092 1.17623 0.993003 0.583825 0.911963 0.460907 0.432562 0.928516 0.963368 0.818248 0.892737 1.24037 0.300352 0.911706 0.729718 0.347749 1.13268 1.01545 0.58789 0.531649 0.104177 0.794443 0.160182 1.25189 0.468229 0.92642 0.299276 0.891262 0.765775 0.774627 0.386608 0.942362 0.415375 0.463397 0.496967 0.535932 0.913439 0.264861 0.654743 0.101991 1.10956 0.488981 0.73427 0.854276 0.54592 0.13768 0.279686 0.527054 0.850431 0.607528 0.300402 0.991338
0.189663 0.447164 0.350762 0.826401 0.861777 0.337729 0.440731 1.10781 0.703768 0.574305 0.61222 0.292761 0.370385 0.151018 0.96814 0.876704 0.235211 1.16369 0.443514 0.322603 0.93809 0.983557 0.237558 1.2204 0.975409 1.03605 0.833304 0.752647 0.458564 0.429121 0.908705 0.953853 0.750878 1.00728 1.08687 0.529626 0.776318 0.784035 0.232937 1.21254 1.05657 0.381293 0.73251 0.0781362 0.835821 0.307422 1.21044 0.562034 0.840371 0.437395 0.950783 0.583744 0.829445 0.30428 1.18587 0.256492 0.457386 0.659508 0.478346 0.796766 0.300205 0.622174 0.0979987 1.13838 0.409261 0.981474 0.676378 0.590409 0.2438 0.263872 0.588238 0.906447 0.660375 0.456276 0.718394
0.289476 0.554359 0.392964 0.771057 0.925781 0.216647 0.601769 0.940124 0.875008 0.77873 0.842924 0.425214 0.543041 0.388388 0.86532 1.00578 0.387653 1.1449 0.408608 0.0487375 1.00538 0.922958 0.413345 1.17516 1.11798 0.924439 0.705087 0.797028 0.304148 0.413967 0.968048 0.840843 0.703324 0.75956 1.24345 0.491069 0.698704 0.937057 0.0749497 1.24712 0.807705 0.538433 0.726194 0.250083 0.853697 0.0995913 1.13176 0.539592 1.02809 0.306243 0.761403 0.775178 0.666415 0.216232 1.02941 0.329454 0.270032 0.553667 0.473408 0.793077 0.208128 0.672112 0.13164 0.92951 0.27525 0.763648 0.755194 0.598274 0.0961058 0.28511 0.694342 0.921704 0.626811 0.30305 0.88252
0.241354 0.279727 0.467895 0.807561 0.909152 0.192858 0.635836 0.909802 0.795487 0.779004 0.706496 0.452676 0.588822 0.37763 1.02445 0.860618 0.264551 1.16063 0.53685 0.209489 0.99116 0.991996 0.471934 1.03393 1.01872 0.928373 0.664549 0.852249 0.526885 0.55434 0.997672 0.895025 0.696752 1.0128 1.07386 0.346963 0.877269 0.749759 0.253502 1.13883 0.946341 0.488614 0.703333 0.0881165 0.944624 0.296531 1.15998 0.588515 1.07971 0.295316 0.905671 0.697574 0.693112 0.146813 1.09948 0.517553 0.237618 0.459342 0.470379 0.851536 0.254086 0.681093 0.169152 0.993259 0.306735 0.926596 0.691252 0.480756 0.186684 0.320006 0.586404 0.799703 0.6119 0.4007 0.996095
0.212093 0.33384 0.389304 0.861026 0.998224 0.229066 0.53022 1.12258 0.606185 0.568706 0.843287 0.252949 0.529374 0.186756 0.878639 1.07447 0.247018 1.18638 0.382702 0.224206 0.829631 1.12127 0.475428 1.21429 1.05413 1.08112 0.789608 0.795564 0.508325 0.583525 0.932246 0.936634 0.782731 0.985623 1.28086 0.524776 0.756165 0.839692 0.115181 1.21686 0.894748 0.397367 0.641536 0.104123 0.75642 0.190913 1.18313 0.452033 0.818749 0.450201 0.813813 0.542794 0.850194 0.325772 1.06662 0.491002 0.295727 0.645076 0.6003 0.950392 0.116108 0.540849 0.034304 1.0922 0.332553 0.934323 0.789388 0.631991 0.319049 0.115268 0.620296 0.688379 0.752871 0.301682 0.828501
0.309559 0.315803 0.294358 0.87938 0.950697 0.368034 0.588354 0.848092 0.797989 0.584219 0.812337 0.435554 0.477489 0.214728 0.931993 0.987909 0.325035 1.0914 0.319987 0.161807 0.99949 0.97324 0.428048 1.09441 1.0176 1.14376 0.581175 0.946439 0.342218 0.632891 0.934325 0.840008 0.644007 1.03752 1.02285 0.388129 0.84157 0.794948 0.208631 1.25634 0.797652 0.390885 0.620962 0.167496 0.765457 0.21391 1.08606 0.463121 0.860044 0.496931 0.759403 0.692581 0.856013 0.240691 1.00018 0.391836 0.276118 0.555839 0.475347 0.813106 0.152658 0.548942 0.291505 0.941863 0.525844 0.817703 0.959194 0.629217 0.0627674 0.264927 0.588073 0.800757 0.573393 0.494276 0.868903
0.249193 0.443311 0.402284 0.950657 0.891243 0.293135 0.599143 1.10946 0.79782 0.74573 0.751927 0.391188 0.61092 0.357583 0.777994 0.933302 0.198186 1.24136 0.545207 0.202192 0.889833 0.925717 0.433625 1.1928 1.07142 1.14468 0.728768 0.823127 0.317799 0.46426 0.903114 0.938892 0.717027 0.770697 1.151 0.52455 0.810563 0.768181 0.16163 1.26901 0.981323 0.357869 0.699674 0.274826 0.820729 0.0832458 1.24129 0.511333 0.827993 0.477846 0.967236 0.68303 0.674584 0.314713 1.04195 0.499053 0.513612 0.431387 0.56592 0.937869 0.22528 0.537369 0.0550122 1.03935 0.496058 0.769327 0.785189 0.622425 0.160806 0.298588 0.512734 0.868621 0.706652 0.514669 0.919679
0.140019 0.281446 0.207144 0.809638 0.95059 0.17341 0.647009 0.879862 0.880616 0.836078 0.854897 0.451717 0.579668 0.197404 1.04007 0.911907 0.328911 1.24995 0.484905 0.0570433 0.89284 0.960067 0.316462 0.960868 0.958441 1.18933 0.716856 0.911851 0.407666 0.670726 0.873912 0.708533 0.800218 0.836091 1.1863 0.317146 0.768051 0.882189 0.217576 1.25931 0.961362 0.509375 0.612332 0.179729 0.757229 0.250856 1.08991 0.704987 0.984877 0.316052 1.03634 0.7308 0.765925 0.324199 1.11856 0.51318 0.525482 0.586573 0.424684 0.733843 0.331899 0.718104 0.194085 1.11575 0.310986 0.768133 0.929764 0.655317 0.280808 0.0880378 0.61517 0.699955 0.565063 0.396535 0.725962
0.282718 0.519504 0.223362 0.808132 0.84238 0.387659 0.629897 1.10055 0.700591 0.708164 0.843165 0.397194 0.452473 0.214161 0.907687 0.855257 0.306658 0.981494 0.526572 0.279136 1.06382 0.959817 0.220806 1.09784 1.22604 1.04072 0.638538 0.908448 0.304291 0.562676 1.02882 0.743188 0.739746 0.766871 1.26707 0.499541 0.955263 0.977865 0.0580225 1.10572 1.03899 0.347944 0.522408 0.0444034 0.883493 0.0758294 1.08668 0.641896 0.868765 0.42259 0.966988 0.720869 0.783479 0.183185 0.988715 0.304184 0.480904 0.492819 0.595707 0.823299 0.301409 0.570554 0.0921985 1.03419 0.324381 0.907718 0.863805 0.614188 0.0689956 0.211831 0.583089 0.859179 0.761861 0.356933 0.836517
