25 75
0.765974 0.459458 0.513885 0.568373 0.448779 0.356719 0.498889 0.903266 0.593336 0.378512 1.14028 0.504686 1.00679 1.19499 0.389048 0.405499 0.755516 0.91145 0.847997 0.477777 0.691231 0.41879 0.112752 0.225823 0.600959 0.65986 0.954163 0.511498 0.410274 0.661026 0.357482 0.333885 0.699236 0.497349 0.867347 0.555494 0.21145 1.15632 1.08553 0.887863 0.540031 1.04089 0.693466 0.860548 0.615319 0.89993 0.491281 0.991107 0.76054 0.677784 0.70344 0.713505 0.530924 0.66357 0.337098 0.70459 0.908187 0.881781 0.0562955 0.682016 0.466672 0.336161 0.536312 0.881447 0.0975125 0.443119 0.283418 0.423449 0.159378 0.868968 0.117679 0.764545 0.697979 0.479856 0.635927
0.770506 0.441851 0.763251 0.639551 0.530845 0.299224 0.439375 1.02163 0.735571 0.468814 1.02302 0.459187 0.828596 1.09187 0.444129 0.377804 0.781594 0.957668 0.783096 0.485406 0.622168 0.375763 0.138389 0.323961 0.518498 0.594628 1.13824 0.401293 0.179583 0.516828 0.453972 0.361491 0.589592 0.530061 1.01824 0.668712 0.331829 1.09969 1.04356 0.863957 0.658355 1.17689 0.6451 0.972991 0.469331 0.985447 0.500223 0.952716 0.74253 0.465869 0.824763 0.566884 0.614823 0.739858 0.325283 0.780635 1.11708 0.860469 0.269685 0.797483 0.711862 0.0941221 0.416899 1.09031 0.150993 0.419904 0.324407 0.319012 0.337112 0.682846 0.373385 0.605547 0.518634 0.415749 0.602261
0.808365 0.418175 0.665111 0.469103 0.575861 0.398251 0.54089 0.928061 0.581034 0.531945 0.8445 0.39348 0.849193 1.07006 0.284596 0.416487 0.969494 0.95632 0.718673 0.403156 0.507201 0.492416 0.0971221 0.26543 0.331244 0.706355 1.08709 0.476384 0.14389 0.607982 0.452526 0.405343 0.620146 0.542745 0.930615 0.603697 0.157648 1.22772 1.04171 0.819299 0.424962 0.946495 0.474865 0.748771 0.420063 0.991123 0.672208 0.820775 0.897465 0.689385 0.64172 0.827935 0.552082 0.521116 0.559723 0.727498 1.16025 0.95813 0.324792 0.720417 0.483113 0.216681 0.425667 0.870004 0.204648 0.484999 0.316284 0.553675 0.239207 0.960054 0.224774 0.670074 0.725397 0.512639 0.456412
0.824867 0.418107 0.559572 0.483099 0.535333 0.334726 0.444321 0.982345 0.701864 0.329176 1.10065 0.359139 0.971419 0.900973 0.509492 0.502044 0.696722 0.825727 0.753772 0.431961 0.748094 0.265022 0.31896 0.11464 0.541276 0.470211 0.996361 0.534331 0.370743 0.449801 0.335085 0.352956 0.523223 0.558639 0.896578 0.682682 0.452247 1.02161 0.98627 0.798443 0.551757 0.958951 0.409893 0.837849 0.573239 0.959309 0.487545 0.789401 0.764789 0.515252 0.819626 0.853929 0.761768 0.740935 0.530392 0.911338 0.872721 0.716259 0.2511 0.614569 0.723865 0.193371 0.250212 0.899851 0.04682 0.553445 0.288926 0.358343 0.214023 0.738838 0.257635 0.752772 0.612703 0.515171 0.623998
0.701061 0.423974 0.622223 0.410069 0.678557 0.381266 0.522671 1.10176 0.512064 0.292266 1.08893 0.600077 0.798494 1.02706 0.255122 0.285986 0.812959 0.970585 0.794111 0.474402 0.643978 0.398363 0.205166 0.100778 0.47637 0.536325 1.15167 0.271167 0.360863 0.411584 0.408681 0.216259 0.638658 0.484066 0.984992 0.624226 0.454689 1.10787 0.891331 0.853517 0.592474 1.11254 0.575786 0.92135 0.38227 1.06441 0.719352 0.904728 0.733272 0.497954 0.831018 0.796075 0.696353 0.668094 0.334316 0.763328 0.917824 0.933272 0.168876 0.897203 0.562733 0.175603 0.392062 0.858674 0.0800607 0.549139 0.202377 0.461098 0.259993 0.82644 0.315812 0.715267 0.582242 0.404665 0.514122
0.83976 0.523011 0.751191 0.587063 0.455861 0.350957 0.488407 1.05217 0.586157 0.464459 1.10254 0.382618 0.977985 1.02598 0.261046 0.553064 0.7979 0.781547 0.798381 0.541908 0.59292 0.310182 0.223478 0.109565 0.5008 0.484458 1.08807 0.32693 0.229149 0.534223 0.439141 0.448517 0.656093 0.609944 1.00399 0.70981 0.37735 1.15227 0.978749 0.784013 0.608314 1.21614 0.495197 0.814183 0.572698 0.97348 0.659088 0.947954 0.636872 0.621078 0.56812 0.644769 0.566083 0.522434 0.458465 0.773735 1.08686 0.896255 0.096179 0.671445 0.531895 0.293949 0.406125 0.914771 0.14932 0.398291 0.224665 0.375707 0.295446 0.747448 0.385242 0.533917 0.591987 0.387241 0.573994
0.712949 0.613028 0.672752 0.544861 0.518211 0.23068 0.621809 0.971025 0.451253 0.49739 0.907428 0.492087 0.924341 0.985649 0.328413 0.485022 0.89504 0.783295 0.641537 0.365961 0.63822 0.314836 0.207423 0.298961 0.36342 0.56379 0.90305 0.256967 0.141137 0.685639 0.335762 0.367576 0.482003 0.476134 0.925864 0.658008 0.433947 1.24986 1.04871 0.795808 0.462897 0.980265 0.615146 0.753046 0.421514 1.09327 0.659687 0.959139 0.86463 0.475555 0.735448 0.674805 0.666591 0.734572 0.523353 0.709709 0.970403 0.811568 0.292448 0.742805 0.620309 0.0937942 0.378406 1.07866 0.0256842 0.620548 0.259304 0.405658 0.405398 0.704751 0.252487 0.74552 0.608714 0.454064 0.507428
0.738339 0.674582 0.487558 0.640052 0.652928 0.281178 0.717964 0.953281 0.661806 0.295037 1.12402 0.450744 0.961717 0.900817 0.496219 0.374261 0.726486 0.972321 0.631199 0.395068 0.643343 0.502048 0.176064 0.254824 0.420217 0.468072 1.12488 0.26345 0.180138 0.537635 0.322877 0.412494 0.607067 0.651896 0.876233 0.738678 0.437382 1.00361 1.13128 0.710277 0.449341 1.11875 0.489327 0.848465 0.364863 0.902394 0.545807 0.891862 0.794175 0.713325 0.605445 0.709478 0.762486 0.5596 0.469146 0.696369 0.910504 0.956657 0.075193 0.768353 0.567739 0.108558 0.465555 1.01136 0.0733311 0.608693 0.161741 0.365838 0.157508 0.693644 0.40172 0.625404 0.650488 0.311953 0.490029
0.929454 0.449135 0.527441 0.690974 0.6049 0.291718 0.548622 1.08412 0.713838 0.362054 1.04522 0.518857 1.05385 0.969501 0.434662 0.417576 0.939027 1.01316 0.681918 0.440859 0.64678 0.342179 0.362393 0.347078 0.393485 0.479674 1.09962 0.298715 0.33314 0.433193 0.347148 0.480176 0.724308 0.552193 1.11838 0.643477 0.424805 1.16395 0.86635 0.833858 0.604203 1.0722 0.488599 0.954242 0.488388 0.905596 0.509627 1.06608 0.795159 0.719207 0.823433 0.636443 0.578284 0.551195 0.457028 0.701344 1.08019 0.699565 0.133156 0.668839 0.461689 0.293715 0.487178 0.867142 0.259041 0.360663 0.0916117 0.368069 0.241563 0.790556 0.164707 0.563165 0.565441 0.547246 0.607752
0.876719 0.524693 0.518801 0.585133 0.600417 0.202435 0.685563 1.05417 0.649916 0.442145 1.02345 0.447162 0.964741 1.17795 0.301366 0.388434 0.717982 0.831247 0.756874 0.368489 0.565106 0.538278 0.386824 0.378144 0.347075 0.701218 0.958049 0.407776 0.353381 0.611843 0.341883 0.184985 0.671816 0.599925 0.89078 0.774982 0.372493 1.06582 1.05331 0.702023 0.477135 1.0065 0.539654 0.871569 0.598809 0.933481 0.638701 1.045 0.840828 0.651323 0.660407 0.720539 0.697642 0.529154 0.520986 0.880752 1.11084 0.813137 0.167534 0.87733 0.543519 0.259108 0.489043 0.989473 0.251434 0.509064 0.119153 0.351214 0.298856 0.90966 0.324554 0.613848 0.503325 0.328362 0.479333
0.840265 0.56036 0.599896 0.593266 0.529995 0.258969 0.664544 0.876188 0.552242 0.43793 1.13592 0.552988 1.05135 1.1926 0.247707 0.30342 0.849682 0.984989 0.749163 0.560809 0.511172 0.472484 0.0963008 0.194724 0.51849 0.715896 1.18311 0.543487 0.36985 0.621143 0.570478 0.219608 0.567431 0.679214 0.898691 0.704555 0.404603 1.18446 1.08658 0.915711 0.470794 1.06556 0.521433 0.874379 0.569116 1.14831 0.519962 0.85355 0.756883 0.728849 0.76247 0.640337 0.718629 0.541907 0.340955 0.91287 1.0792 0.912542 0.204009 0.629433 0.505867 0.160249 0.393629 1.09683 0.107241 0.352486 0.21493 0.279668 0.370568 0.738289 0.260291 0.705101 0.536303 0.470736 0.415601
0.797732 0.689666 0.503342 0.464631 0.507558 0.196511 0.549826 0.888921 0.623598 0.387478 0.966158 0.485982 1.01182 0.962395 0.274843 0.484611 0.754844 0.795284 0.600509 0.352679 0.710924 0.28652 0.366182 0.27452 0.522003 0.438444 0.934895 0.30291 0.361219 0.631124 0.390172 0.391279 0.708369 0.51734 0.829122 0.620125 0.284379 1.16237 0.922894 0.740595 0.47927 0.952731 0.443909 0.74808 0.472022 0.899441 0.762579 0.826669 0.811729 0.444929 0.624088 0.837889 0.636146 0.673092 0.296526 0.707322 1.12796 0.800132 0.0556597 0.863122 0.501459 0.197707 0.489237 1.1068 0.138342 0.629413 0.0637863 0.399794 0.178089 0.737575 0.254475 0.714836 0.569091 0.361389 0.408206
0.841322 0.626595 0.753748 0.671679 0.513796 0.233373 0.655954 0.89359 0.692178 0.349723 0.923767 0.446055 0.920864 0.944292 0.328521 0.471701 0.758798 0.796225 0.633191 0.576036 0.51295 0.513507 0.322955 0.123386 0.523586 0.68503 1.1938 0.402654 0.369191 0.692289 0.446539 0.260833 0.498701 0.674802 0.83554 0.792171 0.405149 1.10687 0.941247 0.99609 0.548351 0.958753 0.627165 0.931846 0.494574 1.00811 0.567565 1.0357 0.853576 0.699539 0.603495 0.747078 0.538764 0.513691 0.541206 0.937748 1.14436 0.685053 0.18247 0.707892 0.580495 0.160264 0.447178 0.996056 0.0194834 0.453919 0.286151 0.362397 0.242287 0.735362 0.324763 0.664945 0.599023 0.400588 0.621461
0.932797 0.44046 0.709698 0.509062 0.626396 0.185463 0.623693 1.11749 0.510817 0.483508 1.07507 0.54894 0.999403 1.18012 0.280767 0.523261 0.700649 0.833807 0.722401 0.44595 0.700561 0.273819 0.176432 0.178492 0.601479 0.456285 1.12688 0.548247 0.427133 0.419062 0.435721 0.208534 0.497957 0.733253 1.05855 0.568233 0.209304 1.13325 0.90842 0.720242 0.470161 1.20937 0.593055 0.829794 0.54714 1.1238 0.599909 0.892733 0.914492 0.600634 0.831652 0.820203 0.565509 0.679291 0.585254 0.923533 1.09522 0.922983 0.311025 0.898049 0.612951 0.0995681 0.333166 1.0997 0.284199 0.621673 0.248036 0.380698 0.405189 0.765799 0.163063 0.650628 0.73235 0.331788 0.512226
0.769616 0.639647 0.688004 0.408488 0.490495 0.40037 0.640468 0.944497 0.462401 0.348981 0.990895 0.614862 0.821649 0.952271 0.248905 0.352603 0.948848 1.05332 0.82833 0.577122 0.67431 0.253882 0.152343 0.105463 0.493172 0.492126 1.0047 0.26345 0.290602 0.570895 0.533302 0.355574 0.706798 0.500769 1.09688 0.815531 0.305216 1.05179 0.965554 0.839922 0.518338 1.02194 0.627934 0.904102 0.554146 1.13601 0.74807 0.829462 0.750941 0.644105 0.688922 0.841287 0.660345 0.666825 0.471786 0.766122 1.13834 0.824652 0.19238 0.640843 0.515191 0.283244 0.237402 0.991838 0.153356 0.450589 0.0307257 0.38708 0.348392 0.943147 0.202458 0.815462 0.74164 0.310949 0.652756
0.941957 0.660833 0.774177 0.61669 0.626945 0.266019 0.704742 0.889884 0.565632 0.504977 1.0693 0.367175 0.862709 1.00935 0.285759 0.410102 0.770081 0.985758 0.788735 0.337598 0.760459 0.400706 0.337168 0.25818 0.451217 0.464213 1.17839 0.546786 0.324251 0.685225 0.480057 0.419494 0.668742 0.590627 0.911432 0.687364 0.192246 1.13065 1.12005 0.776552 0.396097 0.966645 0.679778 0.901446 0.546427 1.03653 0.61848 1.01628 0.874525 0.510585 0.743382 0.729321 0.530482 0.484233 0.453173 0.957751 0.872986 0.71478 0.26408 0.788595 0.728804 0.196614 0.413552 0.873039 0.215501 0.498043 0.0348003 0.409111 0.15965 0.873797 0.132508 0.656531 0.648368 0.453845 0.62449
0.925912 0.517238 0.548228 0.450856 0.508516 0.365395 0.593585 1.12624 0.69347 0.25679 0.846746 0.430211 0.795347 1.1714 0.231732 0.279521 0.923527 0.888592 0.818335 0.532411 0.504893 0.479782 0.214675 0.269175 0.510402 0.458222 1.16889 0.446005 0.242267 0.535889 0.554538 0.306145 0.676425 0.645296 0.841876 0.73278 0.409682 1.11434 1.08735 0.851173 0.571823 0.986247 0.45997 0.806406 0.4218 1.01587 0.682246 0.889604 0.805826 0.648522 0.688161 0.687643 0.471027 0.554726 0.347101 0.864436 1.10111 0.693312 0.250872 0.859568 0.595214 0.124171 0.461483 0.917377 0.193411 0.548226 0.265716 0.338067 0.143561 0.742085 0.128047 0.635064 0.687753 0.562379 0.604077
0.716715 0.504492 0.650411 0.593815 0.543812 0.246057 0.60031 1.00576 0.590187 0.448535 0.933834 0.604751 0.87335 1.10268 0.281887 0.542009 0.736574 0.791589 0.579033 0.478441 0.737265 0.487698 0.152362 0.368481 0.452843 0.624664 0.997392 0.488533 0.242762 0.672582 0.585486 0.246113 0.765372 0.531648 0.973558 0.780707 0.435413 1.01158 1.07993 0.817309 0.368825 0.979729 0.586121 0.812291 0.424336 0.936214 0.646104 0.793688 0.765747 0.665231 0.606034 0.71585 0.74693 0.758976 0.45202 0.967547 1.09465 0.744401 0.0981067 0.784472 0.602256 0.0977258 0.399158 1.11652 0.19574 0.51568 0.261848 0.331721 0.281549 0.75051 0.297257 0.551646 0.527211 0.389211 0.523471
0.701521 0.630688 0.550259 0.541295 0.616011 0.253339 0.590228 0.982935 0.5334 0.451108 0.849829 0.431415 1.00304 1.05183 0.362511 0.542206 0.749688 0.774556 0.832008 0.588624 0.576712 0.467578 0.313205 0.178427 0.628627 0.461028 0.931654 0.517574 0.417714 0.586167 0.49464 0.477162 0.606998 0.507118 0.831253 0.805937 0.336489 1.19552 1.0207 0.760827 0.630438 0.931371 0.572835 0.932834 0.543629 1.01872 0.535201 0.896328 0.79847 0.579148 0.706526 0.674136 0.699006 0.773854 0.332709 0.76245 1.14546 0.891906 0.132825 0.802488 0.500686 0.133369 0.40376 1.11694 0.224405 0.438274 0.21543 0.292511 0.234881 0.835662 0.318826 0.734903 0.529618 0.45848 0.530591
0.993784 0.438953 0.673132 0.563058 0.456792 0.401121 0.704202 1.00197 0.457077 0.317064 0.890091 0.62746 0.96088 1.06798 0.283419 0.398024 0.727388 0.939351 0.853873 0.594774 0.61088 0.29759 0.349708 0.31587 0.407913 0.595769 1.16642 0.334561 0.426693 0.578131 0.570092 0.311943 0.589076 0.681698 0.943594 0.597164 0.23866 1.12405 0.912389 0.770818 0.395796 1.16006 0.6698 0.775893 0.604735 1.04319 0.500663 1.06623 0.881945 0.467484 0.740053 0.810859 0.582633 0.579262 0.528966 0.871794 1.1061 0.75939 0.310443 0.827322 0.691548 0.130135 0.395674 0.991137 0.156959 0.423362 0.128601 0.270773 0.268452 0.772619 0.239197 0.753869 0.574562 0.390308 0.41796
0.703494 0.466857 0.571357 0.482824 0.690564 0.258393 0.672703 0.905512 0.453206 0.278783 0.91292 0.508708 1.07141 1.19322 0.417204 0.369766 0.813622 0.936143 0.659742 0.558769 0.611823 0.270823 0.257268 0.235835 0.566091 0.486725 1.14203 0.469003 0.197285 0.676333 0.437917 0.412912 0.524031 0.681516 1.06816 0.57708 0.428924 1.03981 1.05783 0.766961 0.418023 0.992476 0.474058 0.878275 0.610067 1.15996 0.677241 0.836053 0.783237 0.661521 0.796194 0.688139 0.724542 0.690864 0.484346 0.938807 0.897607 0.842963 0.0755651 0.813107 0.574644 0.277487 0.365914 0.978505 0.0725719 0.577965 0.309225 0.305371 0.364646 0.955015 0.254323 0.645818 0.661388 0.3532 0.595297
0.799379 0.677788 0.511248 0.532023 0.523243 0.161576 0.605438 0.975687 0.475825 0.439367 1.0536 0.360785 1.00033 1.08593 0.452261 0.483748 0.729973 0.802732 0.726682 0.395735 0.627178 0.288959 0.219344 0.23387 0.580206 0.525788 1.07447 0.253008 0.356705 0.616568 0.462289 0.479125 0.711666 0.7138 0.955646 0.758548 0.219328 1.2517 1.02373 0.782944 0.498956 1.01866 0.67893 0.868909 0.561056 1.06627 0.505659 1.06139 0.868295 0.637613 0.794313 0.656186 0.607183 0.654919 0.48455 0.805304 1.1374 0.691269 0.308732 0.724875 0.470239 0.0777832 0.292009 0.894811 0.259059 0.364449 0.060326 0.505748 0.20777 0.774425 0.294931 0.624513 0.585378 0.605538 0.540578
0.954051 0.454024 0.504511 0.54436 0.531772 0.282498 0.619863 0.917322 0.677359 0.502491 1.01993 0.433456 0.832971 0.950053 0.312719 0.55686 0.813702 0.855508 0.687761 0.596291 0.748439 0.537988 0.150058 0.313 0.365194 0.527947 1.0095 0.294443 0.211595 0.647239 0.551302 0.355837 0.65098 0.677298 0.903675 0.6683 0.278173 1.04826 1.13023 0.752098 0.464261 0.972089 0.572634 0.893953 0.56468 0.96449 0.739407 0.885497 0.851094 0.587229 0.572132 0.825801 0.694625 0.532796 0.389192 0.846826 0.894204 0.683308 0.278333 0.886854 0.619119 0.359873 0.399047 1.0773 0.128894 0.435704 0.295883 0.529235 0.318988 0.877805 0.161921 0.599687 0.77154 0.423781 0.503628
0.86808 0.532341 0.766891 0.695519 0.494949 0.202787 0.614887 0.973413 0.45787 0.424158 0.943054 0.481536 1.01152 0.959584 0.457612 0.435297 0.796747 0.869515 0.779975 0.439777 0.747947 0.421663 0.158202 0.239468 0.454066 0.545433 1.17638 0.297842 0.242396 0.465535 0.426771 0.22002 0.560272 0.486899 1.12197 0.757884 0.386711 1.13461 1.06519 0.801768 0.386841 1.17204 0.701102 0.976266 0.462142 0.905701 0.5011 0.952717 0.658621 0.446523 0.621826 0.706854 0.766007 0.546682 0.34944 0.76108 1.02424 0.789041 0.191236 0.867859 0.608011 0.336605 0.445202 1.0507 0.202663 0.43806 0.240279 0.540424 0.126055 0.870082 0.1822 0.598182 0.691564 0.450903 0.553478
0.720843 0.670601 0.58119 0.476817 0.564932 0.233757 0.466034 0.856382 0.515813 0.419145 0.99859 0.576345 0.86681 1.10196 0.230955 0.523959 0.674608 0.992267 0.690583 0.515848 0.738477 0.388571 0.163922 0.227716 0.393061 0.626151 1.13362 0.441553 0.37005 0.569692 0.407403 0.471813 0.759864 0.686408 1.08304 0.766005 0.447383 1.07415 0.995089 0.934502 0.370737 1.02932 0.540655 0.838085 0.422123 0.967625 0.774067 0.77949 0.858832 0.545186 0.782626 0.802775 0.714137 0.642466 0.318985 0.725999 1.15966 0.870658 0.234143 0.772311 0.463672 0.317214 0.381061 0.985261 0.24608 0.461665 0.311057 0.553582 0.192181 0.84059 0.272845 0.679215 0.774948 0.362903 0.614578
