25 75
1.06404 1.27986 0.146049 0.264109 1.18913 1.08266 0.369009 0.39114 0.222215 0.796669 0.586583 0.812438 0.564132 0.831497 0.811083 0.999864 0.662345 0.674117 0.235737 0.621309 0.484016 0.475123 0.159711 0.535521 0.33186 0.834237 0.745087 1.04767 1.07482 0.371747 0.58374 0.519733 0.969239 0.305036 0.767317 0.897429 1.00874 0.610352 0.407922 0.196234 0.273456 0.690949 0.566594 0.733118 1.00633 0.576511 0.284983 0.854728 0.386134 0.138092 0.201235 0.89637 0.811878 0.957771 0.674775 0.220134 0.536329 1.07919 1.08068 0.601454 0.35283 0.61354 0.986371 0.318517 0.143309 1.07699 0.334278 0.821091 0.681909 0.464704 0.634881 0.543027 1.10124 0.294727 0.37146
0.89727 1.16388 0.181807 0.165987 1.03405 1.17393 0.339401 0.257338 0.367087 0.93598 0.582212 1.0372 0.748247 0.947796 0.646586 0.943625 0.45208 0.676167 0.319696 0.612513 0.366725 0.642182 0.335993 0.482827 0.09582 0.884983 0.956037 1.03467 0.975643 0.262905 0.78696 0.449372 0.836754 0.0458867 0.606878 1.17075 0.813449 0.519545 0.22352 0.460455 0.37269 0.511091 0.652223 0.778047 1.05022 0.575521 0.456267 0.891769 0.239581 0.163143 0.13758 0.899568 0.789969 1.045 0.740286 0.314226 0.522433 0.868818 0.921684 0.554739 0.411805 0.565657 0.902397 0.322914 0.137181 0.921962 0.520185 0.932143 0.58566 0.513533 0.562903 0.473722 1.17141 0.405248 0.362931
0.888085 1.15915 0.303275 0.190164 1.16738 1.02946 0.529667 0.291305 0.31945 0.736494 0.58079 0.876095 0.541263 0.930887 0.519832 0.919423 0.60956 0.643146 0.28865 0.676298 0.341508 0.457765 0.303894 0.370158 0.332008 0.905012 0.973977 1.09165 1.12331 0.320791 0.766164 0.611416 0.985339 0.220614 0.582266 1.03039 0.951176 0.525707 0.249444 0.39785 0.374864 0.68482 0.414448 0.774515 1.10968 0.799397 0.299697 0.976479 0.317729 0.199399 0.301663 0.918355 0.830009 1.10855 0.923834 0.405347 0.396699 1.09478 1.13068 0.496694 0.55776 0.403148 1.03006 0.429015 0.173933 0.855667 0.539345 0.945767 0.486253 0.518377 0.589256 0.458189 1.22425 0.315166 0.584629
1.05204 1.15439 0.406187 0.217189 1.17014 1.03538 0.324702 0.421649 0.367 0.957614 0.453066 0.882048 0.686628 0.713865 0.787275 0.819108 0.465268 0.693408 0.327082 0.805218 0.540689 0.533199 0.182804 0.442172 0.193974 0.836684 0.8243 1.2127 1.07796 0.514378 0.56572 0.524251 0.884864 0.317423 0.714454 0.910933 0.860601 0.546541 0.29937 0.284241 0.442482 0.680514 0.478346 0.657576 1.10687 0.747432 0.422544 0.786606 0.165072 0.27563 0.367441 1.01326 0.794412 1.09351 0.711873 0.478826 0.596398 1.07928 1.1124 0.316213 0.503768 0.644045 0.864708 0.200775 0.121375 1.1295 0.553396 0.851779 0.579348 0.413093 0.675675 0.387806 0.967997 0.359134 0.514439
0.971252 1.19015 0.200224 0.315527 1.10913 1.17525 0.487841 0.285878 0.287492 0.696128 0.515202 1.01265 0.697462 0.697481 0.596701 0.807243 0.707151 0.621227 0.281963 0.869304 0.382317 0.705586 0.256897 0.537729 0.216666 1.05402 0.752095 1.17066 1.15687 0.403436 0.72393 0.467295 0.905514 0.147363 0.517142 1.16528 0.964114 0.407672 0.254215 0.398217 0.352851 0.556385 0.428232 0.816809 1.13132 0.837682 0.232226 0.935752 0.223992 0.298094 0.190272 0.784652 0.660278 1.06693 0.749381 0.388536 0.449077 0.922436 1.10357 0.472971 0.469783 0.559568 0.923159 0.444987 0.0568514 1.03992 0.420724 0.81208 0.442822 0.324398 0.587811 0.554968 1.05469 0.35904 0.362165
0.854384 1.23882 0.144965 0.272357 1.04895 1.09958 0.506436 0.438682 0.290603 0.743899 0.451859 0.965974 0.473552 0.805905 0.750659 0.803261 0.656329 0.664914 0.217902 0.644485 0.467544 0.466691 0.354966 0.509469 0.100423 0.843354 0.767869 1.19813 1.01634 0.36626 0.735637 0.576966 1.02067 0.219927 0.50818 1.13102 0.912208 0.505194 0.252211 0.44182 0.367567 0.643376 0.510573 0.874992 1.15904 0.553839 0.291106 0.897259 0.251025 0.148837 0.207424 0.954376 0.880731 1.01566 0.811422 0.500288 0.600551 0.942985 1.12236 0.494542 0.396484 0.461105 1.0374 0.278336 0.0970823 0.957791 0.26856 0.968372 0.601916 0.506349 0.677706 0.63004 1.1345 0.255042 0.525283
1.12434 1.09008 0.175574 0.355086 1.20174 1.15644 0.321525 0.461019 0.411066 0.693227 0.507612 0.813093 0.453348 0.917846 0.797366 1.05898 0.653575 0.58633 0.141194 0.747796 0.382838 0.592298 0.371276 0.43921 0.194472 0.850275 0.709815 1.11758 1.1063 0.365671 0.727087 0.470215 0.877986 0.320758 0.775183 1.10337 0.803819 0.61492 0.224529 0.288503 0.301056 0.502854 0.492432 0.639084 1.00387 0.599787 0.280816 0.886735 0.229152 0.174115 0.107941 0.794823 0.760259 1.14565 0.775537 0.411834 0.526887 1.10514 0.963365 0.368413 0.352732 0.571088 0.947437 0.245251 0.226062 0.976133 0.413471 0.961718 0.450325 0.269696 0.740834 0.643372 1.05447 0.393918 0.568238
0.870803 1.11052 0.343892 0.219621 1.21016 0.929753 0.359449 0.469078 0.281182 0.794776 0.475783 0.997043 0.505677 0.967093 0.760441 1.00691 0.494028 0.464601 0.339089 0.741925 0.355017 0.474935 0.398483 0.388098 0.333677 0.923404 0.906746 1.21213 1.20928 0.442286 0.766232 0.56253 0.935201 0.118543 0.543219 0.913492 1.06207 0.477415 0.179376 0.304081 0.378199 0.557175 0.570443 0.867647 0.935126 0.706378 0.392986 0.96181 0.209804 0.425383 0.39426 0.824254 0.698546 1.05307 0.778631 0.440407 0.437769 1.07027 1.13519 0.431851 0.555466 0.645518 1.05887 0.480284 0.24972 1.12182 0.363371 0.956506 0.679315 0.438821 0.701669 0.458912 1.13342 0.231146 0.421355
0.914637 1.28409 0.286079 0.131467 1.09367 0.947605 0.263224 0.293429 0.412061 0.772124 0.610907 1.03679 0.561391 0.71351 0.734241 0.847677 0.569467 0.409586 0.162921 0.831588 0.414075 0.473987 0.210137 0.464115 0.31591 0.849255 0.919434 1.1836 1.11054 0.390428 0.712436 0.59534 1.07283 0.314721 0.579425 0.973086 0.938144 0.616996 0.239131 0.293016 0.183652 0.608001 0.519528 0.816202 1.12093 0.722405 0.489104 0.768044 0.351078 0.315531 0.204527 0.997362 0.776178 1.07431 0.905233 0.326711 0.314289 1.11003 1.02703 0.426662 0.309946 0.457851 1.11627 0.19552 0.0540972 1.05469 0.344554 1.00673 0.583815 0.399188 0.718753 0.47492 1.20671 0.260882 0.539857
1.0426 1.18601 0.310789 0.341847 1.15078 1.04405 0.522382 0.301407 0.436161 0.78357 0.690837 1.01845 0.677103 0.804072 0.525372 0.992004 0.521193 0.535896 0.237454 0.646527 0.484053 0.588661 0.237277 0.491627 0.232564 1.06346 0.897077 1.25946 1.021 0.43086 0.701191 0.366003 1.02835 0.335101 0.735042 1.07947 0.949547 0.472844 0.320302 0.424542 0.310675 0.514151 0.570042 0.712627 1.06804 0.793291 0.46962 0.868712 0.3755 0.173867 0.131512 0.962155 0.644355 1.03453 0.778774 0.22971 0.374832 0.844939 0.934991 0.414187 0.368628 0.444758 1.14929 0.32147 0.202597 0.942143 0.367722 1.09311 0.537311 0.270521 0.769655 0.546547 1.18136 0.387834 0.640044
1.08229 1.19552 0.207876 0.240136 0.964009 1.13658 0.416866 0.248952 0.221176 0.760853 0.465847 0.795952 0.631368 0.940745 0.601231 1.04954 0.445132 0.6767 0.157674 0.832299 0.572479 0.559747 0.353942 0.452044 0.27344 0.986026 0.842562 1.13916 0.985272 0.298277 0.769558 0.399452 0.863595 0.221318 0.501196 0.939753 1.08211 0.49129 0.274794 0.287692 0.40362 0.405178 0.555703 0.772039 1.16174 0.614502 0.35488 0.928597 0.21999 0.261931 0.212709 0.980412 0.658596 1.11479 0.841397 0.29262 0.561653 1.06257 0.931465 0.487383 0.406594 0.434901 0.91754 0.22288 0.273885 0.96058 0.388303 1.03992 0.428608 0.297033 0.759774 0.466213 1.01069 0.190747 0.404333
1.13856 1.20091 0.193791 0.392454 1.19026 1.08299 0.324091 0.308245 0.321997 0.706782 0.465697 1.03325 0.48771 0.89683 0.53777 0.853142 0.506337 0.447887 0.265049 0.893307 0.413536 0.651224 0.192654 0.325363 0.35653 0.883945 0.942874 1.17028 1.20843 0.347246 0.723172 0.601098 1.10411 0.245845 0.681671 1.16486 1.05888 0.692943 0.40312 0.487481 0.326087 0.523717 0.62545 0.775867 1.11657 0.820369 0.243735 0.891813 0.338986 0.391996 0.260264 0.891635 0.745983 0.943826 0.896011 0.438976 0.546025 0.937407 1.00447 0.312392 0.487358 0.517443 1.00263 0.223889 0.340608 1.02537 0.447678 0.818162 0.536176 0.524486 0.767231 0.430722 1.06309 0.262976 0.418107
1.04921 1.14959 0.391254 0.266892 1.06739 1.03923 0.377249 0.233743 0.407363 0.691175 0.703838 0.938804 0.575994 0.74818 0.714632 1.00854 0.557797 0.533177 0.225539 0.784704 0.373574 0.509551 0.172384 0.514748 0.274545 0.942235 0.885203 1.14836 1.10215 0.383115 0.504626 0.52897 1.1008 0.292711 0.546947 1.14948 0.830643 0.571721 0.244043 0.328096 0.348584 0.487493 0.651967 0.818617 1.05828 0.74067 0.258955 0.876622 0.22505 0.362958 0.149488 0.818675 0.612796 0.865485 0.801753 0.238005 0.469638 1.06318 1.16653 0.5228 0.386038 0.605791 1.02689 0.357415 0.241842 0.877612 0.43718 0.918402 0.692249 0.266623 0.527896 0.402109 1.1197 0.335948 0.539956
1.03973 1.15306 0.351007 0.145747 0.997923 1.12735 0.284088 0.387522 0.412014 0.877523 0.505765 0.948727 0.488896 0.841233 0.710032 1.04722 0.550652 0.508823 0.30389 0.776272 0.584547 0.646236 0.422906 0.472291 0.276245 0.899075 0.756289 1.07539 1.12679 0.336175 0.652957 0.393154 1.06692 0.288012 0.526276 1.00793 0.79798 0.438111 0.262207 0.409988 0.184809 0.61057 0.649742 0.681797 1.14584 0.810755 0.393933 0.715236 0.264337 0.330389 0.252732 0.848966 0.771443 0.946334 0.905644 0.237783 0.499401 0.826355 0.891393 0.412405 0.306411 0.445565 1.12375 0.233549 0.216979 0.897522 0.270018 0.8168 0.679825 0.507875 0.56787 0.496831 1.10157 0.26204 0.516914
1.05889 1.07561 0.19188 0.10015 0.998353 1.00135 0.339851 0.370827 0.318356 0.856057 0.614901 0.786651 0.451927 0.776473 0.65556 1.09117 0.584652 0.418359 0.188507 0.735676 0.399377 0.606665 0.275349 0.436329 0.286653 0.920594 0.766483 1.20521 0.99162 0.333732 0.545593 0.615283 1.00292 0.311853 0.756916 1.10645 0.993613 0.418214 0.426786 0.480245 0.23868 0.57706 0.586306 0.742526 1.13515 0.626046 0.487512 0.895208 0.30175 0.142151 0.112666 0.772313 0.736343 1.14288 0.699805 0.23994 0.607556 0.889481 1.16993 0.427529 0.536711 0.395371 1.0396 0.221327 0.0559143 0.977715 0.49533 0.850423 0.473871 0.326487 0.700414 0.490922 1.06374 0.270996 0.615996
0.914794 1.25222 0.312017 0.374403 1.02042 0.966675 0.321272 0.239499 0.179998 0.728265 0.662331 0.901997 0.64487 0.691537 0.638416 0.801475 0.450729 0.69311 0.288362 0.837584 0.610537 0.649605 0.360985 0.546239 0.260254 0.813759 0.920954 1.21714 1.2375 0.49828 0.652312 0.462913 0.945779 0.191364 0.733376 1.08985 0.992702 0.421971 0.317845 0.471518 0.347586 0.506554 0.639584 0.638722 1.15062 0.783135 0.484393 0.750855 0.258745 0.379145 0.116529 0.974317 0.76457 0.890461 0.743371 0.347523 0.582091 1.06208 1.12506 0.344413 0.439313 0.629024 1.05663 0.277096 0.168248 1.07518 0.275807 0.829488 0.415646 0.40583 0.544589 0.461964 1.15161 0.315162 0.520481
1.13754 1.01511 0.13603 0.295013 1.19164 0.998178 0.552364 0.187165 0.32175 0.927068 0.67607 0.965812 0.455906 0.727095 0.581558 0.93316 0.462389 0.512242 0.178483 0.734326 0.545803 0.618178 0.17793 0.563451 0.29387 0.923513 0.927224 1.17895 1.1073 0.513597 0.627455 0.60732 0.815521 0.155379 0.573513 0.959654 1.0753 0.640071 0.450904 0.431618 0.40676 0.455398 0.634525 0.844962 1.0027 0.655193 0.39244 0.891265 0.375516 0.16121 0.343497 0.827186 0.743455 0.957697 0.879429 0.315861 0.440883 0.933931 0.972851 0.487836 0.556342 0.421121 1.02256 0.450416 0.0904661 1.14097 0.420491 0.984192 0.553381 0.426789 0.689726 0.652408 1.13454 0.188485 0.472581
1.01771 1.26173 0.32734 0.121625 1.09608 0.901685 0.357829 0.425756 0.412886 0.788316 0.619432 0.782797 0.508639 0.779259 0.587732 1.02733 0.572968 0.585275 0.274262 0.801573 0.591027 0.650934 0.24756 0.53085 0.0935829 0.801215 0.846708 1.26983 1.05579 0.385048 0.509466 0.545917 1.00735 0.0771671 0.659651 1.00235 0.836662 0.577342 0.389856 0.208628 0.190621 0.677913 0.498835 0.672823 1.22107 0.569445 0.50248 0.885137 0.137695 0.148105 0.296212 0.905546 0.698024 1.03724 0.680357 0.264129 0.428202 1.028 0.977083 0.479996 0.419079 0.506079 1.05726 0.469499 0.343447 1.04207 0.513594 1.05816 0.442042 0.503187 0.642139 0.431296 1.15913 0.230971 0.521964
1.11507 1.00116 0.226442 0.185618 1.13723 1.01498 0.389643 0.329841 0.355353 0.91287 0.657369 0.754968 0.738514 0.838273 0.802159 0.930829 0.47793 0.647221 0.326956 0.777329 0.485832 0.475564 0.42976 0.559117 0.203834 0.916677 0.956315 1.06015 1.09673 0.306222 0.612468 0.432562 0.832398 0.217572 0.546365 1.06656 1.02172 0.641082 0.418724 0.375862 0.309519 0.681865 0.61602 0.871839 1.03893 0.644459 0.287737 0.775587 0.2594 0.247449 0.27117 0.823031 0.839734 1.05969 0.715209 0.25302 0.321619 1.06967 1.05782 0.387397 0.569737 0.413657 0.869237 0.203968 0.101173 1.01039 0.512137 0.876773 0.629757 0.345437 0.727524 0.496222 0.983885 0.344955 0.351
0.962235 1.25621 0.3196 0.310036 1.10722 0.99054 0.549853 0.186734 0.292104 0.866632 0.70616 1.02167 0.634327 0.939524 0.652426 1.03257 0.729515 0.476219 0.306496 0.75823 0.354681 0.555542 0.353885 0.441677 0.0851105 1.08397 0.906986 1.24138 1.00288 0.515996 0.605041 0.339593 0.970567 0.0630887 0.514111 1.06307 0.92737 0.590233 0.2052 0.445897 0.204031 0.690334 0.391615 0.654487 1.14831 0.724159 0.484397 0.80018 0.353742 0.277993 0.129547 0.827248 0.893703 1.10034 0.899054 0.308518 0.347089 1.02681 0.899146 0.416587 0.339379 0.533199 0.982608 0.273096 0.279165 1.12701 0.275661 1.05658 0.543302 0.254154 0.553573 0.541805 1.20724 0.357083 0.420119
0.915515 1.18281 0.202506 0.244015 1.01193 0.969534 0.268364 0.199894 0.360689 0.954443 0.581481 0.788648 0.473107 0.746514 0.594827 0.862787 0.508234 0.571002 0.380346 0.850034 0.615688 0.566313 0.226221 0.293548 0.0886543 0.917055 0.754249 1.09202 1.01113 0.33704 0.632571 0.462341 0.976393 0.103941 0.543441 1.16151 0.816514 0.578298 0.362425 0.385386 0.428897 0.543031 0.571601 0.870259 1.05399 0.796711 0.450748 0.954321 0.219732 0.373965 0.309572 0.86583 0.71169 1.06922 0.926381 0.41467 0.57566 1.10024 1.0647 0.436753 0.561163 0.585811 1.07069 0.223851 0.105876 1.14651 0.504499 0.825018 0.57222 0.332994 0.657339 0.473308 1.11062 0.280522 0.622501
0.923576 1.26707 0.179935 0.117574 1.18837 0.999048 0.42433 0.230471 0.207082 0.772341 0.637822 0.986294 0.740129 0.823258 0.71916 0.984063 0.473896 0.546901 0.145234 0.79302 0.595674 0.528904 0.437876 0.556612 0.351395 0.962533 0.787016 1.12241 1.19903 0.42257 0.733054 0.565752 1.0546 0.213828 0.661547 0.936197 0.865371 0.476197 0.196885 0.439367 0.353609 0.462832 0.394815 0.855149 1.03598 0.79189 0.509042 0.770418 0.134794 0.136288 0.175318 0.885071 0.780461 1.08968 0.707918 0.254499 0.378364 1.03337 1.12614 0.515122 0.551102 0.402085 1.00327 0.279544 0.109209 0.864938 0.543643 0.980798 0.41907 0.276759 0.772344 0.397055 1.25802 0.193972 0.365901
1.01378 1.09062 0.24995 0.245912 1.08593 1.01802 0.420667 0.207442 0.191795 0.851988 0.498591 0.846372 0.46234 0.709772 0.788342 1.07992 0.730681 0.572608 0.338662 0.811425 0.571141 0.687815 0.363165 0.34803 0.146791 0.946822 0.969254 1.29499 1.21393 0.320402 0.782408 0.459826 1.0512 0.161098 0.508883 0.904639 1.05379 0.619011 0.248356 0.239406 0.185743 0.541926 0.635338 0.71743 1.02766 0.751147 0.288462 0.859277 0.199108 0.214792 0.142943 0.992228 0.80816 0.963832 0.874757 0.30232 0.449267 1.03509 0.996974 0.489377 0.309995 0.635237 0.922424 0.386651 0.182882 1.12847 0.493669 0.84435 0.400195 0.269279 0.533397 0.371355 1.22666 0.230841 0.49929
0.888029 1.27154 0.133113 0.195108 0.953447 1.03234 0.282895 0.344799 0.279952 0.950505 0.564894 0.955153 0.470111 0.779331 0.53851 0.858537 0.432338 0.559892 0.36797 0.60486 0.342332 0.617244 0.394844 0.506309 0.157548 0.940533 0.799571 1.16148 1.09411 0.463876 0.61226 0.502387 1.04168 0.180202 0.711901 0.964105 1.00637 0.447997 0.386138 0.306606 0.306504 0.656083 0.427282 0.936248 0.973011 0.634206 0.441268 0.807492 0.394686 0.414245 0.277752 0.93297 0.755213 1.03855 0.899734 0.328218 0.60942 1.02574 1.10224 0.434028 0.549416 0.433608 1.03381 0.191689 0.248539 0.863187 0.522155 0.879336 0.611859 0.333471 0.59475 0.528159 1.1819 0.271771 0.404572
0.923488 1.06013 0.25041 0.24973 1.22487 1.16706 0.348364 0.29944 0.175362 0.824752 0.481074 0.793955 0.571118 0.744754 0.583277 0.815974 0.439732 0.436534 0.132457 0.69011 0.34024 0.668244 0.261117 0.390271 0.219199 0.874104 0.923465 1.14508 1.19537 0.543494 0.544826 0.635259 1.04779 0.206839 0.679978 0.875271 1.08649 0.440498 0.410579 0.452742 0.259881 0.412854 0.628966 0.79166 1.09821 0.793594 0.250261 0.899751 0.254074 0.353802 0.175042 0.913547 0.90009 1.06342 0.804657 0.353928 0.459103 1.03461 0.878823 0.49827 0.347098 0.537443 0.912275 0.31282 0.150533 1.03689 0.383135 1.01002 0.605448 0.380399 0.602668 0.488924 1.08233 0.354674 0.635879
