25 75
1.09104 0.511931 0.976156 1.17713 0.614396 0.36369 0.577359 0.724381 1.00443 0.373112 0.526485 0.63932 0.303393 0.973946 0.466464 0.28058 0.19118 1.25657 0.315408 0.275719 0.915351 1.01862 0.476871 0.279095 0.677947 0.620838 0.894996 0.612313 0.401686 0.346547 0.497114 0.420608 0.910968 0.253179 0.614467 0.413975 0.2404 0.295383 0.716093 0.459647 0.32225 0.817575 0.262664 0.672354 0.508682 0.86701 0.808532 0.697169 0.843994 0.335972 0.718684 0.36037 0.305599 1.21795 0.348073 0.293543 1.01132 0.866117 0.0631363 1.0665 0.428234 0.637921 0.660847 0.74436 0.733821 0.775036 0.529862 0.471719 0.0589827 0.892677 1.05684 0.882803 0.791877 0.987798 0.623217
0.938779 0.710449 0.872696 1.095 0.518206 0.262945 0.693931 0.668368 0.981755 0.525971 0.454766 0.471684 0.102943 0.910763 0.637616 0.30722 0.311189 1.15312 0.393461 0.105709 0.743055 1.01094 0.456508 0.241758 0.612196 0.780741 1.01813 0.736572 0.525097 0.231211 0.352176 0.457859 0.868017 0.331615 0.543175 0.435609 0.317025 0.305627 0.759533 0.495009 0.280541 0.961648 0.0636129 0.682753 0.750436 0.876986 0.874109 0.805904 0.834571 0.177825 0.701333 0.185801 0.345893 1.25003 0.438963 0.141982 1.17848 0.831556 0.022223 1.26686 0.28056 0.46797 0.771995 0.562177 0.724828 0.856464 0.524118 0.390095 0.11431 1.05531 1.0869 1.03496 0.800897 0.999477 0.542387
1.10229 0.564412 0.708949 1.08396 0.574734 0.367136 0.637122 0.502445 0.964386 0.441405 0.293347 0.631148 0.142135 0.940056 0.569672 0.433952 0.222444 1.04343 0.481252 0.12973 0.703288 1.02141 0.366926 0.243264 0.634591 0.73317 0.89861 0.673282 0.613108 0.268374 0.475315 0.398152 0.910722 0.357253 0.549009 0.463742 0.238566 0.340046 0.570372 0.305041 0.339509 0.726474 0.0768739 0.69374 0.620389 0.732514 0.993217 0.819371 0.805018 0.112306 0.866305 0.29634 0.244952 1.03768 0.512585 0.135907 1.02027 1.11248 0.0322374 1.24377 0.23083 0.455746 0.561584 0.525856 0.476585 0.768789 0.611617 0.331155 0.300993 1.12407 0.937053 0.816067 0.702292 1.05338 0.710289
1.05166 0.44243 0.893966 1.00581 0.510926 0.132039 0.5227 0.721487 1.13179 0.454074 0.563346 0.441276 0.265324 0.915529 0.657543 0.194662 0.329825 1.03949 0.387647 0.248703 0.716922 1.13294 0.398909 0.167798 0.584442 0.618782 0.860103 0.601375 0.609663 0.0895689 0.483915 0.5299 1.09362 0.261741 0.481277 0.421419 0.238984 0.115917 0.78629 0.4967 0.146646 0.763577 0.0569938 0.638548 0.748184 0.751801 1.02374 0.749521 0.862498 0.143303 0.763887 0.29174 0.493066 1.24484 0.4182 0.201156 0.977838 0.87767 0.158767 1.02495 0.379875 0.571189 0.689915 0.819954 0.663552 0.790313 0.408047 0.49077 0.317907 1.1179 1.05455 0.968015 0.552445 1.17539 0.7747
0.959946 0.429518 0.919158 1.08955 0.512348 0.364457 0.500744 0.500633 1.20986 0.506707 0.466594 0.587707 0.210098 1.04106 0.606851 0.480872 0.302301 1.05897 0.356236 0.250801 0.920361 1.15254 0.404208 0.218576 0.494425 0.548631 1.02847 0.609438 0.53362 0.161148 0.245935 0.593106 0.927899 0.440107 0.672943 0.311528 0.214513 0.232041 0.764253 0.238501 0.370527 1.01879 0.0825779 0.621864 0.517639 0.735501 0.983719 0.922864 0.823603 0.07024 0.857736 0.215224 0.436377 1.18151 0.289711 0.194501 1.11313 1.10199 0.276799 1.02708 0.222334 0.538441 0.531921 0.587797 0.603595 0.902621 0.487247 0.300886 0.338814 0.991439 0.93402 0.830045 0.710559 1.08935 0.745057
1.14467 0.510239 0.768176 1.15353 0.480163 0.222944 0.712605 0.558233 1.03386 0.28156 0.584988 0.727886 0.240627 1.10439 0.545798 0.394262 0.146895 1.1438 0.4152 0.167346 0.92871 1.12516 0.302144 0.205175 0.539963 0.592022 1.06803 0.789561 0.558738 0.375717 0.535588 0.650254 1.10145 0.463485 0.675419 0.46451 0.183474 0.201577 0.6681 0.285336 0.392936 0.823829 0.254284 0.538037 0.606943 0.855307 1.00206 0.690759 0.695779 0.174489 0.888606 0.137632 0.483652 1.25769 0.416461 0.213779 1.05625 0.886175 0.0495494 1.1642 0.420568 0.497518 0.739498 0.553873 0.591189 0.867222 0.49904 0.270343 0.0978506 1.0988 0.840047 0.889222 0.656548 1.07492 0.684823
1.04491 0.563313 0.93238 1.07358 0.606099 0.294539 0.556004 0.606607 1.14204 0.393097 0.420903 0.637487 0.110141 1.13398 0.673684 0.47998 0.138686 1.1837 0.338166 0.193805 0.832483 0.931141 0.292252 0.455973 0.419849 0.594084 1.12298 0.711188 0.484593 0.281551 0.507884 0.58961 0.906393 0.534968 0.665599 0.17662 0.14097 0.137417 0.546853 0.470207 0.225135 0.747985 0.200665 0.487513 0.538564 0.897012 0.777211 0.805476 0.88235 0.253393 0.661249 0.10974 0.304715 1.21077 0.240668 0.255406 1.03453 1.08365 0.258536 1.26053 0.480248 0.454422 0.721439 0.595134 0.626157 1.00821 0.464299 0.485361 0.186504 0.899666 0.888403 0.997006 0.680209 1.05596 0.761705
1.07678 0.626372 0.966998 0.961456 0.413555 0.172726 0.646485 0.503086 1.13085 0.360028 0.35687 0.479077 0.207599 1.04447 0.717611 0.418907 0.336973 1.22076 0.307587 0.0798746 0.813204 0.955051 0.419572 0.163536 0.622298 0.783664 0.850629 0.694033 0.511373 0.0855121 0.387482 0.600274 1.00526 0.345511 0.626904 0.324701 0.236313 0.402572 0.681532 0.348065 0.164784 0.743835 0.171632 0.585582 0.707045 0.813061 0.787669 0.77002 0.621787 0.302281 0.881583 0.205054 0.277409 1.26456 0.49865 0.336473 0.977938 0.975073 0.123725 1.00802 0.410637 0.564851 0.64849 0.565329 0.67718 0.797992 0.604191 0.435083 0.247545 1.00689 0.857357 0.917725 0.637162 1.08922 0.48916
1.09373 0.55526 0.985502 1.12808 0.498993 0.266188 0.70611 0.510485 1.21926 0.395323 0.321926 0.592722 0.22927 0.905676 0.602302 0.485809 0.147711 0.984705 0.4414 0.163492 0.825757 1.14818 0.417808 0.330918 0.690775 0.70977 1.05666 0.763764 0.641719 0.314435 0.262325 0.587389 1.09824 0.478856 0.679218 0.243007 0.211409 0.23229 0.705297 0.215187 0.148951 0.778845 0.26532 0.76287 0.652937 0.791535 0.886619 0.922245 0.743035 0.0794356 0.758918 0.381772 0.323839 1.19995 0.267123 0.192225 1.04599 0.867096 0.0790456 1.25577 0.230968 0.497513 0.55641 0.589704 0.691858 0.871357 0.397031 0.465571 0.228123 1.10184 1.10641 0.944936 0.628177 0.924456 0.630091
0.915708 0.605481 0.796569 1.22081 0.497534 0.191323 0.688723 0.561725 1.15436 0.514944 0.545703 0.649702 0.237996 1.0219 0.718795 0.358336 0.300491 1.22892 0.322185 0.283771 0.727011 0.983394 0.439518 0.335138 0.556756 0.613084 0.970737 0.813927 0.419665 0.303436 0.470734 0.580376 1.06201 0.446428 0.459484 0.274104 0.292695 0.362369 0.559511 0.350075 0.394458 1.02163 0.100578 0.663441 0.590738 0.861312 0.804548 0.65504 0.83527 0.330058 0.856293 0.133986 0.445222 1.01354 0.394664 0.111725 1.09926 1.06914 0.0627635 1.28773 0.506565 0.609716 0.539557 0.761224 0.530125 0.891433 0.557476 0.243741 0.295222 1.10733 0.827267 1.01048 0.646432 1.22339 0.651521
0.896516 0.440481 0.773421 1.13231 0.528816 0.169712 0.69044 0.704554 1.13202 0.384886 0.512758 0.547259 0.14904 1.09739 0.673045 0.436353 0.161187 1.09043 0.45414 0.0975626 0.903955 1.13062 0.395805 0.186682 0.530833 0.646376 1.04641 0.881137 0.490498 0.191538 0.464642 0.611519 1.09892 0.323404 0.652084 0.191799 0.18057 0.246106 0.751103 0.28262 0.167002 0.951247 0.138409 0.606343 0.677925 0.670386 0.882201 0.774596 0.60211 0.350872 0.850538 0.172758 0.491703 1.20201 0.502963 0.181855 0.972252 1.08169 0.183501 1.17728 0.359562 0.528227 0.505572 0.726593 0.464577 0.89012 0.447494 0.427732 0.0807258 0.906864 0.868204 1.05568 0.751422 1.00101 0.662923
1.13977 0.420809 0.955327 1.07308 0.602115 0.327874 0.560519 0.668358 1.21278 0.405673 0.422812 0.670464 0.0693053 1.10806 0.463769 0.363379 0.24616 1.2487 0.480402 0.0778865 0.880941 1.18632 0.412257 0.358203 0.457321 0.75443 1.12089 0.875358 0.609994 0.0864801 0.479083 0.597381 0.893148 0.400662 0.438609 0.419515 0.19693 0.235055 0.680291 0.37697 0.192483 0.967494 0.180386 0.654107 0.694093 0.624031 0.945656 0.729489 0.762736 0.298287 0.829689 0.299522 0.37706 1.10929 0.495533 0.214257 0.950988 1.07471 0.149057 1.22824 0.265919 0.665258 0.764204 0.559055 0.560883 1.02151 0.538797 0.393841 0.305034 1.12369 1.03114 0.921952 0.616037 0.980832 0.701943
0.90991 0.546276 0.916788 1.09986 0.388804 0.336286 0.480314 0.491161 0.958752 0.264284 0.400677 0.451949 0.340977 1.01937 0.675274 0.305343 0.302687 1.01901 0.2137 0.154121 0.918229 1.13835 0.499959 0.364454 0.606914 0.54776 1.10314 0.751589 0.494361 0.348165 0.423215 0.656986 0.894589 0.534362 0.610507 0.349991 0.194527 0.208959 0.595014 0.364083 0.289337 0.938843 0.231732 0.470685 0.549661 0.706517 0.825801 0.80726 0.625574 0.284058 0.670566 0.146331 0.278566 1.16872 0.392988 0.107953 1.00986 0.948147 0.258632 1.20609 0.349365 0.711625 0.645511 0.565098 0.562954 1.01907 0.352525 0.456187 0.0677586 1.00712 1.04009 0.916106 0.783041 1.19702 0.707456
1.10426 0.713713 0.898174 1.04339 0.595389 0.366227 0.741031 0.659862 1.07629 0.245445 0.455876 0.46212 0.119868 0.950343 0.577173 0.358958 0.166706 1.00799 0.3716 0.199878 0.70211 1.0373 0.440814 0.208647 0.61311 0.796927 1.07959 0.699648 0.405435 0.280563 0.484027 0.510405 0.965675 0.412987 0.545663 0.263871 0.208396 0.255841 0.767566 0.233065 0.300243 1.02491 0.0589212 0.517133 0.499676 0.876395 0.744007 0.810351 0.612394 0.222934 0.799139 0.245491 0.430711 1.07586 0.415012 0.171654 0.933134 0.914367 0.195428 1.0652 0.383387 0.67766 0.562817 0.583296 0.688688 0.774269 0.406915 0.44764 0.0978101 1.07068 0.922337 0.824075 0.809358 1.14183 0.596978
1.05066 0.502117 0.92753 0.993087 0.450312 0.165217 0.636865 0.538461 0.948615 0.497256 0.474215 0.439829 0.0655046 1.17553 0.550224 0.410921 0.273427 1.1196 0.355184 0.344154 0.705002 1.15866 0.284206 0.280241 0.58309 0.75309 1.04293 0.839131 0.659182 0.28071 0.321266 0.509481 0.84217 0.47832 0.684783 0.406827 0.243869 0.313431 0.521324 0.304921 0.141972 0.98077 0.277565 0.531666 0.616122 0.772062 1.03092 0.8041 0.642135 0.262346 0.727356 0.277269 0.322861 0.98985 0.347865 0.158543 1.04189 0.896978 0.132259 1.06862 0.423635 0.646239 0.791916 0.678499 0.540412 0.856711 0.568912 0.324017 0.27467 1.10017 0.86665 0.926708 0.788442 0.930001 0.525757
1.148 0.499576 0.840712 1.24186 0.509471 0.141001 0.712195 0.716334 1.00662 0.335685 0.36632 0.537731 0.180355 1.05563 0.459491 0.229992 0.362866 1.16895 0.460417 0.298009 0.939772 1.17856 0.502132 0.448485 0.622422 0.649933 0.967751 0.686908 0.567875 0.31691 0.52569 0.480499 0.914725 0.290575 0.572588 0.396545 0.254208 0.354362 0.559321 0.321591 0.320251 0.781393 0.127245 0.687976 0.548385 0.76353 0.812858 0.851339 0.77807 0.231275 0.626872 0.273621 0.428096 1.10376 0.442875 0.101413 1.03022 1.08774 0.2299 1.05032 0.454608 0.595157 0.529609 0.743929 0.671785 1.00491 0.367593 0.25404 0.104644 0.872851 1.08574 0.825302 0.530853 0.984154 0.702246
1.02896 0.701195 0.825434 1.134 0.556415 0.0959077 0.586435 0.648685 0.967478 0.443377 0.367682 0.535247 0.237822 1.0471 0.681301 0.437851 0.239687 1.25794 0.197518 0.148966 0.869984 1.06448 0.516617 0.300048 0.513651 0.715185 1.10649 0.736866 0.417115 0.125896 0.320795 0.579635 0.98987 0.469823 0.460624 0.251707 0.326358 0.146652 0.600184 0.39413 0.280644 0.81581 0.146063 0.5698 0.620897 0.864341 0.794167 0.868462 0.890455 0.209431 0.8614 0.349894 0.228396 1.18419 0.430831 0.261895 1.03992 0.887826 0.290298 1.0202 0.227308 0.68368 0.751936 0.600928 0.510083 0.822863 0.586667 0.342104 0.263375 1.00812 1.0839 0.868756 0.693931 0.964039 0.628989
1.09586 0.615763 0.892005 1.2059 0.509047 0.311686 0.711529 0.677135 1.11628 0.289199 0.300647 0.688969 0.259139 1.1343 0.568588 0.281071 0.223031 1.05528 0.427099 0.0677456 0.990589 1.06842 0.44165 0.218194 0.44155 0.567587 0.883478 0.711648 0.596961 0.306133 0.452879 0.556484 1.00774 0.492631 0.668004 0.276169 0.321815 0.285135 0.801788 0.295061 0.344866 0.84421 0.163914 0.520176 0.512365 0.644837 0.938605 0.721584 0.600236 0.0677982 0.63365 0.192836 0.255633 1.02866 0.437259 0.0426685 1.19857 0.927379 0.306752 1.19264 0.286019 0.459978 0.624659 0.642106 0.612589 0.925038 0.334131 0.477385 0.194858 1.00749 1.10926 1.10957 0.787489 1.09727 0.733658
1.14522 0.420846 0.794094 1.02015 0.553993 0.166682 0.475563 0.494357 1.14742 0.367796 0.438397 0.67875 0.0519242 1.11016 0.435684 0.256431 0.196887 1.12934 0.454291 0.179512 0.806637 1.13201 0.309359 0.209928 0.494701 0.613264 0.915757 0.857214 0.530406 0.0935219 0.337072 0.468028 0.981091 0.462852 0.437067 0.308231 0.172883 0.265667 0.689345 0.499845 0.153191 1.00105 0.0791401 0.510068 0.569448 0.685137 0.975864 0.724943 0.720519 0.12683 0.676084 0.254188 0.328599 1.19534 0.234529 0.163016 1.04753 0.847822 0.242192 1.29256 0.327845 0.685011 0.717267 0.683462 0.638503 1.01697 0.507239 0.313864 0.335233 1.0013 1.05268 0.967296 0.738015 0.948318 0.523411
1.02853 0.532612 0.964154 1.0987 0.444272 0.18956 0.757678 0.73482 1.08278 0.37545 0.49934 0.591532 0.197932 1.0869 0.580916 0.324585 0.323995 1.08676 0.391357 0.199971 0.767373 1.11634 0.41388 0.260961 0.457238 0.661044 0.952998 0.743538 0.478316 0.238582 0.532229 0.550706 1.0605 0.307839 0.448496 0.277819 0.11846 0.278513 0.531421 0.44089 0.283996 0.897886 0.115478 0.536584 0.601315 0.626963 1.03238 0.76246 0.733346 0.142539 0.789938 0.263629 0.441541 1.17105 0.36086 0.226284 1.12417 1.00172 0.0997392 1.12964 0.336291 0.558948 0.77879 0.691912 0.712473 0.780483 0.42143 0.437973 0.0717312 0.916468 1.01759 0.954018 0.594814 0.983615 0.608698
0.964314 0.478387 0.923363 0.971066 0.555045 0.0983931 0.675741 0.589826 1.10174 0.408024 0.558967 0.623972 0.297784 1.01832 0.504177 0.299444 0.226377 1.19079 0.274183 0.287173 0.971572 1.15109 0.357604 0.338527 0.547807 0.699397 1.00252 0.699603 0.567264 0.281289 0.298608 0.65229 0.861758 0.42979 0.57533 0.447476 0.11852 0.277102 0.654035 0.441887 0.219907 0.981935 0.269276 0.588564 0.610559 0.869491 0.898345 0.940134 0.803974 0.154467 0.797023 0.299786 0.32532 1.11052 0.29357 0.165444 1.19435 1.0397 0.127855 1.26851 0.35134 0.484101 0.60533 0.587146 0.573183 0.996511 0.480739 0.396845 0.326337 1.10242 0.955279 0.933838 0.610416 1.21566 0.590586
1.10897 0.679253 0.718784 1.17701 0.457887 0.319296 0.629316 0.543587 1.06662 0.259498 0.437785 0.669877 0.0606987 1.06556 0.555122 0.24991 0.400783 1.25322 0.215561 0.12976 0.97046 1.03871 0.479893 0.408736 0.45245 0.616638 0.928629 0.750869 0.561928 0.35662 0.488195 0.386058 0.858289 0.519877 0.472326 0.328535 0.182284 0.305173 0.668256 0.239401 0.315375 0.875741 0.228418 0.66289 0.702458 0.642531 0.917993 0.659744 0.764873 0.291746 0.77864 0.378536 0.335414 0.980148 0.371965 0.194182 0.997219 0.886952 0.111899 1.06849 0.236812 0.648402 0.757048 0.637793 0.680311 0.884604 0.452609 0.457214 0.166477 1.09185 0.909981 1.05402 0.525232 0.939408 0.747473
1.10088 0.582172 0.810941 1.0904 0.536566 0.301838 0.530611 0.720273 1.15923 0.315644 0.382824 0.496797 0.177379 1.0319 0.653411 0.432632 0.263693 0.967333 0.45405 0.250984 0.956895 1.17144 0.533039 0.337909 0.623577 0.762952 0.976879 0.716932 0.524887 0.322443 0.495287 0.596566 0.828241 0.286837 0.611348 0.294345 0.352332 0.160147 0.532891 0.496068 0.351044 0.841563 0.199839 0.686816 0.50932 0.8415 0.88755 0.679654 0.599833 0.144741 0.723968 0.129078 0.420623 1.074 0.522708 0.157281 1.01104 0.847343 0.109263 1.20521 0.429356 0.466907 0.513322 0.583828 0.654376 0.819827 0.466503 0.217634 0.252921 1.10387 0.988409 0.888741 0.604279 1.14291 0.561768
0.949481 0.450117 0.919481 1.19519 0.441623 0.109322 0.661538 0.590912 1.00899 0.281726 0.43235 0.459964 0.063713 0.970806 0.461285 0.395894 0.189912 1.12403 0.3234 0.135115 0.891901 1.01263 0.389046 0.27903 0.659923 0.667609 0.840413 0.602215 0.468338 0.0889334 0.347783 0.433753 1.04264 0.339475 0.458385 0.336177 0.264679 0.150812 0.720007 0.408296 0.262408 0.985188 0.123451 0.746212 0.532831 0.763176 0.99776 0.890352 0.682884 0.131214 0.908639 0.102835 0.303363 1.24777 0.499943 0.22639 1.03612 0.918927 0.270626 1.06004 0.247482 0.542382 0.647073 0.669002 0.719363 1.02596 0.588515 0.359001 0.0910309 1.02849 1.02396 0.933564 0.775818 1.06579 0.490575
1.11238 0.55185 0.720471 1.24844 0.591087 0.0729222 0.526756 0.625444 0.984483 0.539062 0.330795 0.639674 0.154379 1.06692 0.459083 0.40109 0.231893 1.24323 0.317838 0.205036 0.845277 0.932213 0.51614 0.223311 0.669263 0.636526 0.882814 0.675427 0.400043 0.108661 0.350636 0.585576 1.0532 0.420491 0.623186 0.44442 0.0873965 0.395164 0.552385 0.404697 0.163356 0.942134 0.0998115 0.564361 0.615708 0.829005 0.815258 0.649712 0.879884 0.345613 0.751042 0.338854 0.335778 1.27517 0.305386 0.139034 0.917507 0.928137 0.0709218 1.14052 0.493516 0.522533 0.751034 0.665269 0.633175 0.771709 0.325241 0.436948 0.130758 0.906313 0.993838 0.951697 0.538047 1.15695 0.786993
