25 75
1.25496 0.89654 1.0917 0.643474 0.896624 1.18277 0.338464 0.537714 0.90066 0.446044 0.659369 0.796464 0.66134 0.423866 0.414705 0.879376 0.414113 0.544771 1.10654 0.251759 0.8533 0.98442 0.724885 0.330024 0.269648 0.594468 0.734755 0.716127 0.355172 1.14499 0.427554 1.04875 0.591905 0.85071 0.836261 0.993823 0.328872 0.490265 0.382025 0.237046 0.866028 0.56195 0.534315 0.643184 0.349882 0.89515 0.970794 0.377596 0.648398 0.494428 0.287345 0.553049 0.857483 0.305684 0.677164 0.590783 0.505581 1.0231 0.305501 0.650741 0.180447 0.506532 1.16235 0.57432 1.09928 0.398644 0.903719 0.261493 0.246466 0.496849 1.03114 0.94996 0.472225 0.952998 0.0448545
1.0773 0.955998 1.06255 0.722209 1.01179 1.09287 0.388788 0.672771 0.988178 0.506587 0.689926 0.750856 0.818977 0.613237 0.283355 1.12281 0.159859 0.362018 1.04047 0.258838 1.05996 0.953499 0.85442 0.522571 0.0917501 0.586708 0.625679 0.742652 0.212655 0.915869 0.508522 0.893291 0.468558 0.834288 0.917392 1.02377 0.123376 0.571682 0.420817 0.234202 0.903352 0.701334 0.334947 0.373465 0.211174 1.09848 0.949679 0.218975 0.867538 0.294415 0.298546 0.764715 1.09126 0.152134 0.665763 0.687464 0.2591 1.08253 0.0825389 0.526239 0.245937 0.268861 1.20272 0.779192 1.0179 0.277669 0.719258 0.460262 0.434375 0.41016 0.940282 0.958472 0.405427 0.942347 0.096357
1.06955 0.97914 0.90585 0.620678 0.892294 0.969404 0.271372 0.624962 0.895618 0.629438 0.685611 0.848883 0.830944 0.468666 0.197384 1.01906 0.196675 0.416628 0.954718 0.116199 0.882417 0.961313 0.886455 0.408874 0.0790613 0.648908 0.503401 0.671241 0.440183 0.873858 0.603503 0.955284 0.727484 0.701143 0.861368 1.17945 0.195965 0.696753 0.413566 0.287468 0.890483 0.691367 0.307299 0.625136 0.32883 1.13423 1.12302 0.409536 0.738632 0.521359 0.227005 0.723948 1.06279 0.308668 0.803185 0.648694 0.322582 1.02204 0.376524 0.77683 0.131742 0.502623 1.092 0.666067 0.909927 0.39591 0.835485 0.287374 0.375081 0.581805 1.09888 0.743823 0.340579 0.76286 0.0483018
1.15302 0.965347 1.11145 0.612707 0.938871 0.988759 0.291031 0.444491 1.08793 0.444132 0.621268 0.803252 0.73407 0.55267 0.415906 1.07916 0.27851 0.30761 0.914249 0.276397 0.981521 0.821636 0.685839 0.439535 0.0759761 0.483094 0.520351 0.553394 0.220723 0.909993 0.458471 1.05151 0.739104 0.726772 0.969995 1.10645 0.332046 0.501458 0.34296 0.258485 0.986538 0.434839 0.474004 0.583339 0.454674 0.995835 1.10843 0.433014 0.62995 0.396582 0.0637174 0.549463 0.859418 0.25781 0.776068 0.818108 0.471872 0.850035 0.169449 0.503269 0.081625 0.474361 1.23572 0.630837 1.02859 0.369032 0.769018 0.344668 0.320365 0.398426 1.02285 0.768569 0.424983 0.823329 0.0622104
1.20878 0.888603 1.10646 0.672437 0.943827 1.01115 0.549068 0.504781 0.901155 0.555109 0.549618 0.767178 0.796322 0.368683 0.15401 0.894334 0.146271 0.393891 1.108 0.10946 1.0175 1.01674 0.946859 0.29443 0.109439 0.641254 0.6951 0.699926 0.324003 0.994879 0.451576 0.869592 0.489643 0.654486 0.827397 1.13867 0.189291 0.540919 0.360318 0.357091 0.851286 0.437342 0.350227 0.605158 0.195058 1.09283 1.16232 0.331071 0.862023 0.473098 0.143172 0.708957 1.07247 0.285059 0.66663 0.580772 0.391063 0.97398 0.0813173 0.694805 0.0505542 0.440266 0.999723 0.803731 0.860713 0.224043 0.874836 0.181731 0.382492 0.554154 1.12116 0.845247 0.535276 0.869886 0.0634072
1.23829 0.917655 0.842133 0.630348 1.10914 1.1078 0.513253 0.515944 0.989313 0.607089 0.604552 0.641678 0.861502 0.561325 0.24268 1.15389 0.162869 0.341151 1.12764 0.212363 1.02729 1.05131 0.764264 0.382404 0.224032 0.595592 0.543489 0.794721 0.369959 1.14054 0.332523 0.829662 0.522685 0.811161 0.780513 1.18815 0.0854446 0.636143 0.395359 0.394597 0.706813 0.525474 0.37413 0.486607 0.461729 1.07956 1.12405 0.422093 0.880115 0.512887 0.276751 0.67793 1.11885 0.263603 0.67944 0.664578 0.408466 0.840361 0.278505 0.731558 0.0512435 0.35523 1.01367 0.641951 0.811025 0.395305 0.83846 0.365696 0.379092 0.443849 1.12662 0.860192 0.39888 0.764047 0.280727
1.2303 0.852079 1.09314 0.571822 0.93822 1.04789 0.34569 0.681116 1.03272 0.503746 0.483933 0.758917 0.859133 0.428171 0.167312 1.04823 0.38917 0.385561 0.921459 0.309813 0.994074 0.794246 0.974432 0.482997 0.153393 0.676008 0.519485 0.758914 0.298949 1.09157 0.410245 0.866802 0.485509 0.739095 0.80061 1.20594 0.0924127 0.626911 0.471983 0.433169 0.712967 0.615582 0.390056 0.396115 0.291076 1.09468 0.92852 0.492956 0.655262 0.365425 0.216497 0.578018 0.874122 0.226158 0.690826 0.802203 0.46559 0.880264 0.152446 0.572098 0.264452 0.460473 1.22152 0.547235 1.02459 0.40209 0.820915 0.430387 0.248276 0.403573 0.948371 0.777631 0.501455 0.967969 0.279075
1.11413 0.883668 1.0806 0.71185 0.93021 1.1531 0.324609 0.657261 0.930701 0.578957 0.695065 0.739375 0.930692 0.429744 0.199781 1.07196 0.176655 0.372122 1.10685 0.0977963 0.874083 0.889728 0.887632 0.517256 0.161424 0.721795 0.518299 0.676744 0.219053 0.983315 0.373157 1.06963 0.593759 0.665828 0.763535 1.01212 0.0985305 0.719839 0.420024 0.194444 0.792697 0.695516 0.340369 0.391654 0.212019 1.1518 1.06564 0.395814 0.823805 0.466058 0.142718 0.720326 0.924236 0.312162 0.705304 0.602464 0.373061 1.03698 0.13116 0.695364 0.183476 0.36437 1.21319 0.75938 0.972704 0.240994 0.717807 0.233978 0.230253 0.564589 0.971408 0.826121 0.402117 0.903155 0.0381959
1.18513 0.997295 1.10521 0.547595 1.14719 1.01008 0.38661 0.71634 0.983597 0.642483 0.744588 0.805115 0.75249 0.559595 0.253106 1.00574 0.183705 0.439989 0.901783 0.374728 0.927242 0.967337 0.830089 0.352479 0.344836 0.473141 0.76843 0.711279 0.306965 1.13622 0.385245 0.92973 0.567804 0.814125 0.841065 1.07645 0.267386 0.581379 0.371351 0.180853 0.865279 0.429318 0.460401 0.514561 0.406723 1.17962 1.13052 0.453352 0.67394 0.374619 0.156382 0.763491 0.916908 0.166263 0.622598 0.796598 0.453303 0.973265 0.199812 0.584777 0.105475 0.268046 1.24023 0.55761 1.05226 0.36734 0.701563 0.280573 0.436628 0.358728 0.889128 0.954972 0.585691 0.903482 0.103076
1.19338 0.867401 0.984713 0.547516 1.15401 1.02927 0.55184 0.713594 1.12986 0.44301 0.747396 0.708967 0.677135 0.534552 0.256925 1.11424 0.1697 0.392921 1.01303 0.152709 0.806679 0.913169 0.74402 0.467056 0.251935 0.552157 0.631516 0.572932 0.247312 1.11051 0.332055 1.02594 0.59252 0.679806 0.786344 0.964114 0.209259 0.683334 0.411652 0.397882 0.799953 0.440648 0.476931 0.663136 0.429968 1.0673 1.00509 0.367994 0.645414 0.474844 0.260879 0.712003 1.03599 0.160254 0.710014 0.787902 0.353322 0.944043 0.257667 0.590524 0.269257 0.32143 1.09699 0.62338 1.04683 0.411312 0.864114 0.213954 0.34204 0.334662 1.00352 0.982719 0.588005 0.864351 0.0645878
1.1702 0.860893 0.930066 0.619358 0.912345 1.03004 0.415262 0.541846 1.15573 0.458664 0.702985 0.866114 0.892986 0.359588 0.26907 1.17603 0.385839 0.328884 0.901821 0.195507 0.960562 0.841333 0.920887 0.309046 0.345832 0.708258 0.597897 0.610427 0.200538 0.906231 0.396396 0.831115 0.485577 0.860157 0.895993 1.12964 0.133513 0.736972 0.22301 0.328717 0.954381 0.594369 0.46095 0.38371 0.220403 1.13595 1.0329 0.313206 0.818274 0.553414 0.355327 0.718754 0.905631 0.267199 0.669439 0.624885 0.278649 0.836664 0.114206 0.614875 0.343514 0.320842 1.17365 0.681467 1.06607 0.254473 0.775088 0.334899 0.348752 0.573322 0.944705 0.788119 0.469536 0.797025 0.293331
0.982824 0.927383 0.909579 0.688368 1.12463 1.05315 0.285924 0.453043 1.00104 0.524774 0.679582 0.803027 0.944968 0.433459 0.157528 1.05859 0.190907 0.525491 1.13522 0.350989 0.904994 0.990278 0.816479 0.226709 0.153402 0.748565 0.654627 0.676749 0.458105 1.02985 0.566626 1.02392 0.711091 0.838506 0.880658 1.19523 0.179159 0.601155 0.345908 0.419313 0.843251 0.699313 0.373572 0.498045 0.232921 0.885335 1.06979 0.20717 0.629359 0.30604 0.242853 0.665952 0.839191 0.141805 0.673769 0.654214 0.504353 0.961883 0.0898119 0.494293 0.217606 0.416123 1.26846 0.748 1.10061 0.261569 0.671115 0.207217 0.409769 0.486182 1.07932 0.993486 0.335662 0.773021 0.115038
1.2421 1.13117 1.10921 0.562633 0.951251 1.19903 0.3483 0.528447 0.965531 0.663973 0.580187 0.749989 0.797763 0.463382 0.215125 0.966812 0.311484 0.461987 0.906348 0.0930331 0.997948 0.951471 0.833567 0.35279 0.130882 0.473943 0.689819 0.570158 0.294656 1.15916 0.335336 0.986607 0.470624 0.788858 1.01442 1.12789 0.131239 0.727173 0.379665 0.280741 0.897418 0.547812 0.307875 0.569136 0.380554 1.0186 1.0262 0.328156 0.787344 0.459569 0.310247 0.664774 1.03474 0.117717 0.638856 0.5379 0.363939 1.05588 0.206172 0.727577 0.280825 0.260262 1.19454 0.571766 1.03169 0.285876 0.668978 0.189135 0.389335 0.445434 1.06932 0.70302 0.52556 0.990998 0.0339133
1.23519 1.10613 1.0788 0.664413 1.07285 1.20724 0.336079 0.483811 1.09491 0.567581 0.75087 0.601345 0.896937 0.473121 0.31941 1.0851 0.251688 0.392963 1.18375 0.219939 1.00097 0.877693 0.888487 0.505168 0.0882521 0.496146 0.527213 0.5533 0.438025 1.08089 0.353492 1.07874 0.692724 0.769716 0.857428 1.25148 0.199684 0.64696 0.384342 0.286763 0.883941 0.468183 0.44825 0.502795 0.408767 0.996511 1.05249 0.427775 0.799836 0.334563 0.244681 0.708477 0.962449 0.0483392 0.857688 0.72559 0.530442 0.924699 0.200878 0.766607 0.205873 0.513953 1.23093 0.737711 1.09299 0.266352 0.721887 0.356994 0.377838 0.539497 0.869823 0.778781 0.512265 0.777004 0.271735
1.23353 1.12784 1.07078 0.680445 0.924039 1.18336 0.413733 0.59088 1.16451 0.649022 0.522972 0.735574 0.718921 0.50582 0.240409 0.937418 0.204913 0.43489 1.19695 0.187886 0.847433 0.836623 0.861165 0.488572 0.316528 0.744639 0.579725 0.561512 0.459002 1.02668 0.575118 0.829029 0.764047 0.8978 0.892325 1.14321 0.328972 0.653513 0.311531 0.451657 0.997993 0.70984 0.501789 0.654544 0.251828 1.05171 0.965496 0.344068 0.705455 0.362149 0.136033 0.514573 0.847284 0.228439 0.610407 0.657616 0.292815 0.975227 0.290129 0.76101 0.179623 0.393658 1.18853 0.693839 0.951254 0.414596 0.806561 0.450673 0.416651 0.352613 0.908379 0.751107 0.572318 0.787503 0.258334
0.983514 1.06612 1.12774 0.529733 1.02708 0.928466 0.466886 0.559074 1.13507 0.696523 0.46817 0.849625 0.939792 0.502711 0.246945 1.00251 0.203777 0.497355 1.10335 0.296477 1.07637 0.883098 0.69744 0.262746 0.172913 0.762605 0.759316 0.794069 0.446287 1.05854 0.448938 1.03253 0.506374 0.708499 0.772456 1.25631 0.132216 0.737925 0.23436 0.282025 0.70618 0.615517 0.431233 0.515842 0.333669 1.16734 1.0212 0.45429 0.869804 0.306174 0.182041 0.664298 0.871453 0.166951 0.769554 0.798656 0.249183 1.01548 0.295646 0.70443 0.0905478 0.384845 1.20082 0.590891 0.83648 0.216276 0.901941 0.209053 0.278526 0.333554 1.09298 0.752336 0.393171 0.779136 0.117942
1.10042 0.896065 0.83947 0.61686 0.962834 0.94895 0.391105 0.712399 1.1581 0.661308 0.724187 0.741017 0.757537 0.476952 0.339146 1.13388 0.424732 0.44915 0.997231 0.0939112 0.921604 0.977681 0.75379 0.380129 0.240476 0.687818 0.746246 0.558028 0.344816 0.862774 0.420751 0.815963 0.537522 0.703257 0.864778 1.00822 0.173891 0.749134 0.427262 0.366745 0.936629 0.508161 0.451918 0.601976 0.327364 1.17958 0.896373 0.294544 0.749891 0.34544 0.214949 0.698981 0.941629 0.0902225 0.630686 0.802112 0.485028 1.04548 0.321674 0.75223 0.127333 0.346353 1.19429 0.791071 0.847717 0.425089 0.912025 0.418397 0.292258 0.381272 0.870933 0.755601 0.421907 0.821776 0.0681241
1.18594 1.08827 0.926119 0.595887 0.95119 1.16547 0.276332 0.490516 0.971978 0.604776 0.705294 0.829125 0.782272 0.457107 0.214491 1.05305 0.254164 0.529993 0.936582 0.304097 0.823349 0.803463 0.809983 0.353775 0.345769 0.52309 0.762761 0.773006 0.219591 1.01741 0.481255 0.892128 0.667571 0.927745 0.913951 1.10861 0.174163 0.749225 0.411151 0.439981 0.795964 0.461802 0.53775 0.603325 0.327725 1.01074 0.979708 0.258501 0.614462 0.384543 0.11097 0.602099 0.880097 0.061687 0.653868 0.720031 0.466466 0.998462 0.23891 0.747402 0.187701 0.406241 1.00465 0.75987 0.986295 0.158949 0.69952 0.398976 0.26391 0.416592 1.0488 0.919955 0.553655 0.835708 0.166467
1.11317 1.10813 0.896586 0.51724 0.923822 1.07646 0.383304 0.691078 1.04619 0.456267 0.494136 0.842616 0.737023 0.39056 0.156323 1.03895 0.415275 0.573743 1.11179 0.330276 0.964849 0.9203 0.790287 0.309916 0.126725 0.564939 0.704461 0.61487 0.356408 1.1186 0.425452 0.99089 0.536946 0.671854 0.807503 1.12698 0.112778 0.75098 0.37937 0.441087 0.923075 0.4721 0.350039 0.52585 0.40005 1.10957 1.10837 0.458481 0.656854 0.534877 0.0876904 0.52468 0.945623 0.279245 0.722502 0.766551 0.326096 0.908633 0.0864823 0.724937 0.100726 0.284381 1.16691 0.586574 1.07394 0.305907 0.718724 0.431437 0.47406 0.502588 1.11983 0.939398 0.452217 0.800656 0.0572532
1.12738 0.974139 0.877044 0.752206 1.01645 1.06456 0.500013 0.580345 1.04347 0.669015 0.623973 0.752395 0.676614 0.587088 0.383593 1.02597 0.336318 0.484517 0.929049 0.330052 0.903349 0.854651 0.969862 0.517102 0.345341 0.50438 0.76583 0.837048 0.201073 1.12399 0.489129 0.806208 0.499017 0.877734 0.905857 1.01939 0.0641148 0.612291 0.376262 0.256049 0.734061 0.454856 0.28213 0.608268 0.405741 0.980659 1.16889 0.447382 0.680164 0.364304 0.25571 0.602229 0.928583 0.191719 0.754894 0.564274 0.525607 0.923588 0.154981 0.751888 0.0937335 0.501709 1.14709 0.641978 0.962027 0.428772 0.815234 0.279983 0.42891 0.338199 0.938663 0.86702 0.566666 0.834605 0.290765
1.21929 1.14134 1.02539 0.599549 0.938224 1.10768 0.517896 0.46545 1.04371 0.571252 0.535445 0.847739 0.913432 0.430889 0.348482 1.16746 0.164213 0.489026 1.07424 0.149084 0.916208 1.06253 0.929884 0.233282 0.323495 0.647575 0.663594 0.567521 0.247795 1.08726 0.563248 0.865429 0.521204 0.646638 0.772342 0.960884 0.306543 0.69755 0.386498 0.463662 0.927735 0.661851 0.481106 0.639429 0.186176 0.903316 0.926317 0.401715 0.629703 0.304351 0.342826 0.602405 0.977746 0.302394 0.848056 0.732804 0.290709 1.01856 0.195689 0.541989 0.306204 0.306084 1.08782 0.552908 1.00556 0.269077 0.731892 0.334165 0.382269 0.53676 0.878697 0.851568 0.583276 0.906698 0.218335
0.999038 0.958081 1.04436 0.621367 1.13168 1.16453 0.296728 0.586627 1.08167 0.69298 0.668857 0.835879 0.858332 0.598861 0.412917 1.06667 0.333318 0.331898 1.03851 0.213155 0.839602 1.03399 0.703308 0.489544 0.206714 0.681951 0.652703 0.658582 0.241659 1.12817 0.323881 0.837523 0.622379 0.809516 0.746533 0.975763 0.302768 0.674595 0.248922 0.249048 0.741753 0.498827 0.517033 0.421821 0.288687 1.17061 1.02428 0.339263 0.886418 0.389301 0.336417 0.792616 0.979522 0.186441 0.871516 0.644808 0.43774 0.830198 0.132426 0.488808 0.080708 0.434424 0.99399 0.833335 1.06897 0.206392 0.662439 0.23417 0.470347 0.526892 1.08194 0.801132 0.34366 0.830831 0.28131
1.09734 1.03952 1.12232 0.745988 1.15254 1.16711 0.518552 0.423034 0.992766 0.428192 0.478435 0.778365 0.667299 0.379 0.430104 1.13088 0.202766 0.495224 0.974502 0.088048 1.05859 0.894922 0.83124 0.350047 0.108853 0.716607 0.792566 0.777657 0.288359 0.972805 0.321277 0.932794 0.578088 0.795872 0.869981 1.20658 0.217156 0.632401 0.500737 0.219632 0.834355 0.43353 0.270935 0.653246 0.255876 1.11912 1.08127 0.501381 0.75573 0.304779 0.268005 0.681705 1.10812 0.161441 0.644071 0.822399 0.244067 1.01084 0.338036 0.62805 0.191587 0.302451 1.25813 0.722373 0.905847 0.27524 0.662564 0.334448 0.266414 0.339384 1.08872 0.904156 0.50362 0.795004 0.317588
1.0808 1.03038 0.874498 0.573431 1.10416 1.03135 0.556414 0.547056 0.993693 0.686057 0.523983 0.737908 0.721316 0.373247 0.374027 0.92166 0.419036 0.450314 1.18828 0.319163 0.932329 0.950008 0.794911 0.399331 0.139432 0.599894 0.697179 0.715774 0.202208 0.883097 0.570328 1.06632 0.473312 0.883131 0.725397 1.02803 0.132255 0.719446 0.270377 0.419422 0.990809 0.450229 0.300757 0.51925 0.466428 1.03409 0.988054 0.276358 0.747433 0.5269 0.0796301 0.587333 0.855674 0.304902 0.76314 0.749351 0.475746 1.01367 0.10624 0.574693 0.343719 0.400049 1.03522 0.618662 0.832561 0.232917 0.69283 0.209018 0.272492 0.576523 1.0566 0.825422 0.43962 0.815784 0.0319304
1.20345 1.05468 1.0869 0.749664 1.15692 1.14144 0.483073 0.705141 1.17098 0.510912 0.679999 0.596465 0.762706 0.412881 0.432748 1.09329 0.156872 0.575918 1.11197 0.367639 0.932665 0.811791 0.810571 0.417138 0.219608 0.677299 0.668463 0.794092 0.332708 0.89524 0.454897 0.904263 0.647483 0.702033 1.01447 1.23368 0.283066 0.686562 0.319766 0.261791 0.775468 0.49917 0.365037 0.495862 0.342561 1.15111 1.11425 0.372005 0.628369 0.317863 0.149056 0.736255 0.864891 0.0700925 0.763073 0.683697 0.255834 0.89462 0.0853703 0.625653 0.0691597 0.502146 1.06147 0.616487 0.88112 0.187626 0.928994 0.273241 0.39616 0.528094 1.01767 0.702011 0.424361 0.754122 0.0543566
