25 75
0.290219 0.07622 0.787671 0.646939 0.877604 1.06932 0.530055 1.10516 0.818939 1.12677 0.867286 0.716805 0.732138 0.751216 0.886377 0.249435 0.937875 0.688459 0.888678 0.97834 0.933321 0.356752 0.439616 0.443337 1.02601 0.66831 0.127272 0.470977 0.735954 0.892302 1.26544 0.744301 0.518185 0.290885 0.633227 0.58291 0.584717 0.186693 0.519213 0.772369 1.10023 0.377559 0.837998 0.755849 0.524874 0.630208 1.13993 0.959616 0.293753 0.916114 1.04166 0.284419 0.40702 0.984439 0.268631 0.878583 1.14112 1.0308 0.339151 0.820403 0.678941 0.595434 0.615576 0.873621 0.673354 0.797039 0.982294 0.23115 0.84247 0.129183 0.571062 0.493922 0.765101 0.879969 0.56397
0.442398 0.081763 0.729004 0.65397 1.01163 1.24145 0.664402 0.994638 0.965315 1.0714 0.890549 0.552475 0.566337 0.869358 0.776952 0.207898 0.730176 0.507956 1.11431 0.971717 0.770408 0.423424 0.516142 0.601622 1.14651 0.607274 0.0583495 0.560249 0.729973 0.983813 1.23534 0.500508 0.62269 0.120036 0.689764 0.792297 0.5056 0.284241 0.364922 0.733281 0.913908 0.308544 0.825336 0.584275 0.437526 0.753974 0.95016 0.839866 0.242029 0.825501 1.05646 0.388622 0.221121 1.13518 0.35727 0.88401 1.12 0.792003 0.323844 0.813334 0.917093 0.679333 0.402408 0.993163 0.539524 0.650319 0.909204 0.325023 0.841008 0.392286 0.408321 0.298794 0.845547 0.77155 0.570157
0.406432 0.349083 0.879229 0.61805 1.00851 1.25139 0.580397 1.12174 0.830563 1.04872 0.734432 0.562627 0.619723 0.799864 0.914957 0.241308 0.738378 0.67633 0.831303 0.956186 0.815402 0.413886 0.338324 0.551985 0.994731 0.797314 0.0490387 0.680954 0.700524 0.876059 1.13452 0.662171 0.554814 0.269461 0.708645 0.623514 0.534089 0.12603 0.467955 0.765304 1.0777 0.448267 0.786941 0.77612 0.383335 0.776012 1.1947 0.860458 0.219668 0.919227 0.921842 0.276331 0.189676 1.08775 0.18073 0.974095 0.924112 0.981697 0.0871529 0.853143 0.819779 0.582913 0.617515 1.00653 0.62377 0.634941 0.801507 0.415786 0.645346 0.160596 0.653365 0.477428 0.933245 0.973963 0.700264
0.304676 0.296258 0.816441 0.377692 0.827563 1.05783 0.614226 0.916261 0.979587 1.21139 0.884264 0.693982 0.696014 0.98278 0.796678 0.207241 0.771512 0.47384 0.908412 0.909566 1.00589 0.401403 0.50522 0.711275 1.18551 0.857694 0.114566 0.590118 0.788197 0.986978 1.064 0.560684 0.511199 0.164013 0.726096 0.503734 0.413922 0.388168 0.512292 0.695543 1.0059 0.419538 0.853695 0.862896 0.519663 0.535938 1.03811 0.945278 0.164461 0.863628 0.878973 0.357578 0.460529 1.23075 0.257809 0.911472 0.994797 0.991905 0.377931 0.801694 0.797834 0.732836 0.370479 0.824657 0.629392 0.869714 0.992884 0.35104 0.78408 0.391815 0.426473 0.423089 0.939636 0.808568 0.8297
0.235093 0.171384 0.918676 0.364461 0.987982 1.01192 0.564878 1.13175 0.799699 1.15273 0.814838 0.549784 0.57771 0.970678 0.900761 0.148777 0.963362 0.624104 1.00342 1.05901 0.985024 0.593677 0.478822 0.62136 1.08492 0.863282 0.307382 0.45757 0.5965 0.973846 0.98534 0.683068 0.66232 0.0704599 0.622691 0.540986 0.579775 0.374855 0.308788 0.764838 0.984645 0.351323 0.830039 0.811088 0.295052 0.788716 1.06698 1.0115 0.252768 0.857856 1.13013 0.37651 0.264209 1.22517 0.301984 0.86645 0.946434 1.00571 0.290187 0.803343 0.670991 0.647258 0.331913 0.741428 0.606567 0.711808 0.905969 0.275442 0.689408 0.314223 0.639828 0.297629 0.851303 0.843239 0.574571
0.172528 0.32022 0.787138 0.50116 0.927446 1.17229 0.537979 1.07319 1.02188 0.982457 0.719009 0.635473 0.558837 1.00203 0.893256 0.0819877 0.966652 0.420611 0.854368 1.06902 0.765101 0.347073 0.597402 0.452956 1.05505 0.764524 0.141683 0.643623 0.661115 1.00311 1.14815 0.714836 0.739015 0.0926349 0.59968 0.653561 0.352856 0.284104 0.423142 0.768604 0.977751 0.473947 0.740153 0.691755 0.420761 0.600633 1.12953 1.0447 0.0908395 0.851268 1.06533 0.175437 0.467949 1.25632 0.334297 0.70466 0.920257 0.983771 0.21572 0.965239 0.958178 0.645426 0.599794 0.820138 0.523128 0.890036 0.863199 0.308825 0.889462 0.40821 0.459361 0.562498 0.836971 1.00845 0.807372
0.405325 0.341979 0.79665 0.650929 0.957597 0.995918 0.577205 1.08223 0.884818 1.21858 0.841842 0.43808 0.803707 0.921142 0.891879 0.203987 0.852584 0.455008 0.999249 1.10305 1.00562 0.488837 0.504507 0.709577 1.09511 0.674062 0.275871 0.476486 0.575231 0.856112 1.03488 0.596129 0.446575 0.064145 0.481935 0.541202 0.458232 0.300774 0.466361 0.737787 1.09059 0.485504 0.637329 0.63184 0.543923 0.557623 1.0805 0.871389 0.0611141 0.820618 1.03765 0.219476 0.190115 1.04216 0.294562 0.900603 0.94228 0.886919 0.223466 0.867166 0.769895 0.541954 0.616369 0.876345 0.494344 0.901953 0.780336 0.421077 0.777995 0.324585 0.668096 0.556122 0.792485 0.915895 0.750152
0.247079 0.139839 0.777755 0.565211 0.949987 1.02761 0.537411 1.08196 1.00526 1.20861 0.94769 0.550551 0.54338 0.989535 0.859598 0.080308 0.867801 0.489815 0.887156 0.892993 0.836966 0.552882 0.488147 0.683764 1.15336 0.656155 0.0838866 0.65204 0.740446 0.789508 0.993861 0.626784 0.615377 0.137232 0.696465 0.660746 0.565826 0.340006 0.269911 0.924891 0.895176 0.372653 0.843656 0.691804 0.538485 0.781661 1.05299 0.787949 0.134927 0.823747 1.03316 0.38819 0.407257 1.07681 0.345676 0.940507 0.90619 0.963615 0.248892 0.849521 0.831676 0.587465 0.49463 0.722631 0.511306 0.909396 0.911646 0.340213 0.697551 0.244551 0.52998 0.409567 0.85029 0.987704 0.649223
0.386892 0.337467 0.777831 0.36658 0.837652 0.979322 0.449419 0.927435 0.833339 1.04032 0.697217 0.548427 0.58916 0.957723 0.763314 0.118223 0.835971 0.467032 1.04738 1.04951 1.01674 0.567513 0.518819 0.545366 1.01694 0.689326 0.0796995 0.580948 0.68232 0.839263 1.22156 0.659713 0.518004 0.349747 0.480399 0.690635 0.447365 0.397933 0.265457 0.706675 1.11017 0.353044 0.613778 0.871301 0.289062 0.698428 1.01358 1.06105 0.194471 0.688439 0.927219 0.260291 0.434695 1.17648 0.145886 0.836663 1.03997 0.757548 0.253517 0.875284 0.842778 0.623678 0.622753 0.962307 0.422028 0.912678 0.883694 0.286826 0.845554 0.30573 0.620563 0.509584 0.952261 0.91934 0.636478
0.268424 0.0998686 0.991777 0.503796 0.92465 1.20638 0.486874 1.04874 0.941585 1.05443 0.712207 0.630506 0.792185 0.912764 0.88535 0.15583 0.825412 0.609642 1.04019 0.908392 0.764436 0.545489 0.359835 0.419326 1.25783 0.631282 0.0948444 0.566084 0.543726 0.844333 1.15637 0.597133 0.623196 0.202614 0.720916 0.590904 0.610887 0.191764 0.3106 0.699932 1.02379 0.397222 0.626026 0.716126 0.337017 0.791539 0.960916 0.921555 0.242334 0.866025 0.914205 0.416093 0.337267 1.22006 0.259468 0.707908 1.12924 0.811593 0.350756 1.02289 0.849565 0.584199 0.47726 0.988554 0.468921 0.723514 0.812726 0.442535 0.906124 0.270447 0.644556 0.328112 0.93513 0.767586 0.558132
0.446101 0.179541 1.00176 0.629447 0.845971 1.11815 0.648008 1.02175 0.909763 1.10994 0.723516 0.517141 0.803415 0.898177 0.964544 0.17908 0.82679 0.527908 0.889175 1.17601 0.875002 0.420357 0.408259 0.478738 1.21607 0.611006 0.160441 0.510856 0.624635 0.955553 1.21378 0.619137 0.625989 0.276457 0.48799 0.734674 0.361607 0.366878 0.487069 0.703519 0.944333 0.426866 0.663091 0.816605 0.459508 0.639376 1.0623 0.874086 0.0610544 0.834674 1.03952 0.40678 0.376417 1.21897 0.289749 0.808864 0.871756 0.993488 0.217238 0.799396 0.827766 0.512258 0.604086 0.832494 0.521148 0.636931 0.944457 0.456852 0.825823 0.277182 0.408051 0.326074 0.806908 1.02686 0.5794
0.237991 0.144961 1.00472 0.494174 0.79064 1.21413 0.656825 1.01889 0.781855 0.973841 0.743957 0.631488 0.763286 1.02373 1.00818 0.0998918 0.813177 0.6534 0.870341 1.07809 0.949228 0.377444 0.342092 0.616635 1.18828 0.84973 0.0970484 0.446865 0.660434 0.824253 1.23753 0.549062 0.628014 0.317172 0.538461 0.531009 0.584796 0.254778 0.341527 0.715098 1.00477 0.471555 0.673491 0.74465 0.514421 0.597946 0.981587 0.777984 0.236708 0.673012 0.887728 0.430923 0.446577 1.13384 0.188137 0.873326 1.14232 0.913708 0.373226 1.03166 0.966164 0.693631 0.518049 0.774484 0.686726 0.852017 0.875274 0.502273 0.820153 0.256489 0.535436 0.421074 0.915593 0.785279 0.806606
0.247564 0.13518 0.93663 0.480365 0.776934 1.0757 0.649593 1.10821 0.748097 1.09314 0.851498 0.567833 0.522666 0.901756 0.827598 0.13853 0.770932 0.506764 1.00208 1.02223 0.844086 0.472397 0.321487 0.639512 1.16517 0.821449 0.287264 0.484816 0.780629 0.982842 1.04071 0.548436 0.599561 0.124561 0.561964 0.735769 0.340499 0.246919 0.526547 0.750313 0.877887 0.367566 0.755679 0.846226 0.395544 0.682603 0.988244 0.814589 0.0287779 0.75222 0.863619 0.2399 0.197248 1.09836 0.3294 0.765914 0.916445 1.03883 0.090018 0.862677 0.893667 0.6616 0.536009 0.990351 0.649001 0.811708 0.979199 0.479928 0.670137 0.247829 0.630147 0.536868 1.03835 0.749406 0.675918
0.444544 0.143002 0.851332 0.422427 0.941914 1.08292 0.601641 0.985521 0.903911 1.19057 0.851205 0.508673 0.672344 0.992907 0.896544 0.159578 0.723003 0.613567 0.830584 1.01212 1.0182 0.500036 0.553351 0.656606 1.1463 0.831173 0.300598 0.620851 0.759565 0.956209 1.25219 0.549749 0.498991 0.278267 0.673726 0.680405 0.467507 0.207241 0.396737 0.848363 0.9766 0.569148 0.844422 0.861171 0.257433 0.584304 1.20999 0.993368 0.141164 0.911486 0.966096 0.398432 0.390435 1.09104 0.0980532 0.856704 1.1333 1.04271 0.202358 0.91656 0.80068 0.519568 0.460882 0.877884 0.518157 0.834415 0.85521 0.473393 0.828282 0.238662 0.573208 0.315131 1.02143 1.01506 0.786051
0.320106 0.0512502 0.938924 0.400667 0.94603 1.08918 0.553625 1.0214 0.951942 1.10603 0.764161 0.614943 0.765772 0.972966 0.873468 0.343015 0.980805 0.675096 0.84986 1.0741 1.00661 0.43688 0.429362 0.471578 0.99762 0.697305 0.274198 0.486418 0.536579 0.991925 1.11787 0.716571 0.689723 0.159861 0.736674 0.712268 0.450922 0.287565 0.271749 0.787596 0.986993 0.481137 0.668289 0.670438 0.270767 0.638316 1.22615 0.800237 0.149929 0.699226 1.08643 0.345122 0.206052 1.00282 0.231564 0.895622 1.09056 1.03087 0.383647 0.898711 0.842458 0.536713 0.488232 0.758226 0.408829 0.866156 0.973302 0.458539 0.743785 0.395498 0.606774 0.552562 0.969366 0.944641 0.679906
0.21648 0.0989547 0.894701 0.392406 0.888971 1.03053 0.522817 1.02422 0.96059 1.02297 0.775598 0.495163 0.574563 0.920683 0.904453 0.332578 1.01518 0.473202 0.828768 1.02657 0.989934 0.449347 0.576782 0.629991 1.01688 0.877954 0.275731 0.677902 0.572528 0.869008 1.08821 0.756012 0.599242 0.0597979 0.63621 0.567688 0.442999 0.288784 0.340062 0.68233 1.04952 0.457273 0.681205 0.677196 0.465242 0.710797 1.15063 0.889927 0.141116 0.842456 0.971065 0.198136 0.436543 0.992471 0.297694 0.791729 0.972802 0.969201 0.33516 1.02921 0.756637 0.656815 0.40394 0.940234 0.446299 0.721249 1.01386 0.220803 0.733791 0.373658 0.678166 0.278222 0.753442 0.756258 0.840251
0.156999 0.316928 0.908955 0.418082 0.976916 1.02927 0.432335 1.06581 0.754441 1.12574 0.737738 0.66676 0.626967 0.922986 0.858444 0.345284 0.910485 0.524781 0.97976 0.986327 0.847063 0.525988 0.510788 0.579297 1.16005 0.772703 0.159047 0.465172 0.797552 0.926393 1.19868 0.660567 0.687647 0.146321 0.744452 0.707809 0.552762 0.307213 0.281622 0.690738 1.11904 0.492414 0.678689 0.820714 0.412473 0.581809 1.22669 0.80305 0.287669 0.783659 1.04327 0.411617 0.220308 1.00694 0.149649 0.808494 1.09331 0.796458 0.0942581 1.00813 0.752146 0.672775 0.541603 0.89194 0.579321 0.839979 1.02011 0.435056 0.714741 0.190897 0.606549 0.563736 0.822748 0.957716 0.723879
0.246932 0.164434 0.847949 0.614064 0.894688 1.03083 0.447116 0.979896 0.729475 1.16265 0.875357 0.577574 0.539715 0.828704 1.03005 0.102528 0.954245 0.560431 0.824735 1.07463 0.988378 0.487567 0.457357 0.571969 1.10127 0.870328 0.0575596 0.672254 0.570618 0.745514 1.03273 0.514197 0.448271 0.257695 0.713062 0.764388 0.504974 0.128001 0.5068 0.6717 0.978558 0.348549 0.786165 0.635645 0.443657 0.809049 1.21503 0.972628 0.255783 0.911523 1.12982 0.275063 0.415055 1.23182 0.244237 0.879027 0.917573 0.861386 0.138074 0.955576 0.762992 0.478984 0.422986 0.851345 0.39107 0.742521 0.915429 0.435934 0.681151 0.393914 0.590844 0.325609 0.879788 0.974281 0.807314
0.184425 0.310612 0.796051 0.577771 0.990701 1.04134 0.643723 0.914636 1.02093 1.09515 0.721175 0.432848 0.719316 1.0096 0.76728 0.0917285 0.819031 0.435567 0.83067 1.16375 0.89262 0.564261 0.493153 0.627544 1.09567 0.745567 0.195707 0.438232 0.788863 1.02172 1.0044 0.474069 0.462123 0.0645005 0.619871 0.768085 0.624019 0.333113 0.505512 0.805797 1.12339 0.339752 0.7799 0.729983 0.445119 0.61403 1.1444 0.91301 0.222966 0.660658 1.04659 0.370875 0.321923 1.24388 0.0907628 0.895981 1.08716 0.990546 0.129459 1.04194 0.82175 0.750155 0.330564 0.981523 0.448546 0.923773 0.924108 0.299025 0.87002 0.12362 0.540926 0.563013 0.747021 0.975124 0.633938
0.214275 0.051297 0.919307 0.441142 0.915758 1.14523 0.421748 1.07603 0.83884 0.995142 0.694528 0.484712 0.637311 0.893172 0.760552 0.304707 0.825754 0.454333 1.09105 1.00067 0.926341 0.484937 0.355317 0.705609 1.23219 0.882994 0.304629 0.486484 0.627746 1.02 1.00185 0.495005 0.664524 0.281387 0.618144 0.733268 0.562854 0.300785 0.470403 0.922609 0.96068 0.562579 0.790395 0.739092 0.263308 0.621302 1.23547 0.968344 0.270704 0.839878 0.84427 0.195586 0.351904 1.03584 0.142492 0.756908 1.12282 0.949634 0.240831 0.920832 0.811862 0.718128 0.350609 0.768997 0.53556 0.863826 0.973456 0.257703 0.880215 0.351479 0.468442 0.517448 0.905746 0.910341 0.614016
0.157755 0.163837 0.722126 0.601405 1.02818 1.02591 0.596376 1.07501 0.96241 1.01623 0.954774 0.562463 0.690779 0.944073 0.994601 0.298467 1.01336 0.450109 0.906031 1.09997 1.04593 0.500075 0.457294 0.463584 1.01969 0.869163 0.170528 0.690921 0.572144 0.835439 1.23875 0.676612 0.553391 0.188971 0.616375 0.773907 0.494408 0.389963 0.347546 0.900817 0.896562 0.56994 0.778009 0.646868 0.386296 0.595875 0.93924 0.815933 0.282894 0.697213 1.05555 0.299208 0.280634 1.26345 0.109275 0.964373 0.867242 0.820423 0.255401 1.02409 0.841821 0.574598 0.39448 1.00441 0.437934 0.662842 1.06287 0.274865 0.756987 0.145797 0.49935 0.533605 0.750337 0.796437 0.791368
0.336408 0.104839 0.886993 0.609681 0.936666 1.13558 0.459875 0.972076 0.957216 1.13723 0.906356 0.662903 0.693342 0.791616 1.02618 0.0873634 0.876181 0.410006 0.942837 0.890227 1.00015 0.490239 0.388496 0.701297 1.18266 0.743626 0.288025 0.670754 0.543955 1.01921 1.093 0.542203 0.516822 0.165596 0.560804 0.623191 0.491658 0.350863 0.504439 0.765373 1.07843 0.551563 0.605832 0.636203 0.306062 0.794148 1.06912 1.06508 0.287282 0.666635 0.852519 0.414285 0.404946 1.02752 0.0978167 0.862809 0.924014 0.95164 0.1229 0.984495 0.839879 0.476177 0.512585 0.988729 0.512535 0.852183 0.92879 0.272234 0.777385 0.220787 0.621375 0.497767 0.920378 0.962455 0.718217
0.381195 0.153355 0.941058 0.421574 1.03263 1.07627 0.439019 1.02608 0.805678 1.08585 0.707772 0.47476 0.792573 1.04352 0.750065 0.229402 0.96524 0.557743 0.965665 0.982305 0.815452 0.37432 0.400837 0.672357 1.05466 0.690567 0.0876373 0.482674 0.736463 0.777953 1.04758 0.700793 0.575627 0.289232 0.600088 0.643279 0.628771 0.168368 0.463385 0.690415 1.12833 0.310471 0.845621 0.65558 0.316805 0.661186 1.10137 0.864794 0.273504 0.688441 0.959668 0.227626 0.381169 1.06794 0.244189 0.992495 1.11691 1.02203 0.361246 0.882269 0.681933 0.638322 0.464949 0.716934 0.5461 0.90723 1.01561 0.42572 0.678387 0.342753 0.59076 0.436286 1.02628 0.768401 0.668137
0.305472 0.285173 0.755939 0.387128 1.03098 1.21939 0.512666 1.12153 0.885096 1.02484 0.906255 0.655828 0.5927 0.875162 0.850488 0.0893983 0.825753 0.63332 1.03414 1.06508 0.785737 0.420519 0.506893 0.434825 1.20905 0.630354 0.32432 0.482192 0.745161 0.800382 1.02557 0.668433 0.582974 0.0956366 0.61986 0.550173 0.37781 0.227527 0.537607 0.667591 1.06796 0.459593 0.678644 0.623086 0.510636 0.703502 1.23617 1.05994 0.0751846 0.825715 1.0785 0.207121 0.277008 1.25436 0.302537 0.879406 0.992315 0.831626 0.100967 1.03434 0.748923 0.707483 0.446686 0.894411 0.517105 0.91154 0.860502 0.442051 0.890875 0.313532 0.53855 0.540083 0.784277 0.759967 0.573004
0.351798 0.0977948 0.988465 0.627378 0.997748 1.03747 0.661697 0.953092 0.762711 1.03524 0.874448 0.506269 0.807892 0.996628 0.786135 0.178117 0.724318 0.654197 0.934025 1.07631 1.00754 0.453087 0.600802 0.44252 1.0345 0.643018 0.310507 0.671669 0.576622 1.0074 1.1122 0.748835 0.609382 0.331542 0.543446 0.506876 0.477638 0.177831 0.397309 0.735934 0.891076 0.558632 0.766542 0.595837 0.489309 0.73752 1.03717 0.869933 0.195443 0.863394 0.945331 0.169155 0.254876 1.23612 0.0783922 0.967528 0.922049 0.993554 0.174435 0.998285 0.804401 0.615416 0.512458 0.780964 0.659595 0.909196 1.04323 0.273477 0.883659 0.413412 0.592398 0.301991 0.920745 0.988048 0.7073
