25 75
0.664679 1.18879 1.07454 0.565624 0.585523 0.990649 0.854223 0.825877 0.685452 1.00648 0.677925 0.669938 0.657659 0.64607 1.25022 0.665189 0.379543 1.11072 0.482865 0.328216 1.00366 0.710292 0.859627 0.886067 0.117814 0.50321 1.0847 0.496629 0.237432 0.809522 0.129305 0.659376 0.346647 0.31528 0.546728 0.410683 0.46743 0.550466 0.0968023 0.363166 0.161933 1.05028 0.285421 0.772863 0.698229 1.20476 0.582849 1.02529 0.788448 0.973445 0.495371 0.116675 1.19006 0.472409 0.69874 0.620777 0.776672 0.725838 1.06742 0.731663 1.04391 0.65615 0.491392 0.0802188 0.476348 0.242313 1.19106 0.303847 0.157136 0.604018 0.908475 0.609416 0.495533 0.587271 1.19206
0.933855 1.13016 0.952978 0.526463 0.661195 0.811794 0.952831 0.702752 0.802669 1.02893 0.879386 0.819956 0.423071 0.625714 1.11256 0.660072 0.530494 0.886183 0.508816 0.331934 0.860706 0.579929 0.856076 0.859391 0.0646193 0.373873 0.919678 0.464411 0.229376 0.810234 0.315577 0.632645 0.111102 0.343631 0.738251 0.367695 0.299547 0.563757 0.244017 0.226197 0.0917626 0.800685 0.214927 0.580181 0.70831 0.945567 0.506471 1.07531 0.802235 0.916064 0.627963 0.0573835 1.1966 0.483399 0.700326 0.502696 0.865168 0.70364 0.86266 0.542628 1.12372 0.832316 0.363955 0.123632 0.385628 0.312931 1.20612 0.395882 0.158123 0.570152 0.908141 0.588852 0.38695 0.696229 1.09186
0.907865 1.05483 0.945191 0.561017 0.637302 1.03616 0.860723 0.713577 0.885162 0.90249 0.729699 0.768296 0.410301 0.604828 0.987267 0.649642 0.567743 0.929865 0.374508 0.118844 1.03468 0.692728 0.863298 1.04831 0.0879393 0.373626 1.1573 0.605104 0.225041 0.730838 0.155367 0.548048 0.135944 0.345789 0.530186 0.139881 0.323043 0.552025 0.279677 0.260519 0.0141685 0.982128 0.418788 0.556097 0.641991 1.03924 0.637774 0.886062 0.760178 0.960746 0.646927 0.241639 0.995018 0.443602 0.471114 0.77515 0.924739 0.83562 0.8888 0.575485 1.09037 0.649663 0.506229 0.323475 0.385292 0.481011 1.21689 0.340519 0.251446 0.845248 0.886642 0.582803 0.559042 0.563086 0.995886
0.898848 1.01239 1.08483 0.577834 0.567854 0.91622 0.786925 0.875371 0.812945 1.0056 0.710819 0.739175 0.575498 0.628649 1.10201 0.640032 0.51337 1.00234 0.49991 0.296406 0.983513 0.599283 0.818329 0.778784 0.209853 0.414358 0.898159 0.490143 0.196815 0.930362 0.107087 0.807258 0.28392 0.465186 0.526843 0.364289 0.409635 0.505994 0.192271 0.322024 0.170363 0.986214 0.263269 0.659172 0.723974 1.11168 0.591661 1.02626 0.545022 0.998013 0.537153 0.227257 0.973849 0.526025 0.702908 0.680147 0.644691 0.84213 0.824039 0.542022 1.12421 0.622505 0.50106 0.244047 0.479539 0.45979 1.01549 0.311409 0.260541 0.826943 1.05242 0.575529 0.478652 0.602912 1.12118
0.70281 1.06067 1.07162 0.593797 0.717511 1.00226 0.823459 0.657216 0.626101 1.02792 0.774403 0.836562 0.447777 0.502828 1.17862 0.757741 0.342416 1.147 0.291271 0.305958 1.03501 0.62083 0.923404 0.842921 0.217047 0.534838 1.11799 0.624195 0.281035 0.717348 0.0341947 0.564324 0.277761 0.43541 0.537748 0.298178 0.346695 0.432295 0.255616 0.273752 0.16129 1.01658 0.275688 0.774041 0.638426 1.1921 0.351361 0.975316 0.80389 0.936938 0.70783 0.220087 1.22369 0.382933 0.69462 0.650982 0.870338 0.718023 0.99907 0.529615 0.899703 0.779583 0.472767 0.234689 0.19029 0.344209 0.995722 0.488741 0.298206 0.776472 0.87507 0.680992 0.547527 0.731428 1.18765
0.666694 1.07854 1.13822 0.448601 0.680854 0.968208 0.80992 0.663694 0.755386 0.849216 0.693833 0.858299 0.529128 0.507625 1.11791 0.759234 0.294331 1.13706 0.339646 0.164157 1.06487 0.513921 0.848108 1.02267 0.118949 0.552023 1.00671 0.622007 0.27869 0.827225 0.0422448 0.585131 0.163538 0.534821 0.638774 0.228523 0.271436 0.628089 0.224305 0.359786 0.116079 0.895282 0.481818 0.577227 0.854571 0.99075 0.576281 0.866533 0.573154 1.18685 0.689384 0.108116 1.19583 0.414771 0.673479 0.593674 0.88134 0.883876 1.10078 0.670926 0.985081 0.642607 0.322709 0.194753 0.439091 0.353583 1.02872 0.430769 0.185791 0.645298 0.876554 0.505081 0.570904 0.76669 1.17273
0.798015 0.999534 0.895095 0.456716 0.619945 0.905434 0.989245 0.895943 0.702442 0.958414 0.718353 0.95259 0.471018 0.467278 1.05459 0.52487 0.356786 1.0828 0.286137 0.145107 0.942932 0.554208 0.878602 0.911103 0.0766661 0.382028 1.10474 0.630298 0.185393 0.711519 0.166752 0.812687 0.181336 0.538805 0.620477 0.232351 0.249433 0.460796 0.157112 0.0665416 0.166422 0.824057 0.386009 0.724929 0.647441 1.21578 0.508551 0.972826 0.821 1.17012 0.515724 0.0758502 1.10333 0.297631 0.553916 0.726007 0.827523 0.916325 0.949692 0.616606 1.16605 0.875096 0.335151 0.346099 0.371343 0.392098 1.14779 0.385094 0.413733 0.740876 0.897755 0.580532 0.489356 0.659341 0.915293
0.762275 1.06054 1.07323 0.654006 0.537109 0.919854 0.748932 0.770032 0.830816 0.999144 0.669088 0.728556 0.45113 0.390352 1.01283 0.634527 0.422997 1.03577 0.35663 0.199204 0.965613 0.78748 0.747059 0.825859 0.308648 0.613751 1.03165 0.592349 0.404761 0.73336 0.0477888 0.619116 0.288761 0.519395 0.619561 0.39003 0.372881 0.562978 0.29926 0.0841012 0.200617 0.867195 0.238157 0.724343 0.830452 1.09314 0.503777 1.03609 0.580398 0.997564 0.758158 0.111632 1.1435 0.487529 0.468766 0.654306 0.89234 0.828894 1.05892 0.552582 1.04433 0.659196 0.452816 0.361786 0.315783 0.296089 1.16967 0.442422 0.274824 0.63964 1.06705 0.56181 0.402287 0.646383 1.05846
0.72156 1.19833 0.939422 0.593252 0.687872 0.825248 0.86033 0.915168 0.78421 0.899824 0.772065 0.802447 0.458763 0.446197 1.0281 0.694476 0.399322 1.13787 0.307107 0.224352 1.03417 0.632032 0.806531 0.830827 0.160251 0.670475 1.0499 0.464205 0.465568 0.865981 0.201781 0.781532 0.146797 0.31952 0.590716 0.355167 0.313785 0.561381 0.0896712 0.214334 0.198384 0.800084 0.268178 0.732459 0.761026 1.08105 0.60318 0.87866 0.748899 1.10592 0.589801 0.172124 1.0312 0.54576 0.602255 0.771456 0.87456 0.859644 1.05299 0.511398 0.979566 0.783101 0.354036 0.221575 0.48448 0.446137 1.02811 0.272094 0.335097 0.755572 1.11391 0.585231 0.394299 0.647986 0.932142
0.810568 1.03744 0.965273 0.541786 0.773912 0.786965 1.00503 0.825942 0.727928 0.841165 0.788223 0.886279 0.410316 0.408787 1.22254 0.716561 0.419157 0.947628 0.31547 0.298778 0.858128 0.542432 0.741333 0.921109 0.21308 0.590488 1.15038 0.487614 0.414065 0.73463 0.123215 0.763145 0.323067 0.428474 0.47117 0.211907 0.516182 0.465237 0.263958 0.298464 0.226493 0.959238 0.347244 0.706161 0.72493 1.00641 0.427284 1.11408 0.617588 1.10705 0.781223 0.294471 1.18916 0.315425 0.628589 0.54926 0.745879 0.959841 0.997644 0.503039 0.909601 0.878049 0.538936 0.0796617 0.200342 0.444497 0.997479 0.290218 0.296393 0.638361 1.13492 0.673125 0.562202 0.507017 1.00389
0.869143 1.21616 0.860158 0.446229 0.730114 0.835793 0.967572 0.85159 0.810549 0.754531 0.910634 0.676612 0.626219 0.636238 1.01336 0.654253 0.286661 1.11287 0.423363 0.165565 1.02186 0.509794 0.854861 0.953354 0.249877 0.520991 0.975298 0.432358 0.232676 0.886042 0.255534 0.582329 0.280021 0.411311 0.721296 0.136311 0.493366 0.555964 0.161819 0.246909 0.208165 1.04022 0.452944 0.610693 0.838766 0.975427 0.446637 0.932821 0.59222 0.931488 0.740517 0.227425 1.08525 0.439502 0.564098 0.771778 0.729619 0.798689 0.854358 0.559359 1.09809 0.800309 0.41228 0.215155 0.382297 0.234154 1.2016 0.297905 0.361875 0.706762 0.958714 0.65501 0.36989 0.55912 0.959779
0.777427 1.13267 1.14026 0.509527 0.497421 0.965999 0.906084 0.808065 0.879087 1.01341 0.838529 0.788222 0.418753 0.62914 1.04611 0.535946 0.437828 0.950537 0.507544 0.146464 0.83487 0.656758 0.878679 0.90651 0.07917 0.539045 1.12383 0.664386 0.334766 0.952818 0.194406 0.557048 0.159407 0.422356 0.700932 0.196594 0.50502 0.593513 0.311427 0.306124 0.0541372 1.08867 0.250706 0.72378 0.767606 0.950238 0.575285 0.930069 0.722871 1.13261 0.586385 0.257001 1.127 0.531382 0.57442 0.54589 0.710594 0.730896 0.923587 0.682662 0.989002 0.665494 0.465382 0.171951 0.321834 0.340178 0.954736 0.507842 0.380062 0.826507 0.889072 0.490032 0.637638 0.771754 1.07989
0.660496 1.08661 1.14381 0.547146 0.678586 0.965534 0.802788 0.853811 0.847303 0.972355 0.818626 0.881793 0.579435 0.545743 1.12398 0.527447 0.527736 0.924213 0.332382 0.0858415 0.946561 0.565538 0.970623 0.986124 0.243301 0.426703 0.991982 0.437903 0.309508 0.992811 0.193222 0.618452 0.074843 0.487981 0.491861 0.289455 0.383413 0.65922 0.295541 0.262064 0.153974 1.04821 0.405634 0.773891 0.638628 1.23011 0.413275 1.10199 0.601095 1.00552 0.648172 0.136522 1.07628 0.280925 0.599569 0.581915 0.706684 0.772592 0.870055 0.568999 1.01257 0.655942 0.295661 0.121132 0.286756 0.234318 1.03302 0.527234 0.195367 0.59026 0.971197 0.642626 0.648212 0.558463 1.1075
0.689491 1.24188 1.02919 0.593631 0.531162 0.929099 0.944438 0.717256 0.690669 1.00909 0.86051 0.852465 0.661484 0.416779 1.09656 0.750509 0.408664 1.0974 0.226828 0.13016 0.858057 0.612458 0.803008 0.906969 0.262898 0.617809 1.1609 0.401271 0.347518 0.952036 0.296239 0.563881 0.268484 0.546529 0.687214 0.292659 0.513312 0.563602 0.0845173 0.131216 0.168187 0.825216 0.389314 0.625259 0.784217 1.18622 0.610567 0.960096 0.658046 1.03356 0.612923 0.21092 0.950138 0.294278 0.571268 0.630169 0.762599 0.730043 0.825936 0.498491 0.943643 0.770991 0.339093 0.122719 0.270141 0.320769 1.21913 0.31364 0.31068 0.767156 1.11975 0.735487 0.511235 0.537331 1.13523
0.935088 1.2329 0.966375 0.417635 0.556866 1.03354 0.820238 0.886179 0.655135 0.866892 0.866979 0.712571 0.693084 0.565211 1.03485 0.592506 0.363238 1.15371 0.258325 0.203717 0.849205 0.664666 0.88298 0.891841 0.19953 0.627923 1.02103 0.395961 0.336451 0.972698 0.306462 0.58475 0.333504 0.335811 0.566899 0.168417 0.259826 0.42147 0.175438 0.254728 0.217256 0.863435 0.37738 0.62915 0.869579 1.0869 0.517911 1.04612 0.676897 1.18301 0.547663 0.321237 0.972734 0.513165 0.478452 0.690076 0.825196 0.93544 1.00728 0.53089 0.936091 0.761674 0.402562 0.259226 0.358036 0.209376 0.949099 0.249612 0.403067 0.790867 1.08279 0.52029 0.52853 0.540959 1.0619
0.898157 1.24578 1.14346 0.368007 0.638528 0.941896 0.813076 0.831156 0.782481 0.976037 0.660765 0.707574 0.4838 0.391653 1.1183 0.727433 0.295282 0.945825 0.492548 0.0941255 1.06626 0.560579 0.833815 1.01853 0.15364 0.37429 1.10193 0.629542 0.276468 0.756761 0.0642511 0.679843 0.314999 0.4549 0.637461 0.258085 0.260574 0.480837 0.204077 0.151457 0.209273 0.979305 0.482607 0.723751 0.762265 1.05454 0.543952 1.1139 0.784733 1.15442 0.498896 0.233434 1.09374 0.322434 0.521324 0.599148 0.852498 0.936184 0.949832 0.672429 0.996754 0.846658 0.386707 0.117972 0.439095 0.311344 0.963289 0.257751 0.355196 0.627975 1.13728 0.582093 0.492752 0.71015 1.01814
0.82853 1.28339 1.14036 0.592611 0.542625 0.90306 0.733121 0.870803 0.678485 0.849052 0.786686 0.915359 0.661619 0.56145 1.23565 0.684287 0.295153 0.896976 0.280966 0.283325 1.03833 0.518447 0.982373 1.02365 0.0564355 0.489238 1.10912 0.493261 0.32698 0.89726 0.0655076 0.765213 0.104953 0.427341 0.544585 0.175937 0.285874 0.624378 0.213091 0.305036 0.199974 0.84397 0.332089 0.76573 0.865937 1.11113 0.520773 1.02514 0.776807 1.1812 0.741862 0.0868402 1.20651 0.297814 0.699226 0.549215 0.872001 0.976631 0.923849 0.479113 1.02135 0.597714 0.397997 0.250253 0.306523 0.381553 1.15606 0.47252 0.333733 0.819408 1.12003 0.552716 0.464677 0.667671 0.997645
0.66235 1.17716 1.08534 0.392129 0.670075 0.810369 0.815104 0.718784 0.91035 1.02206 0.799101 0.682286 0.637511 0.463012 1.00378 0.676225 0.470874 0.92806 0.398943 0.111777 1.01667 0.553711 0.957793 0.939798 0.0495889 0.517541 0.974265 0.680842 0.395043 0.964814 0.12069 0.647117 0.0686473 0.319898 0.749124 0.234361 0.514888 0.377575 0.146004 0.322162 0.110065 0.893095 0.274072 0.741176 0.809678 1.02788 0.348008 0.89463 0.57589 1.06853 0.645893 0.256706 0.971924 0.377391 0.702817 0.528573 0.821204 0.925361 0.958964 0.744506 1.15578 0.747184 0.566262 0.125162 0.354339 0.379103 1.06835 0.286936 0.344847 0.587279 1.0744 0.513628 0.582049 0.502276 1.01885
0.916527 1.06517 0.892785 0.424636 0.706175 1.00602 0.883613 0.781331 0.697852 0.762436 0.691556 0.914048 0.690863 0.505084 1.15073 0.713764 0.447563 0.936605 0.323837 0.147323 0.953648 0.710919 0.862093 0.951378 0.224191 0.464453 1.116 0.654394 0.340073 0.962602 0.166986 0.702958 0.320532 0.463638 0.699346 0.373354 0.353748 0.362993 0.0350977 0.105015 0.144122 1.05567 0.248073 0.806525 0.667921 1.2258 0.428315 0.975703 0.598132 1.18731 0.745696 0.0978308 1.20697 0.396387 0.691953 0.530923 0.665197 0.797478 1.00953 0.513689 1.13936 0.654455 0.356813 0.20729 0.275537 0.275363 1.00484 0.292886 0.245057 0.566095 1.10073 0.521302 0.494547 0.538682 1.02487
0.727444 1.043 0.852068 0.561428 0.618479 1.02266 0.984862 0.84614 0.880168 0.809652 0.807032 0.839545 0.420749 0.508212 1.13055 0.756578 0.364968 0.975602 0.366083 0.228291 0.971313 0.581731 0.834545 0.941682 0.134354 0.451489 1.09575 0.516837 0.420042 0.780384 0.182442 0.751488 0.195073 0.57079 0.54517 0.20333 0.272439 0.531574 0.156173 0.352382 0.297937 1.08432 0.422099 0.79806 0.643559 1.06488 0.547339 0.927788 0.814403 1.17424 0.596753 0.0940315 1.22464 0.38482 0.597918 0.736031 0.781967 0.819141 0.901056 0.708446 1.18222 0.788124 0.505121 0.216393 0.458214 0.490674 1.235 0.377049 0.437828 0.667444 1.06932 0.65932 0.425742 0.582823 1.03042
0.928108 1.11406 1.01761 0.383361 0.768391 0.97388 0.811318 0.856345 0.691774 0.930946 0.777831 0.800502 0.436583 0.631774 1.14682 0.753131 0.315085 1.14875 0.369151 0.175997 0.825019 0.626999 0.879786 0.812454 0.287202 0.458924 0.940542 0.547921 0.294691 0.720145 0.194172 0.763149 0.0876291 0.426083 0.489026 0.327348 0.261235 0.403866 0.296774 0.16378 0.0218691 0.909937 0.202187 0.637132 0.803933 1.03275 0.541857 0.863728 0.651326 1.04311 0.5263 0.168603 1.02902 0.364254 0.686119 0.763773 0.776387 0.904504 0.819639 0.458204 0.934354 0.761778 0.536791 0.131313 0.248204 0.346174 1.22054 0.533684 0.287133 0.821174 0.898423 0.726926 0.512973 0.763085 0.930393
0.765274 1.07614 0.850865 0.54893 0.505767 0.847617 0.76195 0.66526 0.635801 0.766938 0.868365 0.711218 0.600539 0.441137 1.14402 0.573179 0.403333 0.96859 0.344268 0.0923993 0.998494 0.70289 0.944421 0.888424 0.163185 0.373786 1.07546 0.65004 0.249701 0.708913 0.250755 0.547498 0.359755 0.456105 0.680807 0.164872 0.340623 0.584471 0.199026 0.258357 0.0201346 0.930205 0.444002 0.776118 0.895952 1.17955 0.62368 1.10583 0.65006 1.19633 0.554077 0.138998 1.20862 0.352469 0.629 0.522794 0.650533 0.747054 1.09114 0.641127 1.15589 0.794076 0.422226 0.319181 0.294585 0.357185 1.00511 0.324657 0.435517 0.649013 0.919784 0.715413 0.487653 0.644287 1.00568
0.797626 1.28255 1.03606 0.454435 0.50549 0.956022 0.8122 0.92694 0.813969 0.866093 0.800002 0.786006 0.40845 0.613581 1.2329 0.698207 0.570818 1.01646 0.463608 0.16994 1.04165 0.747983 0.788078 0.855714 0.0640153 0.670844 0.991026 0.41523 0.442162 0.874067 0.120921 0.732138 0.209583 0.561492 0.540233 0.224336 0.390723 0.404949 0.312544 0.314222 0.0273136 0.809966 0.459975 0.622518 0.930851 1.19265 0.516983 1.09704 0.602458 1.13243 0.587104 0.311916 1.16931 0.42705 0.621191 0.580931 0.909266 0.941559 0.83339 0.69262 0.963915 0.606635 0.531764 0.0928927 0.200191 0.465653 0.970062 0.265365 0.18931 0.836883 0.981841 0.570091 0.563584 0.714684 1.12115
0.81847 1.13397 0.92635 0.381299 0.514577 1.06057 0.999221 0.769047 0.871074 0.883714 0.938769 0.915114 0.642339 0.609868 1.22061 0.503688 0.320339 0.900722 0.523445 0.28723 1.03328 0.670722 0.915425 0.905983 0.164162 0.474327 1.10701 0.393266 0.27222 0.981536 0.0608247 0.624992 0.196627 0.575331 0.713825 0.295534 0.264488 0.471533 0.174577 0.0875207 0.264147 0.836269 0.265299 0.805385 0.887865 1.10509 0.368197 0.88797 0.571263 1.12961 0.769557 0.305687 0.993467 0.526858 0.733336 0.646877 0.826503 0.734312 0.952542 0.638876 1.17546 0.721996 0.515476 0.151171 0.317165 0.236293 1.03006 0.469027 0.14628 0.613686 1.01666 0.480318 0.482434 0.663684 0.991312
0.700756 1.09641 1.10696 0.511691 0.695475 1.07085 0.913044 0.867664 0.918877 0.820862 0.847764 0.802862 0.418264 0.622691 1.11178 0.731938 0.332415 1.03048 0.262558 0.263916 1.03253 0.701728 0.984117 0.912487 0.324517 0.374519 0.975676 0.661322 0.405776 0.913162 0.0857388 0.60416 0.217213 0.611935 0.551103 0.385451 0.499659 0.508802 0.188479 0.0760813 0.264612 0.816602 0.2929 0.681744 0.868999 1.03855 0.553231 1.06983 0.801142 0.977001 0.645984 0.228594 0.995097 0.403194 0.504085 0.580054 0.867177 0.97211 0.958521 0.661093 1.08558 0.683153 0.443577 0.139996 0.42587 0.491763 1.2153 0.384682 0.277847 0.618821 1.08233 0.726222 0.654064 0.639171 1.14096
