25 75
0.41596 0.581826 0.307895 0.298768 0.738532 1.13022 0.884557 0.920103 0.726592 1.13978 0.992985 0.272665 0.82771 0.737421 0.493525 1.06682 0.869261 0.123262 0.258014 0.512317 1.16672 0.434706 0.608032 1.08173 1.03942 0.202208 0.48828 0.113302 0.493239 0.529617 0.502494 0.726464 0.971774 0.87904 1.12569 1.16499 1.03206 0.777996 0.415759 0.303145 1.09266 1.10121 1.08418 0.663787 0.162213 0.637315 0.192191 0.57873 0.422807 0.966044 0.939648 0.571031 0.913286 0.673583 0.317378 1.16747 0.90484 0.347301 0.140611 0.300358 0.129308 0.371455 0.960051 0.773564 0.473454 0.46925 0.345235 0.439851 0.997184 0.56163 1.1631 0.325283 0.960986 0.950963 0.117422
0.475231 0.703453 0.232889 0.297947 0.610677 1.14684 1.12329 0.927506 0.659153 0.963696 0.730071 0.315933 0.682822 0.742001 0.464393 1.11016 0.926559 0.221521 0.374923 0.686746 1.17125 0.718742 0.421625 1.09741 0.885145 0.142271 0.614063 0.266411 0.567559 0.513743 0.380157 0.784485 1.17023 0.852808 1.06581 1.23778 1.05291 0.795405 0.341163 0.175521 0.973613 1.0229 0.982002 0.473789 0.273561 0.74794 0.0345369 0.711343 0.423075 0.983066 0.95264 0.496916 0.821585 0.765827 0.138958 0.961539 1.08413 0.431559 0.140724 0.257579 0.125837 0.538589 0.971659 0.754799 0.48372 0.573268 0.206055 0.308318 1.26134 0.591504 1.05061 0.325191 0.958734 0.790288 0.0885938
0.324819 0.636476 0.519716 0.453638 0.697958 0.951613 1.10209 1.17124 0.599278 0.942553 0.923008 0.23575 0.744967 0.874401 0.675817 1.02505 0.904595 0.310618 0.386134 0.594368 1.07946 0.639047 0.677886 0.851012 0.980096 0.204489 0.673285 0.189899 0.473382 0.583275 0.461268 0.723848 1.09751 0.89823 1.0837 1.13222 1.12105 0.571072 0.501466 0.117953 1.02149 1.04511 0.924424 0.658863 0.10073 0.61593 0.157481 0.563556 0.678651 0.903389 0.836382 0.602599 0.954907 0.719784 0.143947 1.15005 1.09674 0.401794 0.137935 0.27201 0.0865702 0.344303 0.794811 0.694701 0.508262 0.335144 0.300094 0.483342 1.24801 0.483303 0.977373 0.282824 1.0015 0.753132 0.125565
0.312763 0.602502 0.411465 0.292809 0.60724 1.08839 1.05364 1.18023 0.554546 1.12595 0.734074 0.27181 0.712893 0.581398 0.672558 1.17093 0.894604 0.243458 0.310195 0.563826 1.17664 0.519928 0.667577 0.960232 0.971618 0.410148 0.758489 0.0881517 0.313813 0.445821 0.464211 0.976146 1.20549 0.852159 1.04562 1.14682 0.923448 0.571139 0.594844 0.263977 0.97006 0.992337 0.916414 0.684998 0.23611 0.682212 0.0873084 0.600462 0.561218 0.873317 0.931867 0.456804 0.882364 0.806137 0.287851 1.07288 0.95161 0.368427 0.248853 0.256542 0.23495 0.492467 0.808034 0.7211 0.589677 0.331171 0.235188 0.31486 1.24206 0.554927 0.975502 0.282015 1.06671 0.889318 0.0998047
0.290627 0.68005 0.518705 0.36079 0.586783 1.16363 0.990912 1.16689 0.684888 1.12996 0.804038 0.196849 0.931222 0.609462 0.590353 1.091 0.865336 0.311189 0.350969 0.507673 1.18123 0.546618 0.549159 0.875655 1.1189 0.339488 0.667499 0.0901081 0.463779 0.537828 0.396176 0.872434 0.985567 0.903736 1.03657 0.996814 0.900995 0.77754 0.515125 0.152764 1.14229 1.06826 1.15462 0.482425 0.239247 0.539164 0.32312 0.679887 0.443671 0.878833 0.861453 0.427753 0.801006 0.788333 0.167681 0.957605 1.13437 0.442959 0.254645 0.322639 0.241873 0.531206 0.910683 0.740393 0.427199 0.459795 0.241204 0.246575 1.00094 0.543215 1.12057 0.25268 0.92794 0.893478 0.247464
0.324457 0.6847 0.477204 0.343308 0.634121 1.0274 0.915864 1.19678 0.728402 1.14135 0.803262 0.205563 0.935367 0.757903 0.724631 1.11135 0.901399 0.278891 0.27867 0.485452 1.22013 0.58666 0.45888 0.83827 0.880095 0.202633 0.647699 0.228115 0.310693 0.520655 0.616053 0.753837 0.956707 0.859251 1.13442 1.23888 1.06346 0.554934 0.608293 0.135827 1.10879 1.08124 1.08946 0.630403 0.13117 0.672905 0.136279 0.522463 0.667929 0.966196 0.998893 0.607104 0.906144 0.591084 0.0811527 0.95277 1.14288 0.519945 0.336362 0.214343 0.202376 0.370842 1.06973 0.979359 0.36032 0.378454 0.402099 0.330409 1.08635 0.584514 1.16281 0.31039 0.999661 0.932949 0.100957
0.312922 0.53936 0.382346 0.501441 0.673058 1.03049 1.10974 1.18593 0.595191 1.15135 0.729847 0.0618822 0.785166 0.797454 0.575852 1.11257 0.846185 0.225142 0.406855 0.630211 1.18955 0.606751 0.430576 0.893985 1.11811 0.216606 0.749445 0.190478 0.477178 0.412122 0.36526 0.818056 1.00227 0.72367 1.22667 0.966016 0.941335 0.745121 0.518758 0.291814 1.12777 1.03324 0.962944 0.669841 0.183176 0.739016 0.23181 0.727348 0.505347 0.924977 1.05096 0.579549 0.937174 0.789131 0.153578 0.986952 1.07426 0.400226 0.17156 0.164431 0.151715 0.265282 0.817906 0.882461 0.444483 0.61637 0.296663 0.247225 1.05068 0.637134 1.04986 0.174777 1.03311 0.913979 0.372948
0.43727 0.660368 0.268522 0.300202 0.762707 1.17776 1.12097 1.05055 0.550116 1.05724 0.723078 0.284257 0.962946 0.618448 0.503672 1.22033 0.986857 0.100681 0.447359 0.56122 1.17786 0.685456 0.454611 0.898135 0.990387 0.235512 0.679855 0.0827211 0.359761 0.441829 0.455797 0.857038 1.1922 0.78224 1.03002 1.00635 1.06067 0.536615 0.454013 0.144421 1.18223 1.17657 1.01426 0.437712 0.0397479 0.773404 0.233934 0.718632 0.400783 0.974976 0.897261 0.401811 0.79387 0.553807 0.234876 1.01872 0.945098 0.421639 0.335867 0.227554 0.0117294 0.403243 0.845022 0.899227 0.633722 0.523638 0.389483 0.34731 1.13829 0.403003 1.01076 0.164516 1.08604 0.914201 0.170669
0.301868 0.636322 0.353881 0.433796 0.820941 0.966117 0.984507 0.96746 0.598951 0.99701 0.865174 0.310238 0.793561 0.681146 0.451444 1.00808 0.790251 0.173451 0.170916 0.630783 1.13251 0.490724 0.570506 0.958679 1.1314 0.348981 0.612897 0.070295 0.38168 0.360081 0.495112 0.760981 0.963651 0.822554 0.99529 1.15564 0.923545 0.790783 0.368946 0.284679 1.03882 1.12646 0.94537 0.650341 0.296297 0.682256 0.0849472 0.592862 0.460235 0.751219 0.938635 0.505227 0.840305 0.842323 0.0995847 1.0447 0.891933 0.493505 0.186827 0.228521 0.130511 0.383435 1.05373 0.826262 0.477731 0.525811 0.281673 0.261693 1.19852 0.414057 1.17123 0.187686 1.00273 0.924267 0.296494
0.300749 0.738899 0.404359 0.261425 0.760083 1.08933 1.11871 1.13707 0.767958 1.17709 0.94228 0.173595 0.932178 0.791483 0.624755 1.08457 0.899948 0.108143 0.308827 0.522367 1.02483 0.469884 0.457592 1.04096 0.932283 0.287473 0.552709 0.215534 0.33209 0.537456 0.407286 0.775184 1.20356 0.773198 1.1026 1.16728 1.09343 0.723287 0.615979 0.260405 0.970235 1.06362 0.95765 0.432713 0.106979 0.730533 0.293423 0.462866 0.610341 0.792052 1.00568 0.65287 0.819894 0.760823 0.281478 1.16328 1.0642 0.477595 0.258849 0.354676 0.267062 0.543214 0.968044 0.981172 0.53654 0.45262 0.121065 0.278649 1.14061 0.370186 1.18408 0.260532 0.921413 0.696194 0.355173
0.281354 0.611981 0.347721 0.497583 0.861718 0.977167 1.06534 1.10919 0.765065 0.940978 1.01752 0.13815 0.953299 0.791703 0.602425 1.18217 0.894798 0.335363 0.174867 0.646341 0.987325 0.693167 0.673734 1.05225 0.927191 0.365756 0.656338 0.0783488 0.494911 0.574116 0.60286 0.92972 1.17638 0.74588 1.08863 1.20855 1.07649 0.784594 0.419463 0.385354 0.987354 1.01147 1.08474 0.713139 0.259776 0.565161 0.230994 0.732703 0.676834 1.00602 0.872742 0.414843 0.855823 0.558414 0.0885783 1.02182 0.90313 0.380602 0.375402 0.401144 0.228379 0.506583 0.791033 0.836827 0.57592 0.482372 0.290805 0.440985 1.08908 0.602457 1.1182 0.213696 0.863546 0.791284 0.135512
0.372242 0.537401 0.235851 0.438552 0.849668 1.17252 0.914027 1.17461 0.64194 1.1807 0.9023 0.318639 0.872341 0.813973 0.437959 0.992021 1.06282 0.285224 0.232838 0.580572 1.10953 0.616052 0.58653 0.99582 0.971103 0.341341 0.506561 0.170281 0.477617 0.522888 0.39576 0.767559 1.05381 0.757606 1.20479 1.0587 0.869968 0.694085 0.34179 0.342934 1.02619 1.17011 1.06684 0.561517 0.198953 0.679387 0.139058 0.635656 0.62416 0.827947 1.07499 0.528252 0.778578 0.816853 0.245976 1.11531 1.09191 0.482979 0.123134 0.141193 0.277286 0.299712 0.899846 0.713451 0.649419 0.507951 0.31173 0.354924 1.24599 0.506608 1.13972 0.387687 1.04951 0.869066 0.324323
0.499142 0.64288 0.444461 0.400842 0.846139 1.165 1.14026 0.953485 0.672856 1.17557 0.981362 0.170966 0.84257 0.708438 0.629663 1.27365 1.01652 0.240949 0.331698 0.703323 1.16638 0.511369 0.430378 1.08941 1.03938 0.377015 0.628554 0.274053 0.445047 0.379897 0.394266 0.787469 1.04841 0.862908 1.14984 1.11389 1.07881 0.795509 0.358667 0.197724 1.15744 0.932294 1.10613 0.65283 0.0451982 0.531545 0.234658 0.691987 0.530922 0.812138 0.93688 0.569478 0.790572 0.768577 0.0839225 1.13124 0.921499 0.47386 0.190747 0.326165 0.129035 0.385787 1.02656 0.944233 0.36455 0.50825 0.244575 0.371487 1.27168 0.554544 1.21296 0.259868 0.997961 0.715491 0.155698
0.533086 0.7397 0.237004 0.312692 0.628167 1.04353 1.05682 1.16012 0.615631 0.998869 0.879185 0.247215 0.686308 0.665604 0.667793 1.21373 0.785188 0.215116 0.37137 0.554082 1.14782 0.618565 0.382709 0.942659 1.01409 0.271765 0.531878 0.101191 0.50739 0.529625 0.554501 0.760963 1.1933 0.922542 1.06021 0.960898 1.10081 0.559106 0.354171 0.379474 1.18222 0.98002 1.13087 0.62284 0.287559 0.66067 0.0838801 0.590508 0.672643 0.842194 1.05604 0.438342 0.8562 0.710621 0.0530077 0.978332 1.09331 0.326028 0.272281 0.254244 0.263909 0.317153 1.06327 0.766683 0.612699 0.524623 0.392945 0.486287 1.00444 0.456025 1.23316 0.374103 0.975703 0.781042 0.313441
0.537056 0.719946 0.348034 0.433679 0.730284 0.996061 1.03634 1.11577 0.529745 0.965053 0.93176 0.208121 0.712781 0.794179 0.524756 1.15745 1.0574 0.0765674 0.248637 0.438384 1.09086 0.441033 0.503093 1.03251 0.902139 0.379604 0.537078 0.288502 0.349869 0.403323 0.488058 0.869557 1.06234 0.942162 1.05756 1.12549 0.993362 0.665163 0.499788 0.216731 0.960653 1.11182 0.953267 0.436094 0.257444 0.698344 0.157921 0.694595 0.668509 0.899779 0.926935 0.598291 0.853409 0.789921 0.313958 0.972369 1.04213 0.364466 0.151464 0.400853 0.16872 0.515957 1.05543 0.778851 0.486781 0.486355 0.339432 0.325168 1.23831 0.566566 1.12165 0.288205 0.858689 0.779162 0.135419
0.262267 0.669607 0.454924 0.379191 0.739215 0.960578 1.02994 1.20281 0.772442 1.01231 0.880302 0.199105 0.974956 0.793157 0.616846 1.02735 1.00047 0.188557 0.261537 0.417177 1.12018 0.500301 0.583228 0.878597 1.10846 0.215042 0.526446 0.044844 0.528447 0.441255 0.468486 0.828468 1.03943 0.90312 1.04637 1.13934 0.920413 0.632467 0.464992 0.173203 1.1473 1.01384 0.947424 0.522635 0.0900091 0.675037 0.126515 0.50974 0.656756 0.917796 1.02898 0.366624 0.71501 0.626419 0.210404 1.05749 0.98409 0.451774 0.194692 0.41452 0.0258499 0.52769 0.983146 0.730549 0.374371 0.504133 0.331996 0.378767 1.15972 0.573932 1.23598 0.348159 1.0371 0.722691 0.201509
0.539833 0.728249 0.458692 0.488433 0.752583 1.12033 0.992485 1.0607 0.7042 0.985114 0.893179 0.311244 0.846083 0.871642 0.552351 1.14115 1.0805 0.182822 0.178968 0.683964 0.989441 0.604493 0.663374 0.966108 1.11565 0.366647 0.577071 0.20073 0.500094 0.393545 0.592629 0.925875 1.16217 0.691723 1.19786 0.949826 1.08549 0.626422 0.585101 0.212813 1.07477 1.16141 0.886707 0.549723 0.190205 0.604117 0.285192 0.556584 0.681368 0.841177 0.941666 0.548957 0.973398 0.732931 0.166784 1.16644 0.88969 0.34887 0.362454 0.226385 0.296115 0.248956 1.01871 0.976926 0.378358 0.43209 0.310048 0.237639 1.09451 0.406549 1.17344 0.41897 0.92117 0.76149 0.28165
0.494562 0.829475 0.472488 0.492343 0.631565 0.938962 1.0838 1.04886 0.534951 1.13338 0.930725 0.345786 0.944329 0.856918 0.554729 1.22715 1.05386 0.292023 0.464036 0.646478 1.15834 0.421447 0.43817 0.953155 1.13148 0.251201 0.661634 0.240178 0.279673 0.56461 0.383282 0.893445 1.20372 0.872596 0.985828 0.976933 1.04532 0.638185 0.36768 0.166287 1.18739 0.994817 0.875237 0.620016 0.212656 0.770061 0.0966015 0.602285 0.60169 0.81102 0.898391 0.527796 0.965413 0.558111 0.265071 1.01981 0.994359 0.469059 0.335648 0.394979 0.118661 0.501566 1.02376 0.706702 0.528123 0.602763 0.120079 0.307514 1.13831 0.469284 1.09426 0.300832 0.853737 0.919363 0.296224
0.300411 0.650205 0.339391 0.334255 0.762513 1.15532 0.86298 1.04514 0.552937 1.03637 0.92901 0.240492 0.920839 0.65342 0.687085 1.19851 0.868107 0.0968108 0.305753 0.44342 1.15962 0.666878 0.464384 0.867848 1.05499 0.331534 0.576816 0.208837 0.518699 0.424416 0.386679 0.849757 1.10478 0.960704 1.21835 0.989028 0.87378 0.581026 0.355005 0.173772 1.08871 0.995472 0.910886 0.443732 0.172368 0.586334 0.0328095 0.525354 0.405746 0.865058 1.0645 0.454987 0.965916 0.799412 0.293229 1.07862 1.0575 0.531256 0.125885 0.319271 0.185433 0.342865 0.866863 0.971039 0.474716 0.401653 0.147856 0.278674 1.16806 0.580632 1.0067 0.162275 1.07894 0.746047 0.138776
0.287243 0.793425 0.45504 0.463663 0.734217 1.04384 1.00587 1.09138 0.609094 1.09489 0.976734 0.326222 0.723721 0.770577 0.550819 1.25894 0.937383 0.362981 0.456956 0.474266 1.25978 0.588734 0.611812 0.923451 0.935303 0.126883 0.474079 0.115388 0.3622 0.353795 0.408133 0.922452 0.983442 0.915577 1.23606 1.02772 1.14947 0.803525 0.335688 0.248607 0.971927 1.12126 1.15941 0.577186 0.0756499 0.631854 0.277122 0.501937 0.594115 0.928332 0.977178 0.414309 0.976383 0.767893 0.0842521 1.08289 1.05356 0.437047 0.368469 0.291022 0.0896088 0.316598 0.931088 0.765164 0.602933 0.456979 0.176128 0.221684 1.02218 0.500935 1.13041 0.383789 1.01228 0.732707 0.373934
0.288916 0.76214 0.294364 0.221987 0.854878 1.05624 0.908564 1.06522 0.619011 1.04487 0.853717 0.117035 0.823823 0.587684 0.672202 1.04347 0.856531 0.303454 0.219707 0.511595 1.0329 0.446367 0.427956 0.918898 1.10526 0.330867 0.658136 0.0391559 0.393276 0.465263 0.379007 0.953662 1.16797 0.686877 1.0472 1.20171 0.923348 0.724601 0.336383 0.292624 1.18003 1.09068 1.03026 0.679574 0.147217 0.649538 0.169565 0.649761 0.456588 0.828718 1.05223 0.461577 0.836093 0.660205 0.295997 1.06296 0.988343 0.329635 0.347248 0.294694 0.167429 0.354297 0.841176 0.707049 0.453709 0.404634 0.351206 0.354214 1.2819 0.547344 1.14251 0.260684 0.996747 0.872179 0.385707
0.410971 0.60351 0.465517 0.383631 0.70628 0.966258 1.09082 1.17183 0.549893 0.902204 0.846651 0.0580073 0.870332 0.84941 0.469004 1.15534 0.98635 0.290751 0.357126 0.440916 1.24239 0.508202 0.576752 1.07288 0.991938 0.27567 0.592628 0.119283 0.325698 0.372132 0.525938 0.719991 0.958837 0.763938 1.16529 1.00074 1.13812 0.621526 0.409033 0.131614 0.944681 1.01171 1.11685 0.48468 0.0281384 0.491691 0.291791 0.47101 0.537111 0.878998 1.06767 0.48446 0.831908 0.747746 0.0964656 0.926362 0.915077 0.409993 0.298416 0.217638 0.21667 0.50046 0.97626 0.985925 0.622324 0.557082 0.39776 0.350134 1.21731 0.461569 1.02379 0.188966 0.854644 0.889585 0.161845
0.519766 0.824408 0.248429 0.484256 0.73382 1.06029 0.997894 0.956427 0.598127 0.923371 0.764543 0.344002 0.778842 0.581593 0.677744 1.17767 0.879122 0.339321 0.208051 0.523518 1.17556 0.585732 0.49357 0.938165 1.02621 0.295377 0.58904 0.301931 0.562061 0.367091 0.594436 0.804266 0.987719 0.694912 1.09334 1.07321 0.992586 0.570638 0.613261 0.145013 0.947143 1.15056 1.06692 0.693367 0.0951097 0.771664 0.200979 0.701522 0.4937 0.897103 1.10501 0.55957 0.817568 0.786253 0.174809 1.0444 0.926151 0.384336 0.184764 0.205156 0.254183 0.466484 0.954713 0.938217 0.588153 0.481288 0.352419 0.326736 1.04071 0.384434 1.23093 0.149319 0.912551 0.726383 0.380339
0.51989 0.745338 0.483328 0.364818 0.863392 1.07055 0.892643 1.08443 0.600763 1.16905 0.96387 0.307817 0.958999 0.824405 0.503646 1.19971 0.897865 0.13119 0.257502 0.420361 1.2411 0.517868 0.531111 0.89295 0.881696 0.263395 0.586591 0.234882 0.383505 0.421992 0.400029 0.743607 1.11724 0.706476 1.07591 1.05619 0.942081 0.578997 0.562877 0.122808 1.18298 0.916928 0.983567 0.65494 0.155875 0.503769 0.0248614 0.498755 0.463862 0.980189 0.873436 0.515205 0.76874 0.619539 0.297077 1.18677 0.890989 0.381736 0.277007 0.223973 0.207299 0.494192 1.00982 0.894526 0.648705 0.346047 0.358647 0.222972 1.14662 0.547756 1.06631 0.367703 0.971261 0.970681 0.0867
0.281584 0.537853 0.282442 0.35973 0.633716 0.911407 1.05281 1.13181 0.729602 0.946809 0.759684 0.331517 0.961075 0.848609 0.621718 1.11623 0.895988 0.214922 0.224712 0.614786 1.17113 0.612618 0.476133 0.925393 0.895299 0.370577 0.584989 0.281957 0.278988 0.437844 0.35927 0.909291 1.01548 0.976299 1.12618 0.991469 1.09603 0.542915 0.434986 0.171863 1.05081 1.07165 0.968336 0.459483 0.247615 0.699538 0.0935704 0.682131 0.453117 0.799152 1.02801 0.510206 0.99396 0.790559 0.143247 1.1596 1.13571 0.508471 0.267917 0.248596 0.139787 0.39244 0.984668 0.926262 0.358473 0.372624 0.304496 0.334921 1.28388 0.585753 1.0851 0.147269 0.848733 0.793411 0.0982791
