25 75
0.898644 0.989184 0.483765 0.633177 0.71388 0.500172 0.316144 0.121657 0.667487 0.255966 0.892497 0.279127 0.388119 0.606275 1.09381 0.783211 0.72516 1.08874 0.340919 0.764849 0.119031 0.87495 0.425577 0.659396 1.0344 0.820865 0.782482 0.590495 0.525289 0.744732 0.577394 0.819958 1.07514 0.840404 0.806784 0.977579 0.986773 0.27286 1.08829 0.971751 0.429759 1.15916 0.757353 0.650491 1.02639 0.895541 0.857137 0.450898 0.864387 0.367167 0.533303 0.938323 0.502893 1.05199 0.96421 0.871111 0.736601 0.156703 0.763446 0.398548 0.713802 0.455324 0.394127 0.106431 0.653446 0.96275 0.687851 0.548848 0.632955 0.140281 0.368337 0.337282 0.173485 0.385872 1.1473
1.07255 1.03239 0.263004 0.708332 0.656775 0.495914 0.476662 0.250523 0.505188 0.145916 1.16955 0.388618 0.278689 0.572961 1.25122 1.00284 0.803389 0.952376 0.340006 0.705624 0.0808488 0.729508 0.493077 0.700485 1.00495 0.923694 0.690595 0.569441 0.562686 0.582506 0.669951 0.652614 1.06767 0.903005 0.713118 0.90091 1.03286 0.1398 1.03593 1.09575 0.430767 1.1456 0.568146 0.604506 0.858196 1.08218 0.858325 0.470703 1.09722 0.348508 0.585894 1.03608 0.360861 1.11998 0.863375 1.04868 0.7783 0.158814 0.944751 0.440791 0.555678 0.345844 0.278495 0.180578 0.530797 1.16414 0.584037 0.63146 0.614878 0.303084 0.3375 0.106031 0.383184 0.457702 1.01823
0.998509 1.16078 0.312689 0.634634 0.776553 0.373452 0.392097 0.158531 0.468505 0.318296 0.956146 0.29178 0.372811 0.677653 1.07809 0.727057 0.875454 1.14589 0.436558 0.677338 0.328858 0.586341 0.484242 0.738384 0.784851 0.808789 0.67339 0.659839 0.451528 0.720508 0.681106 0.593401 1.15938 0.950397 0.587158 0.986764 1.09838 0.180851 1.18209 1.05862 0.426852 1.08674 0.754298 0.760562 1.07731 0.840926 0.69566 0.320874 0.931599 0.522239 0.508817 0.934553 0.461818 1.00258 0.759491 1.0228 0.728724 0.18527 0.866953 0.265619 0.641901 0.31312 0.43617 0.0381141 0.712924 1.04887 0.811634 0.381022 0.533477 0.34483 0.366691 0.152747 0.180293 0.270054 0.996573
1.13896 1.10692 0.495777 0.475836 0.625737 0.48872 0.416814 0.280592 0.552827 0.23556 0.947903 0.168902 0.172465 0.670352 1.1892 0.985632 0.914836 1.11478 0.329727 0.73451 0.0580571 0.632953 0.310647 0.730368 0.863473 0.974642 0.715507 0.53718 0.586098 0.550179 0.650947 0.856519 1.0284 0.938305 0.601559 1.04919 1.14132 0.0637756 1.17162 1.05157 0.226537 1.10635 0.67969 0.692138 1.00209 0.795616 0.650081 0.259285 0.971696 0.506914 0.442652 0.766528 0.330294 1.01993 0.865139 0.968923 0.820445 0.149235 0.704659 0.363737 0.616776 0.242192 0.245728 0.234146 0.644471 1.00072 0.67142 0.580292 0.491406 0.408392 0.548695 0.0955899 0.332331 0.285408 0.996575
0.85072 1.01492 0.499653 0.548097 0.559513 0.257108 0.48445 0.240891 0.658734 0.200724 1.11871 0.299382 0.302766 0.756894 1.02984 0.905965 0.931743 0.95334 0.355149 0.881735 0.321048 0.859708 0.464621 0.736285 1.07517 0.883899 0.683399 0.716789 0.634161 0.66376 0.553584 0.784279 0.95744 0.79635 0.742219 0.946954 1.18706 0.302956 1.07105 0.856627 0.366546 1.07789 0.491682 0.729297 1.04045 0.946446 0.687716 0.383289 1.05863 0.349296 0.547685 0.997028 0.301712 1.14059 0.828243 0.93698 0.822967 0.164974 0.8685 0.425977 0.643043 0.270689 0.195434 0.141313 0.604507 0.949394 0.604348 0.429972 0.533565 0.339461 0.414515 0.153065 0.115296 0.407623 1.22588
0.995276 1.12763 0.344078 0.688054 0.773694 0.508282 0.433906 0.193129 0.458159 0.348374 0.945575 0.2341 0.292303 0.761733 1.27684 0.964885 0.871059 1.11233 0.482182 0.643449 0.0904583 0.706706 0.316527 0.72666 0.932983 0.845121 0.613211 0.631877 0.537126 0.626447 0.584775 0.669585 1.10609 0.825153 0.580497 1.01649 0.992125 0.0200189 1.05378 0.948291 0.415536 0.933007 0.619898 0.803236 1.05587 0.954909 0.760064 0.438237 0.883415 0.507083 0.50845 0.818569 0.546492 1.27997 0.910546 1.07778 0.666659 0.290686 0.797526 0.402172 0.56757 0.41604 0.365386 0.254982 0.576003 0.913159 0.741335 0.495753 0.502575 0.304558 0.45677 0.253423 0.234264 0.359111 1.17902
1.06375 0.947047 0.498625 0.566118 0.615625 0.380209 0.499422 0.238314 0.45642 0.360639 1.03507 0.359672 0.327603 0.692991 0.994923 0.830051 0.877395 1.08168 0.405422 0.640867 0.0753121 0.608592 0.318848 0.742681 0.839266 0.841183 0.769212 0.569959 0.427336 0.543233 0.781106 0.668304 0.908537 0.880119 0.707791 0.860736 1.11203 0.0745385 1.10716 1.0267 0.43088 1.10747 0.762842 0.732791 1.11182 0.795225 0.853723 0.262777 1.12101 0.291748 0.442181 0.833299 0.55569 1.23515 0.817276 1.03461 0.820306 0.35618 0.92643 0.472816 0.794869 0.436684 0.295199 0.0797745 0.801152 1.00572 0.776432 0.421217 0.60789 0.244894 0.323345 0.192777 0.128923 0.369087 1.04288
1.12771 1.05545 0.392263 0.717017 0.784795 0.32359 0.425522 0.157066 0.710494 0.384607 1.08803 0.260238 0.275526 0.581373 1.16827 0.847552 0.794826 1.1008 0.307182 0.876547 0.278245 0.814873 0.259596 0.691751 1.04799 0.845515 0.674098 0.548838 0.692046 0.625374 0.531748 0.575728 0.950436 0.73214 0.669016 1.1335 1.05657 0.218443 0.96496 0.881763 0.315497 1.01537 0.660334 0.732939 1.01084 0.96769 0.62082 0.385879 0.849438 0.260653 0.331042 0.97502 0.518995 1.23229 0.823567 0.83981 0.768694 0.215262 0.882198 0.383142 0.578648 0.300544 0.295139 0.204307 0.706413 0.918764 0.823588 0.388313 0.475071 0.289498 0.422721 0.242237 0.202152 0.417514 1.0868
0.911626 1.01177 0.222449 0.60094 0.652432 0.360733 0.407955 0.252329 0.481312 0.129054 0.909778 0.247079 0.372384 0.71265 1.25736 0.881189 0.709442 0.911962 0.508569 0.659298 0.302745 0.664649 0.361618 0.656922 0.785636 0.947592 0.648548 0.770902 0.711059 0.51062 0.562359 0.788825 1.10142 0.948748 0.81305 0.875803 1.13475 0.230064 1.14057 0.947834 0.255001 1.12132 0.721931 0.78405 0.892998 1.08089 0.735013 0.473644 0.974427 0.259297 0.551591 0.780181 0.305466 1.1792 0.789244 1.03832 0.778709 0.21436 0.748211 0.436806 0.832508 0.411405 0.344334 0.243078 0.791201 1.03987 0.789961 0.482816 0.553987 0.31048 0.437572 0.353301 0.380365 0.303083 1.02934
0.953051 1.16832 0.231679 0.666367 0.721351 0.28835 0.378754 0.325784 0.715616 0.12599 1.0464 0.234036 0.397153 0.594146 1.16387 0.993811 0.715142 1.07937 0.302534 0.703488 0.279949 0.628622 0.475771 0.621755 1.03485 0.931297 0.612364 0.526564 0.695827 0.798869 0.569029 0.778262 1.06116 0.74363 0.746218 0.889743 1.16701 0.179265 1.14171 0.847076 0.330057 1.17841 0.554629 0.855075 0.868129 0.994626 0.698762 0.518584 1.10176 0.30199 0.583707 0.96739 0.504665 1.2515 0.980249 1.03326 0.849842 0.318761 0.721915 0.275906 0.760335 0.334248 0.378063 0.0968772 0.622589 1.0746 0.7042 0.502641 0.463935 0.399762 0.38676 0.326896 0.267388 0.215697 1.09222
1.10855 1.15441 0.440898 0.736496 0.571331 0.287817 0.497806 0.363398 0.542027 0.31971 1.01303 0.193648 0.297041 0.659411 1.21066 1.00489 0.667278 1.16101 0.484414 0.892345 0.245514 0.740798 0.434181 0.706467 0.972221 0.736875 0.770497 0.558412 0.652969 0.62025 0.569788 0.609189 0.884777 0.734091 0.720409 1.12023 1.0113 0.0872932 1.03009 0.867221 0.402939 1.18664 0.764944 0.797115 0.978981 0.840335 0.710059 0.258954 0.856198 0.492291 0.557972 0.87346 0.34527 1.05894 0.957698 0.960583 0.619023 0.345391 0.976747 0.310426 0.65466 0.360795 0.448358 0.314282 0.586801 1.14945 0.845124 0.362662 0.464011 0.311104 0.562207 0.10559 0.148192 0.307318 1.05011
0.895217 0.972195 0.349919 0.55139 0.765663 0.475733 0.499761 0.353835 0.46594 0.221527 1.15177 0.242188 0.317045 0.579699 1.14558 1.00582 0.647858 1.18047 0.295589 0.844238 0.331395 0.823352 0.219772 0.516053 0.934506 0.74419 0.701603 0.708211 0.608116 0.719199 0.633038 0.801834 1.11582 0.940319 0.758871 0.865292 1.11961 0.0611675 0.907276 1.07047 0.381139 1.00404 0.531147 0.829566 1.04686 0.910435 0.654726 0.350775 0.878687 0.403267 0.419938 0.774248 0.286062 1.08902 1.01315 0.854216 0.622436 0.235642 0.72853 0.418081 0.651827 0.235973 0.445496 0.104068 0.64892 1.10003 0.636834 0.436544 0.513669 0.219338 0.439608 0.0817786 0.222974 0.364474 1.05394
1.01188 0.967633 0.46049 0.623648 0.737659 0.473633 0.346112 0.119007 0.455751 0.326063 0.981732 0.205383 0.272606 0.617318 1.04013 0.929139 0.858377 1.00719 0.481783 0.879863 0.315068 0.844813 0.325003 0.711919 1.00574 0.887639 0.629019 0.613302 0.652233 0.795807 0.527924 0.61021 1.02507 0.85942 0.761805 0.931657 1.17918 0.171255 1.05551 0.9538 0.259028 0.998702 0.498301 0.592208 1.02372 0.894275 0.754855 0.473603 1.11039 0.455683 0.450756 0.87415 0.346459 1.16881 0.876416 0.842478 0.829659 0.412279 0.880443 0.259629 0.768104 0.299456 0.413489 0.295323 0.633669 0.927377 0.757967 0.588476 0.588254 0.130268 0.545427 0.297731 0.154847 0.444075 1.09509
0.878976 1.00504 0.494763 0.60704 0.556494 0.219051 0.394653 0.288871 0.471923 0.231367 1.06806 0.26612 0.243611 0.593205 1.20479 0.914622 0.845923 1.16743 0.468683 0.81312 0.20894 0.66333 0.460843 0.742938 1.01592 1.01934 0.749356 0.674071 0.527011 0.70154 0.657589 0.693001 1.14672 0.786185 0.667797 1.076 1.13653 0.117957 0.921791 0.945372 0.209277 1.16161 0.617295 0.764947 1.06569 1.08089 0.616066 0.547524 1.07307 0.37936 0.390377 0.838419 0.481605 1.20328 0.798633 1.00172 0.566276 0.215716 0.697021 0.403152 0.724655 0.386862 0.207203 0.309477 0.600776 1.08885 0.682118 0.566982 0.733864 0.330124 0.480473 0.301813 0.287297 0.429119 0.986706
0.993343 1.02502 0.35489 0.557249 0.699938 0.501277 0.500641 0.333165 0.658541 0.298144 0.937968 0.237015 0.212531 0.709796 1.00893 0.759983 0.84303 1.02962 0.290675 0.78468 0.141014 0.660813 0.233728 0.655837 1.0539 0.817049 0.77415 0.666721 0.71977 0.726443 0.692187 0.740672 0.995405 0.918876 0.750156 0.985246 1.11848 0.220802 1.02973 0.87272 0.223501 1.10523 0.77797 0.829187 1.1196 0.818236 0.890634 0.528692 1.03867 0.481694 0.392605 0.913161 0.414545 1.27746 1.04517 0.853901 0.671378 0.136981 0.748151 0.27518 0.581358 0.237129 0.325702 0.300772 0.573522 0.875577 0.748823 0.393533 0.588054 0.197937 0.490624 0.263548 0.182091 0.187774 1.00557
1.00889 1.05408 0.302057 0.611405 0.820559 0.397717 0.330867 0.3794 0.606477 0.127107 1.00147 0.225429 0.180733 0.566647 1.08704 0.900603 0.815824 0.926359 0.394426 0.609427 0.167079 0.60837 0.371935 0.766003 0.902493 0.742861 0.625011 0.663756 0.699741 0.631373 0.605061 0.755443 1.02181 0.924797 0.659724 1.04272 1.21271 0.203634 1.11729 1.07812 0.401945 1.13475 0.575251 0.596825 1.05275 1.01274 0.652268 0.436043 1.09749 0.251937 0.478497 0.75528 0.335406 1.28742 0.909313 0.85098 0.850893 0.125438 0.934321 0.415924 0.571912 0.424822 0.448789 0.173167 0.599902 1.1397 0.635228 0.54389 0.667282 0.379548 0.446575 0.333727 0.105435 0.347173 1.11405
1.08622 1.24073 0.482416 0.459357 0.811032 0.217255 0.422673 0.410928 0.613545 0.373175 0.998678 0.315586 0.28753 0.735228 1.11675 0.818888 0.65816 1.06698 0.400343 0.888449 0.20886 0.740359 0.324836 0.597217 1.01439 0.741595 0.687319 0.708829 0.522905 0.575116 0.559728 0.730471 0.975008 0.770973 0.752918 1.1318 1.26906 0.205806 1.13601 1.02643 0.382726 1.02083 0.530141 0.688665 0.833102 0.886195 0.785886 0.341918 0.959324 0.265781 0.425169 1.01972 0.550856 1.03508 1.01999 0.990783 0.829834 0.181591 0.886072 0.294269 0.657827 0.437031 0.416069 0.253448 0.595266 0.873092 0.748458 0.555491 0.681953 0.300427 0.43099 0.109398 0.115415 0.309138 1.0157
0.899746 1.12026 0.338519 0.463431 0.604504 0.4348 0.436177 0.31496 0.619619 0.129503 1.15597 0.404027 0.192399 0.58326 1.1025 0.929154 0.758139 1.19958 0.458798 0.709694 0.211865 0.819026 0.408094 0.591349 0.803903 0.955356 0.642767 0.694945 0.430238 0.7907 0.549824 0.700921 1.02635 0.676951 0.564608 1.04007 0.974386 0.126706 1.03957 1.03164 0.459695 1.1641 0.619396 0.841692 0.841275 0.912933 0.812388 0.436691 0.931838 0.497695 0.549844 0.959491 0.332923 1.13953 0.909887 0.914005 0.611795 0.269839 0.843984 0.352821 0.596027 0.459076 0.158785 0.311457 0.578213 0.989019 0.577752 0.395976 0.676909 0.166532 0.537977 0.363794 0.210095 0.170329 0.963872
1.09512 1.01244 0.399326 0.48036 0.607388 0.440108 0.56285 0.279853 0.719799 0.269205 1.00084 0.33687 0.416358 0.707975 1.27968 0.886142 0.800345 0.900446 0.415462 0.740854 0.0980576 0.585785 0.394984 0.710435 0.825164 0.797173 0.521732 0.777248 0.430607 0.564004 0.676885 0.80348 0.895985 0.813668 0.616459 1.02621 1.06718 0.12516 1.03103 0.847782 0.246715 1.13268 0.513041 0.597066 1.08348 1.02988 0.852319 0.374854 0.872766 0.274917 0.361445 0.993885 0.406859 1.12976 0.937761 0.973562 0.776261 0.401194 0.715507 0.342116 0.803674 0.471838 0.382111 0.0931257 0.730707 0.869962 0.691813 0.56679 0.575643 0.144818 0.324474 0.0895448 0.311048 0.40564 1.07052
1.06886 0.968923 0.298619 0.538492 0.756744 0.348912 0.362755 0.396815 0.602007 0.146364 1.07921 0.32738 0.23398 0.711445 1.24119 0.808236 0.918703 1.05622 0.317718 0.736541 0.066424 0.658529 0.343839 0.655693 0.920893 0.894342 0.776493 0.571075 0.488172 0.776919 0.683717 0.653467 1.03399 0.863763 0.787288 1.07884 1.18384 0.0854514 0.932005 0.881766 0.406039 1.02454 0.586372 0.582988 0.947487 1.05433 0.885914 0.291903 1.08235 0.375981 0.47959 1.04072 0.525982 1.19481 0.90737 0.923337 0.590007 0.126583 0.870264 0.36152 0.816927 0.216547 0.176967 0.179866 0.628263 1.01899 0.673551 0.545627 0.562739 0.274421 0.576074 0.212225 0.318951 0.430057 0.982261
1.10545 1.03994 0.492976 0.729951 0.795862 0.298975 0.373908 0.151657 0.478211 0.138972 1.14462 0.352449 0.162962 0.558443 1.16685 0.727417 0.679492 0.935489 0.339668 0.620766 0.256745 0.647757 0.445078 0.630905 0.864728 0.75224 0.615329 0.629867 0.647524 0.550763 0.779287 0.665993 1.0477 0.832017 0.558437 0.916526 1.04937 0.136044 0.92384 0.960919 0.408382 1.04961 0.715362 0.85412 0.922288 0.89343 0.655734 0.418492 0.855792 0.274526 0.529229 1.02285 0.284215 1.21602 0.926143 0.91031 0.664505 0.168815 0.781871 0.397709 0.581657 0.275787 0.388629 0.0375761 0.806037 1.14949 0.664789 0.407996 0.673738 0.357743 0.549771 0.287809 0.223016 0.329933 0.966233
1.11509 1.09589 0.409125 0.62627 0.679243 0.360474 0.435028 0.35916 0.511054 0.351362 0.992367 0.146637 0.323447 0.648475 1.23238 0.726246 0.65145 1.01088 0.343392 0.828126 0.132693 0.829582 0.347697 0.526867 1.01697 0.899872 0.747022 0.657314 0.471986 0.509511 0.637574 0.793308 1.07658 0.8298 0.798465 1.0586 1.14665 0.306659 1.06794 0.927534 0.353281 1.07593 0.755267 0.671421 0.904848 0.994397 0.835521 0.498367 0.8416 0.39441 0.476616 0.964315 0.474121 1.01081 0.749643 1.08882 0.852284 0.163192 0.950737 0.301221 0.592966 0.224389 0.394783 0.0647601 0.55223 0.902276 0.684793 0.641812 0.534431 0.26532 0.317879 0.281934 0.173237 0.382326 1.07927
0.982443 1.1494 0.416373 0.723649 0.769758 0.504503 0.520374 0.312574 0.60533 0.262179 1.11121 0.250418 0.407671 0.718157 0.991439 0.85753 0.664205 1.15809 0.270181 0.733738 0.223165 0.813063 0.257579 0.589621 0.87657 0.899755 0.748679 0.650257 0.604265 0.751508 0.543607 0.662116 1.13701 0.700449 0.686218 1.09459 1.13808 0.0806435 1.16245 0.824216 0.29534 1.03085 0.539163 0.690674 0.877163 1.0005 0.885297 0.53781 1.12272 0.465303 0.582388 0.847018 0.312383 1.0745 1.0403 1.02105 0.775431 0.35133 0.820423 0.245652 0.830628 0.250965 0.260558 0.197249 0.697841 0.944623 0.795602 0.460647 0.697109 0.2799 0.391903 0.125766 0.17647 0.394638 1.08158
0.856407 1.22243 0.463477 0.515939 0.55955 0.362429 0.379311 0.209686 0.636959 0.313093 1.08659 0.411781 0.362601 0.628306 1.23009 0.854629 0.904376 1.07719 0.481508 0.847235 0.242821 0.642456 0.37552 0.774378 1.07735 0.929456 0.619998 0.806091 0.677904 0.725899 0.785779 0.756289 1.00541 0.831179 0.671873 1.09118 1.07519 0.083977 0.93034 0.844862 0.378369 1.11244 0.698493 0.765585 0.94886 1.0246 0.819419 0.555413 0.936977 0.338394 0.339017 0.759511 0.441596 1.01543 0.867144 0.983169 0.647331 0.325997 0.936404 0.515224 0.797324 0.373847 0.415895 0.327031 0.758653 1.03578 0.667098 0.380139 0.51263 0.297252 0.555802 0.339256 0.181873 0.411169 1.1668
0.895303 1.23031 0.36635 0.475717 0.550151 0.353095 0.452336 0.196373 0.456611 0.204088 0.919714 0.422067 0.136076 0.537524 1.08658 0.982005 0.776458 1.10232 0.496518 0.797834 0.268024 0.788101 0.219399 0.78044 0.869138 0.92121 0.753313 0.703716 0.460545 0.503458 0.655035 0.795141 1.06526 0.701223 0.599151 1.07926 1.14 0.259641 1.10329 0.964567 0.28734 1.07247 0.531005 0.586338 0.936204 0.80245 0.802732 0.545977 0.979578 0.301576 0.464671 0.826768 0.530048 1.29291 0.794445 0.894769 0.840141 0.281204 0.901178 0.390189 0.586102 0.321405 0.398511 0.228315 0.792053 1.04488 0.727632 0.390058 0.699387 0.156801 0.319972 0.194931 0.135401 0.384349 0.973964
