25 75
0.916042 0.656746 0.729288 1.12007 0.766919 0.616217 0.992387 0.540339 0.0621054 0.734581 1.00537 0.0741006 0.801299 0.566947 0.289282 0.276497 0.7457 0.234609 0.798007 0.68365 0.617144 0.897017 0.831268 0.800197 0.295716 0.587696 0.432098 0.673995 0.839861 0.173525 0.788703 1.02493 0.222179 0.458614 0.646089 0.47713 0.723825 1.0324 0.618258 0.908841 1.09541 0.950713 0.967117 0.568702 0.716086 0.426134 0.315063 0.04068 0.632365 0.352502 1.08479 0.683488 0.449025 1.01822 0.270115 0.61176 0.957245 0.861053 0.516588 0.959675 0.400361 0.563288 1.26425 0.629922 0.331475 0.483155 0.375926 0.0743391 0.636462 0.445215 0.519119 0.876972 0.808353 0.655922 1.05693
0.891132 0.419213 0.54684 1.04765 0.890418 0.687038 0.832597 0.649213 0.243406 0.70718 1.14294 0.0407997 0.851646 0.662655 0.129055 0.378803 0.716554 0.186445 0.756822 0.63029 0.482554 0.977345 1.11258 0.763877 0.25856 0.488798 0.330839 0.504759 0.771308 0.228029 0.629638 0.929769 0.36501 0.553211 0.658347 0.384202 0.775781 1.11571 0.630008 0.877154 1.09527 1.09319 0.890156 0.648928 0.800552 0.181285 0.284751 0.168155 0.664065 0.277517 1.11367 0.888615 0.34897 1.05431 0.160495 0.714927 0.887422 0.670341 0.359121 1.07771 0.217135 0.470661 1.01848 0.678207 0.516685 0.392536 0.323133 0.277099 0.784892 0.389857 0.559863 0.933145 0.699526 0.585397 1.17374
0.884572 0.502142 0.699081 1.0433 0.960961 0.725122 0.835528 0.640146 0.167979 0.687255 1.16464 0.306546 1.01203 0.628085 0.345156 0.220117 0.554283 0.0690791 0.757191 0.645152 0.712513 0.989521 0.877252 0.934105 0.249751 0.497091 0.407125 0.611062 0.733471 0.29613 0.868883 0.806984 0.223006 0.436649 0.508706 0.652142 0.774557 1.01433 0.527493 0.83561 0.915516 0.891563 0.830362 0.565368 0.750194 0.407351 0.395175 0.16561 0.645137 0.146983 0.98143 0.695334 0.273396 0.843629 0.114972 0.534583 1.04483 0.664559 0.613677 0.941583 0.404439 0.70993 0.987027 0.628759 0.432765 0.32973 0.446884 0.0501077 0.627329 0.568379 0.662441 0.67062 0.770666 0.601518 1.01219
0.90547 0.436767 0.519618 1.14255 0.765555 0.558266 0.844078 0.476707 0.127148 0.755292 1.06896 0.206518 1.05847 0.685622 0.314731 0.389633 0.54983 0.310733 0.674486 0.661167 0.72498 0.705847 0.96666 0.980994 0.380195 0.736307 0.251925 0.574034 0.684112 0.244036 0.879951 0.826657 0.292107 0.524245 0.659499 0.503886 0.631525 1.09673 0.700385 1.06058 0.958873 0.912084 0.782823 0.624731 0.848307 0.333893 0.2344 0.19618 0.568964 0.390832 0.991436 0.806328 0.277736 0.948111 0.400343 0.631019 0.838019 0.866743 0.5729 1.06875 0.311987 0.503965 1.11646 0.564917 0.27782 0.438123 0.369209 0.0921131 0.791154 0.489002 0.722577 0.837715 0.93601 0.691138 1.10369
0.804341 0.62653 0.763418 0.875344 0.869236 0.806413 0.856798 0.669467 0.0805376 0.729121 1.14414 0.116943 0.974744 0.722593 0.285755 0.449169 0.562252 0.233862 0.649074 0.42678 0.647386 0.930411 0.870634 1.00044 0.328135 0.62221 0.490165 0.630257 0.901172 0.0990145 0.774879 0.932469 0.382036 0.385323 0.514364 0.469532 0.598942 1.14162 0.714849 0.846311 0.996112 0.887778 0.706105 0.637129 0.789697 0.270204 0.206216 0.232022 0.586579 0.193423 1.0745 0.788659 0.41916 0.946458 0.198185 0.542974 1.01469 0.741128 0.402846 0.965845 0.319713 0.487352 1.16028 0.694075 0.242637 0.370644 0.252322 0.209062 0.713608 0.435414 0.571588 0.688388 0.776153 0.449023 1.23759
0.891309 0.645722 0.692879 0.995967 1.01836 0.790691 0.797515 0.498645 0.159076 0.745648 1.01203 0.0951988 0.950015 0.747865 0.292 0.37046 0.762683 0.0450495 0.754679 0.403941 0.713772 0.753559 0.889378 1.02555 0.143611 0.623994 0.459924 0.509915 0.903211 0.0312681 0.752848 0.820719 0.285721 0.476741 0.611112 0.453035 0.778036 0.979761 0.640101 0.963453 1.04394 0.920985 0.848333 0.507368 0.741942 0.381664 0.249695 0.292707 0.493082 0.14292 0.968446 0.721626 0.355068 1.01203 0.175336 0.751931 1.07068 0.837047 0.608578 0.831599 0.336356 0.448785 1.03558 0.769101 0.442278 0.560694 0.484042 0.0263641 0.809264 0.494813 0.710918 0.710896 0.866953 0.580673 1.04068
0.841582 0.382937 0.525358 0.855246 0.88771 0.655316 0.799644 0.451519 0.351391 0.611088 1.12328 0.311536 0.920365 0.563948 0.258432 0.36245 0.752484 0.261218 0.723945 0.592175 0.569702 0.717439 0.878759 0.870822 0.264651 0.480975 0.478602 0.738535 0.855934 0.304505 0.839752 0.976692 0.279602 0.484547 0.463047 0.555381 0.605355 1.16157 0.798662 1.04099 0.997835 0.960786 0.967485 0.684772 0.823905 0.153306 0.400748 0.0661888 0.486957 0.403215 0.939029 0.742694 0.300501 0.985437 0.186597 0.775926 0.976711 0.827421 0.481484 0.830348 0.427197 0.643769 1.0776 0.741663 0.425635 0.345813 0.324781 0.196838 0.563845 0.364095 0.639628 0.953104 0.737798 0.589382 1.02028
0.924168 0.549295 0.79059 1.01732 0.975082 0.631239 0.812282 0.387823 0.341985 0.669765 1.07346 0.148884 0.878589 0.478528 0.310096 0.440925 0.705494 0.166842 0.702126 0.587945 0.558823 0.903386 0.850358 0.766405 0.22423 0.638521 0.443727 0.796958 0.714661 0.227944 0.808029 0.780926 0.343345 0.607136 0.515063 0.599164 0.773997 0.967042 0.63938 0.778792 0.845821 0.906748 0.924147 0.531764 0.820127 0.404889 0.24699 0.196362 0.667624 0.147349 0.985197 0.788401 0.29096 0.940158 0.156931 0.78558 0.858361 0.772685 0.514545 0.926028 0.249914 0.641232 1.02603 0.540418 0.358035 0.355752 0.312386 0.26276 0.670212 0.449722 0.660698 0.945727 0.917268 0.550433 1.25459
0.696624 0.561344 0.729838 0.977391 0.787004 0.587817 0.816966 0.396038 0.0702029 0.730919 1.05404 0.168392 1.03672 0.753638 0.119409 0.26191 0.476298 0.0667757 0.645965 0.481154 0.687782 0.694266 0.979729 0.90668 0.12986 0.72423 0.421703 0.740177 0.888354 0.28266 0.640151 1.04694 0.340737 0.517455 0.589668 0.508292 0.691915 1.0744 0.800058 0.799137 0.982499 1.11302 0.758551 0.659064 0.731684 0.31206 0.234811 0.241218 0.619617 0.135748 0.930057 0.957055 0.344145 0.784978 0.246336 0.52205 1.03607 0.873293 0.408463 0.877347 0.379937 0.500896 1.08343 0.78519 0.343316 0.465469 0.341651 0.263234 0.73592 0.606204 0.555989 0.706512 0.92671 0.576469 1.1308
0.860226 0.378298 0.681316 0.95717 0.802985 0.723211 0.934011 0.549098 0.10989 0.713083 1.02343 0.315003 0.930355 0.654048 0.370895 0.300427 0.705106 0.283022 0.777568 0.435453 0.773903 0.909344 0.919646 1.00312 0.349642 0.566899 0.349229 0.797025 0.756078 0.240457 0.600393 0.876439 0.170969 0.461984 0.719661 0.473953 0.536771 0.968621 0.585825 1.02565 0.939425 0.942367 0.78549 0.721599 0.739724 0.389759 0.246894 0.0371454 0.613422 0.144329 0.889724 0.767606 0.454864 0.982621 0.301654 0.746528 0.917045 0.70965 0.580324 0.973179 0.300642 0.649578 1.24989 0.698452 0.440335 0.435372 0.466688 0.114481 0.628602 0.543448 0.543142 0.934742 0.70135 0.691201 1.153
0.761378 0.601831 0.603869 0.888899 0.822341 0.747829 0.957762 0.60483 0.310861 0.715547 1.03257 0.15457 0.894691 0.711805 0.216676 0.312044 0.761163 0.172058 0.637361 0.504205 0.690271 0.988816 1.11385 0.762724 0.397899 0.453057 0.42238 0.632879 0.826846 0.0516826 0.655787 0.823012 0.316527 0.541842 0.631117 0.528315 0.763037 1.14075 0.541454 0.959134 0.871536 0.93348 0.879564 0.582307 0.877564 0.287303 0.231999 0.136621 0.37716 0.323601 0.849662 0.925228 0.284828 0.957676 0.342894 0.742477 1.07332 0.783129 0.48973 0.870508 0.313762 0.552336 1.18008 0.560106 0.420733 0.556222 0.398827 0.172697 0.61742 0.528377 0.601816 0.786738 0.658831 0.460434 0.996356
0.904754 0.634564 0.77139 1.09523 0.976704 0.758992 1.03788 0.612893 0.30577 0.623182 0.924222 0.214302 0.986383 0.657096 0.179588 0.23516 0.683426 0.145576 0.780997 0.679137 0.707019 0.803516 0.878426 0.978976 0.309248 0.703766 0.401588 0.745135 0.770126 0.258948 0.775525 0.817857 0.301174 0.667344 0.716721 0.476344 0.776613 0.960117 0.685736 0.820486 1.00771 0.961823 0.866188 0.6883 0.964743 0.322149 0.334741 0.0695202 0.592738 0.260723 0.968116 0.879439 0.488286 0.956475 0.389418 0.603252 0.99063 0.940901 0.440336 0.827261 0.181721 0.547654 1.19288 0.746724 0.237773 0.331431 0.393869 0.231482 0.748134 0.524857 0.685148 0.951582 0.751053 0.529196 1.16294
0.930147 0.424763 0.758274 0.895151 0.981484 0.622282 0.819823 0.61104 0.179733 0.595353 0.926027 0.207457 0.834017 0.539757 0.233028 0.226146 0.545171 0.278885 0.795415 0.593048 0.754089 0.867719 1.07136 0.779029 0.147276 0.604518 0.426742 0.560128 0.749406 0.112023 0.8081 0.935642 0.192206 0.402759 0.586946 0.511954 0.661024 0.89887 0.549302 0.989998 1.12644 0.938338 0.915601 0.636263 0.926902 0.293981 0.359187 0.217423 0.64516 0.286757 0.9352 0.975094 0.228696 0.903886 0.276915 0.52956 1.09618 0.716969 0.393629 1.09845 0.382457 0.532243 1.0911 0.669075 0.411189 0.350046 0.32446 0.116491 0.723026 0.466391 0.472387 0.677858 0.873598 0.658187 1.07477
0.87274 0.561668 0.815824 0.92715 0.895453 0.581843 0.812654 0.482701 0.200853 0.699176 0.933771 0.23466 1.00325 0.726018 0.125329 0.224763 0.699528 0.118009 0.844733 0.505878 0.660141 0.974306 0.853283 0.873613 0.275546 0.446739 0.329019 0.697697 0.625858 0.225418 0.752047 0.984594 0.409836 0.395418 0.588619 0.549353 0.59709 1.0101 0.667948 1.02848 0.986143 1.16196 0.91137 0.487997 0.815088 0.349107 0.27582 0.109323 0.648484 0.399977 0.860466 0.813115 0.269997 0.843715 0.116899 0.730928 1.03258 0.81999 0.460376 0.913634 0.352348 0.470808 1.18421 0.706559 0.357973 0.491538 0.261168 0.0980519 0.711356 0.418435 0.623979 0.789019 0.929019 0.728316 0.96095
0.842097 0.483356 0.573867 1.09248 0.843807 0.638223 1.02332 0.611515 0.116926 0.590621 1.12586 0.21163 1.0461 0.717854 0.146431 0.373744 0.607366 0.271378 0.672429 0.496787 0.761258 0.863735 1.08216 0.78024 0.233868 0.497322 0.46938 0.714711 0.767339 0.0425579 0.777698 1.05611 0.17738 0.407 0.692832 0.514722 0.82772 1.10351 0.511942 0.78868 0.930552 1.11955 0.860047 0.757676 0.714516 0.334511 0.181863 0.194284 0.609676 0.418156 1.02119 0.946952 0.335543 0.857426 0.288875 0.586119 1.10358 0.688044 0.626585 0.991809 0.233334 0.527594 0.981006 0.746129 0.255141 0.380532 0.253508 0.02044 0.621821 0.534982 0.449286 0.775923 0.763747 0.495902 1.21363
0.68596 0.530375 0.683859 1.10064 0.836774 0.836468 0.917457 0.582059 0.278739 0.744403 1.11087 0.121301 0.951848 0.619566 0.239376 0.453659 0.557364 0.0460613 0.641317 0.564721 0.626645 0.932522 1.11419 0.924649 0.284916 0.672466 0.317855 0.604602 0.871299 0.165028 0.872843 0.85132 0.439478 0.484056 0.567117 0.45469 0.680059 0.881204 0.633822 0.925345 0.998457 1.09056 0.755368 0.605152 0.936213 0.221261 0.22597 0.206062 0.668179 0.299693 1.04248 0.783438 0.258871 1.01713 0.1219 0.646988 0.877666 0.715366 0.540348 1.03068 0.172004 0.621052 1.08771 0.743391 0.422081 0.36558 0.390991 0.213518 0.726274 0.453613 0.690949 0.795508 0.702295 0.514191 1.06867
0.865911 0.425603 0.700137 1.03181 0.967307 0.54062 0.814905 0.559403 0.183829 0.618128 0.918346 0.22697 0.812719 0.678547 0.298786 0.332748 0.583935 0.272922 0.615948 0.45333 0.517712 0.906695 1.08322 0.941032 0.318576 0.464365 0.273179 0.518148 0.897321 0.097424 0.88187 0.837915 0.438248 0.524728 0.688882 0.4065 0.817534 0.924456 0.753951 0.975668 0.982744 0.960883 0.956992 0.663736 0.852699 0.182143 0.231375 0.117338 0.59902 0.33618 0.992643 0.862576 0.215734 0.881824 0.185168 0.775164 0.988496 0.735862 0.409204 0.861126 0.20831 0.543215 1.25734 0.571704 0.428008 0.527381 0.427262 0.240432 0.591572 0.390051 0.681905 0.886541 0.791762 0.472792 1.05413
0.935674 0.463202 0.692622 1.02795 0.836542 0.594506 0.893059 0.559348 0.142233 0.652119 0.955528 0.175114 0.790735 0.771283 0.0809316 0.168807 0.506568 0.101973 0.569098 0.616615 0.548297 0.972218 0.846604 1.01232 0.307609 0.570959 0.289475 0.510324 0.62696 0.152554 0.811347 0.935926 0.392048 0.486295 0.506685 0.536381 0.593814 0.956316 0.69166 0.89794 1.05272 1.12466 0.843722 0.768157 0.913177 0.424074 0.400261 0.104744 0.417203 0.22794 1.10698 0.682637 0.324077 0.875932 0.266659 0.794873 1.03431 0.828074 0.613068 0.943711 0.264047 0.503524 1.1812 0.535157 0.226004 0.573616 0.402774 0.285197 0.82912 0.418816 0.608777 0.903194 0.684796 0.439436 1.18339
0.876325 0.563636 0.803853 0.856472 0.831459 0.594129 1.06052 0.567615 0.127077 0.82906 1.08571 0.136056 0.878118 0.511229 0.312696 0.172152 0.586827 0.29481 0.600654 0.451676 0.529027 0.926949 0.99525 0.925712 0.34052 0.635138 0.524394 0.718435 0.749064 0.149282 0.675853 0.927927 0.334957 0.447738 0.471561 0.649505 0.564659 0.954609 0.786521 0.822226 0.951107 0.977041 0.812677 0.731015 0.695175 0.451022 0.294318 0.165609 0.589998 0.150722 0.997019 0.901585 0.479323 0.942887 0.23412 0.65453 0.923458 0.789722 0.351624 0.95079 0.249908 0.692441 1.10407 0.71544 0.277234 0.456885 0.325491 0.102162 0.696811 0.572551 0.464003 0.803301 0.739986 0.73339 0.996319
0.966527 0.625468 0.568014 1.04447 0.83799 0.834494 0.882025 0.432449 0.343055 0.729642 0.9997 0.101565 0.985189 0.512397 0.164201 0.319832 0.628953 0.298165 0.702803 0.498465 0.750573 0.896494 1.01761 0.766657 0.306459 0.591509 0.481679 0.606173 0.76016 0.112967 0.635076 0.991317 0.399469 0.526883 0.446774 0.546833 0.742128 1.02181 0.57242 0.895603 1.04446 1.10078 0.880995 0.742002 0.746527 0.378231 0.28498 0.0604061 0.44029 0.124969 0.894697 0.915147 0.488028 0.943759 0.246352 0.551729 1.08186 0.667982 0.490951 0.929977 0.296925 0.502316 1.19196 0.617835 0.488238 0.316859 0.278472 0.205899 0.539369 0.567079 0.62233 0.95337 0.740378 0.670891 1.08369
0.954557 0.475382 0.667475 1.07352 0.904593 0.791229 1.06092 0.546127 0.323739 0.810834 1.14406 0.25429 1.05735 0.561583 0.339903 0.19379 0.755251 0.295735 0.675576 0.545396 0.630977 0.831083 0.954647 0.856646 0.171161 0.557287 0.353186 0.620071 0.869824 0.247721 0.810738 0.786656 0.352721 0.499371 0.673077 0.408562 0.803845 1.04868 0.711128 0.89288 1.10655 1.07563 0.97407 0.560207 0.848992 0.429418 0.415893 0.283307 0.675827 0.255647 1.05725 0.834644 0.302522 1.06716 0.247341 0.737119 0.825794 0.877162 0.627124 0.946936 0.449512 0.476541 1.23675 0.624388 0.254454 0.478268 0.286873 0.0243938 0.684686 0.553526 0.637454 0.826069 0.684204 0.728919 1.19559
0.845664 0.540528 0.579585 0.949823 0.993401 0.828956 1.02235 0.628982 0.14285 0.56873 0.931627 0.23945 0.863638 0.575414 0.216662 0.314911 0.678233 0.308607 0.641623 0.460181 0.604768 0.940753 0.999621 1.02208 0.34602 0.560697 0.302208 0.63655 0.909037 0.0605595 0.672654 0.917397 0.274554 0.427994 0.684618 0.405113 0.738258 0.99016 0.556399 0.997965 0.960437 1.10043 0.77147 0.708854 0.872257 0.432108 0.294023 0.193976 0.657985 0.186228 0.909836 0.711382 0.383552 0.900442 0.33797 0.785369 0.999897 0.725289 0.538425 1.1139 0.368206 0.630384 1.25875 0.524246 0.27995 0.347719 0.462311 0.302023 0.638419 0.542542 0.446305 0.669602 0.77025 0.59219 1.12093
0.706824 0.415171 0.552754 1.09233 0.874842 0.681318 1.03909 0.456769 0.290761 0.566825 1.05024 0.198008 0.796527 0.538428 0.35129 0.395226 0.685839 0.126499 0.610994 0.505706 0.740918 0.773065 0.979312 0.966189 0.336507 0.690752 0.300395 0.792088 0.881896 0.235343 0.620657 0.88393 0.437525 0.381354 0.550892 0.621802 0.551071 1.1244 0.534917 1.03847 1.12608 0.872137 0.727365 0.745879 0.759714 0.279612 0.294666 0.180666 0.521182 0.172802 0.992394 0.930265 0.225571 1.07612 0.261177 0.558673 1.01338 0.886234 0.446418 0.956256 0.375109 0.640784 1.17371 0.687677 0.223215 0.56892 0.266539 0.202159 0.669277 0.490068 0.604118 0.900082 0.667981 0.630164 1.1721
0.854149 0.576238 0.540961 0.863304 0.854942 0.552331 0.986602 0.456745 0.113562 0.575487 1.19088 0.0354614 0.921323 0.70136 0.213737 0.393395 0.577266 0.195048 0.850686 0.428125 0.582678 0.854999 0.842553 0.953318 0.250539 0.448355 0.540512 0.614911 0.661449 0.11862 0.608257 0.870065 0.160441 0.3742 0.664811 0.525368 0.781883 1.15689 0.554951 1.05405 0.903958 1.10688 0.891055 0.692172 0.98976 0.384485 0.410256 0.0663073 0.665084 0.24924 0.957952 0.878963 0.495851 0.932865 0.240748 0.572867 1.09348 0.644768 0.348215 1.07828 0.22033 0.676649 0.98804 0.580834 0.434144 0.553808 0.304758 0.12713 0.686395 0.563864 0.480554 0.896455 0.708125 0.48578 1.07763
0.82795 0.466804 0.655803 1.06495 0.785815 0.614821 1.0839 0.416523 0.139306 0.551752 1.16216 0.169175 0.904512 0.591317 0.362851 0.430894 0.758301 0.130128 0.72458 0.475058 0.64702 0.760885 0.968275 0.848796 0.411855 0.501535 0.317261 0.51407 0.814643 0.0430087 0.778737 0.943111 0.369479 0.423173 0.539369 0.652888 0.623508 0.901217 0.721481 0.855588 0.99765 1.1527 0.831968 0.60537 0.847637 0.421509 0.385778 0.114548 0.575685 0.400707 1.00457 0.772721 0.277717 0.809336 0.360394 0.785802 1.05108 0.657002 0.370653 0.852908 0.17805 0.574256 0.992223 0.6056 0.26071 0.378363 0.363446 0.102265 0.750768 0.593173 0.582292 0.900501 0.700806 0.673341 1.13942
