25 75
0.58168 0.372638 0.616754 0.313309 0.994802 0.504844 0.635271 0.481346 0.783742 0.886436 0.802083 0.649126 0.604372 1.10183 0.424015 0.771917 0.760038 0.0547212 0.420737 0.135466 0.149315 1.07236 0.600385 0.934935 0.283802 0.554374 0.58639 0.618942 0.798852 0.593077 0.444878 0.968387 1.00903 0.59714 0.978137 0.532242 0.928861 0.402919 0.460796 0.230881 0.975498 0.508964 0.234447 1.09559 1.03102 0.137475 0.19311 0.334972 0.0607166 0.896977 0.359641 0.346056 1.19114 1.08716 0.996786 0.796021 0.185307 0.968177 0.37774 1.0002 0.384629 0.484168 0.680123 0.329237 1.20117 0.651825 1.20891 0.519233 0.792242 0.0956984 0.854598 0.282573 0.491231 0.154315 0.807637
0.664401 0.337719 0.597435 0.048299 0.848074 0.500168 0.809711 0.63797 0.824394 0.668322 0.783073 0.784792 0.582932 0.9642 0.403856 0.582515 1.02004 0.0477183 0.45698 0.0627522 0.107256 0.979488 0.607987 1.15507 0.427985 0.301435 0.374346 0.725425 0.746552 0.440235 0.327989 0.950642 0.809017 0.53748 0.895419 0.643568 0.733089 0.608878 0.535215 0.288912 1.11315 0.411154 0.183819 1.08213 1.12755 0.0609533 0.247214 0.519369 0.163668 0.827989 0.471668 0.263825 1.16885 0.94602 0.820193 0.895594 0.220586 0.959299 0.371128 0.817935 0.465405 0.616313 0.52548 0.153836 1.25015 0.565385 1.15324 0.438752 0.792572 0.208787 1.00147 0.306451 0.326448 0.16399 0.753776
0.565534 0.454699 0.587254 0.331958 0.968931 0.518849 0.648255 0.688287 0.622569 0.922554 0.77508 0.543903 0.797643 0.965763 0.572568 0.866574 0.804897 0.28305 0.419102 0.294485 0.120284 1.01562 0.721854 0.986564 0.267747 0.297207 0.633988 0.518778 0.828153 0.573276 0.252923 0.93031 0.906528 0.539982 0.866414 0.476988 0.766193 0.620663 0.641181 0.0334689 0.945604 0.491376 0.359614 1.16164 1.08918 0.0837732 0.326194 0.413164 0.0708771 0.878866 0.477073 0.157413 1.15511 0.905151 0.786818 0.787371 0.345767 1.03421 0.45235 0.767701 0.481063 0.685197 0.706711 0.23422 1.17522 0.766625 1.19049 0.590288 0.738042 0.1324 0.770783 0.160593 0.290218 0.0390089 0.7188
0.666795 0.244535 0.804342 0.269387 0.97432 0.426513 0.836501 0.50387 0.642596 0.642723 0.784895 0.610444 0.751067 0.963059 0.427215 0.658011 1.0184 0.166441 0.45595 0.266862 0.338534 0.828153 0.693513 1.08043 0.413182 0.442437 0.551112 0.523997 0.681764 0.696131 0.343093 0.969027 0.833672 0.63005 0.831326 0.404014 0.868888 0.420589 0.425984 0.285987 0.88877 0.503458 0.2934 1.22027 0.933837 0.184295 0.17605 0.43947 0.215903 0.891607 0.259397 0.179255 1.14943 0.912021 1.02026 0.870164 0.292174 0.874197 0.340412 0.774151 0.560043 0.62653 0.622692 0.258011 1.04432 0.66986 1.19161 0.57891 0.844131 0.0854444 0.96029 0.239731 0.284084 0.141395 0.680678
0.687298 0.436169 0.756957 0.281073 0.985915 0.337056 0.721656 0.642927 0.620376 0.790509 0.628946 0.644761 0.637019 1.13223 0.428542 0.863536 0.854999 0.00526611 0.530544 0.165578 0.0997204 0.862917 0.696778 0.983349 0.351482 0.324933 0.440046 0.606701 0.719624 0.556223 0.330587 0.967871 0.924645 0.65216 0.977988 0.457685 0.681267 0.567502 0.52796 0.0470685 1.12215 0.315799 0.151579 0.985801 1.00082 0.0563607 0.291666 0.428048 0.145391 0.816284 0.516168 0.195658 1.13123 0.849338 0.979791 0.868629 0.318525 0.977664 0.378313 1.02953 0.42366 0.559296 0.552552 0.403271 1.18433 0.585544 1.2073 0.486477 0.757548 0.23398 0.903309 0.222975 0.245109 0.193406 0.654011
0.448451 0.388306 0.788015 0.334772 0.806118 0.455034 0.761314 0.493991 0.64036 0.816483 0.594582 0.505311 0.597295 1.0719 0.655566 0.631319 0.976531 0.222406 0.497209 0.317305 0.361752 0.925592 0.69933 0.968419 0.319272 0.293651 0.510359 0.621164 0.880794 0.508256 0.265933 1.05343 0.906592 0.57498 0.781475 0.613546 0.708973 0.515371 0.387502 0.0837222 0.903618 0.317949 0.175378 1.22441 1.01672 0.0600406 0.248742 0.485625 0.184627 0.904627 0.473321 0.438959 1.09003 0.813564 0.891413 0.882429 0.255721 0.90921 0.288121 0.838549 0.434839 0.585777 0.822133 0.395131 1.21284 0.747504 1.00341 0.485147 0.897846 0.318107 1.00071 0.371349 0.499219 0.141652 0.774451
0.506464 0.323833 0.672 0.0511607 1.0254 0.449344 0.825055 0.665588 0.574022 0.671532 0.791064 0.728298 0.700942 0.995521 0.601701 0.834 0.935932 0.0425879 0.400223 0.0755351 0.326256 0.900878 0.599792 1.09763 0.336465 0.43217 0.380977 0.759934 0.831019 0.44423 0.15636 1.05512 0.971428 0.656236 0.952793 0.658905 0.667439 0.616004 0.4 0.198781 1.0974 0.33948 0.348727 1.09514 1.06634 0.285715 0.231751 0.510122 0.100649 0.961143 0.411424 0.219255 1.25919 0.979362 0.845954 0.894683 0.300084 0.815789 0.347386 0.931028 0.541517 0.622181 0.7395 0.177628 1.01986 0.689717 1.21323 0.450585 0.881354 0.163664 0.88559 0.31998 0.343458 0.260343 0.675944
0.646471 0.459388 0.87346 0.310547 0.821644 0.419206 0.644904 0.66988 0.774073 0.662402 0.632896 0.771858 0.593095 1.00734 0.543562 0.868507 0.840668 0.114603 0.395495 0.124233 0.120376 1.02983 0.573242 1.09711 0.302273 0.34112 0.58793 0.619057 0.614847 0.609919 0.296946 1.04886 0.842108 0.666815 0.782377 0.475786 0.827855 0.621785 0.387849 0.0600729 0.894397 0.340857 0.157113 1.09205 1.10286 0.249948 0.297482 0.477004 0.292533 0.969561 0.508456 0.219612 1.11263 1.06623 0.83292 1.06208 0.439366 0.932099 0.250849 0.862125 0.652806 0.549888 0.819105 0.361532 1.07314 0.734017 0.940435 0.448986 0.708233 0.296271 0.85511 0.280923 0.28124 0.113381 0.729935
0.554454 0.302103 0.680291 0.31348 0.936082 0.487639 0.780429 0.652729 0.608031 0.876067 0.776594 0.751784 0.613997 1.10147 0.412304 0.766651 0.931481 0.169192 0.533346 0.0512253 0.287374 0.871907 0.621824 0.870649 0.364607 0.294033 0.643578 0.516186 0.613708 0.649202 0.37557 0.942051 1.01022 0.567871 0.938633 0.556314 0.819886 0.563404 0.466501 0.120855 1.02744 0.501771 0.352672 1.21469 0.895864 0.116558 0.26317 0.379698 0.162971 0.897753 0.531275 0.235256 1.25117 0.801984 0.86112 0.824235 0.38394 0.821325 0.270404 0.788015 0.570636 0.641333 0.559736 0.125883 1.19598 0.718141 1.17111 0.565176 0.962391 0.15034 0.831152 0.33292 0.29834 0.115603 0.616155
0.695443 0.374069 0.601436 0.0471496 0.836786 0.374831 0.639059 0.496816 0.748246 0.697845 0.724874 0.569355 0.545719 1.14729 0.551028 0.663894 0.932498 0.16505 0.551608 0.20535 0.167953 0.855993 0.700957 1.11795 0.19329 0.448612 0.499664 0.757385 0.806729 0.73265 0.241448 1.01416 0.919321 0.389935 1.00445 0.478772 0.933719 0.631056 0.360301 0.2627 0.949201 0.494101 0.122586 0.944369 0.960293 0.312312 0.0876019 0.42018 0.0691813 0.92557 0.522079 0.232373 1.00963 0.940419 0.779767 0.804525 0.292688 0.883035 0.19135 1.04862 0.404909 0.735525 0.633696 0.140065 1.02626 0.740777 1.14043 0.534301 0.826685 0.170716 1.03755 0.200747 0.256155 0.288702 0.625097
0.594021 0.357036 0.8371 0.230713 0.916785 0.348117 0.784364 0.654131 0.803056 0.918929 0.752682 0.757867 0.762166 1.08174 0.390394 0.613532 0.947776 0.0303388 0.278688 0.283152 0.309154 1.11925 0.52724 1.15322 0.368611 0.389431 0.601775 0.731418 0.750375 0.711112 0.245365 0.895897 0.976336 0.652824 0.932802 0.602176 0.761688 0.337229 0.419837 0.251751 1.13392 0.587356 0.296956 1.0741 0.970163 0.23095 0.146036 0.476568 0.34362 0.950506 0.434707 0.164249 1.0394 0.796047 0.982503 0.798423 0.315323 0.929479 0.309924 0.915055 0.568662 0.615071 0.821448 0.384598 1.08752 0.833009 1.19101 0.509458 0.952407 0.115293 0.9316 0.435499 0.499731 0.15218 0.683093
0.571465 0.474026 0.697305 0.1409 0.784023 0.466119 0.878295 0.634392 0.607765 0.691504 0.643536 0.70865 0.57003 1.19009 0.583224 0.813047 0.86946 0.0704806 0.43886 0.282035 0.114897 0.967055 0.425735 1.06601 0.292578 0.348929 0.516915 0.536509 0.623068 0.594905 0.256768 1.05117 0.809854 0.511342 1.04976 0.398436 0.729533 0.444973 0.372097 0.268348 1.11071 0.52877 0.341379 0.995718 1.01905 0.101761 0.118139 0.333568 0.197375 0.77743 0.46341 0.343395 1.22327 1.06958 0.795265 1.00685 0.170412 1.07802 0.201291 0.854695 0.399788 0.505902 0.789528 0.403391 1.13409 0.640862 1.1323 0.679657 0.698109 0.258201 0.803008 0.380333 0.517764 0.297527 0.626685
0.653891 0.419411 0.694504 0.283925 0.885011 0.485598 0.751937 0.559572 0.739701 0.633452 0.712798 0.706302 0.599083 1.05245 0.540133 0.723528 0.806962 0.17247 0.505499 0.230754 0.247547 0.945469 0.674433 0.924876 0.313367 0.550524 0.556484 0.636705 0.621411 0.611459 0.183966 1.06286 0.861978 0.460091 1.05449 0.425615 0.904042 0.497092 0.429262 0.044948 0.973024 0.318187 0.355521 1.20141 1.15794 0.129827 0.291049 0.333164 0.0831024 0.941363 0.442527 0.219756 1.11726 0.946605 0.818392 1.00017 0.350292 0.850982 0.437782 1.06039 0.422875 0.680018 0.661624 0.279349 1.02236 0.711337 1.02236 0.708668 0.820668 0.238201 0.812087 0.314421 0.383787 0.0664491 0.719909
0.562935 0.333922 0.883236 0.133183 0.935647 0.478381 0.743841 0.605533 0.806631 0.756146 0.568122 0.78591 0.830189 1.06604 0.39305 0.70176 0.796039 0.130292 0.44459 0.245023 0.270596 1.049 0.711947 0.884025 0.253489 0.402559 0.405244 0.705322 0.845071 0.734621 0.269034 0.95463 0.991464 0.654253 0.978506 0.659515 0.869652 0.495494 0.536798 0.185433 1.03976 0.472053 0.252384 1.22316 0.988022 0.244547 0.207281 0.428848 0.160718 0.947552 0.416261 0.303506 1.27056 1.02806 0.804723 1.04974 0.19557 0.879685 0.352964 0.900263 0.579662 0.654511 0.598501 0.358468 1.19911 0.717134 1.01033 0.530249 0.826185 0.324367 0.872764 0.274541 0.242276 0.199069 0.842148
0.44641 0.352142 0.718357 0.340086 0.993101 0.357217 0.822773 0.536787 0.83149 0.682293 0.632084 0.668841 0.621232 1.08367 0.437701 0.58825 0.858094 0.216739 0.528616 0.279085 0.127609 0.990121 0.489078 0.996589 0.393235 0.482361 0.390398 0.753831 0.608266 0.590762 0.372084 1.0537 1.01555 0.59459 0.838018 0.407967 0.860233 0.512975 0.500787 0.267278 1.02814 0.32192 0.177775 0.953871 0.903651 0.0977373 0.15129 0.367655 0.333273 0.815631 0.522692 0.441433 1.10842 0.981574 0.738963 0.813135 0.23071 0.893742 0.241572 0.920236 0.663227 0.606864 0.811031 0.347378 1.04053 0.638176 1.21011 0.55369 0.864946 0.163123 1.04845 0.195907 0.523489 0.0834289 0.673198
0.572928 0.27698 0.829204 0.317594 0.859062 0.539392 0.867222 0.658291 0.846618 0.730575 0.703721 0.652721 0.665989 1.17568 0.405552 0.78874 0.993359 0.0462791 0.422486 0.0485308 0.117828 0.908179 0.603475 0.9728 0.383254 0.303785 0.658261 0.754755 0.629089 0.685629 0.257364 0.884782 0.913892 0.405101 0.907524 0.388949 0.773047 0.605473 0.391979 0.213681 1.00508 0.303185 0.198972 1.1557 0.905603 0.175778 0.166649 0.372764 0.31883 0.785016 0.487522 0.323145 1.19441 1.07395 0.8226 0.802758 0.371817 1.0149 0.452359 0.850287 0.548041 0.732071 0.67646 0.249782 1.16755 0.82103 1.05235 0.567164 0.901516 0.196939 1.0384 0.184486 0.487631 0.220654 0.703691
0.472962 0.496979 0.757184 0.107743 0.934606 0.621654 0.734774 0.551352 0.682637 0.718876 0.535365 0.752226 0.549303 1.12646 0.562346 0.862897 0.801674 0.289949 0.28548 0.26487 0.24107 0.94729 0.629665 0.900119 0.289052 0.426836 0.414217 0.566604 0.859639 0.523049 0.410366 1.09544 1.0311 0.416757 0.849414 0.410987 0.92638 0.464257 0.6012 0.125271 1.04691 0.366794 0.310641 1.21232 1.00741 0.167954 0.307594 0.487381 0.206573 0.775433 0.318506 0.180889 1.05273 0.91191 0.825177 1.00534 0.412008 1.05071 0.191507 0.797138 0.377962 0.640749 0.819328 0.185705 1.19477 0.786327 1.19801 0.454424 0.90824 0.326006 0.781771 0.390326 0.323302 0.263269 0.886894
0.513535 0.360108 0.81164 0.0594146 0.776005 0.495301 0.702251 0.422005 0.583208 0.626499 0.653892 0.510266 0.649209 1.19288 0.560592 0.594999 0.860044 0.242635 0.260477 0.267416 0.0770156 0.901372 0.46889 0.89353 0.343174 0.362225 0.564615 0.599444 0.752466 0.569103 0.399438 1.00404 0.792827 0.673866 0.931326 0.437833 0.643341 0.525752 0.377826 0.188899 1.05345 0.414856 0.0641489 0.952193 0.986442 0.173574 0.246018 0.566964 0.133847 0.866959 0.5392 0.267318 1.10826 0.949338 0.852858 0.959769 0.246267 0.879492 0.225201 0.94846 0.612254 0.478486 0.565592 0.192926 1.16954 0.695612 0.95364 0.509637 0.744641 0.239873 0.979202 0.359346 0.408106 0.299589 0.729269
0.517545 0.375324 0.829454 0.110919 0.913948 0.600471 0.782778 0.590529 0.610684 0.857431 0.598681 0.639576 0.564575 0.952694 0.500751 0.623485 0.982855 0.154828 0.404993 0.131292 0.364196 0.946011 0.71607 1.00825 0.388014 0.438892 0.6657 0.520237 0.654186 0.43654 0.386677 1.05825 0.975061 0.455581 0.789339 0.599215 0.655263 0.560972 0.536898 0.122178 0.93759 0.369007 0.290688 1.20869 1.13398 0.157533 0.360141 0.46072 0.0793242 0.778928 0.382662 0.178086 1.12954 0.891989 0.731204 1.0395 0.19541 1.01552 0.200418 0.846786 0.424391 0.739249 0.635752 0.360621 1.04419 0.67691 1.1901 0.541609 0.870334 0.113975 0.846496 0.173757 0.237021 0.291287 0.768328
0.646913 0.35572 0.595874 0.103575 0.90825 0.625375 0.875304 0.529586 0.702652 0.650801 0.561179 0.608754 0.809106 0.912478 0.453154 0.705828 0.933961 0.232686 0.39565 0.221741 0.314744 0.947586 0.508055 0.980722 0.180873 0.318512 0.398179 0.771815 0.81913 0.61603 0.244392 0.972659 0.789961 0.558169 0.897969 0.624426 0.908056 0.592643 0.429902 0.0539582 1.0298 0.439701 0.344534 1.2267 1.13463 0.124678 0.306288 0.557785 0.233689 1.0456 0.496867 0.341594 1.04809 0.979317 0.73875 0.813967 0.32831 1.02397 0.257733 0.937835 0.582799 0.733983 0.821456 0.309181 1.16924 0.654856 1.13395 0.586104 0.775311 0.274445 0.995196 0.310774 0.237665 0.0827688 0.782781
0.501624 0.455145 0.616726 0.0901793 0.884241 0.478779 0.700486 0.555386 0.79643 0.871003 0.604069 0.77621 0.71766 0.913051 0.622011 0.699207 0.73271 0.138845 0.278986 0.100369 0.333166 0.924941 0.513137 0.903137 0.331205 0.512765 0.492479 0.740997 0.610234 0.677393 0.348059 0.869497 1.02217 0.592302 1.02187 0.670866 0.777294 0.466224 0.557381 0.0623131 1.09063 0.513174 0.243011 1.20753 0.943448 0.0595703 0.35532 0.408896 0.242023 0.981176 0.480617 0.440409 1.20494 0.922442 0.720822 1.06667 0.142788 0.945575 0.309758 0.839279 0.552819 0.672598 0.704744 0.366905 1.00519 0.602913 1.06979 0.675195 0.906077 0.170834 0.867284 0.235234 0.429204 0.265512 0.752451
0.493473 0.366884 0.688828 0.336927 0.77292 0.422492 0.716997 0.615568 0.732404 0.911218 0.518888 0.783665 0.822443 1.13775 0.453623 0.646515 0.760177 0.140733 0.279161 0.30407 0.287281 0.983309 0.581787 0.950667 0.193699 0.29349 0.386596 0.56869 0.875919 0.573566 0.159556 1.07955 0.950697 0.453789 0.878262 0.561795 0.657194 0.378622 0.53203 0.0971753 0.902664 0.596628 0.0991653 1.13504 0.97505 0.159177 0.361119 0.384621 0.335887 1.02988 0.475738 0.360523 1.02234 0.976266 0.936271 0.964384 0.426707 1.01988 0.175992 0.937473 0.440187 0.536853 0.776731 0.203984 1.21009 0.69238 1.06958 0.658455 0.841046 0.188768 0.960496 0.396156 0.483406 0.206555 0.720225
0.677376 0.456365 0.774716 0.250531 0.958617 0.582631 0.67032 0.565927 0.633122 0.746444 0.740632 0.559909 0.826101 1.17328 0.591248 0.693916 0.912775 0.0465338 0.303329 0.0414659 0.144827 0.93998 0.462589 1.08878 0.299305 0.320588 0.52752 0.609635 0.844762 0.59494 0.365356 0.905903 1.04169 0.42493 0.888762 0.424165 0.712595 0.520201 0.423713 0.0446654 0.985922 0.570835 0.147258 1.10377 0.898051 0.0418814 0.331833 0.353754 0.0954485 0.763113 0.277785 0.36249 1.11339 1.01522 0.807708 0.936965 0.417914 1.06744 0.394414 0.787785 0.378537 0.665998 0.787115 0.261778 1.13942 0.706064 1.02302 0.515781 0.717529 0.146688 0.881916 0.384535 0.523415 0.151747 0.771436
0.463568 0.401915 0.624119 0.136891 1.03841 0.383978 0.812771 0.532966 0.712115 0.840052 0.513764 0.786507 0.770929 1.04724 0.461259 0.712975 0.739383 0.0575989 0.323882 0.164684 0.225751 1.0547 0.693801 0.907819 0.426733 0.415266 0.452058 0.712765 0.76278 0.630368 0.194142 1.05232 0.990505 0.645861 0.840738 0.663694 0.748545 0.596762 0.575795 0.115398 0.88642 0.592035 0.244986 0.96994 1.0148 0.127856 0.181643 0.576415 0.308848 0.944888 0.30169 0.183818 1.16197 0.966038 1.00917 0.984713 0.440636 1.05195 0.300548 0.805423 0.663152 0.644174 0.819305 0.142742 0.95754 0.676263 1.14257 0.556646 0.700773 0.0828177 1.00031 0.198536 0.442261 0.148692 0.620867
0.412547 0.321287 0.701451 0.323081 0.877084 0.623035 0.673092 0.700892 0.763721 0.818432 0.600031 0.723289 0.651428 1.01151 0.491437 0.623708 0.921967 0.0170473 0.534062 0.0351173 0.0985183 0.942964 0.432401 1.03574 0.323813 0.332245 0.449319 0.596211 0.813226 0.466449 0.157531 1.13752 0.836329 0.53404 1.00196 0.606067 0.790475 0.361369 0.556511 0.0399946 1.03048 0.39643 0.118157 1.07691 1.07477 0.0433822 0.160163 0.615843 0.128271 0.772643 0.472451 0.314466 1.02109 0.929408 0.865023 0.95848 0.338608 1.07494 0.184256 0.993801 0.391489 0.553072 0.644662 0.194653 1.10678 0.577517 1.04488 0.516469 0.954756 0.264381 1.01391 0.36999 0.320409 0.216435 0.649777
