25 75
1.04849 1.04664 0.813368 1.00337 0.613898 0.580832 0.995697 0.456089 0.559539 1.03707 0.825196 1.11571 0.308273 0.419952 0.776822 1.07058 0.899927 0.313329 0.410364 0.627461 0.467772 0.510527 1.06818 0.371949 0.405875 0.75405 0.53711 0.59766 0.609383 0.342462 0.808832 0.865018 0.994597 1.08832 1.24426 0.510066 0.338216 0.334008 0.277278 1.01402 0.262618 0.546432 0.276848 0.464284 0.346272 0.882443 0.393009 0.222026 1.06286 1.0963 0.889825 0.774766 0.514908 0.670612 0.459905 0.301984 0.402408 0.830376 0.454895 0.34101 0.611225 0.340604 0.25241 0.933215 0.652716 0.238407 0.902183 0.481499 0.208375 0.483887 0.561023 0.160968 0.24269 0.813587 0.697827
1.10138 1.04044 0.947108 1.0925 0.625022 0.660317 1.08642 0.451944 0.502217 1.24019 0.977386 0.864969 0.305279 0.328365 0.81593 1.22825 0.842944 0.189738 0.593736 0.760559 0.352851 0.645091 1.1408 0.462657 0.391473 0.689307 0.564321 0.623442 0.51101 0.216282 0.80597 0.702106 1.03392 1.22362 1.27991 0.553765 0.256621 0.521068 0.0902377 0.852866 0.391435 0.443632 0.336722 0.62478 0.220478 0.869404 0.57096 0.284799 1.05716 0.816943 0.757554 0.851498 0.424928 0.655313 0.622065 0.443827 0.324085 0.86998 0.295418 0.425664 0.42303 0.504317 0.291212 0.98342 0.910223 0.105964 0.726207 0.646908 0.164583 0.336578 0.540474 0.085298 0.33021 0.891145 0.78122
0.880838 1.04115 0.87267 0.977532 0.622756 0.502533 1.15319 0.326952 0.410436 1.23497 1.06588 0.85743 0.191143 0.339626 0.845786 1.0613 0.902474 0.123292 0.559264 0.629357 0.549076 0.552928 1.23039 0.501594 0.376298 0.758045 0.330152 0.744822 0.609855 0.304131 0.779275 0.825546 1.09434 1.25433 1.06186 0.7841 0.184125 0.489053 0.162515 1.03458 0.44791 0.620598 0.347508 0.437583 0.335745 0.794125 0.593094 0.380635 1.01163 0.95844 0.846578 0.878947 0.676585 0.618622 0.588048 0.286832 0.316303 0.996843 0.277441 0.399371 0.580782 0.412059 0.456794 0.932373 0.642924 0.111065 0.899602 0.562239 0.34807 0.509121 0.406135 0.341843 0.245955 0.872895 0.777548
0.955412 0.967386 0.793475 1.11499 0.764359 0.700452 0.972269 0.4014 0.37808 1.21939 1.09234 0.873053 0.256372 0.343321 0.757763 1.14348 0.825869 0.291142 0.494969 0.673412 0.481581 0.623205 1.27933 0.445309 0.495351 0.787324 0.598459 0.504349 0.529493 0.174079 0.816934 0.918653 0.999993 1.25112 1.2399 0.504861 0.233988 0.360506 0.215675 1.14372 0.398805 0.414003 0.31944 0.637433 0.23057 1.01542 0.375705 0.156159 0.98454 1.01405 0.743166 0.73866 0.684012 0.572617 0.459865 0.444222 0.436607 1.09535 0.323342 0.56597 0.42001 0.289851 0.341626 0.864485 0.727352 0.255243 0.768196 0.617374 0.428205 0.566259 0.566248 0.312249 0.445512 0.87179 0.830706
1.09504 0.926267 0.854589 1.00188 0.765883 0.657189 1.05205 0.400924 0.434251 0.959757 0.966569 0.874763 0.168306 0.557754 0.799313 1.05227 0.821283 0.360755 0.419342 0.582277 0.376838 0.464637 1.20914 0.559261 0.306849 0.75474 0.464366 0.50342 0.441425 0.309961 0.791789 0.688555 0.961095 1.2645 1.06017 0.674422 0.413256 0.304482 0.284314 0.944679 0.273106 0.468001 0.282345 0.42227 0.228896 0.861501 0.420956 0.155989 1.20185 0.839126 0.934069 0.682127 0.671879 0.688247 0.571749 0.319052 0.252893 0.864045 0.259014 0.45165 0.535602 0.260819 0.533894 0.871815 0.825821 0.0474183 0.846867 0.776714 0.381841 0.5651 0.340281 0.291956 0.250623 0.868648 0.827653
0.911269 0.845666 0.816892 1.06805 0.601688 0.568978 1.10629 0.516048 0.649208 1.08393 0.836159 0.903138 0.14719 0.491439 0.944322 1.05981 0.876382 0.181635 0.652601 0.73435 0.571594 0.554988 0.993457 0.534062 0.36725 0.809158 0.54753 0.560732 0.389944 0.244064 0.75096 0.943248 1.08833 1.20959 1.11259 0.608907 0.255338 0.479223 0.321167 0.861304 0.419511 0.511779 0.217979 0.416795 0.0905727 0.750616 0.501241 0.183908 1.10015 0.854985 0.962331 0.59355 0.447887 0.708848 0.508723 0.366017 0.322929 1.01147 0.221107 0.53893 0.498887 0.232886 0.354166 1.00236 0.766999 0.042878 0.823731 0.515116 0.207286 0.446124 0.46832 0.219449 0.368193 0.723424 0.733499
0.970936 1.12369 0.938016 1.00755 0.732867 0.545008 1.14644 0.528476 0.60804 1.14341 1.05989 1.04111 0.155703 0.41531 0.90825 1.23915 0.96531 0.15858 0.531325 0.773934 0.618771 0.672565 1.06459 0.476299 0.471684 0.934954 0.492144 0.658484 0.535644 0.170893 0.71181 0.841366 0.883707 1.11033 1.28996 0.609477 0.358882 0.366335 0.24491 1.01793 0.177531 0.47953 0.287942 0.548355 0.31048 1.00065 0.563663 0.177284 1.03189 1.0428 0.993687 0.590122 0.642488 0.787893 0.661448 0.398167 0.33536 1.04151 0.357449 0.341652 0.338836 0.48474 0.309024 0.900901 0.891388 0.0663153 0.636371 0.698006 0.368625 0.457615 0.406792 0.233387 0.250678 0.789639 0.734187
0.890501 0.830547 0.808913 0.988929 0.566663 0.455507 1.14576 0.354942 0.653078 0.963112 1.00445 0.941587 0.104443 0.355736 0.951902 1.19679 0.734763 0.179836 0.551981 0.750037 0.43239 0.520477 1.15447 0.391917 0.368867 0.731994 0.454724 0.688174 0.43211 0.220044 0.833521 0.845975 0.856404 1.25799 1.14514 0.521566 0.345007 0.417421 0.347702 1.00205 0.463236 0.4629 0.298718 0.624947 0.115352 0.981071 0.394891 0.335711 1.21665 0.828317 0.702994 0.877168 0.675652 0.731588 0.702514 0.473532 0.224779 1.08281 0.27811 0.512761 0.55649 0.305289 0.496511 1.03481 0.658972 0.103695 0.873268 0.654169 0.399946 0.512004 0.582235 0.208542 0.16221 0.831319 0.805308
0.921101 0.987619 0.955892 0.937361 0.496252 0.590674 1.01655 0.391391 0.533661 1.00184 0.834168 1.08992 0.328451 0.398014 0.808731 1.05567 0.763947 0.371524 0.463854 0.734476 0.604309 0.592231 1.01704 0.417779 0.46639 0.936914 0.362148 0.656465 0.622717 0.158581 0.691316 0.890042 1.01162 1.10963 1.23548 0.704822 0.309608 0.266863 0.323301 1.04795 0.228723 0.579703 0.205173 0.457606 0.369043 0.935037 0.540962 0.345133 1.07426 1.05399 0.783493 0.792775 0.597875 0.70706 0.519444 0.342333 0.201496 0.923435 0.33349 0.580969 0.381196 0.501489 0.39426 0.912332 0.866556 0.162654 0.738493 0.482333 0.416458 0.595731 0.591509 0.249199 0.23501 0.839879 0.677574
0.809904 0.88494 1.00018 0.988658 0.553376 0.66768 1.03844 0.31956 0.475951 1.06573 0.913908 1.06806 0.297781 0.530587 0.775333 1.00264 0.745841 0.145225 0.398863 0.833368 0.451964 0.681435 1.0015 0.549248 0.481518 0.691932 0.497899 0.503431 0.613581 0.292906 0.643218 0.975263 0.979488 1.01427 1.02561 0.527924 0.336429 0.467159 0.2357 1.10371 0.431524 0.388354 0.145173 0.661084 0.127349 0.758988 0.507593 0.374612 1.00542 0.836961 0.734632 0.829133 0.393884 0.740622 0.59781 0.3515 0.250494 1.07672 0.40655 0.413841 0.379116 0.50536 0.447337 1.02413 0.677924 0.0434648 0.843893 0.638605 0.236556 0.596938 0.444738 0.120141 0.29985 0.896952 0.693767
0.942392 1.10825 1.07183 1.00983 0.650268 0.697405 1.04017 0.349954 0.422945 1.11431 0.994821 1.0698 0.062728 0.446951 0.673101 0.982407 0.76726 0.212985 0.412828 0.677145 0.522689 0.452076 1.12112 0.477568 0.376551 0.959996 0.469591 0.545757 0.449896 0.227505 0.610797 0.883742 0.883315 1.13511 1.07817 0.768483 0.265414 0.340894 0.154162 1.0177 0.342677 0.502206 0.183479 0.567992 0.366563 0.880087 0.469906 0.258042 1.21021 0.826035 0.72395 0.696917 0.67925 0.840171 0.608206 0.516755 0.276303 1.10471 0.494917 0.514142 0.590515 0.333442 0.247395 0.932886 0.901838 0.178815 0.720165 0.556689 0.224238 0.353726 0.380926 0.227659 0.399314 0.819883 0.873857
1.0653 0.948416 0.845816 1.18138 0.703813 0.552848 0.99665 0.52032 0.456637 1.01917 0.998467 0.917398 0.31418 0.604714 0.784516 1.02613 0.9317 0.237973 0.397856 0.725472 0.595321 0.494145 1.24988 0.561997 0.346164 0.848047 0.598803 0.614317 0.430711 0.0812802 0.689972 0.729906 1.04501 0.981076 1.23808 0.514831 0.160142 0.27527 0.161046 1.08752 0.267322 0.40488 0.125781 0.595346 0.244748 1.01592 0.568144 0.260786 1.01851 0.943285 0.975646 0.759608 0.46764 0.673172 0.642693 0.343413 0.295741 0.947771 0.367646 0.424436 0.481532 0.487906 0.296119 1.0869 0.621418 0.267354 0.813557 0.61816 0.359906 0.352104 0.440153 0.107715 0.169246 0.704846 0.77149
0.862587 0.947713 0.797994 1.06717 0.776122 0.635706 0.996264 0.437616 0.637731 1.23502 1.08018 1.12847 0.289103 0.441572 0.779955 1.26152 0.751437 0.181481 0.493618 0.764308 0.411958 0.55153 1.17299 0.461512 0.458134 0.688256 0.422147 0.560834 0.646424 0.278472 0.833658 0.710097 0.912293 1.06832 1.28733 0.698571 0.418382 0.483194 0.379697 0.947365 0.24265 0.492363 0.381695 0.431998 0.227011 0.844848 0.430229 0.390001 1.14149 1.00028 0.837727 0.638502 0.577552 0.574838 0.571582 0.278739 0.198149 0.940819 0.439119 0.441368 0.538117 0.347285 0.324193 1.11194 0.64624 0.257653 0.894406 0.708171 0.420661 0.467648 0.333377 0.311318 0.205536 0.995314 0.871535
0.914154 1.02895 0.851284 1.10628 0.6234 0.48579 1.1199 0.521007 0.483455 1.19177 1.06612 0.877218 0.284838 0.38637 0.77311 1.22218 0.916822 0.151335 0.486854 0.588895 0.553368 0.480299 1.19519 0.411144 0.465587 0.850394 0.460322 0.483345 0.517625 0.214308 0.866709 0.762871 1.09621 1.0276 1.19199 0.50533 0.37697 0.39736 0.275439 1.1029 0.377944 0.524787 0.156976 0.451015 0.287203 0.901708 0.505105 0.282377 0.971096 1.02301 0.965179 0.78555 0.593422 0.757061 0.678634 0.361669 0.308165 0.952258 0.312014 0.413108 0.371271 0.372801 0.47444 0.922956 0.800792 0.250043 0.812655 0.731058 0.419924 0.31466 0.5755 0.0927323 0.341946 0.857237 0.770355
0.846992 1.04118 0.851704 1.04192 0.701365 0.537258 1.10804 0.43818 0.628433 1.16741 0.966236 0.973781 0.28287 0.505164 0.720732 1.11854 0.873974 0.210553 0.678547 0.607563 0.544606 0.636609 1.25502 0.560862 0.47178 0.917127 0.389593 0.603518 0.445592 0.299726 0.650814 0.696202 1.07585 1.18155 1.15096 0.677543 0.264266 0.513032 0.378697 1.12946 0.449239 0.618328 0.0999762 0.64343 0.27044 0.781261 0.366758 0.224546 1.12643 0.939904 0.737871 0.596674 0.612218 0.565693 0.44594 0.476954 0.233155 0.83413 0.498785 0.36214 0.442958 0.456677 0.339446 1.11283 0.679466 0.0741739 0.810355 0.747459 0.221627 0.428798 0.507384 0.325469 0.266034 0.703161 0.900845
0.879108 0.870301 1.0632 1.00625 0.496055 0.46469 1.16204 0.490272 0.630985 1.23504 1.06045 0.906563 0.257238 0.57858 0.872985 1.14044 0.732424 0.0902047 0.534792 0.872658 0.389477 0.597615 1.2329 0.355448 0.444838 0.736043 0.384018 0.555592 0.363762 0.30451 0.858264 0.900693 1.10938 1.0964 1.15122 0.689729 0.326086 0.524129 0.123532 1.03754 0.446716 0.449591 0.248691 0.624995 0.279498 0.789107 0.620226 0.39557 1.15072 0.817055 0.69988 0.702125 0.410844 0.623949 0.510911 0.510975 0.236099 0.988546 0.284255 0.301838 0.464667 0.338216 0.385524 0.914532 0.785561 0.0738873 0.624852 0.684114 0.245733 0.5024 0.471068 0.087841 0.302863 0.757549 0.669875
1.09384 0.957294 0.957795 0.901355 0.623805 0.438226 1.04495 0.469313 0.541444 1.06203 1.02224 0.913543 0.124004 0.48364 0.868431 1.12489 0.830851 0.196206 0.579212 0.802706 0.46776 0.532115 1.11861 0.394335 0.372577 0.779847 0.460009 0.537046 0.506866 0.185726 0.828659 0.711006 1.08356 1.15488 1.24885 0.775811 0.353607 0.288512 0.193813 0.850488 0.356979 0.387172 0.282033 0.409251 0.111665 0.880649 0.407243 0.183768 0.956823 0.859574 0.854778 0.634703 0.649239 0.585834 0.486495 0.286223 0.228401 0.916498 0.215864 0.567954 0.506839 0.508147 0.331092 0.880219 0.753682 0.259895 0.808508 0.775444 0.134841 0.338514 0.413127 0.262857 0.263077 0.967327 0.914821
1.02559 1.08003 1.05033 0.999541 0.754104 0.467116 1.00506 0.335512 0.519149 1.15198 0.907716 1.08315 0.186336 0.428251 0.777354 1.01424 0.948608 0.287962 0.664668 0.707232 0.340484 0.515644 1.1448 0.361744 0.588267 0.769307 0.302399 0.740565 0.563497 0.149396 0.862488 0.783471 0.973837 1.10685 1.01027 0.690965 0.180967 0.260357 0.21218 1.0867 0.407506 0.555177 0.341391 0.544289 0.25902 1.02918 0.432948 0.248387 0.953056 1.09584 0.874847 0.665696 0.669059 0.74773 0.716893 0.50114 0.18614 1.10973 0.425661 0.568782 0.434123 0.523317 0.241813 1.08409 0.725507 0.230672 0.791408 0.722792 0.257365 0.553701 0.406417 0.359603 0.256403 0.776553 0.911694
1.0907 1.09432 0.844749 0.948471 0.587312 0.575387 1.0401 0.391809 0.653842 1.17942 0.888281 0.929792 0.0752065 0.525231 0.852737 1.12513 0.968866 0.378272 0.401104 0.601089 0.421528 0.53807 1.21226 0.646429 0.421894 0.784952 0.458484 0.531373 0.421737 0.341531 0.671282 0.738079 0.965789 1.13907 1.06983 0.763171 0.419008 0.387618 0.269323 0.956249 0.406757 0.424289 0.351748 0.56736 0.123614 0.963966 0.614981 0.257122 1.05068 0.99098 0.989299 0.738457 0.475745 0.670834 0.61279 0.49752 0.384361 1.06057 0.459981 0.561125 0.508896 0.370983 0.52223 0.871324 0.85425 0.224271 0.731902 0.542979 0.235593 0.512205 0.310516 0.201211 0.346182 0.708059 0.888524
0.999511 0.977349 0.893325 1.17246 0.741812 0.570811 0.988147 0.421461 0.583247 1.13081 0.906212 0.956144 0.294333 0.569525 0.788705 1.1326 0.91304 0.320953 0.518193 0.590893 0.424333 0.458605 1.18231 0.366046 0.587791 0.836707 0.386361 0.558079 0.359312 0.0932577 0.644512 0.879571 1.04223 1.21664 1.236 0.572103 0.22252 0.453095 0.349512 0.938493 0.322533 0.351452 0.111203 0.584378 0.140509 0.966684 0.370368 0.379321 1.16075 0.831096 0.867098 0.63307 0.485525 0.711259 0.510534 0.305728 0.346383 0.893304 0.347602 0.392294 0.5688 0.511337 0.29539 1.07103 0.688225 0.249987 0.763933 0.714587 0.159646 0.572183 0.363654 0.200375 0.25471 0.846131 0.703692
0.876292 1.034 0.972097 1.09917 0.661432 0.550531 1.10881 0.337797 0.571243 1.09351 0.969742 0.941549 0.181261 0.383375 0.848769 1.24702 0.740072 0.317842 0.604986 0.653212 0.539354 0.676082 1.03592 0.623234 0.458672 0.794961 0.346057 0.684142 0.548349 0.209753 0.597474 0.733208 0.868202 1.10165 1.02479 0.715121 0.254818 0.241909 0.0955189 0.996067 0.214432 0.391361 0.307871 0.589723 0.257314 0.906538 0.567969 0.360979 1.10344 0.933775 0.751455 0.649709 0.442066 0.792396 0.603176 0.40344 0.177203 1.02082 0.452613 0.494539 0.629065 0.330649 0.44173 1.04838 0.854621 0.0827403 0.841863 0.644368 0.418596 0.320569 0.330441 0.283017 0.404966 0.872042 0.773847
1.09223 0.990804 1.0387 1.17497 0.534101 0.60084 1.11535 0.478874 0.505479 1.06001 0.920395 1.1115 0.159503 0.607728 0.90376 1.24175 0.72654 0.136127 0.597012 0.826139 0.33367 0.64303 1.14841 0.471656 0.470114 0.848982 0.314009 0.608473 0.479409 0.337109 0.826187 0.93751 0.839254 1.02949 1.23017 0.673836 0.272204 0.393669 0.34614 0.847356 0.194109 0.610988 0.189461 0.52793 0.120848 0.817449 0.609893 0.170916 1.15251 0.842487 0.79441 0.871423 0.470045 0.832736 0.573618 0.441489 0.302357 0.908626 0.288889 0.345363 0.378923 0.232218 0.262079 1.00035 0.808782 0.127752 0.824072 0.751917 0.301022 0.436663 0.325629 0.306751 0.206759 0.76033 0.863846
0.944556 1.03293 0.99992 0.90859 0.605684 0.576132 0.994565 0.442175 0.654483 0.982329 1.07325 0.931991 0.295477 0.334509 0.77398 1.20299 0.811145 0.151008 0.431327 0.624997 0.567214 0.533859 1.2243 0.618901 0.357337 0.781855 0.330877 0.598525 0.454525 0.305186 0.615201 0.810231 0.833213 1.00023 1.06175 0.779196 0.363791 0.346879 0.33379 0.978144 0.345436 0.602642 0.201604 0.561985 0.242095 0.867106 0.397259 0.305692 0.970655 1.0955 0.933493 0.644465 0.682549 0.822998 0.518256 0.471617 0.194678 0.879888 0.422912 0.391077 0.521901 0.400178 0.281039 1.02061 0.71175 0.284638 0.725619 0.571342 0.275264 0.539517 0.316971 0.206686 0.415246 0.738266 0.671685
1.04427 0.96172 0.921879 1.01607 0.668747 0.68947 0.978281 0.381772 0.633161 1.10098 0.880341 1.06711 0.333276 0.556212 0.88504 1.19463 0.858628 0.135634 0.43057 0.737271 0.338762 0.514404 0.997829 0.627122 0.492853 0.798793 0.380249 0.661284 0.496001 0.344816 0.738598 0.815819 1.00632 1.19733 1.08693 0.606088 0.386418 0.524092 0.261572 1.09722 0.376546 0.442867 0.157726 0.411714 0.126878 0.959777 0.510907 0.241789 1.07061 0.955631 0.84468 0.756432 0.504301 0.795819 0.641701 0.317495 0.298076 1.01635 0.219174 0.438829 0.634604 0.488418 0.398515 0.952116 0.80621 0.0964493 0.872058 0.616459 0.158822 0.578226 0.310956 0.166651 0.301924 0.772856 0.846154
0.879225 1.00648 0.794656 1.15231 0.688281 0.525314 1.1753 0.375727 0.534579 1.18488 1.01601 1.13828 0.187571 0.54485 0.767971 1.09102 0.863518 0.335099 0.485145 0.824074 0.504499 0.594086 1.03085 0.447694 0.344991 0.984938 0.421485 0.690328 0.398871 0.118482 0.882811 0.86533 0.917891 1.0324 1.01279 0.593587 0.410157 0.246943 0.261797 1.0577 0.29352 0.621415 0.252052 0.523092 0.337378 0.995787 0.565297 0.176959 1.08855 1.05795 0.854736 0.838923 0.686973 0.762373 0.636413 0.50402 0.38837 1.0842 0.266913 0.420875 0.519609 0.348484 0.466581 0.94682 0.783973 0.0583309 0.717834 0.739845 0.25864 0.458226 0.318037 0.281936 0.411476 0.987578 0.646249
