25 75
0.129969 0.921306 0.860531 1.0067 1.03122 0.0712316 0.351906 0.549661 0.239921 0.150833 0.956321 0.286225 0.611059 1.06693 0.472792 0.45427 0.619848 1.22562 0.964711 0.873955 0.493816 0.873025 1.03166 0.85376 0.341878 1.00017 0.821366 1.00836 0.496692 1.1532 0.109617 0.993277 1.10597 0.426316 0.667236 0.690165 0.199755 1.00868 0.743537 0.551434 0.659046 0.685577 0.581747 1.11897 0.956312 0.215012 0.927951 0.685087 0.337092 0.283129 0.33803 0.0717154 0.739187 0.222958 1.00144 0.183109 1.06998 0.64253 0.989336 0.390056 0.370283 0.870554 0.659147 0.231169 0.599909 0.901162 1.04594 0.763981 0.686897 0.727086 0.25414 0.642664 0.129066 0.767248 0.346238
0.220722 0.992087 1.06033 0.950036 0.922169 0.346183 0.482991 0.677503 0.230954 0.25884 0.945124 0.242303 0.698834 0.898684 0.47227 0.431312 0.640207 1.13795 1.01306 0.801835 0.481824 0.900253 1.16929 0.628509 0.489638 1.0907 0.788686 1.23661 0.603207 1.13787 0.134481 1.20788 1.17607 0.597554 0.625604 0.601417 0.181353 1.1759 0.807479 0.291814 0.621494 0.667095 0.533712 1.08832 0.92483 0.246707 1.17688 0.644226 0.252291 0.464943 0.223793 0.057117 0.628751 0.0341913 1.11638 0.20473 1.17133 0.572249 0.800138 0.588265 0.520072 0.947518 0.797829 0.126062 0.605049 0.918841 0.837325 1.00985 0.464241 0.787213 0.307294 0.52923 0.316766 0.799384 0.465509
0.23204 0.792921 0.875172 1.19781 0.924044 0.140765 0.422652 0.660401 0.300033 0.167281 0.892935 0.087235 0.554716 1.06932 0.471923 0.479891 0.412234 1.19672 0.972657 0.759053 0.259554 0.743691 1.00776 0.633199 0.365376 0.841644 0.735369 0.958158 0.576302 0.987944 0.130075 1.11857 1.22507 0.564176 0.52671 0.633757 0.192364 1.02021 0.746857 0.56278 0.711761 0.769971 0.478523 0.896252 1.17579 0.339378 1.16282 0.58942 0.304104 0.304898 0.14802 0.120723 0.723727 0.149212 1.06921 0.307782 1.21648 0.49394 0.82835 0.394907 0.487173 1.00575 0.819095 0.114857 0.583931 0.899245 0.942939 0.907594 0.71382 0.682757 0.157379 0.540537 0.280987 0.863218 0.552832
0.226557 0.981646 0.962094 1.16886 0.872928 0.342984 0.530898 0.720974 0.210206 0.316716 0.900826 0.0971463 0.488211 1.0734 0.53083 0.329176 0.585455 1.12243 0.929153 0.617804 0.308494 0.782082 1.22869 0.782893 0.42846 0.88145 0.663317 1.11554 0.56508 1.13499 0.118772 1.01002 0.997324 0.442197 0.670193 0.620947 0.278907 0.992534 0.709852 0.505226 0.689234 0.923951 0.401485 0.928104 1.00456 0.107093 0.90488 0.536238 0.292346 0.498324 0.152937 0.255445 0.660776 0.305745 1.1959 0.187189 1.23581 0.440637 0.712123 0.381356 0.564296 0.956408 0.815962 0.0928494 0.79166 1.03898 0.94494 0.970506 0.493386 0.759293 0.354602 0.502303 0.0323411 0.912286 0.521498
0.260547 1.06434 1.0378 1.06654 1.03463 0.3583 0.409384 0.58165 0.398807 0.240036 0.910203 0.11199 0.59369 1.03908 0.587725 0.46315 0.466544 1.1169 0.866805 0.771746 0.280567 0.909016 1.13621 0.664422 0.510028 0.946947 0.606088 1.16259 0.424789 0.944233 0.330897 1.18112 1.19566 0.593829 0.547646 0.67061 0.360384 1.19153 0.810524 0.349803 0.665171 0.927077 0.430667 0.983829 0.919579 0.258825 1.0798 0.765504 0.273151 0.296136 0.0932202 0.296522 0.799236 0.0996424 0.996524 0.288793 1.19041 0.592299 0.71932 0.335501 0.359185 0.827199 0.764128 0.332207 0.600351 0.986704 0.835123 0.949044 0.422698 0.822484 0.33777 0.467476 0.207031 0.763548 0.535513
0.275607 1.0336 0.90825 0.960701 0.840485 0.201643 0.338534 0.677499 0.320178 0.326918 1.0055 0.356412 0.74519 1.02949 0.612564 0.297772 0.51079 0.993589 0.739046 0.66901 0.392713 0.762797 1.12634 0.754205 0.383694 0.85439 0.75738 1.21709 0.612936 1.13513 0.350655 1.20263 1.11136 0.465156 0.494575 0.553318 0.244396 1.13678 0.688574 0.291162 0.541584 0.68797 0.631803 0.973935 0.951747 0.328351 0.947822 0.674032 0.282914 0.217881 0.0639904 0.270603 0.817972 0.117604 1.26054 0.330343 1.25069 0.590656 0.926705 0.524086 0.50711 0.861057 0.669406 0.36882 0.563995 1.09219 0.907717 0.833896 0.699407 0.751567 0.251808 0.400779 0.106846 0.92635 0.396603
0.305645 0.910531 1.11137 0.942321 0.808478 0.226591 0.2793 0.553717 0.231786 0.15494 0.931045 0.231515 0.739359 0.883206 0.518368 0.276149 0.603739 1.07155 0.866673 0.651497 0.338922 0.850524 0.981658 0.811837 0.435675 0.815 0.63041 1.10409 0.411324 1.06451 0.340924 0.999052 1.10632 0.483754 0.416606 0.583212 0.435406 1.11217 0.781507 0.38027 0.613039 0.726727 0.592618 0.904632 1.17475 0.0754175 1.14273 0.772819 0.312347 0.474699 0.128775 0.145922 0.813424 0.0278764 1.25157 0.416968 1.02999 0.545273 0.858854 0.57817 0.391695 0.964176 0.800429 0.195348 0.7218 1.10298 1.00113 0.778191 0.612359 0.809251 0.379981 0.626253 0.187402 0.696554 0.57753
0.122922 0.830485 0.984515 1.12292 0.885214 0.311181 0.374257 0.648887 0.342367 0.0844993 1.09452 0.195294 0.492431 1.13234 0.608352 0.484013 0.531652 0.997768 0.912668 0.692535 0.375255 0.978294 1.23081 0.64287 0.471984 0.912445 0.679328 1.05003 0.527111 1.15284 0.38328 1.16126 1.26509 0.560223 0.628687 0.708907 0.314192 1.18191 0.713638 0.354713 0.540104 0.916711 0.544529 1.13053 1.02725 0.367884 1.07466 0.489952 0.21436 0.32438 0.224226 0.20952 0.680624 0.0781272 1.07899 0.435928 1.1281 0.496222 0.770666 0.526694 0.612402 0.988951 0.860165 0.274315 0.588078 0.956764 1.09516 0.782554 0.517132 0.813359 0.313205 0.608549 0.29488 0.783134 0.353655
0.0836755 0.882072 0.910618 0.981166 0.906478 0.260006 0.263685 0.567583 0.292269 0.316011 0.983025 0.0910173 0.62149 0.925652 0.686488 0.223628 0.456563 1.05666 0.871033 0.792251 0.231902 0.872147 1.09576 0.704414 0.47146 0.912035 0.790783 0.951843 0.574208 1.15702 0.157084 1.20103 1.10513 0.468605 0.482392 0.501026 0.170877 1.00063 0.797912 0.311921 0.712389 0.698908 0.648985 0.92603 1.10482 0.282165 0.985054 0.755303 0.153508 0.344544 0.0461863 0.0508779 0.741863 0.237627 1.27493 0.235954 1.24065 0.401037 0.736191 0.403847 0.409755 0.746081 0.769655 0.304845 0.601527 1.1387 0.850356 1.0387 0.560876 0.642519 0.349299 0.591113 0.0799784 0.671688 0.533353
0.264877 1.02403 0.877849 1.18893 0.955996 0.350594 0.369865 0.634267 0.399066 0.339451 1.15672 0.236115 0.627398 0.956666 0.73186 0.432575 0.652297 1.22723 0.953697 0.592201 0.243682 0.963584 1.23394 0.667128 0.453374 0.838455 0.66724 1.23762 0.451251 0.954373 0.355836 1.20881 1.19032 0.417522 0.402274 0.65944 0.294586 1.16728 0.921709 0.41355 0.621477 0.899947 0.679555 1.10946 1.04487 0.363159 1.17904 0.784065 0.196549 0.396597 0.236065 0.115258 0.758665 0.09681 1.21883 0.146521 1.23102 0.620598 0.779465 0.525111 0.462453 0.76092 0.855314 0.121765 0.668997 1.10365 0.984082 0.997578 0.509672 0.678023 0.307016 0.603245 0.0261993 0.914312 0.468252
0.104114 0.965057 0.88773 1.10022 0.907671 0.342538 0.416447 0.541759 0.314952 0.162835 0.875523 0.231246 0.601856 0.956465 0.637497 0.323556 0.578671 1.15547 0.743124 0.762514 0.296806 0.9801 1.19797 0.876037 0.290898 0.945701 0.565758 1.21105 0.62314 0.92765 0.114289 1.19862 1.02527 0.556605 0.677583 0.53521 0.40253 1.1909 0.85448 0.288366 0.792804 0.810964 0.450503 1.05968 0.966634 0.140149 0.912351 0.513086 0.167353 0.337874 0.177393 0.0473101 0.60583 0.161393 1.2467 0.319581 1.15454 0.598187 0.738994 0.542732 0.613267 0.813815 0.65108 0.211552 0.754697 1.01853 1.09082 0.860806 0.496328 0.873653 0.141341 0.402631 0.2761 0.933327 0.443946
0.0220692 0.841484 0.867136 0.975648 1.06718 0.203484 0.329513 0.72436 0.333107 0.223892 0.882838 0.162052 0.49852 1.14942 0.687599 0.263384 0.599697 1.02726 0.989213 0.749578 0.502222 1.00695 1.24195 0.701405 0.371822 0.864709 0.691647 1.15238 0.552514 0.974867 0.135559 1.25605 1.00412 0.43188 0.511523 0.732254 0.272321 1.1379 0.714432 0.477561 0.578106 0.878548 0.648922 1.12431 1.18054 0.0779363 0.898475 0.593711 0.324164 0.305801 0.107444 0.319932 0.753418 0.0540217 1.19786 0.284941 1.22507 0.542737 0.811981 0.450886 0.548656 0.795644 0.873683 0.217037 0.71191 1.00012 0.998671 0.943164 0.651756 0.751598 0.407563 0.469605 0.187051 0.672176 0.564444
0.285041 1.05239 1.01295 1.18227 0.935341 0.0962922 0.385968 0.755709 0.233096 0.22807 0.899371 0.260547 0.539642 0.945528 0.495876 0.364074 0.647106 1.2427 0.806657 0.783361 0.485453 0.829693 1.05234 0.625307 0.444502 0.876139 0.783814 1.13826 0.394144 0.969215 0.233083 1.17459 1.221 0.578161 0.523044 0.654077 0.350901 0.963807 0.903863 0.462116 0.692987 0.727658 0.640084 0.977516 1.10716 0.336676 0.930155 0.566094 0.0921906 0.438157 0.258738 0.21745 0.846129 0.12015 1.21478 0.277937 1.08393 0.566144 0.919998 0.457166 0.394682 0.87123 0.877095 0.37026 0.781211 0.895744 0.858002 0.878328 0.54882 0.66782 0.314896 0.385866 0.238014 0.857358 0.503666
0.0294285 0.900987 1.09197 1.19272 1.06492 0.323481 0.407474 0.672637 0.305348 0.106928 1.04777 0.301892 0.452498 1.0005 0.562961 0.295609 0.506347 1.27242 0.960343 0.685943 0.437963 0.752898 1.0023 0.678535 0.319414 1.0634 0.666401 1.17599 0.514587 0.994073 0.381204 1.19728 1.22452 0.453572 0.471867 0.641984 0.402611 1.098 0.759466 0.447414 0.804807 0.833694 0.531694 1.10865 0.947104 0.244219 0.907454 0.551617 0.209756 0.428805 0.297927 0.307683 0.680466 0.190195 1.08725 0.390957 1.16945 0.461276 0.704462 0.581539 0.35278 0.968096 0.907698 0.238728 0.757502 1.02662 1.05652 1.00408 0.555989 0.640735 0.151834 0.462104 0.183551 0.848333 0.584946
0.30598 0.804832 0.867369 1.0993 1.01579 0.244761 0.273712 0.670552 0.296265 0.272038 0.882715 0.150441 0.726409 0.924325 0.487355 0.205091 0.516787 1.18837 0.973809 0.85542 0.501356 1.01864 1.15501 0.834575 0.516479 0.900492 0.769485 0.961133 0.389637 1.05126 0.276493 1.00196 1.25886 0.360322 0.64356 0.559009 0.306676 0.947314 0.845453 0.498423 0.625186 0.897938 0.603574 0.889425 1.01358 0.273571 1.00578 0.727267 0.368103 0.49766 0.0966157 0.223131 0.83713 0.113072 1.07657 0.20456 1.071 0.431371 0.813712 0.418709 0.364802 0.988687 0.710642 0.181148 0.698343 0.917544 1.11688 0.862189 0.667889 0.654718 0.23282 0.400354 0.0845008 0.779145 0.494981
0.024884 1.05718 0.959528 1.10046 0.791819 0.072016 0.472797 0.640492 0.419612 0.202418 1.04049 0.313674 0.528057 0.968556 0.67265 0.309716 0.376708 1.19009 0.995546 0.848417 0.467493 0.982702 1.13795 0.770771 0.495726 0.968614 0.698035 1.06656 0.475683 1.14484 0.38634 0.976889 1.03972 0.608901 0.627402 0.772678 0.398193 1.17547 0.882803 0.426325 0.67415 0.754516 0.4882 1.11742 0.917253 0.206638 1.14388 0.527408 0.353798 0.499011 0.10038 0.312706 0.717094 0.113455 1.10751 0.404778 1.16008 0.535935 0.979385 0.362236 0.46406 0.991776 0.905514 0.255165 0.692347 0.9009 1.06429 0.970824 0.603359 0.752263 0.334521 0.520377 0.294018 0.775797 0.343231
0.19049 0.856556 1.04435 1.05212 0.819701 0.324093 0.447995 0.666394 0.219101 0.234841 1.03515 0.246696 0.712676 1.04133 0.483893 0.399623 0.662597 1.21991 1.00408 0.610432 0.289939 0.763075 0.994503 0.602534 0.512039 0.842068 0.819414 1.04287 0.504188 1.07131 0.318162 0.969702 1.11242 0.575671 0.45207 0.629841 0.415922 0.996566 0.878537 0.293546 0.668631 0.895329 0.657709 1.05854 1.14288 0.334698 0.918412 0.547538 0.264559 0.316626 0.252615 0.275333 0.598079 0.289308 1.1546 0.156502 1.20312 0.573064 0.988497 0.409272 0.520097 0.976421 0.711422 0.369564 0.60971 0.853252 0.969368 0.922873 0.475729 0.79368 0.414341 0.669312 0.174857 0.868311 0.532067
0.293632 0.974726 0.862885 1.07663 1.0792 0.177858 0.443 0.574312 0.21971 0.272276 0.986163 0.169142 0.687987 1.15853 0.530816 0.477067 0.650716 1.21571 0.727096 0.714811 0.446174 0.81931 0.958688 0.758135 0.253806 0.830835 0.694954 1.0251 0.425411 1.17612 0.294457 1.04947 1.06123 0.584384 0.606561 0.525331 0.198139 1.06881 0.727923 0.511686 0.674947 0.722586 0.68095 0.920439 0.93631 0.320921 0.893075 0.634047 0.0935657 0.213064 0.151377 0.258791 0.748255 0.191955 1.10357 0.209446 1.04381 0.64618 0.844554 0.550107 0.425618 0.981766 0.792111 0.350914 0.770831 1.09688 1.04238 0.977405 0.440624 0.778489 0.288313 0.63783 0.0211006 0.903825 0.307457
0.304614 1.05387 1.04168 1.19424 1.0642 0.0708959 0.463295 0.539274 0.36164 0.275734 1.05833 0.116931 0.521728 0.88464 0.637479 0.364307 0.562855 1.21314 0.847657 0.695878 0.349336 0.846047 1.16525 0.715228 0.267115 1.08894 0.807445 1.12652 0.655449 0.9612 0.353103 1.13205 1.21419 0.372655 0.594658 0.673339 0.330666 1.07786 0.7108 0.321852 0.655301 0.747846 0.636856 0.880593 1.08967 0.10765 0.890922 0.725595 0.35639 0.303303 0.219322 0.216767 0.706399 0.0358122 1.16047 0.402411 1.26857 0.421455 0.953635 0.59727 0.400221 0.764819 0.785679 0.120571 0.755239 1.05536 0.890369 1.0303 0.5328 0.873225 0.400856 0.654354 0.0892221 0.650314 0.361757
0.253553 0.823402 1.00289 1.01711 0.868587 0.336751 0.398679 0.645618 0.267349 0.253012 1.02959 0.239351 0.734461 0.88864 0.623506 0.312584 0.62794 0.988614 0.878619 0.874807 0.288709 0.872336 1.19666 0.643775 0.354158 0.884769 0.557456 1.01773 0.576796 1.02089 0.149786 1.24473 1.2604 0.608701 0.53494 0.641741 0.256254 0.963002 0.929315 0.54739 0.581265 0.898528 0.409057 1.0943 1.18116 0.159308 0.993025 0.594322 0.149565 0.298141 0.108551 0.179758 0.632963 0.212708 1.23121 0.40134 1.24218 0.365413 0.752839 0.319842 0.441889 0.8934 0.804264 0.140172 0.641446 0.856267 1.05636 1.02064 0.635547 0.618507 0.339058 0.398721 0.0452869 0.654382 0.511951
0.230787 0.797559 1.06012 1.01809 1.0604 0.239228 0.453928 0.731687 0.434589 0.207923 1.15953 0.0900311 0.553263 0.96658 0.558083 0.406464 0.381242 1.18374 0.973969 0.870413 0.389116 0.998961 1.01951 0.642445 0.41362 0.935429 0.707154 1.19568 0.567275 0.943523 0.389151 1.04861 1.11387 0.632495 0.62389 0.552345 0.219764 1.01165 0.776391 0.459291 0.72476 0.921137 0.652792 0.934539 1.15313 0.3093 1.09513 0.602425 0.273617 0.232032 0.28858 0.319721 0.60921 0.251122 1.26323 0.332141 1.16638 0.636117 0.788216 0.452834 0.430554 0.873598 0.874744 0.101998 0.655121 1.10035 1.04744 0.861589 0.682967 0.846893 0.233969 0.616004 0.0574309 0.670881 0.324126
0.158789 1.04476 0.881306 1.07176 1.04536 0.27956 0.499198 0.625164 0.439095 0.252471 1.14192 0.180529 0.62213 1.13315 0.719252 0.457614 0.451333 1.07475 0.925051 0.825853 0.426294 0.981364 1.12091 0.762845 0.250087 0.883325 0.629017 1.05766 0.660865 1.20124 0.394525 1.09075 1.15213 0.592897 0.490391 0.500253 0.354003 1.14509 0.914228 0.39863 0.64469 0.84843 0.515198 1.16367 1.05009 0.332201 0.93619 0.516649 0.267893 0.228017 0.274604 0.262594 0.738116 0.134299 1.11748 0.430443 1.17926 0.372861 0.756038 0.338759 0.328104 0.746778 0.942185 0.109951 0.658023 0.971749 0.841694 0.877358 0.438013 0.752157 0.301847 0.414959 0.0474994 0.635786 0.448569
0.0703929 1.00792 1.05218 1.1784 1.03054 0.225301 0.294857 0.698746 0.323808 0.323814 0.888816 0.276313 0.514016 1.13539 0.536329 0.410048 0.58042 1.17396 0.772922 0.840838 0.361426 0.790959 1.11715 0.808122 0.26459 0.830388 0.68058 1.21317 0.519816 1.11411 0.189611 1.01908 1.18008 0.359814 0.630693 0.774367 0.297461 0.999176 0.737916 0.498454 0.557752 0.718022 0.644818 1.02531 0.987828 0.0777106 0.940471 0.713619 0.171916 0.277912 0.28859 0.0721037 0.827953 0.035497 1.11878 0.3234 1.20808 0.372137 0.805441 0.338654 0.466728 0.845393 0.8803 0.157493 0.600455 1.01655 0.888374 0.802208 0.578182 0.805143 0.298975 0.42154 0.142363 0.815156 0.29496
0.26961 0.941459 0.912037 1.14829 0.87112 0.27742 0.293682 0.746512 0.19991 0.0763194 0.881474 0.261963 0.529342 0.878567 0.566787 0.339361 0.536791 1.1808 0.855212 0.82071 0.40498 0.86314 1.25543 0.673135 0.280346 1.04328 0.755209 1.16072 0.559502 1.19519 0.248242 1.16277 1.21993 0.390925 0.499362 0.550908 0.315281 1.06795 0.815451 0.525595 0.729055 0.786329 0.621006 0.906907 0.985871 0.184939 1.03023 0.515911 0.266527 0.273508 0.047004 0.252122 0.811126 0.206982 1.0185 0.392752 1.20767 0.625556 0.735775 0.387971 0.542072 0.732455 0.881975 0.386568 0.636561 0.874109 0.925517 0.960552 0.664337 0.705172 0.266124 0.511484 0.206705 0.898269 0.478006
0.0629025 0.858512 0.875378 1.20243 1.08142 0.166687 0.333479 0.597048 0.281043 0.227636 0.984854 0.0964539 0.686476 1.15261 0.493749 0.392227 0.57752 1.07476 0.867241 0.724266 0.27694 1.00181 1.00932 0.71245 0.39698 0.856059 0.828788 0.940299 0.582226 0.973518 0.186928 1.07934 1.18592 0.534429 0.394678 0.727577 0.402855 1.14314 0.767156 0.34033 0.710303 0.707107 0.565408 1.06762 0.987984 0.238757 1.11608 0.522018 0.0984682 0.475033 0.159049 0.265521 0.650929 0.278564 1.14588 0.352604 1.2197 0.518519 0.884978 0.429157 0.539747 0.988877 0.90238 0.233742 0.711299 1.00593 1.06423 0.949955 0.673231 0.619717 0.275572 0.468188 0.152363 0.693767 0.455742
