25 75
0.233501 0.93336 1.06847 0.380725 0.263617 0.964799 0.531277 0.88735 0.57472 1.14936 1.02608 0.617163 0.324243 1.05616 0.813715 0.483939 1.11094 0.317135 0.489468 0.958158 0.913651 1.11162 0.179217 0.826139 0.802977 0.937153 0.916892 0.856508 0.518833 0.736319 0.390702 0.581898 0.578579 0.856356 0.544866 0.616197 0.626828 0.128503 0.926534 0.913593 0.320855 0.553435 0.421135 0.239935 0.172095 0.86734 1.00341 1.08126 0.660736 0.371992 0.774232 0.843204 0.553237 0.817132 0.651648 0.238917 0.233531 0.729872 0.0476957 0.367968 0.610977 0.771631 1.04432 0.802424 0.940251 0.961261 0.411229 0.177155 0.157081 0.400901 0.724134 1.06336 0.469205 0.367667 0.471155
0.161057 0.979186 1.00782 0.352668 0.517536 1.00677 0.59586 0.931391 0.645312 1.09356 0.795231 0.662717 0.358823 1.06097 0.703814 0.40717 0.91045 0.441278 0.57279 1.13832 0.827053 1.18932 0.231482 0.602839 0.709245 1.00798 0.921927 0.63937 0.589908 0.83026 0.33702 0.556091 0.338631 0.813485 0.646084 0.810097 0.730095 0.099013 1.13089 1.01983 0.234814 0.544349 0.472835 0.409343 0.282035 0.898166 0.903431 1.08757 0.806208 0.487633 0.840638 0.900111 0.485155 0.982791 0.732272 0.228559 0.369205 0.848511 0.255582 0.576272 0.570174 0.671836 0.956647 0.811905 0.93969 1.06264 0.604002 0.154435 0.215655 0.511506 0.643504 1.00233 0.561804 0.22028 0.413801
0.418904 1.04078 1.06251 0.233561 0.469394 0.873349 0.466776 1.10044 0.57806 1.19891 1.0153 0.644046 0.301708 0.91262 0.792161 0.380943 1.18558 0.41095 0.326911 1.01451 0.6527 1.07934 0.262813 0.733482 0.850024 0.96576 1.06409 0.78374 0.635937 0.698131 0.523866 0.581969 0.341821 0.906523 0.637188 0.878095 0.873753 0.318678 1.07283 0.908815 0.421331 0.543929 0.575606 0.217434 0.150461 0.983837 0.876575 1.22801 0.856367 0.423345 0.977961 0.782411 0.535235 0.765349 0.84991 0.130155 0.139093 0.858139 0.172067 0.393283 0.475138 0.934933 1.06544 1.02518 0.983078 1.03066 0.540117 0.252204 0.182091 0.471902 0.784199 0.909801 0.658159 0.353025 0.403514
0.372781 0.90775 1.00429 0.40625 0.306427 0.978195 0.731648 0.832138 0.469895 1.08364 1.04728 0.854602 0.311799 1.00702 0.589706 0.306915 1.14592 0.274101 0.416002 1.04532 0.738527 0.990676 0.366403 0.742699 0.704459 0.817513 1.01713 0.616873 0.445305 0.795282 0.292173 0.588069 0.33655 0.857928 0.729775 0.671142 0.627961 0.160658 0.945555 1.08068 0.322976 0.58957 0.51512 0.29476 0.208118 0.931954 0.896916 1.08815 0.88304 0.375258 0.880415 0.742962 0.353247 0.842139 0.700895 0.300213 0.209126 0.76872 0.132911 0.649119 0.493924 0.733427 0.968279 0.982098 1.04148 1.09554 0.596231 0.209059 0.135012 0.30403 0.803388 0.883888 0.596561 0.126743 0.450845
0.181889 0.874945 0.924104 0.162361 0.299611 0.886136 0.438927 0.820378 0.516647 1.04159 0.901095 0.824548 0.482905 0.961343 0.593283 0.397156 1.07445 0.207723 0.377881 0.898697 0.670001 1.24713 0.248414 0.66279 0.791039 0.952744 0.930901 0.775941 0.634176 0.899263 0.320416 0.645693 0.345387 0.958159 0.774151 0.817723 0.747975 0.195089 0.96286 1.07418 0.205003 0.661042 0.49384 0.423382 0.223795 0.841296 1.02601 1.23734 0.865973 0.499386 0.943912 0.801858 0.580274 0.763136 0.775144 0.356392 0.24831 0.830153 0.191309 0.598279 0.40375 0.686531 0.93714 0.97615 1.0167 1.0756 0.431248 0.363409 0.335646 0.405547 0.665545 0.888795 0.553036 0.191156 0.534268
0.19718 1.01654 1.02539 0.162734 0.493588 1.13425 0.732499 0.841378 0.620343 1.22919 0.78668 0.732005 0.415256 1.12364 0.855377 0.346336 1.11798 0.219764 0.321283 0.909616 0.761469 1.0813 0.324638 0.601705 0.771935 0.825666 1.00115 0.731895 0.515515 0.735284 0.467422 0.579998 0.59305 0.90497 0.613135 0.626699 0.605931 0.283579 0.954986 0.981808 0.301627 0.458966 0.587627 0.3717 0.233203 0.867379 0.926978 1.14815 0.909398 0.443337 1.00822 0.83364 0.413191 0.951088 0.789383 0.109524 0.297904 0.802288 0.093496 0.57428 0.598622 0.943325 1.03416 1.0082 0.845678 1.10737 0.436844 0.284844 0.203815 0.463058 0.778884 0.804328 0.609183 0.288285 0.312753
0.329211 1.06032 0.819856 0.321 0.378357 1.02813 0.712725 0.90927 0.66724 1.11495 0.915368 0.594965 0.452203 0.861513 0.716605 0.310908 1.00539 0.263105 0.363052 1.05149 0.794411 1.25784 0.121945 0.593792 0.840229 1.01498 0.937162 0.799806 0.403001 0.735364 0.531361 0.718741 0.557802 0.867402 0.702505 0.896594 0.612329 0.164836 0.937561 1.12069 0.444118 0.466706 0.447848 0.315776 0.10804 1.05961 0.969133 1.21348 0.844023 0.594591 1.05817 0.908323 0.473313 0.846824 0.721501 0.209471 0.282129 0.765549 0.0550914 0.588838 0.504956 0.936474 0.816281 1.08482 0.939177 1.02072 0.59753 0.159697 0.113645 0.488171 0.735446 0.842226 0.571025 0.192417 0.37642
0.268553 0.8819 1.04215 0.393546 0.322201 0.851447 0.563292 0.98919 0.425499 1.24795 0.896782 0.637704 0.507207 0.943596 0.605605 0.450681 1.03565 0.47154 0.496932 0.920123 0.777306 1.2695 0.285302 0.729721 0.720679 1.04236 1.01837 0.690531 0.503353 0.702765 0.515986 0.798777 0.447018 0.87231 0.537639 0.882678 0.85042 0.245381 0.870867 0.88399 0.323269 0.557919 0.534245 0.411636 0.0922233 0.91158 1.08064 0.977464 0.767321 0.358836 0.865037 0.838021 0.416154 0.79715 0.623507 0.254621 0.3191 0.835698 0.208638 0.538733 0.517866 0.670352 0.98919 0.960668 1.03938 1.14097 0.35945 0.174428 0.0930979 0.442369 0.909922 0.798524 0.495391 0.161659 0.442237
0.298035 1.00173 1.05258 0.133996 0.315819 0.872492 0.476766 0.900574 0.585983 1.08187 0.949454 0.859602 0.523913 1.01976 0.871506 0.225145 1.18316 0.204596 0.402744 0.879797 0.879525 1.00724 0.201998 0.618358 0.738946 0.768596 0.909933 0.797913 0.646432 0.672891 0.413516 0.774329 0.558399 0.814446 0.639555 0.84866 0.642067 0.185178 0.863555 1.06818 0.30138 0.434892 0.542913 0.303438 0.306232 1.01177 0.851633 1.08807 0.895461 0.418225 0.903166 0.888257 0.622558 0.967167 0.633787 0.225955 0.156873 0.884818 0.288788 0.596727 0.52005 0.953083 0.966104 1.02145 0.886206 1.06762 0.523379 0.221851 0.227436 0.328319 0.760421 0.94803 0.466407 0.175907 0.494334
0.22461 0.874522 0.90781 0.378457 0.436025 1.08347 0.509208 1.10393 0.373941 1.1113 0.785071 0.659436 0.302756 0.937677 0.618029 0.459531 1.11782 0.212679 0.501374 0.925736 0.729747 1.10752 0.159391 0.816106 0.612221 0.791548 0.966572 0.826346 0.498541 0.858373 0.300601 0.813516 0.404813 0.871947 0.583215 0.858813 0.834003 0.332584 0.976815 0.879101 0.260775 0.650378 0.630227 0.220105 0.121378 0.982327 0.859239 1.09458 0.646434 0.463686 0.782427 0.90988 0.630267 0.76823 0.708337 0.126736 0.199353 0.899843 0.189951 0.43537 0.467671 0.929738 0.788449 0.830816 1.10216 1.08378 0.408265 0.190727 0.154291 0.424154 0.705309 1.04166 0.393072 0.152162 0.474871
0.279774 0.995062 0.872908 0.282156 0.343073 0.928089 0.558611 1.05302 0.564261 1.22091 1.06427 0.615802 0.527924 0.889222 0.62742 0.374752 1.11412 0.39801 0.405791 1.01818 0.738397 1.22189 0.109635 0.657336 0.623567 1.03836 0.953687 0.772144 0.553984 0.963506 0.501969 0.662244 0.401835 0.814344 0.812809 0.873688 0.662164 0.121284 0.95026 1.04504 0.288601 0.605264 0.477606 0.16585 0.099894 1.0026 0.87708 1.02469 0.651073 0.520138 0.866624 0.733412 0.40364 0.898351 0.776143 0.344993 0.17351 0.927466 0.188119 0.600561 0.62234 0.759889 0.817976 1.04646 0.874078 1.10989 0.372189 0.232906 0.199102 0.325445 0.816067 1.03274 0.524779 0.282789 0.451966
0.154507 0.963774 0.781653 0.263829 0.441214 0.900141 0.566766 0.851542 0.600918 1.16817 0.986457 0.677296 0.517077 1.01943 0.771089 0.348456 1.18365 0.196417 0.304271 0.910057 0.682382 1.03982 0.331283 0.733662 0.60654 0.859901 1.09364 0.783977 0.591548 0.799249 0.376875 0.541331 0.420237 0.912961 0.632259 0.844483 0.832457 0.217215 0.956242 0.922783 0.439495 0.573488 0.411631 0.230278 0.103764 0.910146 1.00607 1.07542 0.872232 0.440392 1.0455 0.790953 0.474953 0.814286 0.733652 0.154115 0.253709 0.699605 0.0481394 0.354679 0.489191 0.955836 1.00514 0.975825 1.1006 0.918917 0.625134 0.237732 0.368149 0.272613 0.895404 0.908028 0.481112 0.235564 0.322057
0.382055 0.783227 0.890482 0.243028 0.477886 1.1291 0.535046 0.881531 0.382613 1.25338 0.892512 0.689233 0.295982 1.12548 0.754152 0.286929 1.18146 0.409841 0.523471 0.879679 0.828464 0.985287 0.104932 0.730415 0.600191 0.970883 1.14218 0.845237 0.609357 0.682268 0.438677 0.593521 0.383784 0.941247 0.814677 0.701757 0.840011 0.0378705 0.976647 0.905618 0.24568 0.50819 0.449204 0.388425 0.0367157 0.93804 1.03125 1.2282 0.653855 0.556665 0.952302 0.638785 0.463131 0.9291 0.739009 0.231383 0.255823 0.780363 0.274913 0.573218 0.634835 0.898004 0.965386 0.873428 1.04165 1.02494 0.489056 0.357508 0.280744 0.344269 0.872189 1.00796 0.423677 0.210058 0.346119
0.442224 1.00142 0.833492 0.19216 0.439668 1.04578 0.608616 0.902991 0.66794 1.04306 0.832735 0.736639 0.358439 1.09564 0.739327 0.336832 0.978152 0.399163 0.438737 0.989912 0.683641 1.19091 0.223685 0.596116 0.810312 0.958827 1.07458 0.626665 0.38271 0.858375 0.416034 0.686196 0.353689 0.726447 0.811854 0.820889 0.886973 0.157884 1.06695 0.995637 0.305489 0.393169 0.613167 0.169487 0.296789 1.00356 0.849801 1.03867 0.659414 0.46084 0.83649 0.709325 0.46704 0.967125 0.841716 0.138712 0.185971 0.703115 0.00879408 0.37554 0.596059 0.878785 0.888402 1.01886 0.916653 1.06367 0.566437 0.323784 0.379774 0.392882 0.784949 0.850318 0.612013 0.290226 0.392666
0.286347 1.07412 0.842314 0.365278 0.46784 1.0674 0.583851 0.960583 0.463608 1.13899 0.892285 0.778282 0.504668 0.950891 0.756267 0.290023 1.05005 0.245839 0.33568 1.07765 0.846529 1.13665 0.166884 0.676574 0.640326 0.857013 0.894657 0.77397 0.440229 0.828566 0.362331 0.614497 0.54059 0.763128 0.786467 0.781311 0.828831 0.0444006 0.880066 0.898138 0.227431 0.413402 0.574604 0.335696 0.297074 0.827782 0.919212 1.0731 0.79926 0.565694 1.01747 0.920326 0.584967 0.841747 0.670384 0.0981258 0.202814 0.87772 0.00874081 0.495423 0.594826 0.796469 0.773606 1.06736 1.12853 1.11246 0.554817 0.191313 0.243389 0.360115 0.861047 0.898691 0.547182 0.314264 0.429464
0.182963 0.948684 0.780477 0.286273 0.483528 1.06787 0.542168 1.09593 0.456484 1.1272 1.07069 0.862614 0.450233 0.964595 0.780316 0.459341 0.916159 0.372364 0.494732 1.06156 0.638187 1.1032 0.21949 0.643125 0.853955 0.763055 1.0939 0.645494 0.467197 0.933924 0.345603 0.685307 0.461324 0.987736 0.669652 0.750388 0.769547 0.29766 0.874814 1.07689 0.347412 0.43751 0.474793 0.38492 0.158086 1.09921 0.89782 0.979968 0.839889 0.620606 0.982295 0.726386 0.494638 1.0024 0.637098 0.138957 0.331092 0.95439 0.0711791 0.59419 0.597155 0.748111 0.903654 1.0327 1.01429 1.08723 0.481584 0.285284 0.113302 0.397349 0.769323 0.9469 0.567636 0.23722 0.29661
0.256784 0.875398 0.922449 0.124045 0.354603 1.11833 0.711148 0.819361 0.439898 1.03236 0.780805 0.570134 0.279906 0.928068 0.791757 0.444774 1.16015 0.328915 0.36045 0.917201 0.808667 1.21664 0.158096 0.590569 0.705986 0.937329 1.02375 0.700775 0.464725 0.962379 0.299907 0.63549 0.361994 0.762555 0.587271 0.84917 0.646495 0.290867 0.887224 0.8677 0.38342 0.470207 0.643178 0.397978 0.0807296 1.04506 0.940491 1.19883 0.866564 0.404907 0.878863 0.845925 0.380653 0.880776 0.78473 0.122017 0.151523 0.826373 0.246806 0.424439 0.462852 0.681398 0.961791 0.855177 1.1314 0.846661 0.500837 0.146583 0.228092 0.543925 0.744498 0.889979 0.511676 0.124025 0.471972
0.439916 0.900588 1.01184 0.392002 0.296141 0.964571 0.682153 0.810295 0.444209 1.07131 0.788022 0.710369 0.372617 1.13035 0.658833 0.22138 1.04645 0.300957 0.472442 1.14696 0.850773 1.18702 0.260126 0.546082 0.797372 0.968873 0.935706 0.604347 0.589718 0.852093 0.519438 0.676386 0.495996 0.894575 0.79195 0.687429 0.859164 0.302331 1.00605 0.844634 0.185972 0.404073 0.451765 0.18033 0.321501 0.937388 0.870864 1.21445 0.817345 0.450526 0.823817 0.728649 0.471223 0.868594 0.607848 0.367163 0.303591 0.808509 0.0437371 0.643597 0.581376 0.785676 0.867203 0.909851 1.05543 1.1184 0.352404 0.223034 0.325962 0.547162 0.795608 0.850729 0.537255 0.172775 0.446888
0.207164 1.00574 0.933747 0.257751 0.418655 0.850579 0.701867 0.948318 0.593465 1.07459 0.795937 0.705818 0.291259 0.872304 0.739146 0.437781 1.16335 0.447374 0.467024 0.990826 0.859064 1.12877 0.266228 0.545658 0.855876 0.96235 1.07685 0.671405 0.631145 0.800327 0.285551 0.826373 0.445927 0.739978 0.684456 0.673705 0.825251 0.180815 1.06246 1.02734 0.269757 0.568134 0.571735 0.372394 0.251068 1.06767 1.0621 1.02521 0.831102 0.452512 0.979974 0.731749 0.405635 0.768079 0.718626 0.383587 0.366707 0.67915 0.175741 0.55077 0.539036 0.730268 1.03708 1.06509 0.863402 1.06347 0.407409 0.142744 0.109253 0.406564 0.750847 1.01287 0.544129 0.0844497 0.298857
0.274503 0.939163 0.913682 0.207094 0.317784 1.07831 0.459701 0.85627 0.450986 1.05718 1.02289 0.789129 0.50408 1.10045 0.662115 0.445229 1.16408 0.388194 0.498706 0.911681 0.802182 1.1637 0.109972 0.814143 0.835611 0.875723 1.12657 0.583919 0.63465 0.790097 0.500863 0.69438 0.560212 0.988039 0.746516 0.868864 0.795129 0.240894 0.951281 0.866426 0.21503 0.531369 0.545762 0.390713 0.130725 1.02638 0.956407 1.17119 0.775984 0.468894 0.883836 0.719684 0.403291 0.852949 0.718742 0.213078 0.236847 0.790395 0.121936 0.465791 0.513349 0.858238 0.79193 1.01578 0.999711 1.13082 0.437544 0.154874 0.27293 0.294755 0.852926 0.951209 0.510799 0.337302 0.511595
0.392494 0.969822 1.04424 0.380928 0.408893 0.860564 0.637392 0.943231 0.536807 1.15419 1.00604 0.696574 0.489719 0.987638 0.582117 0.270368 0.929435 0.361361 0.466543 0.956786 0.765418 1.27875 0.330963 0.632931 0.805681 0.864224 0.914323 0.804161 0.60138 0.767402 0.433754 0.598671 0.529494 0.816442 0.747222 0.641166 0.623215 0.110485 1.13599 0.935763 0.327831 0.367477 0.638435 0.334623 0.0509997 1.04335 0.834333 1.16908 0.94193 0.332464 0.869395 0.738989 0.56231 0.909915 0.696103 0.324946 0.159932 0.92177 0.0169506 0.375111 0.438953 0.902263 1.01522 1.08021 1.12904 0.850565 0.523281 0.354971 0.362576 0.305309 0.833829 0.778529 0.588684 0.233582 0.48251
0.366862 1.03312 1.06223 0.387524 0.299502 0.889034 0.553277 0.969332 0.562448 1.13066 0.873225 0.745549 0.34625 0.88121 0.863202 0.208864 1.00811 0.330941 0.338638 1.00677 0.75813 1.14237 0.354003 0.757843 0.676257 0.982365 1.04418 0.724278 0.562896 0.953164 0.414219 0.562519 0.533504 0.698262 0.635714 0.682889 0.640467 0.308134 1.08869 1.00688 0.371404 0.368734 0.539404 0.1645 0.196016 0.954244 0.998914 1.0295 0.919764 0.562153 0.846538 0.651123 0.560011 0.848147 0.693349 0.209252 0.21694 0.888 0.205219 0.396683 0.468452 0.68859 0.804346 1.01463 1.05891 0.951466 0.506567 0.369595 0.206527 0.532923 0.710116 0.873242 0.443793 0.24768 0.364963
0.334297 0.976702 0.916842 0.23857 0.361917 0.870543 0.538751 0.876291 0.497097 1.12204 1.01774 0.833742 0.550008 0.915284 0.815499 0.430804 0.982053 0.409037 0.41969 1.05357 0.72365 1.22113 0.164296 0.620261 0.862634 1.01113 0.885299 0.607167 0.59297 0.66677 0.525702 0.78293 0.455141 0.826527 0.599017 0.805581 0.596264 0.14279 0.96122 0.881054 0.392595 0.450045 0.511502 0.234047 0.128217 0.870572 0.952839 1.08124 0.809557 0.504427 0.893101 0.68457 0.547252 0.986277 0.803817 0.103194 0.277316 0.729377 0.0775991 0.37102 0.362458 0.692308 0.907131 0.943371 1.12261 1.06317 0.349575 0.270791 0.340841 0.434078 0.661958 1.05188 0.428462 0.273535 0.502491
0.302431 0.927378 0.879948 0.288121 0.473908 0.893908 0.730097 0.891186 0.657561 1.05397 1.05011 0.630037 0.402459 1.01225 0.807201 0.366721 0.983732 0.327947 0.502315 1.0392 0.901832 1.13245 0.208566 0.737097 0.774136 1.01365 1.06421 0.57468 0.535579 0.715158 0.366491 0.703701 0.463279 0.930939 0.605076 0.649205 0.687973 0.299805 0.876512 1.10836 0.463921 0.655803 0.630621 0.388484 0.273143 0.964708 0.836206 1.13711 0.872261 0.488986 0.989781 0.791321 0.619124 0.99745 0.765893 0.255625 0.0795801 0.66805 0.271856 0.384855 0.364281 0.881741 0.786694 0.968654 0.883065 0.984691 0.453233 0.149216 0.0970798 0.330899 0.698166 0.9915 0.520873 0.376187 0.351489
0.367048 0.912489 1.06953 0.141123 0.406008 1.09102 0.499018 1.06352 0.476697 1.0503 0.887263 0.611832 0.284249 1.15654 0.73323 0.443953 1.1061 0.383741 0.329902 0.895051 0.636845 1.21485 0.163195 0.727734 0.715825 1.01888 1.11919 0.827197 0.571687 0.731889 0.321675 0.737669 0.490602 0.937489 0.528808 0.883331 0.844219 0.20365 0.890091 1.01176 0.35318 0.565938 0.602241 0.198989 0.166396 1.06363 0.833331 1.12096 0.720055 0.469205 0.882989 0.654743 0.553815 0.767166 0.71751 0.350905 0.103803 0.894648 0.267954 0.434161 0.533831 0.708165 1.05945 0.858933 1.03592 0.882574 0.501555 0.399354 0.223769 0.370694 0.749602 1.06833 0.531272 0.157474 0.352668
