25 75
0.846953 1.23612 0.511676 0.309916 1.04323 0.542085 0.532915 0.478803 0.759812 0.936708 0.29961 0.488577 0.494364 0.927074 0.658868 0.459245 1.03028 0.232337 0.657179 0.185932 0.976408 0.534332 0.485277 0.724928 0.873537 1.20432 0.974775 0.655183 0.332807 0.701341 0.954349 0.276293 0.452415 1.00477 0.955822 0.563461 0.875846 0.110504 0.136565 0.605591 0.246929 0.926531 0.339714 0.213538 0.928334 0.3208 0.595893 0.447963 1.01469 0.695418 0.241367 0.644423 1.21804 0.307182 0.890548 0.639979 0.535765 0.40954 0.921491 1.12637 0.838985 0.497001 1.01124 0.996946 0.432201 0.0932869 0.835937 0.780368 0.712988 0.272276 0.862098 0.860806 1.05321 0.835022 0.507322
0.822846 1.0814 0.524982 0.380671 1.11888 0.314206 0.325388 0.271198 1.01174 0.98858 0.300256 0.503236 0.422847 0.667773 0.763002 0.258966 0.981127 0.386095 0.757756 0.343734 1.07278 0.400773 0.334592 0.717762 0.770748 1.23502 0.909203 0.846566 0.152817 0.753082 1.02733 0.422942 0.476584 0.970274 0.944041 0.416388 0.881802 0.232391 0.170262 0.546953 0.289445 1.09145 0.328628 0.226683 0.736193 0.0545459 0.56453 0.523521 1.03259 0.677944 0.178006 0.456877 1.17087 0.196491 0.880125 0.845857 0.352931 0.133665 0.823663 0.966056 0.743534 0.343279 1.21195 0.887201 0.445887 0.223432 0.705298 0.842343 0.650642 0.310747 0.979383 0.923196 1.06716 0.852324 0.503553
0.792464 1.09322 0.497681 0.32852 0.925539 0.437807 0.40259 0.408481 0.812152 0.907854 0.14253 0.600133 0.680219 0.713827 0.569929 0.416971 0.806368 0.401677 0.787009 0.380012 0.982103 0.284118 0.458273 0.533325 0.888301 1.09665 0.921961 0.68614 0.151744 0.739728 1.03748 0.346714 0.441552 1.01061 0.770778 0.47905 0.898822 0.217189 0.28916 0.386609 0.414797 0.97216 0.376843 0.369606 0.732343 0.0594036 0.613576 0.378312 1.05674 0.841311 0.258829 0.419441 1.23954 0.357408 1.03611 0.635371 0.279242 0.304106 0.966194 0.953249 0.960449 0.435684 1.07629 0.819693 0.319867 0.310006 0.740514 0.997979 0.629395 0.0327264 0.822555 0.92123 1.17743 0.913459 0.435848
1.01703 1.06613 0.609661 0.420185 1.06567 0.395136 0.580933 0.396777 0.9345 0.964581 0.343285 0.370228 0.453767 0.866838 0.639412 0.261025 1.03082 0.414168 0.818992 0.266342 1.10271 0.49722 0.460273 0.77855 0.704359 1.05149 0.976602 0.657627 0.167552 0.71626 1.02639 0.456755 0.474065 0.948253 0.93954 0.653849 0.900309 0.141731 0.0808898 0.530737 0.402056 0.979161 0.252598 0.396231 0.816316 0.287471 0.54523 0.451073 0.989706 0.566636 0.298728 0.374935 1.17871 0.242363 0.857886 0.800478 0.5419 0.191659 0.82691 1.03592 0.752836 0.591445 1.00884 0.877069 0.369209 0.201619 0.698656 1.03773 0.727975 0.0678002 0.896893 0.906573 1.10985 1.0205 0.303798
0.786429 1.12289 0.354394 0.324245 0.869041 0.485971 0.53596 0.392994 1.01399 1.00622 0.322757 0.374065 0.426935 0.805807 0.769317 0.26729 0.993236 0.445667 0.632005 0.38372 1.17603 0.544561 0.38981 0.707136 0.871195 1.2293 1.04617 0.844278 0.295384 0.487919 0.928483 0.315142 0.603447 0.996579 0.928188 0.444488 1.03183 0.0452357 0.148243 0.473094 0.401002 0.865545 0.226311 0.411546 0.806175 0.24089 0.460187 0.411179 1.15842 0.623766 0.452329 0.598877 1.06585 0.1283 0.857409 0.644289 0.331973 0.156038 0.844606 1.04525 0.921946 0.404754 0.946966 0.839182 0.330257 0.238031 0.898875 0.825134 0.52513 0.274243 0.824403 0.939319 1.19895 0.876071 0.351775
0.726493 1.23208 0.422872 0.25251 1.00072 0.358646 0.366223 0.501137 0.937347 1.07895 0.195329 0.361171 0.566652 0.88062 0.613976 0.207315 1.01345 0.406944 0.870465 0.426194 1.23545 0.2625 0.583688 0.548001 0.85659 1.01594 0.848748 0.9095 0.238342 0.696248 0.936235 0.242609 0.564576 0.972178 0.896305 0.515414 1.06117 0.028211 0.158043 0.374188 0.368195 0.875466 0.222639 0.238072 0.989845 0.224068 0.578298 0.471174 1.26244 0.754303 0.371039 0.366417 1.15003 0.0866076 0.986724 0.772807 0.423638 0.402342 0.978147 1.08172 0.882909 0.388102 1.10358 0.908784 0.386989 0.0813995 0.772701 1.00788 0.725076 0.129739 0.806704 0.910121 0.939872 0.821441 0.279443
0.896755 1.16938 0.570732 0.216594 1.02596 0.290317 0.559112 0.282816 0.8713 0.793727 0.154891 0.377213 0.423117 0.848529 0.728812 0.274664 0.903604 0.36681 0.869166 0.39118 1.01057 0.420934 0.391663 0.769628 0.809403 1.14254 0.835159 0.699823 0.349551 0.511579 0.865008 0.314834 0.376915 1.02339 0.809296 0.603022 1.03923 0.154392 0.153269 0.603112 0.43448 0.994533 0.345549 0.254707 0.981316 0.163491 0.53446 0.333305 1.02022 0.628705 0.203689 0.573654 1.15296 0.144972 0.773504 0.733421 0.343183 0.177412 1.00131 0.885188 0.790192 0.568546 0.96177 1.02786 0.273707 0.251481 0.726667 0.952934 0.625689 0.198499 1.0431 1.07583 1.15468 0.982025 0.46149
0.934969 1.13753 0.403293 0.430519 1.05321 0.332999 0.538922 0.454075 0.950482 0.984693 0.245481 0.349166 0.551269 0.739377 0.817706 0.353482 0.980469 0.47992 0.853236 0.319252 1.12864 0.511475 0.584828 0.644145 0.808779 1.00099 0.79792 0.653101 0.354493 0.561526 0.805124 0.28729 0.490629 1.05647 1.02206 0.508547 0.992112 0.0169537 0.257254 0.453667 0.384689 0.926352 0.0902942 0.197001 0.88378 0.177796 0.468764 0.357379 1.12658 0.628078 0.367386 0.594243 1.22521 0.271692 1.04511 0.697791 0.494105 0.262077 1.10168 1.02066 0.93583 0.377674 1.12526 0.83268 0.338466 0.145548 0.833392 1.02904 0.754257 0.317694 0.831062 1.13676 1.0168 0.890274 0.395001
0.855242 1.17953 0.605445 0.254402 0.895347 0.47139 0.52698 0.510848 0.931828 0.880415 0.23456 0.397443 0.520407 0.824238 0.812694 0.288427 0.899501 0.351325 0.850305 0.269226 1.2706 0.294324 0.32347 0.565492 0.92559 0.988587 0.760057 0.700866 0.350741 0.565607 0.960223 0.288438 0.545069 1.01763 0.905256 0.50811 1.08371 0.210162 0.205028 0.364915 0.190733 1.02352 0.104543 0.248934 0.917416 0.236685 0.598042 0.445147 1.08519 0.639783 0.409173 0.587567 0.972965 0.349364 0.942073 0.787125 0.467859 0.163387 1.08859 1.08761 0.880229 0.481785 1.1038 0.87226 0.187367 0.130456 0.906258 0.953646 0.695651 0.137675 0.969174 0.910132 0.997163 0.850951 0.455723
0.860723 1.18112 0.515836 0.328259 0.865354 0.569863 0.348333 0.519957 0.813911 0.996758 0.357552 0.346638 0.426656 0.667503 0.702494 0.322955 0.886412 0.321662 0.671309 0.3351 1.09393 0.443524 0.581143 0.667083 0.82141 1.07776 1.04126 0.879422 0.351328 0.619153 0.949393 0.237313 0.490134 1.14903 0.924725 0.543989 0.916802 0.118876 0.106436 0.462403 0.401591 1.05676 0.0937932 0.273147 0.901384 0.13325 0.60982 0.405842 1.0073 0.576569 0.375777 0.637947 1.08355 0.150973 1.04561 0.6904 0.329207 0.376568 0.954455 0.920243 0.684347 0.594874 1.11323 1.031 0.330683 0.280244 0.745128 0.815327 0.745462 0.228365 0.942256 1.0027 0.943875 0.800451 0.500804
0.884066 1.06689 0.615455 0.226149 1.07304 0.459045 0.327453 0.388846 0.936493 1.06793 0.112796 0.625668 0.429621 0.793874 0.838301 0.204167 0.773428 0.235098 0.859603 0.260496 1.25853 0.458408 0.380586 0.698208 0.715208 1.06436 0.811078 0.84159 0.370577 0.536387 1.00527 0.446161 0.53214 1.09658 0.984627 0.654754 0.942527 0.0531414 0.177058 0.649992 0.335628 0.949329 0.330512 0.416995 0.933208 0.262524 0.507381 0.533478 1.24399 0.562415 0.425229 0.512845 1.14303 0.297356 0.76765 0.699266 0.471641 0.249624 1.09621 1.0965 0.811247 0.511778 1.01457 0.862579 0.400167 0.0578569 0.718727 0.876051 0.642379 0.171072 0.992617 0.951042 1.2025 0.750049 0.400142
0.804206 1.15664 0.40825 0.433055 1.02023 0.499079 0.424605 0.312663 0.762016 0.91456 0.165704 0.362981 0.650495 0.893931 0.762613 0.288373 0.872471 0.499184 0.840714 0.282053 1.20264 0.271688 0.401275 0.77363 0.712409 1.04515 0.941434 0.871464 0.355565 0.496118 0.904291 0.312471 0.54435 1.0945 1.03001 0.425007 1.10516 0.0137298 0.254865 0.444638 0.188179 0.944593 0.148016 0.216631 0.784895 0.191027 0.460391 0.533147 1.09712 0.56625 0.370205 0.531958 0.987464 0.259039 0.959828 0.756444 0.420962 0.219236 0.919812 0.898489 0.889825 0.512536 1.07004 1.01346 0.354733 0.28469 0.790202 0.992088 0.489839 0.303989 0.907379 1.1402 1.00943 1.00268 0.27946
0.72552 1.13622 0.429987 0.379721 0.876384 0.555278 0.572919 0.331874 0.982534 0.794438 0.135247 0.455295 0.586788 0.781542 0.630555 0.363028 0.80302 0.492854 0.720779 0.182559 1.26866 0.264571 0.541766 0.753799 0.786543 1.08249 0.86212 0.747427 0.221563 0.62768 1.04601 0.230479 0.401214 0.90217 0.987003 0.399739 1.10651 0.262891 0.105603 0.547195 0.362648 1.09183 0.242637 0.156435 0.809139 0.250029 0.684099 0.26681 1.06273 0.672429 0.422253 0.639059 0.95717 0.114177 0.983941 0.844628 0.338021 0.163936 1.06803 0.886621 0.818361 0.412409 1.05972 1.05742 0.209486 0.236439 0.822054 0.819125 0.753366 0.22939 1.02668 1.06399 1.11867 0.744302 0.503971
0.954668 0.98497 0.505029 0.432606 1.07219 0.580411 0.58123 0.327214 0.851775 0.959076 0.188039 0.437678 0.430021 0.719777 0.593929 0.326056 0.932754 0.318713 0.684333 0.412078 1.1709 0.337341 0.531366 0.595912 0.709519 0.96418 0.812359 0.680417 0.106627 0.522178 1.03449 0.32024 0.368657 1.13555 0.966761 0.384457 0.90915 0.0142124 0.0596001 0.408687 0.40152 0.914391 0.371883 0.12555 0.771006 0.285382 0.656328 0.335075 1.16985 0.77204 0.399313 0.564533 1.10805 0.309302 0.963398 0.868472 0.503449 0.329205 0.877062 0.857071 0.748646 0.487091 1.06136 0.910707 0.419477 0.115274 0.783214 1.04284 0.751449 0.312889 1.04172 0.975332 0.945854 0.86367 0.392597
0.949698 1.24649 0.547739 0.30047 0.874701 0.377857 0.41568 0.283298 0.881695 1.03635 0.371293 0.598322 0.663456 0.809094 0.59019 0.394975 0.750559 0.450072 0.601658 0.339796 1.18914 0.444417 0.598019 0.561515 0.706743 1.11969 0.886423 0.710449 0.320484 0.731816 0.764145 0.35128 0.583502 1.0744 1.00134 0.562969 1.17293 0.306728 0.204573 0.393787 0.240824 1.06335 0.21061 0.127018 0.829391 0.289582 0.483601 0.468366 1.18862 0.57795 0.406935 0.448912 1.24584 0.0922895 0.991553 0.801747 0.367473 0.233938 0.862855 1.03573 0.864118 0.311769 1.05494 0.775609 0.208444 0.176441 0.783198 0.880841 0.534936 0.0319149 0.884065 0.958687 0.931457 0.900551 0.461294
0.856378 1.2632 0.575824 0.389829 1.12518 0.337164 0.315133 0.425369 0.975629 0.908619 0.23304 0.618511 0.404316 0.837122 0.753114 0.465389 1.01792 0.269947 0.807662 0.283668 1.00448 0.557707 0.523723 0.805475 0.746743 1.23534 0.990325 0.755818 0.309686 0.657038 0.994014 0.281044 0.351819 0.998805 0.898141 0.377721 0.876061 0.0229912 0.112369 0.391749 0.395544 1.08384 0.132007 0.255745 0.835187 0.299863 0.471846 0.343421 1.09462 0.666914 0.407963 0.543009 1.06903 0.167384 0.845146 0.919152 0.258777 0.18595 0.906084 1.09586 0.731928 0.580382 1.00248 0.808829 0.249064 0.261746 0.887077 0.964496 0.694832 0.0891486 1.01509 0.958479 1.11067 0.871649 0.479801
0.82504 1.05679 0.338973 0.350317 1.04749 0.389682 0.402067 0.415513 0.896673 0.846669 0.325365 0.425881 0.622951 0.65894 0.703429 0.178494 0.835484 0.340855 0.668881 0.200218 1.23597 0.425752 0.55988 0.674757 0.934337 1.09401 0.878041 0.875332 0.279161 0.526194 0.866196 0.295337 0.547764 0.937588 0.947715 0.444013 0.938031 0.14549 0.0675774 0.495448 0.30349 0.867576 0.266527 0.305864 0.92502 0.0963727 0.460849 0.542357 1.18093 0.676706 0.443181 0.626563 1.10751 0.337355 0.895142 0.825852 0.443583 0.134451 1.06099 1.07735 0.924986 0.373307 0.9811 0.787853 0.215962 0.254511 0.812653 0.784347 0.468912 0.214097 0.903854 0.87197 1.07106 0.92327 0.284788
1.00306 1.20567 0.546735 0.317566 1.08688 0.442058 0.490059 0.491081 0.999889 0.908204 0.267583 0.44455 0.677325 0.832684 0.863375 0.35135 0.979615 0.441004 0.867031 0.265337 1.10853 0.397031 0.391648 0.79336 0.841241 1.08032 1.0417 0.674085 0.207539 0.70168 0.883614 0.273571 0.417482 0.913072 0.981648 0.641464 1.05103 0.0994945 0.30414 0.361494 0.190644 1.05147 0.284436 0.382696 0.742265 0.239789 0.663218 0.32737 1.24031 0.630524 0.254611 0.589533 1.10037 0.295293 0.761458 0.928181 0.261061 0.320932 0.860626 0.908248 0.710202 0.43175 1.10424 0.940156 0.342731 0.203307 0.712686 0.837568 0.575233 0.203448 0.929226 0.991248 1.10467 0.802701 0.498629
0.906634 0.977138 0.588934 0.360525 0.89914 0.453343 0.421546 0.511102 0.744047 1.06627 0.344962 0.370074 0.634594 0.759695 0.751197 0.317155 0.747129 0.298483 0.817109 0.309114 0.985234 0.435332 0.442434 0.620674 0.963393 1.01754 1.04766 0.839708 0.245463 0.643203 1.0014 0.440267 0.591159 1.15964 0.818062 0.400247 1.02821 0.249732 0.107578 0.389911 0.373434 1.06119 0.135239 0.40316 0.944404 0.281673 0.622589 0.373033 1.15198 0.618404 0.26663 0.54925 1.01471 0.342965 1.03124 0.820712 0.538924 0.283356 0.964881 1.05438 0.843474 0.607293 0.975171 0.939095 0.307235 0.13365 0.774993 0.938526 0.491829 0.200301 0.867397 0.973229 1.03358 0.867561 0.496657
0.742094 1.26085 0.416697 0.351759 0.959608 0.379194 0.605329 0.397606 0.809793 0.938679 0.254648 0.434635 0.502927 0.905045 0.807581 0.437557 0.743139 0.37567 0.670641 0.275596 1.18079 0.362387 0.359005 0.7138 0.911256 1.09325 0.89592 0.708076 0.126163 0.74505 0.940009 0.336274 0.35945 1.16248 0.770506 0.414648 0.945529 0.0838084 0.206602 0.608866 0.333712 0.897824 0.139044 0.38538 0.725744 0.145909 0.589216 0.367116 1.15448 0.778447 0.372496 0.458684 1.01809 0.223113 0.780505 0.749478 0.368763 0.322685 1.04627 0.915726 0.687472 0.560545 1.01011 0.955433 0.456058 0.0982317 0.846578 0.94943 0.619684 0.261051 1.06954 0.998598 1.07554 0.769419 0.520204
0.747966 1.09633 0.346635 0.23977 1.11517 0.325432 0.41166 0.391923 0.971838 0.912347 0.317979 0.423748 0.619632 0.917395 0.641966 0.39662 0.943842 0.362384 0.812354 0.314409 1.07085 0.492385 0.60283 0.805171 0.926601 1.22507 0.77851 0.716341 0.288549 0.665896 0.866532 0.508118 0.359733 1.06219 1.04179 0.473355 1.0202 0.157471 0.27309 0.4883 0.166395 0.950424 0.150002 0.378384 0.900395 0.213031 0.746611 0.341933 1.23483 0.77607 0.224841 0.654073 1.17009 0.137386 0.776893 0.767563 0.439311 0.338253 1.08146 1.13569 0.821198 0.59153 1.1296 0.816869 0.346466 0.0896899 0.819889 0.813836 0.657611 0.0805029 0.996026 1.10655 1.19374 1.00534 0.415834
0.835254 0.966372 0.417981 0.285807 0.931083 0.36293 0.587608 0.318062 0.973363 0.913438 0.237903 0.368768 0.635202 0.717755 0.76601 0.262608 0.935451 0.40953 0.782207 0.353392 1.07035 0.396035 0.537773 0.608013 0.799915 0.996956 0.903909 0.789489 0.269237 0.724866 0.953239 0.307733 0.378143 0.910178 1.05661 0.479788 0.976976 0.303631 0.155851 0.552895 0.362616 0.893049 0.258658 0.148772 0.741463 0.273015 0.643514 0.374196 1.08068 0.749973 0.313902 0.382089 0.967112 0.304102 0.808948 0.929054 0.530803 0.414962 0.975367 1.12415 0.908116 0.430295 0.918082 0.790489 0.330147 0.189322 0.916374 0.821826 0.524273 0.23885 0.81702 0.968049 0.940467 0.867005 0.492614
0.869646 1.18455 0.410944 0.290813 1.12185 0.395558 0.466258 0.326333 0.791722 0.834842 0.119075 0.354252 0.574694 0.673644 0.734803 0.330733 0.740003 0.215969 0.82892 0.244765 1.15631 0.434896 0.339619 0.707449 0.778343 1.13613 1.01781 0.655247 0.288103 0.616817 0.920905 0.304404 0.548826 0.925628 0.850381 0.383572 1.03074 0.160615 0.14272 0.373059 0.239516 0.856684 0.103311 0.26142 0.7431 0.324715 0.681467 0.29426 0.993797 0.605092 0.229891 0.549039 0.954268 0.377621 0.984224 0.691437 0.261533 0.230402 0.931867 1.03477 0.960476 0.341378 0.920064 0.816534 0.205366 0.353343 0.666653 0.790573 0.499775 0.238115 0.805679 1.00011 0.913078 0.832073 0.386781
1.00364 1.16038 0.492229 0.374989 0.863893 0.510192 0.514412 0.37085 0.969025 0.972089 0.371503 0.551947 0.562821 0.830064 0.85618 0.349587 0.993324 0.299009 0.674068 0.338095 1.09052 0.489592 0.577358 0.535898 0.749709 1.24158 0.865775 0.814437 0.288186 0.608404 1.03614 0.269169 0.37196 1.01766 0.841844 0.640222 1.00078 0.156855 0.309851 0.573053 0.285295 0.840312 0.113177 0.362017 0.776178 0.239021 0.588084 0.489243 1.24111 0.560269 0.391633 0.551281 1.16552 0.352547 1.01434 0.916591 0.498185 0.351045 1.04871 1.11551 0.68367 0.417863 1.11871 0.861504 0.398601 0.307208 0.661432 0.956397 0.551875 0.143955 1.07692 1.13336 1.01345 0.784148 0.371934
0.956709 0.975031 0.572749 0.329434 0.866268 0.381709 0.311822 0.313602 0.90128 0.939243 0.318491 0.514037 0.47576 0.661246 0.700049 0.411426 0.774429 0.208352 0.660862 0.280888 1.18396 0.277088 0.574099 0.530933 0.810931 1.12791 0.926229 0.860391 0.143143 0.723319 0.960902 0.32546 0.48068 1.12465 0.835391 0.512631 1.01273 0.174972 0.266365 0.387772 0.205658 1.10843 0.233992 0.366362 0.860973 0.230756 0.596852 0.496067 1.0656 0.816387 0.4164 0.415461 1.24446 0.321042 0.788893 0.782867 0.386894 0.401836 0.895643 0.873866 0.979445 0.430732 1.07487 0.918605 0.284972 0.102122 0.751033 0.769193 0.463577 0.192665 1.05337 0.926669 0.951876 0.791559 0.268446
