25 75
0.80142 0.816162 0.219579 0.326468 0.655936 0.906937 0.782722 0.46293 0.789233 0.454953 0.794882 0.159517 0.655397 1.16182 1.15903 0.442357 1.02162 0.934162 0.481996 0.482755 0.665707 0.666042 0.505433 0.590959 0.694209 0.300588 0.314563 1.22839 0.470003 1.21417 0.186219 0.618411 0.249175 0.824551 0.713917 0.360671 0.498552 0.588121 1.01687 0.855334 0.997025 0.462447 0.685013 0.737922 1.13039 0.774635 1.05009 0.59864 0.538355 0.680256 0.887963 0.662166 0.590463 0.167391 0.665003 0.314348 0.671628 0.454813 0.328969 0.397598 0.646364 0.299224 0.633504 0.530375 0.844773 0.726019 0.615446 0.534671 0.1419 0.546101 0.585351 0.283554 0.574065 0.563691 0.515705
0.803818 0.917969 0.169082 0.393501 0.538967 0.956139 0.939034 0.595459 0.632278 0.230769 0.594129 0.0923415 0.687491 1.23252 0.951897 0.452797 0.787649 0.72354 0.287414 0.399624 0.534228 0.69846 0.468317 0.595202 0.672046 0.510154 0.364039 1.22752 0.564916 1.21603 0.250498 0.38805 0.267132 0.897203 0.439711 0.303379 0.408977 0.544426 0.894543 0.828276 1.13902 0.301658 0.946124 0.923678 1.0316 0.876243 1.01777 0.476396 0.756101 0.747606 0.845896 0.466296 0.687532 0.337944 0.634407 0.271965 0.422319 0.486719 0.133251 0.328115 0.461769 0.400605 0.739147 0.53459 0.678509 0.630326 0.628426 0.559724 0.189216 0.509799 0.575202 0.436538 0.680948 0.807821 0.60872
0.965894 0.781538 0.0838862 0.251672 0.61052 0.913049 0.805062 0.644968 0.764756 0.447458 0.862265 0.103773 0.826621 1.2182 0.966866 0.466439 0.962041 0.964554 0.288846 0.416418 0.667864 0.404111 0.732813 0.619273 0.700915 0.514301 0.443683 1.18038 0.368571 1.14184 0.330172 0.46693 0.456059 0.788575 0.68398 0.479491 0.474783 0.328684 1.00157 0.720087 1.10764 0.450708 0.896542 0.77745 1.12822 0.908631 0.804586 0.630609 0.703103 0.87144 0.945496 0.465251 0.658118 0.278176 0.620565 0.355473 0.478089 0.383264 0.344203 0.19703 0.630717 0.468626 0.828438 0.364677 0.914596 0.493203 0.516725 0.513912 0.270179 0.475539 0.378145 0.200434 0.713283 0.617064 0.6619
0.869605 0.693852 0.0842862 0.308862 0.555659 0.744201 0.821351 0.714948 0.894455 0.25672 0.707321 0.291434 0.718072 1.05007 1.03605 0.49719 0.926904 0.933078 0.286885 0.439862 0.803112 0.404369 0.723791 0.475081 0.72084 0.443526 0.306968 1.11177 0.335357 0.966274 0.27603 0.655102 0.305641 0.834473 0.452731 0.485091 0.640457 0.390517 0.901763 0.576674 0.930535 0.223145 0.941992 0.883183 1.00651 0.797908 1.01421 0.688535 0.770291 0.710185 0.903752 0.615106 0.707471 0.30741 0.666509 0.28072 0.484595 0.368969 0.249976 0.138715 0.706975 0.412688 0.741048 0.4787 0.851647 0.525285 0.6139 0.34041 0.116308 0.441842 0.542196 0.382745 0.543339 0.725191 0.594327
0.80795 0.800157 0.0853704 0.224974 0.749543 0.893704 0.922868 0.599478 0.887015 0.458565 0.709825 0.0957771 0.754089 1.21773 0.937046 0.341866 0.933217 0.829678 0.553844 0.502586 0.571087 0.582708 0.591662 0.544 0.646599 0.444578 0.446534 1.08765 0.467648 1.09852 0.251942 0.461248 0.24459 0.72755 0.70286 0.450444 0.572063 0.590854 0.981249 0.6564 0.996806 0.220457 0.891294 0.805184 0.973603 0.968729 1.01787 0.508674 0.727316 0.873851 0.890824 0.612319 0.627746 0.32141 0.686625 0.338165 0.573917 0.402222 0.376984 0.243206 0.627797 0.414394 0.581265 0.601565 0.656865 0.55733 0.472842 0.450397 0.154649 0.550728 0.4528 0.284539 0.80329 0.65745 0.671015
0.773957 0.92096 0.211227 0.326619 0.586964 0.695536 0.850855 0.519898 0.711698 0.354497 0.792114 0.254117 0.598226 1.04678 1.17241 0.445091 0.9004 0.809153 0.328305 0.453434 0.55592 0.474058 0.594346 0.476082 0.536581 0.326449 0.369786 1.20325 0.456738 1.11236 0.222003 0.629347 0.489364 0.900442 0.702328 0.379893 0.586254 0.494183 1.00646 0.791139 1.10489 0.265035 0.682372 0.971285 1.08828 0.887901 0.953337 0.557365 0.795251 0.890554 0.972326 0.681435 0.597559 0.098656 0.562549 0.341021 0.557675 0.353061 0.134811 0.259802 0.692787 0.382862 0.576493 0.365296 0.842612 0.735385 0.517199 0.34924 0.00713536 0.643395 0.423322 0.402686 0.632674 0.613045 0.618273
0.895344 0.846231 0.168353 0.476124 0.691985 0.684862 0.796787 0.594829 0.896859 0.222188 0.62498 0.30268 0.722081 1.03139 0.968462 0.391581 1.02124 0.833876 0.382354 0.49384 0.643217 0.508655 0.639275 0.34702 0.758999 0.363999 0.289865 1.06837 0.396418 1.18143 0.40273 0.637009 0.511792 0.827321 0.624552 0.334746 0.570127 0.561184 0.89232 0.664511 1.08904 0.490851 0.75427 0.747747 1.02386 0.961672 1.06106 0.573491 0.604558 0.698572 0.818123 0.557263 0.640673 0.293328 0.522671 0.461275 0.448158 0.437151 0.337045 0.419122 0.564052 0.425272 0.593749 0.354134 0.916429 0.449943 0.485443 0.420663 0.0680823 0.578903 0.42591 0.311501 0.686834 0.641811 0.503294
0.946936 0.755797 0.307837 0.222623 0.616813 0.713811 0.728218 0.570297 0.642853 0.456448 0.708973 0.132905 0.738825 1.01334 1.12403 0.531984 1.03339 0.796354 0.481864 0.280713 0.756193 0.693397 0.618739 0.614258 0.768326 0.418752 0.477795 1.02854 0.36495 1.04532 0.264036 0.587795 0.34155 0.886889 0.44189 0.412949 0.663905 0.530594 0.755605 0.621422 1.03921 0.360108 0.690941 0.782478 1.14522 0.778304 1.04922 0.518054 0.646425 0.832709 0.934874 0.408034 0.543585 0.249687 0.599571 0.227332 0.430297 0.252536 0.129441 0.228185 0.578416 0.383249 0.671791 0.476756 0.847976 0.50901 0.534278 0.500096 0.131658 0.477526 0.596901 0.217305 0.628204 0.822037 0.508601
0.820633 0.722449 0.319939 0.405152 0.680335 0.833209 0.890288 0.705378 0.843972 0.396393 0.748513 0.366061 0.732671 1.08809 1.11314 0.359392 0.808037 0.78505 0.281129 0.220903 0.700844 0.445356 0.466345 0.579206 0.64919 0.493336 0.282434 1.06382 0.580065 0.976465 0.354664 0.585538 0.355544 0.743149 0.683198 0.438741 0.441072 0.41249 0.944778 0.587943 1.00978 0.372642 0.934723 0.862858 1.21447 0.971128 0.815855 0.495459 0.531181 0.861539 1.08719 0.544193 0.712335 0.184556 0.536465 0.289275 0.50883 0.263831 0.245352 0.36144 0.676226 0.323653 0.66981 0.388202 0.787216 0.703188 0.557792 0.447842 0.00966983 0.627056 0.47195 0.209375 0.796915 0.731412 0.617865
1.04382 0.931678 0.156405 0.368732 0.638888 0.86813 0.858621 0.514533 0.807148 0.201484 0.694293 0.178622 0.745918 1.12158 1.20462 0.399075 0.957708 0.694442 0.306425 0.315471 0.622601 0.600247 0.572254 0.410851 0.680069 0.40618 0.355836 1.13875 0.577997 1.17267 0.158223 0.442993 0.500827 0.775746 0.53716 0.441088 0.688808 0.434903 0.765469 0.60401 1.01947 0.383541 0.746142 0.955798 1.01299 0.983839 1.05538 0.668256 0.512407 0.791005 0.939842 0.473929 0.806026 0.290658 0.719617 0.227585 0.699933 0.281542 0.219855 0.292438 0.628462 0.31052 0.685246 0.498311 0.90621 0.719115 0.44112 0.502312 0.169452 0.532843 0.523367 0.167876 0.536971 0.797955 0.752761
0.821592 0.761415 0.31484 0.344945 0.679705 0.934856 0.927956 0.482049 0.701307 0.233321 0.727731 0.127275 0.622742 1.02267 1.09603 0.56143 0.904741 0.819798 0.546132 0.386981 0.689499 0.41651 0.586963 0.511139 0.682586 0.280486 0.385084 1.06486 0.536221 1.07379 0.252217 0.641024 0.486466 0.891749 0.655885 0.256055 0.431691 0.392617 1.0387 0.835848 0.880382 0.321641 0.920437 1.00079 1.0164 1.02612 0.931507 0.680965 0.747642 0.923652 1.0967 0.56824 0.646747 0.275789 0.586725 0.293137 0.432068 0.299511 0.299514 0.167522 0.509922 0.472353 0.571546 0.488278 0.856149 0.57063 0.681754 0.544359 0.0645975 0.470112 0.346123 0.234752 0.547234 0.683002 0.764
0.792136 0.892126 0.316791 0.502518 0.506303 0.807059 0.954254 0.545876 0.672621 0.386126 0.648017 0.374783 0.555622 1.04231 1.20903 0.542866 1.04621 0.798873 0.564653 0.311542 0.694603 0.619556 0.694804 0.611023 0.760411 0.462244 0.293239 1.18396 0.462716 1.09267 0.237166 0.55641 0.323275 0.858468 0.603713 0.242776 0.680116 0.400818 1.01164 0.576093 1.07327 0.252183 0.696441 0.778289 1.17665 0.832758 1.04582 0.668772 0.644841 0.773544 0.8484 0.583045 0.773926 0.33955 0.67283 0.299328 0.602677 0.4146 0.113752 0.391116 0.471334 0.3556 0.658807 0.384596 0.926243 0.691249 0.678671 0.60584 0.15702 0.46972 0.513329 0.206756 0.603414 0.592107 0.609795
1.00521 0.661523 0.282111 0.433149 0.744939 0.872481 0.767873 0.524742 0.72166 0.285296 0.829168 0.356801 0.803536 1.21601 1.11425 0.36053 1.03232 0.747353 0.283885 0.390172 0.780435 0.434088 0.483839 0.506749 0.544371 0.448115 0.485566 1.21694 0.457545 1.12762 0.259181 0.637589 0.395852 0.748215 0.572325 0.48783 0.583554 0.337325 0.89706 0.825359 1.05933 0.251357 0.705404 0.890399 1.18929 0.831307 0.92162 0.604648 0.593908 0.642634 0.883445 0.487173 0.728266 0.349514 0.463664 0.394294 0.485106 0.329471 0.281694 0.224821 0.58493 0.295145 0.564863 0.353251 0.717931 0.567792 0.459331 0.465342 0.276721 0.562819 0.394938 0.258703 0.688972 0.579471 0.526436
0.831471 0.922107 0.103404 0.272214 0.486328 0.934807 0.859281 0.466296 0.747219 0.330662 0.868274 0.176714 0.622761 1.16513 1.2069 0.389341 0.945587 0.970613 0.403432 0.225606 0.686004 0.60237 0.503868 0.605152 0.591378 0.515521 0.31133 1.04851 0.311727 1.1598 0.284148 0.49452 0.276839 0.806722 0.66672 0.261039 0.496146 0.325789 0.973859 0.85574 1.05594 0.36958 0.761334 0.795127 1.12445 0.945591 0.865017 0.590059 0.529275 0.784479 0.920541 0.408512 0.738127 0.101456 0.504445 0.388816 0.46737 0.191762 0.318449 0.135257 0.419265 0.39513 0.605641 0.351626 0.690233 0.450476 0.491911 0.371252 0.251082 0.622419 0.422549 0.146514 0.800202 0.835026 0.572749
0.800364 0.927603 0.204575 0.492046 0.711877 0.760618 0.848262 0.430798 0.617603 0.34534 0.822484 0.130952 0.576054 1.0256 1.07743 0.563383 0.966192 0.976641 0.420906 0.254207 0.629235 0.571067 0.612765 0.451007 0.769432 0.302005 0.362783 1.10033 0.393372 1.0227 0.184512 0.569506 0.397913 0.886245 0.562116 0.334618 0.649096 0.591662 0.974331 0.644356 0.853762 0.215812 0.738171 0.976585 0.979069 0.922993 0.858842 0.735879 0.575287 0.819108 0.898181 0.527559 0.762787 0.108737 0.516243 0.428236 0.572283 0.306028 0.271086 0.297732 0.535685 0.217045 0.627249 0.5436 0.796023 0.465755 0.516097 0.547994 0.305109 0.487456 0.606147 0.373366 0.768933 0.5733 0.512299
0.932881 0.647799 0.144732 0.244699 0.621541 0.722859 0.872373 0.624143 0.726773 0.46395 0.860588 0.309386 0.682147 1.0173 1.09618 0.354978 0.791258 0.934176 0.377998 0.280493 0.720961 0.548211 0.681491 0.410889 0.568842 0.240387 0.360123 1.0126 0.305502 0.99655 0.198021 0.5924 0.302805 0.802852 0.532283 0.261375 0.42242 0.37015 0.811973 0.725617 1.02595 0.295748 0.909585 0.79735 1.10019 0.997195 0.923791 0.61507 0.557105 0.744996 0.895931 0.688434 0.702468 0.118546 0.538393 0.251562 0.416622 0.445859 0.173587 0.319944 0.471842 0.29065 0.789603 0.425193 0.814295 0.456355 0.53496 0.600204 0.131156 0.477234 0.618571 0.264199 0.640794 0.63512 0.683063
0.801693 0.684981 0.0405469 0.246802 0.772355 0.928458 0.768173 0.653468 0.629667 0.309125 0.725244 0.0900448 0.692187 1.02738 0.964494 0.400609 1.04656 0.737302 0.297122 0.504806 0.791371 0.620596 0.629274 0.534307 0.613575 0.23877 0.28608 1.23518 0.319171 0.939638 0.380984 0.660036 0.328216 0.980353 0.635177 0.374207 0.640736 0.439998 0.942426 0.810087 1.05514 0.275637 0.733555 0.746506 1.06746 1.04787 0.871711 0.547625 0.572161 0.644458 0.954744 0.652848 0.752535 0.0953473 0.701765 0.312464 0.672697 0.491334 0.244373 0.342088 0.660714 0.460116 0.751799 0.620041 0.809495 0.461485 0.484657 0.335685 0.0151079 0.438674 0.550226 0.408874 0.535983 0.823763 0.576816
0.929953 0.850191 0.190924 0.253938 0.529107 0.965014 0.735648 0.582992 0.860909 0.352987 0.875246 0.203998 0.656553 1.01891 1.11568 0.543433 1.00724 0.827221 0.475701 0.314479 0.679091 0.444057 0.534624 0.345195 0.653735 0.444221 0.325502 1.14789 0.545759 1.12042 0.1583 0.431885 0.251539 0.749829 0.533826 0.42321 0.532699 0.449438 0.879121 0.587213 1.01403 0.309225 0.804292 0.945258 1.0658 0.987767 1.07167 0.544389 0.527176 0.901617 0.91859 0.446944 0.723756 0.273259 0.461611 0.236751 0.5557 0.230421 0.112885 0.288646 0.469621 0.354647 0.750846 0.483698 0.754354 0.738457 0.583294 0.43951 0.171333 0.507887 0.507454 0.395764 0.614345 0.640084 0.503084
0.993869 0.901414 0.183087 0.396681 0.732497 0.743413 0.789581 0.49313 0.71253 0.231756 0.799081 0.0901041 0.765395 1.12679 0.987865 0.296051 0.943784 0.792719 0.292765 0.448979 0.645732 0.669364 0.512674 0.558171 0.630743 0.22993 0.363219 0.994179 0.359774 1.10792 0.346781 0.630895 0.399368 0.77162 0.664459 0.451009 0.493901 0.557712 0.914317 0.765986 1.10979 0.223385 0.824801 0.723708 1.02775 1.05277 0.938795 0.648484 0.583964 0.665359 0.964962 0.424351 0.655058 0.192868 0.570077 0.244536 0.407813 0.253608 0.320587 0.363236 0.566607 0.415083 0.803862 0.345049 0.763999 0.673487 0.506399 0.585699 0.0974151 0.577133 0.422132 0.380147 0.702895 0.713947 0.764371
0.807227 0.876854 0.120775 0.364388 0.72047 0.831716 0.75801 0.485142 0.729201 0.424834 0.78901 0.188509 0.66687 1.26856 1.04194 0.528436 0.969688 0.896324 0.339336 0.451581 0.727801 0.649296 0.710223 0.510494 0.67608 0.452574 0.24591 1.03377 0.298563 1.01624 0.269931 0.390373 0.24709 0.975419 0.539759 0.341578 0.639141 0.482409 0.907113 0.707168 1.04974 0.217984 0.807205 0.932552 1.06894 0.939178 1.02549 0.643741 0.584892 0.74643 1.09709 0.668198 0.629253 0.110154 0.515974 0.23761 0.517773 0.372634 0.3976 0.173903 0.507446 0.314103 0.617489 0.348879 0.90484 0.534336 0.602588 0.458763 0.158202 0.66886 0.364716 0.198293 0.544583 0.728764 0.700236
0.853762 0.85854 0.241033 0.321735 0.536304 0.803173 0.762257 0.708761 0.770561 0.261911 0.809103 0.149482 0.754085 0.980093 1.1955 0.393673 0.903483 0.785138 0.382995 0.220583 0.652452 0.430119 0.636639 0.495371 0.606052 0.494741 0.482121 1.11218 0.363015 0.985405 0.209258 0.64349 0.358091 0.802517 0.6251 0.505715 0.595638 0.454679 0.790233 0.747058 1.0835 0.413075 0.76214 0.762979 1.02215 0.964855 0.960691 0.578361 0.795686 0.933716 1.09955 0.518217 0.610263 0.374366 0.611944 0.307672 0.518996 0.370682 0.295793 0.290464 0.64304 0.432986 0.693062 0.498988 0.862899 0.565932 0.472823 0.477871 0.113319 0.491498 0.527927 0.184933 0.782262 0.815773 0.546873
0.845438 0.876941 0.272591 0.223435 0.58872 0.705898 0.805429 0.599563 0.692815 0.209098 0.757014 0.296588 0.570072 0.993365 1.11105 0.378384 0.797637 0.847828 0.399903 0.301252 0.714597 0.617364 0.486063 0.555474 0.53026 0.308222 0.251041 1.18306 0.494641 1.14062 0.335464 0.508146 0.385238 0.952549 0.443039 0.321053 0.604294 0.600808 0.778942 0.593305 1.05262 0.309934 0.805766 0.949636 0.981876 0.7717 0.81005 0.512838 0.664456 0.656141 1.01534 0.606613 0.529334 0.265105 0.599094 0.359204 0.615781 0.213536 0.222298 0.311581 0.450467 0.319076 0.653757 0.384341 0.757348 0.590615 0.683863 0.402375 0.128258 0.565419 0.558826 0.247108 0.717108 0.757902 0.684887
1.0226 0.733753 0.184041 0.270759 0.51292 0.888705 0.72072 0.588774 0.780965 0.407121 0.880361 0.23303 0.55475 1.21053 0.979028 0.295364 0.853491 0.944859 0.362985 0.379305 0.723473 0.636497 0.526599 0.514318 0.731543 0.401889 0.429463 1.03279 0.496493 1.15413 0.349928 0.521115 0.272334 0.871416 0.492745 0.356116 0.432071 0.453007 0.959903 0.869263 1.08843 0.259242 0.821111 0.943061 1.00415 1.00284 1.05247 0.47402 0.697279 0.777083 0.936221 0.623241 0.597189 0.292122 0.436414 0.322869 0.562872 0.250301 0.325615 0.343496 0.472641 0.421463 0.855828 0.516935 0.748818 0.626326 0.480428 0.585247 0.0448592 0.421573 0.396338 0.19195 0.547225 0.680399 0.700589
1.06876 0.697899 0.224089 0.477777 0.673588 0.758807 0.798052 0.450176 0.823823 0.226741 0.883991 0.112503 0.670423 1.25968 1.11866 0.335402 1.0498 0.722057 0.495396 0.364748 0.557393 0.478558 0.445467 0.505744 0.735693 0.316889 0.272553 1.03854 0.33668 1.06119 0.35883 0.619845 0.343935 0.975036 0.671574 0.325787 0.599497 0.58426 0.771495 0.581916 1.13997 0.225906 0.864712 0.779006 0.990371 0.920065 0.858085 0.626149 0.518965 0.874602 0.842266 0.464123 0.775407 0.317324 0.625574 0.396472 0.552527 0.424602 0.296894 0.285689 0.507662 0.269437 0.586226 0.488544 0.781042 0.525833 0.474947 0.447159 0.114555 0.407999 0.355655 0.42079 0.594461 0.740961 0.615404
0.786728 0.718209 0.143955 0.472162 0.576907 0.839928 0.879194 0.695552 0.87468 0.321067 0.592871 0.181324 0.787656 0.979342 0.961075 0.389462 1.00723 0.835967 0.414631 0.273714 0.743097 0.400106 0.712578 0.409585 0.584975 0.456462 0.451263 1.24539 0.481484 0.997307 0.207331 0.554021 0.321817 0.761394 0.691072 0.250566 0.702085 0.3617 0.791363 0.85003 1.01363 0.243577 0.901376 0.740312 1.00756 0.989243 1.06938 0.705651 0.585257 0.829985 1.02698 0.45807 0.805323 0.170995 0.68442 0.318861 0.431607 0.352453 0.214699 0.35398 0.494836 0.360772 0.828348 0.447203 0.818361 0.596225 0.438486 0.411787 0.068163 0.452401 0.606813 0.224053 0.714803 0.741104 0.651585
