25 75
0.629324 0.815787 0.822216 0.511266 0.774941 0.923045 0.0538977 0.880948 0.356303 0.54652 0.728796 1.10167 0.235064 0.105644 0.93491 0.880601 0.241384 1.02264 0.519394 0.900778 0.631414 1.04705 0.391905 0.959143 1.01973 0.374633 0.269937 0.23645 0.707987 0.0995677 0.790187 0.514827 1.02477 1.00926 0.502387 0.196531 0.961513 0.879867 0.296648 1.03972 0.518338 0.449937 0.717979 0.14496 0.369984 0.567168 0.392151 0.154956 0.75302 0.534941 0.285654 0.907121 1.00022 0.727102 0.978597 0.307512 0.349177 0.873106 0.578639 1.1191 0.492677 0.27264 0.329638 0.98859 0.418565 1.10043 0.506135 0.804923 0.61577 0.0842176 0.547055 1.05926 0.8242 0.714582 0.466742
0.667219 0.747706 0.89307 0.387362 0.728689 0.835123 0.19093 1.10782 0.431953 0.704364 0.602435 1.09458 0.278001 0.226659 0.957558 0.762149 0.310474 1.05622 0.411628 0.814085 0.704464 1.1145 0.251961 1.20165 0.998175 0.529858 0.139247 0.23853 0.651868 0.168053 0.728318 0.537819 0.906573 0.851867 0.468503 0.310717 0.775585 0.981329 0.363058 0.86286 0.391001 0.45375 0.904995 0.151827 0.38355 0.399174 0.403437 0.261644 0.655301 0.525786 0.196706 0.861051 1.0688 0.798922 0.973039 0.312714 0.451117 1.04012 0.836168 1.07291 0.589115 0.220662 0.428624 1.04929 0.523931 0.836717 0.592726 0.557987 0.671821 0.24031 0.686122 0.879938 0.783208 0.824037 0.424999
0.579991 0.8177 0.918699 0.382402 0.527084 0.935616 0.307964 1.10309 0.425752 0.586158 0.735419 1.0125 0.204097 0.219615 1.13436 0.700014 0.309996 0.90336 0.560119 0.715621 0.62018 1.17017 0.37594 1.17439 1.04635 0.443283 0.27129 0.349353 0.549669 0.122768 0.565464 0.518602 1.07165 0.848322 0.409378 0.264971 0.982666 0.850755 0.366555 0.891049 0.65387 0.505487 0.71093 0.1196 0.580898 0.407342 0.503783 0.251439 0.78211 0.536324 0.420946 0.916451 0.943087 0.619681 1.03769 0.385912 0.342412 1.02628 0.68619 0.878801 0.676722 0.308771 0.333034 0.849676 0.509287 0.851487 0.406572 0.528656 0.543424 0.186588 0.796357 0.887725 0.987932 0.789259 0.429106
0.788588 0.898473 0.902879 0.552636 0.736796 0.68795 0.0716503 0.843242 0.531704 0.652447 0.509254 1.16484 0.305683 0.0351164 0.890409 0.900419 0.250148 0.970992 0.335109 0.8712 0.63888 1.14307 0.397189 1.24836 1.09989 0.269725 0.279492 0.241472 0.721046 0.0801169 0.565551 0.481909 0.874506 1.0626 0.362209 0.366331 0.766787 0.874979 0.397746 1.05172 0.513102 0.300023 0.799281 0.133449 0.403913 0.312927 0.485879 0.336891 0.559187 0.655096 0.225615 0.833603 0.869733 0.729238 1.11993 0.486478 0.334891 1.00548 0.555177 1.12779 0.710175 0.153163 0.332726 1.00607 0.345798 0.843711 0.398056 0.527363 0.613897 0.104473 0.608884 1.06986 0.994305 0.924036 0.595783
0.68326 0.648903 0.795642 0.377264 0.580727 0.909352 0.101749 1.02376 0.426147 0.649345 0.712792 1.11385 0.39675 0.0209289 1.0009 0.688332 0.453621 0.783507 0.418464 0.981238 0.577694 1.19538 0.312892 1.14132 1.19606 0.510904 0.143445 0.228601 0.720578 0.0996537 0.525906 0.450471 0.975877 0.921657 0.229581 0.238986 0.767411 0.956695 0.344366 0.990928 0.432999 0.437899 0.854984 0.315999 0.586628 0.609405 0.357587 0.244864 0.620177 0.572371 0.4043 0.874784 1.00505 0.81337 1.08484 0.436468 0.316568 0.987115 0.683084 0.874499 0.602164 0.333611 0.245023 0.969535 0.585503 0.885656 0.596682 0.5879 0.665155 0.189797 0.837977 0.948356 0.994715 0.706126 0.389298
0.550698 0.73349 0.920817 0.462592 0.498741 0.841683 0.144621 1.09619 0.455874 0.683554 0.759831 1.05922 0.262269 0.304984 0.951925 0.834772 0.209559 1.02165 0.462426 0.941981 0.490418 0.993412 0.371666 1.17261 0.931055 0.416241 0.163038 0.411811 0.550973 0.286127 0.764233 0.509297 1.09498 0.884137 0.332211 0.160928 0.772638 1.05568 0.369731 1.08603 0.496539 0.433666 0.871595 0.178461 0.449777 0.363055 0.431897 0.449028 0.787541 0.544288 0.327179 0.903634 0.844697 0.818757 1.06194 0.355304 0.284948 0.846519 0.67576 0.986851 0.562735 0.118792 0.351808 1.05599 0.331547 0.941726 0.633956 0.669844 0.648818 0.127596 0.62345 0.882876 0.954194 0.737813 0.627009
0.770239 0.724315 0.718313 0.429479 0.689596 0.790303 0.0558431 0.928284 0.324416 0.490777 0.509091 1.18547 0.394293 0.187583 1.0952 0.930061 0.295656 0.975152 0.487703 0.945341 0.522735 1.15304 0.275813 0.964071 1.00249 0.49033 0.345392 0.322354 0.704277 0.346472 0.685193 0.409268 1.12248 1.0996 0.442031 0.441152 0.755647 0.875662 0.217529 1.04483 0.62071 0.272433 0.933859 0.148622 0.442577 0.424725 0.369361 0.268027 0.699759 0.715479 0.331707 0.821383 0.849973 0.706176 1.00075 0.441198 0.283734 0.830084 0.764454 1.12728 0.65171 0.150609 0.178658 0.825187 0.534992 1.07394 0.467174 0.775622 0.588202 0.0693651 0.621403 0.902982 0.953764 0.79491 0.51368
0.759032 0.896538 0.789563 0.575716 0.661798 0.868996 0.280867 0.947852 0.382336 0.521244 0.662118 0.973669 0.314698 0.183436 1.05735 0.857366 0.373435 0.894395 0.440332 0.946913 0.658036 1.10388 0.168074 1.18746 1.03133 0.502956 0.355211 0.327888 0.644602 0.213914 0.768869 0.442211 1.13722 0.8854 0.315759 0.388676 0.786493 0.817068 0.447733 0.837585 0.499719 0.255047 0.914202 0.0992192 0.303539 0.330221 0.480895 0.222412 0.739132 0.462093 0.37847 0.84344 0.952862 0.67113 0.895223 0.229214 0.45505 1.00088 0.726923 0.863662 0.70277 0.225828 0.320831 0.838111 0.353619 0.903672 0.416316 0.513491 0.549645 0.331923 0.5645 0.915606 1.04077 0.817033 0.617023
0.626573 0.674431 0.688282 0.348017 0.563195 0.720239 0.0785659 1.08653 0.452652 0.5751 0.601312 1.03317 0.315795 0.0830215 0.849093 0.799456 0.28258 0.899361 0.509557 0.694605 0.51021 1.19284 0.316124 0.969596 1.19387 0.322164 0.247489 0.31001 0.592704 0.0938311 0.564857 0.441302 1.13022 0.838564 0.394745 0.295046 0.738376 0.892281 0.405275 0.853548 0.606668 0.460311 0.922522 0.24697 0.342464 0.45197 0.547785 0.2144 0.569493 0.661924 0.366305 0.642704 1.05688 0.849673 1.02563 0.276387 0.372181 0.791928 0.623186 0.888222 0.489855 0.373941 0.134207 0.906275 0.489279 1.00998 0.621063 0.682156 0.741302 0.190324 0.5485 1.1415 0.835311 0.786708 0.576703
0.802511 0.726358 0.723426 0.525221 0.665756 0.885957 0.26833 0.94824 0.335668 0.658171 0.596541 1.23604 0.294003 0.241709 1.05521 0.921574 0.349304 0.971399 0.300722 0.73566 0.56051 0.98575 0.175813 1.08201 1.16961 0.472972 0.218058 0.277758 0.745809 0.167646 0.513339 0.428164 1.15379 0.832713 0.49046 0.184958 0.826301 1.05197 0.316838 0.901407 0.397483 0.295263 0.801803 0.322511 0.356142 0.527981 0.398444 0.232327 0.624324 0.568341 0.393989 0.926103 1.03456 0.713828 0.966679 0.250949 0.215957 0.86513 0.756488 1.03567 0.569294 0.169945 0.267047 0.977063 0.386377 1.04582 0.419228 0.715636 0.801737 0.115059 0.640475 1.06453 1.06418 0.72647 0.631256
0.774495 0.861436 0.731275 0.507281 0.727788 0.853559 0.251162 0.9913 0.419455 0.671005 0.59665 1.20933 0.475469 0.142594 0.869624 0.701309 0.299808 0.954953 0.445911 0.728331 0.496721 1.13533 0.34955 1.22173 0.947617 0.388544 0.167696 0.241324 0.694388 0.308558 0.65831 0.416358 0.976276 1.01004 0.405616 0.211842 0.801866 0.915855 0.177588 0.906087 0.556719 0.458266 0.810123 0.112195 0.440016 0.409025 0.401385 0.254569 0.566155 0.53038 0.297302 0.825593 0.829953 0.836294 0.873785 0.483346 0.39773 0.795962 0.562732 1.1601 0.447533 0.366468 0.293268 0.796697 0.314985 0.99671 0.527169 0.633595 0.651666 0.130369 0.589552 0.902904 0.981251 0.927879 0.456272
0.592266 0.901573 0.7596 0.376156 0.48734 0.898831 0.220124 0.936826 0.370207 0.592411 0.545225 1.20971 0.486132 0.156049 1.05569 0.755671 0.209639 1.04129 0.42735 0.771293 0.628389 1.23109 0.277364 1.12355 1.0963 0.402331 0.332547 0.475505 0.591854 0.230818 0.69265 0.554964 1.00882 0.80689 0.418357 0.4304 0.962194 1.00166 0.334881 1.051 0.53581 0.508567 0.964718 0.105806 0.396163 0.525221 0.602971 0.411044 0.829838 0.64404 0.316673 0.746298 0.935614 0.772787 0.938503 0.210497 0.23102 0.916318 0.749513 1.15234 0.735914 0.251985 0.305724 0.983778 0.341141 0.935723 0.645292 0.565432 0.70821 0.165291 0.647281 1.06596 0.967354 0.796309 0.583806
0.755011 0.757279 0.751532 0.554226 0.570136 0.824994 0.148932 1.09712 0.429103 0.4594 0.770184 1.09203 0.403377 0.135341 0.969867 0.860336 0.374179 0.881418 0.549572 0.751094 0.663312 1.01218 0.268376 1.044 1.02612 0.313255 0.219065 0.473713 0.53719 0.31263 0.62577 0.498345 0.907887 1.10011 0.419036 0.407024 0.995434 0.902343 0.317141 1.11617 0.656281 0.483093 0.951331 0.149463 0.305279 0.459392 0.609157 0.278574 0.678278 0.514594 0.268237 0.928423 1.04451 0.763033 1.03816 0.286442 0.485189 0.962666 0.837754 0.89923 0.553502 0.240172 0.223043 0.876836 0.420321 1.11076 0.428882 0.63761 0.816318 0.287638 0.685338 0.950234 0.909248 0.682685 0.543205
0.705394 0.89436 0.792623 0.563692 0.606483 0.66161 0.224628 0.830646 0.534855 0.637893 0.651801 1.10703 0.384407 0.0717734 0.849018 0.748206 0.228605 0.908862 0.45568 0.866371 0.648546 1.20372 0.436219 1.02003 1.11637 0.521853 0.255028 0.328598 0.610795 0.192972 0.702207 0.4355 0.953442 0.85084 0.509342 0.24048 0.925375 0.878629 0.409401 1.01399 0.558654 0.519676 0.955942 0.145071 0.397666 0.313084 0.588202 0.371072 0.766549 0.688774 0.386824 0.694297 0.841131 0.664029 1.10381 0.291305 0.478016 0.943859 0.813766 0.962653 0.486661 0.148552 0.370003 0.897185 0.452274 0.892905 0.54333 0.565567 0.815853 0.124939 0.649901 1.07759 0.869528 0.881926 0.511819
0.537436 0.729529 0.721555 0.342317 0.771189 0.784135 0.139495 0.975186 0.542878 0.500164 0.71424 1.11334 0.32514 0.117126 1.11967 0.676426 0.231894 0.805489 0.449206 0.858593 0.52272 1.19037 0.220147 0.974172 1.17406 0.33788 0.369805 0.503983 0.547764 0.169801 0.641573 0.474345 1.10042 0.81205 0.325953 0.202737 0.963337 0.820024 0.236004 1.09494 0.491299 0.533045 0.792558 0.287281 0.538805 0.384002 0.572751 0.365021 0.765609 0.683081 0.215473 0.902714 1.06248 0.808547 0.886436 0.335245 0.215412 0.998889 0.759459 0.962997 0.707471 0.182968 0.403054 0.938418 0.51652 1.06697 0.380088 0.69811 0.78299 0.345235 0.567502 1.03992 0.935533 0.668918 0.490239
0.713544 0.80774 0.964339 0.422347 0.661975 0.736555 0.120335 1.04058 0.514817 0.493353 0.5538 0.991977 0.462848 0.226693 1.04304 0.917334 0.384435 0.886504 0.526048 0.972687 0.510036 1.13482 0.295862 1.22866 1.00867 0.300052 0.252296 0.303685 0.475606 0.172105 0.574703 0.508162 1.09302 0.943175 0.339749 0.300858 0.750854 1.00455 0.187155 0.934635 0.610297 0.540243 0.978086 0.0669156 0.517771 0.33562 0.35836 0.208376 0.659047 0.693449 0.213639 0.82211 0.939767 0.887453 1.12102 0.497798 0.287985 0.79282 0.597453 1.12417 0.578707 0.316824 0.375595 1.0349 0.597866 1.04539 0.500046 0.678674 0.73654 0.152657 0.789357 0.918578 0.841259 0.733048 0.451879
0.61068 0.942925 0.756869 0.530487 0.53524 0.809236 0.0722598 0.988154 0.387817 0.484756 0.661522 1.21029 0.449159 0.10169 0.939574 0.692059 0.417121 0.943574 0.41321 0.793732 0.716893 0.962773 0.174247 1.02225 1.07656 0.432957 0.326834 0.249635 0.470137 0.12218 0.593822 0.446777 0.903313 1.09878 0.300678 0.446547 0.97831 1.01486 0.274111 0.983867 0.391915 0.488636 0.879223 0.260593 0.347843 0.591544 0.571429 0.346581 0.855912 0.619539 0.228733 0.668764 0.988572 0.872733 0.98495 0.307401 0.39961 0.875954 0.838319 0.887994 0.616563 0.343667 0.348362 0.897584 0.405757 1.10004 0.545775 0.750192 0.528966 0.295914 0.770482 0.930195 0.960342 0.832249 0.565294
0.738271 0.726903 0.685642 0.573924 0.607739 0.733828 0.233855 1.05272 0.551129 0.622689 0.71882 1.1428 0.469247 0.267466 0.897106 0.953085 0.320779 0.913471 0.545385 0.902966 0.665514 1.14553 0.355134 0.958383 1.06711 0.446171 0.309462 0.228536 0.588225 0.0805651 0.694579 0.53136 0.906265 0.833164 0.4059 0.380027 0.811035 0.992396 0.21125 1.05072 0.634316 0.43979 0.743916 0.283428 0.501555 0.533882 0.45852 0.44874 0.578236 0.715726 0.375867 0.915687 0.820897 0.724698 1.04534 0.365746 0.335833 0.983896 0.573909 1.15069 0.640938 0.289446 0.252505 0.890146 0.476593 1.02175 0.396991 0.698228 0.706254 0.311482 0.605563 1.04369 0.850057 0.876412 0.545802
0.719875 0.792901 0.836831 0.611495 0.744624 0.932334 0.282475 0.836329 0.35466 0.466852 0.530585 1.19473 0.260834 0.194658 1.13381 0.87949 0.312888 1.00832 0.575852 0.96737 0.545454 0.955401 0.263255 0.976533 1.13929 0.450832 0.344909 0.418795 0.609696 0.213679 0.593222 0.431499 0.907904 0.953562 0.361329 0.451446 0.847119 0.884923 0.156529 0.953169 0.566723 0.540963 0.699407 0.228123 0.480994 0.461768 0.612585 0.345415 0.70701 0.653032 0.203464 0.741606 0.94392 0.629379 1.14197 0.30691 0.261941 1.00962 0.580467 1.02888 0.437696 0.323837 0.149519 1.03049 0.574405 0.967478 0.528773 0.708547 0.623506 0.205021 0.674018 1.10543 0.85615 0.910311 0.457929
0.694478 0.893928 0.835292 0.338815 0.501789 0.884845 0.149202 0.917388 0.474984 0.47957 0.593196 1.05302 0.422697 0.127034 0.973414 0.676623 0.359823 0.981018 0.392652 0.787271 0.469087 1.14342 0.218787 1.03636 0.932459 0.375842 0.253239 0.335151 0.708378 0.149635 0.584437 0.420262 1.10996 1.04476 0.405329 0.166885 0.980932 0.842266 0.26033 1.03665 0.624458 0.35335 0.982452 0.15892 0.383651 0.443061 0.454185 0.169011 0.616014 0.698672 0.371884 0.780554 0.783424 0.857021 0.910284 0.39603 0.216925 0.953931 0.602036 0.923034 0.548526 0.153405 0.371128 0.875259 0.547613 1.06765 0.488978 0.653422 0.533605 0.198918 0.758913 1.06777 0.862922 0.681197 0.531194
0.645687 0.873297 0.684157 0.482177 0.773442 0.843494 0.100633 0.936421 0.453849 0.71191 0.721354 1.03523 0.269533 0.270262 0.889487 0.837266 0.360373 0.93448 0.453526 0.795449 0.597571 1.11394 0.32049 1.17697 1.22425 0.432927 0.169038 0.463144 0.451628 0.324132 0.769887 0.515818 1.08383 0.948527 0.452736 0.452747 0.807455 1.00261 0.417523 1.01673 0.489736 0.247494 0.877179 0.339087 0.440278 0.450707 0.562355 0.322359 0.688243 0.666142 0.323243 0.703516 1.04669 0.63643 1.13122 0.35144 0.270421 1.04902 0.765153 0.917501 0.447171 0.296918 0.177326 0.982714 0.53061 1.10348 0.599432 0.553981 0.692441 0.15819 0.594266 0.993237 0.843803 0.733828 0.43768
0.612836 0.743048 0.683572 0.336671 0.563236 0.71372 0.10935 0.829959 0.335587 0.495443 0.647041 1.22991 0.329398 0.29494 0.943772 0.779769 0.278509 0.932108 0.441578 0.917837 0.477218 1.20523 0.271322 1.07799 1.04788 0.541052 0.199098 0.504365 0.497808 0.201097 0.749128 0.546735 0.902768 0.817544 0.38042 0.385367 0.775933 0.862892 0.377691 0.948825 0.411683 0.343597 0.711668 0.173748 0.344581 0.530999 0.499869 0.180675 0.836527 0.66928 0.32828 0.734681 0.898644 0.894336 0.907471 0.312616 0.248581 0.798485 0.582886 0.978727 0.524242 0.236116 0.190297 0.876226 0.573364 0.84323 0.545204 0.708785 0.582247 0.0989172 0.623398 1.07112 0.854655 0.758802 0.42913
0.784476 0.889357 0.778098 0.534122 0.729518 0.833103 0.120942 1.03789 0.45046 0.616917 0.702003 1.17776 0.28011 0.304411 0.995455 0.778342 0.425527 1.04211 0.574556 0.749807 0.723417 1.12789 0.370759 1.0824 1.15463 0.287687 0.432475 0.338134 0.67196 0.192462 0.660124 0.532545 1.16302 0.836263 0.424531 0.432589 0.96149 0.880183 0.404657 0.985114 0.616863 0.492825 0.98424 0.312695 0.578838 0.488988 0.408224 0.370474 0.677217 0.666949 0.195252 0.908822 0.852326 0.661828 1.1293 0.279647 0.468976 0.923533 0.612067 0.866602 0.675831 0.399218 0.154265 0.975672 0.525147 1.0335 0.660981 0.767651 0.793614 0.246369 0.669712 1.01125 0.973574 0.956925 0.395709
0.59677 0.869146 0.813377 0.457391 0.524911 0.689948 0.105037 0.851977 0.471636 0.587724 0.633489 1.12142 0.354183 0.11812 0.843471 0.882912 0.454034 0.830144 0.36432 0.965774 0.673559 0.935184 0.411518 1.01447 1.19869 0.390089 0.421152 0.417501 0.717417 0.367306 0.60474 0.451213 0.954073 0.945495 0.219212 0.427895 0.825207 0.958 0.297011 0.892839 0.455595 0.492902 0.973575 0.077363 0.554324 0.421862 0.545682 0.379053 0.595042 0.506457 0.414466 0.740566 0.812484 0.839595 0.88658 0.485918 0.236332 0.92491 0.832041 0.975343 0.52836 0.296435 0.283251 0.795667 0.547681 0.985448 0.417842 0.630648 0.811657 0.280031 0.557349 1.16823 0.857263 0.676729 0.438899
0.547045 0.841458 0.748839 0.548318 0.773448 0.687875 0.0423759 0.997829 0.599048 0.656782 0.537469 1.23151 0.321554 0.128793 1.01155 0.770434 0.23798 0.932037 0.386551 0.893235 0.708081 1.08148 0.356234 0.975263 1.07432 0.285956 0.216524 0.320516 0.692347 0.295529 0.607668 0.603886 0.949665 0.954764 0.408609 0.291905 0.75396 0.956439 0.342188 0.927075 0.605902 0.520651 0.962305 0.102989 0.405343 0.38082 0.616727 0.182978 0.576823 0.648232 0.249681 0.735319 0.913884 0.657676 1.09296 0.402183 0.34639 0.993042 0.707704 0.943891 0.585272 0.159602 0.192904 0.933046 0.599163 1.03144 0.526422 0.518078 0.678072 0.0806448 0.767657 1.16439 0.791872 0.815604 0.614946
