25 75
0.8743 0.934831 0.997143 0.0978652 0.366322 0.776467 0.735197 1.09018 0.346406 0.291139 0.427484 0.332684 0.472062 1.08474 0.555719 0.923151 0.763868 0.743691 0.8027 1.00189 0.110911 0.338053 0.518962 0.120036 0.716531 0.65945 0.656806 0.636204 0.832323 0.587438 0.351857 0.926405 0.75419 0.385193 0.838376 0.871074 1.09945 0.444782 0.677573 0.406738 1.22994 0.258502 0.734489 0.972722 0.874208 0.182667 0.537177 1.08938 0.249968 1.02227 1.00831 1.01372 0.444865 0.630225 0.971003 0.483607 0.0736267 1.17901 0.289751 0.307412 0.83103 1.01477 0.906872 0.375507 0.545658 0.488195 0.218363 0.608448 0.228367 0.927726 0.887906 0.146825 0.653684 0.40331 0.151862
0.936417 0.968921 0.922843 0.259156 0.357272 0.822003 0.522196 1.13084 0.429148 0.284955 0.343387 0.52029 0.515887 1.03063 0.569749 0.850217 0.596338 0.497795 1.01264 1.10996 0.263767 0.255686 0.326769 0.16426 0.485449 0.790651 0.714865 0.491594 0.807345 0.857378 0.261527 1.10609 0.790202 0.366189 0.779758 0.79934 0.982148 0.308262 0.768596 0.308266 1.08686 0.20805 0.767051 0.983354 0.666727 0.389613 0.413921 0.860257 0.354504 1.19375 0.922814 0.911257 0.377194 0.50838 0.705474 0.429142 0.295055 0.975322 0.231188 0.0930659 0.73616 1.00729 0.803191 0.480703 0.439483 0.385903 0.140455 0.587483 0.470562 1.03155 0.616784 0.32811 0.613678 0.439686 0.293864
0.976691 1.04859 0.959342 0.225049 0.145675 0.947395 0.616284 0.972169 0.471977 0.34011 0.264357 0.474707 0.479045 1.03351 0.547591 0.893736 0.70488 0.503626 0.892003 0.964001 0.259669 0.392026 0.546124 0.30877 0.692417 0.773851 0.84532 0.626416 0.738091 0.581715 0.282283 1.02025 0.876695 0.349107 0.855627 0.738658 0.914111 0.377822 0.627682 0.431137 1.21441 0.398178 0.68551 0.758564 0.779881 0.294177 0.606961 0.94992 0.15476 0.969763 1.12781 1.0814 0.408152 0.420428 0.827773 0.654072 0.107544 1.10921 0.371032 0.118024 0.786967 0.869342 0.912549 0.380389 0.589128 0.430468 0.192031 0.783348 0.499209 1.05513 0.747786 0.0847208 0.664755 0.553065 0.13978
0.926277 1.08838 0.884393 0.155441 0.250985 1.06374 0.637229 1.09417 0.304637 0.191958 0.351786 0.375958 0.48932 1.07619 0.649554 0.858829 0.652915 0.639759 1.05423 1.07133 0.370173 0.388026 0.500824 0.315563 0.547573 0.51596 0.701064 0.513289 0.947306 0.735182 0.418047 1.07897 0.99819 0.631353 0.74348 0.709106 0.962469 0.479643 0.707341 0.37623 1.04122 0.415651 0.826753 0.925621 0.824503 0.232265 0.646086 1.14652 0.239229 1.09471 1.04905 1.12107 0.37924 0.51029 0.936096 0.441913 0.0752703 1.16491 0.356024 0.332655 0.934561 0.837449 0.767974 0.359824 0.660155 0.352824 0.123079 0.585943 0.360381 0.899683 0.676646 0.223685 0.64056 0.602508 0.102557
0.850772 0.878703 0.842367 0.307286 0.331173 0.997132 0.718214 1.15597 0.291832 0.249973 0.327931 0.414027 0.573338 0.935946 0.453275 1.06921 0.728727 0.452549 1.01803 1.16044 0.240834 0.486838 0.427008 0.352399 0.678964 0.509542 0.729381 0.408247 0.989952 0.67712 0.272693 1.01191 0.787465 0.436812 0.953764 0.736767 0.991962 0.27398 0.739904 0.496066 1.03735 0.140678 0.733323 0.764275 0.781579 0.225329 0.627533 0.853854 0.341414 1.24843 1.04685 0.919489 0.27015 0.563308 0.949846 0.566067 0.136369 1.26714 0.211868 0.200053 0.781322 1.00428 0.826373 0.549481 0.502977 0.603662 0.272409 0.628091 0.24544 0.901169 0.638367 0.184839 0.392644 0.468737 0.300297
0.88599 1.0981 0.956915 0.109341 0.156261 0.962561 0.49259 1.06648 0.417098 0.161693 0.269779 0.371783 0.619108 0.915577 0.637287 0.819346 0.713417 0.739999 1.05292 1.20309 0.342721 0.45061 0.487928 0.148073 0.717319 0.595803 0.942237 0.503332 0.925581 0.733486 0.331253 0.950634 0.923679 0.527364 0.923968 0.917972 0.872279 0.400914 0.81351 0.400723 1.11255 0.385923 0.72146 1.00269 0.702348 0.406777 0.546448 0.882007 0.414494 1.13847 1.20586 0.92175 0.277765 0.559185 0.893003 0.49197 0.234613 1.20696 0.219789 0.178852 0.903528 0.990265 0.969231 0.393612 0.517062 0.469204 0.0250906 0.746557 0.437657 0.868099 0.807128 0.175313 0.581962 0.497758 0.167545
0.966943 1.10187 0.836949 0.179335 0.348073 0.934242 0.593345 0.954985 0.476787 0.187318 0.258977 0.485545 0.402377 0.978881 0.52088 0.848788 0.804617 0.57903 0.860759 0.965741 0.226692 0.31418 0.273507 0.187437 0.523853 0.623742 0.892331 0.362807 0.90077 0.777537 0.350374 1.07487 0.731084 0.520132 1.00474 0.709586 1.08679 0.410516 0.782646 0.492115 1.1596 0.385938 0.829537 0.714572 0.79839 0.333119 0.390885 1.07518 0.133825 1.14988 1.05304 1.19198 0.342277 0.457057 0.93616 0.47881 0.0161839 1.23568 0.287258 0.244706 0.907242 0.925693 0.909411 0.558742 0.543808 0.374021 0.181473 0.660319 0.229032 1.01063 0.668842 0.173106 0.439117 0.612249 0.235074
1.11021 0.886225 0.923481 0.216272 0.16072 1.0658 0.700427 1.05572 0.327906 0.234137 0.449121 0.409805 0.414081 1.06403 0.450568 0.838688 0.854439 0.71625 0.921269 0.931634 0.326385 0.287601 0.447488 0.389118 0.77026 0.559904 0.70852 0.623265 0.816691 0.760924 0.358221 1.02008 0.73705 0.637942 1.0154 0.827013 0.936663 0.234402 0.857118 0.432805 1.04364 0.387227 0.786209 0.961292 0.690355 0.469091 0.635896 0.98672 0.1485 1.25855 1.06166 1.03975 0.424394 0.371937 0.958461 0.707044 0.298387 0.991122 0.128942 0.222027 0.715866 0.868014 0.900709 0.421701 0.383349 0.565174 0.0445545 0.569739 0.286003 0.886129 0.603381 0.204823 0.436938 0.433306 0.387451
0.90679 0.860785 0.910409 0.0992111 0.150223 0.798855 0.466723 0.997277 0.305918 0.298011 0.346156 0.390996 0.387314 1.03282 0.434478 0.93212 0.66841 0.60268 1.01377 1.12952 0.286105 0.385361 0.288132 0.208491 0.50654 0.552924 0.840292 0.432097 0.881772 0.717535 0.248585 0.956477 0.943302 0.362707 0.970021 0.785647 0.912273 0.435312 0.748644 0.525466 1.05036 0.208066 0.730091 0.987246 0.875535 0.450767 0.439161 1.07328 0.41489 1.24903 1.21038 1.10102 0.260563 0.414698 0.87304 0.55987 0.147749 1.04746 0.0987485 0.285633 0.999425 0.932001 0.932199 0.48692 0.393426 0.380154 0.123234 0.730625 0.490574 0.968894 0.746684 0.144033 0.64304 0.473612 0.219379
0.996717 0.87754 0.924407 0.32579 0.118907 0.844275 0.628445 1.09996 0.488246 0.13044 0.309281 0.379552 0.448583 0.822844 0.56054 0.829565 0.846884 0.691062 0.950013 1.04613 0.0918995 0.456582 0.509655 0.291566 0.631659 0.650406 0.808964 0.436803 0.758771 0.684948 0.464646 1.06425 0.882312 0.548655 0.997394 0.743592 1.13316 0.289381 0.672041 0.528506 1.05489 0.281681 0.865744 0.98187 0.841205 0.403299 0.523193 0.987427 0.251073 1.19139 1.20196 0.977752 0.383573 0.60921 0.725851 0.444095 0.0417895 1.13261 0.208215 0.166343 0.99308 0.903016 0.919924 0.46178 0.500578 0.399052 0.241666 0.710734 0.511883 0.917148 0.888281 0.113767 0.525014 0.480268 0.164694
0.951455 0.935991 0.757307 0.228059 0.253624 0.914993 0.737342 1.12052 0.322961 0.188697 0.357715 0.314911 0.62806 1.02283 0.511608 0.955176 0.586298 0.695043 1.03999 0.940542 0.104729 0.477941 0.466831 0.176416 0.551974 0.520648 0.801377 0.409536 0.893161 0.789856 0.330042 1.17759 0.806018 0.638891 0.757168 0.759612 1.07205 0.249101 0.677305 0.416448 0.97999 0.296258 0.899235 0.764187 0.60559 0.17275 0.507145 0.993958 0.19793 1.25797 0.951371 1.19963 0.254527 0.526568 0.913314 0.426554 0.233238 1.10053 0.225968 0.342379 0.811086 1.02469 0.92643 0.287848 0.547381 0.501287 0.091336 0.721499 0.34994 0.959479 0.618586 0.131264 0.52523 0.441706 0.228097
0.93917 0.984312 0.72911 0.161072 0.333483 0.867566 0.73058 1.05074 0.44902 0.327282 0.38385 0.582929 0.442823 1.00023 0.511451 1.04651 0.745524 0.528196 0.847606 0.919748 0.382111 0.300063 0.253717 0.199233 0.700613 0.667608 0.897128 0.403326 0.777749 0.792995 0.49269 1.15655 0.772278 0.483898 1.02069 0.930496 1.05477 0.429914 0.858758 0.341835 1.12572 0.279665 0.917097 0.836005 0.682149 0.234102 0.441447 1.04031 0.403415 1.15668 1.02446 1.14763 0.297243 0.476843 0.955128 0.699577 0.184959 1.14673 0.286481 0.289997 0.779886 1.08605 0.955485 0.531074 0.438323 0.512442 0.238491 0.598033 0.422922 0.876285 0.613035 0.302957 0.462755 0.616037 0.149235
0.959303 0.963926 0.887346 0.131636 0.184837 1.06117 0.464902 0.996756 0.553036 0.139658 0.180632 0.538432 0.621519 0.981889 0.625201 1.07325 0.602105 0.593815 0.797773 1.10723 0.203888 0.309702 0.45617 0.237153 0.673114 0.736679 0.842211 0.598418 0.791951 0.771168 0.462991 1.12633 0.990681 0.596172 0.771545 0.930008 0.889917 0.37868 0.897032 0.537847 1.07434 0.324374 0.920786 0.854646 0.683379 0.439946 0.580528 1.11279 0.153145 1.26144 1.02862 1.09809 0.427959 0.474345 0.801873 0.64571 0.177855 1.17999 0.204439 0.319388 0.816931 1.03946 0.875609 0.553983 0.460249 0.424883 0.292878 0.651394 0.476848 1.03131 0.83503 0.215835 0.644497 0.529062 0.263516
1.08361 1.08955 0.919962 0.211021 0.259512 0.924406 0.512055 0.979964 0.563067 0.174779 0.411196 0.368049 0.403984 0.987784 0.560018 1.07454 0.596304 0.584351 0.844054 0.954638 0.108945 0.477815 0.441403 0.182089 0.595237 0.574133 0.89361 0.61731 0.999156 0.719197 0.485203 0.961242 0.813285 0.643742 0.97298 0.744825 0.951371 0.487636 0.898983 0.48156 1.00817 0.254614 0.781081 0.797206 0.759778 0.3098 0.502689 1.14233 0.421021 1.01579 1.05487 0.945202 0.462825 0.601678 0.784793 0.461086 0.205945 1.14484 0.334319 0.194279 0.872532 0.874983 0.841594 0.474027 0.539923 0.545525 0.0536703 0.662127 0.489532 0.809631 0.831231 0.215274 0.383786 0.644161 0.241361
0.99034 1.10896 0.747464 0.358266 0.0945283 0.832758 0.716741 0.896726 0.343173 0.182418 0.278581 0.562845 0.589854 0.961035 0.436319 0.949058 0.824318 0.459788 1.00975 1.10262 0.312004 0.526301 0.482367 0.189893 0.755559 0.573414 0.774548 0.560161 0.987321 0.677862 0.424068 1.14389 0.901342 0.547753 0.912373 0.677794 0.994644 0.376662 0.883011 0.265419 1.20368 0.191298 0.966808 0.7559 0.797632 0.172263 0.495672 1.13149 0.259009 1.22793 1.22016 1.16923 0.325528 0.355126 0.96737 0.52078 0.301347 1.00012 0.2372 0.1182 0.807721 0.91072 0.920415 0.38419 0.597476 0.507145 0.0227342 0.794928 0.444203 0.957115 0.728476 0.32946 0.629509 0.484815 0.102418
0.963186 0.930827 0.984388 0.250383 0.144055 0.909979 0.591159 1.03649 0.353966 0.180379 0.376654 0.547749 0.508859 0.80591 0.542628 0.809008 0.806763 0.610404 0.850887 1.12233 0.149904 0.471731 0.310601 0.110413 0.603262 0.786929 0.813213 0.552106 0.828771 0.609291 0.475018 0.995807 0.956683 0.497264 1.00463 0.822752 0.919814 0.487418 0.651509 0.414544 0.967021 0.207182 0.780107 0.978396 0.636378 0.336119 0.548193 0.930788 0.397957 1.05744 0.928971 1.14839 0.339975 0.558541 0.903975 0.424827 0.183576 1.14384 0.243655 0.181294 0.929162 1.08028 0.854873 0.279377 0.503884 0.400755 0.208347 0.645153 0.333948 0.814637 0.589819 0.323851 0.448181 0.575216 0.297263
0.981612 0.959654 0.986836 0.227637 0.20924 0.968853 0.511792 1.16027 0.497815 0.157376 0.360106 0.578617 0.422166 0.971225 0.554774 0.805063 0.743904 0.678598 0.892559 1.07885 0.252488 0.267942 0.352349 0.110833 0.545633 0.727789 0.851501 0.436384 0.727462 0.823524 0.332908 1.04119 0.979856 0.50994 0.942447 0.856883 1.09426 0.267087 0.896355 0.450271 1.05885 0.31165 0.94796 0.760858 0.844557 0.230461 0.449942 1.07268 0.265464 1.05043 0.953527 1.02188 0.46303 0.504213 0.780335 0.508435 0.089789 0.994507 0.311565 0.177956 0.781614 0.810005 0.863136 0.50324 0.632951 0.491615 0.16697 0.668391 0.514163 1.04665 0.625484 0.32323 0.68135 0.443794 0.296208
1.00266 1.0037 0.883939 0.237303 0.296953 0.816124 0.545215 1.15232 0.419152 0.352989 0.366774 0.531736 0.333905 1.02576 0.401328 0.933848 0.780667 0.586768 0.988973 1.05025 0.162087 0.463078 0.268602 0.300032 0.722267 0.751425 0.928019 0.635172 0.930388 0.849956 0.364555 0.906606 0.85691 0.507186 0.92339 0.892177 0.87711 0.27638 0.863557 0.311998 1.01792 0.358566 0.742013 0.987134 0.758948 0.201614 0.421198 0.917317 0.378504 1.18192 0.962002 0.93613 0.390453 0.631888 0.963049 0.699057 0.203568 1.04997 0.173104 0.124788 0.897024 1.06237 0.811532 0.409443 0.570851 0.490825 0.198648 0.650125 0.472472 0.891965 0.825963 0.355761 0.398603 0.408337 0.278048
1.12561 0.845805 0.943491 0.121189 0.309761 0.778375 0.654209 1.13923 0.482982 0.216012 0.460296 0.56123 0.560856 1.03724 0.662614 0.890889 0.759764 0.493308 0.953495 1.02094 0.252271 0.299158 0.255068 0.310572 0.573538 0.612594 0.807159 0.436042 0.857446 0.6298 0.460731 1.06918 0.801391 0.424496 0.782908 0.754098 1.06112 0.285976 0.62123 0.439235 1.09158 0.154426 0.941656 0.852251 0.873841 0.435172 0.594894 0.986445 0.369615 1.05306 1.21473 1.09209 0.273058 0.617776 0.777784 0.49827 0.131046 0.982605 0.358119 0.0631006 0.831177 0.93668 0.900747 0.497356 0.633942 0.564073 0.00346236 0.603957 0.407857 0.860141 0.692863 0.0814026 0.516566 0.549035 0.290517
0.966756 0.920966 0.738159 0.254098 0.294491 0.820918 0.600961 1.11067 0.413294 0.366508 0.469529 0.297225 0.625353 0.911927 0.629705 1.0344 0.752859 0.592276 1.02442 1.03352 0.144015 0.481203 0.348358 0.354161 0.592735 0.500214 0.697027 0.430967 0.792058 0.70729 0.216111 1.05268 0.953978 0.423696 0.796707 0.882655 1.06327 0.421947 0.662092 0.552585 1.03772 0.23509 0.855132 0.810441 0.68274 0.40605 0.481708 1.07757 0.218724 1.05818 1.09798 1.20531 0.458114 0.598516 0.705217 0.567277 0.300953 1.14459 0.330269 0.268878 0.884458 0.818319 0.795902 0.284988 0.487701 0.536011 0.0159945 0.569129 0.417137 0.942657 0.845741 0.0775678 0.482902 0.533989 0.286914
0.966683 0.96733 0.742158 0.302735 0.300788 0.987325 0.749674 1.0357 0.334756 0.331727 0.391756 0.420535 0.430484 1.05827 0.576548 0.922887 0.695608 0.724464 0.965365 1.15966 0.170756 0.438426 0.318558 0.357192 0.574578 0.545894 0.804161 0.542761 0.84713 0.787332 0.251995 0.95914 0.980442 0.409408 0.9982 0.711202 1.11494 0.44244 0.729924 0.302655 1.16522 0.318232 0.695501 0.753462 0.772072 0.212174 0.459247 0.920857 0.276179 0.990164 1.06009 1.03709 0.409015 0.380961 0.797545 0.648451 0.15502 1.04628 0.194183 0.156845 0.952834 0.898557 0.956748 0.346972 0.554772 0.365681 0.228729 0.775168 0.254519 0.933608 0.723771 0.267407 0.51686 0.555677 0.296539
0.924147 1.02798 0.84239 0.23107 0.347812 1.05336 0.695834 1.07442 0.485486 0.298793 0.390903 0.455687 0.453418 0.884598 0.648689 0.99377 0.765069 0.732941 0.954278 1.16348 0.0965095 0.512753 0.421003 0.122221 0.486289 0.701229 0.874693 0.49321 0.996384 0.720311 0.379515 1.17482 0.863256 0.415229 0.769173 0.849399 1.0021 0.494672 0.765529 0.391818 1.1203 0.144585 0.730087 0.70938 0.854535 0.334779 0.618629 1.14271 0.368235 1.24667 1.1311 1.1955 0.494706 0.484167 0.796209 0.585184 0.0158434 1.14168 0.147765 0.285289 0.974852 1.05339 0.830868 0.471201 0.546745 0.356446 0.151004 0.806082 0.44843 0.894079 0.590538 0.334969 0.608128 0.599022 0.358819
0.850071 0.990004 0.801755 0.146937 0.222714 0.776646 0.717169 0.962851 0.322738 0.345752 0.329379 0.301024 0.446123 0.839805 0.547083 0.928579 0.8519 0.497292 0.879472 0.974271 0.245895 0.438058 0.303255 0.199783 0.720554 0.596621 0.729913 0.60857 0.765011 0.663503 0.225645 1.06254 0.870961 0.635788 0.825576 0.93924 0.923819 0.319172 0.653921 0.359232 1.05012 0.135356 0.959009 0.859587 0.88128 0.296978 0.636467 1.09973 0.139848 1.20917 1.20134 1.02615 0.314965 0.456869 0.724149 0.624546 0.0678115 1.25051 0.229699 0.323876 0.858406 0.897241 0.903415 0.365054 0.629695 0.526792 0.220067 0.75631 0.254764 0.980475 0.663481 0.121905 0.624225 0.403987 0.294082
1.01689 0.830841 0.937214 0.350039 0.27413 1.06365 0.534581 1.01627 0.342098 0.22771 0.421442 0.40471 0.361993 0.860229 0.575759 0.822604 0.613571 0.657391 0.970001 1.12826 0.284432 0.28195 0.338287 0.127231 0.731659 0.689088 0.681717 0.531209 0.875785 0.575113 0.242051 1.1335 0.840039 0.423766 0.752428 0.704645 1.12479 0.274136 0.638866 0.285817 0.979421 0.309928 0.797429 0.76583 0.661917 0.357076 0.408366 1.12971 0.26193 1.04796 1.21727 0.941233 0.334803 0.467066 0.787867 0.576676 0.238854 1.16169 0.273733 0.208018 0.936638 0.943897 0.890388 0.482088 0.579665 0.487061 0.211617 0.675191 0.390143 0.993832 0.661383 0.253184 0.607115 0.444901 0.135291
0.990095 0.878607 0.998284 0.242874 0.137855 0.914058 0.557156 1.1494 0.484705 0.162652 0.242996 0.329739 0.576194 1.05219 0.631731 0.9723 0.668042 0.562411 1.01538 1.18052 0.376877 0.525251 0.498652 0.190476 0.738293 0.68634 0.816279 0.615434 0.806974 0.825553 0.219879 1.14111 0.87131 0.536179 0.960324 0.880265 0.915725 0.357899 0.650893 0.349055 1.22187 0.249427 0.965933 0.903164 0.717906 0.183264 0.648808 1.07358 0.189283 1.04707 1.03366 1.01294 0.506725 0.477582 0.697507 0.422564 0.295741 1.16144 0.37764 0.115878 0.770992 0.862209 0.733467 0.315712 0.662322 0.590827 0.212622 0.831506 0.518512 0.992426 0.644881 0.346066 0.50093 0.629858 0.346863
