25 75
0.421718 0.682535 0.630733 0.800558 0.817073 1.16918 0.593908 1.21383 0.978433 0.536181 0.319841 0.171475 0.143042 0.128 0.992007 0.379393 0.404133 0.927817 1.24631 0.242724 0.0914848 0.974469 0.251205 1.14485 1.18059 0.843754 0.563049 1.21298 0.757214 0.328644 0.257548 0.800056 0.948712 0.555358 0.805581 0.871878 0.975382 1.06178 0.922653 0.601021 0.472378 0.312415 0.188052 0.490871 0.988689 0.660727 0.824349 0.356699 0.52992 0.541786 0.524924 0.858776 0.882017 1.14562 1.04736 0.659322 0.598651 0.560205 0.424126 0.763795 1.0223 0.194139 0.785174 0.463163 1.04854 0.92638 0.404202 0.631348 0.962699 0.270003 0.991278 0.415111 0.438604 0.822853 0.413446
0.536654 0.642533 0.555904 0.689002 0.924661 0.945097 0.432616 0.962195 1.0548 0.745891 0.505578 0.367945 0.312808 0.173828 0.952306 0.348677 0.398051 0.871915 0.995333 0.198513 0.31551 0.885804 0.314781 1.1387 1.21161 0.894019 0.463702 1.09365 0.710448 0.537979 0.117119 0.971505 0.940097 0.575602 0.702435 0.864738 1.07156 1.12158 0.695454 0.520539 0.282433 0.162559 0.285683 0.419906 0.713246 0.578567 0.725259 0.435872 0.423044 0.464435 0.62449 1.02068 0.920067 1.05401 1.09246 0.898248 0.44204 0.56624 0.275484 1.00474 1.06202 0.122246 0.888411 0.443601 1.11714 0.835318 0.61743 0.641895 0.717097 0.293783 1.02718 0.372496 0.280686 0.899156 0.344289
0.638994 0.465018 0.49854 0.662086 0.892692 0.985571 0.601367 1.21259 0.849197 0.612621 0.376267 0.129844 0.256802 0.331298 0.938026 0.278894 0.291279 1.03446 1.11458 0.0582486 0.203991 1.00343 0.101786 0.878318 1.26996 0.951355 0.613007 1.0418 0.619917 0.570904 0.234715 0.916563 0.993857 0.408157 0.750968 0.829954 1.07182 0.93439 0.902558 0.542232 0.348341 0.368008 0.216128 0.538661 0.845323 0.604008 0.603402 0.285672 0.489274 0.466074 0.493078 0.933446 0.922972 1.11276 1.24463 0.714159 0.513624 0.518608 0.25156 0.860112 1.11307 0.150955 0.819258 0.333864 1.02596 0.794398 0.54686 0.715056 0.709664 0.488662 0.894746 0.547916 0.217193 0.920929 0.274556
0.448606 0.682538 0.689099 0.889683 0.808258 0.949155 0.451527 1.02506 0.985736 0.610288 0.495546 0.399555 0.227574 0.368695 1.05168 0.202552 0.35429 0.84377 1.13179 0.191408 0.0885657 1.05695 0.170465 0.958633 1.03014 1.03095 0.558321 1.12705 0.678653 0.3184 0.175989 1.01669 0.890313 0.575683 0.769762 0.805403 1.01097 1.13198 0.952681 0.63209 0.238265 0.377493 0.287108 0.465025 0.952132 0.682891 0.76086 0.326764 0.651837 0.425443 0.537924 0.909964 0.785882 1.00942 1.23776 0.796493 0.664402 0.422295 0.188858 1.00155 1.07793 0.273937 0.75458 0.555686 0.984161 0.752582 0.425111 0.538596 0.778047 0.265265 0.851521 0.453554 0.178064 0.916788 0.38743
0.538141 0.619482 0.708367 0.689153 0.711825 1.08972 0.525948 1.02223 1.02013 0.550946 0.244975 0.194312 0.0915822 0.326393 0.989065 0.346618 0.310742 1.00306 1.02183 0.165595 0.229992 0.892355 0.253496 0.942833 1.19007 0.829301 0.465072 1.16703 0.628548 0.346341 0.40431 0.958293 0.755841 0.664373 0.969422 1.02851 1.11907 0.906425 0.954458 0.607847 0.435829 0.157954 0.230269 0.643056 0.828571 0.699707 0.67333 0.231159 0.455407 0.625448 0.590255 0.973085 0.843874 1.01144 1.0752 0.861067 0.452445 0.36769 0.456468 0.787602 1.07931 0.266011 0.79992 0.498757 1.0819 0.787264 0.56614 0.572538 0.950757 0.504184 0.933473 0.262427 0.249758 0.873839 0.356069
0.487234 0.552489 0.590012 0.788571 0.966435 0.872236 0.42477 1.08677 0.914867 0.581155 0.355464 0.161387 0.088577 0.210763 1.03439 0.290561 0.226659 1.04122 1.09486 0.0618339 0.133952 1.06475 0.198804 0.887393 1.23381 0.925439 0.442828 1.03875 0.604285 0.590395 0.151038 0.779152 0.721874 0.584614 0.96963 0.848187 1.22953 1.04596 0.813272 0.510474 0.212452 0.161983 0.392059 0.367344 0.981084 0.609348 0.685927 0.353724 0.395332 0.47179 0.607206 0.929076 0.995398 1.27634 1.15844 0.8747 0.422015 0.426845 0.22224 0.871941 1.11368 0.267318 0.786088 0.435153 1.15582 0.875053 0.688617 0.750128 0.728648 0.289578 0.978864 0.522524 0.161048 0.811403 0.385391
0.598628 0.451565 0.690243 0.812339 0.911306 1.09484 0.412218 1.02206 0.878613 0.572245 0.408849 0.380764 0.236231 0.090636 0.89883 0.218422 0.223244 1.0485 1.05087 0.108074 0.06508 0.967584 0.312077 1.04209 0.984271 1.1078 0.712497 1.11467 0.632855 0.463078 0.403106 0.852074 0.910832 0.516997 0.85242 0.919136 1.05229 1.10918 0.89436 0.528224 0.50119 0.27595 0.253467 0.377612 0.93814 0.595884 0.649627 0.419576 0.607619 0.354774 0.640524 0.855071 0.873038 1.27863 1.03888 0.866714 0.605094 0.352844 0.356411 0.778846 0.918827 0.34028 1.03241 0.549982 1.12046 0.969455 0.512138 0.624055 0.96803 0.418485 0.872731 0.308247 0.275949 0.805527 0.52788
0.650873 0.592511 0.725272 0.828252 0.933328 0.980225 0.652312 1.00136 0.87618 0.570491 0.43638 0.325173 0.340087 0.174249 0.86528 0.351775 0.382639 0.855424 1.05491 0.241238 0.113221 0.84542 0.0614722 0.890043 1.14187 1.00492 0.579726 1.04025 0.639427 0.392576 0.15886 0.84496 0.706355 0.606927 0.724374 0.947221 1.05242 1.00205 0.960436 0.551174 0.267553 0.393858 0.436072 0.437966 0.755375 0.706151 0.777801 0.224686 0.565417 0.431419 0.625975 1.04006 0.834425 1.02381 1.10123 0.802795 0.501708 0.361979 0.259534 0.79312 1.01612 0.355537 0.990446 0.41659 1.10816 0.75399 0.649023 0.577211 0.856317 0.486746 0.986129 0.42631 0.304293 0.893497 0.446999
0.485387 0.689983 0.692712 0.803118 0.833279 1.15379 0.520789 0.97218 0.960593 0.648002 0.312725 0.34618 0.253713 0.149441 1.07246 0.351269 0.230839 0.775727 1.24189 0.207958 0.2541 1.06707 0.0721507 0.88247 1.09168 0.90761 0.652503 1.18116 0.76112 0.510334 0.259157 0.840157 0.732062 0.653098 0.96303 1.03101 0.997057 0.857413 0.923672 0.561624 0.3602 0.292884 0.239991 0.624427 0.849684 0.725248 0.880394 0.43733 0.421293 0.362488 0.567939 1.01739 0.921519 1.1615 1.16567 0.804497 0.516047 0.578162 0.38681 0.77698 1.08294 0.311834 0.922011 0.542732 1.25171 1.00517 0.406833 0.651666 0.771096 0.300458 0.783094 0.497584 0.229765 0.831689 0.370491
0.6416 0.690689 0.487122 0.815969 0.835272 1.00518 0.439638 0.95636 0.955224 0.584825 0.327807 0.241413 0.354678 0.222205 1.0609 0.214442 0.235801 0.872397 1.21784 0.0551847 0.0383997 1.10873 0.202685 1.03169 1.03484 0.84601 0.590761 1.08604 0.634829 0.480816 0.298668 1.0588 0.76143 0.685553 0.892252 0.861438 1.03829 1.12141 0.928839 0.532819 0.470778 0.336913 0.466412 0.550923 0.766732 0.746173 0.653517 0.382597 0.445325 0.580805 0.694223 1.01392 0.75318 1.17367 1.09946 0.654247 0.652704 0.341368 0.204091 0.858463 0.837492 0.197887 1.01911 0.552868 1.09229 0.768125 0.54674 0.731455 0.926632 0.425071 0.911631 0.457978 0.179517 0.93238 0.373504
0.6476 0.538479 0.487704 0.872997 0.826709 0.922926 0.548044 0.996957 0.988075 0.747529 0.517594 0.334803 0.193616 0.370779 0.899099 0.364576 0.428605 0.91496 1.09796 0.0807771 0.0264659 0.848841 0.304711 1.03285 1.04194 0.828205 0.488959 1.23727 0.715716 0.314591 0.173305 0.836591 0.969122 0.489618 0.84628 0.941147 0.960894 0.947529 0.675396 0.562678 0.484995 0.179302 0.445568 0.584976 0.85536 0.523477 0.853743 0.181489 0.617616 0.451338 0.482367 0.986214 0.809305 1.26025 1.22694 0.911771 0.656146 0.561493 0.335125 0.923711 0.989016 0.0935419 0.902415 0.471654 1.12786 1.03282 0.512443 0.52608 0.785162 0.436313 1.03518 0.503596 0.1611 0.848761 0.314583
0.513475 0.656213 0.650166 0.725503 0.841255 0.883087 0.672999 1.15005 1.05379 0.788259 0.416864 0.208047 0.306397 0.336927 0.843642 0.275261 0.214651 0.98425 1.1836 0.0829911 0.097228 1.07621 0.183815 0.970219 1.19532 0.988428 0.603846 1.17912 0.614961 0.32139 0.334277 0.967729 0.914928 0.514577 0.918876 0.951526 1.1918 1.09239 0.749215 0.467896 0.46464 0.322192 0.410347 0.544243 0.706651 0.524487 0.708515 0.376567 0.523552 0.545182 0.607709 0.788261 0.784136 1.16872 1.0234 0.783447 0.689037 0.603108 0.219914 0.806319 1.09965 0.158342 1.03317 0.558722 1.24974 0.801647 0.613064 0.678342 0.73577 0.283713 0.777122 0.557151 0.254393 1.03352 0.275918
0.610601 0.496647 0.473977 0.792344 0.697825 0.885127 0.401309 0.932122 0.780203 0.626733 0.438721 0.347741 0.150969 0.368312 1.03021 0.223917 0.338153 0.987564 1.27204 0.0168602 0.149056 0.928152 0.334183 1.10324 0.99178 0.878507 0.61972 1.17051 0.788415 0.526855 0.138417 1.00946 0.91982 0.63576 0.74537 0.84276 1.10538 0.855097 0.893843 0.546692 0.23328 0.144737 0.193142 0.644953 0.752631 0.641872 0.699196 0.387118 0.531988 0.63905 0.696621 0.888969 0.873263 1.24075 1.17391 0.626209 0.598983 0.538724 0.20164 0.909987 0.978385 0.273209 1.01399 0.546255 1.0566 0.925002 0.528157 0.553149 0.887347 0.487172 0.858751 0.471016 0.308975 0.866941 0.318832
0.6606 0.633196 0.650334 0.932869 0.8077 0.886118 0.577951 1.08858 0.865175 0.68531 0.301719 0.312047 0.18819 0.219269 0.853525 0.186694 0.252123 1.01888 1.05694 0.0575925 0.245029 1.06286 0.283209 0.881617 1.07719 1.09106 0.622067 1.1877 0.822283 0.417055 0.142554 0.840988 0.89138 0.693324 0.926331 1.04458 1.00152 1.04022 0.874349 0.465208 0.333927 0.303272 0.36235 0.538439 0.978878 0.518388 0.755537 0.252208 0.639196 0.342393 0.687728 0.812592 0.869131 1.05483 1.22645 0.66346 0.616378 0.356548 0.346452 1.04596 0.999444 0.193674 0.776292 0.415063 1.25238 0.844186 0.642091 0.647603 0.769566 0.264548 0.939745 0.273536 0.406654 0.851298 0.360103
0.544578 0.657691 0.623072 0.662179 0.864897 0.914507 0.693477 1.20279 0.863428 0.662275 0.475242 0.428463 0.179525 0.0904564 1.03082 0.218199 0.40483 0.760121 1.00113 0.293621 0.139723 0.963236 0.207235 0.89566 1.01356 0.883581 0.572531 1.17403 0.707025 0.475188 0.370575 0.938841 0.804067 0.471247 0.781955 0.894014 1.13804 1.10552 0.794107 0.664244 0.236404 0.261274 0.189482 0.435481 0.996767 0.686278 0.827285 0.19795 0.437215 0.632967 0.560946 0.928397 0.720392 1.08963 1.29565 0.816307 0.698241 0.450358 0.190303 0.980974 1.0608 0.293955 0.909235 0.58127 1.15795 0.847738 0.587548 0.476175 0.953672 0.439825 1.00174 0.299843 0.326408 0.983241 0.560835
0.6108 0.647151 0.7336 0.72269 0.963319 1.14658 0.397684 1.14578 1.00997 0.820591 0.493068 0.281717 0.0890393 0.347313 1.03584 0.162233 0.231141 0.783632 1.02206 0.0923836 0.115541 1.03013 0.0808651 0.856386 1.09868 0.86315 0.687258 1.17291 0.785006 0.551523 0.210104 0.98453 0.812508 0.424475 0.890128 0.9382 1.07418 0.879089 0.764192 0.548465 0.216335 0.243398 0.384534 0.617418 0.769509 0.657282 0.757607 0.263352 0.661091 0.461439 0.44995 0.917838 0.746865 1.0532 1.08005 0.811851 0.605503 0.34316 0.205663 0.934045 0.9386 0.192282 0.969528 0.384446 1.01334 0.907579 0.547979 0.619063 0.806529 0.402926 0.828252 0.339622 0.251985 1.01843 0.526299
0.586875 0.510996 0.716732 0.658204 0.938419 1.0661 0.634342 1.07095 0.812812 0.553206 0.299742 0.193617 0.295827 0.145267 1.08233 0.3541 0.41449 0.815491 1.00215 0.233092 0.111554 0.880689 0.116762 0.962976 0.999757 1.08687 0.559346 1.17041 0.65955 0.604787 0.117475 1.00518 0.930939 0.658292 0.807222 0.841604 1.123 0.869796 0.852439 0.594708 0.334588 0.219762 0.262201 0.367122 0.98709 0.632152 0.734492 0.234325 0.561805 0.381563 0.582367 0.998719 0.856577 1.15284 1.22914 0.666424 0.579643 0.44119 0.252539 0.833942 0.876465 0.083624 0.82285 0.414208 1.05052 0.930369 0.412036 0.661645 0.737505 0.403456 0.980013 0.426514 0.184747 0.890741 0.320617
0.408205 0.508706 0.711924 0.895602 0.804056 0.937082 0.421008 1.08124 0.876824 0.681686 0.265975 0.146045 0.335186 0.118282 1.02376 0.35426 0.458962 0.82146 1.23439 0.285156 0.0852111 1.12085 0.0442758 1.06018 1.27049 1.00549 0.557264 1.14331 0.60709 0.439094 0.179437 1.05297 0.724033 0.484216 0.966207 1.00564 1.05935 0.867017 0.678702 0.686238 0.437768 0.309937 0.432906 0.434977 0.837688 0.69322 0.692633 0.211072 0.565077 0.404946 0.656968 0.869052 0.747267 1.06395 1.24926 0.881513 0.650346 0.573855 0.344255 0.849724 0.872162 0.0588648 0.811679 0.381785 1.11585 0.931677 0.697028 0.678656 0.922437 0.283782 1.06275 0.333909 0.324283 0.859204 0.436732
0.435993 0.550807 0.576491 0.670285 0.9547 0.878604 0.45328 1.14401 0.866273 0.705124 0.293829 0.332308 0.283104 0.102583 0.981215 0.313476 0.250783 0.797586 1.06811 0.171874 0.0882839 0.908201 0.328207 1.03781 1.19623 0.917605 0.544047 1.00452 0.728895 0.608724 0.321817 0.775847 0.969216 0.656218 0.705888 0.975694 1.08113 1.01994 0.926209 0.414395 0.390233 0.206325 0.239726 0.492216 0.864753 0.484338 0.711359 0.446621 0.562288 0.498916 0.682233 0.958274 0.867526 1.11965 1.07714 0.756203 0.600246 0.469635 0.232633 0.781857 1.03661 0.32354 0.791118 0.362348 1.15561 0.828721 0.629607 0.570749 0.758377 0.450434 0.928404 0.490356 0.389253 0.995577 0.320298
0.414163 0.592333 0.526256 0.726986 0.892404 0.888675 0.589522 0.949385 0.965372 0.524156 0.475053 0.207154 0.104881 0.149285 0.863947 0.166778 0.318114 0.90005 1.20056 0.061498 0.0846646 1.01344 0.0796723 0.972345 1.06635 1.05704 0.711509 1.14382 0.585836 0.501431 0.389604 0.936256 0.877035 0.621496 0.757194 1.03965 1.16271 0.894313 0.752104 0.583512 0.493566 0.367926 0.225038 0.538761 0.746708 0.52749 0.83032 0.190134 0.468548 0.615261 0.617528 0.903755 0.825232 1.24465 1.08461 0.689724 0.633325 0.446267 0.249367 1.0204 1.06702 0.256408 0.89426 0.569158 1.11494 0.796082 0.461357 0.67616 0.939261 0.401666 0.929361 0.497629 0.315009 0.831748 0.321181
0.449329 0.588138 0.552565 0.646873 0.896993 1.08722 0.591899 1.10317 0.908846 0.627876 0.240777 0.392092 0.180256 0.0829031 1.03853 0.112599 0.241055 0.839637 1.1792 0.211914 0.247056 1.09021 0.306432 0.954287 0.990872 1.06765 0.639915 1.1276 0.854086 0.435847 0.292132 0.875561 0.908222 0.655631 0.897888 0.995635 1.17648 1.02712 0.840085 0.622596 0.253406 0.259637 0.259903 0.494941 0.870851 0.657955 0.716104 0.277285 0.372513 0.580712 0.515324 0.978035 0.900173 1.11533 1.17985 0.798153 0.683036 0.524937 0.206803 1.03955 0.941557 0.315623 1.03479 0.351221 1.25591 0.976756 0.559308 0.585899 0.695684 0.315652 0.928024 0.291013 0.157302 0.852182 0.559492
0.606213 0.554622 0.678279 0.839774 0.703913 0.926555 0.587535 1.01062 0.885351 0.684361 0.34053 0.209762 0.132823 0.196934 0.978733 0.166062 0.413394 1.04663 1.01538 0.122338 0.184599 0.96491 0.127067 0.888565 1.17626 0.826216 0.623442 1.00321 0.643163 0.543143 0.204968 1.02346 0.970477 0.576438 0.914857 0.905196 1.04168 0.850103 0.961463 0.492935 0.341861 0.259513 0.222453 0.586555 0.810851 0.722554 0.80803 0.308584 0.54827 0.527949 0.453255 0.821387 0.713149 1.22744 1.0283 0.747959 0.598611 0.58346 0.287364 0.845325 1.11923 0.20183 1.0286 0.437775 1.2254 1.01999 0.690206 0.630579 0.837977 0.234524 0.7965 0.261254 0.193829 0.83915 0.503652
0.510477 0.474299 0.554191 0.874223 0.929988 0.96611 0.543186 1.04573 0.813781 0.816896 0.42842 0.223897 0.305751 0.240637 0.895478 0.344765 0.384901 0.819302 1.25307 0.123059 0.227496 1.12661 0.308777 0.920284 1.06738 0.954894 0.511485 1.19247 0.760998 0.397395 0.210479 0.998088 0.858857 0.680854 0.926288 0.950301 1.10608 0.985415 0.762897 0.654065 0.344645 0.157308 0.389634 0.426802 0.790468 0.482733 0.840737 0.382297 0.607872 0.38496 0.626872 0.913527 0.938279 1.20338 1.17679 0.872152 0.452568 0.603099 0.242192 0.866726 1.13654 0.0658208 0.854713 0.459287 1.04313 0.983827 0.643279 0.534605 0.688996 0.259239 0.82882 0.290255 0.386746 1.02046 0.453895
0.65812 0.51896 0.595042 0.702252 0.684103 1.15556 0.451064 1.03867 1.03897 0.527761 0.398748 0.172861 0.261649 0.285208 1.01682 0.236493 0.304132 0.822618 1.05238 0.245527 0.133306 0.926007 0.251185 1.07437 1.23726 0.928983 0.49879 1.21364 0.653001 0.463078 0.402404 0.926913 0.710489 0.603361 0.897281 1.00262 1.20123 0.930344 0.800916 0.683152 0.439404 0.121791 0.286753 0.361939 0.800738 0.46858 0.882018 0.346614 0.646146 0.383023 0.590343 1.02251 0.916894 1.26381 1.03641 0.682149 0.497491 0.607294 0.438875 0.809105 1.11299 0.29514 0.762414 0.349962 1.20938 0.828144 0.681818 0.614676 0.702212 0.261491 0.776061 0.265726 0.353245 0.801801 0.463026
0.407872 0.646738 0.589819 0.878084 0.834981 1.0257 0.568868 1.02895 0.960008 0.632901 0.487251 0.345936 0.0988432 0.3097 0.934412 0.0875379 0.303308 0.869793 1.15549 0.203747 0.225684 0.869766 0.103695 1.05759 1.2215 1.00158 0.664831 1.18433 0.648985 0.432043 0.284187 0.989758 0.993611 0.610064 0.794647 1.0448 1.08389 0.988184 0.812381 0.442707 0.411601 0.226223 0.299752 0.533011 0.784618 0.635304 0.847581 0.253403 0.502136 0.433689 0.457248 0.87939 0.927352 1.14868 1.21086 0.675135 0.601518 0.548369 0.347412 0.78812 0.967339 0.198402 0.935024 0.548452 1.00456 0.848611 0.55689 0.568688 0.712014 0.309055 0.998766 0.466028 0.244769 1.04401 0.297967
