25 75
1.24797 0.375573 0.373937 0.706971 0.168106 0.747279 1.02162 0.912565 0.860579 0.889975 0.842269 0.6546 0.68649 1.19984 0.437159 0.145483 0.509779 0.892984 0.892224 1.12586 1.03894 0.255384 0.226543 0.934635 0.51432 0.708128 0.508609 0.444081 0.409411 1.06519 0.466123 0.317359 0.802193 0.418516 0.443091 0.727606 0.49817 0.0500347 0.89548 0.558623 0.536897 0.439289 1.03509 0.748262 0.996355 0.543513 0.308246 0.196257 0.54954 1.0251 0.911737 0.92041 0.59658 0.535216 0.542904 0.0677703 0.701815 0.548294 0.017834 1.06013 0.721708 0.386312 1.25954 0.767203 1.14155 0.843736 0.564405 0.837054 0.990544 0.417412 1.02122 0.317801 0.656494 0.297682 0.810106
1.13006 0.280048 0.536701 0.593427 0.393817 0.780317 0.976556 0.823109 0.946667 0.703233 0.89111 0.768931 0.88317 1.12375 0.406804 0.134664 0.548749 0.908808 0.958208 0.979212 0.837425 0.0338655 0.296006 0.779851 0.427827 0.513703 0.662485 0.46838 0.351853 0.918924 0.591483 0.230651 0.908894 0.415837 0.561829 0.798563 0.48911 0.100923 0.860783 0.518824 0.619594 0.506579 0.92005 0.697243 1.08922 0.475877 0.338337 0.23457 0.518594 1.00748 0.919726 0.728373 0.523389 0.358119 0.375957 0.161788 0.653729 0.582568 0.026419 0.930436 0.458923 0.235664 1.0848 0.764048 1.12202 0.877932 0.634585 0.679591 1.06099 0.578848 1.05038 0.456447 0.567098 0.233229 0.734922
1.21172 0.408013 0.421855 0.637884 0.421972 0.724792 1.18133 0.676879 1.04033 0.698713 0.917193 0.642575 0.702149 0.951713 0.476129 0.308633 0.488889 0.863107 0.837823 1.10135 0.936043 0.0830365 0.468744 0.954572 0.377547 0.520227 0.640587 0.570549 0.296058 0.940777 0.617966 0.266135 0.8265 0.437769 0.399275 0.674824 0.455571 0.173094 0.738178 0.549822 0.445286 0.454995 1.03123 0.744272 1.06999 0.566985 0.403494 0.199221 0.444833 0.996854 1.10782 0.964071 0.64984 0.558556 0.396684 0.301922 0.571575 0.519406 0.234194 0.986876 0.515854 0.327858 0.977526 0.817209 1.16353 0.773871 0.575449 0.958579 1.05269 0.658876 1.18519 0.505161 0.485938 0.468382 0.729109
1.21165 0.446077 0.397191 0.665693 0.228108 0.64187 1.00402 0.834898 1.02707 0.743245 0.82366 0.823643 0.930031 1.13392 0.314807 0.19601 0.474929 0.805866 0.962546 1.12261 1.02058 0.16006 0.366332 0.882118 0.439449 0.664848 0.567917 0.62468 0.309305 1.07232 0.581362 0.370196 0.861413 0.231619 0.520723 0.696089 0.41817 0.0404262 0.803862 0.602062 0.558167 0.358953 1.0347 0.63601 1.1123 0.292402 0.511431 0.231788 0.679754 0.972818 0.953236 0.806986 0.561864 0.456419 0.308093 0.299268 0.62898 0.390541 0.203151 0.93896 0.633809 0.421081 1.00189 0.890735 1.18575 0.894812 0.663203 0.957874 0.996967 0.489857 1.03932 0.511805 0.510042 0.238026 0.854876
1.26694 0.414101 0.513041 0.70939 0.228066 0.756305 1.04841 0.888032 1.03322 0.878466 0.850004 0.722705 0.840147 1.20251 0.363471 0.390667 0.35268 0.857076 0.778318 1.12115 0.921331 0.28149 0.229826 0.950957 0.56699 0.550247 0.580763 0.343893 0.349358 0.858403 0.492194 0.35166 0.908601 0.228916 0.354472 0.709131 0.34017 0.21389 1.01822 0.506708 0.644463 0.415921 0.945763 0.682203 1.14738 0.310605 0.378617 0.272486 0.591197 1.0602 0.904199 0.908649 0.498461 0.361509 0.39718 0.241761 0.508369 0.52746 0.130543 1.01246 0.537647 0.379925 1.15251 0.762309 1.10037 0.789566 0.471095 0.72554 1.12458 0.677753 1.02679 0.33954 0.629242 0.24722 0.816194
1.25461 0.321503 0.44834 0.547933 0.391652 0.626325 1.04943 0.802062 0.776292 0.653583 0.886872 0.721827 0.700066 1.10557 0.355594 0.349731 0.522069 0.842473 0.821205 1.04714 0.955192 0.171586 0.419839 0.885892 0.395838 0.591719 0.598418 0.354209 0.545448 0.943324 0.48688 0.401533 0.713825 0.410671 0.596313 0.921081 0.346991 0.223713 0.946612 0.664817 0.55433 0.462356 0.897623 0.845429 0.93478 0.459288 0.323135 0.37552 0.518611 1.06455 1.06383 0.885802 0.616711 0.530887 0.440231 0.162916 0.498263 0.565411 0.25476 0.939093 0.725248 0.348872 1.09732 0.670959 1.07756 0.937028 0.477048 0.791043 0.854619 0.467815 1.16599 0.364808 0.702045 0.247032 0.850166
1.05815 0.463069 0.54261 0.551079 0.307735 0.696221 0.947882 0.743498 0.771045 0.821884 0.720442 0.88163 0.794977 1.11766 0.486305 0.251173 0.522077 0.870394 0.768531 1.23282 1.01197 0.202754 0.506477 0.848796 0.376228 0.657742 0.635832 0.549973 0.309043 0.95096 0.75145 0.411135 0.753909 0.444479 0.426282 0.691374 0.4852 0.10081 0.730906 0.525119 0.413623 0.461252 1.00972 0.773807 1.05003 0.442037 0.268887 0.259559 0.558793 1.07067 1.11301 0.824618 0.554012 0.330893 0.362185 0.117415 0.60251 0.571876 0.145217 0.853035 0.509926 0.448291 1.19837 0.818773 1.09094 0.860954 0.605033 0.724808 1.11247 0.425338 0.989551 0.392394 0.548107 0.350702 0.825588
1.21945 0.322424 0.383401 0.520425 0.377564 0.624855 1.05438 0.763415 0.91098 0.855759 0.690056 0.72233 0.917075 0.977577 0.422655 0.331379 0.326994 0.989073 0.891892 1.18885 0.931273 0.044218 0.461308 0.76862 0.338059 0.622494 0.538916 0.449754 0.487854 0.950982 0.546693 0.51454 0.769409 0.401158 0.446264 0.712756 0.545393 0.263598 0.819753 0.396734 0.562543 0.54983 0.933113 0.828492 1.02521 0.544068 0.401859 0.415428 0.630347 0.919936 1.15015 0.890963 0.399186 0.502739 0.467856 0.153422 0.684328 0.461113 0.123437 1.07171 0.634377 0.291082 1.1477 0.817395 1.03884 0.926487 0.647053 0.756853 1.07021 0.56482 1.24564 0.476918 0.502508 0.487234 0.745812
1.2062 0.527962 0.291421 0.50633 0.204032 0.600484 1.00514 0.89842 0.831882 0.754789 0.921791 0.84006 0.648257 1.10359 0.429382 0.122073 0.362591 0.786361 0.78807 1.12809 0.998808 0.172786 0.46896 0.939095 0.595516 0.441063 0.716957 0.411871 0.329414 1.0264 0.753991 0.428459 0.872789 0.326986 0.441945 0.734689 0.573088 0.199491 0.774537 0.581785 0.595131 0.356476 1.01038 0.774719 1.11894 0.465165 0.324793 0.336007 0.681098 1.06484 1.09291 0.70556 0.628046 0.382187 0.503632 0.318572 0.557846 0.637531 0.101438 1.06981 0.674272 0.38793 1.00499 0.690066 1.24307 0.908255 0.44399 0.771873 0.996274 0.677469 1.09799 0.322273 0.62304 0.470238 0.922658
1.06673 0.397583 0.453868 0.555859 0.148142 0.733398 1.10859 0.911044 0.998097 0.748675 0.713713 0.844597 0.81757 1.15921 0.323323 0.209539 0.459708 0.827353 0.821941 1.06649 0.863238 0.199066 0.299009 0.802171 0.616321 0.47791 0.651534 0.597149 0.328237 0.890033 0.604321 0.303346 0.790638 0.345005 0.311282 0.697423 0.36344 0.0401001 0.850503 0.381932 0.464815 0.386321 1.17885 0.635926 0.988415 0.537396 0.371973 0.365875 0.472023 0.941828 0.925903 0.9125 0.55356 0.567321 0.480764 0.13977 0.647102 0.563714 0.116531 1.10485 0.670994 0.414842 1.24452 0.670625 1.18078 0.720256 0.542287 0.719688 1.00266 0.702751 0.991971 0.312342 0.674066 0.319484 0.934308
1.08022 0.414867 0.416407 0.606575 0.311308 0.82313 0.928107 0.78628 0.997286 0.832224 0.938738 0.669215 0.647148 1.03112 0.413106 0.106876 0.545397 0.813602 0.92482 1.08176 0.879969 0.217189 0.369942 0.845792 0.585159 0.584072 0.582965 0.404957 0.32049 1.01807 0.715354 0.36075 0.815574 0.340341 0.518828 0.637172 0.431963 0.237537 0.840684 0.62421 0.642965 0.415571 1.05926 0.688971 1.09625 0.334068 0.278172 0.217723 0.663829 0.999621 1.04464 0.817992 0.423015 0.497646 0.546513 0.14145 0.664842 0.581594 0.257015 0.853623 0.625146 0.3086 1.25619 0.714697 1.06427 0.803526 0.486339 0.821329 1.12894 0.4748 1.00572 0.342438 0.673754 0.499993 0.723836
1.28237 0.447281 0.324745 0.73327 0.400901 0.68126 0.923171 0.82012 0.991918 0.914886 0.919625 0.809153 0.698195 1.09924 0.277683 0.176007 0.472429 0.824698 0.920683 1.20946 0.969376 0.0739229 0.478483 0.88882 0.603669 0.50763 0.657454 0.595717 0.413888 0.90558 0.506635 0.2877 0.91112 0.241363 0.410582 0.808783 0.398156 0.144985 0.876066 0.399141 0.469402 0.487661 0.979547 0.782036 1.14698 0.456316 0.357422 0.314801 0.571856 0.861634 1.01111 0.820395 0.474238 0.54269 0.470749 0.0658199 0.436971 0.546775 0.122783 1.0273 0.735516 0.422357 1.16268 0.90826 0.980601 0.801606 0.511663 0.747582 1.08698 0.494945 1.0723 0.299383 0.689427 0.434899 0.79487
1.12069 0.3329 0.532082 0.699521 0.207977 0.822908 0.949748 0.788499 1.00015 0.759084 0.911556 0.682907 0.882354 0.914944 0.442652 0.161605 0.437062 0.950975 0.964525 1.04409 0.990878 0.0206958 0.364983 0.971665 0.550472 0.504902 0.61695 0.406369 0.279877 0.918942 0.586959 0.478264 0.820759 0.412764 0.431241 0.837032 0.564691 0.227099 0.814851 0.62628 0.481255 0.385601 1.19324 0.738411 1.07681 0.458266 0.225121 0.149694 0.41608 0.919592 0.904674 0.74825 0.486932 0.327022 0.304106 0.0602326 0.435829 0.38817 0.290219 1.07982 0.59624 0.288573 1.05579 0.732402 1.06678 0.77206 0.664192 0.667688 1.09702 0.550021 1.07631 0.553022 0.68813 0.285973 0.649291
1.11846 0.351846 0.37252 0.514613 0.18955 0.574146 0.921041 0.701306 0.865755 0.7688 0.890033 0.724586 0.812775 1.07093 0.434812 0.356546 0.343423 0.990928 0.781194 0.955919 0.79811 0.161382 0.372335 0.864103 0.601866 0.690418 0.701612 0.626789 0.483139 0.935046 0.650284 0.308826 0.780223 0.27876 0.586823 0.717341 0.385276 0.199455 0.798484 0.545147 0.422956 0.270685 1.12166 0.632252 0.929855 0.293359 0.279568 0.397209 0.455524 0.936578 0.931969 0.720321 0.544654 0.316533 0.570197 0.355777 0.532222 0.523022 0.236863 1.07081 0.742094 0.312722 0.962981 0.834608 1.27013 0.757999 0.513458 0.819758 0.876276 0.675045 1.09877 0.395179 0.497301 0.431941 0.85765
1.05038 0.351812 0.434053 0.536812 0.145995 0.686049 1.06802 0.919728 0.813511 0.757989 0.78201 0.661234 0.893632 1.01861 0.424932 0.385847 0.513652 0.95223 0.760837 0.938919 0.808878 0.0260991 0.470223 0.928643 0.58724 0.457473 0.562909 0.461179 0.310872 1.08416 0.597961 0.332402 0.794015 0.334209 0.462215 0.665441 0.392132 0.249495 0.847228 0.666629 0.540967 0.300535 1.14309 0.772678 1.0729 0.285016 0.32792 0.222959 0.680753 1.01243 0.879448 0.700672 0.658012 0.487486 0.565559 0.139104 0.442802 0.469901 0.134369 1.09597 0.519311 0.212083 1.18235 0.888255 1.23008 0.936901 0.638789 0.80307 0.883569 0.6171 1.04662 0.283292 0.607363 0.365612 0.79933
1.17097 0.537286 0.323029 0.613373 0.143479 0.740231 0.904817 0.697562 0.91146 0.659483 0.929122 0.812288 0.800778 1.0129 0.34415 0.335324 0.518364 0.907789 0.987159 0.972157 0.91994 0.284928 0.486321 0.971464 0.353089 0.593189 0.67341 0.408886 0.286627 0.905842 0.60152 0.492626 0.741207 0.43878 0.506593 0.821596 0.471436 0.283567 0.9202 0.377804 0.443465 0.316344 1.05067 0.665069 1.08733 0.268793 0.497653 0.179831 0.608856 1.06047 1.14312 0.721861 0.529353 0.542393 0.524472 0.268933 0.643656 0.379752 0.25967 0.981138 0.651846 0.47461 1.20427 0.766561 1.03035 0.665298 0.495688 0.685437 0.873987 0.707156 0.991808 0.293263 0.46745 0.370076 0.707791
1.21451 0.305377 0.476654 0.733221 0.304841 0.724637 1.10489 0.728611 0.814319 0.834701 0.834132 0.612813 0.704988 0.980421 0.260447 0.235437 0.482113 0.951738 1.02739 1.10715 0.787364 0.173863 0.316813 0.9531 0.511674 0.455671 0.678193 0.428372 0.501191 0.937575 0.521911 0.478476 0.86356 0.208514 0.509547 0.821057 0.57321 0.271071 0.992311 0.476396 0.376121 0.35117 1.02532 0.83489 1.02476 0.280026 0.436933 0.2136 0.449143 0.967184 1.06451 0.834818 0.597125 0.476968 0.51625 0.183222 0.690168 0.476535 0.216099 1.07022 0.605318 0.249825 0.969661 0.680517 0.979804 0.745673 0.511151 0.868738 1.04539 0.681391 1.18524 0.500046 0.749974 0.218025 0.904707
1.27718 0.314718 0.428337 0.660526 0.136194 0.751344 1.19542 0.773861 0.965478 0.731472 0.831097 0.721041 0.827546 1.01127 0.478678 0.122844 0.317219 0.988395 0.854562 1.0243 1.01157 0.0714999 0.457431 0.916811 0.595555 0.653419 0.442006 0.372598 0.447795 1.01903 0.614578 0.348391 0.797833 0.400536 0.359996 0.653065 0.55699 0.236047 0.85359 0.388765 0.477976 0.281452 1.01712 0.752356 0.967122 0.310994 0.264107 0.195365 0.486751 1.04894 1.0937 0.748694 0.471662 0.303526 0.435229 0.160318 0.59678 0.665474 0.279669 1.01993 0.5015 0.448284 0.962172 0.669846 1.16838 0.911957 0.583749 0.905861 0.970379 0.567367 1.01266 0.44399 0.502634 0.274605 0.825002
1.19825 0.377665 0.510833 0.555291 0.16795 0.687229 0.92634 0.844867 0.760643 0.640226 0.681364 0.608163 0.928687 0.922633 0.301039 0.360507 0.495544 0.871895 0.951653 1.00173 0.964558 0.278011 0.457836 0.817673 0.453828 0.662832 0.541279 0.519691 0.447282 0.877235 0.728438 0.519467 0.909002 0.211124 0.333896 0.849427 0.330494 0.0955815 1.0197 0.584832 0.423845 0.282424 1.05529 0.803063 0.999892 0.320142 0.497045 0.409887 0.525651 1.12507 1.08801 0.992051 0.421874 0.455474 0.560158 0.26666 0.498422 0.439718 0.264815 0.981807 0.558463 0.350067 1.13596 0.847608 1.01427 0.83122 0.452317 0.918085 0.970553 0.713681 1.26747 0.405726 0.584864 0.20399 0.658666
1.04577 0.277743 0.309197 0.68317 0.432356 0.764857 1.107 0.841415 0.769884 0.73004 0.817099 0.725012 0.742343 0.964576 0.446345 0.352415 0.50508 0.962384 0.979367 1.00152 0.89247 0.177257 0.458211 0.966499 0.557759 0.704592 0.526196 0.591575 0.405208 1.07779 0.663103 0.306547 0.857734 0.438559 0.52464 0.65437 0.542684 0.248374 0.73026 0.451352 0.440554 0.537868 1.06853 0.686483 1.09505 0.336781 0.227956 0.135232 0.655397 1.02474 0.927755 0.957742 0.547223 0.366029 0.342936 0.145422 0.466002 0.553931 0.178006 1.06372 0.644779 0.325568 1.00222 0.706095 1.10384 0.875645 0.703082 0.833066 1.12514 0.546505 0.985902 0.419087 0.672639 0.304483 0.657002
1.13041 0.443778 0.315872 0.487212 0.372757 0.70503 0.9377 0.812411 0.784953 0.75507 0.748471 0.6367 0.653528 1.0711 0.396449 0.334613 0.577915 0.899893 0.971178 1.14364 0.838987 0.132843 0.405579 0.984645 0.600094 0.660406 0.65095 0.613123 0.409857 0.867602 0.742377 0.360954 0.824332 0.350666 0.495369 0.888147 0.418428 0.234454 0.842441 0.460019 0.521993 0.498078 1.11984 0.658465 1.02227 0.544265 0.314552 0.166798 0.554014 1.10204 1.13629 0.9553 0.610582 0.381839 0.496065 0.308516 0.673914 0.418415 0.172839 0.972166 0.743592 0.444031 1.1933 0.742675 1.06402 0.817584 0.421845 0.88997 1.02122 0.695102 1.2015 0.303292 0.632194 0.497347 0.652105
1.25282 0.433405 0.512745 0.589934 0.380067 0.746047 1.114 0.887375 0.919632 0.90672 0.785496 0.714525 0.650288 0.942286 0.451597 0.230019 0.576647 0.86698 0.799606 1.02751 0.968667 0.144797 0.29845 0.768911 0.546298 0.606639 0.612738 0.547993 0.31139 0.919884 0.664629 0.391384 0.847531 0.475182 0.408787 0.924581 0.46671 0.269633 0.94555 0.461006 0.604772 0.453336 1.13294 0.773783 0.986448 0.435531 0.464668 0.149731 0.388837 1.13899 1.12102 0.967681 0.691899 0.511274 0.572761 0.0743329 0.672692 0.576748 0.0589112 0.87872 0.740854 0.483366 1.17541 0.858969 1.0329 0.775897 0.542804 0.924741 0.972653 0.660078 1.18806 0.346469 0.530627 0.429084 0.812474
1.21044 0.44467 0.467199 0.463419 0.209537 0.688823 0.958449 0.847965 0.992205 0.924068 0.780796 0.776665 0.86788 1.19922 0.317175 0.193083 0.340026 1.03293 0.901905 0.980085 1.00165 0.156335 0.493172 0.763236 0.370425 0.604142 0.615652 0.412324 0.320654 1.02982 0.530469 0.379763 0.934513 0.438779 0.574767 0.740302 0.323544 0.241476 0.742855 0.498997 0.48575 0.315058 0.990111 0.66013 0.958649 0.360812 0.253416 0.38618 0.526388 1.00488 1.11035 0.827472 0.676334 0.526621 0.391777 0.104571 0.526728 0.5166 0.0437463 0.856926 0.529658 0.305559 1.08406 0.713675 1.18748 0.813085 0.57574 0.772148 0.984745 0.563403 1.08888 0.432902 0.501097 0.253883 0.921077
1.05358 0.49707 0.575346 0.663964 0.171369 0.703755 1.03002 0.669012 0.846626 0.647842 0.707625 0.698633 0.919738 1.1458 0.386513 0.33988 0.479685 0.940969 0.944108 0.940921 0.810875 0.0939166 0.516678 0.830587 0.463414 0.469074 0.467684 0.470646 0.318706 0.941327 0.48263 0.228799 0.853066 0.399594 0.500876 0.82964 0.46238 0.056543 0.909614 0.376223 0.50637 0.545177 1.00362 0.624035 1.10331 0.285546 0.230336 0.166649 0.645484 1.04053 0.894346 0.985394 0.608589 0.38918 0.491036 0.299448 0.619674 0.512197 0.028734 1.11033 0.594904 0.457738 1.00408 0.869069 1.17593 0.917117 0.54643 0.806769 0.974848 0.684191 1.0171 0.42556 0.484038 0.354544 0.84512
1.05725 0.465343 0.345697 0.597352 0.4028 0.736833 1.13259 0.626844 0.76144 0.781956 0.690451 0.726028 0.797462 0.936329 0.321945 0.293588 0.542814 0.981452 1.02124 1.10534 0.937972 0.257727 0.321507 0.863663 0.523069 0.585741 0.680203 0.340529 0.438131 0.856863 0.656886 0.235623 0.777268 0.465786 0.346469 0.663581 0.337574 0.0990737 0.916345 0.616876 0.643038 0.388081 1.04942 0.840554 1.103 0.346159 0.355882 0.148611 0.621607 1.10248 0.90041 0.812391 0.633353 0.585803 0.407243 0.0906198 0.662699 0.590256 0.129934 1.11507 0.733397 0.395268 1.20684 0.669908 0.989076 0.784433 0.525754 0.850667 1.0869 0.483997 0.99101 0.334137 0.657077 0.470049 0.814562
