25 75
0.876091 1.16622 0.38935 0.567181 0.624659 0.664032 0.371862 0.939606 0.336213 0.793722 0.438931 0.264678 0.957954 0.875346 0.687838 0.104058 0.209264 0.689549 0.971976 0.749631 0.705117 0.306379 0.723683 0.811166 0.805624 0.525266 0.481739 0.584064 0.6655 0.959126 0.761157 0.915225 0.811286 0.107899 0.231059 0.726093 0.383538 1.12792 0.296873 1.01077 0.844275 0.677175 0.723546 0.97428 0.653657 0.791851 0.345739 0.946865 0.556439 1.18272 0.150105 0.344395 0.68042 0.807761 0.19578 1.12217 0.896558 0.946743 0.15003 0.4858 0.672168 1.06655 0.927767 0.716736 0.235225 0.584235 0.669306 0.237841 0.496175 0.706198 0.895856 0.983173 0.590514 0.88955 0.502449
0.836118 0.911653 0.420592 0.530329 0.720748 0.452771 0.366326 0.766075 0.358923 0.966001 0.250032 0.535983 0.796516 0.936039 0.608381 0.0189198 0.2634 0.818675 1.09471 0.631601 0.659534 0.401442 0.850328 0.896858 0.825147 0.405103 0.438933 0.513771 0.906075 1.06092 0.882378 0.891122 0.732341 0.333375 0.107467 0.771573 0.529881 1.16522 0.254213 0.927775 0.762404 0.768516 0.775806 0.911013 0.506216 0.832623 0.454102 1.10885 0.40757 1.15184 0.190486 0.170742 0.621833 0.728996 0.271793 0.952218 0.875027 0.795743 0.177259 0.485131 0.624527 1.09459 0.760731 0.56519 0.190618 0.666725 0.71955 0.171273 0.260893 0.673408 1.07503 0.920458 0.722118 0.676746 0.58093
0.800165 1.00536 0.369586 0.50719 0.705855 0.723734 0.116655 0.886056 0.260333 0.838958 0.463571 0.50158 0.952445 0.971661 0.714815 0.10558 0.159197 0.622122 1.13028 0.806639 0.827562 0.271686 0.77848 0.925102 0.985026 0.62316 0.507181 0.616819 0.867734 0.991489 0.837359 0.962096 0.832449 0.0902661 0.207174 0.748886 0.273101 1.19286 0.476015 0.86426 0.95808 0.68127 0.595383 1.10153 0.778882 0.863939 0.262877 0.904201 0.436931 1.01377 0.362237 0.425314 0.525081 0.802955 0.141789 1.08842 0.857495 0.939193 0.275059 0.508789 0.619092 0.961778 0.736361 0.684063 0.0840209 0.696402 0.677856 0.373877 0.419248 0.649832 0.949607 0.745289 0.721163 0.666679 0.611309
0.778949 0.976435 0.344383 0.501271 0.834009 0.57975 0.159633 0.85694 0.195635 0.903431 0.371228 0.452669 0.956973 0.892331 0.746403 0.23455 0.191408 0.676373 1.05829 0.590079 0.654487 0.382875 0.684394 0.669398 0.947343 0.592324 0.667016 0.548914 0.736495 1.16944 0.636347 0.892404 0.7813 0.2152 0.269304 1.00552 0.51702 0.98787 0.472665 0.946462 0.864913 0.669144 0.586588 0.9264 0.72218 0.869413 0.314314 0.947288 0.465827 1.20766 0.218253 0.363158 0.750066 0.688253 0.283533 0.878333 0.733827 1.00781 0.108703 0.520386 0.437323 1.20583 0.90676 0.57392 0.143098 0.64428 0.607969 0.0881329 0.360022 0.670678 1.0563 0.848893 0.603918 0.797932 0.47258
0.769363 0.924072 0.285759 0.46688 0.693483 0.476629 0.214115 0.65143 0.29693 0.71833 0.482081 0.468433 0.884183 0.941328 0.635937 0.261426 0.190318 0.678935 0.944807 0.578715 0.829474 0.430177 0.904867 0.705148 0.711617 0.622013 0.416878 0.511889 0.742727 0.960388 0.794752 0.865174 0.67887 0.141394 0.30792 0.801839 0.444036 1.14982 0.322581 0.991462 0.992167 0.842623 0.692607 1.10531 0.653569 0.727155 0.375179 0.913337 0.425236 1.06372 0.223185 0.444687 0.558102 0.894276 0.266711 0.940686 0.882453 0.887311 0.149005 0.586458 0.443507 1.02732 0.876749 0.714817 0.063944 0.705048 0.734493 0.343302 0.341869 0.637246 1.0778 0.967024 0.693328 0.605825 0.435906
0.972925 1.0882 0.447072 0.686067 0.798112 0.481056 0.383291 0.81497 0.378826 0.76213 0.444276 0.285572 0.837036 0.882191 0.715258 0.104184 0.400768 0.622397 1.01327 0.680944 0.73286 0.368638 0.856817 0.684986 0.750413 0.434535 0.662631 0.551119 0.828015 1.20953 0.626661 0.938062 0.831862 0.232966 0.161528 0.982906 0.384934 1.00318 0.262854 0.935225 0.962848 0.791161 0.77265 0.931189 0.551234 0.723307 0.393628 1.05109 0.453014 0.982078 0.19158 0.230672 0.637371 0.903673 0.118718 1.14203 0.674196 0.914077 0.348995 0.548976 0.53189 1.03525 0.813741 0.699673 0.0495898 0.542144 0.76681 0.323353 0.298487 0.757512 0.858921 0.793848 0.756222 0.789042 0.62121
0.986379 1.07196 0.333714 0.434334 0.788911 0.614398 0.210258 0.690374 0.41701 0.712399 0.465328 0.384696 0.698468 0.974067 0.674917 0.104437 0.365335 0.873596 0.947421 0.771118 0.806909 0.279509 0.886383 0.684774 0.734804 0.543047 0.632511 0.500429 0.757753 1.12704 0.900044 1.0955 0.734668 0.0817406 0.204871 0.737209 0.55807 1.13927 0.406605 1.09546 0.768593 0.71845 0.663397 1.14445 0.603404 0.995405 0.353455 1.01061 0.32436 1.11944 0.204205 0.169183 0.720191 0.768952 0.241592 1.02627 0.691851 0.958739 0.203956 0.375157 0.676261 0.962499 0.727893 0.605412 0.13061 0.732501 0.685278 0.151504 0.452039 0.568484 0.963756 0.889075 0.824974 0.816944 0.600363
0.973567 0.951818 0.22593 0.563625 0.763443 0.472165 0.200696 0.686448 0.415602 0.841352 0.300484 0.496059 0.959941 0.899174 0.697188 0.163159 0.327439 0.861964 1.05781 0.584002 0.756508 0.410911 0.729612 0.650872 0.893847 0.42907 0.589618 0.37152 0.626912 0.996431 0.809124 0.922618 0.626966 0.2822 0.125349 0.738396 0.347626 1.00201 0.214897 0.908554 0.955053 0.82108 0.713618 1.17859 0.704354 0.840912 0.302062 1.03327 0.502627 0.977418 0.314503 0.289515 0.669552 0.762016 0.305259 1.05677 0.698569 1.03486 0.143285 0.53151 0.57992 1.14865 0.873643 0.730709 0.210158 0.481577 0.614991 0.14719 0.450382 0.575911 0.926546 0.90688 0.781722 0.872978 0.437453
0.940464 0.934789 0.387159 0.712744 0.725961 0.460381 0.300619 0.811789 0.137452 0.695403 0.348681 0.404517 0.89014 0.90518 0.770558 0.242322 0.201863 0.709908 1.0067 0.636363 0.642055 0.478711 0.80833 0.653329 0.899547 0.549709 0.577038 0.38825 0.834614 0.970693 0.824449 0.968108 0.589433 0.29685 0.218974 1.0165 0.559996 0.946367 0.249717 0.881629 0.935294 0.727029 0.833398 1.05516 0.488803 1.00641 0.39096 1.01915 0.35762 1.03795 0.320278 0.222301 0.698079 0.774699 0.302589 1.02749 0.711455 0.898158 0.278405 0.423928 0.568034 1.08663 0.84655 0.592312 0.082643 0.69266 0.725597 0.190895 0.280248 0.63738 0.986156 0.814258 0.75982 0.853103 0.570002
1.01077 1.015 0.240236 0.553839 0.860983 0.492828 0.117181 0.868731 0.165798 0.887869 0.508351 0.445407 0.705307 0.97482 0.579178 0.200713 0.348065 0.729989 1.18367 0.75695 0.781308 0.514026 0.790581 0.678466 0.762652 0.452099 0.524825 0.442252 0.924952 1.13908 0.823734 0.936072 0.796208 0.110555 0.36397 0.859989 0.502853 1.07873 0.484286 1.08118 1.02294 0.691949 0.760508 1.06327 0.566961 0.734174 0.282345 0.895615 0.591214 0.976689 0.334403 0.399852 0.584657 0.677647 0.0658086 0.937392 0.63326 1.0121 0.274687 0.592429 0.58163 1.23893 0.840753 0.518065 0.337538 0.572158 0.80867 0.0754187 0.504438 0.701693 0.94759 0.766569 0.815642 0.74952 0.547677
0.843559 0.972384 0.275923 0.574612 0.76974 0.710229 0.311649 0.924202 0.331428 0.741113 0.415795 0.4315 0.989559 1.06715 0.767108 0.0343083 0.426617 0.687594 0.987435 0.742005 0.890881 0.347788 0.669709 0.88745 0.852847 0.608833 0.507733 0.413928 0.691119 1.13715 0.773587 0.902871 0.732299 0.33903 0.148517 0.812956 0.532939 1.00591 0.435137 0.937278 0.867071 0.721189 0.742356 1.04193 0.674821 0.893256 0.407286 1.13714 0.46005 0.967268 0.276428 0.388145 0.510023 0.903662 0.28348 0.922436 0.871536 0.838621 0.27865 0.650016 0.485202 1.02816 0.9388 0.568706 0.139892 0.566695 0.699841 0.312501 0.248779 0.524765 0.839794 0.834961 0.697996 0.741066 0.540678
0.744848 1.17731 0.418115 0.680256 0.652222 0.559645 0.203296 0.723616 0.168875 0.911865 0.444458 0.291175 0.716977 1.02615 0.749687 0.179373 0.286376 0.78035 1.01031 0.699775 0.761762 0.433351 0.716721 0.665935 0.887306 0.628565 0.612753 0.485937 0.710336 1.14852 0.732965 0.888151 0.644732 0.133805 0.3482 0.8878 0.402291 0.965527 0.480223 0.877657 0.819281 0.829644 0.726812 1.05262 0.591708 0.989026 0.450474 1.12634 0.386635 1.06474 0.160725 0.321109 0.644187 0.767562 0.221794 1.1415 0.653353 0.981208 0.183331 0.395638 0.511536 1.11999 0.770294 0.715329 0.290405 0.687961 0.583935 0.344956 0.491168 0.600141 0.87711 1.00242 0.728769 0.820693 0.633043
0.83166 1.04764 0.405521 0.62477 0.813596 0.691209 0.266815 0.817956 0.227054 0.89855 0.3087 0.532456 0.803954 0.958661 0.811401 0.175401 0.313555 0.642488 1.19833 0.564271 0.925521 0.51195 0.744748 0.641175 0.968057 0.356212 0.585587 0.395987 0.831685 0.973319 0.74817 0.933179 0.53883 0.313808 0.340927 0.986856 0.490704 1.12989 0.425574 0.854413 0.971002 0.647452 0.668306 0.917953 0.51156 0.785796 0.433185 1.04099 0.421157 1.05677 0.339467 0.162193 0.748558 0.90082 0.0684583 0.890618 0.792544 1.0291 0.310561 0.561386 0.53502 1.03889 0.862074 0.541417 0.224955 0.639508 0.757331 0.314556 0.502678 0.499827 1.01457 0.753717 0.643328 0.891145 0.424988
0.856454 0.924336 0.236312 0.559375 0.873252 0.514382 0.16726 0.682352 0.131973 0.713334 0.337501 0.282981 0.970146 0.907411 0.641672 0.15611 0.266422 0.743096 1.07477 0.678185 0.723691 0.316062 0.671109 0.699915 0.753084 0.552378 0.446307 0.460494 0.919738 1.16414 0.732809 1.00892 0.654272 0.119523 0.27196 0.940254 0.28633 1.09157 0.352648 1.12481 0.803407 0.839366 0.744453 0.944426 0.587667 0.80942 0.377819 0.927402 0.420592 0.976476 0.153424 0.407694 0.534176 0.939212 0.186858 0.949083 0.715213 0.779812 0.387801 0.648742 0.586468 1.08379 0.718825 0.501713 0.068689 0.662065 0.812601 0.212195 0.279082 0.617058 1.09243 0.843308 0.643073 0.646555 0.443869
0.99706 0.909724 0.392278 0.495654 0.672402 0.622806 0.134698 0.926572 0.229894 0.924733 0.507531 0.530908 0.949212 0.979128 0.744351 0.167696 0.327576 0.61251 1.17038 0.604925 0.830243 0.421982 0.82471 0.885967 0.93278 0.51688 0.400999 0.577678 0.739557 0.956334 0.847827 0.917776 0.575368 0.0711361 0.199788 0.839489 0.421702 0.970544 0.28676 1.11076 1.01972 0.633396 0.68022 1.02765 0.667457 0.867706 0.348244 0.952515 0.508202 1.08475 0.248717 0.204163 0.595895 0.762123 0.269686 0.875142 0.8534 0.99645 0.304376 0.54073 0.718635 1.24424 0.931607 0.53578 0.327769 0.585176 0.717161 0.186076 0.286505 0.585493 1.11758 1.0071 0.671291 0.665251 0.59532
0.941421 0.947807 0.319666 0.53518 0.813046 0.730562 0.321587 0.667425 0.276253 0.683588 0.26251 0.295172 0.76395 0.962598 0.805824 0.119219 0.177586 0.774918 1.19553 0.770556 0.792218 0.316208 0.931085 0.901849 0.918093 0.552084 0.436129 0.612632 0.769985 1.19255 0.760337 0.983404 0.811714 0.290976 0.29011 0.982578 0.527445 1.20702 0.346567 0.97738 1.01303 0.581817 0.749958 1.1426 0.679849 0.939637 0.316126 0.912485 0.547526 1.07498 0.156333 0.323206 0.646026 0.849203 0.204251 1.12963 0.611765 0.909754 0.201988 0.386639 0.654394 0.978346 0.783753 0.507087 0.184451 0.560469 0.715393 0.269979 0.252943 0.674902 0.863096 0.879062 0.692854 0.842513 0.570449
0.775785 1.02672 0.226436 0.459195 0.645475 0.674427 0.292585 0.703991 0.173476 0.840843 0.435343 0.405929 0.94455 1.03326 0.833816 0.0807243 0.287216 0.836619 1.0168 0.645565 0.704803 0.381836 0.728843 0.756089 0.757861 0.501662 0.639422 0.3751 0.670668 1.05886 0.856428 0.812239 0.783119 0.304111 0.0937193 0.925729 0.400674 1.02835 0.385429 1.0797 1.02914 0.70914 0.630356 0.93179 0.695563 0.732089 0.480967 1.0018 0.595438 1.15814 0.126016 0.420499 0.694459 0.663733 0.0616848 0.961085 0.86046 0.849093 0.237064 0.491894 0.510149 1.05662 0.917427 0.615677 0.0935861 0.610293 0.574912 0.368342 0.442384 0.589728 1.05887 0.758168 0.63996 0.879422 0.621139
0.872044 0.973737 0.447661 0.508403 0.645278 0.600219 0.283585 0.837607 0.305228 0.821286 0.308749 0.348567 0.918694 0.949997 0.635048 0.31109 0.169255 0.69371 0.974108 0.591092 0.863438 0.489178 0.706984 0.630306 0.957152 0.435303 0.640754 0.526658 0.888593 1.02219 0.72194 0.987043 0.797213 0.0586625 0.165408 0.895526 0.303777 1.08301 0.414081 1.00547 0.958308 0.734927 0.814817 1.06677 0.66416 0.89524 0.363048 1.11177 0.383408 0.980629 0.120801 0.320901 0.636643 0.857577 0.149361 0.992498 0.828503 0.894696 0.303159 0.392185 0.717741 1.1422 0.793071 0.596564 0.0821408 0.521997 0.870417 0.360461 0.450174 0.655042 1.09746 1.00714 0.746942 0.785642 0.653515
0.832356 1.19343 0.450341 0.571824 0.886437 0.506101 0.312599 0.791529 0.410774 0.73357 0.422385 0.458849 0.901376 0.930652 0.594303 0.164965 0.212245 0.64017 1.16484 0.718349 0.708291 0.249749 0.660693 0.67304 0.797692 0.507945 0.443438 0.623419 0.891646 1.07517 0.649007 0.845756 0.763626 0.19401 0.352463 0.765722 0.365962 0.951983 0.222602 0.924503 0.918018 0.553 0.69247 1.16932 0.532478 1.01126 0.285158 0.954555 0.490112 0.93559 0.30763 0.169412 0.505968 0.697961 0.12273 1.06782 0.789874 1.05967 0.113964 0.60904 0.707357 1.13761 0.942771 0.734357 0.224893 0.670711 0.829545 0.17722 0.50267 0.475622 0.874459 0.947196 0.666777 0.697136 0.612779
0.846101 0.984424 0.24218 0.508295 0.59782 0.506728 0.134102 0.771408 0.340091 0.96182 0.467231 0.327423 0.876606 1.00805 0.647556 0.189742 0.260417 0.587865 1.09969 0.703222 0.777854 0.528808 0.687236 0.718612 0.96031 0.632654 0.401045 0.461858 0.632016 1.03253 0.647491 0.884495 0.618293 0.122176 0.302175 0.898921 0.336452 0.988519 0.431078 1.08604 0.848628 0.687166 0.814314 0.926381 0.732167 0.931195 0.408946 0.953247 0.464802 1.21249 0.392656 0.288318 0.706709 0.691854 0.159392 1.01283 0.666331 0.930047 0.380291 0.441015 0.564068 1.21559 0.69249 0.731315 0.0473074 0.671106 0.823609 0.277369 0.431636 0.566703 0.890444 0.920675 0.723186 0.717816 0.510501
0.968282 0.984766 0.329413 0.542616 0.67335 0.653799 0.14167 0.663614 0.295921 0.805415 0.437938 0.364011 0.774101 0.843152 0.801247 0.287245 0.424065 0.826542 0.977994 0.645605 0.750046 0.340931 0.930462 0.701377 0.795244 0.473111 0.644618 0.411793 0.676377 0.957491 0.895616 0.832838 0.780767 0.0889107 0.121025 0.994705 0.448528 1.04543 0.490822 0.871311 0.964882 0.777631 0.766149 1.05792 0.551685 0.898548 0.286762 1.14486 0.347084 1.19445 0.410757 0.209993 0.553589 0.827606 0.0242612 1.00764 0.786582 0.898035 0.231456 0.441889 0.473692 1.12379 0.836295 0.703279 0.105115 0.539923 0.59138 0.322512 0.468113 0.530115 0.896281 0.863684 0.65759 0.694985 0.621478
0.796084 1.15502 0.410796 0.484993 0.763725 0.532431 0.29657 0.938111 0.213909 0.945503 0.384608 0.496785 0.867564 1.03292 0.763986 0.0358571 0.289169 0.820608 1.03321 0.57218 0.734928 0.476975 0.87888 0.83115 0.927656 0.377248 0.621061 0.484692 0.784687 1.09242 0.640958 0.863713 0.741155 0.138309 0.238481 0.768075 0.359408 1.08178 0.259298 0.997702 1.03515 0.774974 0.648022 0.961434 0.527123 0.781165 0.351951 1.07912 0.348065 0.932986 0.1968 0.192849 0.565841 0.887149 0.239723 0.974157 0.898686 0.845467 0.246182 0.367193 0.63887 1.01722 0.944276 0.666111 0.252498 0.689519 0.774903 0.275516 0.345506 0.578282 1.06798 0.848358 0.802492 0.644202 0.622476
0.914454 0.953469 0.459914 0.508058 0.723575 0.713132 0.153894 0.662823 0.12119 0.939944 0.30952 0.269274 0.839432 0.973345 0.806475 0.0670729 0.344236 0.852133 1.07895 0.705437 0.650469 0.461696 0.782097 0.84479 0.713871 0.443692 0.663928 0.38389 0.634378 0.934535 0.840913 0.970276 0.78998 0.0622612 0.185284 0.991394 0.43475 0.94807 0.281779 1.12275 0.934209 0.757607 0.755523 1.04049 0.650699 0.927968 0.497368 0.982246 0.390487 1.19907 0.408781 0.224372 0.781585 0.642483 0.087081 1.1231 0.733216 0.931034 0.325323 0.415443 0.580262 1.09343 0.844413 0.622137 0.292074 0.521866 0.605079 0.233563 0.392662 0.690833 1.01859 1.01959 0.732496 0.683785 0.450551
0.948069 1.00387 0.495915 0.616626 0.631718 0.53288 0.229829 0.679477 0.347397 0.673981 0.417005 0.472828 0.822468 1.03031 0.561116 0.0868347 0.339566 0.776086 1.04306 0.645156 0.791199 0.285165 0.694525 0.684802 0.986122 0.471044 0.481491 0.60477 0.711975 1.07982 0.804214 0.873566 0.56781 0.145562 0.208579 0.858742 0.418167 0.952192 0.468164 0.99275 0.972193 0.80336 0.693174 0.922119 0.703215 0.796315 0.288581 0.978326 0.528927 0.934308 0.345672 0.444166 0.581264 0.937216 0.257675 1.05347 0.692533 0.903129 0.292775 0.516237 0.519164 1.19341 0.888075 0.683837 0.270765 0.64649 0.594323 0.298094 0.526586 0.476905 0.968124 0.953216 0.568321 0.73406 0.591252
0.867647 1.05835 0.345002 0.691093 0.841852 0.570109 0.278568 0.919091 0.147223 0.799492 0.510694 0.494576 0.712663 0.850113 0.84494 0.227423 0.284111 0.630565 1.18547 0.564469 0.899072 0.516369 0.686666 0.9 0.732888 0.616786 0.538947 0.615603 0.864822 1.08116 0.694596 1.01129 0.738718 0.247095 0.365338 0.943892 0.327723 0.982468 0.410369 0.977215 0.846044 0.650023 0.633587 1.16079 0.782204 0.74378 0.481954 1.00599 0.530005 1.07747 0.180474 0.192275 0.549722 0.931144 0.163584 0.881557 0.899083 1.0271 0.352707 0.386277 0.549035 1.24363 0.710884 0.686837 0.180333 0.705409 0.656139 0.371188 0.437624 0.54522 1.11673 0.862199 0.748246 0.839224 0.630437
