25 75
1.04186 0.77283 1.11195 1.08243 0.727242 0.204202 0.207415 1.02754 0.676381 0.848346 0.620146 0.507612 0.960397 0.697352 0.515852 0.74906 1.18645 0.788824 0.41896 0.0641817 0.588054 0.161252 0.239799 1.10412 0.452338 0.138979 0.894454 0.699722 1.01403 1.14442 0.80123 1.17176 0.263503 1.19911 0.440067 0.478561 0.611711 0.116005 0.25228 0.715674 0.485437 0.475814 0.982861 0.422588 0.920412 1.1426 0.766305 0.415549 0.286291 0.690772 0.49932 0.285656 0.430955 0.229882 0.18504 0.594507 0.944873 0.433189 0.234213 1.16116 0.349876 0.486705 0.874785 0.895486 0.506446 0.127997 0.594916 1.0837 0.987539 0.416041 0.892084 0.561703 0.541871 0.447276 0.37793
0.954554 0.769772 0.92511 0.965643 0.810872 0.291578 0.371441 1.08368 0.547826 0.763812 0.508407 0.539086 0.939111 0.754532 0.278777 0.841445 1.05808 0.833317 0.480989 0.0976661 0.530404 0.418077 0.3244 1.23839 0.422574 0.296891 1.03229 0.596496 0.825077 1.20562 0.692456 1.09217 0.178504 1.05905 0.630384 0.478319 0.79694 0.232339 0.431819 0.717867 0.757372 0.605441 1.06272 0.676391 0.953681 1.09592 0.822003 0.53082 0.328003 0.79818 0.397353 0.390836 0.381604 0.374784 0.376927 0.630086 0.917309 0.616825 0.289049 0.999716 0.444856 0.244767 0.810861 0.995135 0.428089 0.167218 0.757812 1.04135 0.880763 0.426822 0.841258 0.730783 0.638913 0.363605 0.382554
1.04232 0.648333 0.8676 0.982612 0.54471 0.293375 0.136406 1.15482 0.706408 0.728366 0.531874 0.405158 0.960621 0.831747 0.543099 0.898823 1.09117 0.727034 0.457929 0.0667945 0.357993 0.23037 0.115053 1.24513 0.497787 0.114158 0.822012 0.597959 1.04237 0.979648 0.682818 0.96084 0.39576 1.22465 0.601063 0.283354 0.762564 0.0825537 0.341266 0.780584 0.570755 0.422633 0.931936 0.562382 0.761595 1.08188 0.72675 0.584462 0.192796 0.749546 0.539034 0.427272 0.423666 0.190465 0.130737 0.466143 0.945329 0.462634 0.365797 1.21989 0.448158 0.221647 0.849294 1.01744 0.430706 0.363465 0.659611 1.1906 0.79273 0.324095 0.929109 0.720882 0.674518 0.568105 0.429031
0.923226 0.77439 0.843398 0.944203 0.524792 0.344359 0.157353 1.09444 0.654478 0.789058 0.537741 0.468458 1.00169 0.714104 0.531387 0.751156 1.20245 0.714001 0.424111 0.0607237 0.368502 0.146573 0.338926 1.10154 0.584169 0.224519 1.04187 0.628138 1.04092 1.18917 0.875616 1.12122 0.270054 1.18617 0.596965 0.22951 0.729318 0.0926221 0.410215 0.752605 0.564247 0.551388 1.0722 0.527002 0.919933 0.932231 0.909246 0.512838 0.313796 0.769875 0.392917 0.431329 0.451182 0.375432 0.362839 0.522835 0.72953 0.422863 0.244758 1.1664 0.366326 0.32318 0.668513 1.00356 0.36873 0.382671 0.769094 0.963265 0.987743 0.420693 0.984076 0.798777 0.789586 0.354938 0.24865
0.889641 0.581839 1.12629 1.18605 0.811584 0.341101 0.230188 1.14297 0.724189 0.710828 0.55416 0.429366 1.15142 0.781754 0.473928 0.823835 1.18188 0.804051 0.43475 0.227925 0.589255 0.338334 0.0841035 1.09242 0.37113 0.0912016 0.844517 0.675952 0.968049 1.25701 0.666127 1.17732 0.291763 1.2069 0.55138 0.38322 0.698164 0.0953485 0.349767 0.756252 0.732954 0.474784 0.900185 0.496421 0.960593 1.0802 0.683323 0.460039 0.329902 0.736205 0.454493 0.419113 0.404567 0.432438 0.233861 0.389395 0.879858 0.610475 0.353242 1.1922 0.20836 0.374235 0.75811 0.983167 0.341064 0.256662 0.681217 1.09181 0.94854 0.366169 1.00526 0.758223 0.635818 0.543515 0.342659
0.82497 0.709276 0.945243 1.06169 0.550435 0.240574 0.176615 1.07901 0.565086 0.767802 0.597384 0.540577 0.899919 0.611765 0.32961 0.766558 1.16763 0.73575 0.432821 0.210662 0.365669 0.363037 0.377167 1.1175 0.383179 0.104736 1.05222 0.679059 1.02048 1.16243 0.932425 1.02818 0.210367 1.14885 0.452862 0.370132 0.73515 0.0651216 0.384008 0.822693 0.527251 0.609473 0.861353 0.552461 0.696066 0.957337 0.744277 0.466116 0.20855 0.819648 0.448966 0.224265 0.607907 0.265272 0.239582 0.531461 0.875366 0.405612 0.196436 1.18332 0.342097 0.342573 0.875457 1.03826 0.427199 0.326999 0.58133 1.0465 1.01835 0.454639 1.002 0.765151 0.791329 0.361415 0.285978
0.800054 0.615365 0.842946 1.22134 0.821068 0.308571 0.375168 1.03761 0.648744 0.737623 0.681221 0.479298 0.945815 0.623953 0.397409 0.662356 0.952009 0.735915 0.472405 0.0722361 0.322811 0.231644 0.193235 0.958613 0.540915 0.289924 0.884049 0.576567 0.968937 1.04294 0.730728 1.07874 0.34848 1.25477 0.502073 0.327707 0.693556 0.149553 0.510931 0.675147 0.499146 0.391591 1.06929 0.58279 0.781973 1.08634 0.894829 0.630626 0.148318 0.798037 0.498574 0.19888 0.369499 0.283373 0.264961 0.609846 0.809932 0.585687 0.20076 1.243 0.423963 0.501774 0.806085 0.841308 0.302207 0.218394 0.778655 1.0115 0.937576 0.316337 1.05776 0.768618 0.564352 0.456952 0.36485
1.02541 0.807309 1.03165 1.14785 0.649729 0.28148 0.224544 1.02865 0.663675 0.778925 0.678521 0.441431 0.964791 0.778273 0.518155 0.911985 1.12312 0.609446 0.546418 0.0901399 0.465651 0.416162 0.211397 1.06217 0.636019 0.159644 1.06117 0.520455 0.858835 1.15926 0.756742 1.12441 0.203558 1.00677 0.577314 0.224016 0.682009 0.294007 0.471395 0.724245 0.752088 0.450565 0.796807 0.498845 0.963178 0.957219 0.80741 0.436618 0.286549 0.831682 0.4754 0.396616 0.533832 0.379661 0.33407 0.553257 0.950785 0.630377 0.192912 0.99389 0.343968 0.458278 0.652604 0.955041 0.437134 0.193293 0.718163 1.02095 1.03923 0.383083 0.882 0.544445 0.775932 0.462757 0.289586
0.876412 0.838315 1.00785 0.970096 0.821808 0.227197 0.0959059 1.07412 0.753537 0.937788 0.683816 0.423809 1.05806 0.58042 0.381939 0.689672 1.094 0.832769 0.462238 0.136402 0.371355 0.266517 0.334388 1.14473 0.526621 0.334276 1.04119 0.515616 0.954283 1.19858 0.856036 1.00643 0.21542 1.02536 0.445172 0.265472 0.864766 0.197283 0.466425 0.779883 0.759062 0.525941 0.92475 0.682723 0.75939 1.01069 0.707829 0.661755 0.22176 0.703891 0.45532 0.286181 0.41054 0.24102 0.268639 0.609114 0.777136 0.446221 0.204645 1.24126 0.216918 0.365671 0.781882 0.968497 0.476806 0.193694 0.851664 0.917865 0.962158 0.230555 0.791501 0.726955 0.725609 0.31934 0.308016
0.863268 0.727662 0.852952 0.951017 0.548912 0.273618 0.204935 1.10365 0.606176 0.870945 0.791891 0.582869 1.05046 0.739761 0.413665 0.738165 0.942823 0.687984 0.339391 0.30265 0.422655 0.415515 0.368307 1.20342 0.585991 0.255468 1.00895 0.760883 0.887895 0.979478 0.785277 1.10475 0.336824 1.08013 0.569704 0.314073 0.762709 0.183752 0.416117 0.615391 0.684563 0.622508 0.796517 0.435444 0.745767 0.966317 0.785642 0.620486 0.227235 0.826984 0.618486 0.245806 0.625782 0.243162 0.311709 0.407216 0.975148 0.625571 0.283406 1.25343 0.47348 0.481534 0.757389 0.886837 0.241842 0.135516 0.627499 1.13477 0.875947 0.258276 0.824253 0.56438 0.703916 0.493627 0.216006
1.04942 0.71035 1.03902 1.18431 0.664162 0.254401 0.214108 0.992041 0.545898 0.686933 0.786916 0.366412 1.15934 0.784922 0.279204 0.826354 1.01101 0.551564 0.359067 0.154787 0.531678 0.428499 0.0868599 1.07105 0.533035 0.362903 0.829417 0.71612 0.823624 1.15156 0.911188 1.16145 0.417284 1.0208 0.693264 0.280538 0.632485 0.259112 0.403886 0.639467 0.658911 0.493015 0.797755 0.490186 0.766577 1.01538 0.759173 0.589771 0.160851 0.610302 0.618139 0.211232 0.36783 0.378572 0.301298 0.598051 0.824106 0.452897 0.281169 1.19273 0.411511 0.372293 0.615621 0.966196 0.490403 0.215785 0.753315 0.924409 0.94968 0.346917 0.782635 0.613453 0.50626 0.318854 0.201161
0.913354 0.769387 1.10995 1.03425 0.648324 0.459532 0.0968096 1.15569 0.616389 0.771451 0.58394 0.577972 1.10333 0.60131 0.404345 0.857864 1.18385 0.645989 0.370149 0.21519 0.559478 0.132095 0.125682 1.01891 0.623846 0.339287 0.91602 0.525319 0.827628 1.1212 0.781896 1.03799 0.328081 1.00491 0.619639 0.252181 0.65244 0.110834 0.391853 0.69329 0.595905 0.387652 0.953105 0.49743 0.849863 1.13355 0.859039 0.551946 0.160673 0.847459 0.343609 0.43914 0.632958 0.486693 0.188553 0.455297 0.86231 0.645666 0.248014 1.18482 0.306233 0.325673 0.841026 1.10568 0.461015 0.167574 0.803915 1.15063 0.897711 0.337703 0.950674 0.574366 0.649405 0.419897 0.430321
0.816486 0.721585 1.07596 1.05992 0.782706 0.380842 0.253001 0.982259 0.747112 0.761202 0.77524 0.57521 1.13299 0.6749 0.318656 0.880099 1.20061 0.716522 0.454345 0.133768 0.428797 0.3664 0.273218 0.95875 0.633102 0.211332 0.934123 0.484622 0.859485 1.19284 0.924638 1.1253 0.173981 1.2078 0.655935 0.326236 0.647267 0.099561 0.409547 0.800054 0.484687 0.387225 0.941429 0.665057 0.68751 0.918032 0.943381 0.450283 0.299218 0.857913 0.417176 0.265895 0.375919 0.484481 0.409992 0.402813 0.897846 0.547555 0.397542 1.07219 0.231012 0.313879 0.705499 0.969659 0.429317 0.135867 0.775929 1.16918 0.951795 0.269506 0.829262 0.572471 0.704112 0.330714 0.166792
0.831623 0.7256 0.897498 1.1494 0.65475 0.336722 0.316581 1.07716 0.770447 0.867172 0.680263 0.3594 1.06354 0.808153 0.299988 0.769501 1.08271 0.727321 0.514597 0.0806207 0.587747 0.302491 0.291777 1.10727 0.386375 0.220643 0.979157 0.547848 0.870961 1.0472 0.769441 1.02122 0.304906 1.1949 0.598923 0.203708 0.761162 0.199405 0.269042 0.685111 0.654349 0.362423 1.01388 0.428335 0.904238 1.06495 0.684383 0.635604 0.361696 0.84116 0.52874 0.326735 0.611687 0.395109 0.16202 0.474935 0.807001 0.512116 0.23314 0.990057 0.314588 0.286876 0.883937 0.978811 0.337021 0.145032 0.781136 1.09631 1.02382 0.324585 0.933232 0.655217 0.60889 0.305957 0.36995
1.05396 0.689506 0.947486 0.956764 0.730447 0.188868 0.326095 0.998171 0.610406 0.695454 0.662411 0.390094 1.05147 0.559103 0.339459 0.666998 1.11254 0.59913 0.513372 0.160334 0.316467 0.128924 0.299594 1.11493 0.52719 0.330008 0.830532 0.514344 1.04041 1.08893 0.668865 1.12662 0.397113 0.992797 0.713283 0.322683 0.714786 0.2325 0.246974 0.569169 0.756151 0.42784 0.852961 0.59842 0.888481 0.930268 0.91682 0.476739 0.10696 0.795915 0.439253 0.425814 0.424413 0.29805 0.29796 0.382341 0.762233 0.644376 0.420955 1.0691 0.478633 0.266079 0.627105 0.975627 0.486328 0.343549 0.775694 1.0099 0.983277 0.2901 0.895578 0.811181 0.797595 0.50607 0.426265
0.882292 0.589325 0.917153 1.09061 0.668271 0.237101 0.350238 0.907093 0.746953 0.780879 0.741001 0.356857 1.0222 0.694299 0.369767 0.908308 0.942215 0.631499 0.549536 0.269565 0.428961 0.157028 0.0836802 1.12395 0.523117 0.206559 1.0599 0.771182 1.04374 1.17187 0.857006 1.07198 0.393628 1.15113 0.650341 0.227813 0.84632 0.237724 0.468931 0.538842 0.673189 0.52481 1.07213 0.605767 0.972805 1.07857 0.828666 0.555569 0.161511 0.806504 0.369121 0.421909 0.46584 0.195002 0.412314 0.397191 0.949153 0.417317 0.207873 1.09751 0.348242 0.499086 0.644947 0.926063 0.329028 0.15029 0.61411 1.01142 0.983878 0.370568 0.768221 0.811783 0.643689 0.319174 0.227428
0.979268 0.640302 1.04124 0.968462 0.659884 0.250682 0.0977437 1.1688 0.674039 0.855045 0.588253 0.384397 0.943903 0.593682 0.405472 0.837373 1.15415 0.595757 0.423737 0.132336 0.574711 0.160599 0.157649 0.972344 0.487504 0.335674 0.940331 0.723502 0.819495 1.07702 0.861752 1.19874 0.191714 1.13048 0.551506 0.392661 0.667538 0.311466 0.375672 0.676095 0.48479 0.592451 0.92408 0.50655 0.895598 0.916542 0.902681 0.555907 0.353935 0.831199 0.541033 0.292842 0.508302 0.466751 0.377272 0.532832 0.827163 0.659183 0.252391 1.07052 0.251044 0.375534 0.768127 1.07117 0.418669 0.315278 0.605446 1.18337 0.816853 0.294425 0.884461 0.711204 0.612369 0.339591 0.251039
1.00056 0.719949 1.12535 1.12153 0.57193 0.451274 0.330124 1.13886 0.639555 0.844879 0.717364 0.340001 0.955713 0.650714 0.531737 0.819069 1.04917 0.548295 0.472616 0.326817 0.572129 0.237703 0.306743 0.967195 0.52227 0.354633 0.908442 0.618377 0.92539 1.01106 0.795739 1.24793 0.207009 1.13845 0.42725 0.465965 0.633405 0.189551 0.507699 0.828383 0.710985 0.434557 0.809779 0.61168 0.72541 0.916625 0.748843 0.588855 0.158856 0.569456 0.607648 0.399758 0.368942 0.210847 0.220605 0.459085 0.853309 0.396278 0.392665 1.06928 0.272777 0.327296 0.876645 1.01195 0.232533 0.260277 0.836888 1.07923 1.06308 0.247208 0.902337 0.753399 0.708688 0.315565 0.393364
0.830212 0.691829 1.01058 1.14333 0.700805 0.212047 0.335964 1.12248 0.555697 0.803814 0.700381 0.468911 1.04698 0.655672 0.251558 0.643347 1.06594 0.562122 0.426979 0.240987 0.5207 0.131051 0.133028 1.12715 0.490345 0.239594 1.04964 0.613002 0.905118 1.0422 0.715069 1.09907 0.229505 1.10998 0.527006 0.452358 0.835497 0.191753 0.319487 0.787263 0.576591 0.418575 0.846957 0.62745 0.835486 0.934079 0.788403 0.476151 0.229225 0.656112 0.461853 0.194778 0.606717 0.188618 0.332679 0.429714 0.857201 0.433091 0.273417 1.02527 0.262578 0.376802 0.734382 1.09614 0.426742 0.340417 0.808235 0.944436 0.840268 0.418271 0.976399 0.726363 0.551805 0.420323 0.360191
1.04021 0.76518 0.840999 1.22558 0.686016 0.182371 0.146622 1.09036 0.572946 0.759493 0.601408 0.503586 1.10797 0.549924 0.536005 0.773835 0.938815 0.633513 0.365485 0.105318 0.522167 0.408843 0.20948 1.24276 0.627071 0.367362 1.05562 0.751595 1.05831 1.18299 0.832342 1.11754 0.300414 1.00092 0.440883 0.405499 0.582643 0.158667 0.380313 0.604196 0.627409 0.629763 0.929959 0.606959 0.727958 0.957968 0.780406 0.46965 0.124346 0.784715 0.497589 0.178806 0.572298 0.283477 0.182597 0.585662 0.815586 0.399722 0.428511 1.00861 0.241143 0.504385 0.794653 0.940339 0.401045 0.261999 0.719756 0.974282 1.07475 0.384832 0.818968 0.717552 0.760494 0.438871 0.434424
0.940378 0.792877 1.05703 1.02638 0.667103 0.2207 0.267611 1.09877 0.701441 0.835103 0.705922 0.4316 0.996394 0.771125 0.379534 0.75977 1.04163 0.688742 0.47756 0.0719161 0.347525 0.42242 0.333664 0.947211 0.627718 0.213007 0.939065 0.742594 0.91762 1.0857 0.756672 1.07131 0.427083 0.988828 0.697084 0.4229 0.865567 0.122324 0.436286 0.534226 0.605509 0.431575 1.04956 0.402585 0.889297 1.01863 0.72869 0.509372 0.395038 0.600362 0.417272 0.341801 0.52169 0.32742 0.207016 0.383582 0.861675 0.436093 0.295299 1.09721 0.491507 0.282878 0.815664 0.864657 0.332858 0.398206 0.626421 0.894759 1.00261 0.380869 0.78636 0.525113 0.691978 0.416992 0.365832
1.03157 0.721525 1.02703 1.05587 0.653624 0.345294 0.224066 1.05932 0.590683 0.876228 0.622026 0.403675 0.892591 0.677151 0.325419 0.681668 1.17496 0.757746 0.366903 0.103551 0.463678 0.244193 0.211046 0.967152 0.524351 0.319843 0.956424 0.4795 1.06479 1.22325 0.732375 1.11438 0.327199 1.11949 0.651986 0.451481 0.778934 0.305191 0.215446 0.822757 0.570248 0.429593 0.824672 0.693374 0.822998 0.953655 0.919199 0.52996 0.23204 0.799137 0.479463 0.377849 0.380792 0.229028 0.22571 0.640256 0.796334 0.551345 0.325978 1.06879 0.500058 0.215838 0.79359 1.0039 0.260693 0.258977 0.681595 0.922539 0.814193 0.285074 0.976699 0.637417 0.530234 0.510866 0.317931
0.841423 0.770157 1.08362 1.17426 0.728262 0.27878 0.327316 1.01639 0.608282 0.730435 0.741328 0.445682 0.977898 0.716071 0.424736 0.852495 1.15402 0.751746 0.514042 0.331508 0.326905 0.256173 0.193736 1.05903 0.630872 0.0891855 0.99021 0.693993 0.899878 1.24624 0.690669 1.03182 0.416894 1.12797 0.686478 0.458105 0.592262 0.257545 0.224158 0.829579 0.586172 0.616047 0.924809 0.598177 0.871117 0.875417 0.681365 0.466969 0.302913 0.827555 0.610324 0.19043 0.482745 0.351234 0.412382 0.394727 0.860783 0.565458 0.432996 1.22371 0.482897 0.392936 0.628314 1.10311 0.265569 0.152462 0.591679 1.03601 0.859239 0.345227 1.0175 0.5306 0.563879 0.414624 0.251465
0.864288 0.773951 0.977186 0.962069 0.673795 0.350956 0.338153 1.10546 0.670357 0.967643 0.641726 0.458391 0.907998 0.739317 0.542946 0.802638 1.05313 0.675293 0.483379 0.0682144 0.348122 0.3282 0.123717 1.18345 0.446204 0.193901 1.00667 0.610748 0.972184 1.05202 0.761515 1.08695 0.411067 1.00432 0.689494 0.364177 0.702064 0.0485427 0.325207 0.574028 0.520846 0.543182 1.02252 0.56155 0.707192 1.04821 0.935915 0.477793 0.195198 0.621449 0.415054 0.200653 0.546548 0.240554 0.169211 0.607559 0.903153 0.569842 0.235228 1.04028 0.277199 0.452492 0.751699 1.11636 0.297121 0.396332 0.81747 0.978098 0.858966 0.442818 1.02751 0.820805 0.683254 0.570307 0.2012
0.984246 0.722662 0.994802 1.09621 0.789777 0.315278 0.179317 1.07449 0.660291 0.782769 0.703756 0.557292 0.97761 0.763251 0.33338 0.684975 1.22171 0.748784 0.362929 0.226388 0.469301 0.361047 0.145437 1.23441 0.418008 0.112206 0.936603 0.620777 0.961368 1.2267 0.905081 0.99271 0.278574 1.03936 0.703013 0.353999 0.610773 0.173867 0.452418 0.586256 0.738326 0.43045 1.06008 0.486334 0.935851 1.03269 0.681845 0.503259 0.194825 0.587683 0.494347 0.34355 0.627939 0.373677 0.33903 0.459751 0.761198 0.480456 0.266013 1.1467 0.492672 0.365914 0.768505 1.0784 0.349717 0.28792 0.631814 0.967649 0.890411 0.367003 1.00697 0.735331 0.704809 0.443318 0.34616
