25 75
0.771457 0.455799 0.106627 1.00516 0.341506 0.232813 1.03521 0.640706 1.14425 0.911878 0.874521 0.897174 0.924228 0.332213 0.609222 0.515904 0.212046 1.04804 0.862005 0.635785 0.965659 0.223221 1.16194 0.564884 0.0487339 1.09968 1.00974 0.989861 0.894672 0.334376 0.497335 1.02447 1.04003 0.397358 0.233499 0.208774 1.26971 0.239471 1.16597 0.90256 0.626633 0.935976 1.04135 0.409186 1.01447 0.512015 1.06511 0.63015 0.751685 0.664975 0.618962 0.857947 0.953265 0.478779 0.260487 0.90612 0.665067 0.0201434 0.801904 0.489288 0.717773 0.31969 0.769047 0.791126 0.962603 0.879322 0.959971 0.277474 0.615249 0.685624 0.0621477 0.0586556 0.985897 0.700275 0.536332
0.89155 0.522185 0.299147 1.03113 0.347469 0.315754 1.0866 0.50323 1.20939 1.05456 1.10631 1.07674 0.83439 0.310571 0.639835 0.431869 0.389946 1.08366 0.995209 0.604822 1.18014 0.302779 1.00741 0.643834 0.0739961 0.958072 0.970761 1.22473 0.670596 0.386244 0.482323 0.98445 0.896622 0.435033 0.260221 0.35207 1.22622 0.18678 1.04418 1.07059 0.637529 1.03428 1.10079 0.38502 1.0198 0.696151 0.969993 0.435089 0.835968 0.731625 0.829554 1.10608 0.944893 0.471977 0.252946 0.802639 0.924573 0.115489 0.800932 0.617621 0.637677 0.385276 0.863156 0.913966 1.08286 1.02568 1.10531 0.273576 0.391284 0.651434 0.191431 0.309169 0.846064 0.589345 0.322747
0.823727 0.497816 0.188053 0.788171 0.526941 0.246775 0.909874 0.614154 1.14707 0.867496 1.04283 0.833465 0.822528 0.290421 0.840113 0.492442 0.228233 1.00727 1.03689 0.819512 1.09198 0.182886 1.11967 0.568004 0.299777 0.962826 0.817557 0.982274 0.802233 0.253852 0.454776 0.931052 0.856368 0.34659 0.177677 0.377192 1.09393 0.179074 1.07572 1.05999 0.665647 1.17292 0.889008 0.580526 1.02743 0.612803 1.00981 0.49611 0.851566 0.708606 0.833145 0.85485 0.903986 0.51865 0.231214 0.855239 0.72908 0.117381 0.884379 0.502134 0.726735 0.301672 0.82859 0.786514 1.11521 0.984597 1.21986 0.327906 0.500781 0.66391 0.0634717 0.257191 0.856374 0.686047 0.597842
0.988686 0.52439 0.0942826 0.90166 0.30547 0.290262 1.10518 0.460974 1.16088 1.02015 1.1364 1.00861 0.749774 0.33656 0.614133 0.513623 0.369701 1.28686 0.901057 0.58304 0.924226 0.140977 1.24542 0.672118 0.220151 1.06634 0.90349 1.19991 0.784606 0.177176 0.567863 1.06698 1.05452 0.243272 0.460262 0.253309 1.14862 0.211795 1.1743 0.974538 0.383062 1.0648 1.11437 0.437789 1.10727 0.614472 1.02487 0.57675 0.739858 0.819751 0.664747 1.04786 0.881139 0.585865 0.371698 0.682509 0.72759 0.0355386 0.829611 0.649341 0.656042 0.292027 0.752428 0.991518 1.0852 1.06007 1.17958 0.259012 0.643371 0.828644 0.313427 0.31801 0.904081 0.551454 0.446408
0.92759 0.365816 0.077574 0.829827 0.364054 0.133121 0.869043 0.439224 1.08899 0.851309 1.03252 1.11295 0.813021 0.223088 0.798881 0.478981 0.396608 1.0087 0.866349 0.567598 0.912888 0.244486 1.23799 0.610678 0.143749 1.08649 1.01749 1.13208 0.600764 0.440422 0.536301 0.772462 1.06389 0.431423 0.40611 0.188007 1.0108 0.147915 1.26274 1.1334 0.409167 0.987067 0.958317 0.525957 1.08952 0.739683 1.18194 0.601699 0.790812 0.776946 0.702733 0.968333 0.925493 0.43158 0.256053 0.653125 0.86093 0.189932 0.991919 0.695013 0.482328 0.340427 0.891955 0.72871 1.00326 1.04577 0.993944 0.276378 0.568375 0.68543 0.184218 0.294576 0.772377 0.623222 0.398455
0.919692 0.285187 0.204654 0.979184 0.515471 0.237456 1.09683 0.516246 1.24339 0.892178 0.972989 1.12344 0.904396 0.288824 0.788884 0.427041 0.384531 0.988555 0.899799 0.658747 1.15361 0.0834923 1.13576 0.809473 0.195856 1.16076 1.02337 1.21047 0.767083 0.173048 0.450559 0.872841 1.04107 0.1716 0.173805 0.147775 1.1837 0.0406599 1.14836 0.979633 0.67093 1.09245 1.00385 0.524412 0.958623 0.608718 1.0949 0.439899 0.84291 0.900997 0.835132 0.865905 0.891462 0.596494 0.305643 0.883962 0.759987 0.157265 0.894818 0.490364 0.546317 0.243774 0.773448 0.938915 0.933767 0.989561 1.0967 0.0667074 0.57436 0.537588 0.230244 0.174069 0.974896 0.669202 0.473027
1.0667 0.507497 0.167919 1.00031 0.402731 0.237157 0.828437 0.438731 1.25188 0.953531 0.940738 0.96911 0.932645 0.313654 0.768886 0.581769 0.435281 1.04605 0.824917 0.676917 0.988544 0.284514 1.12044 0.655607 0.275218 0.959242 0.792643 1.17836 0.760821 0.274755 0.49541 0.980444 0.917247 0.299974 0.188531 0.161565 1.04367 0.218036 1.02466 1.14418 0.573707 1.03469 0.924924 0.486366 1.0791 0.755065 1.07557 0.490587 0.884896 0.657349 0.741996 1.02351 0.917209 0.348397 0.214434 0.858132 0.659764 0.146047 1.01247 0.631766 0.631494 0.276908 0.74808 0.974164 1.16486 1.00934 1.2373 0.131026 0.411954 0.663665 0.115705 0.305315 0.891754 0.468637 0.409772
0.862967 0.444386 0.0688602 0.842328 0.420856 0.173097 0.984638 0.524341 1.11042 0.850355 1.00768 1.07283 0.751393 0.282372 0.831811 0.637367 0.258058 1.27154 0.862155 0.803582 0.992044 0.259796 1.01672 0.777709 0.317352 1.09985 0.787746 0.994447 0.889611 0.325746 0.549285 0.968253 0.974125 0.405874 0.407093 0.378377 1.09848 0.120694 1.03503 0.939491 0.532555 0.918093 1.00302 0.440878 1.22654 0.675352 1.05124 0.424783 0.807425 0.67619 0.849253 0.929484 0.985623 0.419392 0.389653 0.898232 0.648283 0.0305167 0.875362 0.468973 0.714204 0.239375 0.897713 0.935448 1.02188 0.863698 1.06657 0.332332 0.586384 0.534042 0.0441815 0.149516 0.746 0.458803 0.563762
0.926881 0.469078 0.301105 1.02782 0.431408 0.144776 0.865972 0.587585 1.2584 1.06693 0.90648 0.935167 0.887468 0.25634 0.628797 0.442478 0.206485 1.06737 0.901788 0.792196 0.902687 0.0749731 0.999995 0.601908 0.144882 1.07061 0.904532 1.16969 0.848393 0.305986 0.428196 1.0647 0.971625 0.20746 0.439294 0.351485 1.18719 0.266695 1.15536 0.933935 0.549546 0.984487 1.0814 0.608675 1.07804 0.555699 1.06743 0.510931 0.97988 0.809802 0.60243 0.947328 0.82302 0.472336 0.328375 0.78571 0.796106 0.0638556 0.806464 0.579965 0.626849 0.274023 0.914451 0.778893 1.03538 1.0389 1.24127 0.0669924 0.66196 0.736955 0.112102 0.0628832 0.758683 0.471815 0.391513
1.01104 0.390776 0.078657 0.792065 0.327219 0.0458018 1.10138 0.427475 1.14245 1.04211 0.981556 0.970079 0.871038 0.245464 0.77154 0.522474 0.318558 1.26281 0.800561 0.552201 1.05785 0.137274 1.11595 0.597953 0.264491 0.949327 0.756413 1.0144 0.769257 0.270284 0.617388 1.01053 0.923148 0.276922 0.352856 0.376545 1.01001 0.210924 1.27172 1.09072 0.423531 0.934025 0.98643 0.370727 0.950554 0.736914 1.06362 0.624626 0.730798 0.809034 0.708596 1.10011 0.842445 0.58287 0.379554 0.681 0.708524 0.149559 0.977956 0.75067 0.7003 0.246234 0.771806 0.992794 0.941888 1.05914 1.06063 0.173027 0.58772 0.688466 0.178972 0.205316 0.941416 0.581378 0.346291
0.99204 0.275407 0.14366 1.06321 0.306801 0.0617812 0.986198 0.60356 1.09107 0.887513 1.08802 0.865892 0.929954 0.0880556 0.801541 0.460011 0.185128 1.2776 0.908049 0.611455 1.11213 0.0778633 1.18469 0.539775 0.0520667 0.975278 0.737561 1.00938 0.778053 0.17234 0.559074 0.939289 0.885987 0.198362 0.324632 0.22332 1.09846 0.0859646 1.09812 0.930593 0.566911 0.933476 1.04882 0.624897 1.11688 0.513071 1.19812 0.580688 1.00126 0.875325 0.74737 1.01722 0.841798 0.370441 0.35868 0.9074 0.705648 0.248097 0.906685 0.502871 0.597319 0.235391 0.724448 1.0092 1.15544 0.776641 1.15469 0.204981 0.66775 0.821928 0.173231 0.147977 0.775011 0.718024 0.511636
0.95963 0.56029 0.182981 1.05329 0.380018 0.0269181 0.95362 0.523915 1.0821 1.00784 0.874882 0.894834 0.843597 0.143064 0.881321 0.619546 0.256276 1.01736 0.843271 0.532283 0.98389 0.292785 1.23478 0.704424 0.148579 1.03826 1.01955 1.15696 0.828878 0.197167 0.357307 0.918 1.02388 0.297715 0.329094 0.214831 1.23119 0.206625 1.07587 0.987431 0.53087 0.989756 1.01459 0.482854 1.17898 0.573364 1.2228 0.553065 0.864325 0.745125 0.768421 0.990865 0.952056 0.426329 0.417913 0.847632 0.905748 0.302439 0.970141 0.685076 0.616256 0.155688 0.756205 0.772477 1.00535 1.06679 1.03671 0.172821 0.404125 0.72915 0.0701611 0.324892 0.735642 0.692591 0.500066
1.02839 0.299831 0.361918 0.986896 0.523983 0.16276 0.927671 0.426374 1.18427 0.872853 0.915575 1.12612 0.673807 0.362845 0.725113 0.668305 0.259976 1.26288 0.893038 0.722079 1.10861 0.228433 1.13204 0.74654 0.275537 1.06474 0.72665 1.1673 0.79409 0.333195 0.443776 0.91293 0.864833 0.200319 0.194875 0.215473 1.07844 0.294223 1.17441 0.917749 0.389961 0.959996 1.15021 0.52177 1.16104 0.670454 1.0001 0.530791 0.802267 0.641767 0.635577 0.967093 0.95846 0.49631 0.387674 0.908554 0.943873 0.122322 1.05249 0.654598 0.547408 0.116026 0.790281 0.840482 1.09525 0.931362 1.05105 0.106494 0.631684 0.710544 0.132602 0.172354 0.872449 0.660601 0.51324
0.769285 0.497406 0.204774 1.00328 0.306022 0.201501 1.09273 0.615105 1.20276 0.997068 0.972108 0.951469 0.830845 0.232872 0.627663 0.598243 0.422449 1.0451 0.986923 0.548335 1.19367 0.160778 1.15149 0.777868 0.25679 1.15878 0.919673 1.03231 0.718282 0.273138 0.585728 0.92934 0.919306 0.206347 0.292758 0.301782 1.13991 0.269926 1.03122 1.02093 0.425223 1.08191 1.03185 0.469519 1.12388 0.795123 1.15803 0.443828 0.799664 0.755101 0.654741 1.04773 0.737876 0.435476 0.151082 0.866056 0.858968 0.181228 0.812262 0.499511 0.701228 0.267466 0.971235 0.808833 1.12691 0.864192 1.10242 0.33253 0.419351 0.669684 0.254231 0.156847 0.74765 0.538873 0.378863
0.898 0.368509 0.321188 1.04765 0.467988 0.146132 0.895345 0.698675 1.14945 0.929421 1.04479 0.909057 0.665983 0.186491 0.847645 0.496549 0.426529 1.03318 1.00847 0.564207 0.978327 0.322982 1.28102 0.61578 0.0954786 1.0138 0.726637 0.981994 0.798647 0.279809 0.383716 1.06095 1.0382 0.259156 0.411643 0.338239 1.02 0.0775076 1.2216 1.10426 0.58185 0.966125 1.04618 0.531475 1.03625 0.595463 1.03122 0.64365 0.905255 0.658696 0.58438 0.855831 0.998454 0.479552 0.16505 0.935775 0.859124 0.275504 0.915035 0.754412 0.495665 0.135869 0.730536 0.939833 0.97641 0.905325 1.15836 0.0593726 0.644892 0.621542 0.269989 0.331673 0.908197 0.583083 0.400183
0.926142 0.321863 0.210662 0.903806 0.399011 0.148433 1.01001 0.550567 1.06067 1.00105 1.07563 1.09906 0.773757 0.127247 0.788753 0.45999 0.277054 1.17151 0.951795 0.785857 1.10486 0.212269 1.08836 0.721764 0.240993 1.1523 0.790011 1.1299 0.735177 0.23771 0.534821 0.951624 0.94507 0.417177 0.429249 0.122569 1.12361 0.212841 1.10641 1.09002 0.483764 0.96778 1.13456 0.60787 1.09332 0.602254 1.04986 0.640763 0.865653 0.830966 0.787413 0.822768 0.857624 0.484278 0.274273 0.824755 0.670625 0.229702 0.922707 0.673605 0.582061 0.245664 0.934537 0.902329 0.924078 0.951173 1.04144 0.114155 0.484903 0.703912 0.185311 0.345657 0.775826 0.620555 0.540342
0.840445 0.455078 0.107832 0.936775 0.35883 0.079227 0.931889 0.445548 1.09334 0.971855 0.903473 0.984998 0.745916 0.114104 0.811652 0.480767 0.300294 1.27603 0.77907 0.650324 1.11826 0.323114 1.17519 0.591284 0.24716 0.964048 0.992127 1.1776 0.850772 0.174524 0.490696 0.998615 0.827505 0.360412 0.287603 0.265092 1.14194 0.255555 1.26226 1.15246 0.590144 0.893984 0.890389 0.378951 1.12512 0.78929 1.14933 0.566288 0.948878 0.674422 0.849789 0.857612 0.859667 0.468586 0.213861 0.930683 0.713203 0.0817546 1.06293 0.702904 0.567131 0.240816 0.84549 0.806581 1.07405 0.873097 0.988269 0.277241 0.647397 0.694846 0.19644 0.272482 0.857504 0.695384 0.503574
0.951224 0.434218 0.329364 0.928988 0.389667 0.314795 0.973652 0.496493 1.213 1.01803 0.974866 0.8739 0.7652 0.366556 0.874546 0.531384 0.262362 1.25557 1.01023 0.824138 0.897285 0.250074 1.01496 0.785017 0.140653 1.17975 0.775666 1.03097 0.812858 0.185939 0.622086 0.815621 0.985446 0.366364 0.301366 0.290799 1.20037 0.110761 1.09323 1.05965 0.530328 1.16861 1.04079 0.430442 1.10651 0.704856 0.949869 0.610628 0.907571 0.82289 0.76844 0.88055 0.846216 0.535565 0.345307 0.737475 0.919903 0.11106 0.909845 0.71205 0.541411 0.256295 0.896321 0.819943 1.10292 0.974959 1.20333 0.120534 0.46625 0.642696 0.11846 0.263016 0.94156 0.679311 0.504082
0.789305 0.396267 0.353026 1.05159 0.271099 0.25591 1.03675 0.647502 1.14405 0.831422 1.10725 1.12602 0.840695 0.296836 0.69347 0.511279 0.278014 1.24413 0.926511 0.685297 1.13006 0.10448 1.24094 0.710834 0.162261 0.906505 0.971207 0.991328 0.779854 0.214875 0.561177 0.846975 0.810255 0.31416 0.282616 0.324383 1.15222 0.0913071 1.24407 0.913457 0.377069 1.07741 1.04998 0.473695 0.981221 0.592143 0.956872 0.655313 0.965316 0.891105 0.860453 0.818682 0.798861 0.480514 0.352864 0.719192 0.822944 0.231397 0.932792 0.720978 0.604412 0.170362 0.917675 0.917888 1.15002 1.03601 0.997001 0.259856 0.640459 0.746199 0.218736 0.0549883 0.738355 0.582671 0.53095
0.842943 0.475952 0.0874193 0.783049 0.390063 0.128691 0.905786 0.596588 1.00999 0.929573 0.931423 0.848914 0.671221 0.262985 0.882515 0.672614 0.442768 1.16526 0.78894 0.639517 0.976547 0.266705 1.24272 0.690346 0.19231 0.940964 0.903685 1.0447 0.639325 0.267958 0.525908 0.876483 0.923924 0.351525 0.41176 0.3439 1.06874 0.151586 1.1872 1.10867 0.413891 1.16399 0.993253 0.426341 0.970779 0.703966 1.1607 0.479669 1.01772 0.889676 0.765867 1.10888 0.909823 0.33585 0.201628 0.879934 0.741221 0.0957471 0.831175 0.518737 0.506244 0.141335 0.958738 0.792105 1.10349 0.910926 1.11251 0.138309 0.384771 0.628331 0.0490802 0.0721012 0.921031 0.50535 0.310783
0.810193 0.348418 0.201966 0.907877 0.345714 0.218478 1.01437 0.430631 1.10664 1.01309 1.14868 0.849379 0.686704 0.316698 0.605933 0.672147 0.407852 1.28593 0.971522 0.619658 1.10853 0.0841737 1.2823 0.61531 0.0950367 1.05007 0.774974 1.05233 0.675508 0.308198 0.468388 1.00813 0.894852 0.21346 0.369427 0.208317 1.00071 0.166199 1.26127 0.887117 0.386084 1.12845 1.07228 0.509257 0.997647 0.715574 1.20392 0.448935 0.766899 0.770056 0.732816 0.908332 0.943124 0.396111 0.349668 0.758179 0.746701 0.274311 0.785868 0.692103 0.691496 0.137013 0.906476 0.934913 1.02528 0.922732 1.23899 0.169081 0.554865 0.75587 0.198241 0.123389 0.965549 0.481387 0.43254
0.780768 0.392487 0.297406 1.02349 0.34343 0.146713 0.954953 0.555344 0.975246 0.992553 0.873608 1.10862 0.709933 0.211603 0.79346 0.543895 0.230004 1.00179 0.806327 0.643299 1.12976 0.276942 1.28162 0.661168 0.208498 0.998139 0.846343 1.16462 0.661337 0.144062 0.431446 0.94325 1.0522 0.19879 0.299373 0.391386 1.16528 0.197709 1.04696 0.950536 0.407862 0.899049 0.935803 0.643597 1.1818 0.802414 0.968906 0.683764 0.854863 0.652538 0.661645 0.884844 0.918444 0.470006 0.238303 0.865304 0.745691 0.055265 0.889621 0.680695 0.571748 0.324342 0.725359 0.809048 1.09555 0.855079 0.966557 0.0604418 0.566907 0.598399 0.151059 0.166014 0.983725 0.68372 0.538824
0.811045 0.47733 0.0846166 0.934886 0.48523 0.0587059 0.856193 0.47439 1.23824 1.00229 1.0916 1.12116 0.752718 0.113659 0.660969 0.632065 0.262483 1.02666 0.917152 0.635808 1.0527 0.282983 1.03506 0.630382 0.316345 1.13221 0.801702 1.1771 0.812444 0.316922 0.421694 0.796069 0.906999 0.256539 0.389676 0.132023 1.17643 0.212108 1.27794 1.06076 0.405922 1.07558 0.911728 0.625978 1.06019 0.552871 0.987282 0.550679 0.850524 0.816181 0.704924 0.831559 0.837249 0.442995 0.379024 0.928683 0.93648 0.140978 0.951386 0.648125 0.623722 0.37401 0.996391 1.00778 0.998052 0.855124 1.01759 0.156886 0.50166 0.687087 0.155307 0.154037 0.861634 0.70153 0.331751
0.888898 0.427373 0.0690827 0.89398 0.282935 0.232374 1.05487 0.565868 1.24766 1.01816 0.951121 0.931753 0.795262 0.278639 0.6132 0.455291 0.422005 1.11768 0.950778 0.685647 1.00846 0.162843 1.14084 0.618854 0.0931441 0.992044 0.93912 1.17174 0.71503 0.17874 0.334231 1.04486 0.838507 0.442519 0.195341 0.157939 1.2728 0.0810913 1.04745 1.13189 0.64385 1.11837 0.889739 0.505869 1.1435 0.739836 1.09132 0.478523 0.761968 0.780549 0.704672 0.853407 0.772952 0.521875 0.160112 0.828568 0.674993 0.11494 0.885256 0.756525 0.724844 0.106463 0.802704 0.720735 0.928391 0.788238 1.11028 0.255533 0.424124 0.802956 0.304378 0.30234 0.854749 0.483632 0.347085
0.783687 0.491518 0.165025 0.946561 0.368119 0.312236 0.925603 0.567979 1.09787 0.9727 1.07867 0.904065 0.682046 0.249682 0.663866 0.404486 0.293968 1.10384 0.857443 0.747284 0.956701 0.230634 1.16818 0.71823 0.0366192 1.00741 1.0077 1.20155 0.695353 0.275682 0.487185 1.00224 0.912698 0.241469 0.336119 0.13931 1.24763 0.272599 1.26823 1.13903 0.640688 0.945369 0.931051 0.436595 0.953705 0.559936 1.02223 0.555436 0.826059 0.697636 0.717232 0.85769 0.957805 0.540335 0.245359 0.692147 0.931525 0.0838734 1.03135 0.681077 0.494837 0.388368 0.918716 0.896041 1.00385 0.92155 1.11323 0.113538 0.503157 0.681186 0.21597 0.198865 0.99976 0.5954 0.553715
