25 75
0.303977 0.260344 0.452341 0.818124 0.821587 1.12704 0.716241 0.573643 0.175302 0.764387 0.812168 1.15715 1.17017 0.93646 0.69922 0.937303 0.198752 1.16009 1.02683 0.933524 0.779788 1.0183 0.300855 0.531047 0.657835 0.331383 0.519979 1.26791 0.392506 0.892305 0.629204 1.20498 0.11492 0.775387 1.01723 0.971663 0.603236 0.346414 0.839979 1.2183 0.857701 0.334677 0.0878049 0.559104 0.627739 1.15509 1.2401 0.740169 0.678048 0.165318 0.398557 0.296611 0.238129 0.775568 0.590671 0.114723 0.338993 0.868368 0.881763 0.683702 1.06942 0.321998 0.810504 0.839347 0.985644 0.909307 1.0607 0.915022 0.321829 0.883933 0.143986 0.560048 0.330364 0.861607 0.552927
0.338985 0.323939 0.569754 0.800989 0.928457 1.20043 0.67417 0.446484 0.170401 0.802976 0.721107 1.19907 1.00663 0.908992 0.629264 0.984266 0.35637 1.0753 1.00956 1.05758 0.789361 0.973109 0.279145 0.585143 0.727892 0.28215 0.621649 1.09145 0.1893 0.709335 0.558636 1.18243 0.270011 0.779831 1.10876 0.885543 0.545758 0.493099 0.984324 1.09385 0.991807 0.244683 0.154857 0.411354 0.479941 1.1184 0.97006 0.701106 0.692439 0.284171 0.435486 0.414015 0.0842724 1.0111 0.783396 0.211144 0.515593 0.891218 0.922556 0.793298 0.878188 0.517615 0.981 0.829185 1.2138 0.949349 1.07169 0.853443 0.185164 0.716464 0.326154 0.412651 0.347935 0.715512 0.580006
0.262572 0.270057 0.454792 0.72413 0.836594 1.28595 0.77837 0.452539 0.23612 0.848172 0.691157 1.18709 1.2037 1.07811 0.610911 0.843023 0.327474 1.23496 1.00245 0.942651 0.753663 0.829396 0.322653 0.401489 0.780421 0.405024 0.524962 1.22098 0.401897 0.847564 0.616755 1.14195 0.338842 0.774894 1.03124 0.841838 0.398406 0.33188 0.884814 1.1309 0.955513 0.293529 0.333808 0.486409 0.376667 0.991196 0.950869 0.685241 0.955717 0.211484 0.228728 0.352879 0.304289 0.849195 0.727116 0.094934 0.282069 0.735442 0.994517 0.777816 0.949208 0.425871 0.885388 0.753678 1.17276 1.05766 0.999949 1.03685 0.338999 0.755865 0.272755 0.37497 0.260086 0.768857 0.668346
0.421841 0.279355 0.617423 0.77307 1.04935 1.1045 0.618124 0.50573 0.0706376 0.822501 0.641598 1.254 1.01803 0.920631 0.602322 0.870153 0.157184 1.03211 0.744533 1.00925 0.547178 0.827385 0.536633 0.465222 0.914955 0.427089 0.60802 1.24626 0.215655 0.873501 0.730055 1.10931 0.0851019 0.817142 1.10899 0.898968 0.380588 0.523551 0.923356 1.07216 0.817266 0.215766 0.285472 0.535507 0.506507 1.0465 1.06801 0.870388 0.84786 0.256717 0.458567 0.309607 0.305328 0.883964 0.667693 0.22037 0.302805 0.728746 0.873659 0.762534 0.863446 0.323588 0.837872 0.788197 1.16674 0.87775 1.17919 1.01265 0.243503 0.866468 0.0330461 0.543098 0.299822 0.633317 0.653734
0.374494 0.366266 0.618908 0.687198 1.06462 1.05494 0.856345 0.482251 0.319164 1.00511 0.664896 1.15683 1.26834 0.985711 0.665317 1.03254 0.264106 1.16066 0.844085 1.11355 0.790818 0.972286 0.504802 0.532592 0.905623 0.309791 0.663504 1.09878 0.410249 0.886656 0.783229 1.02955 0.251646 0.706871 1.12221 1.05984 0.517092 0.305656 0.945728 1.00407 1.02408 0.25931 0.304011 0.608595 0.407226 0.898486 1.05577 0.824636 0.923738 0.193719 0.458842 0.276532 0.296932 0.744359 0.868875 0.190598 0.294151 0.666816 0.764691 0.68412 1.11671 0.378849 0.885483 0.673072 1.13962 0.90268 1.23677 0.998762 0.238616 0.970381 0.0567396 0.412398 0.363359 0.710069 0.446382
0.35677 0.366373 0.49636 0.817122 1.0406 1.13505 0.721702 0.470238 0.199233 0.804515 0.737295 1.03982 1.01443 0.961591 0.791155 0.823306 0.192809 1.08455 0.835779 1.07841 0.626709 1.02498 0.323663 0.579129 0.77446 0.338195 0.540494 1.05688 0.143222 0.961176 0.503537 1.04618 0.0838239 0.715555 1.07825 0.829119 0.546453 0.541099 0.829623 1.01703 0.965755 0.0701061 0.0871321 0.435408 0.331814 1.03525 1.06467 0.770087 0.934014 0.185177 0.258456 0.39053 0.356057 0.964793 0.645946 0.185978 0.565173 0.724899 0.846239 0.749875 1.07597 0.386768 1.02317 0.584818 0.940415 0.852691 1.08807 1.02149 0.388809 0.944063 0.258301 0.297215 0.525962 0.69841 0.674142
0.155336 0.355167 0.599483 0.690891 1.01539 1.15279 0.720489 0.646631 0.222034 0.729596 0.745016 1.02557 1.19826 1.10402 0.843637 1.00085 0.142995 1.08186 0.947876 0.955644 0.60041 0.932853 0.389825 0.385689 0.782702 0.47611 0.628991 1.19893 0.287008 0.798266 0.758858 1.01169 0.282164 0.612038 1.00636 0.883189 0.411554 0.469563 0.941156 1.07018 1.01386 0.104372 0.288084 0.694891 0.556299 0.951013 1.06512 0.85866 0.89417 0.184807 0.431721 0.326653 0.301023 0.754001 0.843104 0.299739 0.573157 0.713949 0.744889 0.704562 1.02857 0.234847 0.886605 0.62669 1.11776 0.926736 1.08141 0.996649 0.141619 0.745948 0.108693 0.358437 0.251464 0.760076 0.691265
0.387464 0.167842 0.39698 0.864929 0.903192 1.08557 0.703204 0.569791 0.114711 0.8058 0.783886 1.18888 1.10689 1.01792 0.647879 1.05659 0.286703 1.03929 0.762598 0.909218 0.594285 0.877035 0.388303 0.541567 0.749898 0.269988 0.467973 1.06864 0.393178 0.759943 0.563248 1.15773 0.245213 0.661921 1.17129 0.939109 0.434072 0.512702 0.766718 1.26073 1.08519 0.329709 0.322162 0.540826 0.361604 1.06136 1.16178 0.873114 0.797754 0.18055 0.429752 0.382809 0.14894 0.89025 0.781987 0.178949 0.521778 0.939809 0.883066 0.73991 1.04283 0.442011 0.963341 0.587267 1.02362 0.803691 1.10751 0.854727 0.231707 0.743614 0.188462 0.553177 0.268632 0.777075 0.536077
0.436109 0.334775 0.391631 0.905279 0.832219 1.2479 0.759722 0.655789 0.148396 0.898103 0.783419 1.04267 1.2912 0.971966 0.846092 0.7964 0.167865 0.988683 1.0266 0.94767 0.547212 0.951088 0.55608 0.472592 0.651045 0.515717 0.449339 1.08076 0.215175 0.91236 0.611216 1.12463 0.208795 0.78029 1.05965 0.957555 0.343467 0.337545 1.0182 1.03057 1.01752 0.313724 0.118445 0.614574 0.388416 0.907353 1.01183 0.788714 0.813483 0.339284 0.450294 0.238157 0.32283 0.966533 0.704961 0.227313 0.288807 0.89427 0.982 0.885761 1.02986 0.36198 0.981041 0.577797 0.993636 1.0553 1.22768 1.06884 0.256653 0.697865 0.248078 0.296641 0.460421 0.789614 0.712874
0.197655 0.285204 0.592939 0.827208 0.901002 1.28901 0.727165 0.68955 0.189932 0.716743 0.783065 1.01581 1.12453 0.997532 0.757828 0.836706 0.225739 0.97328 0.766075 1.09103 0.522855 1.00953 0.398989 0.596368 0.928246 0.368828 0.533408 1.19696 0.216571 0.907329 0.78158 1.24576 0.306763 0.541549 0.975534 0.965367 0.352629 0.454764 0.936992 1.03111 0.984857 0.185928 0.169934 0.651323 0.467503 1.16828 0.97095 0.733951 0.938939 0.255315 0.20115 0.363629 0.319717 0.731225 0.766282 0.0609851 0.436041 0.709021 0.9102 0.763125 0.86717 0.410229 0.839254 0.755455 1.01112 0.809946 1.14487 1.09817 0.1857 0.799776 0.161406 0.295524 0.349664 0.767526 0.582117
0.316496 0.36373 0.525912 0.874061 0.802899 1.15399 0.695339 0.679641 0.0286846 0.783993 0.697626 1.04605 1.20745 1.13178 0.878364 0.855553 0.204022 1.18483 0.762569 0.888914 0.774309 0.89272 0.488335 0.462046 0.850305 0.296566 0.476798 1.12357 0.250635 0.883235 0.680201 1.28801 0.189247 0.659527 1.05848 1.02514 0.383289 0.442384 0.88972 1.06302 0.825036 0.322197 0.258048 0.566414 0.468703 1.07772 1.08087 0.706606 0.822606 0.390271 0.213472 0.381124 0.353271 0.810715 0.704848 0.0452939 0.529214 0.699745 0.829628 0.731545 0.969414 0.453448 0.812287 0.784646 1.21198 0.821342 1.09873 0.976409 0.366734 0.725307 0.149975 0.492188 0.456111 0.820335 0.585368
0.339795 0.42875 0.474157 0.658313 0.904952 1.10638 0.807835 0.519617 0.19183 0.864808 0.842646 0.970098 1.29115 0.953196 0.848108 0.829489 0.40162 0.954283 0.75779 1.02432 0.627583 0.820852 0.520198 0.569105 0.810567 0.460274 0.541998 1.11407 0.144301 0.713851 0.523653 1.18099 0.0896811 0.786578 1.26293 1.00818 0.335559 0.399615 0.89485 1.18768 0.941907 0.101233 0.302785 0.6078 0.530807 0.965958 1.19942 0.904356 0.828465 0.433805 0.367916 0.135147 0.311149 0.916311 0.604243 0.07042 0.437213 0.825719 0.708838 0.779867 1.10874 0.232512 1.0241 0.642075 1.16259 0.966896 1.28757 0.99528 0.129926 0.774438 0.173718 0.325438 0.322592 0.617813 0.533991
0.245345 0.157003 0.419997 0.828648 0.859954 1.13188 0.717415 0.595692 0.048156 0.767899 0.836304 1.01045 1.05759 1.10279 0.811715 0.893362 0.182321 1.18346 0.991142 0.901699 0.528865 0.97003 0.447565 0.590993 0.813897 0.467809 0.520026 1.18728 0.318707 0.985935 0.731468 1.09093 0.0752269 0.702924 1.13862 0.892815 0.365666 0.341689 0.835688 1.06999 0.876337 0.143418 0.30508 0.683186 0.49799 1.18153 1.10758 0.852918 0.85562 0.408399 0.480807 0.341835 0.203929 0.731436 0.706659 0.188335 0.279124 0.880659 0.874354 0.720674 0.977457 0.31924 0.94947 0.81194 1.0271 0.974903 1.15124 1.0025 0.23664 0.975963 0.258636 0.375376 0.354746 0.761519 0.492553
0.15521 0.291036 0.501542 0.659046 0.892999 1.16625 0.632511 0.677958 0.263604 0.894494 0.770987 1.00546 1.0165 0.97245 0.702461 0.797244 0.207368 1.07063 0.834463 1.05283 0.537683 0.919036 0.569805 0.423288 0.921825 0.396886 0.645903 0.980586 0.306903 0.721415 0.743712 1.1889 0.317386 0.527412 1.22391 1.01927 0.569753 0.500431 1.01778 1.26467 0.877603 0.340251 0.28593 0.571184 0.408639 1.18933 1.11958 0.947644 0.957048 0.388471 0.417939 0.159114 0.310354 0.839158 0.732448 0.287414 0.453451 0.813706 0.855832 0.702325 1.02114 0.496533 0.952755 0.65923 1.15021 0.834383 1.2711 1.04021 0.383604 0.939421 0.217195 0.305318 0.3541 0.743493 0.661064
0.203611 0.205297 0.552779 0.639048 0.94048 1.26032 0.835074 0.631662 0.240746 0.77707 0.861065 0.978639 1.05162 1.10739 0.621136 0.851795 0.342929 1.19541 0.874179 0.857973 0.724054 1.04059 0.461232 0.517993 0.936012 0.225649 0.463244 0.97892 0.119861 0.709864 0.68911 1.11692 0.134827 0.562864 1.0675 0.893507 0.536141 0.566674 0.880557 1.04224 0.919928 0.0795774 0.230471 0.634231 0.345305 1.01539 1.09232 0.699772 0.920531 0.415541 0.307813 0.234746 0.333386 0.894786 0.818146 0.141419 0.39462 0.678912 0.855205 0.885714 0.917946 0.24128 0.912774 0.677881 0.999408 0.878461 1.06044 0.931508 0.163609 0.764324 0.276379 0.274128 0.274251 0.816155 0.54771
0.192065 0.366639 0.389368 0.921915 0.924655 1.23955 0.78376 0.693032 0.126856 0.865121 0.694051 1.22444 1.25808 1.04045 0.846107 0.83592 0.280158 1.12199 0.884307 1.03688 0.706517 1.06548 0.288033 0.512389 0.868059 0.386409 0.421479 1.11754 0.405177 0.740439 0.502447 1.16479 0.331312 0.525396 1.2723 0.882717 0.338718 0.501948 0.841968 1.0144 0.94148 0.32807 0.0648931 0.675443 0.615258 1.08018 0.956089 0.836145 0.855348 0.192877 0.326251 0.145162 0.17905 1.00688 0.755673 0.0863744 0.426177 0.874225 0.723067 0.910035 0.972316 0.296597 0.89636 0.669487 0.957573 1.07553 1.02778 1.066 0.304628 0.701901 0.0758024 0.333961 0.377587 0.614851 0.417243
0.202121 0.259882 0.423147 0.79073 0.951536 1.04707 0.72991 0.695194 0.109477 0.807147 0.675455 1.0731 1.23564 1.00664 0.849898 0.871521 0.225158 0.998065 0.856418 0.994595 0.533113 0.80326 0.410655 0.603134 0.687876 0.249769 0.567263 1.09784 0.346229 0.825941 0.664836 1.04482 0.0931725 0.574474 1.16982 1.05248 0.577343 0.47852 0.794033 1.08684 0.934462 0.184994 0.211704 0.614005 0.450559 1.04364 1.22462 0.955529 0.786742 0.388633 0.479755 0.36483 0.351965 0.877468 0.771997 0.302672 0.461088 0.663924 0.979234 0.694972 0.897518 0.31768 0.955729 0.788129 1.14542 0.856133 1.03882 0.875676 0.142324 0.85597 0.0472034 0.526108 0.256878 0.656566 0.655983
0.387098 0.141386 0.36816 0.659004 1.06014 1.2422 0.810342 0.477155 0.190536 0.766523 0.612211 1.09223 1.12672 1.05868 0.821785 1.03011 0.245247 1.0577 1.01709 1.0283 0.56178 0.929776 0.408686 0.574981 0.869615 0.268934 0.445086 1.10949 0.231338 0.805883 0.61851 1.08663 0.181567 0.538699 1.25849 0.849287 0.368076 0.571657 1.01855 1.08972 0.91281 0.166185 0.251631 0.416788 0.528039 0.975418 1.08263 0.885657 0.720855 0.279485 0.431297 0.186543 0.154867 0.815291 0.64572 0.102715 0.399951 0.73988 0.756592 0.676365 1.11773 0.343302 0.912467 0.615975 1.20647 0.877932 0.999978 0.839278 0.374214 0.753826 0.0873339 0.30964 0.520319 0.652403 0.636734
0.372544 0.296395 0.608889 0.916423 1.07474 1.08995 0.653247 0.445012 0.180781 0.81813 0.670903 1.11778 1.29013 1.00435 0.765065 1.06798 0.115967 1.01628 0.745297 1.06631 0.772156 0.852689 0.507058 0.607104 0.80735 0.230107 0.631001 0.991605 0.143423 0.906232 0.506576 1.13469 0.0840492 0.634806 1.20952 1.07069 0.560939 0.352539 0.918121 1.05723 0.892009 0.227954 0.144254 0.552564 0.36878 1.04223 1.00496 0.80968 0.91041 0.220851 0.316525 0.257828 0.140268 0.734584 0.642835 0.205497 0.376447 0.864174 0.701648 0.829672 1.07232 0.4937 0.989603 0.637616 1.09993 0.879626 1.19166 1.03603 0.186836 0.738384 0.269973 0.402437 0.496769 0.700342 0.418238
0.231532 0.394683 0.604635 0.71347 0.862196 1.03936 0.625485 0.686078 0.0829635 0.86141 0.594507 1.17951 1.19965 1.05231 0.821829 1.05067 0.151954 1.11525 0.914827 1.13711 0.796294 1.07605 0.306626 0.408436 0.797748 0.515506 0.514106 1.23342 0.20304 0.842823 0.509677 1.21914 0.225905 0.748815 1.15734 1.05525 0.599249 0.456726 0.966718 1.04567 1.09335 0.102209 0.17242 0.417344 0.352288 1.00056 1.06903 0.713879 0.911472 0.367555 0.391339 0.173882 0.260472 0.980088 0.815553 0.0753783 0.295726 0.795986 0.79751 0.80247 1.11253 0.424995 0.923356 0.59006 0.944515 1.05844 1.1351 0.927749 0.301004 0.843528 0.258837 0.373106 0.494451 0.583083 0.628655
0.274121 0.221215 0.487349 0.912275 1.05225 1.1368 0.782238 0.715512 0.2421 0.918934 0.780635 0.983487 1.02106 0.949766 0.861345 1.00767 0.317445 1.17075 0.817848 0.910658 0.624251 1.05936 0.484801 0.347802 0.942539 0.229199 0.650786 1.09396 0.267057 0.907698 0.616341 1.18133 0.215604 0.6174 1.01425 0.991104 0.479138 0.331363 0.881938 1.18464 0.933948 0.194756 0.266429 0.427664 0.461881 1.12869 1.02335 0.710211 0.751764 0.280139 0.461181 0.17926 0.106076 0.797584 0.66633 0.0960667 0.451895 0.719949 0.767601 0.7548 0.956655 0.370666 1.03129 0.688092 1.05746 0.806367 1.14169 0.967853 0.205526 0.973262 0.223206 0.572313 0.375692 0.64215 0.657972
0.187876 0.319695 0.561416 0.776218 0.992065 1.15226 0.856219 0.625696 0.164589 0.760311 0.652684 1.20656 1.10436 1.09141 0.850071 0.828493 0.313223 0.992811 0.975816 1.05861 0.690593 0.94637 0.494598 0.482768 0.731187 0.503177 0.408384 1.17591 0.383023 0.898705 0.647531 1.14061 0.158428 0.5748 1.06074 1.04026 0.598943 0.341113 0.873697 1.1614 0.92177 0.35954 0.06073 0.582568 0.570393 1.02416 1.11895 0.741496 0.842444 0.207305 0.409092 0.387917 0.0814115 0.802977 0.709763 0.063197 0.281479 0.92767 0.734452 0.89575 0.903262 0.278912 1.03987 0.78493 1.07263 0.970837 1.15324 1.031 0.304861 0.936615 0.0340168 0.493747 0.313331 0.576355 0.45249
0.171748 0.416613 0.485441 0.844944 0.831872 1.01964 0.809648 0.500009 0.0305143 0.74784 0.623225 1.17195 1.28303 0.948752 0.873702 0.987943 0.287044 1.17363 0.974692 0.937717 0.576516 0.925405 0.411867 0.370749 0.750879 0.447973 0.615131 1.17842 0.297983 0.972933 0.695845 1.19609 0.112674 0.712979 0.98963 0.875468 0.563588 0.448888 0.921322 1.02207 1.08063 0.233821 0.243723 0.542089 0.454032 0.949658 1.21695 0.913956 0.947657 0.460515 0.313607 0.384886 0.095791 1.02391 0.62801 0.0737296 0.316359 0.832996 0.84409 0.937812 0.968709 0.505351 0.836997 0.795303 1.14651 0.964325 1.2573 0.866735 0.190287 0.948186 0.241778 0.46542 0.428809 0.867622 0.624691
0.147516 0.380924 0.526155 0.711236 0.982258 1.27166 0.74831 0.568261 0.0684365 0.759053 0.826437 1.18622 1.15441 0.982738 0.687126 1.0649 0.34153 1.20581 0.789154 0.949308 0.801074 0.837887 0.461986 0.570226 0.729247 0.411066 0.466512 1.02637 0.305476 0.880768 0.518255 1.15221 0.199984 0.633467 1.25287 0.814963 0.335341 0.377607 0.972449 1.20032 0.939297 0.0986844 0.205516 0.593208 0.400666 1.15528 1.23085 0.69074 0.882281 0.339609 0.464234 0.313351 0.189972 0.74772 0.608301 0.287389 0.450684 0.834152 0.763299 0.709832 0.993327 0.318158 0.987879 0.700373 1.13773 0.909994 1.21229 0.926924 0.333092 0.848483 0.0699837 0.391871 0.402219 0.738492 0.690501
0.258023 0.371359 0.582397 0.75883 0.815965 1.11991 0.728161 0.649034 0.146507 0.857575 0.669538 1.17358 1.03081 1.04267 0.688805 0.975703 0.40931 0.969423 0.966248 0.996025 0.531506 0.893903 0.485664 0.483381 0.674063 0.427835 0.589449 1.08896 0.194505 0.982253 0.740249 1.24777 0.249751 0.742965 1.07862 0.923501 0.343888 0.561496 0.741978 1.01239 1.04456 0.220374 0.189122 0.443729 0.531879 1.17353 1.01077 0.680443 0.773587 0.382511 0.363565 0.302755 0.303419 0.805085 0.654406 0.166575 0.544831 0.725809 0.804077 0.714461 1.01301 0.283979 0.924006 0.618749 1.0763 0.809508 1.28251 0.95274 0.327105 0.929723 0.212345 0.53942 0.485173 0.852194 0.698488
