25 75
0.407155 0.391045 0.390571 0.64836 0.240532 0.732445 0.902424 0.107323 0.626684 0.338821 0.684529 0.384597 0.719181 0.715045 0.553404 0.453992 0.766159 0.570623 0.986 0.718651 0.905479 0.675671 0.943934 0.807725 0.918594 0.288418 0.307255 0.333951 1.08829 0.042307 1.00766 0.808135 0.249179 0.953808 0.224225 0.917222 0.103255 0.333624 0.972484 0.854298 0.411962 0.779243 0.699848 0.655028 0.875253 0.641298 0.994237 0.274203 0.463665 0.40601 0.869532 0.87354 0.568398 0.51238 0.860127 0.35815 0.881111 0.480738 0.273181 0.849616 0.348241 0.942153 0.281384 0.350537 0.332461 0.767743 0.227844 0.809029 0.778291 0.446604 0.429948 1.03486 0.884931 0.392884 0.530046
0.3064 0.379026 0.578367 0.717638 0.366282 0.757962 0.789491 0.220338 0.6081 0.333009 0.643699 0.405206 0.638012 0.833291 0.458488 0.598913 0.790274 0.677058 0.959826 0.863733 0.812375 0.898677 1.00776 0.723036 0.898798 0.45604 0.159497 0.215763 1.19763 0.0467886 0.962956 0.661756 0.152193 1.04544 0.294309 0.779982 0.0781727 0.279934 1.08456 0.971169 0.527877 0.717707 0.669533 0.813139 1.13045 0.702648 0.889002 0.319036 0.464067 0.360095 0.858951 0.957607 0.496629 0.440172 0.804206 0.297883 1.00863 0.559842 0.352545 1.10312 0.160088 0.970836 0.184501 0.3092 0.536158 0.757093 0.358673 0.719022 0.846281 0.441306 0.394551 1.03676 1.1112 0.528641 0.603031
0.478043 0.319233 0.379289 0.655957 0.511544 0.861698 0.796639 0.153483 0.808637 0.178277 0.642799 0.441784 0.682792 0.938664 0.516871 0.599318 0.809225 0.735832 0.860813 0.738278 0.798436 0.668317 0.961977 0.836831 0.781132 0.195695 0.231252 0.343099 1.18751 0.292198 1.04137 0.796729 0.255528 0.955318 0.22568 0.694141 0.163799 0.351644 1.0119 0.855015 0.312841 0.712694 0.73427 0.707829 0.908031 0.489934 1.02383 0.370032 0.446147 0.478837 0.917935 0.893018 0.501834 0.585506 0.84009 0.449083 1.01271 0.583789 0.294127 0.962506 0.249648 0.931336 0.154462 0.109418 0.514772 0.855498 0.256489 0.821693 0.722005 0.407833 0.324556 1.03363 1.14882 0.534233 0.542566
0.462069 0.389635 0.380054 0.618857 0.283061 0.659546 0.778908 0.180032 0.630037 0.162825 0.837248 0.3929 0.672556 0.894641 0.700268 0.639667 0.961372 0.657053 1.12096 0.751159 0.937015 0.697425 0.936321 0.888438 1.00016 0.335409 0.287879 0.205329 1.20125 0.0985255 1.09106 0.538038 0.293749 0.93337 0.231503 0.732816 0.135355 0.294323 0.897451 0.866633 0.467778 0.509585 0.627285 0.815921 1.03024 0.477022 0.992919 0.372561 0.434844 0.434805 0.849975 0.779801 0.48551 0.519426 1.06275 0.36358 1.03882 0.337931 0.228794 1.13794 0.154171 0.867847 0.350541 0.302431 0.5808 0.743548 0.337364 0.826668 0.734343 0.395667 0.247989 0.977527 1.08659 0.310674 0.543024
0.386991 0.560584 0.631368 0.871873 0.372019 0.756165 0.815061 0.0827988 0.627135 0.214293 0.884137 0.405643 0.656018 0.707494 0.493671 0.603353 0.821267 0.822319 0.853772 0.599535 0.988162 0.809057 0.773906 0.669275 0.98053 0.408085 0.158019 0.361198 0.98438 0.323017 0.953417 0.670435 0.385227 1.05664 0.359347 0.847407 0.214814 0.494245 0.919388 0.686831 0.387741 0.787776 0.799747 0.870947 1.13873 0.742079 0.914504 0.36217 0.49884 0.365846 0.751149 0.749503 0.606238 0.525517 0.803062 0.249436 1.09989 0.447136 0.380867 0.937394 0.180831 0.758187 0.372465 0.217233 0.536883 0.748472 0.132786 0.776319 0.888018 0.567636 0.340931 0.883136 0.945704 0.424462 0.639424
0.530071 0.413684 0.533147 0.62966 0.216497 0.920198 0.681458 0.179339 0.775558 0.325407 0.825577 0.217407 0.616205 0.716656 0.545293 0.639388 0.72879 0.552614 1.1172 0.758773 0.877563 0.641916 0.862006 0.910691 0.727957 0.207727 0.113322 0.295241 1.07835 0.0422472 0.991594 0.630965 0.204331 1.04031 0.267193 0.707686 0.138896 0.398133 0.877372 0.801234 0.468127 0.697218 0.776387 0.661095 0.858066 0.609631 0.833539 0.235658 0.549031 0.325278 0.651595 0.720824 0.638143 0.402144 0.882438 0.47387 0.841462 0.493559 0.361506 0.980403 0.145644 0.95948 0.226772 0.305076 0.402156 0.815827 0.261877 0.761211 0.761285 0.368985 0.334781 0.900119 1.10844 0.442121 0.588855
0.471985 0.278136 0.352656 0.854787 0.335451 0.656813 0.69547 0.115355 0.842949 0.235436 0.826291 0.296198 0.612159 0.822959 0.516355 0.626598 0.687488 0.738727 1.02984 0.795868 0.931125 0.911615 0.87925 0.69895 0.785479 0.298738 0.180606 0.257779 0.994186 0.0418315 0.930594 0.77068 0.405363 1.0532 0.344373 0.923727 0.204776 0.467546 1.09148 0.760233 0.417514 0.528817 0.559644 0.736508 0.926638 0.705975 0.869348 0.135456 0.469203 0.248162 0.651362 0.84981 0.538311 0.393446 0.91013 0.204831 0.999893 0.392777 0.256192 0.927861 0.132411 0.956592 0.254335 0.332826 0.299394 0.978955 0.182818 0.986796 0.959864 0.554612 0.261504 0.93756 1.12097 0.521999 0.401133
0.43634 0.497905 0.632743 0.631011 0.463958 0.649354 0.776187 0.300987 0.891742 0.180506 0.910559 0.426199 0.790446 0.806171 0.659055 0.577186 0.793376 0.752156 1.01422 0.688427 0.856136 0.892821 1.04804 0.778638 0.921292 0.183697 0.208209 0.254096 0.989019 0.138391 1.1532 0.793829 0.16036 0.999212 0.278886 0.68567 0.268739 0.520115 0.964966 0.792239 0.300455 0.69054 0.568171 0.767773 0.927029 0.52293 0.886053 0.264214 0.347138 0.309612 0.631001 0.845447 0.662156 0.66463 0.832917 0.238194 0.962859 0.461293 0.1529 0.9805 0.24286 0.930985 0.102942 0.273642 0.291578 1.00063 0.239781 0.940774 0.819054 0.408243 0.388569 0.899905 0.959913 0.370455 0.577212
0.327804 0.385748 0.527374 0.677215 0.239784 0.676884 0.796807 0.144344 0.670858 0.408417 0.820089 0.417924 0.705342 0.79732 0.635793 0.676886 0.772319 0.60762 0.892038 0.746419 0.990559 0.646362 1.03813 0.827133 0.955825 0.443102 0.116525 0.395453 1.13151 0.336025 0.889474 0.604328 0.394835 1.13566 0.187792 0.940715 0.136711 0.319731 0.804475 0.740839 0.273634 0.74314 0.54632 0.687948 1.0023 0.761176 0.850864 0.21364 0.411228 0.271463 0.668159 0.854595 0.689381 0.555502 0.806606 0.3722 1.11659 0.387184 0.260966 1.03964 0.369991 0.72723 0.122157 0.200193 0.344243 0.922775 0.365178 0.776591 0.952808 0.566167 0.474236 0.826632 1.12592 0.534302 0.638848
0.279269 0.436545 0.398038 0.895329 0.220456 0.676491 0.731947 0.209121 0.815869 0.322158 0.763929 0.29663 0.83892 0.667852 0.585619 0.485376 0.793607 0.841101 1.00207 0.655523 1.01551 0.657644 1.00912 0.871954 0.811325 0.337836 0.264184 0.307046 1.09469 0.185946 1.04311 0.81302 0.383584 1.1343 0.219966 0.859962 0.259356 0.380743 0.886761 0.776061 0.285426 0.673927 0.685189 0.767892 1.02555 0.667606 0.954566 0.145341 0.406336 0.261281 0.647174 0.733191 0.435225 0.489637 1.03152 0.398841 0.921373 0.558238 0.344136 1.01375 0.226584 0.846074 0.185274 0.365852 0.435267 0.806061 0.298868 0.933816 0.951703 0.484892 0.265974 0.920168 1.15173 0.412898 0.485887
0.259539 0.369035 0.44194 0.894042 0.275778 0.83982 0.912787 0.274831 0.879203 0.438011 0.855403 0.166056 0.839746 0.757526 0.412672 0.549486 0.766512 0.806305 0.954569 0.74198 0.980014 0.701818 0.960683 0.881497 0.993424 0.464757 0.0330788 0.481435 1.04215 0.0527168 1.06973 0.716466 0.186297 1.19734 0.109501 0.879559 0.227808 0.508225 0.844424 0.781754 0.266709 0.706822 0.660311 0.601797 0.951753 0.607367 0.799109 0.328486 0.338152 0.477147 0.707966 0.821033 0.678375 0.595554 0.933973 0.32512 0.893585 0.425476 0.177185 0.978617 0.181114 0.741014 0.34391 0.375011 0.337287 0.716046 0.23224 0.846251 0.872701 0.447526 0.46767 0.942979 1.13584 0.326793 0.369965
0.522526 0.350492 0.41268 0.786937 0.490993 0.890339 0.692224 0.101428 0.868831 0.145218 0.648225 0.418227 0.654137 0.710601 0.594119 0.469613 0.785181 0.796513 1.08306 0.757595 0.939763 0.784355 0.954242 0.960201 0.899272 0.225557 0.216006 0.227728 1.05149 0.136471 1.00646 0.820308 0.201688 1.03095 0.209885 0.807983 0.294805 0.538869 0.978239 0.752214 0.277629 0.528934 0.694347 0.696755 1.04482 0.744414 0.784261 0.233444 0.30936 0.376605 0.835384 0.714306 0.4521 0.582767 0.77717 0.38325 1.05007 0.325654 0.294382 0.845442 0.113959 0.868459 0.269989 0.18275 0.529286 0.974913 0.324724 0.772107 0.966227 0.505239 0.41349 0.814536 0.895756 0.352961 0.416776
0.500404 0.445775 0.637246 0.844151 0.258338 0.932941 0.93558 0.298288 0.739986 0.233408 0.690194 0.361951 0.71973 0.870219 0.683036 0.463656 0.707146 0.710934 0.911038 0.894319 0.903389 0.860419 1.0367 0.890244 0.796986 0.32038 0.101524 0.209386 0.967421 0.23346 1.02479 0.735042 0.152346 1.13287 0.110261 0.755616 0.298942 0.417331 0.939699 0.732768 0.263012 0.779376 0.659749 0.745259 1.15293 0.598114 0.963799 0.0919621 0.414343 0.456026 0.877144 0.737401 0.599889 0.522794 0.881072 0.490279 0.897746 0.376295 0.368369 0.896682 0.171887 0.746991 0.273104 0.273552 0.578968 0.923411 0.318096 0.987138 0.823221 0.518587 0.418279 0.81741 1.09934 0.543114 0.59406
0.303218 0.437252 0.495429 0.664354 0.505332 0.931689 0.806988 0.176457 0.852036 0.20729 0.784708 0.387968 0.643835 0.735973 0.553987 0.631061 0.866561 0.662882 1.12154 0.849526 0.740248 0.75036 0.829199 0.813069 0.919298 0.466874 0.22662 0.488803 1.22017 0.271492 1.10473 0.793249 0.15978 1.18512 0.154022 0.896082 0.323488 0.384064 0.811593 0.807318 0.41455 0.58453 0.695464 0.862451 1.04523 0.582356 1.00331 0.366125 0.376167 0.296015 0.640017 0.695896 0.465292 0.444649 0.939449 0.272002 0.967827 0.34221 0.232927 0.867606 0.126 0.890672 0.391671 0.266248 0.361347 0.959705 0.177585 0.848103 0.815925 0.432723 0.522467 0.968707 1.06564 0.358962 0.579611
0.443492 0.523348 0.431979 0.898882 0.335867 0.793714 0.956298 0.322418 0.640778 0.230078 0.830531 0.169431 0.822167 0.873819 0.473996 0.463575 0.713205 0.596484 0.989844 0.603298 0.754389 0.72895 0.810536 0.715976 0.967389 0.411142 0.13524 0.217449 0.988719 0.326663 0.878953 0.787289 0.328591 1.04435 0.0938171 0.808457 0.0912479 0.506374 0.796837 0.769616 0.376469 0.599803 0.684049 0.681023 0.982224 0.735302 0.830473 0.202547 0.387358 0.309072 0.770097 0.673435 0.468947 0.526503 0.931911 0.244673 0.896545 0.510566 0.129384 1.13547 0.245886 0.97288 0.116371 0.276884 0.319823 0.835573 0.205615 0.914768 0.910161 0.332831 0.429102 1.01861 0.876704 0.321075 0.481591
0.298705 0.382503 0.484838 0.847061 0.331727 0.674389 0.831971 0.329437 0.677831 0.319793 0.65052 0.436986 0.579034 0.922998 0.471045 0.643814 0.732984 0.762208 0.910392 0.658105 0.988319 0.750203 1.01847 0.927704 0.884134 0.410383 0.0892974 0.46332 1.16944 0.235512 1.03512 0.741104 0.403511 1.0527 0.110309 0.752638 0.329597 0.459368 1.08534 0.747334 0.258495 0.523965 0.784857 0.656537 1.04711 0.550144 0.767835 0.265773 0.338569 0.499329 0.780483 0.91616 0.585116 0.489788 0.834399 0.368832 1.11706 0.364158 0.345317 0.865399 0.218317 0.740797 0.225908 0.287107 0.57354 0.931471 0.385804 0.975411 0.798713 0.597615 0.517107 1.02326 1.09804 0.448398 0.348452
0.273426 0.41236 0.630696 0.773294 0.215359 0.846385 0.675656 0.0669457 0.672642 0.266109 0.926435 0.154506 0.647513 0.935573 0.692854 0.451119 0.759316 0.664311 0.933763 0.66226 0.8631 0.802337 1.03851 0.854328 0.951661 0.421116 0.0825446 0.273651 1.12327 0.199701 1.03269 0.592424 0.19849 0.930103 0.153951 0.758788 0.157672 0.501278 1.05754 0.774956 0.399653 0.745541 0.565338 0.651961 0.933827 0.673986 0.967637 0.329481 0.365668 0.437232 0.760058 0.838414 0.512825 0.44229 1.02093 0.400028 0.874394 0.485731 0.282549 1.11647 0.119877 0.741138 0.285834 0.288949 0.332405 0.940355 0.30509 0.700628 0.715599 0.43051 0.355709 0.967412 1.02286 0.434877 0.505319
0.279906 0.549264 0.541157 0.895433 0.3419 0.739156 0.925943 0.123617 0.787894 0.361301 0.64855 0.366372 0.709228 0.710951 0.596857 0.564022 0.750974 0.792539 0.886445 0.849159 1.00507 0.880264 0.850773 0.717729 0.792164 0.440125 0.238782 0.205141 0.947265 0.304232 1.14815 0.796194 0.280224 1.02541 0.232816 0.906248 0.266807 0.494334 1.00164 0.882796 0.510259 0.605449 0.560747 0.708309 1.07523 0.478986 0.854511 0.284302 0.426029 0.366174 0.855299 0.766819 0.413821 0.382461 0.827685 0.367639 0.880576 0.288418 0.305594 1.00053 0.358673 0.729261 0.358051 0.151627 0.510816 0.965326 0.413926 0.788932 0.789169 0.471157 0.259367 1.04203 1.05394 0.272549 0.597445
0.285388 0.420065 0.407262 0.635816 0.262007 0.729033 0.776817 0.285029 0.800914 0.398771 0.661529 0.409037 0.613973 0.66826 0.551785 0.490243 0.8264 0.710682 0.911548 0.871728 0.743678 0.84019 0.85899 0.921537 0.890441 0.248738 0.036456 0.497003 1.08519 0.143787 1.14394 0.641536 0.280206 1.10444 0.109654 0.700853 0.270275 0.304017 1.07793 0.90769 0.518795 0.744486 0.648977 0.810772 1.01021 0.684912 1.01048 0.0953798 0.417598 0.226885 0.838365 0.933873 0.465615 0.606553 0.793201 0.204668 0.994146 0.323389 0.303111 0.956785 0.357545 0.92797 0.255904 0.184249 0.493694 1.00079 0.38235 0.840553 0.766344 0.586069 0.292818 0.990308 1.12428 0.316112 0.401193
0.479384 0.289246 0.401991 0.617796 0.512271 0.752748 0.799788 0.264006 0.855975 0.287368 0.732707 0.271369 0.594839 0.896357 0.654987 0.691873 0.712046 0.676951 0.850969 0.633141 0.948066 0.784974 0.998279 0.822332 0.777727 0.283841 0.325482 0.493007 1.18531 0.17998 0.958986 0.637586 0.239225 1.17415 0.28554 0.848198 0.106787 0.42622 1.05722 0.936538 0.39948 0.573962 0.632004 0.741841 0.875104 0.719968 0.848357 0.322959 0.566205 0.209606 0.889156 0.746681 0.624736 0.519905 0.788425 0.22681 1.04904 0.3565 0.258254 1.09297 0.148235 0.860919 0.229185 0.354774 0.292645 0.978698 0.270038 0.956999 0.935416 0.328232 0.448328 1.01683 1.03079 0.354203 0.628568
0.45734 0.353782 0.615561 0.844119 0.225381 0.696246 0.805246 0.136747 0.865573 0.271301 0.681855 0.210892 0.643678 0.930493 0.47669 0.472874 0.794926 0.782066 0.908771 0.785137 0.751567 0.91431 0.872366 0.856698 0.845261 0.221161 0.306009 0.418851 0.978436 0.0764315 1.14411 0.725977 0.225905 0.904885 0.366498 0.798161 0.0846734 0.330457 0.892239 0.740148 0.296972 0.678543 0.670178 0.813302 0.866589 0.609806 0.830911 0.13833 0.352316 0.496589 0.853244 0.718446 0.464164 0.399264 0.827155 0.2387 1.12479 0.51138 0.141785 0.887066 0.151941 0.881189 0.374655 0.317597 0.412705 0.982066 0.397224 0.68994 0.779144 0.426454 0.356037 0.842276 1.07196 0.382592 0.562285
0.373021 0.4701 0.571081 0.629633 0.368048 0.813697 0.707575 0.230594 0.85177 0.408926 0.816644 0.252821 0.688765 0.793633 0.443971 0.682558 0.728858 0.772479 1.07284 0.778426 0.74908 0.760084 0.967986 0.911072 1.0003 0.350946 0.210521 0.480282 1.14211 0.169734 0.989533 0.657839 0.395806 1.07824 0.303839 0.726255 0.160366 0.47618 0.907478 0.927497 0.360382 0.645093 0.636809 0.895465 1.09093 0.735626 1.0117 0.236964 0.329514 0.299549 0.715898 0.702947 0.59948 0.587804 0.776907 0.313452 0.987254 0.505261 0.218841 0.999267 0.176123 0.931939 0.113777 0.169352 0.576066 0.883626 0.252085 0.747332 0.941566 0.371154 0.351954 1.05005 1.032 0.347083 0.383581
0.469731 0.347334 0.498994 0.679443 0.479331 0.686493 0.877827 0.167772 0.636941 0.236266 0.789669 0.440201 0.691472 0.915032 0.680076 0.526907 0.82169 0.632289 0.972907 0.792216 1.00578 0.807049 1.01499 0.677274 0.856925 0.236051 0.101668 0.259729 0.962463 0.167108 1.16948 0.553586 0.179734 1.18554 0.344407 0.850674 0.152929 0.464622 0.851694 0.927463 0.257724 0.579416 0.812514 0.839302 0.895399 0.527024 0.899195 0.301294 0.498509 0.383703 0.830163 0.753608 0.650966 0.570227 0.938915 0.225197 0.848891 0.473269 0.153637 0.936634 0.144684 0.898784 0.267574 0.318559 0.494689 0.806179 0.2526 0.901688 0.875509 0.517205 0.315278 1.07481 1.10205 0.404497 0.413727
0.250953 0.449403 0.544554 0.710019 0.288852 0.72571 0.962146 0.169331 0.865189 0.341112 0.920594 0.203253 0.73122 0.794493 0.414303 0.426964 0.702772 0.563015 1.0031 0.732489 0.961044 0.81704 0.851069 0.962535 0.787427 0.276211 0.106215 0.458841 1.15621 0.238619 1.15783 0.754852 0.318205 0.910806 0.0929283 0.917135 0.148708 0.36991 0.916345 0.882751 0.480586 0.744793 0.690021 0.75779 1.10182 0.581912 0.923016 0.140666 0.349202 0.470707 0.891714 0.884332 0.579916 0.389505 0.90067 0.312235 0.890085 0.385014 0.225331 0.948012 0.279433 0.904425 0.313441 0.292952 0.443371 0.854565 0.165703 0.754394 0.922074 0.380485 0.308996 0.943488 1.13329 0.541844 0.493832
0.51854 0.398261 0.612316 0.865576 0.373081 0.680371 0.954614 0.272879 0.71429 0.366162 0.684844 0.303961 0.568616 0.840944 0.682111 0.427125 0.766467 0.684369 0.935064 0.886418 0.832871 0.686569 0.894083 0.725552 0.968165 0.413214 0.236909 0.473611 1.20902 0.262567 1.00498 0.655889 0.333131 1.00221 0.382811 0.919433 0.223334 0.287916 0.938446 0.972616 0.527727 0.678492 0.716242 0.759006 0.870168 0.556662 1.04191 0.194536 0.343319 0.2093 0.837246 0.878373 0.432927 0.528199 1.01789 0.462042 1.09763 0.487136 0.265338 0.888759 0.364156 0.761545 0.271649 0.0949633 0.370082 0.835086 0.219628 0.74298 0.871022 0.362944 0.473553 1.04839 0.921059 0.446428 0.421658
