25 75
0.9976 0.555079 0.734366 0.929599 0.267142 0.952066 0.892341 0.942365 0.617076 0.794466 0.731671 0.937168 0.627917 0.448911 0.925463 0.95091 0.199514 0.4402 0.812039 1.05436 0.940128 0.72633 1.00829 0.762963 0.561132 0.541907 0.223316 1.12892 0.927761 0.238617 0.477876 0.879643 0.832388 0.369073 0.899671 1.0519 0.448562 0.747963 0.715482 0.367415 0.434268 0.413927 0.603866 0.262638 0.608367 0.533118 1.04232 0.302778 0.277364 1.10135 0.156122 0.845953 0.436772 0.432551 0.343458 0.728619 0.471803 0.617311 0.342605 0.259111 1.04001 1.08129 0.628563 0.976289 0.659389 0.694267 0.172326 0.558538 0.420243 0.552768 0.130376 0.227866 1.13046 0.499999 0.436343
0.875611 0.672923 0.612532 0.913598 0.186304 0.853303 0.939069 0.702447 0.753295 0.769012 0.691631 1.15706 0.677523 0.445644 1.02346 0.864011 0.190289 0.454739 0.648255 0.922901 0.951543 0.604604 0.810736 0.884212 0.388928 0.501745 0.162859 1.17475 1.04566 0.368837 0.369913 0.928436 0.848363 0.536531 0.893798 1.17066 0.563796 0.726297 0.649511 0.203542 0.515133 0.432288 0.770786 0.368448 0.415858 0.424703 0.782682 0.328417 0.141106 1.04928 0.425756 0.628397 0.449216 0.426325 0.298302 0.717852 0.550554 0.588544 0.32582 0.280137 1.02041 1.08718 0.501994 0.862871 0.742563 0.662478 0.188084 0.591421 0.319145 0.422248 0.0861861 0.154711 1.19173 0.421635 0.402673
0.93397 0.672286 0.643192 0.819388 0.110938 1.04104 0.834631 0.687614 0.69138 0.767457 0.561144 1.07535 0.432019 0.466818 0.993273 0.845009 0.174633 0.226443 0.549861 1.02904 0.795082 0.723929 0.755727 0.644965 0.485006 0.575327 0.166684 1.22063 1.13649 0.275387 0.347411 0.672375 0.788894 0.641668 1.05238 1.13437 0.569049 0.793648 0.477795 0.35743 0.557945 0.17562 0.622725 0.286426 0.324693 0.439883 0.851634 0.349527 0.0742307 1.17376 0.233645 0.650615 0.538197 0.272774 0.365997 0.758958 0.420448 0.504443 0.516523 0.475904 0.926931 1.24018 0.508948 0.882546 0.589588 0.869089 0.160027 0.402201 0.21106 0.549357 0.237392 0.128093 1.14001 0.540493 0.325511
0.982374 0.554283 0.829747 0.707195 0.272947 0.811005 0.860759 0.834659 0.561057 0.791724 0.743156 1.16933 0.614944 0.31824 0.991457 1.06805 0.405586 0.320321 0.710355 1.02862 0.858442 0.462168 0.777057 0.676231 0.445525 0.49807 0.134538 1.19511 1.07933 0.250429 0.415447 0.934738 0.905302 0.520577 1.11301 0.982165 0.44613 0.772324 0.726116 0.218216 0.572463 0.409226 0.56903 0.384169 0.571005 0.36608 0.900496 0.33268 0.0991017 1.2059 0.33577 0.709986 0.501274 0.228524 0.308789 0.722092 0.546053 0.551806 0.463303 0.439909 1.08974 0.987881 0.747781 0.976716 0.74771 0.703931 0.311867 0.531231 0.471424 0.593896 0.111264 0.0925652 1.04114 0.323364 0.331534
0.794263 0.593288 0.773172 0.681667 0.351559 0.871757 0.906906 0.955123 0.533593 0.678342 0.589612 0.955777 0.397166 0.320976 0.981351 0.961138 0.231315 0.375688 0.757652 0.832409 0.718727 0.528867 0.904545 0.69138 0.566362 0.633548 0.0808958 1.19782 1.01694 0.180414 0.420456 0.76255 0.985551 0.523101 0.985568 1.07798 0.537031 0.858345 0.656062 0.285416 0.520057 0.387388 0.592435 0.267218 0.417981 0.491828 0.990025 0.316464 0.135526 1.17912 0.439516 0.692474 0.676628 0.406071 0.435838 0.65189 0.525909 0.392679 0.440789 0.415366 0.919642 1.23325 0.51244 1.05944 0.580742 0.609662 0.267857 0.442135 0.331605 0.338597 0.150223 0.0390345 1.0779 0.437327 0.554073
0.766978 0.611604 0.601346 0.846377 0.263028 1.04588 1.04502 0.720221 0.624397 0.607055 0.669254 1.1914 0.583635 0.400367 0.998079 1.01958 0.231651 0.243035 0.606588 0.950967 0.74486 0.641385 0.853291 0.815238 0.583024 0.502066 0.345925 1.20601 0.883442 0.37974 0.498711 0.783429 0.929175 0.450025 0.967777 1.04296 0.638823 0.772824 0.529087 0.272385 0.568921 0.248921 0.811701 0.389596 0.541807 0.389385 0.914579 0.264701 0.185394 1.18818 0.445631 0.722663 0.463142 0.325626 0.513318 0.711325 0.532696 0.498558 0.361955 0.349813 1.05517 1.22837 0.566087 0.986691 0.614173 0.677432 0.220303 0.5141 0.360128 0.592067 0.0590278 0.100995 1.08078 0.387428 0.352062
0.814249 0.680752 0.64503 0.785134 0.284803 0.840945 0.983929 0.926445 0.763614 0.620027 0.684311 1.08425 0.448795 0.508473 0.802893 0.939669 0.156805 0.253749 0.613265 0.76312 0.953157 0.5278 0.91967 0.839506 0.505458 0.592099 0.236923 1.14799 1.02124 0.140336 0.420188 0.876195 0.836507 0.523959 0.905545 0.977893 0.601263 0.642048 0.504078 0.231074 0.392519 0.240791 0.691509 0.455142 0.472066 0.403254 0.929366 0.479286 0.199043 1.23599 0.326446 0.891503 0.511762 0.370608 0.573294 0.692731 0.441642 0.338168 0.333483 0.446128 1.17667 0.979363 0.460776 0.872863 0.624933 0.855416 0.151296 0.489054 0.188561 0.411579 0.193035 0.230133 1.1996 0.370243 0.485506
0.857837 0.656174 0.566467 0.873731 0.335634 0.814045 1.07622 0.846333 0.649756 0.741244 0.641749 1.14102 0.431653 0.373469 0.834419 1.0107 0.173781 0.306061 0.656166 0.799557 0.710497 0.532018 0.944535 0.845197 0.620436 0.700946 0.0816761 1.02568 0.989605 0.232225 0.325881 0.649509 0.713088 0.444065 0.924658 1.19468 0.489641 0.801264 0.647323 0.475279 0.546006 0.38836 0.607552 0.449761 0.367631 0.467689 0.957956 0.261539 0.0994568 1.05479 0.317688 0.746995 0.549024 0.348955 0.569518 0.746313 0.364606 0.602153 0.398721 0.287447 1.19537 0.981404 0.722374 0.825672 0.503824 0.852206 0.294664 0.559917 0.454695 0.394724 0.178438 0.074125 1.09224 0.424429 0.369244
0.793687 0.480762 0.636188 0.719927 0.208952 0.895311 0.851051 0.889624 0.603288 0.753784 0.556371 1.1996 0.405318 0.514144 1.02159 0.830872 0.294869 0.225961 0.558149 0.860627 0.671292 0.638056 0.88178 0.643358 0.512436 0.740776 0.257911 1.24989 1.0476 0.238423 0.556236 0.818972 0.706141 0.478264 0.81785 1.17321 0.659712 0.752373 0.751922 0.400367 0.39169 0.434836 0.755878 0.406487 0.537563 0.406552 0.866445 0.492812 0.363867 1.2391 0.295889 0.628549 0.58666 0.346286 0.339369 0.794607 0.405755 0.573164 0.530644 0.473589 1.08047 0.972924 0.466558 0.803358 0.654922 0.670802 0.119133 0.382324 0.455181 0.526375 0.0901617 0.156612 1.17317 0.32258 0.470391
0.818521 0.673317 0.804736 0.905322 0.294867 0.975064 0.851578 0.938338 0.51551 0.636756 0.645612 0.907869 0.447363 0.311084 0.7847 0.788378 0.167113 0.288346 0.701539 0.805446 0.663933 0.54434 0.814666 0.681833 0.586852 0.585054 0.360727 1.16859 0.976328 0.244617 0.594638 0.858036 0.727098 0.483967 1.0463 1.15008 0.589883 0.68636 0.527972 0.271835 0.454627 0.255574 0.808302 0.441632 0.481095 0.353034 0.816445 0.366653 0.107317 1.03344 0.148843 0.645182 0.51342 0.316226 0.330012 0.655506 0.366744 0.519313 0.548783 0.270242 1.07464 1.10767 0.555328 0.857621 0.553022 0.713132 0.314692 0.453355 0.211884 0.383568 0.106355 0.126438 1.07408 0.449234 0.517127
1.01787 0.55518 0.799915 0.834007 0.362956 0.921427 1.06007 0.949555 0.762404 0.743503 0.630679 1.17576 0.524134 0.370729 0.938624 0.92108 0.204229 0.347364 0.668596 1.01449 0.715197 0.501683 0.800097 0.768885 0.46574 0.468916 0.168009 1.16961 1.0143 0.208386 0.376517 0.916485 0.855625 0.384449 0.917878 1.16594 0.575656 0.818297 0.572804 0.434385 0.404748 0.405812 0.802973 0.326151 0.412637 0.317227 0.794886 0.401133 0.326453 1.19057 0.345702 0.703338 0.469885 0.314073 0.450469 0.559557 0.542033 0.397311 0.451901 0.267568 1.19889 0.97082 0.545292 0.852815 0.647175 0.631969 0.217699 0.377658 0.43824 0.527104 0.275343 0.0364315 1.17677 0.534227 0.418829
0.867173 0.457935 0.748697 0.885183 0.136306 1.02888 1.05891 0.877299 0.752688 0.66255 0.771824 0.967722 0.609434 0.460153 1.01306 0.881247 0.405895 0.489571 0.654251 0.801633 0.709725 0.517419 0.985608 0.643013 0.49069 0.723758 0.14992 1.2712 1.10529 0.26091 0.500267 0.831694 0.941354 0.653992 0.903379 0.93185 0.436445 0.681073 0.563597 0.482454 0.56402 0.339897 0.618311 0.38841 0.541088 0.37322 1.04043 0.267796 0.0935622 1.07319 0.371653 0.670179 0.542639 0.466355 0.557606 0.720593 0.607495 0.615991 0.40128 0.499127 0.988898 1.01651 0.513706 0.968464 0.607249 0.72138 0.264338 0.538151 0.214702 0.329124 0.269209 0.131469 1.17323 0.416554 0.54676
0.774357 0.514853 0.762424 0.95245 0.309238 1.07221 0.93022 0.692381 0.635285 0.792925 0.799932 0.974799 0.570676 0.548159 1.0732 0.916099 0.203368 0.43778 0.660894 0.837773 0.796357 0.678851 0.985578 0.637331 0.595152 0.655944 0.227892 0.999066 0.870898 0.22744 0.476429 0.73768 0.82816 0.582952 0.915479 1.0368 0.695185 0.585743 0.63348 0.393951 0.440806 0.201546 0.678806 0.236903 0.451028 0.40474 0.874223 0.301151 0.109403 1.07796 0.19068 0.707782 0.483806 0.213352 0.558239 0.588618 0.392008 0.424684 0.367547 0.29055 1.19356 1.01495 0.595908 0.805099 0.70962 0.631875 0.278876 0.305582 0.3376 0.321992 0.337341 0.0534543 1.2299 0.561701 0.414992
0.915324 0.54049 0.823223 0.714872 0.0912344 0.996507 1.0541 0.944768 0.62224 0.637689 0.672891 0.988665 0.490716 0.531265 0.87184 0.901478 0.248976 0.243551 0.640696 0.874735 0.772675 0.606432 0.742836 0.777546 0.415353 0.537334 0.303041 1.04728 1.15839 0.323731 0.323093 0.863758 0.877087 0.447252 0.974136 0.977047 0.481744 0.667618 0.582475 0.330078 0.472695 0.32663 0.632965 0.29275 0.426776 0.300246 0.975268 0.54493 0.290718 1.06749 0.36702 0.655564 0.681259 0.229479 0.327527 0.737776 0.600285 0.453415 0.554985 0.452974 1.01254 1.21085 0.591845 0.837679 0.577545 0.782087 0.292307 0.413546 0.45412 0.564837 0.163257 0.026768 1.09907 0.416198 0.328523
0.919467 0.747989 0.604687 0.71766 0.1343 0.809473 0.879628 0.894803 0.509432 0.702897 0.589709 1.04388 0.584433 0.429091 0.897367 0.865475 0.13028 0.417701 0.619377 0.874126 0.874027 0.497012 0.892121 0.64451 0.597054 0.661155 0.236679 1.19098 1.11816 0.237614 0.448809 0.70428 0.759406 0.603604 0.98543 1.10616 0.604099 0.752233 0.62326 0.300238 0.571256 0.176022 0.615501 0.443921 0.621769 0.29868 0.98126 0.546431 0.0852541 1.15922 0.228338 0.798581 0.571372 0.217023 0.496235 0.743322 0.416776 0.333571 0.448149 0.477404 1.0316 1.15074 0.651029 1.00067 0.551089 0.709505 0.149498 0.544362 0.416622 0.549899 0.162755 0.150139 1.20223 0.476393 0.519454
0.98358 0.553952 0.628761 0.77788 0.0739709 1.00463 0.981513 0.913156 0.670869 0.843878 0.663739 1.01931 0.619627 0.51266 0.967606 0.837668 0.323458 0.232595 0.737331 0.981347 0.947692 0.505783 0.803056 0.798957 0.472211 0.608165 0.360037 1.00685 0.934893 0.117336 0.52547 0.731833 0.752355 0.510986 0.908828 1.20278 0.648548 0.857482 0.471289 0.41191 0.504345 0.331121 0.57588 0.311998 0.577137 0.466341 0.862428 0.278679 0.322913 1.1563 0.207236 0.784762 0.436243 0.232304 0.443255 0.64261 0.566806 0.569808 0.47977 0.40871 1.04268 1.13921 0.640497 1.01609 0.74063 0.695855 0.348297 0.457853 0.293871 0.405816 0.0793581 0.123901 1.16024 0.58213 0.277818
0.820103 0.505777 0.773673 0.885792 0.208258 0.945374 0.822192 0.887476 0.797061 0.836002 0.748224 1.13404 0.544176 0.404163 0.919502 0.995291 0.244986 0.298999 0.709654 0.993873 0.756843 0.697118 0.84784 0.684263 0.613515 0.552714 0.334645 1.28012 0.918668 0.235989 0.557837 0.75246 0.923482 0.4053 0.953894 0.961348 0.426742 0.606298 0.562027 0.325706 0.501839 0.395926 0.689261 0.253434 0.516748 0.382631 0.989667 0.361169 0.168635 1.03753 0.175786 0.891778 0.55332 0.384454 0.50597 0.686345 0.415026 0.391099 0.580396 0.405699 1.12979 1.24124 0.71587 0.887079 0.665215 0.879105 0.344587 0.299441 0.352719 0.391463 0.292307 0.128372 0.997985 0.300111 0.390742
0.823835 0.557699 0.639944 0.753922 0.164621 1.02569 1.06302 0.953965 0.510037 0.657749 0.731912 1.14811 0.486663 0.433931 0.856758 0.988957 0.198187 0.275459 0.699739 0.977667 0.807054 0.666576 0.96594 0.746322 0.60835 0.645351 0.21124 0.997158 0.906939 0.195551 0.609458 0.84591 0.926452 0.633243 0.84547 1.15087 0.580569 0.831716 0.578528 0.371251 0.364657 0.409147 0.522321 0.218661 0.5107 0.4853 0.901909 0.440934 0.118937 0.980318 0.386322 0.810499 0.677281 0.362383 0.300154 0.808453 0.611571 0.609752 0.368979 0.496424 1.16618 1.07316 0.613519 1.01356 0.540881 0.877136 0.15074 0.435785 0.445618 0.41554 0.252868 0.105957 1.02165 0.555536 0.281568
0.973682 0.582987 0.637446 0.822266 0.360287 0.912177 0.964222 0.856364 0.634494 0.65943 0.759901 1.19502 0.661345 0.479625 1.01136 0.868638 0.291917 0.410022 0.81549 0.780486 0.771217 0.715024 0.764131 0.671481 0.672082 0.50774 0.191696 1.27351 1.12416 0.254142 0.373653 0.752722 0.697311 0.473209 0.961478 1.17055 0.49979 0.832195 0.584102 0.375278 0.318417 0.264759 0.67141 0.360284 0.439842 0.429066 0.781707 0.522456 0.339428 0.941249 0.368179 0.624108 0.662127 0.302484 0.332196 0.682219 0.597648 0.36932 0.560243 0.312676 1.09566 1.21893 0.693468 0.800666 0.585118 0.851408 0.265291 0.483757 0.249529 0.369817 0.18744 0.161892 1.09212 0.45294 0.39171
0.950354 0.540319 0.804477 0.817802 0.240749 1.06544 0.81924 0.73669 0.714041 0.792877 0.548234 0.93417 0.559844 0.474515 0.956829 1.05698 0.379213 0.406245 0.712877 0.985552 0.898056 0.483431 0.838357 0.69732 0.592476 0.712371 0.275918 1.07151 0.983932 0.367221 0.4789 0.837684 0.962823 0.433875 0.855731 1.19323 0.676714 0.745811 0.597353 0.407023 0.403992 0.366664 0.7501 0.287606 0.532498 0.503214 0.93999 0.309254 0.176746 1.20404 0.270433 0.759985 0.603844 0.357233 0.320834 0.622762 0.538902 0.424734 0.300767 0.331794 1.02216 1.08683 0.490767 0.957147 0.47009 0.651687 0.26971 0.4005 0.214504 0.531848 0.266075 0.0302227 1.13947 0.536224 0.454209
0.854416 0.594319 0.79309 0.9702 0.359725 0.87452 0.935259 0.939702 0.76443 0.605849 0.551679 0.918129 0.477632 0.274363 0.979741 0.872003 0.231805 0.229712 0.573608 0.98986 0.711533 0.539393 0.867872 0.859267 0.661438 0.593548 0.131716 1.24682 1.09924 0.3853 0.402379 0.80784 0.703495 0.596564 0.962542 1.16971 0.475612 0.791714 0.6113 0.27781 0.545539 0.250533 0.643651 0.377032 0.427426 0.444322 0.8859 0.437218 0.285654 1.23609 0.150959 0.608729 0.651241 0.301536 0.535175 0.546924 0.375818 0.619257 0.55465 0.363414 0.974709 1.22638 0.517886 0.862574 0.688873 0.707458 0.148577 0.487072 0.273916 0.362091 0.144676 0.233685 1.10089 0.493349 0.393177
0.754146 0.510775 0.698451 0.679183 0.306736 0.981707 1.00422 0.774833 0.775128 0.779953 0.555229 0.940589 0.498048 0.300597 1.01574 1.02194 0.173733 0.4197 0.700192 0.859771 0.897886 0.670424 1.02679 0.83683 0.592465 0.679036 0.0865783 1.15233 1.1515 0.141235 0.520421 0.68531 0.975031 0.566497 1.00505 1.11754 0.537937 0.859153 0.659397 0.382906 0.566548 0.325572 0.5516 0.372681 0.35081 0.554556 0.845459 0.338093 0.277687 1.11162 0.227738 0.679063 0.4481 0.311176 0.35437 0.626724 0.528704 0.445212 0.363662 0.363891 0.965424 1.09839 0.509084 1.01411 0.550602 0.884446 0.294475 0.569374 0.415081 0.35715 0.0435166 0.111286 1.00811 0.530117 0.386131
0.846837 0.745149 0.570166 0.70538 0.192551 0.877948 1.08079 0.881926 0.512241 0.56365 0.772988 0.952604 0.508953 0.266591 1.02543 0.86467 0.405508 0.400214 0.584761 1.00589 0.716492 0.515271 0.85803 0.74388 0.448447 0.624936 0.180379 1.13191 0.994839 0.194237 0.571711 0.795064 0.838967 0.554097 0.826913 1.15368 0.582572 0.858344 0.691463 0.464605 0.57248 0.290909 0.80812 0.392806 0.350514 0.532166 0.92383 0.506538 0.120272 1.09246 0.354226 0.794452 0.407051 0.178423 0.3893 0.697698 0.331784 0.392477 0.412254 0.333053 0.950772 1.03052 0.629798 1.00167 0.632639 0.620395 0.348178 0.587148 0.21187 0.39273 0.304101 0.102576 1.18242 0.457971 0.283256
1.03151 0.453789 0.772974 0.812771 0.262489 1.03636 0.831408 0.692593 0.549687 0.853978 0.603823 1.15348 0.636706 0.32557 0.835547 1.02138 0.12078 0.433207 0.582916 0.945226 0.906144 0.551356 0.964295 0.625017 0.432182 0.690166 0.217509 1.07097 1.08599 0.320447 0.464302 0.64842 0.924407 0.599586 1.028 1.11144 0.480232 0.84218 0.604776 0.238938 0.450549 0.214233 0.806299 0.191356 0.395012 0.485322 0.811412 0.286456 0.333797 0.980476 0.345197 0.816152 0.570595 0.247232 0.543043 0.769829 0.56003 0.517428 0.357175 0.411224 1.1618 1.19511 0.672617 0.891705 0.623172 0.86203 0.325296 0.409488 0.244457 0.535035 0.291253 0.155494 1.00496 0.437576 0.389008
0.755528 0.615798 0.823122 0.84637 0.330269 1.01905 1.05519 0.729571 0.663157 0.801071 0.799486 0.945639 0.598555 0.300931 0.973663 0.920121 0.392127 0.378555 0.720827 0.919062 0.691457 0.50528 0.879615 0.876508 0.687288 0.657168 0.292818 1.25102 0.92775 0.331253 0.523315 0.675557 0.780188 0.582635 1.09762 1.22003 0.615107 0.614728 0.566497 0.23904 0.451573 0.410657 0.725176 0.196947 0.3765 0.377956 0.790824 0.426906 0.33821 1.19783 0.220171 0.886651 0.600675 0.331941 0.458378 0.751637 0.530304 0.621225 0.448799 0.27678 1.1577 0.954618 0.562463 1.07977 0.546468 0.600325 0.280785 0.471204 0.181479 0.349472 0.175419 0.32378 1.0102 0.394891 0.489641
