25 75
0.281914 1.03688 0.0798017 0.730361 0.6615 0.988928 0.849711 0.988508 1.18116 0.834991 0.693556 0.0859414 1.02041 0.924924 0.323179 0.650063 0.827174 0.174705 0.593873 0.921183 0.824151 0.844647 0.911368 0.912551 1.06654 0.377382 0.526927 0.958374 0.575919 0.429769 0.120226 1.03888 0.284773 0.546868 0.67274 0.193941 0.454975 1.00387 0.426083 0.464944 0.972847 0.535629 0.427789 0.468023 0.489624 0.862519 0.578988 1.03307 0.787943 0.470893 0.772686 0.46418 1.06658 0.499841 0.304512 0.80432 0.433224 0.262716 0.6733 1.01761 0.269014 0.963491 0.655876 0.45259 0.930278 0.736054 0.811518 0.76073 0.294005 0.967923 0.714282 0.697188 0.563768 0.877327 0.598971
0.348782 0.948221 0.112002 0.789319 0.930013 1.01672 0.757221 0.843554 0.935146 0.884551 0.80528 0.294513 0.868889 1.05662 0.260578 0.804039 0.864506 0.226435 0.772367 0.973296 0.80061 0.943789 0.887141 0.952811 1.06174 0.549528 0.534627 0.826799 0.602499 0.646191 0.0857248 0.93095 0.15723 0.311992 0.615624 0.207776 0.306288 1.10298 0.330499 0.412697 1.20503 0.536182 0.399577 0.391695 0.22371 0.899199 0.435823 0.960778 0.624515 0.590167 0.737121 0.497265 1.04614 0.504009 0.252497 0.794072 0.390484 0.17304 0.561177 0.949101 0.300713 0.900651 0.63586 0.575658 1.04658 0.584948 0.939192 1.01887 0.121081 0.794715 0.957298 0.780325 0.510657 0.836458 0.716358
0.310865 0.943408 0.188021 0.894024 0.912936 0.857301 0.751043 1.12766 1.04441 0.861295 0.720065 0.325445 1.05872 1.02863 0.315714 0.793353 0.900221 0.135496 0.791645 1.04581 0.704436 0.871058 0.691881 0.901128 1.23473 0.453853 0.610327 0.940574 0.627905 0.647988 0.310721 1.00042 0.195391 0.299427 0.704714 0.221042 0.369807 0.996861 0.476378 0.446691 1.19311 0.750261 0.34805 0.405081 0.396111 0.815908 0.589509 0.969568 0.594871 0.566829 0.76452 0.469626 1.0543 0.604883 0.177702 1.04592 0.454762 0.139591 0.449247 0.925711 0.396856 0.863254 0.421391 0.38766 0.979713 0.557698 0.937913 1.04221 0.202593 0.982288 0.841562 0.680855 0.475915 0.756007 0.837203
0.393861 0.956175 0.285457 1.02568 0.67677 0.984879 0.69408 1.07475 0.99457 0.728026 0.724098 0.323378 0.890829 0.93161 0.399087 0.731504 0.71788 0.127194 0.673153 0.927282 0.652721 1.03862 0.758079 1.0649 1.23609 0.457604 0.464212 1.01205 0.504136 0.378125 0.227194 0.998662 0.326809 0.528559 0.720684 0.465637 0.40269 1.01664 0.474967 0.452831 1.09514 0.706936 0.221626 0.392 0.379919 0.672455 0.503702 1.07855 0.566183 0.503031 0.647862 0.513975 1.02306 0.506041 0.321688 0.780407 0.273914 0.358966 0.547528 1.05082 0.371291 0.958938 0.486878 0.606104 1.05074 0.553835 0.713259 0.774514 0.230345 0.99099 0.915054 0.585265 0.621191 0.762592 0.629866
0.203621 0.894167 0.247352 0.921831 0.83921 1.0548 0.678822 1.11465 1.04586 0.872034 0.828016 0.320908 1.02411 1.19136 0.330527 0.673714 0.685954 0.219953 0.847273 0.80628 0.78373 0.91266 0.71269 0.953279 1.05845 0.467581 0.498081 0.997207 0.456707 0.614036 0.111119 0.966633 0.208417 0.415538 0.603408 0.464835 0.476627 1.11351 0.478178 0.608192 1.15321 0.737603 0.508142 0.381155 0.271975 0.832141 0.68129 1.00758 0.589945 0.570726 0.55087 0.654659 1.02469 0.548642 0.420842 0.943251 0.320031 0.130759 0.52301 1.05612 0.312402 0.838747 0.453295 0.363025 0.923968 0.767286 0.868399 1.03402 0.169686 0.7622 0.772596 0.814532 0.548496 0.818019 0.670165
0.401708 0.972239 0.221345 0.896523 0.662288 0.903873 0.948435 0.836434 0.941125 0.759922 0.732928 0.12379 1.09366 0.935091 0.355649 0.691227 0.869319 0.207919 0.736901 0.789656 0.687586 0.971597 0.761643 1.10605 1.05687 0.45598 0.650234 1.0457 0.645648 0.42174 0.225918 0.924216 0.339603 0.331847 0.589909 0.433687 0.28094 1.23505 0.427927 0.581159 0.935173 0.676437 0.39042 0.428663 0.452946 0.94306 0.425773 1.04686 0.598014 0.378456 0.601007 0.628284 1.05661 0.413792 0.347172 0.871344 0.436041 0.312097 0.557802 0.921924 0.408413 0.972043 0.449768 0.526884 1.17252 0.749493 0.863193 0.915694 0.289718 0.774773 0.961969 0.552652 0.444588 0.808925 0.636683
0.335683 0.775088 0.277444 0.995342 0.757499 0.92247 0.784967 1.10276 0.941837 0.618764 0.79663 0.30059 0.988058 1.1519 0.203058 0.927021 0.876741 0.377988 0.798056 1.04353 0.559625 0.956155 0.856817 1.1452 1.17608 0.439308 0.556868 1.04269 0.481453 0.476834 0.30246 0.862449 0.323846 0.326924 0.698814 0.34184 0.426101 0.962032 0.408928 0.644515 1.16924 0.6438 0.441473 0.60135 0.264811 0.927868 0.513398 0.890751 0.612956 0.361076 0.701893 0.446372 1.13871 0.535185 0.252331 1.00204 0.343505 0.26041 0.518367 0.931753 0.375168 0.974687 0.502741 0.510059 1.11501 0.68836 0.723626 0.840307 0.331784 0.764193 0.791269 0.576848 0.648877 0.758333 0.820223
0.278399 0.763092 0.0100299 0.80349 0.695528 1.06654 0.818538 1.13089 1.14829 0.651101 0.612221 0.168355 0.883604 0.923935 0.131824 0.831176 0.939615 0.187292 0.846959 1.0384 0.723138 1.06571 0.916235 1.13516 1.0248 0.412143 0.597046 0.862774 0.502751 0.543624 0.238794 1.03206 0.164379 0.335707 0.703303 0.407733 0.334633 1.00093 0.344163 0.650009 1.04159 0.741078 0.503318 0.496736 0.236166 0.756887 0.584542 1.01904 0.527326 0.476207 0.542725 0.497339 1.17259 0.661839 0.213202 1.0616 0.527053 0.115236 0.495989 0.968028 0.211934 0.884465 0.610608 0.347968 1.20178 0.685758 0.870107 0.843579 0.194863 0.989698 0.821179 0.71656 0.461065 0.82894 0.648454
0.43077 0.991844 0.0145417 1.01942 0.885746 1.00966 0.728525 1.12276 1.1306 0.87766 0.827673 0.169365 0.872735 0.95873 0.315737 0.861088 0.720873 0.206618 0.640647 1.0718 0.567526 0.842711 0.962409 1.03305 1.18299 0.417061 0.440094 1.07897 0.452131 0.53098 0.226602 0.872985 0.0831036 0.580695 0.56261 0.212765 0.46339 1.02019 0.613239 0.592053 1.22006 0.511597 0.374667 0.648053 0.430914 0.839942 0.614625 0.980656 0.520904 0.587704 0.784342 0.454777 0.983413 0.517965 0.400593 0.851938 0.323913 0.176851 0.692815 1.10531 0.44228 0.961564 0.673576 0.494093 0.991905 0.729708 0.91996 0.847508 0.102515 0.802264 0.820042 0.764872 0.599017 0.837689 0.666335
0.385294 0.864894 0.30114 0.86965 0.83022 1.11047 0.86439 1.00382 1.07636 0.880754 0.825291 0.0630287 0.88676 1.19719 0.224261 0.700625 0.684581 0.369278 0.615285 0.9308 0.678544 1.1272 0.832681 0.956274 1.23594 0.408858 0.530473 0.959365 0.418048 0.376094 0.0958511 0.792609 0.247274 0.520033 0.678541 0.363814 0.244988 1.24968 0.51887 0.624562 1.11634 0.534033 0.398097 0.383965 0.222575 0.828286 0.53424 1.07108 0.56051 0.520248 0.780785 0.503191 1.18574 0.625492 0.162627 0.819035 0.332105 0.278736 0.437732 1.07872 0.340848 0.932829 0.605439 0.445113 0.932792 0.767064 0.827332 0.922959 0.323232 0.791288 0.689513 0.619224 0.58264 0.741849 0.753311
0.246804 0.830311 0.113468 1.01193 0.64009 1.04036 0.957582 1.05728 1.02125 0.853294 0.615572 0.0676406 0.86277 1.06947 0.284034 0.758981 0.74427 0.186768 0.591995 1.07492 0.709399 0.960706 0.926356 1.08146 1.03764 0.357019 0.500111 0.974109 0.476337 0.604678 0.241455 0.863852 0.140211 0.330185 0.664098 0.367774 0.285827 1.17081 0.364818 0.601616 0.964093 0.604685 0.423446 0.449747 0.486312 0.923292 0.650884 0.929144 0.672499 0.564139 0.82305 0.664192 1.15912 0.556754 0.324271 0.979543 0.356741 0.150608 0.410165 1.0566 0.349982 0.933697 0.390662 0.533252 1.08201 0.792292 0.833104 1.03349 0.134082 0.876967 0.766534 0.812062 0.469683 0.729367 0.586758
0.251827 0.800565 0.165194 0.835264 0.739386 0.819149 0.834579 0.93595 1.00236 0.723746 0.855691 0.117767 0.962721 1.16942 0.136611 0.759842 0.732915 0.390678 0.773382 0.891549 0.69459 1.10117 0.94127 1.19786 1.15109 0.505407 0.43328 1.03886 0.633479 0.59278 0.228981 1.02994 0.175347 0.499889 0.731979 0.318336 0.383923 0.97689 0.336726 0.512635 1.2225 0.639879 0.483857 0.610745 0.505183 0.915597 0.495714 1.09184 0.628932 0.606667 0.67874 0.540735 1.07715 0.431662 0.331312 1.0398 0.52295 0.354909 0.585644 0.931543 0.489379 0.844041 0.639794 0.508962 1.11669 0.765079 0.865967 1.03497 0.193457 0.791816 0.760985 0.656753 0.368826 0.774554 0.566285
0.31053 0.897165 0.117005 0.775777 0.847528 1.04781 0.735734 1.01814 1.10666 0.789411 0.786421 0.0567207 0.88601 1.03754 0.207028 0.735037 0.896524 0.23347 0.690159 0.8461 0.75214 0.912275 0.73895 1.17132 1.13882 0.586683 0.421985 0.888344 0.667332 0.643343 0.146652 0.763044 0.288714 0.490254 0.736993 0.218222 0.48375 0.969838 0.522548 0.669423 1.00844 0.653239 0.258297 0.428477 0.4617 0.692062 0.494725 0.932027 0.589929 0.562084 0.629325 0.604213 1.19853 0.632377 0.400064 1.06307 0.291754 0.14694 0.612908 0.916487 0.226939 0.945366 0.425125 0.608962 1.10875 0.822564 0.778906 0.866685 0.306134 0.781027 0.799051 0.819406 0.496991 0.716107 0.817687
0.426266 0.908901 0.130583 0.934481 0.888477 0.988837 0.887319 0.955814 0.969941 0.880285 0.78597 0.141929 0.970977 1.07962 0.330257 0.841786 0.734218 0.2609 0.826762 1.00075 0.781763 0.847441 0.945082 0.947232 1.27901 0.385649 0.61569 0.98779 0.532528 0.415856 0.209707 0.775662 0.322773 0.352951 0.606671 0.273323 0.417894 1.1173 0.432113 0.465516 1.21598 0.656015 0.22594 0.521651 0.507248 0.694857 0.547649 1.07246 0.717525 0.452902 0.753495 0.443902 1.11746 0.662347 0.440356 1.02153 0.309786 0.273944 0.407037 1.16223 0.409907 0.868368 0.622252 0.472067 1.00797 0.693603 0.828866 0.798911 0.186017 1.02529 0.802438 0.679158 0.626702 0.867677 0.732436
0.191936 0.976631 0.0343976 0.814084 0.806814 0.822286 0.915046 1.02566 0.946708 0.695242 0.602436 0.11149 0.921829 0.910827 0.282707 0.850356 0.907981 0.259102 0.672541 0.962835 0.833247 0.965622 0.847633 0.932845 1.17777 0.398198 0.625254 0.863155 0.581923 0.460908 0.10944 1.04702 0.245417 0.587839 0.640275 0.27759 0.501344 1.15819 0.596973 0.62155 0.951663 0.73011 0.419475 0.619245 0.384856 0.909126 0.639803 0.994054 0.736165 0.615573 0.709767 0.584779 1.09091 0.409365 0.174639 0.869336 0.466698 0.139551 0.405111 1.1577 0.390081 1.04508 0.487489 0.377666 1.1984 0.558348 0.974224 0.774686 0.171161 0.882245 0.757515 0.779137 0.540081 0.690149 0.567949
0.326402 0.856598 0.0660079 0.918999 0.820815 0.966724 0.819367 0.934151 0.94738 0.738967 0.775061 0.0592682 1.07095 1.15874 0.178091 0.746955 0.67219 0.232778 0.649556 1.04941 0.585174 0.907093 0.774661 0.918878 1.24218 0.556513 0.381911 0.891179 0.669267 0.642027 0.250216 0.807951 0.0606134 0.494916 0.624381 0.448566 0.37927 1.01028 0.381608 0.609844 1.18555 0.63207 0.340959 0.44203 0.311102 0.778168 0.613113 1.02123 0.572197 0.570084 0.578098 0.553505 1.11499 0.416179 0.395022 0.986348 0.435312 0.34927 0.669132 1.13285 0.285156 1.01802 0.595092 0.46569 0.984393 0.647895 0.893534 0.956643 0.153498 0.832949 0.675774 0.544093 0.578831 0.945394 0.79707
0.332118 0.808552 0.166315 1.01858 0.816116 1.08646 0.720603 0.930753 1.21415 0.706892 0.732621 0.292358 1.10788 1.14186 0.245585 0.836224 0.855424 0.310697 0.601167 1.0491 0.611432 1.11317 0.800681 1.08591 1.13084 0.441649 0.529358 0.898747 0.58442 0.536755 0.177774 1.02717 0.274641 0.460377 0.580955 0.474864 0.497911 1.07427 0.413546 0.679436 0.994203 0.617354 0.303507 0.538373 0.360352 0.754163 0.649363 0.864496 0.655145 0.409007 0.685011 0.633748 0.979295 0.525078 0.326531 0.98085 0.455283 0.239185 0.62434 1.04939 0.192349 0.866261 0.596714 0.428627 1.04151 0.613107 0.830993 0.975612 0.0797563 0.909602 0.89842 0.726401 0.36922 0.75963 0.596416
0.298177 0.950634 0.032753 0.864987 0.702519 0.943081 0.702022 0.896998 1.02321 0.694439 0.593364 0.332702 0.809286 0.93304 0.12809 0.921937 0.680118 0.288939 0.840238 0.798398 0.726203 0.877723 0.726675 1.13055 1.04588 0.451005 0.54767 1.06358 0.638063 0.424913 0.358408 1.01621 0.195074 0.358682 0.558943 0.202722 0.330959 1.07975 0.608343 0.644115 1.1294 0.623469 0.343172 0.40135 0.23186 0.713179 0.430551 0.960323 0.743556 0.554938 0.818671 0.495429 0.997005 0.662317 0.153805 1.02007 0.231114 0.213327 0.561683 0.929357 0.268983 1.02152 0.572149 0.373791 1.06652 0.626493 0.756792 1.0166 0.109951 0.792612 0.957801 0.612041 0.432815 0.75217 0.737709
0.464054 1.05419 0.207152 0.954837 0.922535 0.854293 0.922625 1.09678 1.05397 0.67016 0.859128 0.165516 1.00399 1.18321 0.151473 0.900109 0.700729 0.121037 0.84274 0.798457 0.754726 1.00751 0.860878 1.18801 1.00222 0.414677 0.354669 0.992086 0.664669 0.658906 0.291718 0.774376 0.133955 0.575163 0.657853 0.429802 0.286509 1.22506 0.345091 0.523879 1.1583 0.521108 0.45842 0.394796 0.389814 0.922205 0.384048 0.916192 0.766665 0.472235 0.665783 0.448039 1.22151 0.635419 0.195079 0.810075 0.331611 0.117504 0.506714 0.986168 0.325617 1.0197 0.686944 0.607308 1.18087 0.574889 0.799708 0.81427 0.198432 0.815612 0.862169 0.654744 0.385121 0.703485 0.729013
0.459939 0.896534 0.252712 0.732381 0.662405 0.833534 0.911336 0.972131 1.07623 0.75554 0.614146 0.21561 0.859671 1.03334 0.160364 0.945567 0.733881 0.158654 0.804595 0.928133 0.721987 0.863316 0.939521 0.940829 1.02392 0.506213 0.572178 0.929795 0.543119 0.58792 0.201518 0.813719 0.280718 0.329171 0.594885 0.427957 0.407312 1.17825 0.36365 0.692815 1.14768 0.696908 0.408029 0.513011 0.488036 0.78371 0.661637 1.12743 0.612709 0.41728 0.774076 0.558711 1.18715 0.517404 0.398658 0.929906 0.338856 0.30722 0.678244 0.966096 0.40452 1.09961 0.514286 0.628292 0.986786 0.585128 0.883194 0.914553 0.289462 0.808306 0.890843 0.614302 0.380487 0.692664 0.576938
0.350996 0.769683 0.131961 0.866368 0.761231 1.00246 0.690964 1.11705 0.920034 0.753088 0.647779 0.190093 1.02312 1.08668 0.229905 0.851435 0.908415 0.179225 0.827504 0.975652 0.690085 1.06067 0.973547 1.10514 1.23677 0.531749 0.490104 1.00878 0.500281 0.493176 0.329585 0.882586 0.269665 0.510824 0.674588 0.274735 0.241713 1.11877 0.339276 0.681189 0.933526 0.657562 0.245832 0.55698 0.256961 0.936991 0.634192 1.09235 0.671643 0.505419 0.584618 0.451379 1.0416 0.563735 0.275722 0.810051 0.458766 0.362175 0.459257 0.984262 0.334987 0.895599 0.597641 0.530413 1.09865 0.770985 0.928174 0.928832 0.298423 0.83208 0.746945 0.6195 0.564211 0.872413 0.646476
0.294387 0.78123 0.182904 0.72794 0.847651 1.05192 0.943377 0.930423 1.1207 0.713171 0.719128 0.321708 0.883149 1.20174 0.281008 0.851044 0.689068 0.293902 0.852625 1.00015 0.570822 1.08184 0.906956 1.01764 1.18704 0.597325 0.543038 1.09495 0.457714 0.607358 0.30032 0.891325 0.284655 0.37013 0.690937 0.459339 0.31618 1.1783 0.59506 0.525572 0.943151 0.774443 0.375724 0.559681 0.300332 0.818632 0.55706 1.0501 0.525419 0.587202 0.825561 0.648095 1.08358 0.524554 0.383547 0.788696 0.256651 0.125396 0.547494 1.13611 0.33399 1.02132 0.575742 0.474772 1.08928 0.820535 0.69886 0.875861 0.0548201 0.937427 0.91161 0.819713 0.540366 0.909615 0.605529
0.182475 0.855814 0.171223 0.980776 0.92919 1.09072 0.792258 0.972759 0.976364 0.657278 0.800986 0.0890529 0.862817 1.01422 0.262118 0.898863 0.843009 0.151045 0.802337 1.03035 0.714315 0.987806 0.795414 1.16388 1.00093 0.360742 0.564335 0.991435 0.46426 0.555829 0.155043 0.875674 0.260672 0.292433 0.829632 0.383325 0.347086 1.09213 0.508216 0.585146 1.17375 0.566201 0.475636 0.554093 0.498633 0.888016 0.512777 0.894186 0.653799 0.533022 0.77933 0.516058 1.17208 0.45536 0.414039 0.909014 0.490289 0.13899 0.539197 1.03473 0.266883 0.839997 0.605258 0.587934 0.924321 0.668944 0.756835 1.03956 0.147815 0.808219 0.898346 0.68777 0.445233 0.725182 0.635103
0.462827 1.04495 0.24183 0.80826 0.897387 1.08088 0.886414 0.955801 0.946997 0.670168 0.676374 0.300681 1.107 1.19724 0.335257 0.73372 0.956475 0.308464 0.608092 1.04464 0.599615 0.896024 0.739869 1.15314 1.20983 0.501683 0.516549 0.96101 0.505506 0.636262 0.153841 0.90788 0.203181 0.326265 0.60313 0.31424 0.289762 1.23522 0.363129 0.480871 1.00544 0.645506 0.242447 0.56669 0.438535 0.935234 0.462958 0.947257 0.536363 0.426215 0.825268 0.64086 1.14698 0.553218 0.413669 0.80243 0.324877 0.154646 0.641215 0.918643 0.284277 0.963167 0.509396 0.471596 1.01082 0.788738 0.808076 1.01209 0.172638 1.01823 0.776853 0.562938 0.590732 0.827507 0.727406
0.433166 0.957254 0.0873351 0.956164 0.875817 1.03531 0.724821 1.11159 1.19252 0.819656 0.590812 0.239547 0.998472 1.14803 0.286134 0.759215 0.745389 0.326551 0.806125 0.901911 0.601998 1.04539 0.771377 0.909475 1.09097 0.541201 0.387025 0.945792 0.455259 0.584748 0.182074 0.780853 0.304883 0.411741 0.695382 0.237778 0.52556 1.07987 0.437676 0.603696 1.20836 0.742524 0.497488 0.446196 0.229984 0.907303 0.520668 1.00536 0.620161 0.429293 0.621505 0.499475 1.06877 0.410982 0.359631 0.994436 0.507629 0.266642 0.684492 1.03287 0.352438 1.0206 0.575979 0.606873 0.970012 0.568428 0.958929 1.0505 0.125952 0.851839 0.747784 0.692653 0.501711 0.913673 0.603456
