25 75
0.921752 0.396496 0.907929 0.153564 0.314187 0.450085 0.277028 0.774713 1.07769 0.882563 0.513475 0.287366 1.10131 0.944738 0.766232 0.819982 0.181411 0.0939602 0.229366 1.10756 0.952779 0.814716 0.71426 0.133776 0.68982 0.755469 0.306646 0.520884 1.20735 0.746023 0.549888 1.10026 0.121094 0.690207 0.860374 0.651574 0.522974 0.613727 0.777082 0.674158 0.530511 1.01051 1.12445 1.02915 1.1378 0.223646 0.659226 1.03567 0.608561 0.23989 0.272477 0.83048 0.697056 0.946699 0.294862 1.01962 0.740419 0.110995 0.824824 0.275727 1.00996 0.704889 0.320373 0.796536 1.07677 0.556251 1.00492 0.642391 0.976367 1.05023 0.166323 0.822808 0.72659 0.636936 0.826091
0.790392 0.415034 1.04864 0.129211 0.232029 0.337219 0.477549 0.860773 1.07752 0.89904 0.653201 0.216289 1.02529 1.03356 0.91718 0.70242 0.179963 0.323885 0.118116 0.957625 0.827398 0.734081 0.628549 0.303027 0.625536 0.613158 0.310763 0.533174 1.00055 0.969602 0.408641 0.932543 0.225137 0.649579 0.675024 0.581119 0.293549 0.461773 0.749332 0.648815 0.322515 0.770969 1.09827 1.0851 0.937789 0.315564 0.667552 1.07661 0.608533 0.00163054 0.106013 0.844618 0.637568 0.764686 0.173083 1.07281 0.704484 0.160281 0.889048 0.235593 1.09393 0.636342 0.371467 0.849043 1.13162 0.6339 0.819944 0.567426 0.98602 1.13478 0.0377863 0.784118 0.618733 0.469858 0.690954
0.923158 0.606593 0.918301 0.28087 0.207336 0.45579 0.464187 0.868716 1.11347 0.879296 0.598398 0.0823046 1.02831 1.01572 0.772412 0.750524 0.35534 0.33176 0.339036 1.23573 0.862863 0.847097 0.756143 0.221419 0.794965 0.811046 0.17078 0.58724 0.98706 0.951028 0.594681 0.84809 0.348596 0.676126 0.731668 0.641327 0.431225 0.532797 0.907701 0.644049 0.479165 0.906138 1.10452 0.902719 1.23084 0.0481479 0.470073 0.891792 0.668867 0.177341 0.338274 1.02273 0.701088 0.983245 0.245774 0.895267 0.863138 0.0603757 1.03712 0.35727 1.07002 0.594964 0.218332 0.672369 0.971908 0.597675 0.862328 0.719937 0.980918 0.946713 0.125698 0.802555 0.796132 0.439057 0.74325
0.958726 0.552773 1.02904 0.318776 0.138692 0.386752 0.281471 0.629311 1.10393 0.877767 0.593685 0.143617 1.01161 0.926018 0.848919 0.752498 0.387231 0.331234 0.0920892 1.17079 0.871193 0.777567 0.688962 0.302057 0.662587 0.693814 0.348071 0.588119 1.01786 0.764872 0.66605 0.927656 0.262399 0.870616 0.759301 0.569401 0.391991 0.493283 0.711657 0.539364 0.374081 1.01777 1.07717 0.947637 1.06214 0.1685 0.695931 1.07719 0.662194 0.0636798 0.0553942 0.960045 0.576803 0.691693 0.172148 0.991177 0.949501 0.282864 0.768172 0.189232 1.04735 0.569408 0.386671 0.815701 1.10478 0.790879 0.991025 0.785326 0.926221 0.913671 0.171305 0.948561 0.599062 0.624676 0.793959
0.717608 0.494368 0.816773 0.320577 0.269619 0.4536 0.552672 0.601037 1.02469 0.858859 0.420277 0.270823 1.09146 0.945244 0.874637 0.653778 0.191287 0.127881 0.0584492 1.19629 0.874876 0.849249 0.64351 0.242658 0.701367 0.844218 0.193266 0.561018 0.992816 0.787632 0.54822 0.862475 0.231921 0.830088 0.896121 0.664484 0.308558 0.589122 0.863418 0.640704 0.414483 0.795173 1.12118 0.886951 1.08471 0.136414 0.699838 0.843481 0.814048 0.160023 0.171249 1.01394 0.638613 0.795313 0.332233 1.11804 0.849684 0.0991618 0.883994 0.206536 1.09528 0.714686 0.212346 0.904171 1.08832 0.810551 0.903567 0.813384 1.05543 1.13971 0.0810221 0.797624 0.554439 0.563877 0.634679
0.82265 0.455689 0.933382 0.132949 0.295317 0.403267 0.456341 0.758082 1.17822 0.844041 0.414415 0.11179 0.907262 0.909477 0.757679 0.866073 0.25368 0.253251 0.280821 1.06448 0.721009 0.801865 0.692994 0.129379 0.735577 0.741429 0.0885372 0.593844 0.969635 0.923405 0.613135 0.960221 0.367936 0.612153 0.721965 0.574956 0.227246 0.606136 0.78995 0.644584 0.32246 0.901504 0.963704 1.06036 1.17029 0.10406 0.512597 0.953286 0.843374 0.00454895 0.199413 0.875731 0.632309 0.941984 0.234727 1.00344 0.703522 0.213203 0.858697 0.218832 1.11709 0.783896 0.201543 0.669291 0.899443 0.635462 0.904825 0.707426 1.06208 0.960738 0.202953 0.746717 0.79107 0.603255 0.633001
0.882169 0.647039 0.955012 0.0890977 0.367555 0.379037 0.377221 0.681671 1.01739 0.997439 0.430256 0.299769 0.981043 0.840675 0.723228 0.658906 0.218171 0.210213 0.182195 0.968131 0.956712 0.58206 0.631387 0.325671 0.563186 0.663501 0.35432 0.662207 1.06502 0.724457 0.388817 0.863284 0.32831 0.745968 0.714918 0.594918 0.323618 0.572393 0.691261 0.502177 0.405289 1.051 1.18265 1.11225 1.14943 0.284886 0.653448 1.01641 0.58859 0.128727 0.300751 0.962795 0.497255 0.706617 0.124675 1.07665 0.711003 0.294933 0.86341 0.336162 1.03176 0.628656 0.263251 0.864977 1.15841 0.72708 0.852525 0.687553 0.912347 1.01226 0.26421 0.886441 0.5703 0.696279 0.674177
0.737052 0.517688 0.772218 0.142151 0.335597 0.247782 0.532796 0.734694 1.20817 0.957602 0.479372 0.102391 0.88146 0.889978 0.727283 0.889478 0.189542 0.292139 0.22252 1.03405 0.994367 0.643906 0.778941 0.124659 0.721582 0.77329 0.0743666 0.777948 0.98775 0.831352 0.575438 0.928505 0.241411 0.789693 0.672601 0.643975 0.487383 0.398286 0.749699 0.507824 0.323398 0.988992 1.12989 0.888421 1.01915 0.33797 0.716159 0.794227 0.798681 0.249028 0.133853 1.11059 0.462846 0.978127 0.392505 1.10591 0.729538 0.0936916 0.839842 0.211374 1.11482 0.743862 0.255825 0.86299 0.993784 0.682342 0.943677 0.61055 1.10765 1.10295 0.174807 0.935828 0.710176 0.487107 0.655041
0.957517 0.453469 0.791715 0.110448 0.190409 0.330629 0.322289 0.688771 1.0613 1.08761 0.542677 0.335733 0.921492 0.803714 0.925624 0.869669 0.39641 0.288201 0.249737 1.16225 0.96066 0.616029 0.619846 0.232263 0.734029 0.713827 0.347851 0.583347 1.19583 0.976151 0.460418 1.00698 0.160041 0.838064 0.717929 0.832697 0.514399 0.404 0.795728 0.476314 0.290212 0.773967 1.01906 0.966956 1.20956 0.189885 0.629428 1.03796 0.630008 0.12718 0.280478 0.934031 0.505129 0.697487 0.325659 0.917608 0.6778 0.162269 0.767975 0.270763 1.01884 0.709413 0.218981 0.81143 1.19276 0.647773 0.876724 0.540168 0.981952 1.11349 0.089373 0.92492 0.728839 0.655941 0.678048
0.843121 0.453735 0.984044 0.263824 0.14689 0.374495 0.367087 0.750616 0.973443 0.943979 0.444976 0.163609 0.986783 0.975868 0.724963 0.803994 0.21496 0.342003 0.203615 0.944478 0.86875 0.610431 0.794356 0.0470438 0.562049 0.626565 0.162515 0.737671 1.20689 0.979563 0.663936 0.969681 0.370586 0.632227 0.716485 0.78412 0.268947 0.568814 0.897892 0.513622 0.534391 0.815825 1.01272 1.09965 0.961606 0.273177 0.707043 1.00477 0.606116 0.137505 0.268306 1.0587 0.65568 0.760232 0.193183 0.835884 0.857735 0.295615 0.874675 0.0820364 1.10973 0.532961 0.222442 0.76734 1.03073 0.749611 0.844296 0.756922 1.09054 1.07035 0.12827 0.758632 0.542239 0.679869 0.631454
0.970082 0.627242 0.917514 0.201888 0.357186 0.404369 0.330027 0.748715 1.08111 1.03665 0.542086 0.331995 1.15275 0.99178 0.828614 0.790774 0.153736 0.33673 0.0683702 1.09333 0.853869 0.619151 0.578324 0.256387 0.584191 0.821015 0.103046 0.64107 1.18359 0.725159 0.63148 0.985633 0.369981 0.738898 0.777997 0.72316 0.427763 0.652395 0.849265 0.443359 0.483959 0.75789 0.942727 0.909825 0.950878 0.337337 0.753858 1.05199 0.642074 0.0609296 0.175641 0.968198 0.516871 0.863524 0.262427 1.07964 0.746524 0.164439 0.956212 0.352669 1.17045 0.771331 0.269921 0.706178 1.08817 0.532979 0.862848 0.752503 1.00227 1.13499 0.044363 0.842382 0.768135 0.454094 0.699644
0.715411 0.442507 0.78597 0.0253774 0.190211 0.164884 0.349574 0.847721 1.21263 0.839584 0.460786 0.210489 0.997964 0.804604 0.761845 0.61422 0.156855 0.147494 0.256305 1.08711 0.987603 0.737167 0.647315 0.0660062 0.730216 0.668096 0.351774 0.515272 1.00301 0.905382 0.414004 1.05084 0.278718 0.835696 0.794522 0.837683 0.389946 0.589019 0.714107 0.639925 0.53884 0.816607 0.972949 1.02254 0.990963 0.30266 0.566053 0.905281 0.694948 0.272045 0.324587 0.844535 0.5276 0.778038 0.168447 0.954239 0.877422 0.159266 0.841586 0.224138 0.9451 0.691977 0.258598 0.772775 1.03958 0.525497 0.888671 0.817604 0.916551 1.1683 0.131295 0.822162 0.566092 0.427462 0.82431
0.747777 0.61841 0.834175 0.236578 0.348168 0.42945 0.528011 0.664211 1.25999 1.11037 0.418146 0.0525938 0.910113 1.06357 0.950258 0.733512 0.273383 0.111168 0.300016 0.990723 0.781331 0.666631 0.734871 0.306792 0.656606 0.730179 0.249119 0.661344 1.19513 0.835901 0.526272 0.891737 0.264348 0.662864 0.857177 0.674414 0.422735 0.632977 0.778434 0.545141 0.470161 0.793575 1.03739 0.941648 1.17869 0.312931 0.548852 0.84602 0.649362 0.0724604 0.0673126 1.09805 0.440294 0.889602 0.312453 1.01114 0.941795 0.211687 0.928514 0.128435 1.09905 0.622076 0.299978 0.929464 1.14567 0.716462 0.986327 0.764401 0.956503 0.985337 0.0606652 0.676122 0.706584 0.691552 0.581508
0.86258 0.445753 0.814184 0.173516 0.137492 0.169354 0.42411 0.630694 1.15422 1.05176 0.477447 0.115295 0.920443 0.965037 0.809245 0.881128 0.179103 0.317487 0.297518 1.18616 0.915254 0.707214 0.764492 0.235082 0.815703 0.679486 0.167695 0.703147 1.19339 0.925708 0.565064 0.965603 0.340064 0.717108 0.753775 0.805329 0.225469 0.653498 0.806674 0.718846 0.382681 0.873191 0.934101 0.895224 0.969464 0.324233 0.552571 0.923926 0.652505 0.190232 0.0960789 0.879238 0.492587 0.788303 0.352223 0.910666 0.91665 0.0681674 1.04104 0.0869035 0.939225 0.69268 0.230231 0.679183 1.0518 0.634529 0.94036 0.761429 0.88623 1.13601 0.237521 0.923933 0.632623 0.701102 0.601277
0.922775 0.47229 0.79028 0.218988 0.426552 0.215346 0.393594 0.606025 1.20865 1.06762 0.433561 0.230991 1.0674 0.773069 0.947997 0.890171 0.295798 0.275198 0.251042 0.982003 0.761059 0.5827 0.651391 0.0634648 0.559946 0.795352 0.201493 0.590091 1.13378 0.735114 0.640959 0.888748 0.24773 0.642755 0.749252 0.58339 0.488743 0.403365 0.853652 0.729574 0.369205 0.946836 1.20389 1.11644 1.07547 0.0750549 0.64095 0.937526 0.656158 0.0131025 0.135494 0.933218 0.576847 0.693504 0.216336 1.10505 0.84792 0.0484108 0.918688 0.105176 1.18615 0.731205 0.250759 0.931757 0.941204 0.544232 1.03401 0.666828 0.893923 1.08951 0.213076 0.748012 0.750652 0.687009 0.737134
0.751087 0.422119 0.845682 0.0530076 0.35433 0.348117 0.394102 0.884285 0.979336 1.00634 0.548154 0.270124 0.971071 0.981442 0.981852 0.880707 0.221129 0.312902 0.128265 0.959334 0.891164 0.571877 0.664033 0.293115 0.62114 0.750951 0.295879 0.783129 0.98816 0.978482 0.561638 1.07042 0.138903 0.684322 0.748004 0.56378 0.495901 0.614814 0.664108 0.606798 0.450619 0.908183 1.18973 1.14412 1.02701 0.257566 0.650609 0.924127 0.869874 0.290683 0.261641 0.938269 0.584778 0.86884 0.157956 0.832832 0.71533 0.121511 0.843895 0.19775 0.974187 0.601557 0.282858 0.678799 1.05584 0.704 0.79294 0.649457 0.901123 1.14291 0.160219 0.834957 0.558651 0.471285 0.798912
0.796528 0.596589 1.03874 0.0492837 0.396895 0.239569 0.320414 0.602338 1.03723 0.861892 0.643461 0.334547 1.05231 0.805362 0.80154 0.837291 0.133623 0.0850032 0.279852 1.22936 0.896029 0.587758 0.762945 0.239567 0.725004 0.685697 0.274645 0.684443 0.97431 0.721315 0.397841 1.02838 0.167371 0.682318 0.875626 0.696469 0.472534 0.657231 0.71955 0.674315 0.336395 0.756574 1.04885 0.847609 1.04937 0.256614 0.684298 0.865767 0.597301 0.171571 0.21817 0.86322 0.526263 0.736299 0.333313 0.972746 0.948738 0.177732 0.771876 0.173079 1.12236 0.736009 0.309058 0.813573 0.948107 0.790576 0.795266 0.796035 1.02502 1.12213 0.295907 0.857548 0.562445 0.582594 0.765881
0.726034 0.659454 1.00595 0.316474 0.314911 0.237409 0.355405 0.824694 1.2489 0.912247 0.572324 0.169263 1.11207 0.974311 0.758633 0.795932 0.279902 0.304914 0.286131 1.03902 0.777911 0.577691 0.71531 0.288877 0.64391 0.802568 0.233992 0.665814 1.22653 0.723427 0.508212 0.971721 0.301998 0.701749 0.73886 0.650888 0.355675 0.586011 0.674462 0.731863 0.473195 1.02003 1.07785 0.902627 0.970078 0.308783 0.572575 1.09315 0.881046 0.275058 0.341678 0.866688 0.489304 0.769283 0.212658 0.89503 0.881023 0.21217 1.01364 0.296702 1.07079 0.522984 0.384914 0.826307 1.06095 0.571452 1.00465 0.80964 1.06026 0.915829 0.232779 0.691035 0.675304 0.506494 0.593553
0.721243 0.544705 0.809523 0.256329 0.338265 0.18614 0.347398 0.714315 1.11784 0.929295 0.510907 0.0660623 0.871414 0.796931 0.793784 0.646739 0.374517 0.324818 0.29568 1.09916 0.959916 0.619099 0.675368 0.303869 0.653471 0.817393 0.187056 0.75754 1.07709 0.896336 0.45088 1.1148 0.319495 0.848344 0.851472 0.609137 0.32857 0.539776 0.689719 0.647548 0.303833 0.931063 1.19315 1.10242 1.06763 0.208525 0.732104 0.916809 0.765376 0.232019 0.0550096 0.903464 0.62501 0.915793 0.197162 0.818711 0.899591 0.0608286 0.976564 0.119612 1.16223 0.691896 0.437764 0.714544 1.04821 0.605672 0.783931 0.80719 1.14827 1.04724 0.147123 0.91065 0.808998 0.545889 0.695697
0.89339 0.676494 0.788544 0.274768 0.146559 0.25889 0.448045 0.599043 1.20174 0.858144 0.57133 0.304225 1.03922 0.909967 0.80847 0.795534 0.276001 0.298891 0.112927 1.0386 0.782064 0.578456 0.742706 0.129421 0.828074 0.644941 0.325543 0.509191 0.981451 0.90427 0.648961 1.08635 0.0984726 0.712528 0.824838 0.808332 0.371029 0.543517 0.830657 0.664798 0.313176 0.764371 1.13587 0.931283 1.10566 0.0919607 0.550092 0.939292 0.824612 0.00404354 0.210124 0.841986 0.533805 0.832887 0.226802 0.982863 0.819737 0.0687974 0.94962 0.235211 1.13542 0.504859 0.222949 0.709297 0.991672 0.701893 0.865539 0.618247 1.06985 1.09326 0.0984022 0.716465 0.573866 0.644486 0.627939
0.942293 0.471914 0.795557 0.135894 0.193446 0.349176 0.329599 0.867633 1.24875 1.11983 0.599378 0.318706 0.905138 0.801013 0.899684 0.674912 0.157171 0.335162 0.296129 1.18759 0.717581 0.693665 0.57227 0.218191 0.684255 0.851798 0.104169 0.62604 1.21751 0.839926 0.402489 1.07353 0.195993 0.743538 0.637973 0.787531 0.442519 0.468534 0.931678 0.544946 0.296464 0.829411 1.17062 1.10941 0.964722 0.0839291 0.717696 0.83419 0.595967 0.284281 0.108946 0.914071 0.53153 0.854693 0.109152 0.929031 0.872397 0.177761 0.824326 0.215546 1.13351 0.67526 0.344126 0.849472 1.01323 0.810133 1.027 0.750691 0.980903 1.1069 0.0973856 0.875383 0.523244 0.569343 0.583207
0.810918 0.426703 0.854693 0.202292 0.274868 0.308447 0.278959 0.620601 1.25081 0.972914 0.672277 0.281905 0.884447 0.970133 0.908459 0.751801 0.172638 0.0931108 0.181962 1.00882 0.753459 0.80147 0.835462 0.175411 0.834994 0.623564 0.349755 0.717914 1.05929 0.77505 0.415119 0.955521 0.245203 0.779027 0.735036 0.649991 0.429872 0.387308 0.849242 0.631601 0.312671 1.04879 1.13362 1.01373 0.987316 0.244054 0.572586 0.978855 0.675241 0.138228 0.0853462 1.03665 0.617046 0.963997 0.357167 0.974876 0.838073 0.0746544 0.985137 0.255156 1.13853 0.537258 0.385263 0.933655 0.909507 0.560732 0.964374 0.710412 0.953393 1.09423 0.186387 0.72967 0.623858 0.580132 0.627412
0.677861 0.578744 0.904536 0.156252 0.252267 0.295507 0.481719 0.674315 1.25416 1.11447 0.688505 0.273873 1.04258 0.949375 0.908746 0.735874 0.368327 0.296491 0.0618725 0.95612 0.977665 0.657735 0.74453 0.134879 0.771994 0.599571 0.222715 0.591945 1.16248 0.804092 0.51234 0.901887 0.092135 0.724743 0.885728 0.819735 0.361876 0.670436 0.899982 0.469042 0.379956 0.87573 1.17859 1.03398 1.14205 0.228109 0.663021 0.914752 0.8651 0.178691 0.259521 1.1031 0.558381 0.699442 0.269584 0.836911 0.895781 0.159844 1.04827 0.109335 1.135 0.70955 0.480143 0.6591 1.07753 0.538383 0.902025 0.698896 1.14336 1.06481 0.0483885 0.687723 0.546503 0.449902 0.819524
0.814987 0.581146 0.920414 0.239626 0.324519 0.239558 0.408409 0.745589 0.976987 0.95935 0.43812 0.236608 0.905019 0.82341 0.926818 0.831682 0.329373 0.139569 0.149724 1.13012 0.74007 0.796718 0.799177 0.293313 0.816861 0.735347 0.333135 0.531591 1.03947 0.960697 0.420019 1.10645 0.247292 0.824069 0.75841 0.600395 0.412344 0.421227 0.861779 0.623738 0.431827 0.982767 1.18679 0.889884 1.0335 0.0530242 0.481738 0.800439 0.840123 0.0679003 0.32264 0.924808 0.575735 0.90894 0.124605 1.11106 0.838575 0.292221 0.894708 0.15932 1.16531 0.67633 0.321296 0.709804 1.06603 0.678497 0.885193 0.772525 1.03003 1.17829 0.299849 0.835311 0.683951 0.70341 0.815955
0.754156 0.604762 0.929217 0.241295 0.185515 0.232063 0.423194 0.763967 1.15047 1.06519 0.654162 0.117803 1.13504 0.880094 0.866906 0.810043 0.388963 0.165525 0.21065 1.00645 0.862543 0.682278 0.690176 0.104547 0.565892 0.813166 0.112889 0.713213 0.971109 0.716278 0.659323 1.05234 0.181622 0.850555 0.919043 0.808536 0.270401 0.679583 0.667849 0.542013 0.57199 0.88437 1.20247 0.857187 1.08645 0.162425 0.664009 0.833537 0.88188 0.140527 0.202609 1.0078 0.490695 0.86519 0.328975 1.07612 0.74922 0.119649 0.912444 0.313801 1.04901 0.6749 0.318275 0.901605 0.949278 0.524267 1.0114 0.520443 1.06699 1.132 0.182628 0.89242 0.525345 0.665543 0.650387
