25 75
0.624578 1.25424 0.0810816 0.273524 0.0995602 0.652598 0.689621 0.636639 0.400377 0.45927 0.353004 0.931427 0.515208 0.658823 0.949099 0.55395 0.594626 0.15773 1.19034 0.750822 0.176515 0.614889 0.886656 0.779384 0.347727 0.797318 0.892036 0.494256 0.991991 0.343129 0.921377 0.615812 0.36173 0.465288 0.895757 0.941477 0.358914 0.994463 1.04789 0.769784 0.276517 0.2002 0.721618 0.431811 1.02384 0.6093 1.07267 1.22816 0.354025 0.471073 0.891782 0.21098 0.159347 0.716038 0.548631 0.348974 1.22674 0.97143 0.641651 0.722671 1.15039 0.989098 0.718107 1.05181 0.893152 0.272316 0.140977 0.391041 1.15418 1.0371 0.638386 0.299614 0.938095 0.987114 1.13679
0.740087 1.11399 0.254946 0.285526 0.312445 0.891587 0.556019 0.813145 0.492535 0.287316 0.35583 1.14512 0.271479 0.660551 0.934009 0.555068 0.685409 0.088279 0.924866 0.849829 0.314276 0.617739 0.833779 0.867252 0.624134 0.731914 0.801723 0.535728 1.20743 0.606373 0.951784 0.658723 0.383958 0.609138 0.89271 1.04722 0.492879 1.18227 1.02176 0.737752 0.278798 0.344403 0.884364 0.279345 1.06396 0.652799 0.977673 1.0399 0.288765 0.55287 0.923544 0.200551 0.394113 0.855202 0.677936 0.380008 1.11415 0.945145 0.619471 0.819598 1.19042 0.985293 0.697998 1.05139 0.91014 0.414328 0.145997 0.396099 1.08006 0.893331 0.444256 0.408005 0.912645 0.939232 1.07107
0.608867 1.16663 0.0992697 0.312917 0.199277 0.65317 0.691395 0.824552 0.66272 0.576126 0.343258 1.14339 0.420518 0.802657 0.885534 0.594985 0.78616 0.232177 1.19955 0.76945 0.249975 0.758261 0.957125 0.729066 0.501862 0.721232 0.916261 0.325972 1.26885 0.437077 0.962757 0.712177 0.356214 0.531025 0.673706 0.867641 0.392187 0.982399 0.908364 0.840954 0.0672629 0.392444 0.630288 0.356056 1.0663 0.617014 1.07206 1.24792 0.398881 0.416995 0.839486 0.37426 0.155515 0.732448 0.563187 0.239908 1.20132 0.967858 0.727624 0.779834 1.15365 1.15131 0.763165 1.04196 0.743101 0.188787 0.317037 0.459591 1.19871 0.96548 0.605162 0.40714 0.903964 0.991422 1.12199
0.738889 1.14751 0.206464 0.237939 0.284365 0.645721 0.553393 0.674793 0.468661 0.582229 0.291008 1.1114 0.262673 0.662369 0.921535 0.753403 0.779981 0.287191 1.11076 0.988364 0.277944 0.758403 0.83254 0.656763 0.626922 0.592669 0.941996 0.558006 1.06965 0.42047 0.970182 0.591623 0.44722 0.435238 0.851749 1.10907 0.374173 1.16514 0.966066 0.821619 0.260764 0.134658 0.861624 0.457263 0.813181 0.718277 1.17687 1.20403 0.285162 0.415653 0.73307 0.388815 0.16499 0.728432 0.551823 0.339382 1.13671 1.11174 0.679254 0.698098 1.19356 1.02635 0.959652 1.12457 0.821975 0.364447 0.287598 0.284868 0.996034 0.823123 0.492862 0.23963 0.900107 0.947263 1.08887
0.649438 0.987515 0.134587 0.247666 0.330691 0.822114 0.626656 0.63623 0.614106 0.472316 0.445075 0.934785 0.447319 0.699597 0.96536 0.822755 0.836631 0.205884 0.947762 0.865572 0.240428 0.797646 0.976249 0.679066 0.567978 0.67227 0.977184 0.333598 0.997752 0.576531 0.715103 0.596936 0.409242 0.445786 0.732842 0.903539 0.548876 1.05604 0.88954 1.00637 0.02694 0.126708 0.779406 0.329699 0.886132 0.715135 1.0109 1.22619 0.348553 0.41811 0.88943 0.393373 0.261616 0.86691 0.723217 0.245134 0.972878 1.08448 0.693556 0.869246 1.12382 1.06515 0.785205 1.00421 0.97397 0.23272 0.267128 0.45443 1.21174 1.06941 0.619889 0.364401 0.953358 0.972535 1.09839
0.83617 1.14547 0.192537 0.332291 0.268607 0.696335 0.444769 0.874672 0.58636 0.53045 0.381932 0.960396 0.495754 0.698899 0.889782 0.631936 0.754949 0.262195 1.0247 0.780553 0.314093 0.791266 0.881866 0.695339 0.386423 0.756849 0.994833 0.44835 1.14968 0.412801 0.734284 0.709741 0.553827 0.420675 0.830792 0.936049 0.480445 0.931869 0.986869 0.899567 0.12518 0.164024 0.646137 0.504565 0.937706 0.727731 1.22301 1.13012 0.410086 0.569623 0.792327 0.427207 0.198987 0.85073 0.801784 0.243501 1.19498 0.943989 0.679394 0.825054 1.01487 1.10584 0.895313 1.00829 0.967538 0.427106 0.361535 0.477809 1.08177 0.875427 0.598118 0.206201 0.741786 0.979286 1.008
0.679426 1.22089 0.268973 0.341148 0.13218 0.871766 0.421263 0.630882 0.588621 0.388256 0.4797 0.942656 0.457013 0.613376 0.935681 0.60939 0.716141 0.332474 1.07657 0.711324 0.296041 0.60939 0.850422 0.789611 0.430863 0.682255 0.897546 0.3909 1.18915 0.333744 0.943882 0.764501 0.533657 0.524348 0.819884 0.944744 0.391231 1.06305 1.05402 0.820295 0.156615 0.394793 0.676737 0.33998 0.83662 0.549575 1.07973 1.23726 0.259713 0.547064 0.740048 0.341303 0.131517 0.92841 0.648409 0.147111 0.948953 0.871993 0.733486 0.723442 0.904925 1.17661 0.872235 1.01318 0.824106 0.44586 0.339069 0.308819 0.982992 0.815197 0.437528 0.399112 0.920535 1.05041 1.10247
0.816042 1.02809 0.310336 0.311464 0.34922 0.657772 0.639731 0.800788 0.387511 0.346425 0.424959 0.928503 0.254072 0.804392 1.08332 0.67283 0.828059 0.329146 1.15798 0.815437 0.265032 0.810374 0.910006 0.728731 0.346934 0.578178 0.789743 0.497345 1.20339 0.597438 0.94209 0.648384 0.391276 0.470715 0.760855 0.991031 0.330023 1.15481 0.889228 0.761592 0.194633 0.115002 0.705436 0.403562 0.915026 0.701712 1.17128 1.14946 0.373764 0.611691 0.852049 0.404505 0.241378 0.794441 0.572627 0.395218 1.2486 0.849364 0.774373 0.873003 0.949489 1.15685 0.719307 1.07384 0.861475 0.331677 0.329853 0.391193 1.12405 0.89754 0.563846 0.348978 1.00901 1.07561 0.925867
0.607379 1.26112 0.0593332 0.527167 0.370539 0.768101 0.519168 0.672193 0.431202 0.558668 0.362352 1.10502 0.40405 0.742189 0.950956 0.797038 0.615188 0.101484 1.11819 0.935605 0.393841 0.719763 1.10302 0.794054 0.551243 0.587772 0.823595 0.464197 0.985022 0.52953 0.729337 0.596848 0.501548 0.516658 0.647088 1.07068 0.403149 1.10434 0.918316 0.850829 0.216546 0.282548 0.83472 0.482475 1.05321 0.586678 1.06281 1.20744 0.40687 0.643299 0.779814 0.183167 0.17436 0.92924 0.819669 0.197852 1.06583 0.9375 0.678922 0.977869 0.906119 1.13119 0.773799 1.0047 0.877447 0.202316 0.277207 0.476917 1.17301 0.954219 0.413657 0.407348 0.737025 0.862652 0.987145
0.832669 1.21934 0.17878 0.53175 0.210546 0.730728 0.488203 0.758186 0.646324 0.321303 0.272266 0.923412 0.441457 0.867775 1.0813 0.599516 0.696142 0.0879575 1.08242 0.984312 0.191773 0.796718 0.965271 0.672989 0.391084 0.747516 1.02399 0.365319 0.979772 0.580682 0.817207 0.693115 0.47644 0.531268 0.754539 0.942478 0.367904 1.10651 0.844107 1.01119 0.214858 0.231714 0.774243 0.467973 0.969146 0.505128 1.01288 1.05423 0.336795 0.376469 0.90613 0.369848 0.30781 0.821136 0.625786 0.189924 1.2398 1.13157 0.607185 0.93072 1.20266 1.13728 0.753507 1.01964 0.918492 0.387547 0.076017 0.321237 1.2368 0.798088 0.50055 0.165435 0.805366 1.01872 0.941239
0.835368 0.994239 0.215118 0.466738 0.24407 0.802286 0.514569 0.838752 0.555198 0.577034 0.208706 0.91889 0.256818 0.781297 0.937599 0.599427 0.829285 0.216592 1.16533 0.930584 0.344185 0.657255 1.05669 0.705792 0.463554 0.782464 1.07702 0.305689 1.2337 0.375632 0.812587 0.788374 0.266818 0.471819 0.785064 0.987579 0.568735 0.954816 1.05394 1.01761 0.143541 0.303345 0.888261 0.549876 0.834737 0.639708 1.11392 1.17366 0.225296 0.407703 0.853127 0.419427 0.331349 0.764131 0.747546 0.287943 1.14873 1.11632 0.673289 0.911222 0.924292 1.14593 0.864067 0.956541 0.888249 0.239479 0.191209 0.296578 1.13575 0.972524 0.481095 0.343645 0.946148 1.09246 0.934425
0.710653 1.12192 0.291247 0.492735 0.289598 0.716377 0.517867 0.852016 0.622939 0.50035 0.310673 1.05807 0.442781 0.669587 1.11813 0.646929 0.766697 0.276764 1.10002 0.868624 0.217948 0.720625 0.850444 0.85024 0.437235 0.694916 1.08487 0.305881 1.03617 0.492776 0.784169 0.777254 0.284924 0.642795 0.726499 1.02462 0.429588 1.14245 0.883672 0.998687 0.252959 0.115004 0.79863 0.456186 0.902852 0.768851 0.938714 1.15011 0.424449 0.532877 0.851502 0.365466 0.135627 0.936922 0.844649 0.355377 1.0725 1.1021 0.627041 0.926875 0.968238 1.13015 0.772035 0.984251 0.891572 0.198923 0.229314 0.387223 1.01983 0.829579 0.65165 0.190069 0.75736 0.942043 0.939504
0.605766 1.15894 0.0539311 0.394047 0.290063 0.726626 0.579865 0.653367 0.611973 0.317802 0.439103 1.1296 0.298014 0.589362 1.08764 0.820537 0.676203 0.253021 1.01549 0.837098 0.430429 0.56888 1.04021 0.727387 0.532329 0.764208 0.85742 0.591185 1.24752 0.465644 0.869124 0.555265 0.278796 0.588843 0.7089 1.09317 0.438517 1.06541 0.981195 0.819906 0.276057 0.121093 0.894219 0.504776 1.03502 0.723687 1.04175 1.27242 0.215024 0.578676 0.770679 0.315649 0.389681 0.968861 0.785141 0.248503 0.980947 0.877689 0.570749 0.721528 0.956976 1.10513 0.87479 0.953163 0.934618 0.383069 0.163268 0.450467 1.04748 0.846394 0.466933 0.311199 0.942671 1.09583 0.87305
0.728415 1.02208 0.322966 0.515195 0.320902 0.688401 0.410807 0.640741 0.540445 0.424206 0.408664 0.942704 0.446147 0.720988 0.947161 0.834552 0.658333 0.205011 1.15551 0.706865 0.436467 0.651801 0.899148 0.724949 0.340701 0.606129 1.01178 0.477048 0.989642 0.466698 0.965514 0.68743 0.523788 0.597949 0.636696 0.911748 0.499906 1.07481 0.781119 0.986773 0.241664 0.359063 0.797949 0.439234 1.00202 0.548291 0.969176 1.26766 0.307173 0.612162 0.7269 0.415581 0.278202 0.786168 0.699046 0.121747 1.16452 1.0506 0.701318 0.773264 1.05738 0.999766 0.711978 1.09779 0.869867 0.362169 0.229184 0.314296 0.978325 1.06242 0.525879 0.161076 0.777908 0.910605 0.888879
0.658726 1.18099 0.206487 0.520126 0.314213 0.82559 0.615483 0.619451 0.466412 0.496097 0.358278 1.12743 0.479193 0.61442 1.10819 0.58192 0.68133 0.297497 1.12244 0.729476 0.356897 0.723951 0.859323 0.722589 0.490422 0.677217 0.915645 0.48486 1.22772 0.331389 0.753556 0.711599 0.301983 0.625265 0.728273 0.904976 0.577972 1.05435 0.782511 0.886066 0.248143 0.367843 0.677583 0.294229 0.811086 0.588695 0.988245 1.24631 0.239704 0.418463 0.853061 0.353045 0.35877 0.817936 0.673363 0.147001 0.989065 1.0666 0.554237 0.820805 0.922286 1.09105 0.909077 1.18616 0.963199 0.455099 0.0749828 0.310661 1.14283 1.01512 0.592672 0.238953 0.92871 1.0993 0.869084
0.819387 1.07713 0.267715 0.482704 0.121186 0.845024 0.492832 0.867258 0.49955 0.377327 0.407905 1.13938 0.299759 0.800302 0.983249 0.755147 0.795894 0.318239 1.14384 0.954058 0.29281 0.629571 0.827925 0.703337 0.528454 0.829644 0.807876 0.555268 0.975068 0.484847 0.75223 0.572002 0.534406 0.575444 0.737356 0.998408 0.566681 1.14479 0.925575 0.837493 0.0787008 0.334036 0.816404 0.469847 0.813966 0.663304 1.04129 1.05472 0.439255 0.413321 0.756527 0.277853 0.39267 0.950283 0.554156 0.252333 1.14269 0.965964 0.839801 0.869005 1.10764 1.0518 0.805533 0.937063 0.86814 0.280483 0.321541 0.396617 0.988389 0.930394 0.635696 0.166898 0.852437 0.854121 1.05844
0.904051 1.00275 0.065899 0.471648 0.287405 0.842666 0.705556 0.849285 0.3804 0.445402 0.238642 0.888527 0.49425 0.868006 1.10572 0.779242 0.611661 0.359474 0.917428 0.850388 0.420923 0.573275 0.826741 0.792665 0.598369 0.847226 0.858132 0.310513 1.01687 0.35362 0.747044 0.742044 0.288846 0.569298 0.741189 1.11284 0.323725 1.15276 0.83513 0.923414 0.302585 0.367005 0.897804 0.434982 0.896956 0.592974 1.1248 1.07248 0.259452 0.543862 0.908647 0.449707 0.294423 0.710319 0.602591 0.373996 1.0495 1.0269 0.749939 0.778242 0.925086 0.971867 0.887892 1.17067 0.993812 0.19996 0.135841 0.468211 0.967605 0.883884 0.545295 0.213834 0.774786 0.944712 0.868402
0.755971 1.09332 0.119398 0.408516 0.236336 0.667414 0.421618 0.726571 0.607217 0.532608 0.247825 0.92175 0.48173 0.702094 1.0792 0.626152 0.876024 0.263359 1.12219 0.865298 0.389035 0.525787 0.919161 0.691958 0.440546 0.618162 0.938606 0.424175 1.0255 0.447741 0.797909 0.712647 0.387726 0.475064 0.813998 1.01895 0.403937 1.09726 0.824749 0.953444 0.0883804 0.148497 0.89812 0.343321 0.846799 0.663613 1.22262 0.979299 0.295833 0.559355 0.962921 0.408352 0.388274 0.840108 0.642463 0.31578 1.11209 0.881475 0.659389 0.743462 1.1257 1.07507 0.938041 1.08307 0.852775 0.322687 0.117481 0.382751 1.08034 0.986215 0.436155 0.315783 1.02319 1.06178 0.909569
0.770283 1.10646 0.235581 0.372275 0.180455 0.751542 0.619903 0.623086 0.555816 0.379747 0.377494 1.04003 0.311537 0.589211 0.977678 0.661157 0.600394 0.262007 0.917241 0.809954 0.245558 0.651433 0.968797 0.806496 0.338613 0.616432 0.824836 0.308651 1.0889 0.536104 0.742669 0.58289 0.46539 0.639773 0.645864 1.01925 0.50807 1.03375 1.01997 0.863845 0.176256 0.323403 0.639451 0.530953 0.93142 0.768714 1.11762 1.12452 0.281812 0.444217 0.867126 0.369602 0.268284 0.887572 0.744133 0.175211 1.22076 0.973045 0.82809 0.978669 0.977944 1.1259 0.879458 0.938045 0.765373 0.330779 0.127913 0.433044 1.01235 0.878246 0.636634 0.30641 0.873787 1.05301 1.10216
0.606687 1.21622 0.232125 0.351103 0.105223 0.655408 0.440013 0.846997 0.645117 0.523603 0.441632 1.08119 0.302873 0.611443 1.14503 0.699227 0.856688 0.320515 0.96375 0.981373 0.300706 0.536021 0.927725 0.734592 0.621899 0.74053 0.990509 0.421019 1.20766 0.367142 0.744663 0.523627 0.360608 0.655756 0.899461 1.09964 0.476691 1.15376 0.850546 0.969597 0.142115 0.307777 0.844163 0.338635 0.940695 0.517674 1.03896 0.981232 0.443256 0.615075 0.906193 0.242826 0.256509 0.911335 0.787721 0.150626 0.984091 1.04996 0.784022 0.964734 0.962469 1.00571 0.795246 1.05797 0.947477 0.346044 0.16988 0.406189 1.13979 0.996803 0.582159 0.212448 0.907932 1.09249 0.999616
0.681915 0.99386 0.0690861 0.412517 0.367707 0.88044 0.496541 0.684079 0.512322 0.563666 0.315825 0.971234 0.245376 0.749457 1.11392 0.797359 0.648111 0.159503 0.962579 0.812461 0.310165 0.711649 1.01285 0.740366 0.425492 0.787079 0.864252 0.557277 1.06797 0.430699 0.8419 0.578276 0.445461 0.659072 0.643374 1.04772 0.410406 0.968324 0.815228 0.784031 0.112735 0.301065 0.906676 0.552002 0.983966 0.657419 1.05734 0.978899 0.364868 0.598964 0.79964 0.290892 0.120968 0.97011 0.610363 0.160007 1.16692 1.1061 0.837073 0.988494 0.90768 1.00207 0.820342 0.984657 0.928075 0.298317 0.159212 0.459358 1.10343 0.841649 0.45305 0.223047 0.970614 1.07113 1.00356
0.840961 1.01027 0.156926 0.510562 0.366583 0.681516 0.457515 0.682896 0.643224 0.325493 0.264486 1.16173 0.328317 0.859099 1.08035 0.678487 0.761263 0.17417 0.922314 0.842493 0.385188 0.66482 0.919627 0.767131 0.3467 0.797697 0.996451 0.523357 1.05738 0.557412 0.875323 0.738704 0.512765 0.496974 0.759776 1.03706 0.41322 0.954846 0.955401 1.00863 0.306842 0.215737 0.762611 0.491068 0.89078 0.671308 1.21928 1.02932 0.478686 0.494505 0.861469 0.271307 0.368575 0.859628 0.67223 0.334916 1.2032 0.907148 0.726249 0.841353 1.118 0.90187 0.819365 1.14414 0.83688 0.274131 0.335717 0.311019 1.11026 1.01181 0.536575 0.198461 0.889113 1.03545 0.854072
0.738432 1.02607 0.205499 0.395467 0.271731 0.842959 0.548137 0.646252 0.491641 0.531807 0.383997 1.10545 0.446199 0.754853 0.880186 0.588409 0.792611 0.325491 1.06702 0.860211 0.237086 0.759608 1.02151 0.696121 0.630973 0.619338 0.959908 0.581746 0.999925 0.47158 0.753729 0.63463 0.454208 0.533014 0.663295 1.12341 0.505653 1.14032 0.905512 0.756813 0.0682454 0.243582 0.818758 0.398744 0.907156 0.780195 1.15457 1.19046 0.272345 0.421209 0.727614 0.330964 0.209374 0.8256 0.725621 0.256772 1.09454 1.0594 0.743844 0.889495 0.979555 1.15488 0.795942 1.17528 0.835483 0.262259 0.167111 0.472072 1.16502 0.925867 0.487593 0.183108 0.851043 1.10672 1.09972
0.743855 1.09263 0.147703 0.259537 0.255065 0.910092 0.665605 0.713713 0.426844 0.360058 0.400001 1.11859 0.299962 0.799484 1.04785 0.749387 0.641194 0.280545 1.17197 0.792638 0.405146 0.753224 1.00358 0.771668 0.393945 0.563716 0.8896 0.586996 0.987722 0.506064 0.861226 0.661154 0.427834 0.536511 0.758378 0.974756 0.296783 0.999537 0.887446 0.82292 0.230023 0.13408 0.714929 0.516178 0.821589 0.770676 1.09651 1.23461 0.429697 0.501196 0.842513 0.203167 0.216675 0.87495 0.83933 0.172413 1.20022 0.947988 0.808682 0.923804 1.13074 0.955772 0.681364 0.927004 0.732445 0.376711 0.185568 0.535658 1.24946 0.908976 0.524851 0.193186 0.977783 0.97915 0.905061
0.661062 1.24755 0.134269 0.455683 0.366846 0.668042 0.530399 0.710232 0.640133 0.407373 0.269612 0.94183 0.340693 0.815626 0.955717 0.839536 0.682217 0.141587 1.13317 0.744874 0.161437 0.654047 0.988098 0.890125 0.430319 0.55769 1.07339 0.363756 1.05982 0.494775 0.741335 0.52017 0.36294 0.438356 0.703909 1.0661 0.467799 1.14379 1.05509 0.745929 0.13957 0.107024 0.750329 0.477339 0.856139 0.708368 1.22396 0.987912 0.33013 0.517626 0.968745 0.401344 0.169208 0.915006 0.616308 0.26302 0.954235 0.893837 0.675091 0.711922 0.944227 0.901491 0.918891 1.0717 0.916365 0.163952 0.255387 0.371815 1.23528 1.07716 0.541842 0.372477 0.806318 0.844938 1.08753
