25 75
0.223541 0.625419 0.324957 0.591232 0.458073 0.0839225 0.526524 0.261002 1.03293 0.0493635 0.327828 0.518609 0.899135 0.79216 1.18038 0.657535 1.06689 0.401861 0.905272 0.481915 0.464383 1.16084 0.790026 1.08088 0.106671 0.424699 0.774571 0.74144 0.364121 0.695623 1.14565 0.754873 0.51913 1.13416 0.374112 0.519812 0.145991 0.858071 0.615566 0.868552 0.307752 0.398928 0.994675 0.306208 0.771019 0.509179 0.932302 0.585536 0.750987 0.839872 0.488205 0.332765 0.443608 0.402034 0.455275 0.0453219 1.03874 1.21092 0.722444 0.140706 0.903576 0.789319 1.0103 0.21682 0.843178 0.6115 0.652862 0.428137 0.891937 0.400281 0.917785 1.17628 0.402502 0.57081 1.01685
0.108706 0.405198 0.570318 0.606838 0.6839 0.115615 0.500635 0.445472 1.19464 0.149125 0.448295 0.297393 0.697818 0.863721 0.989334 0.707892 1.06879 0.478868 0.850982 0.477326 0.666615 1.16508 1.0231 1.21913 0.108241 0.512437 0.876073 0.53686 0.150724 0.710633 1.04521 0.683742 0.434803 1.15226 0.574422 0.562485 0.395244 0.856835 0.635795 1.13383 0.454149 0.209825 0.959392 0.253893 0.62495 0.586877 1.11852 0.753454 0.906289 0.60209 0.630108 0.24771 0.360265 0.355922 0.594791 0.179832 0.93642 0.985344 0.709722 0.322054 0.94618 0.602391 0.936406 0.265612 0.984379 0.625467 0.400179 0.417925 0.834992 0.381217 0.829992 1.15258 0.479764 0.841937 1.02495
0.311745 0.390026 0.50124 0.545285 0.708065 0.0334493 0.565347 0.264362 0.958027 0.22438 0.398283 0.496187 0.673408 0.727709 1.05378 0.649169 1.03183 0.436158 1.10196 0.56778 0.519234 1.09223 1.01023 1.14781 0.146164 0.494412 0.735182 0.524175 0.397829 0.527392 1.15614 0.763067 0.537101 1.16592 0.567478 0.564984 0.192344 0.635595 0.659407 1.14564 0.44115 0.310605 0.920469 0.318426 0.678103 0.589657 1.1085 0.65509 0.881425 0.686281 0.42285 0.192301 0.302835 0.301302 0.497302 0.0443382 1.11195 1.07647 0.845564 0.360267 1.00604 0.783221 0.936824 0.126819 0.842913 0.668755 0.503054 0.3691 1.02984 0.504693 0.847652 0.933902 0.679075 0.721392 1.22351
0.237072 0.391994 0.390181 0.628544 0.734449 0.194643 0.52162 0.278018 1.00735 0.205358 0.407305 0.508352 0.690605 0.866549 1.16258 0.93001 1.11352 0.278935 0.857601 0.56829 0.611671 1.01899 0.850443 1.01158 0.137446 0.571742 0.86603 0.587232 0.346209 0.735868 1.1915 0.876999 0.437741 1.08204 0.665106 0.73063 0.312127 0.701795 0.639952 1.04307 0.310528 0.395018 1.02927 0.242872 0.79369 0.515504 1.01914 0.527389 0.892804 0.706981 0.460853 0.279626 0.390719 0.162326 0.43589 0.277286 1.2042 1.1671 0.755508 0.199905 1.06235 0.697801 1.06333 0.139331 0.940743 0.703089 0.653572 0.367467 0.991259 0.550502 0.857983 1.06317 0.54091 0.761423 0.965209
0.253469 0.438123 0.362016 0.58467 0.577512 0.1479 0.514651 0.422003 1.05579 0.0228565 0.498163 0.395812 0.829349 0.945732 1.01513 0.84453 1.02781 0.269356 1.12935 0.479676 0.500214 1.19449 0.975291 1.06034 0.307745 0.580006 0.740939 0.531271 0.199963 0.701746 1.02012 0.802377 0.4287 1.11087 0.628669 0.575302 0.251766 0.787807 0.584763 1.05965 0.440204 0.383194 1.11096 0.249163 0.569478 0.500182 0.931461 0.792413 0.912366 0.658967 0.553031 0.194781 0.550752 0.301875 0.620722 0.124798 1.19265 0.9878 0.765766 0.309633 1.14745 0.740342 0.951033 0.297855 0.733596 0.703431 0.659303 0.299298 0.921729 0.491563 0.882183 1.08996 0.618364 0.558715 1.01742
0.354601 0.337244 0.533205 0.635846 0.653538 0.0944111 0.694999 0.452197 1.15597 0.124688 0.54791 0.286022 0.766465 0.758677 1.11361 0.661751 0.984154 0.518778 1.04519 0.610166 0.645565 1.15608 0.821619 1.1685 0.308089 0.423084 0.889205 0.46367 0.292499 0.473579 1.11542 0.795698 0.451573 1.05485 0.670147 0.769684 0.423021 0.644163 0.640439 1.00246 0.309918 0.197056 1.11085 0.444096 0.635124 0.578752 0.931756 0.663203 0.972109 0.817688 0.473878 0.287591 0.423518 0.204106 0.536421 0.0931259 0.932265 0.999254 0.907966 0.220486 1.16235 0.666979 1.13425 0.236091 0.843405 0.795707 0.545154 0.542574 0.835645 0.365128 0.895736 1.21916 0.525275 0.799686 1.06758
0.292216 0.474399 0.494092 0.5385 0.666912 0.033373 0.556901 0.267114 1.15448 0.270243 0.598116 0.500938 0.745795 0.922068 1.09594 0.708687 1.09525 0.278371 0.90929 0.457634 0.588604 1.16649 0.96333 1.18015 0.183623 0.448562 0.701809 0.673499 0.190296 0.532574 1.22788 0.906134 0.342198 1.28202 0.522394 0.536052 0.423235 0.691386 0.655238 0.919631 0.255243 0.174174 1.09198 0.462182 0.729215 0.438002 1.14593 0.561279 0.862862 0.881919 0.409577 0.202987 0.325252 0.232114 0.538069 0.269462 1.07068 1.02844 0.756345 0.317607 0.912612 0.616663 0.943858 0.327165 0.907305 0.702343 0.486562 0.568701 0.88102 0.53875 1.1195 1.17078 0.548575 0.686814 1.21808
0.302342 0.619654 0.488409 0.650898 0.554324 0.0653025 0.602331 0.249502 1.05769 0.262379 0.387051 0.36452 0.704398 0.792415 1.18754 0.663564 0.917158 0.442056 0.862984 0.643175 0.586671 1.15727 0.782329 1.04416 0.106758 0.542853 0.830466 0.512821 0.239535 0.611851 1.18076 0.882897 0.511851 1.19986 0.57114 0.535017 0.294607 0.837048 0.784989 1.12904 0.251958 0.300512 1.00031 0.495779 0.636868 0.516303 1.17806 0.770313 0.824349 0.633785 0.451477 0.216876 0.348644 0.137939 0.480378 0.0638992 0.947155 1.00044 0.704308 0.186211 0.903228 0.697203 1.09679 0.106985 0.98265 0.701372 0.49299 0.313422 0.979434 0.451112 0.924354 1.19897 0.663695 0.770617 0.992078
0.235922 0.387524 0.504119 0.789242 0.476727 0.218138 0.68582 0.494633 1.13369 0.0315473 0.363363 0.469122 0.70742 0.887804 1.2422 0.850244 1.11924 0.334562 0.959286 0.591231 0.479953 1.08185 0.794361 1.17126 0.310021 0.565745 0.914374 0.713233 0.393843 0.70454 1.11365 0.782444 0.479834 1.08198 0.545177 0.655833 0.249324 0.649758 0.614658 0.901117 0.454837 0.432518 1.13002 0.330876 0.815959 0.632288 1.19349 0.561465 0.934174 0.772675 0.604557 0.159154 0.420735 0.286344 0.570035 0.095129 1.16676 1.22569 0.835195 0.274463 0.991944 0.788387 1.03971 0.29091 0.785254 0.646691 0.65569 0.321386 0.77218 0.5001 1.08176 0.99008 0.672931 0.709661 1.09076
0.292752 0.4336 0.326778 0.667001 0.462174 0.293416 0.447764 0.347247 1.04291 0.0631697 0.501836 0.550198 0.807713 0.861659 1.02541 0.687462 1.03598 0.342449 1.00085 0.426175 0.546658 1.08492 1.05507 1.15165 0.35629 0.410223 0.710563 0.644373 0.306263 0.698976 1.07789 0.912401 0.309518 1.14441 0.613835 0.580988 0.314358 0.628882 0.620256 1.01464 0.296346 0.368557 1.02647 0.344094 0.857692 0.603384 1.03535 0.53404 0.898451 0.860234 0.498244 0.360113 0.490048 0.332096 0.529394 0.339916 1.00318 1.12735 0.802203 0.410371 0.948202 0.793583 0.895942 0.29979 0.968103 0.84684 0.43012 0.499934 0.853857 0.352204 0.863099 1.08905 0.602244 0.557307 1.21218
0.326802 0.379118 0.471465 0.61494 0.56903 0.20052 0.634304 0.35659 1.08974 0.258024 0.520152 0.289857 0.715311 0.930774 1.13625 0.813103 1.13542 0.366664 0.921151 0.666327 0.463847 1.23195 0.856727 1.06733 0.0826946 0.417185 0.76521 0.599411 0.354473 0.582163 1.22536 0.757923 0.490633 1.05383 0.601195 0.763244 0.339708 0.660109 0.735322 1.14809 0.379144 0.249572 1.10925 0.441153 0.863209 0.495714 1.0356 0.599576 0.861889 0.63856 0.568002 0.263718 0.443003 0.290067 0.554083 0.147816 1.09195 1.14801 0.692293 0.167952 0.885594 0.633275 0.970918 0.330231 0.961768 0.610135 0.491341 0.426103 0.95159 0.470743 0.855679 1.10017 0.521019 0.724638 1.19113
0.275452 0.379794 0.41545 0.699431 0.532204 0.194913 0.627224 0.332268 1.0737 0.0627117 0.415913 0.405301 0.75539 0.903391 1.2541 0.807963 1.11702 0.292763 1.06449 0.609281 0.479473 1.16853 0.875704 1.11512 0.239386 0.472969 0.806796 0.740343 0.179371 0.522533 1.22589 0.845066 0.564995 1.21431 0.383693 0.547851 0.26506 0.811226 0.598734 1.10616 0.308056 0.317594 1.13305 0.3105 0.633188 0.40204 1.12099 0.527696 0.885191 0.725788 0.557552 0.188525 0.4348 0.249268 0.439568 0.103749 1.10306 1.15995 0.663578 0.283329 0.989674 0.570055 1.05954 0.228641 0.827579 0.769649 0.629779 0.470363 0.953412 0.333686 1.08316 0.998872 0.397963 0.637102 1.1435
0.249585 0.337904 0.539377 0.62661 0.497336 0.168728 0.494851 0.384075 1.10863 0.292355 0.356588 0.475551 0.849346 0.977723 1.18291 0.739962 1.02435 0.375955 0.992696 0.549048 0.444278 1.15914 0.88764 1.15189 0.24035 0.361963 0.680652 0.463081 0.134165 0.731485 1.19066 0.704401 0.53078 1.25486 0.610569 0.698655 0.167147 0.582006 0.740221 0.913553 0.520303 0.27765 1.09488 0.413798 0.572115 0.506357 1.06213 0.691475 0.91818 0.769068 0.619557 0.398999 0.461744 0.210454 0.531602 0.271797 0.934527 0.997343 0.819119 0.272472 0.939575 0.796053 1.14062 0.240689 0.714561 0.614122 0.603592 0.422525 1.01785 0.472248 1.02561 1.10371 0.558541 0.682411 1.0646
0.341524 0.478658 0.53047 0.731072 0.515508 0.199324 0.484296 0.396651 0.974515 0.204092 0.507623 0.533457 0.647886 0.898571 0.977392 0.674284 1.0992 0.522841 1.07321 0.5379 0.672709 0.974704 1.03333 1.17009 0.103714 0.365446 0.829729 0.614256 0.164834 0.501922 1.24494 0.821524 0.569074 1.19917 0.612743 0.637295 0.362397 0.84145 0.768698 1.04229 0.490495 0.435115 0.88977 0.320827 0.570399 0.600081 1.09495 0.757176 0.824012 0.647702 0.584531 0.375806 0.588652 0.228777 0.535944 0.34123 1.21423 1.1122 0.757107 0.157981 1.13633 0.764407 1.05844 0.187619 0.929969 0.735645 0.589921 0.361457 0.865453 0.450465 0.936324 1.13729 0.670341 0.694945 1.05345
0.139976 0.58526 0.479793 0.556013 0.72079 0.216558 0.68407 0.45346 1.04265 0.0283652 0.454167 0.465758 0.781617 0.732238 1.19012 0.707068 0.970599 0.292121 0.914698 0.39947 0.61908 1.05956 0.839932 0.992858 0.3118 0.482321 0.965587 0.596037 0.256232 0.506061 0.995519 0.976467 0.424399 1.17938 0.44113 0.528377 0.358217 0.665316 0.797521 0.873586 0.485216 0.284023 0.917312 0.262163 0.794527 0.439332 1.08027 0.642257 0.787369 0.773384 0.636923 0.334279 0.406671 0.246948 0.590894 0.152899 1.02796 1.05792 0.719116 0.214695 0.914373 0.629762 1.05416 0.379846 0.774358 0.797425 0.612796 0.339974 0.944443 0.585568 1.02092 1.08967 0.598231 0.826437 1.0013
0.350134 0.541757 0.496144 0.63541 0.456088 0.0894838 0.521852 0.38111 1.1038 0.279406 0.42889 0.546284 0.717892 0.928239 1.2553 0.633462 1.02878 0.527316 0.883632 0.657176 0.700815 1.1604 0.908336 1.20232 0.330129 0.526901 0.789318 0.590075 0.3383 0.694189 1.01393 0.888388 0.492849 1.03992 0.554963 0.766539 0.335936 0.667764 0.704895 1.10649 0.491452 0.345865 1.09329 0.466764 0.750756 0.534419 1.18556 0.674827 0.844532 0.775816 0.5362 0.184208 0.488702 0.160138 0.440994 0.0849766 1.05458 1.08147 0.852786 0.272737 0.911869 0.849764 0.923529 0.19794 0.814234 0.586599 0.420258 0.541377 0.841629 0.496203 1.07113 1.17963 0.506823 0.688067 1.0006
0.30549 0.576825 0.343491 0.639951 0.547919 0.0125429 0.490195 0.2261 1.05349 0.196213 0.560456 0.283986 0.789802 0.702595 1.24269 0.764396 1.1106 0.298829 0.912328 0.503762 0.728576 0.991431 0.803217 1.04546 0.277141 0.348531 0.739699 0.62207 0.237254 0.489744 1.17974 0.853867 0.411568 1.24515 0.412732 0.554659 0.137492 0.821267 0.643257 0.923788 0.488409 0.272941 1.01954 0.261598 0.601785 0.490854 0.976506 0.711823 0.907374 0.742618 0.639455 0.384542 0.456656 0.257298 0.511521 0.333662 1.07316 1.13194 0.64739 0.324648 1.0957 0.564151 1.05408 0.357406 0.823762 0.571176 0.50206 0.314616 0.759771 0.485187 0.860588 1.03959 0.455903 0.551613 0.994432
0.337487 0.552479 0.44823 0.565865 0.512322 0.053383 0.486348 0.508018 1.0195 0.219241 0.566175 0.294677 0.750236 0.692153 0.983728 0.834577 1.11568 0.380354 0.971392 0.547184 0.705794 1.09422 0.817095 1.213 0.266045 0.372884 0.964038 0.570883 0.183291 0.582787 1.10014 0.894833 0.570158 1.16164 0.556499 0.522854 0.291746 0.858001 0.61123 0.968272 0.240863 0.205324 0.884688 0.37956 0.741614 0.582876 1.16802 0.556014 0.76368 0.613908 0.407828 0.258875 0.474971 0.183463 0.562976 0.251366 0.916797 1.07777 0.739009 0.375803 0.956641 0.604431 1.0996 0.344867 0.851924 0.609423 0.518285 0.300947 0.892047 0.481432 0.86101 1.07489 0.430079 0.612604 1.21854
0.227456 0.510057 0.58474 0.629652 0.637658 0.198424 0.553981 0.464204 1.01245 0.20723 0.524802 0.530474 0.868828 0.981299 1.09951 0.808026 1.12314 0.469359 1.14679 0.577198 0.661809 1.14525 0.994678 1.1407 0.26949 0.437334 0.854627 0.589336 0.32312 0.571857 1.24463 0.731817 0.577841 1.01619 0.510888 0.526843 0.350839 0.840323 0.694487 0.902249 0.231585 0.282549 0.94255 0.47549 0.601396 0.485672 1.10516 0.786293 0.882949 0.697015 0.594928 0.359958 0.571857 0.261591 0.487373 0.0598901 1.12603 1.04459 0.814641 0.394557 0.946613 0.669458 1.11934 0.158745 0.722783 0.706158 0.603959 0.440272 0.862741 0.451303 0.97748 1.00676 0.574569 0.704768 1.07313
0.199313 0.432314 0.357934 0.768432 0.636627 0.0708245 0.450087 0.429183 1.18204 0.116346 0.495396 0.482252 0.674065 0.837635 0.988622 0.700006 1.00665 0.277568 1.02333 0.620666 0.696944 1.13592 0.851208 1.04389 0.190904 0.603188 0.744749 0.54501 0.308741 0.566994 1.01444 0.705696 0.456293 1.24394 0.467669 0.645186 0.305765 0.58999 0.678599 1.15308 0.432399 0.401965 1.00436 0.3398 0.725924 0.451134 1.0739 0.654756 0.783487 0.733252 0.647966 0.179103 0.452629 0.220896 0.41585 0.286623 1.06038 1.19457 0.829583 0.302576 0.905363 0.573014 1.04215 0.146322 0.883895 0.711709 0.419372 0.417679 0.882831 0.372721 0.974106 0.947704 0.59798 0.625448 1.10852
0.102775 0.392471 0.436082 0.544712 0.447136 0.0181334 0.501343 0.242568 1.14179 0.188956 0.562822 0.494264 0.746067 0.831609 1.19301 0.87789 1.13615 0.372431 0.914733 0.589381 0.682747 1.25727 0.890435 1.27489 0.143883 0.386119 0.963959 0.639386 0.264755 0.465845 0.972807 0.87129 0.536583 1.02036 0.391064 0.563976 0.366155 0.713585 0.636834 0.988029 0.467467 0.422928 0.998581 0.335511 0.567176 0.449749 0.916617 0.672259 0.719849 0.649924 0.519104 0.178111 0.437409 0.393799 0.492736 0.266326 1.15293 1.08719 0.745091 0.207271 1.1489 0.749734 0.95072 0.149323 0.867633 0.594165 0.397811 0.427771 0.986356 0.553181 0.88274 1.08439 0.543259 0.587488 1.20547
0.140443 0.622555 0.599174 0.65694 0.532971 0.283146 0.554642 0.335744 1.10876 0.177772 0.355331 0.521513 0.635885 0.742021 1.20467 0.742404 0.997568 0.416366 0.986113 0.471479 0.49384 1.23499 0.842881 1.10759 0.2888 0.332814 0.698743 0.594993 0.262443 0.516607 0.975107 0.981106 0.417153 1.26603 0.47209 0.682058 0.307396 0.737058 0.805047 0.916601 0.491541 0.378058 1.1599 0.301873 0.791782 0.397382 1.00625 0.753841 0.768475 0.680659 0.646123 0.40571 0.372544 0.225497 0.462307 0.15103 0.963351 1.13333 0.725774 0.265632 1.08908 0.812541 0.916898 0.310224 0.986763 0.800783 0.636583 0.534846 0.863304 0.547916 0.889015 1.04723 0.398466 0.798862 1.23179
0.348086 0.354301 0.550207 0.645059 0.453364 0.27506 0.705637 0.25121 0.989857 0.0717008 0.407358 0.434605 0.859001 0.709038 0.997578 0.718148 0.92466 0.36444 0.903133 0.499122 0.617692 1.23862 0.993071 1.2256 0.231737 0.330239 0.905411 0.568342 0.367 0.607307 1.04101 0.726988 0.451656 1.25574 0.521275 0.698002 0.416081 0.626309 0.709052 1.061 0.482076 0.260284 1.14339 0.301446 0.811818 0.555454 1.20056 0.519132 0.790729 0.618758 0.389124 0.325283 0.353284 0.150396 0.438477 0.137039 1.13237 1.1817 0.726514 0.363471 1.11544 0.845584 0.913554 0.197536 0.910846 0.752109 0.523882 0.360837 0.786741 0.57523 1.03119 1.22143 0.397595 0.727545 1.06063
0.180781 0.439014 0.475511 0.639349 0.534289 0.0507672 0.69576 0.305068 0.968489 0.20858 0.453588 0.514056 0.795209 0.960686 1.15018 0.720482 0.918227 0.417068 1.08022 0.675911 0.631654 1.0734 0.888152 1.15613 0.239956 0.593723 0.832314 0.527824 0.395634 0.521273 1.01397 0.92602 0.324957 1.02946 0.645447 0.521592 0.165079 0.60074 0.654813 1.04051 0.327172 0.377762 1.10861 0.33334 0.577371 0.515379 1.02295 0.502164 0.869163 0.835056 0.655734 0.331406 0.517903 0.354516 0.396211 0.210131 0.935248 1.23274 0.726797 0.181805 1.0219 0.638006 0.883339 0.337076 0.736078 0.792215 0.621352 0.53508 0.848043 0.390635 0.97389 1.1269 0.636193 0.616916 1.17061
0.365615 0.471828 0.437099 0.720941 0.475672 0.11946 0.523386 0.255374 1.03354 0.127234 0.347548 0.511322 0.911818 0.829061 1.26565 0.849699 1.08073 0.472128 0.954223 0.391967 0.615985 1.10042 0.891291 1.13286 0.271982 0.554495 0.94508 0.473872 0.21731 0.560759 1.08509 0.909373 0.565196 1.16032 0.587383 0.513514 0.176053 0.697156 0.660467 0.888919 0.392828 0.358476 1.06639 0.42021 0.730421 0.460582 1.18274 0.617377 0.851619 0.855085 0.527845 0.255964 0.408942 0.272094 0.458776 0.138905 1.18777 0.992877 0.686441 0.230362 0.89536 0.560116 0.959337 0.187639 0.769948 0.80232 0.512767 0.380225 0.825459 0.392206 0.868498 1.0631 0.56116 0.669948 1.02214
