25 75
0.673717 0.233033 0.0324907 1.17238 0.432973 0.664946 0.320672 0.868957 0.692436 0.843048 1.13905 0.94378 0.211873 0.406353 1.0548 0.595491 0.347478 0.785891 0.899609 0.671995 0.534934 0.601733 0.597967 1.1402 1.10256 0.342438 0.152894 0.245223 0.0966769 0.895188 0.781622 0.332243 0.959986 0.267134 0.821749 0.539419 0.453863 0.54689 0.671083 0.594221 1.02363 1.02046 0.680963 0.74089 0.846405 1.13955 0.331523 0.103572 0.815686 0.708353 0.590907 1.00159 0.0868726 0.53806 0.958522 0.968207 0.570058 0.669332 0.13317 0.762946 0.931388 0.374795 0.960496 0.91809 0.302293 1.01255 0.284053 0.896618 0.568577 0.760834 1.26615 0.586946 0.528133 1.21994 0.52626
0.687701 0.436943 0.142099 0.90707 0.589356 0.644562 0.467209 1.05608 0.804486 0.866794 1.14038 0.956559 0.278363 0.502105 0.917874 0.594597 0.239861 0.910022 0.73528 0.809622 0.509371 0.516292 0.382738 0.94399 0.860655 0.508576 0.303802 0.186253 0.149233 0.744131 0.869412 0.444822 1.0189 0.317231 0.590951 0.643078 0.549115 0.405357 0.805963 0.585515 1.04248 0.774033 0.807752 0.925706 0.815028 1.07129 0.331406 0.269974 0.79537 0.888735 0.498555 0.978572 0.245016 0.434108 0.892808 1.23402 0.526694 0.832809 0.0246295 0.761229 0.899918 0.176318 0.943193 0.639387 0.224881 1.16876 0.27323 0.726671 0.563679 0.835157 1.16023 0.727617 0.336748 1.05459 0.454274
0.706154 0.260342 0.30997 1.04162 0.32944 0.616845 0.188363 0.888314 0.650349 0.914948 1.11687 1.01017 0.332803 0.404815 0.834547 0.474853 0.143811 0.952428 0.743147 0.857243 0.57368 0.725475 0.412955 0.944196 1.15195 0.502211 0.416277 0.104927 0.0944602 0.958022 0.797857 0.316451 1.03315 0.297152 0.66385 0.50973 0.415138 0.518927 0.58901 0.672713 0.883989 0.797113 0.710793 0.994155 0.756715 1.10152 0.314151 0.282812 0.726797 0.913339 0.645223 0.901356 0.17748 0.486961 1.04843 1.12527 0.569715 0.759981 0.179097 0.578812 0.938387 0.330143 0.849696 0.90522 0.328128 1.11042 0.21185 1.01248 0.701269 0.911279 1.05494 0.840589 0.318041 0.963437 0.440639
0.56819 0.378253 0.196696 0.922132 0.529719 0.541228 0.248167 0.866933 0.70907 0.735016 1.1081 0.789041 0.409576 0.471839 0.888806 0.464284 0.320607 0.851773 0.819107 0.937248 0.581278 0.497973 0.603578 1.17018 0.898192 0.461756 0.333616 0.210405 0.070908 0.864562 0.89765 0.274543 1.0427 0.172594 0.856902 0.499229 0.344606 0.554135 0.749972 0.720959 1.05471 0.805393 0.733145 0.964499 0.780462 0.86862 0.185042 0.116974 0.993077 0.666381 0.404451 0.811942 0.180185 0.299215 0.899838 1.23942 0.667131 0.759741 0.0489378 0.593295 0.907385 0.250906 0.665412 0.674342 0.221232 1.05524 0.199941 0.713495 0.627008 0.882408 1.20132 0.762804 0.308689 1.14629 0.617826
0.449282 0.365658 0.186671 0.983277 0.464888 0.65043 0.379608 0.954479 0.580068 0.873062 1.18113 0.904169 0.42493 0.517815 0.955553 0.550546 0.241814 0.888079 0.823768 0.898856 0.726291 0.458781 0.658919 1.13398 1.05637 0.27495 0.345499 0.135257 0.14092 0.998498 0.821999 0.303296 0.994602 0.157953 0.866238 0.503639 0.355929 0.435574 0.566681 0.730031 0.873788 0.860497 0.724156 0.784472 0.902526 0.964819 0.26155 0.119875 0.75982 0.838806 0.49572 0.921432 0.289787 0.296457 0.965262 1.02872 0.500503 0.600311 0.22345 0.538035 0.883179 0.275931 0.709162 0.766796 0.396912 1.09176 0.225372 0.987989 0.455247 0.781166 0.984428 0.616546 0.43069 0.952164 0.575249
0.560292 0.354452 0.263796 0.934564 0.366125 0.499036 0.309388 0.937057 0.666287 0.800444 0.992557 0.896578 0.461255 0.555241 0.843306 0.578033 0.280396 0.879836 0.795283 0.706522 0.58336 0.450479 0.62351 1.17524 0.973346 0.363495 0.3718 0.181385 0.287358 0.959142 0.748955 0.318545 1.05809 0.41054 0.63226 0.565377 0.369644 0.471193 0.754622 0.795253 0.95814 0.898346 0.677994 0.827975 0.978417 0.873785 0.159339 0.294738 0.746402 0.745971 0.516111 0.72607 0.254996 0.585007 0.991384 1.21478 0.554008 0.641116 0.270355 0.552107 0.94916 0.267964 0.958833 0.783775 0.275449 0.964225 0.0788136 0.736504 0.435012 0.781748 1.01226 0.656463 0.514942 0.98382 0.388583
0.714097 0.440586 0.290351 0.94282 0.31656 0.638346 0.24791 0.96643 0.804668 0.848633 0.935877 0.81295 0.415826 0.603813 0.938807 0.455778 0.192207 1.06821 0.853498 0.697743 0.638213 0.709217 0.404392 1.01766 0.867014 0.416494 0.184127 0.322072 0.303834 0.918115 0.860237 0.525231 0.900037 0.223587 0.844626 0.527884 0.494775 0.457112 0.542475 0.869445 1.0376 0.929498 0.830837 0.925025 0.905942 1.10492 0.248918 0.20099 0.942051 0.851828 0.635286 0.779424 0.228706 0.363613 0.97079 1.22263 0.630236 0.682368 0.291796 0.648892 0.851581 0.322729 0.715039 0.82355 0.296154 1.00234 0.242318 0.972539 0.681424 0.946526 1.24517 0.575236 0.272521 1.09779 0.534604
0.689357 0.465333 0.0398238 1.15583 0.593831 0.580612 0.452098 1.04825 0.71318 0.731159 1.06442 0.811019 0.304598 0.314841 0.95792 0.551795 0.159502 1.0605 0.680824 0.672231 0.645237 0.588614 0.640822 0.966371 1.11306 0.301317 0.445882 0.164705 0.0559062 1.00883 0.796216 0.526383 0.846455 0.410218 0.818711 0.661197 0.517872 0.276162 0.643111 0.836467 1.10203 0.842176 0.619779 0.930795 0.910776 0.910385 0.129502 0.245388 0.950183 0.779679 0.39539 0.928754 0.186454 0.390078 1.04587 1.03117 0.657547 0.805191 0.216048 0.590108 0.905494 0.418342 0.892804 0.835355 0.236517 1.0262 0.206656 0.89046 0.623775 0.707956 1.04315 0.791694 0.533901 1.07133 0.362001
0.690825 0.270836 0.133464 0.998701 0.55312 0.576596 0.234593 0.997861 0.647659 0.983717 1.04921 0.793243 0.318773 0.477762 1.03367 0.489207 0.395181 0.820115 0.921042 0.759494 0.593544 0.703437 0.547211 1.13706 0.952065 0.330911 0.353828 0.118421 0.190024 1.00062 0.895288 0.387813 0.930857 0.215516 0.6007 0.63147 0.476039 0.304452 0.612282 0.804299 0.832391 0.907867 0.712993 0.749638 0.772801 0.959603 0.158131 0.272881 0.908122 0.879992 0.59974 0.981207 0.254737 0.352926 1.11046 1.14369 0.728425 0.696435 0.309197 0.59116 1.01156 0.337001 0.758183 0.871835 0.306461 1.11263 0.213393 1.01022 0.496078 0.987063 1.17858 0.719538 0.519295 1.07209 0.569104
0.423179 0.378089 0.0509345 0.993343 0.371579 0.576409 0.297078 0.945333 0.786552 0.881804 1.05239 0.79451 0.471378 0.595985 1.00284 0.573572 0.239906 1.03952 0.688963 0.937172 0.620024 0.464916 0.41119 1.06534 1.02925 0.347439 0.405912 0.349059 0.127269 0.753717 0.754793 0.290272 0.849113 0.272747 0.641586 0.586298 0.496679 0.558017 0.609108 0.680894 0.941519 0.872278 0.670462 0.789379 1.00086 0.944199 0.377966 0.302206 0.983623 0.741139 0.474334 0.931114 0.177951 0.40422 1.06451 1.07029 0.649116 0.774632 0.274632 0.716731 1.01066 0.233485 0.665031 0.860712 0.425619 1.08909 0.336204 0.731803 0.507818 0.72841 0.992632 0.72921 0.288434 1.0906 0.545601
0.510147 0.22306 0.120236 0.947789 0.496337 0.511662 0.197346 0.820857 0.544242 0.899041 0.96176 0.971673 0.49387 0.414292 0.803448 0.533327 0.295773 0.881838 0.648605 0.682723 0.623861 0.691728 0.420303 1.01472 1.07789 0.456581 0.320208 0.131061 0.0876555 0.822821 0.877478 0.351359 0.898875 0.257365 0.812793 0.584796 0.604529 0.331501 0.791157 0.859925 0.87341 1.06724 0.805777 0.979432 0.979568 0.894886 0.390281 0.132155 0.948192 0.857859 0.553251 0.900359 0.27217 0.394258 0.941755 1.11283 0.577954 0.599012 0.178884 0.591111 0.902069 0.237975 0.933335 0.893495 0.239163 1.11156 0.183733 0.996737 0.712206 0.868034 1.11827 0.651772 0.501201 1.0136 0.58623
0.501344 0.289847 0.174709 1.14679 0.395253 0.548523 0.197188 0.876995 0.684666 0.830307 0.979085 0.818512 0.423274 0.517481 1.10102 0.446431 0.241291 0.851412 0.92 0.859811 0.457108 0.568567 0.66299 0.999365 0.924476 0.449662 0.180779 0.189618 0.0645514 0.765421 0.783068 0.273274 0.83261 0.119593 0.706446 0.69053 0.346188 0.565724 0.709417 0.835792 0.966453 0.957477 0.760143 0.73287 0.782462 0.899953 0.29215 0.207859 0.895584 0.878332 0.422701 0.97562 0.223593 0.436309 0.978707 1.19124 0.722764 0.717262 0.256326 0.689134 0.881584 0.436484 0.850646 0.796438 0.362551 1.13644 0.268827 1.01193 0.513696 0.731671 1.23566 0.767506 0.52028 1.1319 0.574102
0.509442 0.205723 0.257779 1.1119 0.528847 0.627884 0.220021 1.03957 0.543743 0.753757 1.06 0.94983 0.387716 0.492547 1.1003 0.452254 0.113391 0.875302 0.634847 0.85785 0.617201 0.661135 0.667197 1.20597 0.86955 0.418464 0.274512 0.108589 0.203967 0.936049 0.79774 0.465961 1.0012 0.356083 0.862295 0.664325 0.328919 0.533391 0.614594 0.822781 1.04062 0.890569 0.767946 0.984983 0.802947 1.09531 0.172503 0.195085 0.951037 0.724278 0.529056 0.892601 0.104052 0.480122 0.881255 0.968338 0.758314 0.562259 0.232222 0.784773 0.905442 0.45267 0.665931 0.678505 0.422336 0.978832 0.305564 0.830675 0.561537 0.788025 1.14673 0.697257 0.423921 1.22654 0.451898
0.57768 0.416587 0.0233968 1.08668 0.542993 0.683355 0.325397 1.07903 0.797829 0.976315 1.20025 0.859941 0.24281 0.403466 1.0121 0.592854 0.383286 0.96829 0.764696 0.686733 0.52455 0.723791 0.45425 1.13874 0.940264 0.425273 0.27636 0.121518 0.0227006 0.755362 0.646556 0.307918 1.04491 0.266529 0.727311 0.502782 0.499146 0.497468 0.63217 0.763114 0.983049 0.980425 0.594839 1.00149 1.03242 0.862346 0.269428 0.20101 0.87915 0.649975 0.469892 0.814303 0.0812202 0.432024 0.862665 1.13947 0.525865 0.751528 0.125487 0.600881 0.997549 0.44538 0.854077 0.846596 0.237958 1.14867 0.19263 0.946824 0.49656 0.7669 1.02662 0.573381 0.558287 1.07546 0.593911
0.452251 0.281352 0.271119 1.14135 0.494391 0.527734 0.248191 1.02766 0.666551 0.844402 0.920384 0.945395 0.265313 0.575974 1.01816 0.646977 0.329061 0.902561 0.819689 0.858887 0.5072 0.572645 0.636338 1.00139 0.926747 0.463066 0.151126 0.252575 0.132913 0.749917 0.86503 0.375209 0.838366 0.181963 0.620526 0.546203 0.381157 0.491733 0.543255 0.877311 0.813058 0.930842 0.60088 0.999882 0.890212 1.10246 0.166219 0.21499 0.900571 0.898247 0.535124 0.999996 0.264577 0.545374 0.878178 1.11372 0.544045 0.738561 0.277804 0.71914 0.810482 0.389476 0.893561 0.748709 0.202821 0.882053 0.286083 0.900532 0.677614 0.858376 1.24394 0.747997 0.429724 1.03926 0.354333
0.695136 0.346402 0.0442224 0.905984 0.534261 0.536231 0.261643 0.99923 0.574772 0.891633 0.973148 1.04697 0.452169 0.49816 0.838016 0.5 0.221698 0.916511 0.730466 0.725411 0.617671 0.73666 0.61664 0.936991 1.1035 0.423092 0.231274 0.183906 0.18043 0.824786 0.691107 0.351828 0.798558 0.13615 0.679068 0.596516 0.424604 0.439999 0.617396 0.604588 1.10928 0.971072 0.747372 0.769578 1.01961 1.08137 0.167977 0.0649535 0.95332 0.667105 0.519855 0.999287 0.215845 0.572262 1.10677 1.0689 0.768324 0.65972 0.179724 0.537578 0.746689 0.253771 0.669645 0.660175 0.495794 1.04234 0.0904534 0.749716 0.578313 0.692528 1.20844 0.600711 0.317777 1.00109 0.616345
0.677371 0.274624 0.257864 1.13586 0.571086 0.530935 0.374817 0.984123 0.720072 0.736547 1.0799 0.909209 0.214697 0.437808 0.913692 0.528366 0.143121 0.806237 0.890778 0.756313 0.659684 0.471038 0.441645 1.09067 0.989445 0.318313 0.279805 0.38964 0.277166 0.969952 0.888342 0.465514 0.999899 0.228494 0.617249 0.570206 0.511181 0.293043 0.6407 0.761191 1.09975 0.988755 0.668423 0.777808 0.921748 0.974999 0.369347 0.152652 0.777788 0.87701 0.548069 0.924558 0.152383 0.490498 1.01002 1.07306 0.729016 0.825322 0.146963 0.719781 0.791561 0.414163 0.697679 0.756857 0.300809 1.14434 0.144929 0.946011 0.440549 0.899061 1.25591 0.832446 0.327224 1.12161 0.611243
0.653419 0.363378 0.0945015 1.00513 0.580971 0.476625 0.405883 0.784733 0.603896 0.781343 1.09013 0.915099 0.287307 0.322224 0.85668 0.626802 0.385995 0.97997 0.839087 0.75018 0.518024 0.732395 0.43928 1.1903 0.966689 0.268557 0.284236 0.219804 0.222486 0.979583 0.701058 0.466994 1.00184 0.356921 0.79652 0.41511 0.372324 0.566475 0.747661 0.639781 1.03914 0.802528 0.767128 0.811205 0.7895 0.984511 0.16612 0.112413 0.952 0.892481 0.58147 0.846473 0.0628961 0.572655 1.06408 1.13224 0.770168 0.580566 0.10001 0.620078 0.987295 0.259271 0.879423 0.722046 0.468583 0.929689 0.279567 0.876894 0.460231 0.699979 1.13928 0.764255 0.466147 1.17202 0.604277
0.668049 0.288053 0.30473 0.904832 0.60653 0.652888 0.446556 0.875209 0.568291 0.875996 0.991997 0.806017 0.369655 0.568691 0.846499 0.621474 0.269997 0.82038 0.646665 0.939277 0.54381 0.627518 0.422903 1.00797 0.858087 0.374159 0.41953 0.371708 0.171398 0.844629 0.855617 0.323476 0.980071 0.161343 0.682683 0.552595 0.474651 0.386346 0.625398 0.821046 1.05745 0.799758 0.663088 0.778292 0.860234 1.13837 0.16611 0.134234 0.91597 0.727793 0.431257 0.893288 0.218055 0.318204 0.947986 1.23319 0.614781 0.667374 0.0124774 0.611657 0.743879 0.184311 0.842502 0.867367 0.470824 0.993834 0.0476007 0.873613 0.594267 0.906824 1.0729 0.820288 0.310351 0.984535 0.468656
0.587109 0.180885 0.195193 1.0579 0.54709 0.608058 0.258451 0.976918 0.77636 0.909826 0.919939 0.879302 0.382652 0.315389 0.987845 0.612259 0.139752 0.880408 0.73293 0.711133 0.711716 0.541489 0.591167 1.1449 1.12172 0.282585 0.387486 0.231202 0.111044 0.904988 0.636326 0.351346 0.877713 0.304858 0.754659 0.602511 0.599618 0.487896 0.804221 0.737143 1.02226 0.84358 0.56818 0.873298 0.78269 0.926472 0.315099 0.308947 0.80334 0.810968 0.488346 0.728837 0.241541 0.567096 0.948764 1.14845 0.522598 0.67701 0.122602 0.733217 0.740943 0.264636 0.756818 0.873444 0.324212 1.10137 0.201082 0.837787 0.600685 0.742827 1.02182 0.720692 0.437373 1.08145 0.342506
0.695145 0.382948 0.0797022 0.926419 0.546902 0.657311 0.453723 0.870507 0.584485 0.782189 0.999891 0.864081 0.257943 0.528884 0.956282 0.582747 0.337059 1.04867 0.765626 0.904941 0.701031 0.561414 0.428595 1.20492 1.10445 0.251751 0.262294 0.111835 0.0753141 1.03047 0.847413 0.494086 0.928509 0.121877 0.766374 0.484954 0.490677 0.423991 0.798546 0.879489 0.847985 0.821173 0.799468 1.01149 0.980244 1.06989 0.327119 0.31373 0.762495 0.874446 0.466076 0.843366 0.117678 0.433244 1.03209 1.10702 0.653255 0.762341 0.169173 0.677773 0.890801 0.321561 0.712901 0.721599 0.313377 0.942545 0.226808 0.99074 0.712706 0.814384 1.06634 0.703282 0.375304 0.988689 0.589446
0.469306 0.346461 0.0723788 0.888105 0.341362 0.441948 0.184469 1.05511 0.580091 0.913308 0.931203 0.811152 0.450546 0.521258 1.08082 0.614214 0.369569 0.791555 0.645557 0.676753 0.541179 0.608155 0.474322 0.990743 1.07963 0.427541 0.3924 0.352947 0.0260945 0.826518 0.708817 0.33 0.795065 0.183312 0.654507 0.489203 0.540424 0.325567 0.609126 0.707754 0.8801 0.793378 0.820221 0.803304 1.03938 1.09937 0.302766 0.239006 0.731446 0.645028 0.444137 0.895241 0.174925 0.452913 0.888271 1.08717 0.590351 0.646714 0.0873959 0.764706 0.952717 0.355293 0.776721 0.829215 0.277217 0.94286 0.184023 0.738172 0.554405 0.737256 1.24875 0.645441 0.291678 1.22461 0.378655
0.655399 0.29638 0.226099 1.05955 0.513805 0.486046 0.264545 1.06631 0.669246 0.954366 1.05458 0.899522 0.241007 0.49068 1.01385 0.652312 0.387925 0.937834 0.766184 0.922594 0.618839 0.740647 0.396442 1.06786 1.06581 0.448073 0.415109 0.180667 0.254586 0.75082 0.669273 0.528194 0.881427 0.254825 0.854337 0.438637 0.566278 0.309489 0.626326 0.848716 1.10717 0.926994 0.589763 0.766307 1.03072 0.998957 0.216252 0.191433 0.958521 0.649262 0.659888 1.02065 0.134418 0.531999 0.998746 1.16522 0.518771 0.795645 0.0291031 0.643867 0.889157 0.291085 0.841301 0.78277 0.477923 1.16064 0.329484 0.839552 0.621178 0.720924 0.979573 0.698961 0.286031 1.16441 0.424227
0.567323 0.246287 0.085342 0.914641 0.38682 0.666311 0.331357 0.983887 0.654283 1.00707 1.20045 0.790219 0.411842 0.497743 0.915553 0.628721 0.298124 0.982221 0.79418 0.746083 0.466807 0.643853 0.473594 0.95101 0.952126 0.348792 0.340887 0.263669 0.0297989 0.839292 0.692851 0.478649 0.829578 0.173897 0.644779 0.522473 0.454788 0.430884 0.620328 0.725456 0.964067 0.871072 0.729798 0.926612 0.977105 1.13636 0.156536 0.189398 0.72828 0.679796 0.48407 0.818117 0.131063 0.391675 0.90303 1.1566 0.643364 0.546788 0.216214 0.687784 0.738585 0.267516 0.851701 0.88793 0.467557 0.963851 0.208052 0.967293 0.448326 0.703952 1.24593 0.59493 0.396008 1.13746 0.526223
0.462475 0.426644 0.317734 1.13964 0.602446 0.512806 0.291377 1.06482 0.627897 0.833854 1.14857 0.954304 0.378581 0.557406 1.06332 0.457207 0.153583 0.802884 0.837882 0.817179 0.601043 0.480165 0.671242 0.992784 1.04744 0.265551 0.338026 0.345244 0.0956628 1.01529 0.847518 0.360125 1.01887 0.219425 0.652232 0.635537 0.309083 0.489905 0.780775 0.879725 1.10678 1.01533 0.773793 0.965622 0.992657 1.01585 0.306803 0.220228 0.977039 0.768622 0.559822 0.967584 0.101742 0.511225 1.01476 1.19031 0.743789 0.696043 0.114653 0.632647 0.942556 0.378646 0.696578 0.786492 0.298656 1.00747 0.196032 0.880893 0.486586 0.762923 1.06934 0.702564 0.411891 1.09733 0.329498
