25 75
0.491215 1.00519 0.930385 0.582451 0.950078 1.13136 1.1129 0.225558 0.800796 0.54875 0.136632 0.530125 1.02601 0.520911 0.150202 0.901632 0.215272 0.756501 1.05396 0.431017 0.613424 0.281196 0.723619 0.629343 0.641422 0.337479 0.472673 1.02606 0.208605 0.946714 0.495867 0.36871 1.15089 0.258521 0.979957 0.646961 1.08332 1.03615 0.658575 0.50885 0.780718 0.261476 0.267997 0.510317 0.6596 0.794872 0.591203 0.447744 1.01076 0.976097 1.12112 0.227441 1.0711 0.669337 0.838128 0.750078 0.776788 0.121839 0.796819 0.688581 0.575021 0.9615 0.748196 0.716744 0.245146 0.306638 0.916617 0.668323 1.00607 0.081531 0.64438 0.385671 0.552005 1.13521 0.990027
0.454629 0.913981 0.739536 0.384474 0.998846 0.987197 1.28415 0.0759583 0.951864 0.775645 0.260176 0.490247 1.23366 0.447191 0.327803 0.882928 0.452658 0.600668 1.05219 0.50075 0.688798 0.266369 0.654993 0.641945 0.460734 0.178729 0.597576 1.01895 0.146424 0.843788 0.48973 0.393242 0.933594 0.395103 0.833062 0.616371 1.08115 1.17102 0.817514 0.516095 0.707175 0.389399 0.317005 0.350076 0.662985 0.574871 0.46184 0.412218 0.952302 1.04821 1.13618 0.374951 1.05545 0.603062 0.740788 0.909993 0.875718 0.0533594 1.02586 0.966232 0.509295 0.951438 0.862892 0.912426 0.241383 0.30946 0.824993 0.845621 0.992158 0.0747126 0.844554 0.499086 0.523854 0.8981 1.10029
0.632237 1.02393 0.875703 0.40053 0.941729 1.03372 1.07617 0.0883299 0.750467 0.749931 0.354844 0.482939 1.11557 0.572676 0.255528 0.79921 0.20812 0.814094 1.06957 0.598686 0.614575 0.226178 0.652002 0.433217 0.619438 0.197348 0.447345 0.823912 0.174559 0.945258 0.631583 0.458449 1.00925 0.233793 0.855967 0.645915 1.12464 1.20943 0.845784 0.538603 0.775085 0.303266 0.269611 0.288699 0.715461 0.804723 0.461793 0.549056 1.04861 1.09224 1.20138 0.262598 1.09594 0.51768 0.837106 0.889984 0.929586 0.13061 0.846908 0.898696 0.604196 1.01456 0.814938 0.751067 0.292589 0.249816 0.962703 0.870925 0.889266 0.164233 0.799169 0.369664 0.540062 0.920534 1.01577
0.543926 1.02416 0.844158 0.436299 1.08333 0.920597 1.17911 0.174255 0.704651 0.571411 0.403089 0.538546 1.0763 0.605686 0.253794 0.839884 0.188047 0.870386 0.775886 0.594515 0.729696 0.225727 0.734009 0.640943 0.693986 0.305321 0.459543 1.00595 0.368635 0.953389 0.648541 0.442022 1.13638 0.122285 0.919487 0.62378 1.2218 1.12884 0.731718 0.768843 0.907278 0.343783 0.138313 0.514648 0.508594 0.843824 0.695166 0.461488 0.829574 0.874132 1.24615 0.246766 0.899841 0.413396 0.702381 0.998464 0.957706 0.10211 1.06332 0.847116 0.600224 0.965432 0.924604 0.649588 0.138811 0.410174 0.984089 0.811858 0.867787 0.348612 0.876432 0.514381 0.5385 1.04207 1.02789
0.40292 1.12999 0.994135 0.318452 0.965994 1.09118 1.0818 0.0544996 0.707319 0.728499 0.324229 0.434937 1.00219 0.484291 0.203609 0.683265 0.209087 0.580616 0.937658 0.429707 0.632541 0.492877 0.712668 0.559322 0.54672 0.259047 0.512102 0.7669 0.340881 0.856791 0.701729 0.332984 1.1679 0.322834 1.07466 0.606787 1.06307 1.11061 0.778899 0.74876 0.752865 0.508809 0.276318 0.283821 0.592642 0.788269 0.451255 0.507057 1.03889 1.00893 1.08444 0.411326 1.12403 0.615863 0.883085 0.959916 0.903435 0.331983 1.07848 0.841398 0.442042 0.982563 0.746193 0.89348 0.269269 0.400088 0.877354 0.668248 0.95657 0.267386 0.871896 0.413362 0.563568 1.09252 1.05938
0.635157 1.00264 0.991539 0.440433 0.838726 0.997644 1.10986 0.0288294 0.817776 0.784952 0.183582 0.34253 1.20441 0.487596 0.40412 0.775869 0.366844 0.591542 0.844239 0.481344 0.751755 0.381979 0.814544 0.677108 0.488931 0.321229 0.474932 0.954218 0.235522 0.97032 0.617888 0.194074 1.02735 0.2277 0.941161 0.603928 0.951993 1.18766 0.624912 0.557981 0.742603 0.441292 0.164456 0.539759 0.518037 0.590772 0.576522 0.57739 1.06415 0.884142 0.98361 0.388096 0.87866 0.533587 0.939188 0.962593 0.83975 0.18938 0.918765 0.691935 0.476106 1.13411 0.899456 0.866424 0.33042 0.46613 1.07485 0.697239 0.90089 0.174806 0.896563 0.482019 0.682752 1.0413 1.04952
0.56867 1.18964 0.790223 0.44616 0.891573 0.992329 1.22164 0.169382 0.869714 0.708374 0.368315 0.276017 1.02151 0.324998 0.1326 0.764064 0.215914 0.837264 0.895899 0.519319 0.596886 0.31833 0.90195 0.666126 0.530007 0.188861 0.607954 1.01621 0.412445 0.978945 0.648835 0.413709 0.954869 0.289205 1.08392 0.626218 1.19635 1.20737 0.765054 0.610055 0.865951 0.481064 0.251193 0.347831 0.627143 0.797028 0.670234 0.460036 0.96047 0.91091 1.07805 0.396377 1.02258 0.435074 0.815532 1.00353 0.872715 0.0863868 0.841202 0.737725 0.428087 1.16018 0.88298 0.650432 0.107066 0.423808 0.979612 0.791227 1.0559 0.313625 0.779916 0.346376 0.686084 1.09559 1.19462
0.453231 0.902182 0.819341 0.364365 1.07005 0.917613 1.22744 0.218212 0.942711 0.56041 0.166653 0.284081 1.10416 0.559433 0.316031 0.911848 0.32264 0.629162 0.77929 0.650556 0.753026 0.300804 0.653117 0.582851 0.425279 0.287046 0.431753 0.859499 0.290485 0.789967 0.436212 0.442911 0.932033 0.322719 0.921641 0.414931 1.12477 1.01294 0.620011 0.640402 0.927815 0.471287 0.239852 0.486266 0.670838 0.55866 0.589212 0.389918 1.0494 0.925996 1.01395 0.228848 0.963712 0.543691 0.666765 0.745007 1.01832 0.312754 0.861761 0.801533 0.650675 0.929761 0.872738 0.731866 0.23161 0.42171 1.0269 0.856291 1.05223 0.153641 0.882968 0.314546 0.729519 0.973312 1.27563
0.382994 1.15923 0.989354 0.35789 0.949076 1.08282 1.23235 0.194259 0.85047 0.656504 0.291981 0.495022 0.970457 0.470068 0.352153 0.669333 0.433155 0.713289 0.971153 0.535273 0.625078 0.33765 0.792952 0.526853 0.511357 0.237059 0.387101 0.834605 0.365516 0.819366 0.553802 0.179343 1.02866 0.353268 1.09765 0.616583 1.12859 1.24364 0.756629 0.592696 0.828818 0.382529 0.133496 0.514865 0.617112 0.800632 0.67815 0.384658 0.952643 1.05528 1.24859 0.456843 1.07745 0.412245 0.789573 0.908956 0.989434 0.330598 0.799069 0.863408 0.51587 1.06966 0.860728 0.821876 0.31238 0.323017 0.885328 0.786943 0.884816 0.066633 0.757435 0.514006 0.661596 0.92901 1.12638
0.393939 1.02473 0.801962 0.387741 1.09865 0.948083 1.0956 0.22524 0.736169 0.778582 0.162316 0.343031 1.16482 0.404176 0.130093 0.875105 0.301458 0.574445 0.993354 0.535627 0.820965 0.448012 0.714785 0.555214 0.666898 0.30063 0.607297 1.02654 0.319916 0.733449 0.442734 0.285085 1.04127 0.287815 1.09135 0.586405 1.15628 1.11657 0.745282 0.52195 0.897894 0.521163 0.0932627 0.280351 0.675401 0.624742 0.66989 0.505514 0.900538 0.864273 0.990179 0.26569 1.06185 0.462801 0.742712 0.923965 1.03716 0.203374 0.89306 0.886182 0.370568 1.05852 0.751171 0.698963 0.17357 0.484153 0.821107 0.660457 0.954521 0.203816 0.872448 0.517901 0.75241 1.10029 1.13653
0.47362 1.02245 0.857173 0.591262 0.886842 0.979117 1.20406 0.181407 0.711657 0.539865 0.369905 0.401924 0.971221 0.499702 0.202105 0.76417 0.217856 0.699797 0.963581 0.644665 0.521992 0.450156 0.62633 0.42356 0.547303 0.193379 0.534689 0.943525 0.356847 0.863952 0.565611 0.320689 0.960214 0.262776 1.0973 0.669977 1.18498 1.15087 0.69303 0.721954 0.840801 0.527763 0.112347 0.387769 0.614243 0.565911 0.615008 0.61689 0.892332 1.11617 1.14554 0.272284 1.09221 0.54589 0.892763 0.955793 1.05519 0.10837 0.990856 0.908258 0.637763 1.17947 0.86637 0.726349 0.234692 0.189421 0.890215 0.77295 0.857758 0.0811729 0.659079 0.370238 0.682649 0.892753 1.08326
0.626282 1.05534 0.785866 0.488477 0.912789 1.08975 1.26156 0.144685 0.901751 0.80374 0.181433 0.298291 1.22906 0.312813 0.377824 0.68032 0.175575 0.576948 0.981838 0.573441 0.650168 0.474589 0.695428 0.63924 0.52694 0.171336 0.533194 0.809986 0.313805 0.972532 0.49599 0.246836 1.07463 0.122495 1.06674 0.508392 1.10554 1.08912 0.592077 0.503049 0.661142 0.241577 0.166236 0.376395 0.684671 0.778726 0.556375 0.484928 1.04282 0.837907 1.15235 0.264385 1.09648 0.525068 0.762499 0.740579 1.05631 0.295165 0.903749 0.87983 0.444164 1.11561 0.892668 0.875811 0.126544 0.229178 1.07728 0.893597 0.877407 0.135485 0.680293 0.48274 0.550014 1.18299 0.996268
0.553546 0.958675 1.01037 0.417402 0.947144 0.884185 1.21799 0.25756 0.667015 0.618471 0.340021 0.462755 1.1456 0.463608 0.280524 0.903751 0.173915 0.862299 0.863691 0.512809 0.701514 0.292418 0.756183 0.453267 0.600136 0.279924 0.386984 0.85168 0.251248 0.952801 0.62991 0.432096 1.07234 0.350818 0.904709 0.512416 1.0112 1.15065 0.66245 0.568447 0.679999 0.333427 0.0856594 0.508243 0.486911 0.814204 0.517628 0.607796 1.08769 1.0141 1.14601 0.396309 0.990095 0.603584 0.842971 1.02504 0.882356 0.133017 0.786927 0.916341 0.433201 1.06814 0.789238 0.898338 0.320763 0.241659 0.885633 0.799665 1.06999 0.192008 0.866564 0.228564 0.767261 1.0584 1.07595
0.649088 0.954246 0.87509 0.384373 0.82654 1.05431 1.24584 0.0475896 0.793928 0.643671 0.267358 0.353632 1.11763 0.485219 0.146718 0.664501 0.283947 0.801387 1.02531 0.663923 0.697286 0.337944 0.693239 0.499813 0.657108 0.357855 0.487359 0.970145 0.321122 0.989594 0.653611 0.406678 1.00374 0.288379 0.951837 0.570736 1.21998 1.15992 0.887318 0.637912 0.746263 0.399805 0.298331 0.436155 0.456101 0.636821 0.715447 0.354091 1.01811 0.956268 1.15143 0.327297 1.06498 0.516359 0.86388 0.899208 0.910236 0.150522 0.816146 0.745305 0.55932 1.19832 0.992848 0.687907 0.391944 0.467501 0.848026 0.908737 1.07508 0.162682 0.815458 0.397591 0.737087 0.929435 1.11446
0.405018 1.04171 0.781577 0.328119 0.881431 0.875208 1.25344 0.108838 0.855292 0.542872 0.422384 0.291539 0.970835 0.344217 0.193265 0.713481 0.408702 0.577598 0.791537 0.465251 0.656108 0.325399 0.847178 0.468602 0.583788 0.330113 0.52439 0.827886 0.223561 0.820192 0.422284 0.16449 1.00741 0.166455 0.868833 0.584204 1.02306 1.01475 0.886031 0.508047 0.711922 0.435669 0.264054 0.322076 0.608721 0.845547 0.613085 0.530241 1.07671 0.935118 1.0159 0.262883 0.908901 0.557108 0.728464 0.956446 0.968605 0.156237 0.824085 0.944473 0.436356 1.10837 0.781277 0.707909 0.264925 0.482662 1.02683 0.743942 0.848153 0.35455 0.7672 0.35838 0.537983 1.03128 1.00441
0.616474 1.16058 0.808785 0.332125 0.837424 0.919161 1.0232 0.283214 0.663175 0.699143 0.404025 0.466494 1.16758 0.422653 0.124946 0.779092 0.279662 0.601033 1.05703 0.620986 0.65495 0.250004 0.713793 0.417318 0.702175 0.186655 0.594489 0.763495 0.27001 0.772249 0.582249 0.241925 1.14634 0.242609 0.979892 0.472876 1.11119 1.21081 0.663897 0.50724 0.825594 0.304102 0.134351 0.551736 0.478779 0.607404 0.553122 0.400512 1.05516 0.875416 1.23157 0.172011 0.919798 0.460889 0.769373 0.943132 0.898558 0.269651 0.85374 0.826533 0.650742 1.11462 0.819747 0.74816 0.199582 0.346865 0.925644 0.73212 0.872064 0.272237 0.790631 0.237594 0.572359 1.07838 1.00391
0.376111 1.02524 0.804788 0.488021 1.01967 0.872668 1.13299 0.136819 0.683906 0.801559 0.264058 0.366531 0.958727 0.539317 0.217987 0.90861 0.290794 0.805857 1.03475 0.392356 0.739608 0.351598 0.68451 0.394813 0.450962 0.354413 0.430276 0.854833 0.165938 0.725297 0.545343 0.380511 0.945185 0.152696 0.884497 0.455491 1.22336 1.00713 0.752493 0.772375 0.770231 0.48464 0.0953198 0.493836 0.596386 0.618097 0.728917 0.421108 0.952333 0.897505 1.09921 0.342815 1.07778 0.500455 0.812691 1.00834 0.887979 0.189128 0.950932 0.804112 0.389251 1.07685 0.966288 0.841823 0.403409 0.201471 0.801913 0.729631 1.08978 0.306172 0.889116 0.27614 0.542279 1.14081 1.07933
0.446459 1.13441 0.831612 0.44492 1.10343 1.08245 0.991794 0.121637 0.814827 0.592242 0.210979 0.311386 1.03974 0.467998 0.233884 0.896574 0.38808 0.825001 0.835239 0.495017 0.786747 0.291217 0.881804 0.597342 0.419233 0.231068 0.458729 0.946404 0.367922 0.772507 0.698289 0.290082 0.926195 0.395199 0.933198 0.597817 1.01292 1.04357 0.873635 0.643015 0.894722 0.509526 0.363564 0.40795 0.526186 0.767856 0.509282 0.58485 0.888408 0.948284 0.993302 0.348338 0.962452 0.544086 0.779582 0.968207 1.06313 0.13263 1.01564 0.798192 0.509572 0.9317 0.886621 0.73161 0.182804 0.28869 1.02008 0.685275 0.962058 0.0663687 0.755462 0.5076 0.672829 1.05436 1.1754
0.414438 1.14961 0.949169 0.535443 0.909081 0.852263 1.13178 0.272547 0.759496 0.638313 0.371473 0.357962 0.970262 0.537675 0.31566 0.629831 0.203574 0.811767 1.01762 0.581225 0.65592 0.315749 0.891158 0.405399 0.655681 0.430139 0.626626 0.968291 0.2935 0.941687 0.508305 0.18289 1.11795 0.232006 1.00276 0.576862 1.19939 1.1047 0.841532 0.778657 0.913184 0.402014 0.116794 0.352612 0.567801 0.738584 0.474851 0.570221 0.95959 0.968901 1.18125 0.251051 0.985368 0.488957 0.729996 0.878667 0.826473 0.211636 0.854681 0.853637 0.569386 1.16187 0.981213 0.666505 0.282466 0.405619 1.04963 0.758041 0.829791 0.307939 0.645785 0.351264 0.556936 1.11883 0.980578
0.39618 0.962956 0.827205 0.598114 0.928757 0.994534 1.2526 0.216893 0.810727 0.736812 0.33152 0.404922 0.946906 0.491176 0.408468 0.721997 0.281135 0.669299 0.821145 0.565069 0.710463 0.461118 0.865073 0.611063 0.613833 0.36639 0.439023 0.739522 0.162231 0.8868 0.586298 0.233143 0.943744 0.125464 1.08432 0.560936 1.2458 1.11115 0.770067 0.563981 0.698899 0.385486 0.13175 0.345248 0.442705 0.732056 0.576509 0.42409 1.03779 1.06361 1.20485 0.315515 0.959364 0.613751 0.901597 0.824644 1.05676 0.173535 0.97915 0.821003 0.644853 1.19336 0.903917 0.826389 0.293209 0.243881 0.961827 0.667169 0.810056 0.282925 0.84787 0.432684 0.635113 1.15212 1.00547
0.462304 1.15193 1.02289 0.415472 0.882153 0.97027 1.07607 0.23374 0.781836 0.666967 0.24347 0.387279 1.16377 0.429263 0.298676 0.683197 0.291873 0.800121 0.901963 0.604287 0.732407 0.206173 0.637566 0.667844 0.68376 0.430789 0.421279 0.836768 0.262586 0.933365 0.422212 0.322789 1.05293 0.375209 1.07158 0.609719 1.08812 1.07446 0.879944 0.499016 0.782334 0.325215 0.200028 0.371751 0.580396 0.825705 0.605788 0.491204 0.958366 1.12472 1.01409 0.422705 1.00898 0.582228 0.938224 0.760289 1.02005 0.18484 0.803885 0.854749 0.379067 1.06099 0.916849 0.776465 0.151651 0.198355 0.903542 0.917077 0.959881 0.222128 0.753088 0.281428 0.728611 1.04775 1.15613
0.567994 1.16027 0.743123 0.337997 0.90148 0.975274 1.10544 0.155838 0.67003 0.763334 0.264739 0.414527 1.09209 0.565644 0.16984 0.908714 0.387018 0.830527 0.793102 0.647733 0.573294 0.355131 0.849333 0.584851 0.591989 0.172688 0.435193 0.773069 0.374921 0.763502 0.660638 0.287613 1.18857 0.111675 0.928053 0.65318 1.10325 1.11041 0.862005 0.599376 0.918953 0.527211 0.286944 0.458317 0.610541 0.774259 0.669425 0.48706 0.816356 0.975291 1.23794 0.21067 0.963228 0.653516 0.896404 0.830375 0.906725 0.180152 1.00692 0.870482 0.546348 1.05486 0.775448 0.896375 0.397192 0.261463 0.93481 0.891685 0.805253 0.0635282 0.910644 0.230007 0.691514 1.04606 1.01029
0.475502 0.894332 0.866429 0.520683 1.02683 1.05018 1.1416 0.205611 0.858703 0.586472 0.28715 0.545449 1.18698 0.337205 0.308206 0.719671 0.354483 0.831689 1.05932 0.549773 0.585213 0.219229 0.740323 0.487192 0.672381 0.397554 0.475545 1.03085 0.412466 0.904133 0.521028 0.183473 1.18313 0.328956 0.933355 0.432458 1.17271 1.19983 0.72686 0.703169 0.826009 0.326298 0.104337 0.522493 0.66764 0.620729 0.465882 0.538963 0.898883 0.878544 1.15208 0.275601 1.0155 0.49411 0.918687 0.749568 1.06047 0.117213 0.792191 0.868773 0.491581 1.01934 0.862866 0.698729 0.248013 0.26426 0.949745 0.681762 0.874498 0.184848 0.767488 0.439026 0.600203 0.910423 1.18164
0.495267 0.993154 0.924284 0.361588 0.863897 0.931047 1.28164 0.118828 0.927287 0.64621 0.135944 0.493425 1.11854 0.343065 0.349735 0.791442 0.179417 0.72387 0.996119 0.653441 0.657969 0.334301 0.702333 0.442409 0.716848 0.356467 0.560221 0.788964 0.309434 0.931342 0.558871 0.381891 0.966553 0.260021 0.968132 0.594773 0.950175 1.2091 0.768694 0.740306 0.93198 0.260391 0.361361 0.556112 0.577104 0.761175 0.642931 0.435474 0.863098 0.831549 1.05151 0.303218 0.974482 0.487292 0.684909 0.840564 1.02839 0.0499536 1.02871 0.907517 0.474998 1.01407 0.964909 0.871092 0.208177 0.192073 0.84503 0.716406 0.829999 0.120029 0.682824 0.338149 0.565001 1.12105 1.02832
0.619433 1.12304 0.937694 0.479163 1.01644 1.09439 1.20303 0.194622 0.668964 0.694639 0.17731 0.307961 1.15788 0.448006 0.393947 0.900221 0.174372 0.810745 1.06691 0.614021 0.751674 0.3741 0.720637 0.634382 0.525817 0.192038 0.653562 0.781749 0.348815 0.933953 0.455158 0.462297 0.922887 0.288011 0.973394 0.505654 1.04643 1.03657 0.730391 0.615433 0.809675 0.349467 0.338756 0.465605 0.655543 0.757399 0.560552 0.469372 1.07126 1.11481 1.22247 0.220567 1.14178 0.670374 0.854696 0.955584 0.818161 0.316301 1.0755 0.793012 0.628335 1.14109 0.747609 0.704024 0.259137 0.329194 0.829992 0.836143 0.816345 0.356897 0.624833 0.41058 0.747824 1.10051 1.0857
