25 75
0.949655 0.977211 1.0705 0.373257 0.376656 1.04032 0.588694 0.474823 0.667139 0.657704 0.975032 0.982828 1.00656 0.745669 0.295802 0.657529 0.972124 0.816711 0.832085 0.8307 0.302888 0.876886 0.537171 0.416871 0.416138 0.554515 0.943935 0.523192 1.00238 1.04679 0.207377 1.01676 0.635949 0.612938 0.501644 0.581072 1.01673 0.92557 0.608146 0.711595 0.639607 0.502866 0.437662 0.549223 0.398149 0.555234 0.391956 0.855604 0.690522 0.752709 1.00374 0.823628 0.734718 1.08191 0.813209 0.803066 0.788852 0.876646 0.473767 0.609099 0.526546 0.124088 0.554376 0.419963 0.873617 0.485475 1.16227 0.231048 0.411512 0.450276 0.764848 0.504562 0.613665 0.96782 0.64506
1.13657 1.00833 1.16636 0.241502 0.448926 0.887631 0.351275 0.527755 0.582299 0.698128 0.894477 1.04154 1.23157 0.779653 0.510874 0.7362 0.882228 1.04837 1.00448 0.963051 0.457106 0.814205 0.520701 0.287856 0.374765 0.633224 0.777554 0.415977 0.925349 0.871125 0.456221 0.865935 0.488238 0.483495 0.525503 0.506373 0.937811 1.08983 0.859471 0.541699 0.745534 0.654178 0.478466 0.598022 0.419185 0.544997 0.384595 1.07233 0.733723 0.784999 0.994721 0.914611 0.952001 1.05802 1.04499 0.784578 0.846005 0.927558 0.355943 0.51747 0.600046 0.248131 0.724851 0.480775 0.744169 0.475582 1.08123 0.325857 0.577008 0.382238 0.879599 0.651762 0.431204 0.908054 0.550901
1.0273 0.809596 1.02672 0.494416 0.409268 1.05966 0.561359 0.654718 0.744213 0.868528 0.808591 1.10446 0.976286 0.616915 0.279791 0.60606 0.931057 0.846291 1.06256 0.862078 0.517681 0.963629 0.580099 0.376951 0.294603 0.517205 0.954742 0.262643 0.949055 1.10495 0.280718 1.08851 0.600722 0.469066 0.537076 0.545003 1.13549 0.981804 0.772203 0.72038 0.881187 0.398389 0.517318 0.615625 0.470561 0.323902 0.39309 0.988286 0.866387 0.794877 0.987595 1.07731 0.912556 1.01099 1.04118 0.680099 0.55528 0.844546 0.475017 0.396423 0.59558 0.174377 0.68276 0.302277 0.872416 0.707927 1.11163 0.343475 0.358917 0.36602 1.01788 0.657968 0.498077 0.933341 0.650901
0.935789 0.847369 1.16255 0.435707 0.226998 0.931339 0.45539 0.639086 0.597593 0.8493 0.762298 1.11083 1.22914 0.661117 0.399309 0.719578 1.0734 0.963804 0.963482 1.04611 0.463812 0.760036 0.595338 0.219897 0.398953 0.595885 0.748117 0.287582 1.01669 1.0766 0.270121 1.10087 0.72069 0.622107 0.599201 0.450622 1.20968 0.889858 0.752559 0.6289 0.87626 0.608179 0.495415 0.54692 0.346937 0.293612 0.24726 0.92026 0.680901 0.915644 0.894584 0.952374 0.67912 0.860043 0.833843 0.835073 0.684658 0.831205 0.439872 0.414691 0.48076 0.212585 0.706948 0.430708 0.984773 0.516359 1.26716 0.258186 0.478909 0.470187 0.910782 0.505247 0.413058 0.760447 0.538519
1.02338 0.980585 1.17892 0.508684 0.342437 1.01691 0.59247 0.395551 0.56497 0.647893 0.901714 1.22295 1.11427 0.686824 0.344103 0.659527 0.936123 1.08222 0.82609 0.908792 0.284692 0.806003 0.469139 0.366422 0.333551 0.710156 0.812304 0.454983 0.982008 0.858281 0.288996 1.09027 0.63988 0.679868 0.527667 0.439987 0.993883 1.09675 0.839052 0.712371 0.778942 0.675316 0.500542 0.537189 0.589961 0.406214 0.414167 0.969456 0.775715 0.863993 1.03484 0.855566 0.684233 0.909193 0.980962 0.710108 0.837478 0.851919 0.525512 0.521052 0.540029 0.290642 0.520568 0.382182 1.00638 0.66984 1.12336 0.171899 0.574043 0.54111 0.983622 0.465704 0.518769 0.933405 0.524778
0.966388 0.771067 1.19301 0.40309 0.406105 0.915517 0.499375 0.669267 0.659232 0.618716 0.773544 1.23518 1.11839 0.559336 0.496905 0.775643 0.885698 0.963838 0.933631 1.07942 0.307247 0.910695 0.43077 0.204241 0.30557 0.526439 0.75548 0.532544 0.972331 0.950135 0.266547 1.11375 0.600836 0.64307 0.585402 0.416512 1.10626 0.885003 0.810727 0.649399 0.648239 0.567822 0.466228 0.439989 0.471442 0.521125 0.255713 0.952373 0.676249 0.823018 1.01117 0.862683 0.88597 0.987354 0.929768 0.805834 0.649221 0.874805 0.368804 0.507206 0.539644 0.225487 0.779822 0.492319 0.937858 0.51713 1.09012 0.385043 0.334364 0.424654 0.747697 0.562411 0.349462 0.794707 0.565282
0.961074 0.992589 1.26291 0.265591 0.400598 0.810783 0.517097 0.536196 0.668692 0.599535 0.981989 0.96675 1.25145 0.681773 0.507207 0.803937 0.814208 0.901937 0.870007 1.07324 0.50697 0.770659 0.379654 0.427085 0.451123 0.541345 0.92398 0.545246 1.08092 0.830852 0.407347 0.884433 0.629945 0.59777 0.624297 0.561239 1.03769 1.07532 0.598353 0.600302 0.840334 0.399949 0.630366 0.559975 0.41757 0.403074 0.420613 1.08115 0.724262 0.860112 1.03586 0.928278 0.964109 0.825635 0.873123 0.693821 0.68566 0.976943 0.366941 0.454959 0.389259 0.0600069 0.502364 0.348222 0.748444 0.626693 1.17042 0.407315 0.368365 0.404549 0.859438 0.642836 0.447649 0.91737 0.549469
1.21761 0.846272 0.988926 0.37887 0.357196 0.859512 0.406152 0.546574 0.677437 0.83171 0.814454 0.990333 1.03301 0.661713 0.315358 0.638758 1.02346 1.02909 1.05539 0.818905 0.487441 0.80449 0.368301 0.429288 0.339085 0.555262 0.835679 0.547991 0.980641 0.954941 0.225528 0.996044 0.569864 0.675747 0.377206 0.593409 1.17037 1.01772 0.706298 0.578241 0.91504 0.414621 0.41535 0.581944 0.519242 0.314299 0.359514 0.805817 0.909569 0.687094 1.06513 1.05006 0.886851 0.994231 0.866209 0.649611 0.708728 1.066 0.367612 0.589973 0.514933 0.0671768 0.65809 0.582577 0.805875 0.531732 1.21247 0.36645 0.461535 0.470676 0.765789 0.578312 0.469879 0.932433 0.549384
1.15924 1.03917 1.17849 0.307163 0.230593 0.847893 0.518708 0.667505 0.566869 0.784707 0.915315 0.970872 1.24019 0.575725 0.452254 0.682528 0.831453 1.04681 1.09346 1.07419 0.343477 0.869703 0.472651 0.369722 0.307363 0.803416 1.02392 0.349296 1.02519 1.09227 0.305124 1.05015 0.711536 0.724953 0.475025 0.589711 0.915916 1.02147 0.764426 0.602112 0.853392 0.462979 0.523227 0.546829 0.358095 0.428901 0.296103 1.09123 0.787032 0.781848 1.15629 1.07001 0.702293 0.83957 0.779378 0.683689 0.561928 0.816701 0.470665 0.445675 0.50204 0.263976 0.745478 0.470517 0.952282 0.742997 1.09819 0.424406 0.344468 0.37047 0.948974 0.464441 0.595858 0.757452 0.401956
1.03416 1.03043 1.22772 0.232551 0.390425 1.01608 0.459561 0.422619 0.759883 0.627606 0.721891 1.08242 1.10713 0.634095 0.458062 0.662375 1.00665 1.02747 0.883482 0.852032 0.490949 0.823889 0.426179 0.272739 0.391978 0.511074 0.827447 0.442245 0.913296 0.90974 0.337027 0.98853 0.485888 0.582371 0.596464 0.444278 0.963873 0.849385 0.837608 0.522794 0.78044 0.574443 0.40937 0.55341 0.333035 0.366743 0.281289 1.00989 0.795181 0.802294 1.00957 0.910159 0.832882 1.03022 0.85417 0.583794 0.567926 0.819593 0.50419 0.523148 0.374495 0.308444 0.580566 0.511217 0.901032 0.674056 1.12402 0.40045 0.432754 0.567897 1.02876 0.559563 0.411817 0.84781 0.512815
1.05181 0.813522 1.15977 0.317891 0.422444 1.0134 0.411906 0.508458 0.5966 0.887631 0.749316 1.10263 1.13819 0.733056 0.33872 0.749878 0.899689 0.846106 1.02822 0.963802 0.452689 0.946583 0.454075 0.19866 0.182995 0.685393 0.9842 0.511206 0.850046 0.862418 0.418869 0.991244 0.766825 0.607604 0.46003 0.454228 1.20275 0.988945 0.740074 0.529283 0.714881 0.605398 0.662207 0.355541 0.536193 0.517928 0.4907 0.877054 0.917367 0.947472 1.07467 0.989885 0.87558 1.01984 0.926634 0.693423 0.818745 0.831205 0.501008 0.564142 0.565859 0.0402359 0.581987 0.405964 0.862022 0.570059 0.983787 0.298161 0.342233 0.40767 0.87877 0.562933 0.447439 0.837585 0.480466
0.974101 0.918692 1.08777 0.28092 0.238034 0.966452 0.32077 0.594805 0.560068 0.612869 0.697673 1.22601 1.13907 0.688118 0.488917 0.815332 1.01677 0.843643 0.997186 0.806316 0.509656 0.899514 0.564948 0.227242 0.187346 0.589887 0.805196 0.500534 1.07586 0.963243 0.35103 0.994065 0.579866 0.627153 0.481822 0.392574 1.01449 0.86746 0.654241 0.762591 0.772268 0.568062 0.697474 0.405604 0.490852 0.431817 0.371473 0.854839 0.795311 0.921515 1.00317 0.863886 0.83082 0.983151 0.992035 0.749651 0.632902 0.893314 0.340678 0.647644 0.41635 0.18598 0.52092 0.345944 0.989992 0.622961 1.01221 0.217121 0.504787 0.470291 0.993559 0.667951 0.496764 0.89565 0.392707
1.00608 0.84444 1.05419 0.30236 0.467088 0.783547 0.524703 0.39761 0.671353 0.624466 0.773763 1.18199 1.25352 0.554529 0.473776 0.775676 0.872265 1.03442 0.849732 0.889639 0.486575 0.967095 0.438757 0.232469 0.3442 0.527609 0.78915 0.50446 0.871693 0.975522 0.296835 1.04355 0.492029 0.517476 0.505003 0.487632 1.18874 1.03476 0.756825 0.521719 0.64373 0.518372 0.66894 0.484527 0.50273 0.402232 0.482288 0.94628 0.955862 0.76871 1.05812 1.0783 0.830254 1.05957 0.774517 0.763149 0.791985 0.949151 0.401058 0.648754 0.455637 0.132532 0.617378 0.490221 0.754162 0.697619 1.01569 0.171471 0.353692 0.489259 0.760433 0.597278 0.573448 0.764838 0.582087
1.14515 0.941696 1.02343 0.212028 0.220429 1.01149 0.526982 0.61112 0.616436 0.638695 0.751965 1.01802 1.15631 0.683861 0.491056 0.649449 1.04038 0.805688 0.81237 1.07633 0.31734 0.912242 0.368225 0.165554 0.302813 0.791096 0.764693 0.300875 0.955025 0.890727 0.301731 1.12709 0.592652 0.554879 0.437378 0.380935 1.13936 1.04234 0.731654 0.646308 0.766543 0.391281 0.61305 0.416555 0.461363 0.409839 0.241687 0.834609 0.916539 0.876741 0.910304 1.01665 0.869313 0.98305 1.0302 0.660384 0.779415 1.00731 0.412757 0.417075 0.435742 0.0785558 0.721778 0.566522 0.916894 0.609425 1.18185 0.260631 0.556532 0.469165 0.752691 0.524529 0.547662 0.855485 0.551125
1.0883 0.776126 1.26005 0.492246 0.464754 0.879508 0.437337 0.394538 0.75531 0.883213 0.832765 1.0645 1.08338 0.644586 0.512544 0.833787 0.971588 0.918969 1.01189 0.938976 0.423178 0.965479 0.350141 0.378726 0.399696 0.508559 0.943258 0.429175 1.10592 0.828155 0.466736 0.862084 0.688569 0.626435 0.642184 0.518478 0.924423 1.10855 0.753989 0.738721 0.809156 0.602753 0.654863 0.562722 0.567547 0.429817 0.447127 0.871779 0.774714 0.738096 1.16866 0.841397 0.962144 0.999998 0.922247 0.816332 0.570583 0.921775 0.486716 0.567616 0.543828 0.140674 0.759934 0.408913 0.838288 0.459189 1.258 0.311159 0.552175 0.492123 0.825697 0.688047 0.392961 0.972923 0.574381
1.06463 0.938915 1.15539 0.497596 0.355901 0.864324 0.353027 0.374109 0.72402 0.627422 0.859522 1.06622 1.02553 0.609854 0.377218 0.686464 0.985481 0.811944 0.996972 0.826134 0.309522 0.96632 0.423869 0.269115 0.434966 0.628019 0.9457 0.557053 1.12576 1.00052 0.231684 1.0797 0.538613 0.686015 0.612379 0.493268 1.10775 1.04446 0.852632 0.697211 0.894467 0.573012 0.415871 0.396256 0.434058 0.527068 0.285104 1.0937 0.836696 0.70393 1.09805 0.985946 0.964344 1.05073 0.782474 0.64997 0.729373 0.925804 0.569568 0.454679 0.434195 0.166035 0.519 0.343835 1.0404 0.688268 1.19239 0.345015 0.50264 0.64874 0.850906 0.535696 0.464157 0.816142 0.575247
1.02297 0.973713 1.18908 0.290398 0.511201 0.882536 0.416869 0.546168 0.664472 0.749957 0.787261 1.23322 1.06085 0.734623 0.350571 0.822591 1.00046 0.874634 0.833855 0.818612 0.504168 0.763969 0.527266 0.36263 0.441529 0.661498 0.879746 0.541078 0.999513 1.05889 0.466319 1.12918 0.536052 0.487052 0.555646 0.479755 1.01509 1.03334 0.636607 0.533645 0.644754 0.404013 0.429914 0.491475 0.510966 0.408229 0.323536 0.828939 0.88967 0.720918 1.01944 0.811562 0.908853 0.99826 0.897537 0.674776 0.732213 1.10626 0.495582 0.507591 0.373368 0.251404 0.738306 0.449057 0.903016 0.733056 1.20536 0.367749 0.474901 0.499859 0.908075 0.467355 0.360587 0.769163 0.60341
0.945492 0.915912 1.20147 0.455779 0.486687 0.871459 0.566958 0.656338 0.697381 0.61213 0.75017 1.04711 1.07997 0.632539 0.268977 0.875143 0.862275 1.00921 0.813232 0.967112 0.538603 0.911892 0.433674 0.310938 0.24232 0.628872 0.803754 0.352378 1.01498 1.00189 0.360216 1.1095 0.473934 0.554291 0.371106 0.535598 1.12604 1.13566 0.84781 0.487521 0.745436 0.508477 0.417303 0.598367 0.552632 0.296997 0.31242 0.895039 0.692299 0.927891 1.15702 0.818616 0.886437 0.988149 0.846033 0.75368 0.803902 0.840951 0.36037 0.63534 0.552881 0.105773 0.743796 0.288661 0.957949 0.515638 1.13728 0.336023 0.335522 0.545673 0.816803 0.552878 0.315009 0.733764 0.64512
1.06486 0.962795 1.16477 0.406517 0.370335 1.00085 0.595309 0.645288 0.63508 0.703977 0.733769 1.13012 1.1792 0.683436 0.293194 0.799814 1.02421 0.96255 0.943195 0.839273 0.48459 0.967575 0.426491 0.145773 0.240966 0.595318 0.855202 0.305293 1.10301 1.03007 0.460365 1.02856 0.693423 0.546488 0.485678 0.585876 1.12872 0.857867 0.829061 0.690026 0.80311 0.467411 0.685586 0.332517 0.582625 0.509416 0.440133 0.948245 0.926817 0.875909 1.0913 0.828779 0.764207 0.934733 0.91088 0.832563 0.770286 0.840862 0.360607 0.404699 0.556543 0.187918 0.59392 0.578937 0.747932 0.529874 1.01345 0.19195 0.556844 0.437926 0.874314 0.452427 0.425437 0.90713 0.38737
1.05856 0.772691 1.20418 0.376747 0.386406 0.837175 0.574063 0.572839 0.680736 0.801377 0.775104 1.05712 1.25393 0.604836 0.337625 0.718351 0.962522 0.908745 0.818188 1.05596 0.470703 0.987177 0.380286 0.232015 0.426436 0.52061 0.775897 0.447843 1.04748 1.02576 0.438794 0.990265 0.530012 0.700781 0.377 0.523332 1.10248 0.846387 0.652253 0.707201 0.816917 0.459072 0.615866 0.384835 0.45536 0.309646 0.251933 0.851234 0.853661 0.943156 1.16727 0.827163 0.961488 1.10968 1.00943 0.592417 0.740329 1.05837 0.572653 0.645596 0.483637 0.280399 0.556575 0.471738 0.937853 0.592693 0.98891 0.263343 0.506787 0.527298 0.876481 0.632242 0.552544 0.795378 0.465022
1.20691 0.905178 0.987788 0.273371 0.253585 0.995009 0.455718 0.49384 0.725855 0.72986 0.91323 0.99292 1.0521 0.779353 0.251839 0.867982 0.811571 0.828705 0.998769 1.03495 0.467464 0.801624 0.428161 0.230494 0.174111 0.784126 0.815324 0.414207 1.09408 1.033 0.443597 1.01245 0.631396 0.628278 0.591168 0.615641 1.10827 1.13683 0.599354 0.509003 0.791307 0.389375 0.649874 0.56911 0.425585 0.471177 0.333399 0.951927 0.691801 0.909693 1.08283 0.939809 0.847632 1.00278 0.96381 0.691991 0.685506 0.909591 0.566105 0.551314 0.479625 0.229773 0.600793 0.401261 0.795638 0.680928 1.1323 0.24719 0.310031 0.597181 0.917614 0.662331 0.526778 1.0013 0.576682
1.09473 0.907803 1.12773 0.308348 0.287793 0.969286 0.408171 0.497144 0.548958 0.644709 0.945374 1.13874 1.01072 0.579565 0.250688 0.663774 0.995274 1.02622 0.828589 0.799002 0.49987 0.866012 0.434827 0.409041 0.446745 0.671698 0.910303 0.523056 0.933778 1.0872 0.424834 1.14594 0.710529 0.491334 0.475171 0.660422 1.20679 1.07223 0.831654 0.532364 0.648971 0.564443 0.446304 0.470754 0.425119 0.480419 0.25405 0.860543 0.787892 0.75604 1.0418 0.867296 0.707726 1.06639 1.04536 0.713781 0.78964 0.950695 0.295174 0.520445 0.613222 0.277016 0.701961 0.453386 0.81774 0.61215 1.045 0.284942 0.32669 0.381924 0.763293 0.627985 0.503777 0.839261 0.525851
1.22299 0.905119 1.14497 0.475312 0.332888 0.782506 0.522085 0.52193 0.574189 0.861849 0.830854 1.19633 1.19335 0.778281 0.346691 0.7921 0.813627 0.879007 0.886321 0.976384 0.429046 0.874455 0.490638 0.319512 0.459961 0.619113 0.988326 0.460425 0.919018 0.868061 0.372995 1.11169 0.752178 0.717461 0.408721 0.507544 0.980271 1.00126 0.867309 0.52552 0.637384 0.652196 0.410442 0.561151 0.456041 0.41965 0.278841 1.0789 0.736607 0.762926 0.87748 0.911121 0.815324 0.901798 0.986318 0.763228 0.573147 0.830897 0.562992 0.559057 0.45909 0.215397 0.567903 0.472166 0.98832 0.582751 1.08806 0.296892 0.568573 0.585438 0.993397 0.422424 0.360459 0.888247 0.397619
0.991279 0.979077 1.1977 0.336591 0.244226 0.891947 0.547378 0.656397 0.584132 0.663053 0.919858 1.03205 1.18915 0.785926 0.529201 0.629939 0.984202 1.0429 0.821831 0.84586 0.33248 0.800567 0.339549 0.169125 0.36312 0.544228 0.923783 0.465772 0.86685 0.975942 0.355563 0.932922 0.618427 0.733406 0.516384 0.364387 0.926104 0.888037 0.76099 0.705665 0.870263 0.570165 0.695778 0.446322 0.563618 0.273765 0.380656 0.977357 0.814992 0.783263 0.884409 0.857783 0.766931 0.916997 0.995411 0.806757 0.841265 1.05382 0.396848 0.666263 0.556086 0.193049 0.589778 0.367089 0.868318 0.670253 0.993345 0.136235 0.5388 0.388346 0.840805 0.66021 0.333975 0.919144 0.498505
1.03366 0.764634 1.03509 0.458865 0.438837 1.01311 0.336868 0.418369 0.537718 0.719847 0.735097 1.14826 1.17437 0.610082 0.476726 0.718917 0.956814 0.807821 0.850267 1.06014 0.290677 0.765291 0.382798 0.427447 0.352674 0.806713 1.0321 0.526692 0.925167 0.93813 0.416809 1.0832 0.77077 0.677263 0.412735 0.476466 0.924657 0.927224 0.800671 0.549015 0.770835 0.505616 0.427544 0.528897 0.44397 0.291726 0.525502 0.906256 0.862385 0.890879 1.01685 0.986073 0.696758 0.966471 0.981307 0.69121 0.623252 1.06518 0.574821 0.536896 0.532272 0.270744 0.518764 0.479619 0.962817 0.629319 1.18078 0.253618 0.516008 0.360267 0.819014 0.491112 0.554726 0.712215 0.407238
