25 75
0.612929 0.532113 0.609217 0.318717 0.563453 0.77102 0.192365 0.766061 0.724429 0.223409 0.75452 0.85248 0.312604 0.571457 0.609707 0.775255 0.401581 0.770474 0.897288 0.79684 1.08254 0.642865 0.125455 0.581848 0.196689 0.306881 0.594548 1.10549 0.939116 1.16009 0.245211 0.656021 0.319278 0.867617 0.271702 0.316024 1.08262 0.974316 0.623795 0.539861 0.855205 0.757388 0.93004 0.202857 0.958737 0.491376 0.51372 0.886574 0.293257 1.06548 0.110466 0.475942 0.260353 0.529659 0.898217 0.56715 0.80118 0.89427 0.617975 0.234535 0.349708 0.439648 0.210628 0.517714 0.668273 0.376645 0.524965 0.228823 0.0399858 0.756472 1.05663 1.10729 0.432829 0.409927 0.516673
0.714176 0.767503 0.60945 0.185027 0.557701 0.799121 0.358477 0.915056 0.711813 0.207956 0.725613 0.949009 0.069784 0.558217 0.434881 0.841939 0.56159 0.871391 0.801763 0.766381 1.03525 0.611382 0.047849 0.63203 0.111224 0.560696 0.554838 0.949423 1.04153 1.10219 0.186971 0.494246 0.325022 0.726968 0.352963 0.435754 1.07985 0.818291 0.722244 0.413449 0.837836 0.830824 0.638569 0.103741 0.939801 0.452086 0.691351 0.943451 0.384179 1.0751 0.0627889 0.421567 0.300272 0.569897 0.906371 0.617688 0.805268 0.911394 0.574808 0.359353 0.202454 0.395744 0.272194 0.553116 0.5504 0.253856 0.479442 0.239269 0.157451 0.653504 0.769367 0.946576 0.524509 0.288024 0.533366
0.677484 0.627921 0.596224 0.308501 0.530015 0.714314 0.113549 0.801 0.772876 0.136966 0.855562 0.910688 0.051274 0.658718 0.621724 0.728978 0.53432 0.896262 0.670894 0.985068 1.00476 0.687184 0.133359 0.579872 0.180573 0.481858 0.458029 1.09817 1.11427 1.06568 0.358341 0.580984 0.563686 0.701593 0.276277 0.452085 1.12126 0.878709 0.594055 0.312216 0.858201 0.795799 0.66155 0.175795 0.877486 0.495866 0.644055 1.07277 0.278982 1.1208 0.0679443 0.481782 0.245914 0.622169 1.05626 0.425525 0.958855 0.907858 0.390249 0.203165 0.19315 0.350919 0.3406 0.373696 0.677681 0.171675 0.419126 0.0927624 0.221144 0.536367 0.953891 1.13585 0.432418 0.259479 0.438828
0.649341 0.678038 0.453159 0.235059 0.699714 0.786868 0.232409 0.926033 0.854524 0.237598 0.89091 1.00512 0.0492615 0.439202 0.456432 0.939672 0.47052 0.896498 0.722151 0.833193 0.858965 0.5124 0.197572 0.582024 0.187529 0.349868 0.639302 1.02997 1.13137 0.981234 0.225207 0.672151 0.495729 0.638163 0.459038 0.37895 1.1114 0.799986 0.799909 0.563429 0.930122 0.753109 0.905714 0.247949 0.875777 0.483774 0.496583 0.79565 0.38261 0.936251 0.0697889 0.483281 0.341054 0.775487 0.855112 0.647307 0.993279 0.94132 0.627041 0.318895 0.321296 0.504265 0.19637 0.518259 0.529204 0.191677 0.317253 0.124309 0.12983 0.521662 0.906949 0.977065 0.435962 0.515689 0.393903
0.692458 0.807913 0.646639 0.263843 0.665157 0.673164 0.141345 0.817974 0.878706 0.407231 0.874585 0.942745 0.237501 0.459855 0.53157 0.799472 0.625225 0.735963 0.776775 0.789361 1.05195 0.578351 0.0501799 0.747295 0.049086 0.351746 0.609464 1.00141 1.04988 1.10648 0.37324 0.43394 0.530228 0.764278 0.470991 0.465826 0.878001 0.880267 0.693091 0.381361 0.951173 0.74397 0.641436 0.159594 0.794273 0.491451 0.742426 0.803981 0.318734 1.11408 0.311489 0.529871 0.340944 0.596176 0.782725 0.402057 0.896378 0.841974 0.568328 0.399354 0.140739 0.441587 0.102979 0.661789 0.57773 0.237634 0.290809 0.0188935 0.0526026 0.556618 1.03464 0.856925 0.521852 0.377828 0.355749
0.614266 0.809908 0.446116 0.23016 0.562346 0.714879 0.387926 0.842971 0.821566 0.157464 0.90562 0.827835 0.290857 0.588958 0.690175 0.793523 0.659988 1.00717 0.772808 0.885727 1.04576 0.614148 0.290543 0.512272 0.225776 0.502277 0.503407 1.08254 1.22415 1.25398 0.267953 0.692538 0.418935 0.860323 0.37044 0.393112 0.982401 0.837397 0.588828 0.476279 0.907927 0.775052 0.74685 0.294867 0.934169 0.554423 0.61975 0.952658 0.248687 1.01359 0.163973 0.439951 0.275013 0.623683 0.937339 0.565014 0.970682 0.926088 0.585569 0.464415 0.339334 0.367551 0.219907 0.492635 0.46101 0.302551 0.426915 0.303802 0.281365 0.508875 0.9462 1.12854 0.603886 0.253884 0.494366
0.500623 0.638111 0.510888 0.246188 0.601776 0.643921 0.266436 0.993712 0.877437 0.318151 0.64635 0.778413 0.166005 0.513579 0.678603 0.715504 0.667508 0.948632 0.899436 0.788001 1.06543 0.434371 0.0982 0.530728 0.203366 0.568214 0.651527 1.07557 1.15669 0.977667 0.21515 0.447704 0.26601 0.658238 0.434236 0.47897 0.984145 0.916285 0.63637 0.444619 1.04791 0.845158 0.848034 0.291174 1.01116 0.660154 0.467576 0.953024 0.453558 0.876242 0.199043 0.394001 0.429582 0.617107 1.05076 0.656295 1.03969 0.759178 0.588475 0.443719 0.169874 0.330381 0.309949 0.477929 0.50603 0.341606 0.387566 0.171126 0.112828 0.566213 0.943809 1.01132 0.40609 0.29593 0.514596
0.675097 0.557382 0.598926 0.200774 0.646533 0.803369 0.164755 0.866685 0.930849 0.266309 0.624851 0.803145 0.280647 0.471364 0.43461 0.919701 0.627374 0.731933 0.672541 0.974929 1.03862 0.603902 0.0342245 0.721778 0.205798 0.397075 0.513239 1.04798 1.13124 0.994916 0.213222 0.532607 0.271171 0.817484 0.500165 0.309932 0.957416 0.693253 0.775756 0.388499 1.065 0.895425 0.732766 0.0707484 1.02895 0.508455 0.62817 0.83071 0.481008 0.964314 0.111071 0.531608 0.412396 0.695582 0.916097 0.64671 0.919849 0.889501 0.440812 0.460859 0.407476 0.401498 0.345125 0.430514 0.493 0.188348 0.454697 0.267444 0.100707 0.544694 0.972442 1.08704 0.349591 0.514503 0.566275
0.462636 0.667545 0.456311 0.235496 0.473853 0.780583 0.133194 0.933109 0.944654 0.299875 0.724781 0.980747 0.0922042 0.444068 0.480423 0.695578 0.632012 0.740582 0.883591 0.841279 1.11458 0.530166 0.286928 0.477485 0.310148 0.370098 0.712006 1.16874 1.19747 1.15974 0.252404 0.565142 0.286334 0.738402 0.389927 0.273273 1.04879 0.689611 0.822001 0.366281 0.893789 0.694688 0.913927 0.125774 0.783499 0.572014 0.484188 0.854758 0.482319 0.949751 0.164855 0.493204 0.381378 0.747435 0.824431 0.455473 1.03609 0.869563 0.44233 0.428051 0.266027 0.613272 0.252086 0.464192 0.519717 0.259972 0.383052 0.194896 0.0244652 0.536193 1.0346 0.92476 0.394556 0.518933 0.429412
0.614653 0.602674 0.532729 0.218627 0.610006 0.772909 0.238057 0.945845 0.934248 0.256276 0.653963 0.949928 0.237677 0.575614 0.478979 0.953522 0.520147 0.746451 0.921272 0.903187 0.874976 0.615805 0.161464 0.730772 0.161565 0.456195 0.529609 1.01895 1.15096 1.12218 0.161764 0.690096 0.270928 0.846162 0.272341 0.283741 1.15396 0.72967 0.723354 0.488686 1.02749 0.916401 0.758192 0.32062 0.79951 0.670568 0.572715 0.916948 0.283984 1.04866 0.283582 0.422174 0.274476 0.525156 1.03579 0.539178 1.03604 1.02015 0.46896 0.473336 0.368053 0.468051 0.211535 0.662987 0.590222 0.254809 0.397067 0.28798 0.290344 0.684395 0.910864 0.838635 0.521975 0.278504 0.468678
0.543937 0.712461 0.578097 0.440724 0.496783 0.663049 0.318202 1.00774 0.782147 0.322525 0.680764 0.959512 0.218874 0.549976 0.678533 0.861535 0.430765 0.782485 0.871031 0.781706 1.11671 0.678568 0.174126 0.693178 0.0703406 0.311052 0.562185 1.24379 0.953003 1.13006 0.21641 0.568368 0.356269 0.631457 0.410658 0.25234 1.14215 0.924142 0.767712 0.350467 0.900891 0.863903 0.76116 0.119774 0.885571 0.617489 0.694705 0.786438 0.510537 0.879876 0.355778 0.564272 0.335374 0.532984 1.02125 0.50827 0.835586 0.788409 0.619817 0.262171 0.118003 0.511532 0.205284 0.625259 0.563957 0.411365 0.455206 0.206711 0.12338 0.662062 1.01456 0.978977 0.341486 0.398729 0.488619
0.589343 0.620361 0.444972 0.238983 0.763684 0.674157 0.388162 0.998054 0.87946 0.230754 0.761499 0.764978 0.306615 0.516185 0.63042 0.941873 0.535088 0.803188 0.669738 0.821619 0.999024 0.509107 0.149854 0.477697 0.221904 0.362562 0.576506 0.969982 0.937929 1.04335 0.225582 0.46768 0.362528 0.656906 0.463526 0.437955 1.10858 0.902633 0.649877 0.4346 1.02063 0.82577 0.730552 0.290627 0.822698 0.461943 0.619747 0.804765 0.32431 1.02758 0.172545 0.523762 0.39464 0.512462 0.896342 0.628352 0.887952 0.837325 0.616671 0.350872 0.216388 0.344689 0.278852 0.485027 0.530176 0.141945 0.414393 0.0374545 0.177321 0.621669 0.956005 1.09535 0.527731 0.438306 0.559613
0.575798 0.63338 0.549829 0.189102 0.654905 0.674227 0.227536 0.799281 0.715584 0.411357 0.837272 0.766032 0.311414 0.494203 0.45579 0.93675 0.585488 0.808664 0.817627 0.778963 1.05306 0.687157 0.130084 0.635844 0.0900026 0.304564 0.682087 1.21235 0.970709 1.17891 0.258394 0.576363 0.381984 0.718049 0.233834 0.27266 0.99183 0.84256 0.787256 0.481841 1.07009 0.932842 0.698089 0.26989 0.841851 0.657952 0.748003 0.987145 0.402733 0.884026 0.335001 0.51352 0.270825 0.755646 0.934666 0.407059 1.00045 0.860209 0.576684 0.42513 0.172735 0.424853 0.246144 0.495111 0.664754 0.269059 0.528466 0.0267524 0.229858 0.541076 0.774871 1.00788 0.363381 0.285149 0.382992
0.609903 0.764123 0.559394 0.38274 0.517906 0.665759 0.300752 0.939366 0.882807 0.383504 0.706342 0.973434 0.190165 0.454845 0.609327 0.77588 0.534094 0.743407 0.858194 0.795082 0.985516 0.647815 0.0332329 0.584527 0.0892307 0.298271 0.702151 0.975221 1.00975 1.04965 0.342961 0.57612 0.417054 0.875173 0.235958 0.244473 0.995218 0.87572 0.63889 0.561263 1.04514 0.76503 0.870548 0.31037 0.875394 0.605669 0.716469 0.946524 0.330568 1.10229 0.332446 0.458441 0.260525 0.589033 0.920826 0.416155 1.00256 0.837795 0.638175 0.379276 0.301482 0.450177 0.230494 0.608122 0.552499 0.149819 0.284363 0.134672 0.267757 0.659721 0.772963 1.02887 0.588598 0.364317 0.513612
0.55915 0.626259 0.581676 0.316319 0.606057 0.680659 0.195714 0.959241 0.894024 0.249691 0.71378 0.792761 0.225465 0.683249 0.64059 0.719037 0.503886 0.856784 0.690637 0.707006 0.93202 0.544414 0.287088 0.700484 0.214878 0.575607 0.498971 1.18176 1.10967 1.26016 0.251105 0.503183 0.337347 0.872847 0.31822 0.307893 1.08504 0.938713 0.644888 0.318591 0.84978 0.878638 0.815232 0.264069 0.92053 0.623068 0.695791 1.06649 0.218857 0.926183 0.23228 0.540113 0.232809 0.607856 1.01545 0.466811 1.0444 0.863913 0.441779 0.315872 0.273018 0.565043 0.328824 0.482806 0.485327 0.239858 0.49699 0.138511 0.237607 0.511296 0.961955 0.939713 0.405185 0.410329 0.459575
0.606165 0.663467 0.417782 0.376822 0.47291 0.807197 0.245505 0.744242 0.902926 0.191988 0.652969 0.854428 0.192227 0.5938 0.635626 0.832305 0.574107 0.789357 0.792272 0.978995 1.06363 0.696526 0.206025 0.552047 0.250797 0.431356 0.648374 0.99932 1.20403 1.19443 0.120868 0.615294 0.271952 0.780745 0.273498 0.23092 1.10791 0.804079 0.752995 0.447965 0.896449 0.863522 0.655255 0.114658 0.768988 0.680505 0.538588 1.05163 0.278059 1.07316 0.267813 0.348652 0.34315 0.654817 1.04679 0.582163 1.02745 0.801564 0.615729 0.419745 0.211164 0.393573 0.172695 0.466381 0.466042 0.197785 0.565708 0.0663087 0.311305 0.643472 0.824485 0.85026 0.458407 0.420685 0.449923
0.672048 0.593493 0.450194 0.347432 0.47397 0.608071 0.2232 0.94985 0.680367 0.391806 0.634932 0.962802 0.247211 0.664797 0.514514 0.680136 0.591826 1.00323 0.83778 0.950651 1.07176 0.474304 0.032461 0.491821 0.079832 0.38516 0.665807 1.22023 1.03461 1.22312 0.197895 0.512539 0.29298 0.702792 0.454702 0.258871 0.965769 0.851566 0.575284 0.54141 0.981878 0.936601 0.777756 0.165092 0.920552 0.449743 0.492525 0.797125 0.428132 0.951723 0.252978 0.455668 0.337983 0.763085 0.811358 0.383171 0.787318 0.919843 0.409874 0.457443 0.13155 0.353985 0.0557331 0.64828 0.521699 0.428525 0.323681 0.28011 0.3092 0.667847 1.03243 1.08856 0.385094 0.472291 0.578313
0.599814 0.672782 0.410123 0.408832 0.587606 0.749164 0.29955 0.7263 0.939809 0.306177 0.852879 1.02507 0.170572 0.50458 0.706719 0.744686 0.485111 0.925415 0.733828 0.959924 1.00333 0.661985 0.318512 0.674338 0.143534 0.527849 0.5357 1.02459 0.990342 1.10976 0.383709 0.484068 0.353448 0.840856 0.412813 0.329356 0.882317 0.758209 0.769007 0.408078 0.880905 0.76146 0.726592 0.0754502 0.945523 0.418502 0.548855 1.05415 0.511128 1.08373 0.221174 0.581995 0.311768 0.763363 1.01839 0.621786 0.988525 1.01531 0.591179 0.211285 0.31411 0.32672 0.177099 0.570702 0.568468 0.263056 0.525198 0.254138 0.231154 0.598826 0.950462 0.936575 0.316522 0.441159 0.559948
0.552777 0.652351 0.445597 0.148081 0.72008 0.849737 0.135534 1.0041 0.887169 0.359252 0.912627 0.874398 0.035911 0.495491 0.705732 0.696657 0.578351 0.764248 0.821741 0.952252 1.13694 0.489979 0.0656587 0.619219 0.250846 0.385059 0.600361 1.19679 1.1508 1.11387 0.22038 0.634429 0.280969 0.662097 0.277885 0.517173 1.01166 0.840353 0.601793 0.4189 1.08822 0.748651 0.873322 0.247603 0.855046 0.555237 0.592648 0.989919 0.490191 1.0564 0.256573 0.508022 0.455208 0.716872 0.811272 0.552557 1.02644 0.738986 0.459548 0.469948 0.239508 0.484513 0.0997754 0.590506 0.421692 0.295739 0.325554 0.0171918 0.129908 0.585211 0.838353 0.890016 0.384901 0.270694 0.65285
0.496449 0.728344 0.36511 0.166173 0.561479 0.809593 0.179844 0.932404 0.687838 0.35749 0.765274 1.00808 0.197173 0.502601 0.456831 0.743956 0.441901 0.83333 0.764091 0.867467 0.973803 0.417672 0.221585 0.457983 0.026476 0.395357 0.489708 1.14592 0.964157 0.980641 0.195147 0.623181 0.34511 0.908525 0.371272 0.360423 1.05302 0.779104 0.678525 0.600272 0.854391 0.828285 0.645023 0.138407 0.797131 0.570777 0.723288 0.97705 0.357637 0.983298 0.232927 0.322787 0.226042 0.613505 1.00159 0.472666 0.874032 0.794823 0.653889 0.431938 0.117989 0.579431 0.138445 0.504216 0.465312 0.301712 0.537979 0.303132 0.258258 0.571253 1.05544 1.1205 0.335157 0.492993 0.598393
0.761126 0.776735 0.448597 0.229966 0.692405 0.569621 0.15876 0.967848 0.706199 0.159514 0.640843 0.90838 0.244422 0.4307 0.611347 0.768459 0.498544 0.950799 0.662529 0.768839 1.12478 0.681473 0.300434 0.722785 0.0425145 0.493127 0.597833 1.10437 1.10838 1.04403 0.220322 0.45954 0.401189 0.659503 0.287267 0.36116 1.10574 0.690546 0.728938 0.416514 1.12075 0.852521 0.803916 0.271702 0.887178 0.452448 0.489719 0.845286 0.474728 0.855188 0.189343 0.519527 0.435641 0.521524 0.83689 0.604162 1.02593 0.855011 0.686133 0.396733 0.366891 0.41368 0.191132 0.443049 0.462391 0.328558 0.546086 0.0654073 0.156913 0.610724 0.950665 1.02109 0.417862 0.496031 0.533976
0.751445 0.55671 0.562514 0.149851 0.573091 0.687526 0.140985 0.787482 0.938326 0.213084 0.666291 0.976296 0.260196 0.634947 0.714146 0.817516 0.53551 0.810179 0.724214 0.813761 1.05429 0.44694 0.28725 0.61059 0.111797 0.568875 0.631543 1.17783 1.03817 1.19786 0.384769 0.517192 0.276152 0.776782 0.225538 0.244809 0.914258 0.743921 0.700965 0.571404 0.982347 0.821197 0.77896 0.216626 1.00436 0.488686 0.71293 1.02689 0.261677 0.85623 0.229095 0.558522 0.201992 0.499626 0.94669 0.482264 0.894582 0.80437 0.515914 0.354853 0.351305 0.464979 0.292022 0.457933 0.514654 0.406448 0.416073 0.275049 0.157228 0.643903 0.969935 0.843639 0.563298 0.411489 0.649491
0.478886 0.688843 0.581762 0.161186 0.476729 0.788866 0.219144 0.903981 0.730347 0.147569 0.908899 0.771887 0.282421 0.55443 0.693272 0.939729 0.664629 0.753742 0.837486 0.962121 0.896829 0.488366 0.203992 0.696337 0.311719 0.399934 0.698554 0.989989 1.21108 1.0351 0.114933 0.555974 0.486762 0.846462 0.445346 0.340491 0.913789 0.945106 0.76616 0.587481 0.949039 0.890214 0.723477 0.0706892 0.86797 0.618021 0.692429 0.919079 0.319181 1.04586 0.153099 0.464551 0.471669 0.608757 1.04912 0.445318 1.05755 0.811744 0.440966 0.398747 0.315475 0.469214 0.0893377 0.549748 0.682596 0.371338 0.412279 0.0172566 0.250611 0.69623 0.918479 0.913342 0.587986 0.333014 0.408289
0.547169 0.57403 0.399909 0.372487 0.664059 0.848864 0.225084 0.818831 0.710309 0.382098 0.68955 1.00594 0.0900122 0.594927 0.533024 0.71038 0.664512 0.750375 0.837457 0.899443 0.933163 0.499257 0.22578 0.734547 0.075583 0.308207 0.523253 1.12739 0.989778 1.18172 0.1683 0.549512 0.266843 0.736976 0.362824 0.369051 0.981939 0.790184 0.70997 0.477228 1.01558 0.725828 0.930118 0.363073 0.955599 0.555829 0.601058 0.981586 0.312458 1.01611 0.232254 0.330584 0.199445 0.544506 0.979006 0.404793 0.987517 0.827707 0.604283 0.192669 0.201478 0.42093 0.158323 0.431156 0.451447 0.25598 0.552562 0.226348 0.238217 0.554195 0.907477 1.0667 0.473111 0.278067 0.62899
0.688988 0.722445 0.578681 0.405032 0.685084 0.721611 0.127907 1.00631 0.928002 0.226772 0.82053 0.856245 0.174838 0.468064 0.420865 0.841665 0.47996 1.01622 0.786007 0.994875 0.991297 0.56957 0.129662 0.670495 0.216938 0.397366 0.494896 1.0948 1.13848 1.06761 0.176956 0.653579 0.479405 0.699372 0.227858 0.453943 1.088 0.802866 0.649213 0.445561 1.02263 0.889538 0.917428 0.232464 0.745986 0.555623 0.719283 0.842292 0.294364 0.864328 0.072797 0.471605 0.303867 0.663904 0.903497 0.388423 0.810357 0.756931 0.582385 0.403215 0.217738 0.556308 0.330782 0.433789 0.408666 0.298865 0.30327 0.213105 0.0953503 0.558075 1.04191 0.865932 0.474172 0.262372 0.621732
