25 75
0.656858 0.398399 0.518801 0.447971 0.547415 0.475988 0.102139 0.879379 0.853091 0.45728 0.671733 0.842008 0.2573 0.696656 0.931229 0.288601 0.436507 1.12082 0.619839 0.557865 0.741929 0.588865 0.926618 1.06562 0.717389 0.583264 0.430118 0.51901 0.711703 0.149264 0.968397 0.816751 0.603978 0.12788 0.341687 0.57322 0.976658 1.0063 0.877299 1.14211 0.380343 0.51518 0.520795 0.655541 0.088688 0.640023 0.324746 0.57954 1.05138 0.0641936 0.977383 0.395047 0.012266 0.410159 0.767073 0.463504 0.222624 0.966635 1.09628 1.05564 0.67705 1.02596 0.584721 1.11936 0.760028 0.189067 0.445434 0.654599 0.796382 1.16148 0.416051 1.03157 0.357341 0.966676 1.04814
0.739004 0.385465 0.687355 0.459625 0.574424 0.548747 0.194047 0.899885 0.876699 0.319518 0.611242 0.934165 0.399077 0.905347 1.07217 0.276264 0.445447 1.22766 0.51365 0.423065 0.867473 0.691948 1.0255 1.17657 1.01083 0.350669 0.627688 0.531179 0.798008 0.141758 0.791848 0.871611 0.592225 0.283046 0.393297 0.540195 0.999182 0.977357 0.941692 1.24132 0.15257 0.505045 0.507783 0.863919 0.109241 0.772515 0.24343 0.589337 1.11592 0.122333 1.00215 0.559594 0.264201 0.699484 0.932363 0.23194 0.474365 0.800337 1.03685 1.11438 0.69886 0.752788 0.683099 1.23132 0.84811 0.13826 0.534024 0.646509 0.904232 1.18234 0.303214 1.03606 0.492819 1.14614 1.11238
0.785047 0.475065 0.605515 0.443391 0.437008 0.516591 0.269513 0.865858 0.88725 0.480559 0.695875 0.844682 0.241961 0.820566 0.81654 0.232196 0.49307 1.0735 0.64493 0.554872 0.636173 0.709544 0.913416 1.19715 0.792018 0.323413 0.57334 0.411117 0.900508 0.301174 0.95254 0.890076 0.742272 0.214099 0.384189 0.522325 1.18005 1.07549 0.989283 1.20326 0.302629 0.464509 0.710619 0.702259 0.216964 0.5379 0.501335 0.62339 1.06866 0.269421 1.0335 0.444916 0.296419 0.523466 1.0268 0.323662 0.436496 0.867643 1.06106 1.09802 0.72413 0.784373 0.479644 1.02325 1.02597 0.319272 0.462348 0.51543 0.945985 0.950918 0.216292 0.966656 0.319689 1.0692 1.20044
0.531975 0.385799 0.46105 0.603902 0.529421 0.389991 0.351712 0.909493 0.762379 0.432442 0.792815 0.868487 0.236797 0.846312 1.04297 0.0635905 0.34781 1.12319 0.706264 0.470404 0.793004 0.645564 1.08846 1.17786 0.745047 0.32685 0.41064 0.495036 0.866979 0.294282 0.984381 0.775764 0.735144 0.134482 0.499456 0.606084 0.988577 1.08194 0.840482 1.19245 0.339484 0.398625 0.652716 0.724165 0.101761 0.695345 0.316492 0.378667 1.19196 0.110457 0.793253 0.485313 0.17415 0.503092 0.891032 0.191867 0.422874 0.977009 1.26539 1.12579 0.764741 0.740886 0.587913 1.21005 0.835652 0.303773 0.619089 0.485441 0.753683 1.04727 0.317772 1.19808 0.312801 1.06257 1.02196
0.690851 0.480529 0.71448 0.400125 0.607318 0.626623 0.0997523 0.929434 0.660462 0.361241 0.639695 0.817496 0.413659 0.684455 0.990654 0.30785 0.494969 1.19964 0.64994 0.402503 0.794525 0.554509 1.12977 1.11264 0.813387 0.582668 0.544827 0.680242 0.721398 0.410286 0.908059 0.774699 0.677216 0.148809 0.522165 0.591317 1.1071 1.05233 1.03354 1.11414 0.217433 0.367194 0.629958 0.673702 0.111109 0.648389 0.307658 0.396145 1.01266 0.045458 0.851214 0.413968 0.0280274 0.4258 0.958791 0.238502 0.322065 0.810644 1.09316 1.09189 0.636684 0.977917 0.621664 1.14072 0.843692 0.1241 0.689754 0.674027 0.849226 1.07354 0.447917 1.23076 0.491556 1.17458 1.1811
0.594888 0.415321 0.459714 0.602926 0.621385 0.479804 0.0886023 1.05385 0.714215 0.497471 0.815448 0.878339 0.396405 0.929885 0.94527 0.0520666 0.371364 1.16732 0.769409 0.434709 0.830159 0.83727 0.984633 1.19034 0.790814 0.330433 0.622387 0.550799 0.814779 0.203729 0.882817 0.765465 0.569818 0.35421 0.328936 0.531693 0.999646 0.843147 0.8534 1.04219 0.185373 0.482673 0.548194 0.900214 0.23398 0.708512 0.378908 0.503082 1.03621 0.0423477 0.769596 0.490449 0.166701 0.645683 0.97142 0.378785 0.205159 0.9226 1.06609 1.02226 0.573369 0.827654 0.709232 1.01235 0.825048 0.0489484 0.406616 0.397455 0.916742 0.966629 0.512919 1.08004 0.328235 1.03662 1.14205
0.801161 0.418067 0.552895 0.50112 0.54098 0.384124 0.0805354 0.845047 0.845371 0.417988 0.863115 0.817242 0.378869 0.885464 0.967976 0.0700196 0.437258 0.981016 0.491752 0.382014 0.756679 0.673095 1.08481 1.09243 0.918604 0.461645 0.605096 0.555583 0.636795 0.304668 0.823188 0.816794 0.746983 0.293102 0.414579 0.575642 1.19744 0.915776 0.984037 1.18712 0.277473 0.35217 0.654618 0.926092 0.227981 0.825538 0.332981 0.492315 1.01194 0.138692 0.834303 0.424771 0.172761 0.469814 0.840686 0.236267 0.436188 1.00635 1.13143 0.9398 0.713932 0.907424 0.768951 1.06666 0.796733 0.271919 0.441014 0.461283 0.891063 0.983011 0.264723 1.15971 0.412516 1.12359 1.05423
0.693096 0.453266 0.629875 0.681676 0.636049 0.613775 0.286791 0.770943 0.827469 0.291417 0.706226 0.929326 0.457102 0.80716 0.893849 0.210667 0.348596 1.20474 0.61721 0.314368 0.645094 0.641957 0.870928 1.0576 0.742095 0.519273 0.554194 0.608868 0.667633 0.143102 0.786945 0.914809 0.737232 0.320035 0.286567 0.6387 1.15188 1.06103 1.09868 1.15629 0.344268 0.353416 0.606917 0.882395 0.311388 0.631105 0.29871 0.634697 0.960066 0.30291 1.0157 0.435902 0.274904 0.594122 0.849972 0.482086 0.226065 0.793993 1.12641 1.1974 0.569225 0.771211 0.590021 1.23476 0.993086 0.298057 0.604377 0.599759 0.927495 1.00334 0.494033 1.02073 0.504907 0.948157 1.05366
0.531892 0.461902 0.648295 0.588847 0.523079 0.386235 0.140186 0.887318 0.761676 0.471393 0.638299 0.732782 0.341631 0.808699 0.939309 0.304198 0.277708 1.25765 0.509274 0.33203 0.906437 0.700092 1.10543 1.1421 0.885585 0.466196 0.459325 0.476195 0.782299 0.229636 0.74274 0.758694 0.699875 0.35566 0.302642 0.484542 1.08387 0.839987 1.10477 1.01509 0.26264 0.305228 0.677323 0.787499 0.140182 0.641467 0.404058 0.571421 1.12582 0.145656 0.786653 0.469902 0.185257 0.614974 0.847309 0.397233 0.334827 0.957153 1.23126 1.01145 0.810592 0.900911 0.616395 1.03248 0.929542 0.18546 0.427991 0.429809 0.842702 1.10417 0.269513 1.01644 0.453958 1.12535 1.10037
0.552338 0.488582 0.681901 0.675719 0.566401 0.605469 0.352848 0.998753 0.826676 0.471614 0.780799 0.775724 0.29066 0.920484 0.972778 0.117951 0.317884 1.02167 0.75833 0.292364 0.888947 0.734953 0.933411 0.933977 0.857638 0.585974 0.582127 0.592277 0.734788 0.370652 0.866727 0.893335 0.59575 0.238165 0.384489 0.417567 1.17234 0.973398 0.844571 1.18551 0.169941 0.329361 0.656052 0.840063 0.311435 0.789762 0.483263 0.460938 1.04582 0.285343 1.02888 0.328653 0.261136 0.539657 0.928254 0.295013 0.478236 1.05985 1.02577 0.969655 0.840939 0.792556 0.75353 1.1073 0.926379 0.236903 0.450217 0.584525 0.772873 1.04795 0.501186 1.02677 0.438347 0.936654 1.20312
0.744036 0.427962 0.574914 0.666141 0.538153 0.468386 0.179836 1.02618 0.869674 0.508721 0.854876 0.6979 0.459484 0.886575 1.03643 0.273266 0.234194 1.12166 0.606992 0.544178 0.850183 0.82986 0.871865 0.919974 0.933738 0.331061 0.615055 0.61837 0.788276 0.32353 0.757675 0.661408 0.630735 0.272445 0.415933 0.551232 1.08665 1.08716 0.830198 1.20657 0.39899 0.477149 0.662302 0.898108 0.23184 0.635239 0.235696 0.63837 0.960973 0.0537762 0.867296 0.367694 0.111884 0.600821 0.997858 0.259495 0.383752 0.900132 1.03649 1.06652 0.828047 0.878132 0.700743 1.10725 0.954098 0.184716 0.605795 0.593144 0.965189 1.16241 0.255704 1.03987 0.513351 1.07314 1.0957
0.654431 0.666572 0.53281 0.665038 0.533031 0.462403 0.26838 0.986181 0.907036 0.453525 0.76854 0.735306 0.249257 0.846311 0.954783 0.0635369 0.471102 1.08209 0.78058 0.300986 0.850163 0.638218 0.953475 1.18017 0.972284 0.511164 0.633635 0.477915 0.616279 0.265354 0.955117 0.8162 0.566349 0.227835 0.304902 0.619478 0.961457 0.957307 1.07485 1.26012 0.389577 0.352827 0.773057 0.664155 0.143525 0.652623 0.372646 0.386889 1.02177 0.0510936 0.821402 0.386555 0.184161 0.536583 1.05419 0.284416 0.205522 1.02754 1.09046 0.98947 0.686675 0.769907 0.658498 1.25809 0.979458 0.316796 0.686897 0.620309 0.992461 0.981907 0.389292 1.09038 0.232199 1.05143 1.0448
0.726561 0.460934 0.719825 0.423575 0.613535 0.56704 0.306165 0.962927 0.837033 0.273047 0.858424 0.737844 0.356393 0.814357 0.809623 0.1824 0.398895 1.14123 0.621568 0.420145 0.878214 0.696465 1.04815 0.906233 0.781637 0.487549 0.62951 0.605133 0.795769 0.194943 0.816434 0.867339 0.696807 0.118849 0.36846 0.441295 1.20259 0.889131 1.00974 1.06163 0.38028 0.279083 0.669185 0.923835 0.291872 0.535358 0.301101 0.661348 1.00046 0.276567 0.870389 0.489135 0.300295 0.574027 0.930299 0.336372 0.292003 0.776127 1.17214 0.961776 0.790617 1.01338 0.625179 1.19086 1.00307 0.166583 0.50807 0.536241 0.79706 1.05375 0.231544 0.995268 0.522426 1.12565 1.09925
0.743442 0.65784 0.450595 0.402335 0.529187 0.466292 0.152815 0.817924 0.731283 0.350897 0.88828 0.813659 0.304689 0.77054 0.922967 0.170466 0.399423 0.988896 0.738218 0.359007 0.910431 0.833043 0.878857 1.0468 0.966525 0.328615 0.626758 0.654335 0.666415 0.268535 0.8707 0.744822 0.656753 0.191803 0.455197 0.621819 1.06622 1.04439 1.08699 1.1152 0.194694 0.270897 0.767553 0.707226 0.0955927 0.647783 0.367732 0.652274 0.935884 0.0883911 0.82087 0.459166 0.128611 0.590655 1.00777 0.255416 0.304544 0.930638 1.09435 1.06983 0.811531 0.749988 0.50642 1.2005 0.858706 0.280636 0.624305 0.63686 0.845683 1.02048 0.31739 1.23197 0.421512 1.02262 1.03221
0.773258 0.577373 0.671826 0.458184 0.590328 0.541588 0.303892 0.960484 0.724597 0.47325 0.793146 0.961532 0.366449 0.885258 1.08531 0.101483 0.475095 1.06743 0.51 0.492169 0.839678 0.779394 0.997187 1.0475 0.789689 0.524143 0.58064 0.483795 0.664119 0.349023 0.945366 0.71206 0.664744 0.195225 0.282441 0.527891 1.14301 0.898618 0.855905 1.17589 0.212681 0.514314 0.63611 0.712117 0.174634 0.782229 0.327364 0.621573 1.04972 0.0617992 0.929433 0.490846 0.233932 0.519582 0.981627 0.337779 0.447711 1.03177 1.15384 0.967248 0.72971 0.786643 0.699778 1.00334 0.99752 0.152257 0.615385 0.601017 0.870405 1.14317 0.383413 1.04389 0.298348 0.953227 1.02918
0.648498 0.511624 0.596352 0.40791 0.41508 0.556336 0.0932946 0.840323 0.846007 0.356106 0.772051 0.724445 0.311705 0.707679 1.08735 0.0853626 0.375803 1.02883 0.527211 0.282506 0.841878 0.763928 0.933874 1.02494 0.930651 0.569406 0.627146 0.60069 0.75325 0.156231 0.843645 0.743858 0.634263 0.137146 0.524266 0.436387 1.11506 0.975433 0.841893 1.08115 0.39813 0.379515 0.535152 0.746044 0.111704 0.601158 0.433128 0.417601 1.12971 0.197254 0.838491 0.544158 0.0804911 0.55901 0.887982 0.238575 0.424399 0.856482 1.07257 1.00622 0.803923 0.810208 0.7682 1.08847 0.988445 0.160767 0.636764 0.443721 0.778183 1.08545 0.372012 1.03395 0.499264 1.14018 0.982306
0.556253 0.496578 0.437706 0.544473 0.389281 0.533992 0.121031 0.982706 0.827497 0.321812 0.826358 0.81704 0.228034 0.670018 0.893584 0.325197 0.365453 1.18178 0.564406 0.449153 0.866311 0.64539 1.11619 1.07613 0.80022 0.443962 0.399859 0.510772 0.818199 0.429018 0.88062 0.935673 0.736881 0.404049 0.486047 0.434211 0.954778 0.912833 0.981422 1.04996 0.384458 0.394519 0.634978 0.683515 0.202836 0.572468 0.319129 0.635533 1.03212 0.0818683 0.93191 0.292641 0.157116 0.510128 0.768371 0.427638 0.475146 0.92536 1.25813 1.07592 0.742054 0.905332 0.67789 0.974543 0.945592 0.11575 0.47483 0.44619 1.00484 0.979729 0.360413 1.11615 0.305481 0.940229 1.11026
0.546307 0.657876 0.587252 0.691144 0.425312 0.419849 0.0907675 0.961231 0.798921 0.538399 0.857183 0.816662 0.437439 0.785027 0.893211 0.291518 0.392188 1.0346 0.727085 0.426321 0.629985 0.814317 0.84386 1.13867 0.834032 0.457876 0.477893 0.586882 0.778059 0.398154 0.77986 0.850666 0.810954 0.116853 0.520867 0.474332 1.01554 1.00563 0.99278 1.15783 0.249543 0.335958 0.762413 0.927146 0.192067 0.539911 0.25539 0.503719 0.940876 0.0593045 0.881829 0.369165 0.225883 0.560825 0.931685 0.24076 0.320052 0.828915 1.13163 0.999823 0.820568 0.836603 0.763459 1.23309 0.894439 0.1279 0.552104 0.500706 0.81677 1.0515 0.342485 1.12833 0.500995 1.00981 1.0012
0.711066 0.544781 0.485175 0.441873 0.577504 0.442171 0.145507 0.887485 0.711809 0.293656 0.784252 0.976622 0.281009 0.780804 0.871345 0.239535 0.518807 1.19735 0.594118 0.333501 0.680755 0.718689 0.935421 1.16603 0.943945 0.457607 0.461975 0.551086 0.902665 0.298899 0.712147 0.830873 0.583917 0.320518 0.392716 0.526406 1.15298 0.886606 0.900977 1.00925 0.199851 0.497668 0.717795 0.640215 0.264557 0.772029 0.379745 0.596801 1.13137 0.188509 0.84166 0.403649 0.0209466 0.561094 0.892986 0.216697 0.436297 0.96011 1.25569 1.08372 0.81502 0.754159 0.501115 1.18584 0.810381 0.202314 0.535938 0.564782 0.821075 1.03596 0.29775 1.0293 0.22453 1.01149 1.13277
0.697111 0.410361 0.509536 0.534617 0.51125 0.544587 0.133839 0.811281 0.66429 0.517067 0.725363 0.942891 0.305579 0.907333 0.824246 0.213095 0.520527 1.01531 0.622447 0.435131 0.679409 0.650605 0.966706 1.16316 0.82996 0.405725 0.469406 0.439492 0.771353 0.295235 0.786081 0.856172 0.767505 0.116389 0.393881 0.630554 1.02512 1.07615 0.886768 1.2971 0.190575 0.547061 0.703199 0.70636 0.328121 0.771002 0.482674 0.459301 1.16495 0.310741 0.757622 0.300231 0.0797369 0.406529 0.8058 0.218284 0.209218 1.05901 1.24843 1.19723 0.813909 0.777713 0.71024 1.11426 0.940654 0.211106 0.684089 0.660694 0.846314 0.975399 0.456413 1.22581 0.493932 1.0726 0.937555
0.79698 0.653608 0.575364 0.670855 0.412756 0.387268 0.224921 0.942799 0.909204 0.465668 0.829434 0.741606 0.52122 0.862568 0.992284 0.144049 0.520488 1.08478 0.757291 0.376105 0.724576 0.661562 1.04809 1.03727 0.981899 0.572994 0.512655 0.637371 0.796149 0.324189 0.88875 0.810654 0.690902 0.304255 0.36769 0.419362 1.09052 0.981361 1.05984 1.22976 0.270022 0.491193 0.537882 0.883576 0.213354 0.625932 0.443537 0.49724 0.918068 0.198823 0.768654 0.463894 0.118591 0.571612 0.979342 0.292984 0.371628 1.00917 1.10769 0.981372 0.554099 0.933223 0.566017 1.21119 0.972103 0.0399303 0.658097 0.513113 0.917171 1.05371 0.487522 1.13716 0.430605 0.98083 1.11989
0.626852 0.546478 0.689686 0.60403 0.590141 0.587881 0.106804 0.827408 0.777368 0.301701 0.874265 0.901449 0.417415 0.747455 0.947175 0.218835 0.389627 1.25251 0.676479 0.47565 0.698374 0.78773 0.964212 1.18473 0.933624 0.396775 0.672128 0.446397 0.862636 0.198057 0.915926 0.704849 0.607088 0.163702 0.514834 0.468443 0.944357 0.869542 1.07198 1.29472 0.332222 0.384226 0.50552 0.692027 0.16223 0.649164 0.505324 0.65277 1.02502 0.264537 0.849614 0.370856 0.16703 0.588815 0.853622 0.230228 0.478845 0.969947 1.13496 1.10973 0.75753 0.826368 0.77708 1.11678 0.917141 0.323691 0.530652 0.496148 0.767456 0.900086 0.324864 0.970625 0.501877 1.10495 1.07143
0.555741 0.430448 0.55398 0.529851 0.454596 0.469697 0.249677 1.04758 0.898642 0.3716 0.872548 0.950413 0.363666 0.679474 0.905804 0.241717 0.255414 1.05373 0.498951 0.566922 0.733751 0.662875 0.892641 1.06647 0.807682 0.467371 0.669088 0.674703 0.736675 0.380083 0.863968 0.711478 0.652044 0.15144 0.50832 0.657078 1.0377 1.00308 0.943983 1.15457 0.397547 0.2905 0.512199 0.843226 0.153257 0.787185 0.402352 0.40056 1.19032 0.161495 0.810214 0.344141 0.117637 0.515165 0.816751 0.473819 0.4406 0.895445 1.15137 1.15847 0.624285 0.751261 0.542498 1.14508 0.869893 0.195599 0.429958 0.506535 0.897236 0.96211 0.464651 0.992786 0.27713 1.01926 1.17903
0.651471 0.675029 0.665218 0.416534 0.459941 0.586204 0.230108 0.837322 0.814741 0.305294 0.81935 0.696064 0.262888 0.78277 1.08675 0.193112 0.452777 1.25113 0.711323 0.454688 0.774834 0.806122 1.13266 1.19998 0.937723 0.50341 0.47448 0.504815 0.656439 0.144552 0.985543 0.888275 0.633893 0.220449 0.305492 0.615037 0.964501 1.04485 1.02698 1.06379 0.227927 0.303251 0.512811 0.758895 0.370727 0.816342 0.355143 0.557192 0.970623 0.238812 0.821479 0.543658 0.188385 0.477009 0.769045 0.430564 0.313423 1.00172 1.09857 1.07226 0.708385 0.849519 0.591479 1.22952 0.807997 0.243383 0.697001 0.425615 0.774892 1.1125 0.378924 1.08165 0.466144 1.0672 1.09362
0.806883 0.550734 0.484304 0.441494 0.441179 0.423129 0.318121 1.04291 0.850452 0.480468 0.740632 0.71867 0.37676 0.953389 0.975752 0.308173 0.466043 1.05603 0.555723 0.516379 0.816825 0.619959 0.93884 1.04721 0.869219 0.345328 0.574752 0.611479 0.736476 0.398101 0.775912 0.648511 0.631641 0.126294 0.352429 0.603811 0.911223 0.813462 0.849479 1.25737 0.122366 0.478696 0.726021 0.894845 0.173621 0.790654 0.310301 0.450754 0.937376 0.165608 0.956606 0.437509 0.0843694 0.597388 0.852375 0.294314 0.26467 0.932435 0.998473 1.18678 0.581943 1.01374 0.56183 1.22594 1.01463 0.0572382 0.435008 0.440131 1.00477 0.905506 0.421477 1.20479 0.481935 1.02358 1.16692
