25 75
0.420983 0.933342 1.17264 0.391317 0.722497 0.301506 0.513047 1.11451 0.772371 0.278926 0.231099 0.657942 0.974505 0.589624 0.423992 0.640607 1.01908 0.200669 0.890109 1.15957 0.536407 0.724918 0.501143 0.935451 0.205608 1.15966 0.74025 0.722475 0.804912 1.0353 0.99939 0.257169 0.227671 0.302751 0.240541 0.711395 0.75088 0.423612 1.20543 0.703426 0.644892 0.386626 1.00987 1.19646 0.856175 0.421573 1.02483 0.709149 0.57079 0.859367 0.456676 0.547073 0.533918 0.792801 1.08065 0.0904982 0.984372 0.706331 0.0871586 0.522869 0.758527 0.637301 0.665264 0.422772 0.1643 0.333405 1.11648 0.733576 0.584158 0.906397 0.842987 0.624823 0.940408 1.16212 1.18743
0.39199 1.23091 0.952449 0.521423 0.974178 0.323032 0.515713 0.951245 0.92098 0.443082 0.370092 0.744234 0.833519 0.681841 0.433747 0.674621 1.04966 0.435933 0.856414 1.08391 0.681425 0.620855 0.546413 0.859562 0.391481 1.17752 0.575256 0.548295 0.747181 0.849798 1.01413 0.388269 0.348046 0.252999 0.36756 0.861457 0.779011 0.445336 1.10188 0.749925 0.613795 0.462255 0.952235 1.08354 1.01569 0.426845 1.00757 0.867315 0.528356 1.01633 0.425391 0.392131 0.654947 0.982085 1.12047 0.15867 0.93051 0.813838 0.163158 0.636842 0.712804 0.777585 0.580357 0.39921 0.219333 0.59811 1.17705 0.632676 0.65382 0.762798 0.923563 0.397665 0.741372 1.07598 1.05537
0.568988 0.980435 0.94327 0.224951 0.958685 0.244658 0.323449 0.923011 0.679785 0.414511 0.349126 0.659513 1.02745 0.799244 0.428708 0.598171 1.03504 0.204792 0.908903 1.03008 0.56527 0.72333 0.509865 0.927107 0.334798 1.0077 0.699919 0.65131 0.925463 0.840156 1.23695 0.232553 0.425737 0.292464 0.205371 0.723316 0.706828 0.285363 1.03479 0.660187 0.777716 0.642853 0.879017 1.09389 0.856046 0.690681 1.23187 0.727797 0.416938 1.04311 0.288399 0.429389 0.619081 0.894116 1.14099 0.102486 0.960756 0.824628 0.0412625 0.744412 0.691624 0.796545 0.693717 0.280244 0.119893 0.411561 1.27248 0.529126 0.765908 0.838166 1.0447 0.59714 0.813275 1.10587 1.11362
0.528908 1.11097 1.0614 0.260055 0.736697 0.242395 0.549942 0.994379 0.677845 0.280708 0.438042 0.591968 0.782894 0.800792 0.300799 0.503255 1.08153 0.322757 0.793829 0.942443 0.697085 0.805098 0.52814 0.850786 0.174905 1.11875 0.7452 0.714628 0.738877 0.953133 1.17255 0.208348 0.381011 0.288405 0.276107 0.728431 0.678848 0.272335 0.969912 0.679717 0.66655 0.4778 0.996409 1.16794 0.929958 0.471899 1.08926 0.923021 0.310925 0.84505 0.337565 0.510414 0.605151 1.06882 1.24452 0.0235609 0.897779 0.73183 0.124678 0.504432 0.680881 0.621825 0.802869 0.32572 0.0555414 0.344921 1.2499 0.718067 0.679471 0.978418 0.808095 0.416094 0.91979 1.24628 1.08997
0.403832 1.1349 0.943923 0.246466 1.00038 0.407134 0.335158 1.01899 0.712502 0.43564 0.343888 0.811254 0.921826 0.730346 0.341556 0.635302 1.27374 0.347647 0.934626 0.924316 0.624869 0.742928 0.468511 0.921197 0.164031 1.02796 0.614818 0.610355 0.884753 1.06797 1.1717 0.428487 0.320206 0.265234 0.267513 0.749757 0.687597 0.302839 1.11839 0.554624 0.725006 0.585405 0.928119 1.1934 1.00486 0.636704 1.0151 0.751843 0.392134 0.914473 0.290371 0.371637 0.566933 1.0688 1.21539 0.125025 1.05568 0.89203 0.190611 0.552789 0.605676 0.652124 0.757772 0.489107 0.0409776 0.429305 1.07156 0.487208 0.530219 0.740642 0.901134 0.406893 0.873453 1.15311 1.1926
0.393672 0.970397 1.17505 0.22985 0.947148 0.341803 0.552702 1.15278 0.672889 0.253486 0.248737 0.720225 0.829321 0.781063 0.462181 0.5515 1.06504 0.427502 0.770623 1.14499 0.700845 0.704102 0.426537 0.77574 0.450426 1.16226 0.53873 0.610552 0.740548 0.964498 1.25403 0.433735 0.342244 0.353638 0.194508 0.834315 0.644418 0.325022 1.04503 0.782281 0.597581 0.468109 0.852331 1.08327 0.847214 0.645398 1.04055 0.817018 0.559783 0.937235 0.251515 0.632611 0.535506 0.875523 1.05867 0.280957 0.772653 0.643347 0.201303 0.653876 0.59887 0.65719 0.728997 0.448471 0.13457 0.535998 1.02845 0.564716 0.770176 0.80609 1.06022 0.500567 0.921344 1.15906 1.17656
0.395516 0.947762 1.05696 0.242809 0.74604 0.248999 0.389718 1.07183 0.672885 0.471192 0.314821 0.85767 1.0107 0.723832 0.436896 0.707478 1.14055 0.332778 0.794184 1.12466 0.455715 0.638669 0.365741 0.872217 0.412652 1.03214 0.514137 0.732836 0.949218 0.950376 1.20524 0.413647 0.261732 0.217088 0.459102 0.805267 0.724213 0.511997 1.0642 0.602653 0.84943 0.494072 1.06968 1.11317 0.881125 0.555637 1.24401 0.670127 0.569681 1.06017 0.404336 0.567861 0.606669 1.04221 1.22309 0.0809865 0.912365 0.793127 0.182354 0.77334 0.595633 0.665907 0.768792 0.446605 0.251296 0.534822 1.00537 0.74519 0.790397 0.999054 0.939744 0.485419 0.951795 1.12091 1.14221
0.390128 1.02076 1.22111 0.253036 0.951962 0.450106 0.517785 1.01634 0.647582 0.386545 0.222398 0.696204 0.955333 0.630542 0.318992 0.597865 1.07393 0.395836 0.7566 1.0152 0.620592 0.649793 0.354086 0.796403 0.320595 1.15055 0.644773 0.668336 0.897195 0.988015 1.28948 0.275963 0.251147 0.138431 0.336866 0.706643 0.798438 0.289041 1.09937 0.646871 0.690399 0.625292 0.845634 1.15849 1.09954 0.634206 1.21948 0.654587 0.556445 1.02261 0.390408 0.435877 0.461903 0.817587 1.00619 0.062244 1.05713 0.839126 0.169122 0.484217 0.745786 0.543288 0.717942 0.298868 0.13282 0.358804 1.20558 0.480212 0.66654 0.915385 0.81081 0.527773 0.867323 1.20805 1.16242
0.484717 0.997784 1.19482 0.324271 0.938583 0.291123 0.40519 1.00477 0.924681 0.473713 0.408371 0.668921 0.933036 0.779068 0.481025 0.692215 1.21524 0.433667 0.748307 0.960243 0.419711 0.729498 0.37515 0.683091 0.352358 1.19287 0.686439 0.721002 0.818813 0.853891 1.18846 0.311167 0.418156 0.336908 0.413341 0.806966 0.719287 0.353093 0.954782 0.797171 0.819915 0.640597 1.11944 1.01871 0.924234 0.448035 1.26348 0.912879 0.496748 1.00293 0.306875 0.557923 0.601576 0.836303 1.02596 0.248219 0.856154 0.645495 0.166355 0.568897 0.800796 0.535375 0.774374 0.52661 0.0238287 0.388429 1.11462 0.55477 0.61622 0.798463 0.781658 0.624299 0.91691 1.07736 1.21885
0.312038 1.16794 0.983673 0.240112 0.731294 0.170282 0.43531 0.949917 0.743586 0.371709 0.231477 0.571269 0.777188 0.707524 0.233329 0.535389 1.09433 0.402157 0.987246 0.940813 0.538575 0.896133 0.514577 0.822302 0.345333 1.09423 0.652596 0.697627 0.843069 0.848917 1.20161 0.171852 0.388287 0.310315 0.294726 0.753388 0.871683 0.336392 1.0702 0.752264 0.701612 0.441612 0.851432 1.01144 0.873993 0.688628 1.0431 0.861635 0.486742 0.944148 0.467071 0.384103 0.384034 0.934326 1.13357 0.253112 0.971142 0.672475 0.209355 0.737485 0.887543 0.506445 0.750926 0.411663 0.00900258 0.574073 1.11297 0.711767 0.64147 0.83295 0.842351 0.429197 0.929102 1.14286 1.21477
0.34802 1.17825 1.00453 0.408322 0.973908 0.202011 0.422162 0.947816 0.791929 0.385164 0.326535 0.855409 1.04952 0.734304 0.377398 0.508799 1.07419 0.293224 0.790864 1.03933 0.534752 0.801997 0.558308 0.881594 0.253482 1.1186 0.766564 0.551177 0.910511 0.957577 1.12486 0.36791 0.42971 0.25049 0.250013 0.800942 0.617583 0.470609 1.06346 0.552489 0.841815 0.578234 1.07403 1.03165 1.0114 0.450557 1.27664 0.893432 0.387436 1.01831 0.302797 0.386065 0.438195 0.978143 0.98638 0.161203 0.782456 0.837777 0.263056 0.608974 0.64492 0.655177 0.77838 0.469489 0.242145 0.411278 1.14066 0.697226 0.697528 0.974592 0.940998 0.516091 0.869026 1.1163 0.964933
0.584266 1.13661 1.05984 0.425617 0.726899 0.20782 0.507271 1.13384 0.813394 0.46878 0.415175 0.711561 0.88239 0.701136 0.447404 0.456373 1.00058 0.355397 0.971219 0.963533 0.637812 0.64322 0.400681 0.937542 0.428795 1.14112 0.566546 0.608431 0.894664 0.934076 1.24497 0.261031 0.483796 0.140197 0.195699 0.664756 0.634472 0.505377 1.12841 0.727838 0.747816 0.600988 0.899054 0.904074 0.869688 0.524619 1.20234 0.652935 0.356117 1.03215 0.526265 0.67001 0.653614 1.07899 1.1507 0.227003 0.85676 0.823353 0.14638 0.665042 0.785027 0.527333 0.625541 0.428816 0.0123324 0.471169 1.09715 0.739699 0.563141 0.731728 0.91374 0.534717 0.742384 1.0375 1.21846
0.542273 1.03588 1.01165 0.323946 0.771299 0.169178 0.557594 1.10553 0.709521 0.400128 0.228338 0.620435 0.887154 0.563404 0.285437 0.669069 1.01706 0.460531 0.921189 1.13272 0.702608 0.832173 0.41008 0.865716 0.434136 1.13153 0.571427 0.609422 1.02185 0.97394 1.07448 0.416625 0.251994 0.247885 0.295219 0.934416 0.656047 0.372428 1.20995 0.761554 0.616828 0.476131 0.876649 0.953565 0.985546 0.517197 1.02344 0.878261 0.441454 1.06768 0.348225 0.570392 0.390588 0.914131 1.15956 0.129513 0.997133 0.664062 0.297787 0.586752 0.700877 0.639867 0.644166 0.325152 0.0500608 0.618208 1.1533 0.554804 0.686215 0.720557 0.934763 0.388164 0.744683 1.25335 1.11559
0.348049 1.01921 1.06558 0.346514 0.764686 0.378149 0.496246 1.1357 0.780764 0.39069 0.323009 0.661493 1.03672 0.652871 0.253122 0.706685 1.10669 0.458837 0.796381 1.1545 0.62811 0.611417 0.297911 0.650087 0.414583 0.970504 0.65243 0.683121 0.983643 0.844339 1.18341 0.221538 0.484003 0.317386 0.276075 0.921049 0.592006 0.427036 1.06239 0.654723 0.650516 0.533887 0.895502 1.055 1.09083 0.567871 1.05415 0.769326 0.537242 1.08591 0.427369 0.598252 0.430761 0.99469 1.01398 0.108872 0.91605 0.698907 0.185545 0.729407 0.889955 0.697041 0.662778 0.27751 0.271871 0.392834 1.16529 0.652559 0.646629 0.74512 1.0388 0.515652 0.830579 1.15783 0.94649
0.510284 1.21604 1.07535 0.236357 0.734976 0.21025 0.347886 1.00332 0.717661 0.352931 0.341826 0.714564 0.863412 0.709675 0.23316 0.519436 1.16174 0.336076 0.726359 0.987402 0.590585 0.79594 0.390131 0.673655 0.456178 1.01806 0.522952 0.589296 0.781004 0.818593 1.24236 0.249215 0.480218 0.387047 0.179387 0.75596 0.731462 0.465603 1.25108 0.658801 0.625723 0.599222 0.854213 0.910782 0.994765 0.413837 1.09394 0.879791 0.534499 1.05479 0.331486 0.480506 0.643851 0.962259 0.947998 0.202367 0.809075 0.684953 0.249125 0.672046 0.594806 0.648904 0.579411 0.29653 0.165052 0.617334 1.05356 0.536355 0.710642 0.73418 0.789351 0.595147 0.9624 0.99458 1.06429
0.488497 1.21744 1.02809 0.349076 0.997908 0.406257 0.457016 1.08042 0.638645 0.290744 0.324254 0.701613 0.785739 0.762603 0.383279 0.452644 1.11016 0.370228 0.859221 0.922371 0.466513 0.708346 0.438806 0.797506 0.19642 1.10056 0.526062 0.763092 0.855944 0.8651 1.25514 0.370827 0.26172 0.411236 0.411178 0.718883 0.690025 0.317445 1.1895 0.68886 0.714415 0.650536 1.06819 0.955562 0.871025 0.681387 1.14609 0.666524 0.570374 0.850523 0.313571 0.563974 0.51631 1.05819 1.11305 0.0576822 1.0057 0.783067 0.135307 0.725904 0.615298 0.728627 0.754208 0.305801 0.0977525 0.391266 1.24621 0.588101 0.55213 0.870578 0.811707 0.583627 0.755192 1.01783 1.10122
0.349649 1.07938 1.01267 0.358815 0.947646 0.389104 0.541109 1.03058 0.745403 0.44688 0.332722 0.785299 1.01783 0.681849 0.309289 0.525096 1.25879 0.426002 0.883235 1.18416 0.570324 0.790442 0.307855 0.872165 0.320451 1.08382 0.621391 0.513305 0.977511 1.015 1.11362 0.231197 0.319907 0.132881 0.379465 0.785844 0.754882 0.24074 1.24763 0.560739 0.752606 0.560881 1.05606 1.03371 0.929814 0.704044 0.993091 0.667482 0.500207 1.01935 0.50482 0.396819 0.412103 0.801551 1.24644 0.112618 1.03632 0.694097 0.0114663 0.643687 0.630787 0.509033 0.800943 0.291325 0.0793445 0.497229 1.24987 0.721076 0.688246 0.845774 0.961963 0.644813 0.684807 0.97009 1.07272
0.500118 1.08979 0.938841 0.498734 0.828068 0.277137 0.555117 1.02966 0.696585 0.439163 0.356999 0.828405 0.848059 0.625096 0.497771 0.539716 1.01074 0.450285 1.00553 0.937176 0.589502 0.699823 0.523435 0.660225 0.42686 1.13418 0.505312 0.763156 0.945848 1.06003 1.2296 0.402911 0.374202 0.12857 0.316282 0.721584 0.842904 0.327248 1.16795 0.809088 0.721105 0.399657 1.05627 1.0052 1.03463 0.605053 1.25587 0.794717 0.543657 0.808602 0.454567 0.463006 0.634511 0.903629 1.19744 0.0604192 1.03778 0.904809 0.014146 0.67879 0.650104 0.505135 0.613011 0.332077 0.206389 0.522549 1.01012 0.632283 0.659054 0.955356 0.973648 0.531141 0.967443 1.22687 1.05197
0.530741 1.00878 1.05674 0.414088 0.82629 0.215227 0.508476 0.945419 0.715426 0.356909 0.265683 0.664687 0.812067 0.594781 0.320501 0.512955 1.10886 0.345618 0.728238 1.09244 0.409371 0.846499 0.287858 0.787084 0.453 1.16713 0.710213 0.628584 0.84019 0.848183 1.02822 0.280136 0.396771 0.301516 0.274418 0.807558 0.709832 0.438095 0.968777 0.600676 0.661542 0.478826 1.02211 0.906488 0.853769 0.647763 1.02197 0.698751 0.461308 0.815628 0.477967 0.580799 0.632255 1.07058 1.19509 0.156845 0.87055 0.856842 0.143316 0.614415 0.743279 0.609845 0.844633 0.51725 0.16775 0.607818 1.04932 0.512209 0.6543 0.918972 0.943164 0.599143 0.752194 1.07817 1.07137
0.526847 1.04515 1.09467 0.455803 0.746156 0.168227 0.561806 1.03735 0.923357 0.363047 0.287895 0.694536 0.922434 0.539465 0.228538 0.510007 1.08243 0.34039 0.767812 1.14138 0.686433 0.886908 0.381621 0.916175 0.367488 1.15847 0.528666 0.669755 0.743226 0.86343 1.15649 0.277251 0.338014 0.199424 0.41158 0.855621 0.77075 0.374143 1.22153 0.78668 0.880213 0.462553 1.09254 1.19601 0.975109 0.586317 1.18484 0.662269 0.290471 0.958434 0.363749 0.572694 0.637985 1.03862 0.960994 0.0390618 0.956726 0.897675 0.244084 0.52002 0.704287 0.794269 0.657195 0.323945 0.228219 0.438772 0.995224 0.532842 0.641392 0.879651 0.942577 0.372527 0.707695 1.00412 1.00525
0.397372 1.10662 1.00897 0.496523 0.871874 0.309944 0.341298 1.04118 0.700296 0.30603 0.176296 0.846285 0.919906 0.695106 0.244036 0.667416 1.03704 0.350202 0.827742 1.11342 0.624085 0.807593 0.424753 0.751798 0.317654 1.21641 0.483578 0.722315 1.02659 0.947509 1.28834 0.428066 0.477711 0.39425 0.388247 0.684084 0.812583 0.509539 1.05944 0.824819 0.609667 0.419423 0.894626 0.939858 0.916486 0.485734 1.24312 0.88097 0.372524 1.05489 0.264004 0.471653 0.462023 0.855082 1.23463 0.306083 0.778815 0.923672 0.117777 0.656916 0.603168 0.531239 0.715887 0.364109 0.0445697 0.448615 1.08624 0.491306 0.814263 0.919844 0.988032 0.461562 0.771509 0.956969 0.937435
0.434188 1.206 1.03319 0.508875 0.987883 0.311531 0.537867 1.01868 0.705222 0.358486 0.367519 0.684673 1.03223 0.746034 0.428521 0.489693 1.15797 0.403519 0.991833 0.980515 0.687231 0.744906 0.458285 0.786717 0.332274 1.19154 0.510077 0.672078 0.98647 0.977915 1.09648 0.191139 0.380151 0.223173 0.336921 0.957033 0.822627 0.520547 1.23826 0.707875 0.761326 0.515659 0.841507 1.04065 1.02355 0.501378 1.26807 0.729342 0.355562 0.957234 0.363693 0.553079 0.463871 1.03819 1.1981 0.0251239 0.775238 0.845586 0.281977 0.593067 0.851662 0.694926 0.743196 0.46708 0.260787 0.329289 1.06211 0.700241 0.725834 0.8438 0.916193 0.475185 0.758205 1.00303 1.18713
0.536349 1.08747 1.13433 0.472348 0.712527 0.390627 0.326955 1.11117 0.73092 0.431374 0.1732 0.714095 1.03949 0.805626 0.515322 0.687635 1.13281 0.20976 0.833194 0.887274 0.580634 0.814599 0.334991 0.902707 0.348676 1.02063 0.705874 0.56875 0.978738 0.963828 1.05008 0.250295 0.470751 0.321292 0.215907 0.705902 0.860167 0.354511 1.01133 0.696908 0.742216 0.624372 0.936146 0.962088 1.05 0.49989 1.22042 0.79017 0.49644 0.849998 0.474667 0.668628 0.641743 0.811655 1.12956 0.268521 1.01423 0.759754 0.205361 0.544082 0.826268 0.673605 0.601659 0.466108 0.269026 0.402859 1.28008 0.655453 0.742308 0.852242 1.01815 0.62509 0.714387 1.1952 1.06908
0.349117 0.93874 1.16093 0.469068 0.734834 0.170532 0.535377 1.09636 0.773128 0.264874 0.35408 0.843656 0.988599 0.518075 0.344376 0.712683 1.05436 0.301847 0.822627 0.901233 0.651177 0.844459 0.283363 0.84608 0.422872 1.02786 0.669355 0.679635 0.801661 0.833197 1.2811 0.415851 0.277988 0.16597 0.346796 0.872594 0.657763 0.256544 0.955057 0.761453 0.614855 0.363652 1.03683 0.923376 1.0138 0.421111 1.18978 0.912811 0.515171 0.896605 0.414715 0.600367 0.594436 0.91893 1.22642 0.302801 0.960805 0.641896 0.262095 0.679028 0.802667 0.642971 0.690815 0.368685 0.103227 0.396039 1.08468 0.511455 0.643748 0.752144 0.956032 0.572011 0.963207 0.971531 1.17377
0.32939 1.17911 1.12779 0.279252 0.80296 0.164693 0.327861 1.05373 0.892366 0.403754 0.44825 0.737574 0.919044 0.629744 0.31416 0.701001 1.02031 0.213973 0.972578 1.15571 0.682851 0.836957 0.35713 0.655691 0.423715 1.07059 0.577699 0.691534 0.984086 0.935047 1.21707 0.248995 0.402977 0.293235 0.254996 0.871408 0.809788 0.515532 0.996308 0.578196 0.699546 0.371501 0.903949 0.9388 1.03889 0.473181 1.01497 0.780893 0.508898 1.09707 0.362435 0.544866 0.410664 0.952253 1.04544 0.168075 0.854147 0.900334 0.290292 0.769219 0.790672 0.611244 0.702963 0.356548 0.298754 0.405077 1.15584 0.697384 0.686462 0.730854 1.06192 0.632345 0.840816 1.03338 1.12412
