25 75
0.943005 0.359263 0.526746 0.217476 0.372224 1.10394 0.924988 0.218917 1.0241 0.12912 0.312428 0.976168 0.73187 0.234014 1.0818 0.527147 1.10301 0.817523 0.95006 0.519291 0.570198 0.328558 0.341157 0.65699 0.555846 0.281499 0.102138 0.522201 0.934576 1.0649 1.14281 0.589263 1.16886 1.22793 0.239587 0.245033 0.450808 0.796631 0.20333 0.608873 0.517951 0.831846 0.922169 1.01957 0.701584 0.691309 0.553456 0.780996 0.0845887 1.03859 0.421386 0.506406 1.20708 0.958988 0.0631503 1.2511 0.605484 0.685421 0.495186 0.281857 0.382404 0.43641 0.607733 0.515374 0.66317 0.101781 1.16703 1.0949 0.694798 0.699918 0.812877 0.771518 0.442747 0.517495 0.842775
0.726041 0.39668 0.357186 0.347671 0.377383 1.0815 0.924537 0.218254 1.03701 0.312291 0.414604 1.01827 0.774295 0.222463 0.950567 0.529341 1.10545 0.801858 0.776548 0.336458 0.609613 0.183786 0.21779 0.502787 0.576557 0.200463 0.159094 0.590337 0.73658 1.19376 1.03488 0.612272 0.945722 1.05058 0.397448 0.203793 0.565671 0.892899 0.203072 0.553831 0.351463 0.969374 0.917731 0.965078 0.822802 0.523478 0.329612 0.748734 0.144017 1.12402 0.379604 0.647268 1.19909 1.16399 0.143591 1.18747 0.392248 0.670886 0.402155 0.257962 0.487031 0.30401 0.433349 0.523018 0.494202 0.314987 1.00085 1.1668 0.868721 0.606821 0.824254 0.860514 0.231174 0.56931 1.07614
0.913742 0.287732 0.461748 0.316187 0.432861 1.01582 0.870238 0.358058 0.877253 0.371276 0.360943 0.99863 0.968182 0.246014 1.13682 0.581216 0.912728 0.599637 0.905948 0.538632 0.812444 0.467969 0.446918 0.557779 0.70162 0.29654 0.267516 0.682723 0.840318 1.12219 1.17333 0.75778 0.969144 1.26723 0.120787 0.416791 0.464689 0.794996 0.318069 0.506734 0.509904 0.823826 0.823358 1.04523 0.613435 0.691808 0.473919 0.966164 0.065079 0.983214 0.436219 0.506592 1.03993 1.18451 0.0536077 1.27931 0.547927 0.807216 0.246584 0.138815 0.345629 0.545012 0.657551 0.640945 0.535182 0.190455 1.05093 0.929757 0.754715 0.663683 0.795947 0.804593 0.502172 0.444666 1.0388
0.819615 0.377788 0.481985 0.205681 0.218148 1.07741 0.870294 0.405975 0.883475 0.191355 0.308175 0.930167 0.90064 0.174158 1.07981 0.499485 0.920629 0.831655 0.838359 0.446802 0.820535 0.33364 0.430831 0.408997 0.717622 0.11839 0.170072 0.754721 0.741474 1.10976 1.04932 0.570984 1.10555 1.12642 0.310513 0.226556 0.699112 0.793243 0.388036 0.713436 0.540273 0.90287 0.935984 1.11211 0.721982 0.579484 0.344463 0.851741 0.0357073 0.916723 0.468002 0.480125 1.1769 1.02972 0.221456 1.06913 0.516964 0.72928 0.509663 0.183983 0.436254 0.460573 0.627179 0.707837 0.568541 0.0937786 1.20188 0.90505 0.817394 0.60886 0.659535 0.737458 0.264372 0.514106 1.06698
0.749074 0.35941 0.501423 0.226932 0.27501 1.07319 0.670253 0.368542 0.808258 0.24224 0.460602 0.986875 0.740172 0.213132 0.883395 0.563456 1.10796 0.76464 0.663504 0.494441 0.854252 0.411609 0.268196 0.471043 0.629368 0.0878163 0.242162 0.737861 0.785085 1.06956 1.03513 0.546925 1.06906 1.05386 0.332812 0.279905 0.65138 0.733012 0.44013 0.549638 0.422813 1.0742 0.858516 0.938342 0.636285 0.580189 0.424929 0.833662 0.184622 0.947119 0.284775 0.641864 0.977564 1.01489 0.06743 1.09695 0.541301 0.701815 0.236195 0.299533 0.308363 0.307163 0.572328 0.57892 0.378978 0.245937 1.2407 0.933492 0.808002 0.590501 0.867026 0.625775 0.509054 0.590027 0.889461
0.820854 0.250749 0.560263 0.406219 0.343185 0.911194 0.674791 0.462904 0.911423 0.369128 0.418515 0.905705 0.934051 0.306548 0.865666 0.427188 1.04733 0.720547 0.87789 0.364481 0.748051 0.301006 0.328072 0.4817 0.611604 0.341561 0.270221 0.667651 0.776594 1.12081 1.18612 0.561886 1.18498 1.26918 0.143606 0.18736 0.524268 0.749961 0.291823 0.552402 0.39976 0.987371 1.00579 1.00251 0.596976 0.501406 0.374067 0.851183 0.0880586 0.954197 0.254097 0.648621 1.07141 1.09762 0.174437 1.13915 0.658444 0.721802 0.255746 0.332327 0.222448 0.460945 0.580568 0.722566 0.586993 0.229724 1.14684 1.05831 0.837632 0.606321 0.683636 0.771081 0.281108 0.655851 0.897499
0.809918 0.30075 0.444783 0.353996 0.297978 1.01013 0.666614 0.425255 0.894217 0.0869617 0.226896 1.01367 0.878172 0.252607 1.00263 0.56255 0.932841 0.581487 0.828751 0.511979 0.692408 0.396558 0.428242 0.497991 0.7431 0.105251 0.11348 0.671044 0.923177 0.951042 1.24729 0.496492 1.07066 1.27431 0.35099 0.359954 0.698738 0.721477 0.257701 0.583382 0.355314 1.06315 1.06233 1.17364 0.803626 0.638082 0.459655 0.960538 0.130908 1.04524 0.463178 0.43948 1.01795 1.08986 0.26349 1.09927 0.417266 0.711108 0.431909 0.325476 0.442384 0.54214 0.630591 0.60961 0.653455 0.262791 1.25139 0.960445 0.630456 0.744474 0.645339 0.600428 0.51862 0.545949 0.870834
0.855892 0.400383 0.419645 0.276798 0.404475 0.924058 0.7028 0.259166 0.814128 0.32189 0.490227 0.809143 0.866098 0.149811 0.946162 0.540452 1.00226 0.699873 0.668722 0.345272 0.639117 0.376434 0.426062 0.631848 0.647752 0.252635 0.192772 0.712299 0.647926 1.04179 1.0309 0.747067 0.929937 1.13879 0.292637 0.434128 0.661559 0.733035 0.315318 0.624094 0.389881 1.0182 0.842263 0.975209 0.570347 0.708276 0.406275 0.778266 0.199408 1.02856 0.448742 0.490313 0.980388 1.03205 0.297057 1.2203 0.522616 0.865771 0.309187 0.152134 0.263553 0.553462 0.551812 0.619847 0.38969 0.126098 1.25895 0.943032 0.609229 0.723243 0.676111 0.677182 0.481447 0.61678 0.844395
0.763958 0.204538 0.613089 0.410286 0.282328 0.970924 0.676511 0.284332 0.98135 0.231272 0.301028 0.792401 0.763444 0.252247 0.952946 0.367379 0.93123 0.631019 0.848372 0.543013 0.760301 0.408882 0.230464 0.635117 0.538046 0.313546 0.213416 0.517638 0.801615 1.18551 1.1978 0.543983 1.00005 1.02382 0.228503 0.371193 0.580117 0.88973 0.188424 0.533658 0.471887 0.987089 0.83384 1.02275 0.823095 0.506202 0.334588 0.926196 0.323208 0.865209 0.540027 0.390734 1.15246 0.978826 0.132276 1.03761 0.568075 0.779464 0.414213 0.216975 0.350604 0.55808 0.496958 0.732645 0.602357 0.100947 1.16761 1.04861 0.590539 0.75573 0.745307 0.724859 0.355008 0.459459 0.982669
0.768436 0.167438 0.502591 0.350639 0.275847 1.1792 0.76213 0.450257 0.840587 0.249677 0.367769 0.901413 0.966841 0.141002 0.977097 0.421045 1.06767 0.785079 0.770702 0.334864 0.66613 0.381905 0.433687 0.431086 0.78318 0.0671134 0.243503 0.77072 0.726741 1.22333 1.21835 0.750749 1.01634 1.20986 0.3363 0.196613 0.435351 0.843616 0.26397 0.483673 0.5141 0.867732 0.891285 0.911498 0.682768 0.619346 0.432422 0.963099 0.06162 0.856686 0.531391 0.484448 1.02558 0.966141 0.23134 1.17563 0.670139 0.776024 0.503911 0.193901 0.472257 0.35106 0.398695 0.749808 0.414622 0.329387 1.01057 1.0781 0.831903 0.729084 0.659667 0.821058 0.432884 0.504448 0.839636
0.842278 0.133804 0.539038 0.232017 0.254282 1.10599 0.810825 0.381458 0.862511 0.077506 0.480783 0.861131 0.835036 0.293213 1.03709 0.478517 1.14854 0.760798 0.754698 0.326452 0.748621 0.472349 0.419757 0.536423 0.664232 0.167018 0.161503 0.739229 0.810089 1.10202 0.983678 0.736217 0.961489 1.23779 0.272676 0.177446 0.635714 0.779195 0.269016 0.536195 0.49576 0.817269 1.09212 0.916603 0.601183 0.702959 0.384068 0.979019 0.176239 1.02557 0.355252 0.384574 0.97511 0.964493 0.173634 1.24076 0.490623 0.776559 0.22938 0.292883 0.387091 0.384181 0.563711 0.624108 0.414968 0.286461 1.00089 1.02086 0.856866 0.544128 0.81312 0.791549 0.45449 0.647144 0.868724
0.907421 0.276692 0.434157 0.167976 0.330966 1.11892 0.730459 0.367356 0.963769 0.116532 0.500511 0.766084 0.90817 0.237847 1.0706 0.506515 1.04333 0.638742 0.943923 0.428186 0.778827 0.287264 0.459887 0.530496 0.584571 0.0982583 0.0148301 0.547181 0.687897 1.12317 1.01962 0.76596 1.17085 1.24606 0.296721 0.22736 0.555196 0.801488 0.338261 0.706762 0.547222 0.794783 1.04177 1.0305 0.627208 0.493563 0.41404 0.722821 0.304748 1.02524 0.255868 0.542567 0.987751 1.0487 0.12263 1.28908 0.534125 0.727347 0.303015 0.28821 0.233076 0.372945 0.645381 0.700859 0.521117 0.332002 1.09608 1.14896 0.691211 0.752404 0.730097 0.688749 0.375609 0.644157 0.833443
0.754269 0.248883 0.338538 0.210623 0.284701 1.19605 0.668039 0.190957 1.01122 0.345732 0.447156 1.03304 0.75962 0.223417 0.897357 0.514796 1.1225 0.559639 0.742859 0.438239 0.706884 0.199862 0.390375 0.62609 0.73477 0.342884 0.101116 0.682702 0.784564 1.02713 1.12916 0.671621 0.916615 0.999574 0.397601 0.391079 0.687395 0.932591 0.370891 0.589308 0.432457 1.03006 1.0186 1.11209 0.764971 0.479818 0.429185 0.953983 0.0357209 0.935745 0.365268 0.431785 1.12814 1.1086 0.282408 1.293 0.558921 0.92501 0.38191 0.0922825 0.479765 0.565893 0.51956 0.734069 0.495497 0.106397 0.992243 1.0815 0.605703 0.719416 0.795936 0.766721 0.409576 0.561438 1.04203
1.00282 0.24332 0.333067 0.367597 0.337087 0.952498 0.807359 0.469502 0.814418 0.150772 0.416817 0.819271 0.974029 0.42172 1.04034 0.499238 1.0783 0.806927 0.934866 0.594678 0.617603 0.226174 0.478254 0.505383 0.650872 0.159654 0.118123 0.696951 0.868419 1.23497 0.998733 0.537602 0.917494 1.23715 0.314442 0.161796 0.539253 1.01215 0.205222 0.629704 0.447905 0.960354 0.990135 1.01678 0.816905 0.456257 0.390458 0.759177 0.0819574 0.977275 0.502252 0.654936 1.1468 0.944305 0.108168 1.01968 0.621338 0.761795 0.254463 0.243808 0.341514 0.555136 0.584974 0.740434 0.439383 0.138699 1.02807 1.05561 0.588606 0.573398 0.828731 0.670524 0.396745 0.639763 0.947729
0.952882 0.152278 0.517771 0.273667 0.324544 0.996954 0.674596 0.4699 0.826456 0.119915 0.233905 0.79511 0.827238 0.418416 1.15233 0.621639 1.07402 0.580613 0.873445 0.312666 0.798552 0.442211 0.389135 0.520762 0.541127 0.347132 0.117037 0.533886 0.747685 1.13302 1.1757 0.534718 0.947513 1.18106 0.288319 0.343193 0.49904 0.854416 0.344021 0.639396 0.362813 0.861775 1.00979 0.989783 0.628335 0.605934 0.577174 0.772891 0.119874 0.938249 0.495597 0.625333 1.15267 1.12229 0.176234 1.01587 0.402049 0.874807 0.218101 0.056416 0.434378 0.401132 0.391219 0.665336 0.406512 0.358607 1.18928 0.940854 0.688978 0.673366 0.782448 0.77795 0.407816 0.410227 0.980595
0.897531 0.217518 0.534889 0.154863 0.452318 1.19194 0.915482 0.203765 0.892912 0.336931 0.211601 0.765404 0.906929 0.196638 0.926096 0.531174 0.996087 0.684299 0.712718 0.458972 0.800809 0.231393 0.384461 0.426013 0.668704 0.0945665 0.0205459 0.746976 0.915913 1.17148 1.04863 0.727657 1.06412 1.07549 0.305568 0.267468 0.62735 0.925441 0.157193 0.779068 0.397486 0.782359 0.98367 1.00623 0.713534 0.605703 0.499892 0.908218 0.207332 1.05216 0.445387 0.471412 0.97336 1.01006 0.0498611 1.01061 0.636599 0.734267 0.474118 0.247246 0.465652 0.442359 0.437808 0.489726 0.403766 0.327468 1.04554 1.16147 0.693214 0.502811 0.925415 0.698268 0.322662 0.420651 1.01228
0.945509 0.318817 0.534516 0.322511 0.45628 1.11233 0.662977 0.352146 1.06245 0.323966 0.282918 0.771788 0.858282 0.281912 0.857616 0.565123 1.10548 0.794654 0.74711 0.406684 0.82222 0.348167 0.426652 0.400634 0.596996 0.200261 0.0555166 0.802979 0.716537 0.997252 1.0332 0.686214 1.00675 1.24903 0.262413 0.317978 0.56403 1.00053 0.254642 0.590432 0.399877 0.943437 0.805295 0.914861 0.78887 0.716423 0.582663 0.919824 0.255299 0.997075 0.369719 0.542089 1.20981 1.1851 0.275329 1.294 0.441205 0.89007 0.426563 0.163866 0.40602 0.400117 0.437848 0.683106 0.432757 0.256836 1.02124 1.03217 0.613387 0.740134 0.895484 0.777224 0.229749 0.482805 1.05602
0.871691 0.225761 0.590566 0.289901 0.257043 0.946736 0.909936 0.409388 0.878775 0.228089 0.471045 0.919093 0.922225 0.207553 1.05707 0.480711 1.16935 0.623236 0.790058 0.382316 0.729412 0.296644 0.3157 0.660403 0.543712 0.288222 0.0368456 0.778088 0.702583 1.16808 1.18126 0.483494 1.04636 1.20897 0.128708 0.370339 0.704611 0.790887 0.395793 0.56827 0.338936 0.939065 0.964271 1.09654 0.530986 0.435714 0.550705 0.737281 0.112331 0.868768 0.494722 0.586471 1.07037 1.16795 0.055772 1.09729 0.473818 0.723136 0.502381 0.291715 0.449052 0.510535 0.545086 0.644667 0.516593 0.223443 1.21995 1.06439 0.574366 0.702535 0.730722 0.868773 0.51825 0.584408 0.849195
0.934792 0.377637 0.536696 0.396385 0.490038 0.974244 0.898168 0.385114 0.81392 0.154608 0.261328 0.867138 0.819866 0.15544 0.956321 0.526613 1.13946 0.59549 0.873791 0.354579 0.6235 0.293447 0.415834 0.594422 0.781066 0.274859 0.162663 0.606963 0.76728 1.0302 1.1623 0.555465 0.924086 0.994725 0.259749 0.143164 0.545169 0.798641 0.141722 0.642368 0.587664 0.853645 0.999761 1.02044 0.719176 0.600088 0.544853 0.875558 0.330813 0.915869 0.391629 0.439872 1.18587 0.9418 0.222741 1.28256 0.639077 0.858446 0.428958 0.261789 0.432948 0.496894 0.589706 0.683591 0.434521 0.342004 1.22959 1.18156 0.594823 0.514493 0.865684 0.864253 0.285874 0.433537 0.972785
0.729738 0.165786 0.478934 0.363989 0.391471 1.05406 0.775506 0.45685 0.942258 0.132732 0.219078 0.827221 0.952581 0.370043 0.943367 0.488358 1.06272 0.816188 0.877308 0.313448 0.658189 0.46732 0.234438 0.5827 0.721749 0.321829 0.0375408 0.756369 0.700106 1.19529 1.23188 0.605607 0.96321 1.02096 0.272671 0.295582 0.562456 1.00606 0.317754 0.709547 0.564657 0.818852 1.04793 1.04254 0.662585 0.616757 0.334182 0.882416 0.283154 1.04057 0.259178 0.422666 1.12661 1.18459 0.299518 1.02014 0.462991 0.743717 0.444113 0.144004 0.316227 0.332919 0.635185 0.546607 0.606718 0.214753 1.00337 1.03337 0.692799 0.483975 0.779374 0.700272 0.352062 0.627097 0.908324
0.847383 0.340627 0.373384 0.213385 0.27806 1.12866 0.793708 0.334071 0.988775 0.24786 0.340047 0.983091 0.744112 0.266554 0.893625 0.462943 0.950035 0.805556 0.923914 0.395736 0.807033 0.448517 0.496106 0.534724 0.639443 0.233276 0.158368 0.606336 0.766932 1.01063 1.13211 0.7117 1.03452 1.25443 0.374349 0.226572 0.592111 0.99188 0.254988 0.489329 0.572928 1.06642 1.0863 1.01885 0.534055 0.638188 0.412934 0.714419 0.172459 0.95061 0.366632 0.480208 1.19893 1.09028 0.0597998 1.0163 0.491306 0.815059 0.376605 0.0649043 0.419859 0.559562 0.604315 0.766311 0.374564 0.280039 1.1257 1.0229 0.647267 0.523769 0.845135 0.632183 0.482156 0.442228 0.792474
1.0025 0.159451 0.613936 0.346795 0.237325 1.03052 0.937104 0.213708 0.94907 0.117069 0.503569 0.806951 0.886042 0.146908 0.999535 0.605171 1.0178 0.540834 0.782431 0.349669 0.728818 0.383679 0.463107 0.660711 0.589243 0.107584 0.102534 0.516283 0.695929 1.08059 1.22155 0.664515 1.16582 1.23848 0.378405 0.188397 0.648273 0.904308 0.438584 0.555453 0.61363 1.00454 1.04515 1.04402 0.580634 0.435085 0.357257 0.951456 0.116693 0.860525 0.44566 0.59609 1.17884 1.12592 0.10171 1.06011 0.680888 0.767843 0.244917 0.315157 0.323971 0.362027 0.538519 0.476285 0.464987 0.168497 0.982281 1.16954 0.598715 0.507831 0.882745 0.829586 0.351678 0.548121 0.957065
0.94036 0.375302 0.574373 0.374255 0.243269 0.946467 0.753882 0.224653 0.881374 0.13183 0.353295 0.853561 0.768083 0.216061 1.07639 0.560398 1.07776 0.548942 0.673005 0.544509 0.719793 0.258971 0.288631 0.506049 0.699017 0.210153 0.0808555 0.710572 0.759033 1.2013 1.23498 0.683804 0.925348 1.00386 0.276408 0.18109 0.691083 0.765463 0.349106 0.542612 0.365409 0.947209 0.827589 1.19349 0.802366 0.440855 0.473424 0.797198 0.302316 1.11557 0.260143 0.384966 1.16527 1.01101 0.0107867 1.16588 0.626177 0.873813 0.239039 0.102321 0.216235 0.368167 0.567415 0.589287 0.472498 0.256605 1.19069 0.988117 0.659771 0.608602 0.670846 0.653933 0.416397 0.601617 1.0149
0.815545 0.289282 0.565585 0.220458 0.382756 1.14874 0.736664 0.188562 0.975017 0.118008 0.392253 0.739418 1.00836 0.229651 0.99783 0.406027 1.10211 0.605323 0.950665 0.569466 0.736578 0.182956 0.214176 0.550807 0.795383 0.167791 0.252506 0.750306 0.727445 1.14132 1.23541 0.6643 1.01152 1.04186 0.167406 0.291265 0.609479 0.868539 0.179496 0.548041 0.421543 1.0521 1.01103 1.12203 0.627106 0.610506 0.406923 0.928509 0.165743 1.02842 0.517781 0.388564 1.00404 1.114 0.247707 1.00318 0.639424 0.89447 0.255037 0.177712 0.222273 0.355381 0.627894 0.714701 0.419477 0.319552 1.01623 0.939983 0.69715 0.752328 0.811558 0.889226 0.441585 0.602001 1.00589
0.935267 0.333633 0.435883 0.148642 0.211205 1.02477 0.734187 0.205912 0.974706 0.102866 0.243569 0.936807 0.981248 0.258582 0.926707 0.35697 1.15102 0.671292 0.681491 0.561387 0.593796 0.455128 0.266379 0.400003 0.800766 0.0637527 0.0201335 0.618639 0.77187 1.20399 1.02417 0.678767 0.947237 1.16943 0.243889 0.393797 0.473867 0.866071 0.193961 0.709207 0.606269 0.794019 1.02683 0.928441 0.797351 0.482591 0.513206 0.918988 0.314025 1.10394 0.289221 0.596517 1.23693 1.03471 0.28392 1.10326 0.519951 0.907007 0.443057 0.0731831 0.426074 0.520542 0.388474 0.690524 0.574839 0.157205 1.28038 0.90519 0.825156 0.579491 0.674403 0.669899 0.319932 0.413571 0.875222
