25 75
0.344024 0.66465 0.79476 1.09059 0.444305 0.685169 0.69095 1.1137 0.173588 0.747401 0.938266 0.792886 0.944649 0.765369 1.1236 0.258141 0.791205 0.989979 0.487685 0.727517 0.636121 0.36208 0.698986 0.967302 0.880513 1.0175 0.389546 0.996213 0.52342 0.170098 1.13927 0.967456 0.974075 0.798335 0.707356 1.07665 0.666158 0.342256 0.676723 0.3507 1.04055 0.544008 0.388888 0.81231 0.153909 0.47569 0.4711 0.501947 0.805259 0.636725 1.0959 0.937547 0.376891 0.403639 0.256574 1.02194 0.318497 0.817602 0.570687 0.673656 0.190838 0.235373 0.804812 0.35639 0.659994 0.501212 0.394912 0.697589 0.952598 0.698746 0.14299 0.400566 0.235033 0.825726 0.269263
0.381351 0.741258 0.826721 1.00582 0.221778 0.59212 0.65137 1.07685 0.440866 0.781524 0.972704 0.876455 0.812973 0.915395 1.01383 0.24285 0.958119 0.742522 0.657795 0.575693 0.598754 0.369455 0.659476 0.928521 0.682402 1.05296 0.420131 0.96076 0.474451 0.260323 1.1528 0.994434 1.06106 0.714891 0.868109 1.01363 0.875931 0.166375 0.64537 0.517571 1.01911 0.315998 0.358775 0.726305 0.188387 0.594551 0.555422 0.34681 0.801851 0.53697 1.03698 1.15193 0.507884 0.5315 0.241049 0.987416 0.49581 0.755653 0.768909 0.491371 0.334221 0.364862 0.96412 0.359445 0.609813 0.414017 0.304104 0.707363 0.747601 0.649032 0.105877 0.326739 0.413099 0.683269 0.534594
0.134282 0.866179 0.714112 0.931986 0.270673 0.774697 0.619821 1.05017 0.419056 0.636078 1.05397 0.917808 0.794418 0.678118 1.12452 0.352272 0.885172 0.959653 0.460354 0.677669 0.515417 0.375257 0.867834 0.873583 0.840026 1.16486 0.444569 1.2345 0.603132 0.166461 1.09942 1.14317 1.07806 0.732313 0.751769 0.96782 0.917817 0.0912718 0.702334 0.48823 0.930949 0.412557 0.411326 0.827318 0.397426 0.586494 0.364256 0.508783 0.840848 0.692204 0.911376 1.155 0.503217 0.429574 0.17523 0.961644 0.422637 0.707548 0.734907 0.598772 0.45115 0.160491 0.750744 0.245123 0.644899 0.488734 0.237842 0.759847 0.994929 0.702557 0.231934 0.160543 0.207608 0.88776 0.392307
0.366805 0.687797 0.737684 1.22805 0.278106 0.531021 0.755735 0.999875 0.241186 0.532854 1.11159 0.786329 0.699528 0.829313 0.964909 0.480102 0.898398 0.994778 0.650911 0.616556 0.584758 0.454868 0.933724 0.94622 0.900782 1.08141 0.610865 1.00726 0.52687 0.237063 1.12812 0.929067 1.24998 0.948032 0.702195 1.0202 0.678018 0.183992 0.752246 0.254422 0.839733 0.565046 0.28211 0.72233 0.392783 0.602921 0.329791 0.447769 0.724428 0.728984 1.10908 1.07451 0.651713 0.499509 0.184609 1.01379 0.546377 0.878631 0.773509 0.53887 0.47229 0.278044 0.726457 0.248785 0.502408 0.452007 0.396237 0.635831 0.733331 0.573635 0.0324366 0.315921 0.357875 0.695874 0.429665
0.312707 0.658522 0.80869 1.16461 0.30552 0.709285 0.634564 0.879085 0.165616 0.627868 1.15028 0.906455 0.669556 0.867892 0.877575 0.471481 0.746777 0.71337 0.501011 0.666697 0.488846 0.34302 0.843093 0.910825 0.692637 1.04564 0.537124 1.00842 0.646617 0.255679 1.27158 0.960546 1.16448 0.908984 0.648112 1.11341 0.787627 0.167046 0.766515 0.249778 1.02976 0.542357 0.366869 0.799014 0.16004 0.511209 0.50988 0.584616 0.925604 0.705769 0.908333 1.11066 0.558779 0.367639 0.158117 0.926204 0.438015 0.688782 0.657585 0.575122 0.298719 0.382294 0.819993 0.375118 0.436897 0.482054 0.35 0.717685 0.725612 0.492834 0.118268 0.402791 0.407607 0.907274 0.33688
0.421066 0.761531 0.919209 1.04679 0.414354 0.634759 0.612046 0.877168 0.306372 0.621283 1.13849 0.948108 0.67293 0.914051 1.01902 0.369262 0.907871 0.962667 0.505293 0.511013 0.570678 0.349567 0.830004 0.981636 0.721059 0.944013 0.617067 0.985692 0.506432 0.407247 1.24013 1.09327 0.99518 0.944186 0.689295 1.14154 0.683528 0.232421 0.830372 0.421299 0.864045 0.447668 0.387283 0.794068 0.239043 0.506111 0.429265 0.56674 1.00817 0.692278 0.938832 0.955415 0.485052 0.559909 0.161811 0.96135 0.455932 0.956648 0.683248 0.426368 0.221203 0.326249 0.703075 0.288851 0.633501 0.605403 0.297904 0.835352 0.986183 0.475205 0.264425 0.372419 0.288044 0.803925 0.365103
0.135329 0.667262 0.757889 0.990368 0.285406 0.763758 0.625556 1.01285 0.290937 0.516394 0.995027 0.804166 0.749362 0.698845 0.927058 0.265689 0.671404 0.824124 0.560423 0.598827 0.478433 0.552507 0.821196 0.779558 0.912159 0.960139 0.611762 1.08564 0.437476 0.168571 1.00218 0.924503 1.11393 0.78776 0.764314 1.12052 0.821089 0.248405 0.617769 0.408609 0.85191 0.553681 0.285045 0.812499 0.270384 0.580226 0.341852 0.529436 0.904067 0.629531 0.930979 1.15331 0.362145 0.473396 0.0562028 0.930855 0.572457 0.869322 0.73771 0.690021 0.395978 0.325592 0.909693 0.253596 0.629572 0.474423 0.355219 0.810034 0.858284 0.534669 0.212569 0.330295 0.22849 0.844243 0.561762
0.239724 0.722729 0.928988 0.974646 0.33735 0.606318 0.567148 0.909542 0.219051 0.496917 0.854341 0.926479 0.704362 0.952111 0.840094 0.317973 0.752535 0.733455 0.732991 0.632204 0.646935 0.394673 0.762534 0.73684 0.837269 1.18141 0.480013 1.14969 0.619893 0.146639 1.20576 1.14327 1.00209 0.674302 0.760856 1.17468 0.804534 0.342423 0.709442 0.48836 1.12636 0.55001 0.200075 0.695006 0.22911 0.699388 0.423946 0.526187 0.80552 0.570245 1.07708 1.18318 0.589492 0.58145 0.0986886 0.93526 0.611849 0.855533 0.853353 0.413374 0.306944 0.198337 0.729149 0.479277 0.663319 0.62442 0.256751 0.586709 0.962128 0.560517 0.157576 0.156092 0.294905 0.814984 0.526227
0.281729 0.703384 0.718412 0.960409 0.399536 0.599316 0.627757 0.863044 0.173039 0.523647 1.06132 0.739988 0.73153 0.90202 0.974245 0.262825 0.73209 0.920433 0.51407 0.619967 0.691206 0.376458 0.920381 0.736581 0.808615 1.08151 0.502676 1.03017 0.397126 0.223086 1.24537 1.17326 1.23982 0.796174 0.705633 0.944424 0.754276 0.332703 0.852364 0.38322 0.978016 0.291435 0.159893 0.594168 0.346033 0.635391 0.473197 0.587445 0.778735 0.635043 0.889192 0.931188 0.531684 0.492806 0.0495173 1.04191 0.544593 0.776644 0.71711 0.489692 0.427035 0.340118 0.833608 0.25659 0.409572 0.659497 0.272639 0.713903 0.781022 0.50948 0.107027 0.377738 0.346976 0.889779 0.334
0.309619 0.636324 0.862469 1.05625 0.507336 0.782604 0.515974 0.86775 0.446696 0.772702 1.12022 0.952101 0.68308 0.807653 0.829081 0.5027 0.821686 0.925798 0.637059 0.68285 0.506364 0.56487 0.779434 0.855247 0.768665 1.018 0.417679 0.958555 0.606778 0.3786 1.17268 1.07935 1.16474 0.82577 0.640777 1.02459 0.765165 0.265259 0.750588 0.318819 0.86383 0.435106 0.35951 0.67152 0.200157 0.464565 0.539129 0.318569 0.997354 0.764742 1.03209 1.12207 0.43038 0.560741 0.158209 0.926585 0.493446 0.946921 0.756679 0.680404 0.284604 0.204346 0.963925 0.304695 0.643085 0.626556 0.39178 0.858436 0.961313 0.659284 0.289989 0.250786 0.242249 0.827138 0.365446
0.194812 0.67872 0.954618 1.13764 0.504936 0.728511 0.716631 1.03166 0.326695 0.559796 1.0474 0.714972 0.78222 0.954632 0.860213 0.480992 0.780021 0.773122 0.682967 0.532302 0.624209 0.447274 0.656874 1.02113 0.773105 1.15538 0.411106 1.22703 0.46263 0.358317 1.11223 1.11883 1.10271 0.908453 0.75208 1.11052 0.68973 0.12406 0.832402 0.251856 0.842087 0.372829 0.151713 0.756024 0.310016 0.698437 0.544823 0.381415 0.862534 0.701853 0.99651 1.05202 0.366735 0.63664 0.0715835 1.07616 0.364205 0.8186 0.854134 0.455074 0.426826 0.168719 0.87217 0.434579 0.527005 0.705558 0.407239 0.759834 0.960721 0.52303 0.160067 0.433877 0.180893 0.746163 0.498511
0.252184 0.658688 0.80327 1.17981 0.380624 0.750207 0.737773 0.988188 0.326158 0.650374 1.02099 0.950533 0.697098 0.69539 1.11641 0.399123 0.669425 0.920921 0.616412 0.587849 0.558091 0.540007 0.69094 0.874039 0.793063 1.16406 0.503275 1.04499 0.594898 0.353146 1.18548 1.04843 1.12419 0.904474 0.797619 0.929296 0.824463 0.305071 0.839796 0.469033 0.917176 0.305646 0.243917 0.845467 0.237724 0.533082 0.448447 0.52739 0.756273 0.747573 0.925512 1.06837 0.363606 0.613005 0.0779925 0.903436 0.527927 0.813541 0.617595 0.585365 0.377648 0.372593 0.867978 0.376921 0.625323 0.613897 0.229085 0.836094 0.875874 0.727575 0.106537 0.305957 0.220276 0.822969 0.478377
0.293621 0.810364 0.845372 0.969667 0.287844 0.721 0.532361 0.952254 0.402079 0.746549 1.13 0.916378 0.896223 0.864497 1.04584 0.476275 0.777857 0.97991 0.476927 0.526897 0.691333 0.561027 0.843399 0.94167 0.696781 1.10219 0.548492 1.19349 0.517831 0.177006 1.08447 1.03289 1.17278 0.667651 0.71111 0.918124 0.835794 0.349007 0.610375 0.490484 0.893458 0.4974 0.202399 0.706568 0.25324 0.666794 0.413689 0.544356 1.00084 0.724702 1.11418 1.07062 0.456346 0.380393 0.133944 0.996471 0.569429 0.799421 0.679069 0.474692 0.40937 0.270252 0.850685 0.310557 0.450097 0.413278 0.294697 0.798883 0.958737 0.676648 0.182988 0.357537 0.291924 0.789762 0.506821
0.235363 0.857034 0.849528 1.12538 0.364731 0.542567 0.548801 1.13638 0.315914 0.664852 1.04102 0.876168 0.67446 0.892847 0.878919 0.425076 0.883668 0.792727 0.507268 0.574335 0.51437 0.333021 0.899239 0.892326 0.760479 1.04232 0.512331 1.04182 0.487277 0.191108 1.19278 0.992806 1.23543 0.931089 0.856568 1.08576 0.7744 0.360053 0.745092 0.257689 0.864825 0.433079 0.235035 0.681707 0.418941 0.518258 0.43499 0.482689 0.757306 0.498686 0.881646 1.11766 0.361688 0.645189 0.0990493 1.15396 0.368433 0.859549 0.694312 0.60891 0.345684 0.313058 0.929832 0.332226 0.583294 0.538664 0.318562 0.589066 0.857401 0.654767 0.0753559 0.369281 0.320655 0.761047 0.501313
0.196513 0.712293 0.936998 1.06952 0.430666 0.785131 0.603758 0.931471 0.254466 0.544862 0.895154 0.909647 0.795514 0.794375 0.922591 0.357746 0.697269 0.903742 0.572249 0.600482 0.483744 0.355981 0.757497 0.907399 0.630167 1.04727 0.402136 1.16153 0.628421 0.349765 1.10272 1.03214 1.14836 0.659849 0.639321 1.07512 0.775238 0.0693631 0.683613 0.474992 1.02283 0.529194 0.128795 0.640656 0.215151 0.463507 0.528086 0.499828 0.871545 0.784103 1.11441 0.949861 0.454221 0.612496 0.252075 1.10414 0.497321 0.739484 0.606534 0.460144 0.259675 0.199938 0.784988 0.403411 0.472702 0.628765 0.437148 0.823532 0.769918 0.647672 0.0366533 0.176603 0.424047 0.676249 0.388469
0.397833 0.887402 0.818518 1.06925 0.449671 0.561461 0.524317 1.14009 0.389579 0.630751 1.14576 0.890304 0.90813 0.850758 1.03885 0.465799 0.89903 0.915862 0.445563 0.758272 0.574445 0.338579 0.823795 0.932351 0.696041 1.0166 0.605821 1.01693 0.485214 0.236568 0.998688 0.892452 1.04146 0.689848 0.811289 1.15614 0.749511 0.316958 0.761479 0.381815 1.02848 0.565836 0.269626 0.83776 0.31753 0.572365 0.493137 0.58237 0.721579 0.527722 1.05663 1.07793 0.648813 0.425118 0.324225 1.16154 0.485442 0.761733 0.58483 0.504281 0.378299 0.393729 0.878378 0.215118 0.602433 0.693552 0.280977 0.741645 1.0041 0.565707 0.235841 0.361479 0.311899 0.722796 0.452099
0.235319 0.606506 0.827608 1.06461 0.428478 0.706701 0.498719 0.954807 0.180917 0.785515 0.977223 0.798542 0.938987 0.697327 1.03811 0.388171 0.93235 0.83758 0.646138 0.673015 0.500525 0.569865 0.8869 0.966881 0.716842 1.04319 0.509126 1.05548 0.417031 0.334793 1.07024 0.896161 1.09324 0.661457 0.642694 1.00634 0.692066 0.275713 0.846037 0.512847 1.01018 0.447822 0.409864 0.804978 0.220149 0.710977 0.46847 0.321046 0.754302 0.605466 0.818499 1.01131 0.481336 0.658718 0.0830457 1.13004 0.57396 0.728671 0.662902 0.405956 0.31818 0.150618 0.687541 0.408455 0.656232 0.678486 0.274883 0.736528 0.710346 0.457486 0.085554 0.384365 0.251776 0.767771 0.408841
0.176083 0.630881 0.717972 1.11749 0.33344 0.609568 0.761713 0.9046 0.254824 0.743193 0.877721 0.918313 0.861837 0.890956 0.981739 0.280498 0.738858 0.871141 0.707926 0.721776 0.696318 0.295816 0.84788 0.777827 0.740485 1.09657 0.39598 1.07669 0.569586 0.41783 1.24249 1.13271 1.05773 0.711393 0.81153 1.04572 0.830402 0.12124 0.85298 0.527994 1.03459 0.413837 0.204085 0.788321 0.138706 0.511875 0.340974 0.457596 0.91482 0.625865 0.937655 1.09135 0.436926 0.477933 0.311479 1.01715 0.419975 0.848115 0.665079 0.607639 0.430459 0.14629 0.952072 0.277492 0.644346 0.563303 0.395237 0.62111 0.815101 0.662999 0.25977 0.30468 0.41736 0.892948 0.275471
0.166787 0.644031 0.751462 1.08288 0.370931 0.711901 0.726843 1.00048 0.25664 0.713606 1.1121 0.689982 0.658876 0.682144 0.936416 0.32185 0.67288 0.938159 0.460185 0.735613 0.542979 0.342553 0.932311 0.932572 0.778358 1.10165 0.486428 0.987099 0.425963 0.256494 1.27946 1.1558 1.22547 0.773057 0.740691 0.925242 0.839639 0.165557 0.788098 0.30176 1.01577 0.523673 0.373714 0.889271 0.411414 0.612884 0.306821 0.321607 0.834564 0.545228 0.819281 0.982995 0.506542 0.416865 0.153725 1.08388 0.33589 0.800011 0.817179 0.569959 0.205222 0.322283 0.794946 0.193264 0.689841 0.697145 0.388485 0.816049 0.881672 0.512805 0.248595 0.427886 0.273475 0.703023 0.385439
0.38326 0.900205 0.808852 1.01335 0.247462 0.566556 0.473721 0.998609 0.182663 0.498702 1.06214 0.801855 0.772939 0.704336 0.832477 0.400971 0.825857 0.941998 0.610734 0.614891 0.555131 0.356452 0.840383 0.759806 0.638441 1.04458 0.511269 0.954346 0.565862 0.299149 1.22777 0.962189 1.13 0.72585 0.747759 1.10679 0.687351 0.348311 0.848258 0.238178 0.942989 0.49098 0.236601 0.796029 0.189152 0.481383 0.565001 0.341002 0.99981 0.670586 0.901748 1.1497 0.590311 0.459089 0.21599 1.05028 0.39589 0.930562 0.711183 0.462688 0.420476 0.165312 0.931068 0.193384 0.669804 0.563806 0.169397 0.686997 0.812344 0.544643 0.115373 0.320389 0.248857 0.738649 0.366856
0.293306 0.901405 0.891447 1.03323 0.321714 0.550828 0.61154 0.950523 0.255449 0.686311 1.09557 0.980833 0.75638 0.715032 0.875521 0.514839 0.784459 0.743604 0.588712 0.526711 0.697057 0.530336 0.73787 0.769924 0.877604 1.09703 0.330898 0.979644 0.643837 0.323956 1.19177 1.14854 1.07211 0.884468 0.713343 1.08513 0.929225 0.330783 0.641179 0.416099 0.886563 0.355362 0.282771 0.684268 0.23881 0.441729 0.295441 0.352855 0.853635 0.507261 0.848171 0.946456 0.470406 0.419025 0.258945 0.915924 0.578148 0.793076 0.840492 0.478855 0.276297 0.371842 0.719346 0.208593 0.645157 0.572903 0.158166 0.827967 0.886839 0.717568 0.0508599 0.154887 0.348196 0.705552 0.325133
0.266378 0.876365 0.761138 1.0208 0.314784 0.738866 0.564008 0.961978 0.291588 0.710511 0.927624 0.790899 0.814137 0.931106 1.01698 0.324017 0.699285 0.85336 0.626312 0.678123 0.432414 0.440059 0.927638 1.02073 0.699287 0.984594 0.613398 1.12583 0.46758 0.138325 1.05247 0.949052 1.16364 0.712462 0.865515 1.08908 0.796651 0.189427 0.718262 0.356069 0.949595 0.572889 0.360534 0.629127 0.264285 0.547167 0.312324 0.502769 0.79862 0.702943 0.844602 0.968059 0.59775 0.497025 0.326811 1.15206 0.536291 0.853591 0.704863 0.701591 0.446354 0.174777 0.805873 0.32243 0.60473 0.617431 0.220793 0.804831 0.862869 0.558676 0.163109 0.372886 0.297829 0.952311 0.49998
0.268847 0.714999 0.733641 1.17869 0.425609 0.596021 0.565719 0.935943 0.212323 0.513876 0.942504 0.950918 0.67836 0.911221 0.871985 0.347422 0.894648 0.827508 0.462112 0.649847 0.420497 0.522282 0.718241 0.775624 0.81549 1.23836 0.328625 1.03784 0.473335 0.430281 1.07456 0.986209 1.04738 0.691531 0.767892 1.03019 0.936803 0.164446 0.895076 0.336788 1.07453 0.403717 0.19559 0.609929 0.260871 0.560437 0.37981 0.45013 0.964671 0.613181 0.977362 1.18533 0.501055 0.541568 0.276511 1.1144 0.507628 0.837962 0.839788 0.494982 0.188329 0.190778 0.969693 0.345702 0.675233 0.571599 0.262195 0.607259 0.745879 0.490233 0.290397 0.194584 0.286225 0.706216 0.270217
0.372302 0.753117 0.955949 0.947387 0.472077 0.665317 0.657591 1.04573 0.430031 0.631332 0.911978 0.955694 0.824606 0.755869 0.847086 0.424033 0.846918 0.780983 0.447091 0.77258 0.555332 0.396514 0.920753 0.973977 0.806892 0.950665 0.42391 1.23997 0.664162 0.243724 0.991439 1.08824 1.09094 0.737347 0.670713 0.915291 0.850294 0.0896157 0.644586 0.400258 1.10223 0.558179 0.349689 0.82888 0.324305 0.552438 0.478182 0.410623 0.78699 0.548513 0.960158 1.20133 0.443864 0.652966 0.202351 1.11575 0.465196 0.912133 0.713698 0.566301 0.472436 0.334597 0.754283 0.449276 0.461368 0.598093 0.211876 0.638787 0.943444 0.612023 0.316963 0.241887 0.143896 0.88056 0.499941
0.404888 0.825138 0.805573 1.02302 0.343157 0.611952 0.516126 0.90806 0.400717 0.759113 1.01879 0.90822 0.820941 0.775176 0.834912 0.253899 0.855163 0.748266 0.67736 0.567745 0.585287 0.373837 0.848513 0.909426 0.792222 0.998985 0.525097 1.21286 0.483609 0.215983 1.20035 0.954113 1.2525 0.794341 0.748785 1.00037 0.863266 0.0963136 0.620084 0.357218 0.844516 0.509723 0.213835 0.853665 0.421053 0.511053 0.300599 0.458478 0.729857 0.639933 0.939322 0.932381 0.505222 0.382147 0.141386 0.972586 0.541463 0.798185 0.579313 0.700613 0.35418 0.288508 0.929252 0.27996 0.58405 0.701599 0.387524 0.767577 0.961333 0.590332 0.245031 0.293367 0.145624 0.705073 0.514315
