25 75
0.957998 1.15756 0.681432 0.346405 0.789621 0.0774676 0.715948 0.721361 0.87685 0.382187 0.381084 0.816623 0.901234 0.705791 0.247592 1.16405 0.311249 0.653194 1.0435 0.455117 0.772847 0.3112 1.07127 0.354211 1.19818 0.330853 0.459213 0.541538 1.11153 0.680184 0.992546 1.14341 0.253256 1.10846 0.435306 0.53407 1.14602 0.384643 0.46936 0.0944415 0.424854 0.915515 0.0727563 0.729376 0.648305 0.858314 0.677189 1.06513 0.853587 0.72686 0.570999 1.2351 0.185311 0.762493 0.782917 0.650313 0.779635 0.973335 0.555768 0.383209 0.455003 1.21115 0.43553 0.45132 0.724992 0.265266 0.708036 0.866304 1.09246 0.855963 0.181238 1.065 0.217302 0.748625 0.341105
1.03622 1.1612 0.843369 0.433561 0.650913 0.0579673 0.761536 0.789929 0.721998 0.3327 0.307234 0.807553 0.684984 0.659153 0.091167 0.99466 0.270142 0.506583 0.956358 0.406999 0.715129 0.291982 1.02439 0.477354 1.14845 0.367433 0.309255 0.538433 0.98634 0.659443 1.24364 1.13376 0.463916 1.19464 0.526694 0.753111 1.10158 0.251007 0.667152 0.131212 0.342223 0.940156 0.145925 0.72016 0.587404 0.681783 0.568309 0.870607 0.594752 0.73288 0.531406 1.20714 0.353573 0.56298 0.591331 0.632924 0.914555 1.01855 0.555063 0.434166 0.380974 1.15314 0.427065 0.591737 0.756385 0.230637 0.62574 0.847835 0.952191 0.878101 0.195698 0.947738 0.30514 0.502444 0.499496
1.16117 0.899428 0.952491 0.466585 0.77772 0.118492 0.762987 0.986565 0.995175 0.206181 0.411713 0.781504 0.916507 0.438878 0.109795 1.13573 0.222451 0.6727 1.04913 0.314779 0.759296 0.157359 1.18087 0.490012 1.19198 0.489873 0.501142 0.580002 1.0231 0.637339 1.16336 0.923231 0.373989 0.944993 0.392579 0.631246 1.02542 0.42806 0.500771 0.0777531 0.448225 0.985586 0.0303689 0.877916 0.511982 0.779072 0.65353 1.07907 0.809799 0.643899 0.58649 1.26487 0.389057 0.770503 0.686231 0.684772 0.885663 1.13197 0.804108 0.469024 0.447931 1.28263 0.266382 0.444055 0.800265 0.328093 0.605421 1.02775 1.0702 0.937699 0.0576111 1.12555 0.406078 0.618214 0.569953
1.04226 1.04118 0.920941 0.519694 0.708474 0.164567 0.788403 0.831486 0.705714 0.464235 0.371382 0.948362 0.68481 0.606237 0.093105 1.11695 0.276575 0.528227 0.935129 0.450805 0.844883 0.258571 0.991061 0.223405 1.14712 0.450771 0.479347 0.562344 0.984758 0.496329 1.10142 1.11812 0.378488 1.14673 0.30041 0.715039 1.19712 0.447875 0.689459 0.202484 0.434411 0.861181 0.133853 0.745432 0.630854 0.61608 0.53905 0.972582 0.791446 0.688949 0.4029 1.10633 0.233467 0.606208 0.741991 0.673464 0.675978 0.964084 0.761754 0.259028 0.350995 1.1953 0.352313 0.570822 0.691894 0.283571 0.713883 0.944302 1.17597 1.01548 0.180982 1.10032 0.31508 0.701208 0.546807
1.01116 1.12047 0.689655 0.601748 0.65668 0.354342 0.715284 0.714041 0.900006 0.279313 0.15902 0.696626 0.795651 0.557819 0.070335 1.16264 0.344729 0.554508 1.07119 0.428601 0.798328 0.288321 1.08952 0.458292 1.08027 0.361439 0.297761 0.51528 1.15218 0.469534 1.22171 1.14372 0.451011 1.1103 0.312901 0.600842 1.11345 0.488818 0.478835 0.0575375 0.299811 0.869177 0.0849081 0.720282 0.625144 0.753084 0.747315 0.984165 0.861531 0.547917 0.615774 1.09792 0.338279 0.788734 0.76591 0.39146 0.721497 1.19411 0.555243 0.380452 0.289699 1.00133 0.16451 0.47933 0.785981 0.396849 0.587401 1.07597 1.20783 0.916702 0.2082 0.989431 0.470289 0.528162 0.467345
0.960776 1.11791 0.723095 0.560363 0.640171 0.276238 0.859121 0.95396 0.997598 0.300326 0.394983 0.876682 0.831315 0.586563 0.261819 1.04112 0.113522 0.632196 1.14182 0.5227 0.694139 0.371082 1.00077 0.348021 1.1322 0.514242 0.300913 0.594285 1.1551 0.631778 1.19447 1.17277 0.450858 1.16597 0.365029 0.705961 1.03755 0.370618 0.534004 0.126791 0.420406 0.991544 0.278506 0.76997 0.720028 0.765279 0.531381 1.0924 0.659788 0.528678 0.373306 1.27583 0.395662 0.740603 0.692974 0.587807 0.654006 1.01593 0.790824 0.498098 0.388028 1.159 0.263758 0.509019 0.740818 0.303394 0.700006 0.839615 0.975394 0.979748 0.251761 1.11181 0.39437 0.601269 0.494348
1.0586 0.970237 0.861644 0.457091 0.590837 0.165225 0.848117 0.750323 0.815811 0.462301 0.209454 0.83273 0.828841 0.594868 0.289018 1.11434 0.153082 0.503635 1.11502 0.348617 0.689119 0.252312 0.896089 0.244893 1.16841 0.467179 0.289964 0.630513 0.966812 0.706505 1.06386 0.969475 0.213655 1.0316 0.285672 0.746298 1.06761 0.438319 0.558376 0.213568 0.431992 0.961164 0.128174 0.751129 0.723042 0.584941 0.704256 0.962577 0.629944 0.521409 0.47713 1.21029 0.314736 0.773147 0.536985 0.591685 0.91797 1.1504 0.760074 0.541381 0.495097 1.2574 0.263075 0.42647 0.76143 0.395758 0.713091 0.907453 1.12799 1.01686 0.146044 1.07882 0.232106 0.576975 0.635801
0.9101 0.919338 0.825961 0.56497 0.812015 0.260262 0.754231 0.808947 0.849397 0.458929 0.325638 0.785382 0.741259 0.719706 0.242372 1.0615 0.262394 0.60095 1.06701 0.536346 0.769259 0.185241 1.12475 0.431213 1.19487 0.288618 0.515674 0.50881 0.955905 0.740189 1.00991 1.01636 0.334337 1.21329 0.256053 0.707039 0.957737 0.376718 0.469836 0.102769 0.508036 0.907815 0.220904 0.811774 0.592875 0.824352 0.827004 0.884988 0.625559 0.481702 0.595743 1.1243 0.397466 0.658393 0.587328 0.667267 0.638006 0.99477 0.772837 0.553842 0.48961 1.09545 0.377065 0.559537 0.741512 0.329617 0.510684 0.97076 1.18689 0.98342 0.114199 1.05498 0.228459 0.533261 0.354804
1.01343 1.01123 0.795929 0.574591 0.591386 0.319923 0.867485 0.794578 0.778411 0.348219 0.131992 0.927144 0.764116 0.532625 0.0826973 0.940139 0.331201 0.447167 1.03651 0.380714 0.825685 0.1482 0.982044 0.481377 1.17243 0.495551 0.394404 0.486495 1.15132 0.566787 1.10544 0.947621 0.211705 0.976422 0.278825 0.692651 1.08972 0.518053 0.668939 0.285264 0.574569 0.970285 0.119087 0.786987 0.675977 0.715899 0.826275 0.888777 0.765257 0.627784 0.518249 1.24326 0.364557 0.575945 0.738801 0.43141 0.830866 1.04833 0.539048 0.545899 0.477595 1.2384 0.147369 0.500786 0.61291 0.299769 0.729264 1.06339 1.048 0.885755 0.246799 0.938793 0.277589 0.569029 0.385354
1.03904 1.03631 0.85449 0.326004 0.673003 0.238451 0.75886 0.783765 0.773834 0.36974 0.286516 0.921758 0.744474 0.46318 0.227927 1.04659 0.139717 0.549613 0.972107 0.523373 0.76156 0.370233 1.17978 0.40297 0.970784 0.532098 0.311411 0.463286 1.06976 0.594355 1.21182 1.17258 0.333469 1.19667 0.514407 0.745816 1.02178 0.520775 0.569892 0.269284 0.445397 0.784151 0.104632 0.816341 0.646868 0.773997 0.611813 0.883017 0.724297 0.458883 0.596975 1.01581 0.448087 0.761765 0.659999 0.455292 0.90521 1.00174 0.737938 0.363542 0.249838 1.17511 0.139112 0.651918 0.637677 0.349602 0.53262 1.00188 1.13372 0.995579 0.286963 0.973353 0.317537 0.585648 0.594752
1.07204 0.866106 0.840082 0.595886 0.680845 0.0830382 0.741277 0.897366 0.9229 0.42449 0.270791 0.702207 0.93857 0.459908 0.340688 1.07448 0.361397 0.725743 1.01887 0.525214 0.716995 0.385304 1.06676 0.380958 0.953685 0.536721 0.363032 0.411948 1.1644 0.476207 1.21427 0.939315 0.348064 0.973105 0.398116 0.626759 1.03577 0.272705 0.70393 0.328026 0.313994 0.909318 0.182453 0.614059 0.730288 0.732291 0.54862 1.06759 0.763862 0.518526 0.583664 1.26821 0.378434 0.743796 0.535343 0.541769 0.783973 1.01853 0.828936 0.314777 0.49486 1.0703 0.326642 0.474144 0.739325 0.215285 0.628253 0.809411 1.10302 0.743287 0.0622515 0.944263 0.41217 0.696259 0.611365
0.932033 1.03458 0.793181 0.456249 0.588517 0.199608 0.771809 0.753409 0.827042 0.415217 0.302798 0.961507 0.738273 0.527579 0.338835 1.14961 0.183322 0.684722 0.932162 0.389223 0.768806 0.207571 1.05331 0.511499 1.06087 0.366434 0.400364 0.393677 1.08738 0.68271 1.24838 0.976206 0.231595 0.954332 0.319495 0.624904 1.11058 0.535679 0.703289 0.173531 0.276704 0.930898 0.055265 0.801128 0.755793 0.84217 0.817294 0.940526 0.608578 0.596179 0.396485 1.10393 0.379832 0.715858 0.561548 0.423089 0.636164 0.945997 0.543603 0.254908 0.381832 1.27594 0.287269 0.557268 0.633147 0.298918 0.564487 0.914918 1.14076 0.754689 0.0407964 0.942385 0.3399 0.55527 0.427991
1.1381 1.08194 0.960477 0.374393 0.835684 0.298539 0.843857 0.845054 0.915891 0.458965 0.2467 0.893613 0.856155 0.549659 0.117712 0.916292 0.277194 0.614347 1.00758 0.50365 0.87771 0.145546 0.930121 0.273588 1.0284 0.27228 0.487844 0.660275 0.989203 0.555347 1.15056 0.901838 0.207391 0.991083 0.369096 0.67987 1.16479 0.299178 0.536236 0.191653 0.542921 0.857076 0.28391 0.61224 0.576298 0.608252 0.754263 1.04684 0.643368 0.633996 0.461334 1.13789 0.340047 0.787039 0.69902 0.513163 0.835744 0.935144 0.568692 0.334338 0.424946 1.01501 0.331977 0.513111 0.850756 0.304236 0.456203 0.983769 1.20119 0.997399 0.079092 1.03003 0.197385 0.57 0.543646
0.927303 0.883432 0.900002 0.326693 0.869717 0.235002 0.893105 0.953119 0.739457 0.231042 0.203849 0.676312 0.791417 0.520962 0.311715 0.96663 0.334797 0.48866 0.925401 0.358501 0.807384 0.103286 0.913707 0.308786 1.19748 0.462408 0.427053 0.425122 1.00397 0.526753 0.987038 1.10338 0.403427 0.988847 0.358443 0.749346 1.10733 0.437087 0.474916 0.327845 0.298589 0.970549 0.0441909 0.728194 0.554765 0.71794 0.793599 0.910691 0.78696 0.658813 0.569541 1.12594 0.387318 0.814 0.731233 0.541443 0.785038 1.00425 0.781907 0.33383 0.284559 1.08802 0.410981 0.59266 0.856873 0.307063 0.601173 0.99238 0.967105 0.961559 0.30091 1.01699 0.174376 0.553595 0.485537
1.18186 1.1319 0.918004 0.569633 0.870559 0.291661 0.730971 0.776399 0.71518 0.405747 0.12799 0.699591 0.972154 0.556422 0.291458 1.03198 0.106318 0.590266 1.10739 0.318106 0.741008 0.130341 0.926848 0.228747 0.969531 0.378958 0.490885 0.430002 1.06366 0.661662 1.02642 1.17248 0.210974 0.945499 0.321127 0.631709 1.11021 0.499636 0.684739 0.205712 0.453661 0.965244 0.0646692 0.724483 0.569347 0.625412 0.725958 0.881807 0.815892 0.671828 0.503385 1.06771 0.451086 0.751848 0.519929 0.554712 0.710807 1.08321 0.66366 0.301012 0.368949 1.12472 0.202903 0.672402 0.665477 0.311885 0.661675 1.02142 1.03578 0.803015 0.0599559 0.852063 0.212976 0.754782 0.465804
0.954654 1.09364 0.938337 0.367457 0.827754 0.164278 0.782688 0.712563 0.91811 0.434106 0.284877 0.866242 0.701194 0.438196 0.216746 1.03681 0.265361 0.638352 1.16681 0.523525 0.908691 0.161374 1.06102 0.368128 1.037 0.371897 0.535338 0.520685 1.01926 0.716581 1.10131 0.999237 0.231919 1.16811 0.283484 0.576277 0.988313 0.406945 0.736301 0.185894 0.35697 0.865517 0.169907 0.810038 0.742298 0.699219 0.620928 0.9317 0.620612 0.491064 0.506187 1.19059 0.390435 0.634996 0.672784 0.609648 0.920795 1.03388 0.612923 0.349112 0.495635 1.10189 0.249839 0.582562 0.77413 0.22648 0.721355 0.872937 0.955469 1.01602 0.139121 0.89011 0.26808 0.67138 0.489926
1.07878 0.863459 0.913271 0.385934 0.830231 0.069409 0.941338 0.898859 0.723121 0.369276 0.150926 0.840808 0.847669 0.579152 0.105239 0.896611 0.215729 0.566334 0.961412 0.352896 0.690269 0.194732 1.15297 0.360201 1.14923 0.515441 0.317382 0.66632 0.97716 0.507148 0.983205 1.05739 0.419706 1.06958 0.46736 0.728899 1.1641 0.304757 0.446138 0.258889 0.538933 0.811612 0.283853 0.762833 0.539845 0.864099 0.634778 0.928451 0.598825 0.718889 0.347257 1.01366 0.325799 0.542398 0.607257 0.431921 0.893701 0.921396 0.703237 0.336195 0.428631 1.20861 0.347011 0.602265 0.754192 0.459512 0.579972 0.989974 1.1782 0.768761 0.198279 0.902789 0.209049 0.751675 0.626585
1.02649 1.06103 0.762707 0.53641 0.704276 0.321429 0.947467 0.911444 0.818431 0.323472 0.182192 0.801144 0.97233 0.542626 0.3324 1.16153 0.382361 0.513711 1.0784 0.479977 0.645925 0.198877 0.959279 0.508224 1.14035 0.394507 0.381087 0.487319 1.06812 0.597998 1.23481 0.902732 0.301195 1.08586 0.305836 0.688773 1.19248 0.245845 0.619017 0.0486277 0.566798 0.974043 0.106882 0.613971 0.766743 0.757165 0.712774 1.0798 0.829761 0.672382 0.343781 1.00491 0.343687 0.717673 0.699231 0.503107 0.76183 1.05348 0.793631 0.337988 0.412615 1.08508 0.256399 0.526762 0.730506 0.371286 0.493178 0.900223 1.01262 0.787071 0.217574 0.860665 0.325541 0.597451 0.43009
1.05514 1.11642 0.856044 0.567171 0.849318 0.35207 0.81292 0.933142 0.924615 0.370816 0.221657 0.903379 0.927746 0.658598 0.0998475 1.04207 0.295146 0.601308 1.00719 0.4917 0.772177 0.107666 1.08827 0.457398 1.18124 0.444782 0.386325 0.456805 1.0265 0.508895 1.11008 0.935809 0.222649 0.959001 0.299621 0.717756 1.12979 0.428078 0.57294 0.318805 0.279022 0.746925 0.286719 0.789303 0.66742 0.650809 0.574009 1.09228 0.677307 0.560278 0.357439 1.15215 0.366906 0.697958 0.727502 0.619645 0.867008 1.19382 0.793195 0.423002 0.257119 1.05589 0.352636 0.580632 0.700059 0.206779 0.529678 1.06484 1.11209 0.756714 0.263546 0.884842 0.204144 0.485861 0.356671
0.951619 1.14708 0.977001 0.54815 0.679666 0.121478 0.938218 0.721282 0.955388 0.454218 0.128256 0.909667 0.797632 0.527818 0.16409 1.12374 0.316751 0.584424 1.10903 0.302093 0.729738 0.254903 0.991313 0.334441 0.961874 0.359667 0.491007 0.512358 1.02462 0.486336 1.12079 1.04218 0.384984 0.944269 0.454761 0.662044 1.14072 0.251628 0.696535 0.112584 0.451632 0.816623 0.299748 0.812136 0.60178 0.848629 0.668002 0.862329 0.860794 0.717775 0.47834 1.18374 0.269341 0.802479 0.571279 0.465175 0.756156 0.966395 0.753541 0.292667 0.304662 1.15975 0.292387 0.430341 0.784195 0.35374 0.581993 0.940868 0.974173 1.02313 0.174678 1.06036 0.314698 0.760798 0.626273
1.07743 1.01631 0.94226 0.389134 0.849587 0.267333 0.9513 0.943273 0.85382 0.326547 0.18441 0.808284 0.933959 0.451375 0.183183 0.922036 0.2642 0.477427 1.09379 0.399998 0.643204 0.24558 0.963711 0.344934 1.06025 0.383028 0.453821 0.624481 0.906537 0.548691 1.16069 1.05967 0.298335 1.028 0.434339 0.776208 1.12963 0.45124 0.632895 0.173098 0.548098 0.926454 0.240269 0.692367 0.609685 0.683376 0.571612 0.924313 0.58961 0.491923 0.528601 1.06559 0.1877 0.786527 0.657895 0.640876 0.623193 0.977512 0.67845 0.316668 0.427464 1.26032 0.282213 0.605787 0.875339 0.34513 0.618971 1.03692 0.941275 0.871048 0.290886 0.977611 0.294796 0.505672 0.3657
1.19314 0.89877 0.851446 0.445709 0.772008 0.270876 0.955271 0.782864 0.963254 0.276902 0.305631 0.880825 0.691574 0.459726 0.33221 0.979476 0.353943 0.509015 0.960561 0.494318 0.790316 0.213345 1.11195 0.43006 0.993075 0.484366 0.473236 0.564293 0.92788 0.550692 1.23253 1.13943 0.320058 1.16049 0.272045 0.756622 1.1912 0.364885 0.476538 0.100858 0.451006 0.985434 0.14086 0.594925 0.652334 0.776637 0.6207 0.932058 0.680001 0.4605 0.592238 1.19476 0.461379 0.535404 0.545546 0.680986 0.693481 1.15968 0.701858 0.362064 0.225462 1.2184 0.295724 0.406789 0.652508 0.213633 0.455855 0.959593 1.17436 0.970557 0.138237 1.11823 0.218592 0.647911 0.569827
1.14869 0.971595 0.875139 0.386448 0.802304 0.198299 0.868514 0.958513 0.893988 0.291613 0.214368 0.928215 0.924735 0.642931 0.0740738 1.0521 0.285143 0.458247 1.08148 0.258411 0.641852 0.250495 1.08243 0.414769 1.1212 0.342673 0.323343 0.588872 1.00761 0.657705 1.15012 0.967798 0.458673 0.939081 0.479445 0.536596 1.07529 0.266412 0.634667 0.0554823 0.426929 0.995465 0.185598 0.771972 0.540714 0.665215 0.647771 1.0409 0.674002 0.590747 0.582633 1.1832 0.242123 0.815761 0.632754 0.458787 0.730502 1.08814 0.569025 0.543613 0.418719 1.01415 0.188574 0.543907 0.878182 0.209254 0.62166 1.06221 0.970584 0.756072 0.231483 0.963368 0.387748 0.729013 0.498261
1.02434 1.13049 0.689209 0.325412 0.739792 0.123193 0.957158 0.87046 0.776753 0.368984 0.191509 0.901784 0.842935 0.659839 0.234169 1.04653 0.405045 0.457237 1.01312 0.473015 0.727103 0.395338 1.01851 0.21715 1.02381 0.443783 0.429685 0.425191 1.07419 0.647801 1.24321 1.05363 0.263707 1.01607 0.325459 0.520637 1.15302 0.272534 0.566362 0.195368 0.52769 0.844928 0.245347 0.638188 0.496216 0.589 0.719687 1.15067 0.784454 0.552247 0.558475 1.00668 0.294858 0.579897 0.759795 0.561392 0.640553 1.14091 0.787841 0.438626 0.463751 1.05425 0.358364 0.462568 0.832169 0.360978 0.609688 0.927995 1.16719 1.01434 0.195094 0.851695 0.367444 0.581571 0.605912
1.12093 1.06734 0.686461 0.407573 0.746292 0.17651 0.723875 0.725379 0.77681 0.410374 0.34151 0.777654 0.710913 0.524652 0.251936 0.992838 0.336485 0.522582 1.17031 0.382375 0.902482 0.127281 0.96261 0.31456 0.961526 0.413895 0.29904 0.390817 1.07593 0.468471 1.14077 1.13248 0.26363 0.945467 0.461637 0.695281 1.05357 0.377931 0.653281 0.251003 0.329846 0.945914 0.14258 0.763575 0.733892 0.726741 0.814144 1.0336 0.766936 0.536176 0.458625 1.06492 0.352566 0.775389 0.590547 0.434575 0.890368 1.00072 0.681059 0.276803 0.350529 1.08175 0.221123 0.673053 0.641754 0.200637 0.60259 0.935956 1.05348 0.739542 0.0639421 0.894807 0.208542 0.644298 0.48006
