25 75
0.974578 0.753043 0.834607 0.327154 0.388177 0.706042 0.169361 1.18929 0.57047 0.706324 0.1061 0.301426 0.558188 1.03161 0.902088 0.210069 0.512998 0.274282 0.678934 0.962402 0.685813 0.812135 0.703797 0.982467 0.763752 0.572643 0.893598 1.11201 0.992869 1.07996 0.734481 0.386723 0.740115 0.337147 0.770374 0.853618 0.970331 0.921401 0.77578 0.732454 0.0624518 0.184709 1.05893 0.546854 0.982306 0.840922 0.105814 0.332326 1.01974 0.0884247 1.08044 0.368085 0.0398341 1.28611 0.665865 0.780453 0.470685 0.518265 0.59683 0.518213 0.851495 0.835591 0.116765 0.856946 0.439393 1.02452 1.01609 0.551423 1.00058 0.397877 0.678184 0.688607 0.566085 0.660198 1.01136
1.05378 1.03295 0.894275 0.230927 0.322686 0.42032 0.164415 1.2216 0.450448 0.62038 0.276533 0.102939 0.362999 0.899151 0.987806 0.491505 0.573903 0.0747358 0.71362 1.07035 0.769765 0.923325 0.646266 0.925076 0.754306 0.405068 0.829255 1.14698 0.894621 1.02696 0.981745 0.420733 0.643489 0.300663 0.845789 0.93695 1.05986 0.896146 0.873486 0.76758 0.248684 0.253768 1.10358 0.358837 1.28098 0.760938 0.242575 0.0777247 0.947164 0.146864 1.21396 0.376481 0.0234659 1.2135 0.749447 0.888475 0.527544 0.41852 0.590987 0.433685 0.765463 0.94548 0.184955 1.04697 0.420181 1.14969 1.20806 0.656609 0.857771 0.674758 0.877258 0.518133 0.622275 0.472277 1.05261
0.998519 0.900645 1.04164 0.0567877 0.24375 0.608808 0.279721 1.17776 0.582127 0.682103 0.121829 0.258552 0.494342 1.00145 1.11248 0.255568 0.758534 0.256147 0.613307 1.1395 0.79191 0.922608 0.742546 0.885201 0.477302 0.524072 0.799576 1.25948 0.846056 0.875753 0.842065 0.64429 0.749786 0.369483 0.857028 1.00248 0.850736 1.0287 0.945706 0.715669 0.117708 0.375519 1.01381 0.49041 1.04234 0.815857 0.155734 0.171041 1.08351 0.187514 1.25839 0.350911 0.245713 1.28261 0.809567 1.00456 0.505794 0.503921 0.425477 0.624249 0.77157 0.815196 0.321715 0.951284 0.440482 1.00538 1.16313 0.621722 0.958956 0.619379 0.688388 0.496438 0.513956 0.556583 0.87271
1.16464 1.00667 0.829414 0.232612 0.425066 0.507298 0.266203 1.10906 0.680499 0.837039 0.120834 0.205066 0.566219 0.899214 1.04716 0.277939 0.72484 0.0852586 0.803315 1.0733 0.835985 0.913475 0.753256 1.01372 0.534349 0.507957 0.941227 1.04851 0.877832 0.970279 0.948411 0.398534 0.616431 0.492193 0.75425 1.0737 0.795502 0.967291 0.803177 0.558562 0.29384 0.396902 1.00518 0.327684 0.991054 0.845155 0.181088 0.183574 0.905495 0.230514 1.21407 0.394791 0.274376 1.18384 0.706462 0.763898 0.406638 0.620487 0.522097 0.645015 0.808995 0.899607 0.325004 0.858404 0.463143 1.16295 1.06031 0.571956 0.820305 0.460053 0.852301 0.764386 0.588868 0.51457 0.96524
0.961051 0.965146 0.807664 0.166868 0.258313 0.565767 0.248871 1.11313 0.68777 0.822463 0.107541 0.131216 0.609552 1.03963 1.11444 0.239118 0.535837 0.104279 0.542662 1.17625 0.793185 0.774656 0.720753 0.791477 0.652587 0.388888 0.798603 1.01922 1.04718 1.12097 0.787577 0.488581 0.604521 0.386369 0.652208 1.07155 0.906493 0.967904 0.700246 0.637052 0.0871361 0.345632 0.987229 0.336359 1.12743 0.947475 0.0352833 0.118773 1.09568 0.143054 1.06996 0.284745 0.0248641 1.21038 0.924788 0.831355 0.279269 0.396621 0.543495 0.496625 0.808037 0.907971 0.339228 0.899976 0.375804 1.26166 1.0277 0.654253 0.826985 0.502028 0.781413 0.646701 0.557268 0.388881 0.908437
1.08301 0.871262 0.826189 0.170826 0.215502 0.626552 0.207063 1.03698 0.438667 0.596725 0.129731 0.366862 0.608816 1.0166 1.07502 0.322724 0.75583 0.0974075 0.695057 1.23799 0.906611 0.648212 0.595608 0.919224 0.570929 0.56419 0.796917 0.980167 0.804869 0.903704 0.737195 0.406111 0.640185 0.29732 0.682321 0.987093 0.933861 1.10669 0.887208 0.585852 0.347085 0.357358 0.844769 0.510621 1.20819 0.792797 0.0430095 0.209228 1.13968 0.254429 1.23837 0.328021 0.204608 1.02955 0.749852 0.711137 0.322645 0.479107 0.594883 0.562142 1.02518 0.77634 0.130016 0.880785 0.41588 1.20277 1.20316 0.489099 0.842417 0.448013 0.607963 0.559037 0.599195 0.466669 0.953377
1.05238 1.03217 0.786654 0.339518 0.257557 0.678923 0.0421646 1.27017 0.605964 0.868915 0.292507 0.21321 0.535557 0.854881 1.1858 0.444186 0.646955 0.0763976 0.613619 1.17566 0.698257 0.823359 0.595503 0.968197 0.724825 0.496513 0.733276 1.04798 0.84394 1.11764 0.845493 0.595036 0.671486 0.527336 0.653488 0.844073 1.00492 1.17399 0.91687 0.599581 0.237325 0.402324 0.999888 0.391224 1.14964 0.797601 0.0298271 0.154524 1.01385 0.316501 1.13972 0.521744 0.243201 1.13449 0.926521 0.841216 0.373636 0.436981 0.485787 0.535778 0.958587 0.778335 0.259944 1.03466 0.304358 1.11976 1.14136 0.71279 1.01248 0.435308 0.872851 0.556204 0.549488 0.380824 0.998227
1.15183 0.878762 1.05693 0.11404 0.453648 0.531707 0.0703977 1.04956 0.652642 0.659798 0.350941 0.11576 0.538711 0.905801 1.16356 0.363595 0.754963 0.124415 0.676213 1.00109 0.956429 0.670944 0.567326 0.912348 0.656299 0.528922 0.879402 1.18592 0.928817 1.11296 1.00335 0.402615 0.616629 0.57955 0.672562 1.07818 1.04862 1.06549 0.834351 0.611354 0.292935 0.186481 0.854453 0.549088 1.173 0.956137 0.0764148 0.197625 0.951992 0.105034 1.06739 0.416799 0.0759215 0.994426 0.882884 0.981877 0.429116 0.427027 0.414327 0.539683 0.859019 0.773223 0.273194 0.846492 0.4194 1.22512 1.12975 0.612785 0.997439 0.433356 0.624927 0.716293 0.63985 0.586162 0.961243
0.888177 0.864671 1.02975 0.16987 0.441383 0.667561 0.172566 1.16297 0.557598 0.617855 0.151013 0.386832 0.554482 0.853057 0.961223 0.444869 0.777482 0.13151 0.613865 1.2409 0.769599 0.786848 0.759918 0.859466 0.757638 0.395309 0.720785 0.992949 0.813513 0.920004 0.905899 0.619904 0.690413 0.354013 0.692916 1.10057 0.859174 0.894389 0.887232 0.651581 0.281044 0.38433 1.0191 0.372722 1.0315 0.920945 0.235078 0.232314 0.889504 0.2939 1.02418 0.407384 0.0946986 1.15774 0.69319 0.890673 0.448595 0.383912 0.557606 0.420286 0.919078 1.00756 0.269547 1.05521 0.352147 1.11185 1.18402 0.47605 1.06901 0.461579 0.708121 0.565885 0.55143 0.510707 1.06505
1.14619 0.801424 0.998602 0.301114 0.32341 0.564165 0.208964 1.19304 0.616261 0.637079 0.248321 0.232446 0.57404 0.989562 1.08384 0.381751 0.531619 0.0919547 0.532572 1.0823 0.71491 0.650196 0.797806 0.835007 0.474696 0.542888 0.960725 1.03279 0.959215 1.10968 0.872295 0.590505 0.602586 0.387054 0.810758 0.992251 0.836804 0.945071 0.750046 0.547629 0.1585 0.212441 1.05424 0.402731 1.17036 0.767686 0.201973 0.140524 0.917768 0.0785969 1.01888 0.414505 0.264492 1.27787 0.666855 0.793558 0.284828 0.608997 0.403112 0.515674 0.964602 0.884029 0.252552 0.78421 0.36842 1.15915 1.21875 0.661928 0.978278 0.572251 0.602881 0.559092 0.536577 0.524575 0.917211
1.00877 1.0306 0.883714 0.31781 0.32911 0.523439 0.0982989 0.994243 0.557938 0.597826 0.301589 0.191146 0.419557 0.945574 0.963967 0.393814 0.551119 0.275932 0.542334 1.0046 0.907428 0.91433 0.573538 0.925207 0.61044 0.510822 0.970656 0.989557 0.83999 1.04059 0.974933 0.483844 0.537133 0.550906 0.810946 1.06652 0.999529 0.898501 0.741356 0.71654 0.09488 0.438851 1.02873 0.47843 1.26634 0.764693 0.201473 0.321739 1.02655 0.0888358 1.26089 0.30059 0.0542684 1.00354 0.867606 0.745657 0.344037 0.595801 0.549753 0.408954 0.754028 0.999234 0.227457 1.04876 0.473798 1.25243 1.20319 0.568532 0.913204 0.619602 0.598641 0.741124 0.590925 0.629501 0.997619
1.02605 0.818698 0.890393 0.273629 0.255085 0.444897 0.240361 1.07869 0.63743 0.725265 0.172703 0.188927 0.57876 1.00144 0.914348 0.373391 0.54791 0.109077 0.560645 1.14094 0.696845 0.785667 0.785579 0.763651 0.704746 0.609926 0.772974 1.02033 0.821817 1.03089 0.811817 0.542575 0.598964 0.304964 0.817181 1.10592 0.931036 1.00011 0.98095 0.579181 0.192559 0.383383 0.806809 0.558085 1.2362 0.896488 0.195108 0.104217 0.885516 0.193679 1.12595 0.373659 0.0881831 1.08862 0.738075 0.820489 0.301141 0.48258 0.451634 0.650358 0.866981 0.737996 0.126651 0.928311 0.486128 1.28226 1.01064 0.450381 0.869607 0.385761 0.58588 0.686476 0.745723 0.563781 0.905086
0.969936 0.858126 0.920433 0.135049 0.382075 0.431797 0.190721 1.25864 0.589589 0.584481 0.301119 0.135569 0.455027 0.910114 1.08553 0.372416 0.739246 0.0305148 0.616996 1.07415 0.73577 0.850306 0.565148 0.795577 0.574467 0.39796 0.704768 1.17452 0.947381 1.05416 1.01577 0.470984 0.622136 0.449474 0.806222 0.972605 0.9205 0.899618 0.845826 0.697941 0.294483 0.26802 0.82546 0.339013 1.09076 0.733111 0.171335 0.140263 0.889975 0.25152 1.11395 0.235509 0.0634529 1.08854 0.940646 0.913643 0.314801 0.509357 0.553784 0.68495 0.755148 0.955577 0.154414 0.908612 0.417313 1.25662 1.14075 0.636244 0.770763 0.42508 0.626887 0.7026 0.763844 0.544004 1.07067
0.889782 1.03232 0.810929 0.198777 0.423374 0.676172 0.105144 1.08965 0.595212 0.608296 0.243477 0.197895 0.552992 1.01469 1.11852 0.208333 0.59826 0.102485 0.782499 1.18954 0.805456 0.793723 0.704272 0.855215 0.594471 0.327147 0.752544 1.10432 0.890481 1.06295 0.999376 0.399123 0.585156 0.325166 0.666875 0.859071 0.882522 1.01807 0.960847 0.474142 0.0947069 0.294669 1.07548 0.561654 1.10905 0.705958 0.254104 0.0756455 1.13938 0.194268 1.03675 0.344594 0.113866 1.13592 0.698074 0.858391 0.456328 0.381294 0.561993 0.490789 0.892509 0.925988 0.237461 0.849825 0.289476 1.19543 1.19007 0.6793 1.06746 0.509584 0.786328 0.565912 0.685822 0.488827 0.998537
0.978626 0.960803 0.883222 0.132167 0.411228 0.703522 0.260818 1.00506 0.399726 0.737016 0.100565 0.11725 0.615824 0.996942 0.946391 0.239824 0.791677 0.294174 0.593476 1.01487 0.729045 0.741702 0.526297 0.842463 0.557076 0.378835 0.71888 0.996129 0.910714 1.07934 0.853744 0.443899 0.57142 0.53972 0.64422 0.918406 0.912866 1.14486 0.867623 0.744932 0.107906 0.21023 0.873262 0.491508 1.15192 0.728795 0.0724217 0.210146 0.973823 0.0540097 1.12693 0.240085 0.137847 1.15816 0.763248 0.898897 0.410919 0.356759 0.498442 0.575187 0.767644 0.976373 0.376263 0.760001 0.305161 1.05452 1.07139 0.574273 0.791505 0.547466 0.750938 0.580156 0.588616 0.37157 0.965767
1.17055 0.822931 1.06323 0.265989 0.506312 0.669292 0.215308 1.07039 0.616377 0.828847 0.322403 0.248421 0.434183 0.927333 1.00019 0.240019 0.674271 0.254263 0.598604 1.1629 0.776463 0.899023 0.519199 0.78803 0.517394 0.59998 0.952302 1.24141 0.873409 1.10731 0.841472 0.650426 0.662197 0.474263 0.714527 0.956883 0.926259 0.974029 0.90354 0.732167 0.188249 0.347604 0.984444 0.53775 1.03091 0.763928 0.027274 0.240171 0.877443 0.0506669 1.09868 0.267991 0.0720402 1.18526 0.793032 0.805729 0.374481 0.414873 0.49838 0.402282 0.991686 0.761515 0.312061 0.763989 0.530052 1.03062 1.10729 0.696749 1.05471 0.64825 0.609248 0.680291 0.523409 0.608296 1.11057
1.08389 0.983084 0.977415 0.179221 0.396063 0.712311 0.180372 1.18966 0.410322 0.70321 0.250206 0.219659 0.543004 1.09126 0.952132 0.22087 0.582164 0.118228 0.543502 0.989156 0.959393 0.910819 0.563326 0.780523 0.582768 0.407957 0.956612 0.980438 0.96714 1.13098 0.972076 0.46649 0.570053 0.287411 0.704043 0.866636 1.00435 1.07972 0.734857 0.616173 0.295431 0.405293 0.859303 0.331008 1.06053 0.903618 0.256156 0.313069 0.989227 0.168553 1.24622 0.458105 0.267424 1.20707 0.721327 0.792213 0.318205 0.636344 0.494346 0.404851 0.867794 0.85778 0.308059 0.866447 0.367548 1.12107 1.16415 0.545788 0.813693 0.543592 0.600866 0.584774 0.788198 0.572577 1.02943
1.17017 1.0323 0.790487 0.156098 0.243341 0.56766 0.256026 1.15593 0.60841 0.59276 0.216314 0.0965257 0.600477 1.01794 1.00864 0.42005 0.504711 0.267505 0.610415 1.14887 0.715168 0.718863 0.737909 0.952937 0.527614 0.544069 0.868459 1.18581 1.04536 1.06624 0.758414 0.62006 0.560245 0.543297 0.736627 0.980468 0.861612 0.944991 0.940266 0.678228 0.228349 0.330457 1.07818 0.406685 1.04664 0.70588 0.166982 0.259516 0.908959 0.324054 1.02638 0.303125 0.21317 1.02213 0.791975 0.910472 0.269893 0.372172 0.451454 0.62353 0.946764 0.997047 0.346773 0.838272 0.303697 1.06025 1.13032 0.542804 0.934337 0.538898 0.646003 0.646757 0.605069 0.554474 1.06132
0.943277 0.757263 0.829124 0.0857752 0.235858 0.672228 0.2608 1.13878 0.453956 0.600519 0.281391 0.178253 0.487084 1.07637 1.18142 0.391432 0.527964 0.223765 0.590564 1.00948 0.836573 0.909478 0.763805 0.778374 0.551333 0.437801 0.935364 1.11293 0.843981 0.902102 0.810387 0.506017 0.547447 0.380574 0.732891 0.924463 0.979097 0.996711 0.871941 0.677876 0.176727 0.303808 0.850812 0.378639 1.25271 0.706213 0.305882 0.295741 1.01334 0.154601 1.03601 0.456823 0.186553 1.25349 0.764047 0.919998 0.395021 0.574913 0.433259 0.413183 1.00612 1.00507 0.210233 0.891619 0.524049 1.15245 1.04307 0.478769 0.845787 0.496655 0.850125 0.525488 0.617616 0.645292 0.890983
0.94948 0.947118 0.807876 0.0574211 0.481554 0.436285 0.0416534 1.03955 0.562499 0.836336 0.232054 0.184033 0.493445 1.09064 1.03987 0.380104 0.553555 0.230355 0.766155 0.98 0.691723 0.773199 0.734444 0.85142 0.752855 0.49422 0.824984 0.98273 0.915205 0.946754 0.966616 0.523473 0.706742 0.52966 0.880201 1.09144 0.863627 0.880274 0.876488 0.662529 0.0771925 0.384453 0.904491 0.372896 1.03458 0.754748 0.0966811 0.268545 1.05481 0.235188 1.17771 0.383752 0.102244 1.0004 0.805399 0.83087 0.460912 0.611328 0.465172 0.474506 0.755381 0.834917 0.342508 0.880482 0.327961 1.10944 1.24684 0.553657 0.911446 0.397645 0.709469 0.698483 0.722685 0.627843 0.949568
1.00124 0.953863 0.892249 0.116321 0.332898 0.481219 0.225542 1.26985 0.682445 0.572374 0.31367 0.300321 0.428254 0.834117 1.02558 0.461431 0.678042 0.162858 0.515625 1.158 0.795636 0.808157 0.750816 0.870274 0.685134 0.493692 0.831657 1.2665 0.824566 0.96704 0.843188 0.563116 0.608749 0.420363 0.915862 1.05114 0.917245 0.928752 0.808878 0.512174 0.111243 0.177772 0.878335 0.395239 1.12602 0.777966 0.234723 0.203875 1.12988 0.132764 0.995726 0.297299 0.0246068 1.05454 0.875602 0.737177 0.407834 0.367248 0.489747 0.549768 0.903055 1.00962 0.33516 0.921851 0.559164 1.21465 1.26374 0.466049 0.980148 0.671565 0.693597 0.727067 0.590575 0.586459 1.0336
0.904798 0.752078 0.835395 0.282235 0.440612 0.443934 0.178146 1.13587 0.619823 0.67472 0.148066 0.372812 0.444821 0.884547 0.981571 0.371163 0.677099 0.224742 0.583662 1.05235 0.927627 0.677968 0.615705 0.780238 0.62065 0.438155 0.987718 1.20681 0.97732 0.880492 0.88023 0.625069 0.493182 0.57604 0.793826 0.869883 1.00724 0.924477 0.819517 0.515413 0.194209 0.305895 1.01019 0.613555 1.22706 0.991294 0.287631 0.229858 1.13174 0.0689418 1.0255 0.333523 0.217861 1.01517 0.93534 0.758887 0.455323 0.596511 0.599937 0.597697 0.797159 0.861489 0.40932 0.768628 0.370383 1.13657 1.15568 0.485118 1.03952 0.516276 0.736846 0.746033 0.60537 0.383741 0.96088
1.04486 0.804335 0.984215 0.310764 0.419334 0.700466 0.139058 1.14663 0.655058 0.774159 0.17049 0.186773 0.499399 1.09939 1.09842 0.221376 0.603615 0.243483 0.744983 1.22056 0.803337 0.830503 0.563032 0.98827 0.596444 0.463573 0.918963 1.04342 1.05017 0.967068 0.793858 0.449102 0.503803 0.439591 0.768092 0.838946 0.895851 0.957973 0.923205 0.699112 0.304787 0.166844 0.912261 0.498091 1.214 0.707235 0.246484 0.335257 1.00065 0.327019 1.11105 0.24662 0.160546 1.00847 0.845338 0.797344 0.364433 0.559642 0.542221 0.512235 0.883145 0.922693 0.320968 0.985641 0.423492 1.02352 1.03372 0.716434 0.957905 0.50078 0.823358 0.508297 0.74125 0.377919 0.938515
0.899441 1.02914 0.916247 0.242259 0.504563 0.519509 0.157871 1.0804 0.485068 0.742778 0.360636 0.188484 0.480636 0.987596 1.0536 0.480492 0.563474 0.0792944 0.558227 0.977181 0.909632 0.758047 0.601027 1.00325 0.657466 0.480724 0.980554 1.18259 0.853855 1.08553 0.759858 0.496308 0.515071 0.336703 0.667802 0.947588 0.918001 1.1069 0.71957 0.579079 0.254137 0.153204 0.927755 0.425372 1.02023 0.892854 0.0469643 0.280362 1.14446 0.295869 1.0349 0.415233 0.164989 1.18517 0.871155 0.797253 0.323553 0.369361 0.410734 0.434979 0.853675 0.948991 0.297757 0.992897 0.280593 1.21889 1.15837 0.499982 0.782606 0.440674 0.637677 0.592068 0.515029 0.531977 0.871241
1.07972 0.765577 0.844338 0.16709 0.273316 0.508845 0.169093 0.991215 0.580279 0.861555 0.332784 0.209533 0.439143 1.02917 1.09129 0.309963 0.707676 0.111542 0.698423 1.04811 0.721698 0.733287 0.558555 0.999818 0.671461 0.563834 0.799212 1.05286 1.02706 0.993512 0.966036 0.416839 0.666697 0.373421 0.800433 0.866715 0.900442 0.97791 0.789238 0.468765 0.131896 0.26527 1.01356 0.445941 1.04837 0.96001 0.159596 0.242867 0.94123 0.278954 1.02651 0.231886 0.141974 1.27911 0.86524 0.811 0.51174 0.471597 0.512626 0.504274 0.872955 0.737299 0.206724 0.882043 0.34322 1.24651 1.04246 0.557593 0.810396 0.393681 0.868203 0.581393 0.695201 0.446277 0.882461
