25 75
0.597797 0.520268 0.587891 0.967104 0.456437 0.965661 0.615004 0.384296 1.0606 0.811428 0.933957 0.958043 0.772833 0.287062 0.505158 1.00348 1.20405 0.74558 0.680706 1.10239 0.37384 1.17791 0.764265 0.294234 0.610341 0.64352 0.316281 0.524044 0.106165 0.81352 0.762995 1.16202 0.98758 1.00817 0.364808 0.864261 0.432621 0.686009 1.00977 0.465356 0.85146 1.12695 0.347275 0.784625 0.761035 1.04322 0.936456 0.297439 0.423503 0.358324 0.307096 0.299132 0.957047 0.551016 0.211836 0.311176 0.629426 0.661568 0.352699 0.580886 0.839374 0.394089 0.168586 1.13994 0.692077 1.04304 1.07241 0.400076 1.02383 0.831304 0.782519 0.349176 1.00213 0.783877 0.34578
0.549415 0.515564 0.653491 0.928261 0.394952 0.820561 0.580379 0.48865 1.14271 0.81329 1.09237 0.835631 0.618467 0.209583 0.603913 0.859854 0.915975 1.02822 0.434362 1.11679 0.155032 1.14469 0.866448 0.123088 0.580935 0.710034 0.449277 0.398713 0.120017 0.691952 0.625951 1.14042 0.729146 0.821705 0.363935 0.828151 0.356163 0.682577 1.0137 0.312715 0.653797 1.1976 0.378656 0.71077 0.815099 0.900321 0.987818 0.38416 0.516028 0.526129 0.394115 0.350631 1.06497 0.477364 0.463942 0.310496 0.593052 0.873747 0.240848 0.587728 0.706867 0.459098 0.286055 0.99166 0.732198 1.09792 1.15569 0.440103 1.124 0.891017 0.84228 0.380039 1.03112 0.63982 0.431833
0.776589 0.434473 0.773984 0.99804 0.394663 0.919201 0.673633 0.437242 1.10513 0.832949 0.892644 0.976372 0.699541 0.132076 0.64583 1.06143 1.15445 0.932457 0.443751 1.10711 0.239927 1.14988 0.839024 0.103967 0.422031 0.786568 0.429104 0.331055 0.0945958 0.639957 0.487096 1.05846 1.00798 0.998415 0.441953 0.622378 0.373255 0.821218 0.916259 0.269154 0.779428 1.24213 0.202953 0.743564 0.966116 0.997475 1.14873 0.390422 0.561805 0.32251 0.293349 0.355027 1.01198 0.614749 0.318389 0.255617 0.47081 0.738484 0.346252 0.578584 0.757127 0.667861 0.281396 0.992642 0.532623 1.00296 1.02102 0.536482 1.01785 0.708587 0.761622 0.238215 1.15451 0.77955 0.396012
0.631265 0.625357 0.562407 0.949241 0.589552 1.07128 0.632728 0.509107 1.15366 0.87186 0.96965 1.0359 0.642791 0.127459 0.620994 1.00503 1.07218 0.847981 0.673581 0.892097 0.116004 1.0548 0.77199 0.044111 0.568284 0.804638 0.412086 0.474014 0.205562 0.670477 0.66316 0.96947 0.81391 0.871801 0.400026 0.871296 0.373409 0.606239 0.877843 0.260665 0.69408 1.1058 0.101697 0.752949 0.861509 0.8429 1.09559 0.261188 0.601353 0.547507 0.353359 0.236659 1.11798 0.475074 0.33675 0.212267 0.641952 0.858462 0.426362 0.655849 0.734274 0.387795 0.184686 0.977535 0.635419 0.903796 1.12655 0.29881 1.07478 0.657492 0.76395 0.313211 1.19632 0.713393 0.414755
0.622255 0.50582 0.571007 0.866384 0.516708 0.814045 0.527871 0.494783 1.03602 0.706775 0.985501 0.820242 0.79146 0.214843 0.538995 0.848531 1.1925 0.862594 0.57761 1.09161 0.180484 0.966644 0.817331 0.267577 0.552846 0.643439 0.466871 0.251765 0.0498744 0.683187 0.507305 1.20359 0.979636 0.925274 0.291168 0.790126 0.53988 0.794279 0.846634 0.517968 0.855611 1.11973 0.317544 0.909608 0.778214 1.03668 1.09415 0.408831 0.417742 0.323952 0.313047 0.234518 1.07634 0.459474 0.29847 0.208752 0.630763 0.750342 0.20259 0.811423 0.844384 0.493972 0.404476 1.14218 0.628845 0.900063 1.07305 0.433251 1.08843 0.86112 0.790541 0.454318 1.13956 0.60336 0.243723
0.830063 0.477004 0.655629 0.989981 0.585039 0.876394 0.463458 0.563852 1.05737 0.722704 0.883011 0.866597 0.505605 0.171259 0.718854 0.811398 0.998746 0.732699 0.420949 0.991496 0.160361 1.17372 0.946502 0.0258818 0.416614 0.692766 0.288891 0.492719 0.0862923 0.772734 0.49187 0.976629 0.797786 0.754137 0.329442 0.849174 0.380545 0.7044 0.988164 0.447108 0.899781 1.24362 0.357921 0.85676 0.963775 0.868148 1.02204 0.174225 0.436004 0.590111 0.457317 0.227663 1.21038 0.743424 0.412728 0.0976594 0.442317 0.676908 0.480005 0.657449 0.63294 0.455339 0.288134 0.979833 0.638335 1.13968 1.14419 0.333329 1.03391 0.764205 0.900157 0.411565 1.08983 0.547982 0.247992
0.582631 0.45474 0.751681 1.02188 0.441016 1.06633 0.609133 0.29524 1.12248 0.759803 0.905162 1.02221 0.742977 0.144526 0.615819 0.981777 0.974988 1.01151 0.49395 1.04609 0.285541 1.24103 0.980989 0.115152 0.666907 0.722063 0.401251 0.369345 0.155556 0.743263 0.595017 0.946281 0.918772 0.867944 0.282622 0.852067 0.380809 0.772602 0.801465 0.445615 0.676249 1.02522 0.156006 0.894266 0.858253 0.977494 0.967314 0.208439 0.424161 0.451659 0.34103 0.426583 1.19841 0.489601 0.286126 0.280421 0.597285 0.682138 0.292285 0.806563 0.580928 0.640597 0.266056 1.03824 0.527155 0.91598 1.01625 0.4145 1.18248 0.636188 0.772891 0.355622 1.01393 0.72678 0.332189
0.713225 0.424485 0.743862 1.02941 0.690756 0.846921 0.433838 0.394532 1.07908 0.829923 0.93785 0.940134 0.669446 0.260797 0.514933 0.967101 1.04826 0.917402 0.590508 1.0821 0.0894063 1.092 0.970281 0.211951 0.616628 0.765267 0.25541 0.497063 0.0771772 0.748529 0.583553 1.05992 0.855261 1.00394 0.224298 0.778778 0.580768 0.588237 0.888927 0.338267 0.845019 1.12685 0.245278 0.681049 0.986136 0.997527 0.944237 0.247103 0.588604 0.516154 0.194708 0.441538 1.054 0.495324 0.341446 0.272612 0.449056 0.605744 0.495195 0.605723 0.860233 0.508925 0.17966 1.25699 0.666376 1.17233 1.00121 0.424937 1.03697 0.688073 0.645419 0.187801 1.11747 0.767778 0.493704
0.609413 0.424901 0.617509 0.79969 0.626836 0.979287 0.646374 0.520479 1.07364 0.880552 1.11932 1.04611 0.5338 0.141751 0.703931 0.991609 1.08992 0.787643 0.669251 0.981931 0.106081 1.17867 0.854517 0.205837 0.636575 0.803487 0.385905 0.325555 0.291323 0.715398 0.548127 1.00221 0.905757 0.812991 0.426604 0.831758 0.571607 0.667022 0.953104 0.531029 0.728271 1.02191 0.373336 0.706428 0.884638 1.05212 1.05704 0.354106 0.463977 0.451827 0.424268 0.277082 1.00531 0.555279 0.357497 0.385429 0.426459 0.649172 0.302418 0.791939 0.686878 0.436088 0.219019 1.11586 0.723515 1.07955 0.940493 0.428011 0.940836 0.736476 0.684807 0.354076 0.974688 0.762733 0.441164
0.785799 0.588883 0.561015 0.88942 0.671572 0.905195 0.621763 0.377717 1.15602 0.71084 1.06316 1.0539 0.538097 0.282753 0.475454 0.977686 1.07058 0.763793 0.592067 1.12682 0.110171 1.18954 0.91032 0.270438 0.653654 0.843518 0.316193 0.281423 0.0364224 0.860664 0.523444 1.06951 0.814774 1.00026 0.332602 0.704142 0.389273 0.821571 0.822688 0.500542 0.624183 0.986177 0.147547 0.830872 1.02757 0.946446 1.12506 0.224504 0.489539 0.492464 0.43286 0.184378 1.13217 0.663393 0.321576 0.201989 0.44725 0.842916 0.221069 0.687333 0.79222 0.519132 0.178438 0.98096 0.526821 0.908432 0.964363 0.501728 1.10101 0.837146 0.674437 0.243727 1.22259 0.538677 0.249479
0.77539 0.66023 0.564931 0.86989 0.69024 1.06899 0.714094 0.492444 1.099 0.76464 1.0874 0.79822 0.712062 0.110366 0.490252 0.783595 1.20135 1.01741 0.541472 1.03408 0.290916 1.22099 0.795855 0.0480908 0.585713 0.610185 0.290243 0.472253 0.14278 0.691258 0.561893 1.05787 0.898219 0.926383 0.31035 0.864927 0.550289 0.737343 0.768548 0.530713 0.666427 1.17696 0.111772 0.770881 0.816582 0.812689 0.965355 0.329414 0.442523 0.338229 0.315336 0.229358 1.21411 0.724394 0.384547 0.214773 0.70118 0.682645 0.4293 0.785712 0.829181 0.480319 0.34939 1.06384 0.670198 1.19323 1.11493 0.491305 1.0118 0.818588 0.770594 0.420332 1.03329 0.557521 0.360614
0.75884 0.402322 0.776734 0.919123 0.558484 0.995803 0.433549 0.486296 1.21023 0.767224 1.01185 0.896497 0.550613 0.19572 0.662255 0.867035 1.02541 1.00164 0.612305 0.88206 0.221646 1.0405 0.759497 0.0995652 0.479522 0.720188 0.421274 0.470891 0.0540405 0.882829 0.632631 1.12157 0.778287 0.769717 0.300514 0.749458 0.367465 0.73058 0.978037 0.478656 0.860652 1.00283 0.285647 0.788033 0.788632 0.82965 0.995298 0.279511 0.441129 0.517906 0.436805 0.265527 1.07517 0.640343 0.429203 0.136268 0.611707 0.608951 0.309826 0.707323 0.830324 0.632368 0.302957 1.21529 0.653009 0.901603 1.18417 0.564586 0.958812 0.800817 0.775955 0.281113 1.01428 0.687624 0.508286
0.848308 0.519985 0.726791 0.790063 0.486254 0.988836 0.686998 0.48536 1.01888 0.61117 0.930584 0.881531 0.705958 0.328551 0.443813 0.967899 1.09936 0.835069 0.6575 1.09125 0.152928 1.04979 0.895879 0.24114 0.629064 0.81458 0.232716 0.434775 0.29923 0.629715 0.68212 1.22373 0.884596 0.916361 0.386596 0.699832 0.451304 0.605993 0.958482 0.418361 0.767324 1.17864 0.277376 0.800534 0.933333 0.901679 0.935327 0.230352 0.557876 0.318926 0.334455 0.242394 1.06608 0.578615 0.278782 0.186117 0.46196 0.823957 0.43144 0.808132 0.697098 0.632365 0.131001 1.13076 0.755257 0.970789 0.923478 0.37307 0.936301 0.855816 0.914425 0.347026 1.19977 0.643233 0.315683
0.734473 0.395258 0.600342 0.866577 0.690383 1.03194 0.467442 0.394566 1.20138 0.700412 0.933611 0.812529 0.522693 0.157801 0.480767 0.937688 0.935695 1.0146 0.604314 1.06246 0.206953 1.05263 0.875379 0.182695 0.696516 0.828503 0.288687 0.474124 0.052204 0.819209 0.701439 1.1253 0.89495 1.00708 0.436478 0.696432 0.388327 0.764857 0.940452 0.41793 0.835437 1.05016 0.105115 0.81471 0.856244 0.814744 0.971848 0.236397 0.369926 0.384245 0.31792 0.415261 1.16392 0.636379 0.411706 0.250057 0.413649 0.675921 0.394057 0.836413 0.755832 0.409747 0.362912 1.20912 0.747784 1.0683 1.19016 0.310142 1.12255 0.761794 0.790884 0.39397 0.939058 0.756566 0.369034
0.561798 0.435611 0.631779 0.86784 0.64883 1.02606 0.490899 0.300117 0.97334 0.837422 1.07275 0.802283 0.702387 0.209064 0.423769 1.02491 1.14015 0.785993 0.472933 1.15768 0.325135 1.23875 0.885107 0.250597 0.636516 0.787158 0.465482 0.477081 0.114972 0.871928 0.517601 0.948399 0.931758 0.920677 0.47272 0.915509 0.392516 0.546305 1.00747 0.347887 0.78373 1.12466 0.168693 0.853183 0.778854 0.917552 1.20641 0.305087 0.337036 0.377138 0.272452 0.433116 1.15796 0.607382 0.45495 0.357387 0.707727 0.846808 0.353005 0.733205 0.82516 0.388213 0.369583 1.02397 0.660515 1.07483 1.15026 0.383685 1.06322 0.627734 0.887725 0.337062 0.971575 0.780074 0.31335
0.754267 0.632776 0.644003 0.959615 0.479385 1.05417 0.502967 0.580572 1.09938 0.665977 1.1818 0.910526 0.747993 0.369444 0.589476 0.95378 0.964098 0.967662 0.464917 1.17128 0.165089 1.01518 0.761637 0.200517 0.481307 0.734442 0.324712 0.308211 0.20764 0.662916 0.567291 1.21287 0.750155 0.818419 0.191978 0.758395 0.574125 0.706058 0.792381 0.452913 0.908185 1.00427 0.251049 0.715697 0.890549 1.05912 1.11298 0.390329 0.407031 0.6073 0.426311 0.279928 0.926697 0.689636 0.478103 0.119105 0.555402 0.744259 0.258594 0.58053 0.61196 0.565708 0.296749 1.06299 0.702155 1.10548 0.941677 0.296503 1.1425 0.823015 0.626881 0.327929 1.13206 0.6186 0.362807
0.716968 0.668077 0.780457 0.749917 0.573076 0.91416 0.717915 0.397147 0.998039 0.883703 1.14484 0.953865 0.522121 0.336207 0.464746 0.9307 1.06791 0.799948 0.66105 0.98124 0.17369 1.00545 0.962414 0.1496 0.703147 0.625646 0.390548 0.469906 0.0927554 0.917457 0.73093 1.07086 0.855793 0.916883 0.256754 0.734073 0.411189 0.801382 0.838226 0.359948 0.638479 1.04303 0.10688 0.786064 0.849455 1.02918 1.02778 0.443547 0.551686 0.447175 0.209036 0.235384 1.16775 0.498782 0.412999 0.1494 0.581825 0.632291 0.368838 0.73148 0.855406 0.405042 0.285638 1.00099 0.615625 0.973108 1.16469 0.463264 0.933033 0.791696 0.67443 0.458246 0.965099 0.755318 0.394499
0.787283 0.478194 0.58962 1.01722 0.586662 0.989976 0.722176 0.486051 1.22249 0.884383 1.15183 0.9948 0.580939 0.355984 0.60668 0.877312 0.911417 0.996275 0.593044 0.889137 0.205556 1.20086 0.723374 0.0382729 0.546445 0.671726 0.375638 0.28032 0.187117 0.773523 0.525947 0.990206 0.928509 0.889839 0.220838 0.744335 0.543352 0.553652 0.737503 0.498509 0.634179 1.04687 0.326217 0.871451 0.973223 0.995022 1.13918 0.285067 0.400982 0.386234 0.283259 0.304765 1.07952 0.5331 0.341631 0.177072 0.428771 0.873246 0.282759 0.593001 0.604011 0.471542 0.359691 1.06929 0.528577 1.04501 1.07477 0.358607 1.0603 0.766481 0.693572 0.215078 0.960618 0.767518 0.360473
0.64728 0.663336 0.620278 0.854037 0.626008 0.927713 0.599353 0.575991 0.980299 0.836119 1.12959 1.03098 0.74468 0.234478 0.44719 1.05634 1.19196 0.899921 0.492036 1.01706 0.149368 1.06917 0.876708 0.0937767 0.632843 0.702154 0.49885 0.266956 0.0771027 0.661254 0.757954 1.1053 0.958733 0.79279 0.226959 0.745516 0.572902 0.596984 0.788325 0.527617 0.800733 1.09051 0.378621 0.702841 0.82294 0.973899 1.03211 0.451289 0.525478 0.410334 0.418271 0.42329 0.984488 0.73607 0.421361 0.363557 0.643852 0.674827 0.351451 0.674056 0.730495 0.575286 0.384671 0.988421 0.740253 1.12135 0.932114 0.39435 0.930986 0.738229 0.82683 0.268473 1.13481 0.746792 0.338747
0.788947 0.510209 0.598111 0.987809 0.503698 0.978962 0.466519 0.558673 1.06585 0.725943 0.955008 0.998076 0.550367 0.217604 0.448421 0.890151 1.16757 0.850793 0.474049 1.14995 0.33832 1.25246 0.844107 0.0542793 0.58126 0.850216 0.389081 0.336809 0.153743 0.641365 0.640997 1.20596 0.951888 1.0112 0.346307 0.658789 0.449 0.705183 0.801917 0.529558 0.737414 1.07683 0.141349 0.734319 1.02026 0.86133 0.986416 0.381933 0.509842 0.591226 0.373375 0.370854 1.1985 0.637032 0.452013 0.38451 0.658643 0.692966 0.498678 0.791269 0.816957 0.66012 0.240075 1.15654 0.7999 1.15184 0.90869 0.493076 0.93538 0.682859 0.896325 0.362222 1.07139 0.765247 0.431286
0.581895 0.613072 0.571864 0.816509 0.616215 0.987935 0.673607 0.430389 1.15881 0.737888 1.14839 1.00061 0.621166 0.226326 0.531765 0.995475 1.02791 0.891553 0.672047 1.07308 0.330118 1.1732 0.836777 0.264905 0.506769 0.604043 0.493054 0.348509 0.0440786 0.621934 0.535224 1.02743 0.839035 0.792227 0.362039 0.723782 0.369304 0.652557 0.884804 0.444828 0.743554 1.10572 0.265133 0.676224 0.873903 1.04267 1.01171 0.452205 0.375708 0.371523 0.460953 0.226696 1.22241 0.654072 0.302374 0.387038 0.437109 0.764366 0.216047 0.773886 0.799344 0.657498 0.35919 1.17637 0.646789 1.05541 1.10353 0.524596 1.09153 0.772989 0.846755 0.298164 0.995169 0.56265 0.519199
0.644459 0.409436 0.568714 0.792669 0.52504 0.844858 0.524407 0.478663 1.07648 0.663634 1.02118 0.801382 0.573925 0.0863381 0.709069 1.01761 0.97193 0.91367 0.428016 0.889307 0.284048 1.2446 0.781448 0.169185 0.45025 0.805787 0.373251 0.342428 0.0377097 0.712727 0.486927 1.19973 0.933067 0.811647 0.396976 0.837092 0.449012 0.530479 0.758044 0.498241 0.870933 1.09623 0.185933 0.878336 0.797253 0.933413 0.992755 0.425578 0.419765 0.53477 0.363756 0.387156 0.931253 0.578189 0.470265 0.14729 0.495477 0.863582 0.300155 0.805862 0.763797 0.563211 0.157528 1.02814 0.724112 1.13941 0.968647 0.52545 1.10697 0.688304 0.745651 0.318178 1.0734 0.719115 0.24696
0.83924 0.64775 0.539013 0.83794 0.634224 1.07223 0.507569 0.513058 1.19824 0.862427 0.902609 0.869526 0.528932 0.0814413 0.572176 0.77014 0.912666 0.91298 0.558015 1.09697 0.156181 0.980556 0.823315 0.31038 0.541821 0.650702 0.325412 0.414661 0.0605099 0.635715 0.640456 1.13969 0.789503 0.884089 0.267389 0.709425 0.370712 0.655249 0.882771 0.378961 0.731996 0.967873 0.283026 0.954527 1.00024 0.798969 1.1992 0.210072 0.382733 0.538815 0.190848 0.339367 1.20212 0.726187 0.356524 0.198315 0.508716 0.613958 0.299178 0.7022 0.57902 0.462354 0.275294 1.06707 0.730839 1.1326 1.17059 0.310972 0.965862 0.686483 0.648754 0.430402 1.16762 0.750934 0.358413
0.722782 0.612567 0.703497 0.816352 0.505394 0.809786 0.504919 0.307014 1.13355 0.607104 1.18187 1.00387 0.724427 0.317697 0.530415 1.01773 1.07291 0.960255 0.683018 0.998587 0.350266 1.10995 0.750372 0.0694995 0.589177 0.863981 0.385186 0.478651 0.246812 0.722998 0.632826 0.968505 0.866238 1.03288 0.221111 0.760469 0.534938 0.665527 0.95531 0.423903 0.88745 1.14068 0.242223 0.819661 0.928523 1.06634 1.20138 0.19011 0.59594 0.425267 0.384604 0.185911 1.19399 0.527588 0.387117 0.31616 0.631177 0.876547 0.448656 0.773408 0.581302 0.528061 0.333281 1.19061 0.760651 1.09966 1.11504 0.407602 1.05927 0.79518 0.638522 0.336292 1.15442 0.741245 0.296928
0.778107 0.606786 0.772395 1.02778 0.50007 0.965081 0.673116 0.482144 1.04158 0.787219 1.16595 0.790265 0.764563 0.163068 0.568592 1.03123 0.970886 0.772056 0.671236 0.89465 0.351523 1.05273 0.821564 0.0281409 0.505909 0.642242 0.341339 0.425274 0.288809 0.722959 0.697027 1.08813 0.786144 0.893813 0.325011 0.796559 0.551835 0.762448 0.862396 0.496164 0.676922 1.00768 0.243095 0.845048 1.0231 1.00645 1.0329 0.183621 0.487139 0.442253 0.268956 0.241689 1.13681 0.582671 0.429103 0.15473 0.42244 0.649697 0.20563 0.554829 0.587119 0.513009 0.189426 1.23878 0.597734 1.13038 1.01652 0.413946 0.93083 0.608035 0.805545 0.42038 1.19937 0.556945 0.298165
