25 75
0.861539 0.488029 1.12647 0.613341 0.926854 0.162872 0.326005 0.230331 0.520335 0.755643 0.459038 0.0552678 0.703686 0.371844 0.48068 0.477245 0.37203 0.74715 0.229905 0.667205 1.05518 0.177891 0.781632 0.590642 0.51244 0.805133 0.29561 0.156633 1.11573 1.02848 0.78205 0.646104 0.204247 0.48894 0.211535 0.568239 0.768477 0.960179 0.429517 0.545039 0.888867 0.578639 0.49951 0.228541 0.961212 0.952286 0.691331 0.12834 0.523296 0.743099 0.692171 0.235145 0.672723 0.178162 0.831028 0.772292 1.01795 0.699479 0.175904 0.562076 0.221263 0.399842 0.682429 0.588185 0.988572 0.827624 0.249559 0.55504 0.299966 0.449447 0.9957 0.558322 0.965289 0.981236 0.563594
0.684891 0.453957 0.94649 0.542085 1.19942 0.327115 0.213276 0.347721 0.518237 0.811681 0.548111 0.299672 0.870901 0.498492 0.506588 0.679438 0.187912 0.800193 0.242771 0.515139 1.14369 0.416738 0.751579 0.436034 0.708779 0.777869 0.237793 0.220314 1.20025 0.947958 0.962082 0.810552 0.428443 0.596498 0.470358 0.600754 0.611956 0.8328 0.390189 0.734945 0.914375 0.54121 0.565532 0.146497 0.732741 0.753118 0.584456 0.104949 0.488909 0.741304 0.813726 0.369521 0.90567 0.159618 0.681261 0.965276 1.02117 0.692678 0.192471 0.496411 0.0515366 0.28185 0.606929 0.528851 1.0762 0.574394 0.453771 0.512856 0.420315 0.60719 1.14093 0.505535 0.996302 0.831749 0.657598
0.807314 0.540616 0.915619 0.549356 0.988309 0.349514 0.310751 0.273702 0.558381 0.766356 0.675494 0.33448 0.961371 0.55818 0.479184 0.480762 0.145639 0.664644 0.271832 0.644578 0.969816 0.241953 0.768953 0.610129 0.531828 0.803836 0.339912 0.212356 1.09301 0.953135 0.932477 0.764905 0.440855 0.688585 0.467331 0.522038 0.519943 0.934345 0.466127 0.773372 0.946614 0.727704 0.675042 0.366508 0.854015 0.814132 0.410504 0.157841 0.598792 0.851008 0.7784 0.264243 0.666661 0.287684 0.891447 0.767038 0.871802 0.717105 0.264616 0.52052 0.0822385 0.334876 0.464973 0.455633 1.03811 0.77006 0.496533 0.53354 0.44275 0.545189 1.06564 0.519476 0.980257 0.853519 0.402029
0.722404 0.545015 1.04249 0.831632 1.13658 0.323458 0.260288 0.164061 0.580538 0.810899 0.523418 0.12337 0.895339 0.455011 0.562263 0.574513 0.180034 0.827224 0.235883 0.67172 1.1475 0.327777 0.608299 0.460732 0.504748 0.84935 0.330746 0.18798 0.92646 0.963215 0.948624 0.810484 0.156449 0.663083 0.302996 0.567497 0.709613 0.785283 0.410098 0.576923 0.886987 0.523268 0.691847 0.356884 0.881248 0.88352 0.575742 0.173471 0.544376 0.724131 0.930971 0.36528 0.773993 0.125571 0.653396 0.923141 1.05296 0.773349 0.280997 0.677065 0.0216256 0.176679 0.482256 0.623705 1.14298 0.736218 0.396463 0.662076 0.287792 0.505907 0.984995 0.426182 1.2023 0.983673 0.432459
0.601259 0.399354 0.872435 0.539115 1.01996 0.336405 0.156083 0.313358 0.810649 0.749994 0.607497 0.0694218 0.710548 0.452732 0.430004 0.644249 0.158516 0.583014 0.413181 0.434909 1.05698 0.170412 0.670539 0.462291 0.497558 0.882813 0.421815 0.36974 1.04784 1.07414 1.01624 0.797258 0.351353 0.622849 0.234248 0.379526 0.628328 0.912209 0.413096 0.711122 1.00349 0.53579 0.523505 0.287612 0.807632 0.991495 0.620743 0.266056 0.456678 0.789204 0.769194 0.447096 0.672211 0.25667 0.876632 0.771277 0.874394 0.683064 0.345577 0.454326 0.0194314 0.195167 0.705372 0.493506 1.04297 0.667179 0.232098 0.509957 0.344135 0.639253 1.20284 0.520176 1.24912 1.02166 0.37576
0.774956 0.488052 1.08676 0.576985 1.08853 0.194493 0.403916 0.211502 0.685208 0.71256 0.603353 0.209705 0.937565 0.380585 0.416148 0.439751 0.374341 0.56352 0.261982 0.436784 1.19844 0.282869 0.761451 0.520341 0.632521 0.793255 0.348522 0.28783 1.06909 1.16965 0.918336 0.795229 0.364582 0.663541 0.293905 0.513141 0.633119 0.772327 0.446169 0.701571 0.949931 0.710951 0.789495 0.289501 1.00263 0.772799 0.524664 0.206773 0.377075 0.85137 0.703859 0.311362 0.77242 0.204752 0.699755 0.884549 0.95596 0.620548 0.171127 0.452334 0.260356 0.283048 0.542755 0.471885 0.964485 0.587885 0.328411 0.52283 0.194092 0.622412 1.01422 0.44286 1.24944 1.02029 0.647562
0.658376 0.529015 0.941152 0.712187 0.983602 0.388399 0.342897 0.209752 0.669309 0.650304 0.399824 0.192312 0.826478 0.572962 0.679448 0.413992 0.113113 0.574658 0.431628 0.573524 1.09348 0.31816 0.699929 0.460511 0.697976 0.97272 0.241606 0.232723 0.986087 1.15049 0.75237 0.698167 0.341351 0.619801 0.349883 0.497414 0.764993 0.780867 0.299187 0.768049 1.03818 0.534239 0.780476 0.328379 0.985327 0.984695 0.599744 0.367446 0.380443 0.689768 0.86722 0.349856 0.671195 0.108137 0.658602 0.76991 0.833529 0.639173 0.254248 0.470871 0.299915 0.187126 0.420737 0.653483 1.15432 0.584109 0.242891 0.565113 0.372221 0.467745 1.00748 0.407803 1.25623 0.796251 0.571261
0.672952 0.560246 0.900247 0.782726 1.0584 0.399442 0.142837 0.205667 0.661948 0.895562 0.477158 0.190355 0.783788 0.373265 0.641642 0.519218 0.27518 0.833236 0.363374 0.424618 1.05272 0.172829 0.618904 0.578594 0.553801 1.06189 0.171405 0.199938 1.16945 0.991899 0.825071 0.667583 0.365492 0.766233 0.344279 0.571946 0.735005 0.91718 0.357946 0.632566 1.0996 0.723523 0.711862 0.416518 0.947339 0.995462 0.421841 0.350986 0.421055 0.706577 0.826563 0.289901 0.6351 0.0961816 0.800541 0.758544 0.865278 0.818336 0.431911 0.64066 0.262756 0.386061 0.48816 0.371847 1.15859 0.799745 0.364011 0.498548 0.176506 0.452008 1.18093 0.697364 1.0366 0.839622 0.558667
0.817775 0.553771 1.11097 0.630592 0.962528 0.322588 0.276522 0.0842963 0.667336 0.902665 0.532069 0.0436312 0.825008 0.633425 0.634976 0.605503 0.103537 0.781086 0.397739 0.481592 0.97097 0.16748 0.618767 0.68289 0.494669 0.927115 0.222485 0.342909 1.07702 1.0546 0.92549 0.916836 0.320487 0.731089 0.181351 0.414731 0.592628 0.833653 0.330865 0.757449 0.980478 0.678504 0.497559 0.27461 0.834167 0.93805 0.691583 0.307402 0.559728 0.743568 0.734676 0.277545 0.754202 0.0389883 0.88345 0.97917 1.01837 0.595616 0.38129 0.687316 0.0500256 0.345214 0.578929 0.662802 1.18132 0.773532 0.44335 0.56329 0.424616 0.656814 0.950346 0.70131 1.18409 0.919854 0.41764
0.741502 0.435465 1.03941 0.638412 0.959349 0.316688 0.178369 0.354999 0.720734 0.713691 0.438357 0.168737 0.946878 0.555804 0.671855 0.518063 0.102724 0.682335 0.275558 0.378605 1.01006 0.355958 0.697805 0.636985 0.750564 0.893525 0.414564 0.324079 0.971756 1.00621 0.970345 0.720774 0.293899 0.526138 0.249939 0.4945 0.618477 0.864928 0.382912 0.698935 0.879372 0.551945 0.76001 0.377978 0.791555 0.775766 0.607685 0.260448 0.381318 0.817361 0.668297 0.340771 0.80423 0.0918631 0.910419 0.785548 0.754959 0.621268 0.444088 0.637956 0.0643336 0.308166 0.657765 0.487563 1.15161 0.706691 0.471404 0.640769 0.178741 0.545011 1.23789 0.585143 1.22985 0.978349 0.557471
0.636931 0.449163 0.9312 0.75686 1.00546 0.354156 0.238139 0.300878 0.587402 0.740111 0.493982 0.0793799 0.881295 0.439867 0.672613 0.476719 0.0978041 0.729768 0.181846 0.629405 1.19513 0.387647 0.573812 0.610982 0.708328 1.02794 0.210757 0.324328 0.936515 1.05395 0.94476 0.905778 0.399362 0.621545 0.250958 0.360964 0.679738 0.720629 0.437531 0.659056 0.997223 0.567996 0.696089 0.396398 0.778698 0.721352 0.520925 0.391492 0.486603 0.569108 0.720106 0.451846 0.78348 0.0318844 0.89825 0.728484 0.867893 0.725876 0.206152 0.547606 0.161613 0.153091 0.408449 0.377581 1.0153 0.822435 0.307321 0.684591 0.167732 0.469957 1.20137 0.495916 1.04681 0.991859 0.420104
0.784989 0.403879 1.01783 0.826675 1.17959 0.414172 0.251161 0.23434 0.614707 0.637817 0.513736 0.247292 0.734027 0.464798 0.477263 0.461154 0.318852 0.806523 0.42269 0.468676 0.94809 0.234078 0.753663 0.55364 0.648491 0.864832 0.465702 0.284528 1.20658 1.02553 0.871239 0.916501 0.233715 0.755589 0.321634 0.427284 0.623644 0.908068 0.383118 0.790582 0.928998 0.698564 0.558121 0.389502 1.00276 0.913674 0.576747 0.244623 0.338516 0.649552 0.782557 0.360567 0.688498 0.158053 0.739139 1.01547 0.777529 0.612069 0.387584 0.577507 0.298951 0.27962 0.448154 0.631481 0.984506 0.767588 0.275442 0.47434 0.313593 0.637202 1.18 0.590803 1.05763 0.914514 0.580248
0.801405 0.652354 1.1305 0.588307 1.0684 0.437146 0.190282 0.249329 0.803137 0.875112 0.413616 0.175227 0.727502 0.515071 0.515182 0.669421 0.173762 0.620089 0.318246 0.406376 1.24152 0.398767 0.623834 0.478279 0.552074 0.938266 0.298804 0.378455 1.15541 1.03928 1.0011 0.847391 0.238984 0.563119 0.388839 0.559947 0.765487 0.733461 0.237984 0.566342 0.889841 0.463952 0.709452 0.271908 0.738677 0.737397 0.667432 0.291105 0.545192 0.793883 0.687062 0.45006 0.832368 0.205166 0.90419 0.954824 0.891932 0.742338 0.405342 0.531176 0.0968522 0.232719 0.690111 0.436822 1.12747 0.830517 0.367752 0.649812 0.3445 0.40687 1.13773 0.448036 1.09057 0.791296 0.540124
0.677128 0.445226 1.14388 0.734282 1.09139 0.357577 0.270507 0.224643 0.586655 0.884072 0.531585 0.180601 0.907738 0.467197 0.498474 0.411151 0.259976 0.608081 0.377604 0.547581 0.948972 0.293584 0.640547 0.642779 0.549451 0.858976 0.46372 0.198465 1.13054 1.18532 0.910923 0.724494 0.446046 0.684261 0.262883 0.396929 0.607311 0.690764 0.328135 0.748804 0.98997 0.534036 0.726817 0.293163 0.746243 0.858732 0.488012 0.389431 0.456731 0.637659 0.710125 0.380686 0.903381 0.268212 0.830275 0.983466 0.811516 0.859514 0.167965 0.507462 0.1206 0.278378 0.604946 0.631944 0.997138 0.587264 0.269374 0.582949 0.271141 0.579493 1.07561 0.405086 1.17189 0.737026 0.426407
0.655326 0.599773 1.15278 0.808774 1.08936 0.311791 0.271574 0.359151 0.737401 0.864793 0.638058 0.213581 0.920297 0.602744 0.553815 0.4437 0.0830836 0.810674 0.449891 0.600113 1.01935 0.420074 0.769182 0.61476 0.783123 1.0226 0.465248 0.37982 0.941258 0.915443 0.940885 0.912782 0.436141 0.591217 0.21237 0.349844 0.656927 0.822624 0.458607 0.726332 1.00049 0.742157 0.686152 0.304121 0.887852 1.0015 0.471644 0.109108 0.370843 0.645927 0.701244 0.20614 0.783151 0.0740842 0.62071 0.988066 1.02488 0.769982 0.37956 0.497 0.270676 0.296408 0.707398 0.59122 1.07371 0.793766 0.480291 0.484258 0.414095 0.611879 0.947888 0.544341 1.0072 0.976885 0.565627
0.765252 0.619467 1.02783 0.745345 0.953559 0.424289 0.233247 0.112036 0.712595 0.884976 0.55455 0.305666 0.955508 0.415657 0.580135 0.410253 0.212879 0.617346 0.300815 0.57719 1.1387 0.158165 0.505595 0.404791 0.787692 0.822121 0.218913 0.100514 1.09724 0.949011 0.876448 0.758487 0.37124 0.769629 0.31158 0.430197 0.611973 0.84412 0.221622 0.732611 1.03987 0.563639 0.689387 0.421786 0.831773 0.934334 0.556453 0.241364 0.4076 0.774614 0.95891 0.334975 0.760525 0.13971 0.74781 0.954515 1.04506 0.633904 0.385305 0.576568 0.16815 0.234916 0.668465 0.576668 0.953522 0.809339 0.511549 0.616222 0.366024 0.43633 1.21393 0.595895 1.00035 0.831582 0.588248
0.790917 0.418757 0.942106 0.766573 1.05888 0.2814 0.185368 0.248984 0.793109 0.645809 0.428651 0.284699 0.837111 0.626582 0.576331 0.572849 0.317522 0.709727 0.464134 0.513037 1.01137 0.322651 0.584963 0.636814 0.570039 0.896839 0.404691 0.158581 1.02393 1.12821 0.749109 0.893851 0.278315 0.642778 0.299894 0.598538 0.713357 0.914947 0.498617 0.541938 1.0657 0.743704 0.650585 0.207956 0.896411 0.747272 0.519933 0.250168 0.306036 0.699749 0.746755 0.450303 0.736884 0.23605 0.679341 0.980711 1.03091 0.869554 0.323852 0.61538 0.292333 0.267032 0.511698 0.559881 0.988484 0.698426 0.430527 0.558173 0.200611 0.434663 1.09158 0.453469 1.14877 0.871064 0.568891
0.714533 0.562854 1.14569 0.777719 1.04168 0.270559 0.290037 0.251609 0.538396 0.874808 0.569003 0.312782 0.973554 0.37739 0.599079 0.48618 0.293247 0.711684 0.385752 0.62946 1.19464 0.376292 0.674163 0.610971 0.556632 1.00046 0.270149 0.374065 0.967274 0.916265 0.812002 0.942579 0.190624 0.588477 0.413296 0.528978 0.581622 0.793623 0.457943 0.557168 0.869245 0.490182 0.659335 0.193591 1.02571 0.800379 0.534232 0.186694 0.540525 0.696434 0.860642 0.270077 0.68589 0.316637 0.633061 0.91933 1.05171 0.716858 0.417033 0.559117 0.105709 0.398428 0.454058 0.478625 1.1373 0.787929 0.352506 0.501572 0.389365 0.592225 1.14162 0.676605 1.13996 0.77323 0.389283
0.818092 0.516716 1.00948 0.653207 0.943647 0.200612 0.27052 0.134203 0.629507 0.64634 0.425456 0.126739 0.93444 0.586517 0.470179 0.656256 0.267492 0.582836 0.265271 0.518806 1.0417 0.266908 0.739141 0.582855 0.740925 1.0146 0.420226 0.153751 1.17009 0.90585 0.817679 0.800093 0.19636 0.618779 0.300559 0.478043 0.797694 0.746047 0.445985 0.66818 1.1061 0.651337 0.640595 0.370564 0.813389 0.819949 0.58568 0.342187 0.350771 0.776394 0.828802 0.366233 0.833293 0.0566252 0.637437 0.758257 0.843606 0.752571 0.29854 0.665334 0.0505865 0.273406 0.411166 0.486228 1.17766 0.687335 0.491643 0.6003 0.388065 0.669105 1.02044 0.432249 1.11816 0.823741 0.597895
0.710686 0.420766 0.932076 0.542435 1.1038 0.281761 0.171202 0.329407 0.519708 0.678233 0.465369 0.23093 0.960362 0.542784 0.563231 0.477492 0.136763 0.695149 0.328592 0.452317 1.11788 0.382966 0.656497 0.485707 0.730533 0.895047 0.439752 0.166792 1.13323 0.948609 0.880708 0.911866 0.195516 0.542688 0.391063 0.33181 0.604505 0.782048 0.426834 0.760989 1.04146 0.502212 0.705642 0.27817 0.959568 0.99476 0.461875 0.397702 0.544803 0.619637 0.927698 0.351234 0.849027 0.190069 0.790596 0.906897 1.03117 0.581487 0.406583 0.587691 0.0671273 0.270581 0.467234 0.647864 1.19905 0.602179 0.504777 0.72475 0.353453 0.511168 1.05701 0.615813 1.22844 0.995905 0.501976
0.751235 0.428508 1.14979 0.594055 1.14954 0.410403 0.211269 0.11341 0.801088 0.758578 0.593017 0.150369 0.803782 0.58596 0.547259 0.456303 0.199248 0.580676 0.22762 0.479099 1.00789 0.417567 0.652615 0.505842 0.755055 0.995376 0.396317 0.183276 0.993093 1.01842 1.00913 0.671977 0.250249 0.762733 0.466917 0.325944 0.76919 0.814861 0.268386 0.792564 0.922966 0.55681 0.731504 0.226173 0.89335 0.881324 0.489513 0.194021 0.559506 0.729098 0.846918 0.40144 0.83927 0.179617 0.793467 0.794474 0.920438 0.663751 0.285875 0.463445 0.23578 0.238162 0.436397 0.629165 1.00371 0.600337 0.287195 0.4975 0.300287 0.664163 1.15102 0.50897 1.13735 0.830462 0.608862
0.740695 0.552857 0.921582 0.595793 0.939381 0.37132 0.383505 0.170607 0.55298 0.762885 0.466947 0.117717 0.781269 0.627687 0.623157 0.390547 0.159288 0.589271 0.177184 0.462923 1.02268 0.315368 0.562008 0.443921 0.725456 0.999142 0.363556 0.125892 0.913493 1.0618 0.798766 0.893731 0.212874 0.554319 0.342286 0.504748 0.608296 0.708804 0.307044 0.768222 1.02747 0.499787 0.777224 0.365894 0.982143 0.932668 0.401131 0.15127 0.355776 0.619307 0.86253 0.29795 0.759968 0.296343 0.80834 0.89239 1.00022 0.809439 0.17142 0.457132 0.171005 0.384883 0.44994 0.638073 1.01607 0.661007 0.244582 0.533729 0.377755 0.644357 1.07348 0.567128 1.00702 0.933272 0.590859
0.638953 0.455885 1.00172 0.59324 1.19331 0.25277 0.277285 0.216915 0.595559 0.882817 0.51612 0.335691 0.948322 0.52315 0.497092 0.540214 0.369817 0.776115 0.416533 0.387582 1.2025 0.248987 0.67808 0.55426 0.682825 0.783985 0.371014 0.213962 0.974418 0.907681 0.82977 0.834814 0.318611 0.783553 0.194617 0.420523 0.65692 0.913833 0.388225 0.671186 0.95466 0.528993 0.744515 0.308617 0.875033 0.774251 0.43668 0.160342 0.592395 0.760371 0.76527 0.49063 0.666347 0.0652816 0.813577 0.935495 0.795081 0.682595 0.272475 0.66271 0.188816 0.313705 0.444949 0.499112 1.02978 0.704206 0.480941 0.648625 0.246886 0.591577 0.956396 0.607429 1.2228 0.763753 0.400015
0.60579 0.445963 1.13861 0.724341 0.977446 0.272536 0.396176 0.154679 0.636118 0.661979 0.43323 0.147992 0.906609 0.436277 0.543194 0.519033 0.173784 0.781481 0.387494 0.626169 0.942417 0.310901 0.517977 0.641421 0.62886 0.846282 0.246513 0.243711 1.17709 0.911907 0.858432 0.79663 0.410244 0.563694 0.433674 0.508219 0.785094 0.760173 0.48352 0.733724 0.982181 0.550536 0.54392 0.263323 0.821617 0.943063 0.68275 0.141489 0.538462 0.739843 0.760613 0.388206 0.654753 0.265193 0.884843 0.819698 0.929586 0.86664 0.210715 0.626505 0.273807 0.129444 0.620993 0.622244 0.980641 0.813694 0.439575 0.568099 0.372496 0.679353 1.05302 0.632232 1.12384 0.849055 0.381963
0.586867 0.523318 0.955577 0.823559 0.968005 0.388175 0.384557 0.230396 0.72291 0.821249 0.601187 0.172958 0.875892 0.455284 0.476128 0.580317 0.311835 0.785071 0.318298 0.472355 1.22604 0.39196 0.708022 0.5059 0.785071 0.98637 0.426122 0.0938271 1.06731 0.923711 1.02966 0.720129 0.443074 0.690201 0.26679 0.414326 0.700521 0.938312 0.336053 0.547285 0.928917 0.536317 0.645845 0.260219 0.773562 0.989381 0.526049 0.366235 0.565065 0.704752 0.772799 0.363297 0.816535 0.0324427 0.782692 0.960488 0.888145 0.777182 0.225392 0.70079 0.237999 0.387969 0.597972 0.568687 1.04027 0.583574 0.271424 0.458619 0.233915 0.544615 1.16385 0.685069 1.25727 0.816247 0.622781
