25 75
0.62837 0.114744 1.14098 0.933888 0.550078 0.711626 1.18534 0.528416 0.953994 0.818658 0.347511 0.491305 0.376222 0.591335 0.576975 0.0691143 0.3245 0.949183 0.620471 0.540098 0.314858 0.112042 0.475271 0.204907 0.263939 0.188997 0.620905 0.593021 0.392897 0.303733 0.789529 0.3378 0.889648 0.254492 0.631502 0.920246 0.966917 0.522305 0.853386 0.465826 1.02443 0.819575 0.74131 0.17107 0.740494 0.633233 0.870588 0.481031 0.553334 0.843757 0.76009 0.443924 0.441105 1.01351 0.469559 0.879873 0.972099 0.380205 0.257188 0.642563 0.107273 1.1154 0.724213 1.181 0.27196 0.337563 0.810824 0.177424 0.342704 0.330189 0.231787 0.162569 0.762152 0.919653 0.477336
0.545479 0.294421 1.07809 1.01811 0.641122 0.713872 1.07061 0.389945 0.871005 0.704969 0.26827 0.664512 0.406725 0.543609 0.432487 0.157867 0.452608 1.1349 0.569962 0.720733 0.163751 0.400024 0.340969 0.259459 0.144513 0.25916 0.406365 0.87355 0.369213 0.187232 1.04707 0.213877 0.684573 0.156206 0.734121 0.897338 0.900622 0.64965 1.03558 0.431896 0.915395 0.945343 0.670566 0.309324 0.701963 0.577715 0.718264 0.315379 0.595126 0.942126 0.61613 0.439723 0.608173 0.977546 0.448212 1.07384 0.967094 0.407158 0.146277 0.538844 0.170714 0.982872 0.740162 1.00789 0.150109 0.261621 0.96837 0.219997 0.238832 0.151343 0.360413 0.154123 0.685615 1.20868 0.294764
0.67658 0.328807 1.1307 1.05243 0.48006 0.848058 1.1872 0.51398 1.04393 0.918788 0.448477 0.426282 0.48509 0.597226 0.481505 0.191259 0.33358 1.22219 0.622007 0.784764 0.296116 0.144763 0.416761 0.150576 0.305307 0.258476 0.445633 0.71684 0.123019 0.42906 1.07357 0.349882 0.804564 0.149176 0.61703 0.805271 0.817723 0.526878 0.838436 0.443162 1.09499 0.9469 0.55331 0.230383 0.802985 0.710665 0.896265 0.267827 0.611765 0.874403 0.645746 0.471794 0.332435 0.997305 0.285005 0.969066 0.853057 0.165757 0.0789152 0.493928 0.134601 0.865219 0.69719 1.21969 0.0434719 0.339771 0.735343 0.0512001 0.283442 0.292388 0.28568 0.363026 0.58858 1.08775 0.385331
0.681344 0.332733 1.1761 1.02126 0.472584 0.8862 0.932345 0.644789 1.03748 0.929122 0.439688 0.654367 0.58359 0.420208 0.493904 0.221618 0.416421 1.18795 0.648719 0.807096 0.051722 0.401794 0.532099 0.262117 0.266791 0.266348 0.59333 0.735659 0.345542 0.17814 0.880098 0.347422 0.884835 0.191895 0.68885 0.803233 0.782105 0.660827 0.935512 0.252877 1.06089 0.902267 0.761126 0.252831 0.715243 0.60154 0.896305 0.525492 0.620275 0.876087 0.519297 0.518484 0.521411 0.973724 0.549982 1.11462 0.773852 0.370312 0.253035 0.64102 0.151723 0.908781 0.817808 1.17151 0.274663 0.386457 0.85132 0.0998711 0.171555 0.15936 0.293466 0.141856 0.722912 1.03887 0.307984
0.506795 0.367193 1.02306 0.817502 0.450585 0.725951 1.10671 0.645329 0.950887 0.887439 0.210397 0.459038 0.496359 0.522292 0.417839 0.116873 0.436682 1.07332 0.639068 0.625908 0.0765279 0.277498 0.508694 0.158045 0.275389 0.279979 0.603701 0.679621 0.311715 0.236405 0.9322 0.189025 0.688495 0.245684 0.706783 0.964783 0.894739 0.640118 0.914469 0.410078 0.896639 0.83568 0.782776 0.190683 0.720217 0.685258 0.850961 0.508318 0.578222 0.898628 0.670306 0.508503 0.370491 0.903016 0.448325 0.956238 0.821419 0.376982 0.283895 0.627989 0.33877 0.875905 0.763818 1.03122 0.261867 0.402611 0.928454 0.114671 0.213679 0.202106 0.177033 0.261767 0.614891 1.18608 0.443532
0.518518 0.291964 1.04613 0.832001 0.563879 0.822447 1.02463 0.529205 1.0944 0.778281 0.188554 0.603578 0.508451 0.482638 0.486165 0.113228 0.23303 0.988594 0.581784 0.768127 0.268414 0.122856 0.514153 0.272656 0.213036 0.249037 0.340042 0.669206 0.126112 0.321735 0.942911 0.309762 0.750453 0.252911 0.594105 1.00167 0.847485 0.548013 0.910226 0.409577 1.05951 0.789603 0.803034 0.167959 0.679696 0.769427 0.906506 0.468976 0.644938 0.715279 0.692334 0.441249 0.602491 0.950687 0.344314 1.09594 0.834759 0.363169 0.139796 0.677039 0.17539 0.872583 0.640372 1.11223 0.106388 0.364679 0.785088 0.207409 0.216092 0.117257 0.292936 0.228157 0.54394 1.0841 0.484477
0.531077 0.131584 1.08981 1.1013 0.482899 0.735468 1.0851 0.462587 1.07792 0.820807 0.337992 0.712369 0.607546 0.366469 0.490554 0.120474 0.213197 0.996735 0.624148 0.737821 0.292017 0.179757 0.521603 0.38844 0.127543 0.144558 0.626861 0.843972 0.309161 0.332689 0.812074 0.259612 0.875692 0.104011 0.541201 0.730338 0.782748 0.581224 0.876689 0.528322 1.04888 0.688302 0.80067 0.211748 0.708952 0.82712 0.714973 0.493765 0.531405 0.670485 0.751082 0.325441 0.38119 0.732939 0.443843 0.988291 0.883403 0.276578 0.229292 0.689589 0.319311 1.08948 0.934848 1.09133 0.193925 0.375877 0.906433 0.284689 0.300063 0.313909 0.293066 0.14284 0.570061 1.01296 0.307695
0.783247 0.295585 1.06387 0.808644 0.592821 0.785214 1.0343 0.463505 0.910004 0.675306 0.350916 0.622084 0.391304 0.612463 0.298773 0.0485948 0.323541 1.1427 0.58332 0.666383 0.314462 0.203228 0.405334 0.265498 0.0997157 0.238994 0.346073 0.832564 0.101973 0.347211 1.01864 0.375229 0.633378 0.113442 0.624457 0.889817 1.01641 0.48178 0.974598 0.425114 1.1433 0.855418 0.663017 0.332798 0.730273 0.742097 0.781628 0.443661 0.703836 0.803332 0.610077 0.537178 0.529368 0.806689 0.554682 0.99095 0.919623 0.406382 0.329874 0.731627 0.196701 1.01644 0.806083 1.06515 0.0689823 0.404625 0.910956 0.278961 0.204042 0.180487 0.126034 0.300016 0.636615 1.01408 0.198621
0.688441 0.195616 1.23099 1.02166 0.641667 0.807674 0.934696 0.615807 0.855644 0.841868 0.378538 0.683257 0.548979 0.581093 0.525532 0.109175 0.318957 1.10362 0.648345 0.625588 0.204581 0.390246 0.441369 0.373105 0.169364 0.0406593 0.588884 0.851903 0.146603 0.394175 0.860462 0.394883 0.720016 0.106168 0.538283 0.776415 1.02998 0.666784 0.862195 0.300151 0.99854 0.723313 0.695293 0.402284 0.68468 0.669905 0.906245 0.308972 0.728716 0.81441 0.745995 0.543972 0.479252 0.99421 0.444694 0.873829 0.771282 0.355114 0.0618606 0.58856 0.0658125 1.02593 0.705516 1.05386 0.231072 0.460127 0.985159 0.204392 0.133687 0.124153 0.245961 0.145072 0.57568 0.920137 0.297118
0.642652 0.333903 1.01414 0.88631 0.43859 0.858631 0.933643 0.645269 0.939816 0.899372 0.2558 0.715821 0.3448 0.612353 0.475158 0.178552 0.213322 1.0887 0.660105 0.598106 0.0205518 0.309645 0.32825 0.119145 0.222682 0.202031 0.540872 0.833969 0.234447 0.232414 1.01665 0.321982 0.8727 0.272486 0.527639 0.745142 0.985914 0.424658 0.902839 0.527734 1.00568 0.882067 0.667904 0.204129 0.822768 0.838433 0.86641 0.300794 0.506594 0.900208 0.604194 0.360481 0.35858 0.75492 0.567269 1.04944 0.928168 0.23727 0.0734762 0.500323 0.132098 0.904526 0.761988 1.15545 0.316472 0.296893 0.902996 0.0104066 0.247495 0.0777331 0.144878 0.321446 0.614988 1.09725 0.432212
0.757106 0.360947 1.08252 1.08537 0.501558 0.899543 1.2218 0.592814 0.881522 0.936217 0.36513 0.588664 0.590586 0.356212 0.311386 0.221647 0.290621 0.971177 0.734233 0.569355 0.190309 0.398547 0.361363 0.314704 0.210933 0.154789 0.47509 0.678227 0.246146 0.263109 0.908471 0.131285 0.752866 0.291031 0.541738 0.857112 1.01992 0.461247 1.07258 0.40103 1.04986 0.715312 0.563753 0.403104 0.679776 0.829163 0.888772 0.245639 0.488077 0.65285 0.696334 0.35579 0.444914 0.858496 0.397163 0.979797 0.757381 0.361147 0.202096 0.480362 0.184232 0.977793 0.813948 1.11993 0.303939 0.319532 0.960226 0.256176 0.173878 0.156854 0.390069 0.214909 0.498108 1.00081 0.456679
0.727847 0.109296 1.02369 0.833049 0.615757 0.844151 1.12983 0.354441 0.896733 0.843253 0.214519 0.426083 0.498505 0.379535 0.320681 0.345245 0.433124 1.16731 0.739333 0.614535 0.19138 0.290487 0.528933 0.255588 0.168566 0.241212 0.595125 0.855177 0.294539 0.203495 1.03445 0.222144 0.610735 0.214983 0.760126 0.807774 0.932243 0.606095 0.903911 0.515709 1.06166 0.821178 0.729211 0.20648 0.678909 0.73108 0.677855 0.246498 0.609719 0.798509 0.667393 0.525244 0.379781 0.922967 0.522684 1.10894 0.840846 0.202666 0.203311 0.569934 0.241338 0.941534 0.738385 1.2891 0.213874 0.341553 0.9042 0.0465494 0.130141 0.301485 0.211769 0.278311 0.769309 1.16408 0.311033
0.651816 0.344349 1.0694 0.822495 0.35552 0.682006 0.997544 0.495039 0.912401 0.829953 0.431587 0.606978 0.376329 0.597619 0.485009 0.0550203 0.479272 1.09082 0.689376 0.52223 0.278538 0.339537 0.367124 0.354886 0.221575 0.185099 0.445467 0.723391 0.120012 0.262549 0.851979 0.317826 0.865627 0.332762 0.733168 0.767815 0.847177 0.571416 1.02196 0.408143 1.00312 0.679969 0.824497 0.300589 0.795186 0.828046 0.725186 0.420768 0.533198 0.837756 0.579169 0.300495 0.55111 1.02147 0.319765 0.999393 0.940633 0.184002 0.173295 0.724984 0.26736 1.08262 0.70533 1.09733 0.300525 0.364796 0.917085 0.305168 0.318764 0.145813 0.336118 0.345923 0.791951 0.965826 0.240811
0.688833 0.185013 1.23572 0.86899 0.406418 0.858808 1.14507 0.453453 1.0558 0.885683 0.258752 0.549631 0.613204 0.565453 0.411583 0.201494 0.203052 1.04057 0.534324 0.705673 0.119365 0.239158 0.525764 0.373438 0.0710996 0.19564 0.602268 0.780288 0.278167 0.370448 1.08062 0.39683 0.61054 0.235873 0.618121 0.762436 0.788066 0.590421 1.09039 0.383291 1.10433 0.806641 0.643303 0.356751 0.784087 0.830995 0.802247 0.253494 0.589385 0.72805 0.762323 0.481039 0.410216 1.01603 0.519866 0.886194 0.828063 0.397014 0.0974099 0.666428 0.126394 1.06882 0.85561 1.02254 0.247291 0.407093 0.820204 0.112217 0.134763 0.218176 0.270294 0.354609 0.525223 1.0854 0.323581
0.692957 0.24649 1.0434 0.900465 0.624893 0.901727 0.988375 0.361503 1.01251 0.823918 0.293025 0.505165 0.384967 0.532638 0.319014 0.12689 0.487292 1.02957 0.708411 0.613171 0.24028 0.351166 0.490277 0.361961 0.0403924 0.222777 0.333583 0.610513 0.237129 0.19743 1.06781 0.416174 0.890688 0.145242 0.58124 0.92659 0.932015 0.67394 1.08025 0.489979 0.959942 0.974001 0.705207 0.405043 0.762728 0.645332 0.686687 0.399626 0.627529 0.744046 0.642507 0.51583 0.389246 1.00471 0.384085 1.06314 0.983969 0.184409 0.261415 0.582276 0.20611 0.89832 0.921231 1.27359 0.154353 0.419067 0.865181 0.291459 0.198365 0.268676 0.241865 0.20623 0.763481 1.10279 0.458093
0.503926 0.352153 1.04522 1.08795 0.574869 0.765317 1.12015 0.588097 1.04112 0.733197 0.256618 0.623786 0.430832 0.485479 0.466034 0.119663 0.254739 0.965231 0.679733 0.756878 0.256501 0.293865 0.273851 0.378795 0.0636427 0.224669 0.434197 0.845105 0.227645 0.264969 0.995886 0.370763 0.752176 0.242068 0.564789 0.827819 0.821459 0.654461 0.838612 0.339492 1.12227 0.93763 0.62251 0.233853 0.936686 0.583256 0.673136 0.247928 0.50831 0.759976 0.671719 0.325506 0.593669 0.769282 0.439421 0.956209 0.847802 0.39187 0.33371 0.49678 0.0667708 1.07308 0.718923 1.06905 0.0524696 0.479683 0.883684 0.227333 0.19339 0.136917 0.203019 0.312448 0.55535 0.937096 0.318582
0.612129 0.309967 0.997908 0.981449 0.48191 0.829515 1.03924 0.383634 0.881343 0.689191 0.25962 0.682598 0.371051 0.51228 0.525469 0.27376 0.420621 0.94915 0.57456 0.52092 0.0648871 0.401744 0.379557 0.147849 0.237027 0.0196893 0.531658 0.843167 0.303649 0.311893 1.05665 0.167966 0.616041 0.190746 0.543086 0.880718 0.79899 0.472225 0.887835 0.375824 0.918633 0.8811 0.623068 0.129743 0.759155 0.738325 0.793816 0.246845 0.734696 0.669409 0.72317 0.399444 0.343547 0.877767 0.385819 1.09453 0.764324 0.444831 0.142303 0.697735 0.343238 1.0915 0.765424 1.28229 0.256359 0.385702 0.714343 0.0446062 0.157426 0.113583 0.132631 0.231027 0.688465 0.999985 0.198003
0.595025 0.0886409 1.21997 0.834535 0.548815 0.698786 1.10978 0.422413 1.13308 0.72304 0.426274 0.665966 0.384057 0.531768 0.477449 0.26945 0.265721 1.20279 0.543358 0.785706 0.178656 0.239817 0.458217 0.139143 0.0331625 0.0736377 0.567506 0.859284 0.330578 0.22162 1.01102 0.346552 0.779991 0.242012 0.635256 0.865697 0.926881 0.434966 0.960722 0.47223 1.16492 0.976118 0.573749 0.257338 0.802354 0.751921 0.91874 0.384128 0.705748 0.673128 0.692565 0.349802 0.580236 0.836655 0.448097 1.03216 0.883972 0.210886 0.255886 0.749691 0.285743 1.07149 0.749886 1.28856 0.290003 0.446329 0.911412 0.160537 0.151688 0.122955 0.347451 0.181616 0.540178 1.20834 0.47608
0.60893 0.36428 1.26039 0.889896 0.59199 0.698432 1.0657 0.493753 0.995394 0.876643 0.263666 0.421617 0.457348 0.553535 0.363664 0.0914313 0.459596 1.07832 0.761473 0.76867 0.192577 0.3948 0.263146 0.142789 0.11008 0.271561 0.501671 0.591337 0.100708 0.265598 0.875234 0.23151 0.821989 0.0995837 0.65497 0.993995 0.99796 0.391709 1.12191 0.403862 1.09744 0.72063 0.77347 0.228681 0.874987 0.689105 0.685671 0.270438 0.7373 0.811077 0.550281 0.345962 0.541467 0.805072 0.341417 1.05476 1.04374 0.434533 0.0537561 0.558706 0.145516 0.844453 0.730902 1.11662 0.0432381 0.199911 0.716898 0.0978357 0.209392 0.0550892 0.142639 0.29093 0.618298 1.02204 0.219964
0.518112 0.287132 0.988943 1.05413 0.595173 0.796849 1.02193 0.468719 0.929318 0.9044 0.389625 0.545717 0.529129 0.610721 0.461302 0.187194 0.370729 0.983928 0.784356 0.728905 0.133061 0.341279 0.35592 0.123787 0.156154 0.126589 0.604748 0.74973 0.275342 0.369654 1.07609 0.196705 0.868443 0.326889 0.509973 0.746455 0.855184 0.388618 0.971648 0.295824 1.1321 0.827419 0.817413 0.283194 0.81079 0.607667 0.820521 0.361426 0.487139 0.650388 0.705226 0.542756 0.509809 0.879321 0.4154 0.945822 0.990474 0.445791 0.221685 0.518949 0.281453 0.8292 0.686518 1.07235 0.082703 0.219758 0.916436 0.273319 0.344196 0.156333 0.142946 0.102105 0.675462 0.964472 0.481223
0.602936 0.316604 1.00903 0.979524 0.620494 0.796312 1.03657 0.624936 1.03318 0.89959 0.260063 0.482638 0.596516 0.393767 0.494816 0.134754 0.441446 1.11437 0.575668 0.803313 0.0357567 0.37099 0.266978 0.386442 0.237626 0.034084 0.617192 0.755935 0.302492 0.256659 0.839457 0.257241 0.688336 0.174649 0.763775 0.737354 0.969292 0.513673 0.957711 0.381725 0.975446 0.915416 0.791402 0.408113 0.708676 0.635467 0.803216 0.342304 0.596442 0.837358 0.768161 0.505907 0.36936 0.817421 0.332363 0.920684 0.877584 0.279008 0.0542042 0.569223 0.106506 0.879123 0.668614 1.0089 0.15142 0.195304 0.865911 0.0452829 0.127855 0.208376 0.311906 0.289947 0.717657 0.996801 0.244516
0.650573 0.183229 1.02174 1.02725 0.53907 0.962413 1.19446 0.362856 0.993299 0.780011 0.428665 0.599669 0.418924 0.553702 0.37971 0.146575 0.38215 1.12777 0.743157 0.736282 0.295489 0.326594 0.464664 0.214439 0.320106 0.0165193 0.579511 0.838346 0.144214 0.270851 0.916581 0.346765 0.877502 0.337385 0.559646 0.902478 0.802578 0.663224 0.902082 0.528934 1.03927 0.704203 0.580777 0.345631 0.806303 0.753375 0.648085 0.256265 0.517572 0.652464 0.52613 0.37948 0.48954 0.845587 0.317511 1.14934 0.773942 0.23353 0.263569 0.572196 0.182942 0.874125 0.834921 1.04884 0.150873 0.415174 0.760488 0.0152449 0.108019 0.311514 0.29129 0.136139 0.518973 1.19765 0.355391
0.688308 0.303438 1.0988 0.914569 0.367271 0.742692 1.10294 0.528913 1.0018 0.903337 0.207211 0.693106 0.614808 0.448763 0.42974 0.0983189 0.245955 1.09313 0.745067 0.512395 0.172316 0.357074 0.417829 0.321828 0.320946 0.276059 0.574764 0.775664 0.368701 0.150655 1.04874 0.125671 0.893925 0.138604 0.561711 0.902368 0.81439 0.508985 0.917008 0.473318 0.892281 0.775545 0.756847 0.345881 0.842943 0.683832 0.653025 0.245578 0.452894 0.692961 0.811519 0.389647 0.616302 0.791897 0.436244 1.04736 0.880718 0.242181 0.0473618 0.492294 0.186221 1.0056 0.815618 1.12519 0.136039 0.43833 0.732653 0.0882681 0.104143 0.139382 0.174973 0.298275 0.772822 0.977599 0.231931
0.545194 0.345024 1.19742 0.882425 0.495766 0.909496 0.954316 0.404103 0.911951 0.936466 0.217622 0.536498 0.614903 0.436917 0.394688 0.0830574 0.245346 1.15184 0.759355 0.78955 0.117539 0.166593 0.45444 0.298077 0.0483995 0.0366259 0.436137 0.710054 0.341998 0.143408 1.07802 0.235672 0.797709 0.171528 0.552556 0.833287 0.880702 0.54697 0.916476 0.483971 1.107 0.909103 0.54588 0.287824 0.715599 0.560955 0.680196 0.286278 0.442345 0.807689 0.704888 0.328912 0.385288 0.981024 0.294296 1.16409 0.819257 0.193776 0.250308 0.705024 0.0643866 0.904623 0.882533 1.16257 0.129962 0.423858 0.828261 0.264469 0.226329 0.271528 0.388378 0.15409 0.592769 1.04259 0.211623
0.643138 0.318457 1.20966 1.04747 0.515455 0.75609 1.16477 0.359551 1.05993 0.833243 0.269755 0.422282 0.591914 0.427051 0.498742 0.286517 0.225786 1.14037 0.622737 0.606129 0.218435 0.167172 0.278811 0.127663 0.220492 0.15758 0.429678 0.641211 0.19085 0.350797 0.797589 0.13459 0.830329 0.139596 0.667946 0.778387 0.971502 0.663389 0.99297 0.367309 1.09037 0.716089 0.647862 0.397209 0.857483 0.710491 0.702298 0.374779 0.602331 0.909775 0.542937 0.330544 0.537668 0.959671 0.377966 1.13459 0.809109 0.288676 0.146191 0.715623 0.266398 1.11101 0.909485 1.19898 0.222946 0.337803 0.998186 0.0827606 0.281129 0.107659 0.3065 0.136062 0.644101 1.18924 0.442998
