25 75
0.713821 0.730247 0.890472 0.354981 1.07039 1.09456 0.282795 0.720339 0.589065 0.566443 0.234682 0.77495 0.541705 0.383927 0.31009 0.60947 0.321026 0.39578 1.14458 1.05571 0.574116 0.822719 0.651093 0.26053 0.545287 0.0686615 0.836098 0.368302 0.668288 0.866526 0.509034 0.595958 1.09336 0.825303 1.08031 0.70352 1.24948 0.572955 1.05063 1.12107 0.540328 0.207944 0.714576 0.896579 0.711097 0.207685 0.828049 1.05387 0.398431 0.802976 0.042098 0.227909 1.17363 0.388285 0.666298 0.49259 0.433461 0.471294 0.548642 0.917315 0.55066 0.614024 1.03894 0.176001 0.367615 0.403355 0.694537 0.260907 0.925925 0.816917 0.218384 0.636184 0.566006 0.989611 0.921607
0.802974 0.843348 1.06191 0.288671 0.935717 1.05523 0.198338 0.899856 0.592206 0.761606 0.295902 0.840635 0.4176 0.187874 0.295701 0.333261 0.384599 0.440758 1.17508 1.08449 0.713543 0.770501 0.877047 0.240086 0.64211 0.215016 0.869799 0.248657 0.472131 0.761157 0.557456 0.681047 1.08386 0.833101 1.09084 0.660092 1.20301 0.500614 0.981419 1.12508 0.703123 0.45903 0.673569 0.930538 0.643794 0.282663 1.03999 0.994746 0.407348 0.794074 0.332838 0.43216 1.13467 0.275134 0.792479 0.571579 0.625103 0.489895 0.535579 0.946258 0.489118 0.621645 0.902465 0.280182 0.347675 0.348649 0.760502 0.151678 0.94453 0.837896 0.159898 0.640642 0.431999 0.95291 0.923172
0.839352 0.640632 0.804291 0.537633 0.864701 1.0961 0.321916 0.949559 0.730447 0.709567 0.268178 0.594885 0.355018 0.202799 0.266094 0.409513 0.251471 0.431712 1.0848 1.17068 0.702047 0.924024 0.669107 0.17029 0.565487 0.0858559 1.01812 0.407512 0.574363 0.766942 0.558142 0.777444 0.965372 0.865435 0.835652 0.525579 1.25192 0.482465 1.09227 1.04147 0.764142 0.423543 0.710738 0.765896 0.882499 0.0699165 0.943124 0.909473 0.273442 0.724106 0.306501 0.280005 1.17928 0.344387 0.634931 0.552741 0.521577 0.379668 0.508258 0.907923 0.720664 0.78038 0.822403 0.151279 0.26889 0.206654 0.852597 0.0950934 1.03172 0.825501 0.381479 0.704476 0.438558 1.07555 0.910705
0.758025 0.703614 1.02235 0.463855 1.07841 0.981037 0.339133 0.729457 0.696858 0.82363 0.219378 0.612043 0.578346 0.311989 0.257406 0.331485 0.262579 0.425256 1.23987 1.24401 0.709359 0.864064 0.725208 0.372851 0.560566 0.282677 1.02581 0.274553 0.530212 0.717769 0.271904 0.619933 1.13587 0.893145 1.07087 0.673849 1.11609 0.500354 0.976701 1.26739 0.577383 0.379318 0.702471 0.978914 0.667311 0.213257 1.0816 1.08555 0.252007 0.734683 0.314861 0.327665 1.02669 0.374121 0.712382 0.416266 0.630334 0.336188 0.538936 0.82508 0.77364 0.58402 1.10244 0.0757952 0.324884 0.367399 0.808867 0.333995 1.07783 0.897248 0.195341 0.592942 0.564602 1.08662 0.910598
0.720663 0.639919 0.988961 0.277798 0.91954 1.18714 0.375546 0.779325 0.819782 0.738816 0.331279 0.844234 0.353001 0.44276 0.243024 0.477969 0.324891 0.55536 1.19312 1.27713 0.77019 0.830614 0.675105 0.236006 0.648173 0.149678 0.901203 0.428161 0.467562 0.888993 0.505749 0.783902 1.16683 0.907929 0.88192 0.525509 1.15899 0.531493 0.844266 1.02337 0.642735 0.354868 0.746263 0.752769 0.828861 0.0935283 0.853749 1.11205 0.317108 0.604175 0.0427929 0.38711 1.06448 0.196833 0.881874 0.344101 0.457758 0.384817 0.399591 0.939668 0.723763 0.601194 1.022 0.189768 0.370419 0.302715 0.801322 0.258678 0.973278 0.789924 0.254961 0.564466 0.421159 1.09923 0.817443
0.776789 0.795998 1.011 0.381841 0.898939 1.01312 0.346355 0.870028 0.573515 0.729218 0.254162 0.621164 0.579361 0.244178 0.174126 0.328312 0.430412 0.440081 0.986389 1.24663 0.762644 0.876425 0.743003 0.41274 0.506993 0.0910752 1.01253 0.46372 0.529705 0.705616 0.390366 0.7264 1.2094 0.885267 0.874402 0.647737 1.09593 0.582414 1.07687 1.06006 0.83337 0.289774 0.722399 0.992976 0.838118 0.251168 0.822884 0.877228 0.319955 0.593875 0.310136 0.483439 1.1727 0.116851 0.624284 0.53665 0.558778 0.281058 0.278806 0.93532 0.767641 0.567506 0.91234 0.332763 0.363125 0.372429 0.813835 0.303689 0.99352 0.653419 0.180939 0.599212 0.447112 0.864738 0.856448
0.741492 0.756002 1.01487 0.320465 1.05297 1.18941 0.346332 0.833021 0.665284 0.55263 0.0913666 0.795488 0.412627 0.230736 0.119751 0.462678 0.35355 0.31587 1.0024 1.25889 0.703846 0.907858 0.787642 0.173306 0.678082 0.229936 0.82698 0.437454 0.477269 0.945637 0.369903 0.591436 1.18114 0.934664 1.11628 0.683877 1.24379 0.410146 1.05476 1.00142 0.794534 0.180003 0.77065 0.767132 0.701569 0.303408 0.846869 0.854323 0.443597 0.528272 0.159365 0.19763 1.03514 0.312375 0.832457 0.378401 0.396305 0.343406 0.440578 0.962718 0.583602 0.729536 0.898782 0.101898 0.324146 0.311042 0.67293 0.326479 1.11583 0.626094 0.23906 0.789216 0.478036 1.01132 0.741464
0.57966 0.577923 1.05586 0.328921 0.959423 0.989454 0.25923 0.796044 0.843738 0.686124 0.124813 0.82884 0.328399 0.259581 0.0725738 0.553659 0.283084 0.343227 1.20227 1.24664 0.789258 0.83748 0.890247 0.406651 0.536632 0.205074 0.922885 0.394612 0.630121 0.967569 0.353381 0.618784 1.16524 0.907138 0.913017 0.785446 1.18537 0.492456 1.10429 1.13073 0.757299 0.370821 0.670853 0.811062 0.814596 0.257668 1.06724 0.842478 0.375987 0.690428 0.0910231 0.422828 1.09498 0.161441 0.601335 0.568033 0.477608 0.37951 0.333228 0.939827 0.630314 0.793497 1.05189 0.295437 0.325744 0.28967 0.90434 0.280934 0.933708 0.717788 0.442637 0.734429 0.587196 0.835767 0.786601
0.736114 0.830499 0.959067 0.304726 0.845846 1.08852 0.196141 0.866337 0.754536 0.700788 0.288456 0.840152 0.457121 0.385172 0.175204 0.419599 0.309835 0.400809 1.16293 1.01198 0.765731 0.837737 0.69224 0.241534 0.453005 0.327288 1.00523 0.383115 0.495819 0.873329 0.459968 0.723291 0.941118 0.862575 0.849127 0.534927 1.21449 0.578165 0.874376 1.06342 0.694938 0.291932 0.826968 0.75775 0.881357 0.120718 0.986227 0.869959 0.198597 0.594961 0.293664 0.367088 0.932786 0.176346 0.771313 0.369931 0.421673 0.261919 0.535755 0.90195 0.628881 0.680434 0.968165 0.0762702 0.262911 0.204191 0.766541 0.0983099 1.11641 0.898763 0.20954 0.568362 0.471826 0.945101 0.873935
0.663623 0.614356 0.851652 0.329396 0.973244 1.19731 0.447936 0.842649 0.741734 0.654711 0.297794 0.553465 0.357528 0.268648 0.203854 0.515637 0.175718 0.313603 1.20904 1.02545 0.57369 0.905289 0.7803 0.300716 0.583376 0.220921 0.816723 0.397005 0.553676 0.90643 0.443089 0.568194 1.19575 0.909155 0.896007 0.815666 0.997398 0.435671 0.973097 1.03143 0.601896 0.288594 0.682272 0.860769 0.628427 0.119639 0.920166 1.01911 0.343006 0.766589 0.0714782 0.226223 0.979121 0.361236 0.634457 0.351067 0.517328 0.263373 0.273858 0.878456 0.672757 0.63778 0.939622 0.182892 0.438027 0.297261 0.755947 0.156518 1.18914 0.869007 0.251111 0.598559 0.610165 0.914683 0.918557
0.839381 0.730958 0.903553 0.295136 0.862605 1.20333 0.305212 0.940594 0.670742 0.791062 0.218048 0.838705 0.361843 0.248425 0.142005 0.504209 0.39392 0.353832 1.04279 1.12807 0.716886 0.914153 0.921618 0.452462 0.568751 0.121195 0.83888 0.478317 0.438058 0.796063 0.485497 0.783048 1.09102 0.818608 1.11301 0.697329 1.28574 0.609764 0.834663 1.10052 0.626679 0.237857 0.856553 0.876785 0.6544 0.227656 0.893914 0.921923 0.284039 0.638192 0.111651 0.3209 1.19482 0.178172 0.852565 0.345357 0.590186 0.366066 0.433593 0.941017 0.766532 0.585041 1.09832 0.0362931 0.310042 0.254971 0.795568 0.315444 0.945774 0.870782 0.201592 0.603887 0.42318 0.909052 0.928297
0.555327 0.812186 1.05877 0.416181 0.929024 1.07665 0.201427 0.873219 0.853479 0.679583 0.14547 0.67612 0.598839 0.339698 0.179215 0.610657 0.193768 0.35612 1.27617 1.06161 0.656585 1.01111 0.706802 0.338374 0.658029 0.326661 0.827591 0.352426 0.440078 0.963801 0.281066 0.58638 1.15753 0.766114 0.818379 0.737469 1.19285 0.5292 0.855927 1.19348 0.575198 0.27327 0.858505 0.882911 0.89887 0.212929 0.921283 0.982116 0.388478 0.702385 0.185309 0.42157 1.16601 0.319049 0.684111 0.37914 0.415275 0.228099 0.40319 0.896837 0.580688 0.700294 1.04945 0.212134 0.495499 0.320742 0.925549 0.194004 1.09494 0.676286 0.255441 0.609117 0.636992 1.00661 0.727593
0.828395 0.588315 1.08561 0.469151 0.911214 1.16278 0.297712 0.842542 0.836629 0.795448 0.214166 0.776376 0.363951 0.311783 0.234413 0.481789 0.156428 0.54133 1.01483 1.18519 0.780426 0.912555 0.854348 0.310092 0.59395 0.249644 0.92217 0.463137 0.417379 0.702846 0.376928 0.608583 0.982547 0.9036 0.942712 0.680728 1.21068 0.336578 0.927942 1.07274 0.538493 0.203704 0.744684 0.786238 0.828857 0.0852517 1.02771 0.939473 0.148504 0.628165 0.157821 0.484289 1.03166 0.318414 0.824212 0.601869 0.63293 0.284397 0.328669 1.02746 0.73011 0.711683 0.946319 0.192043 0.45407 0.402212 0.815283 0.171748 0.950649 0.680248 0.250176 0.718304 0.625148 1.03905 0.71002
0.670663 0.70156 0.843288 0.451737 0.898276 1.04142 0.260147 1.01126 0.596886 0.555011 0.25988 0.783287 0.437123 0.278532 0.281268 0.533184 0.18264 0.424506 1.04735 1.15381 0.548935 0.824736 0.750664 0.367255 0.585443 0.226661 0.796766 0.452825 0.502754 0.942109 0.41877 0.60268 1.03918 0.88138 0.915336 0.636811 1.10427 0.444409 0.995639 1.15971 0.66934 0.442568 0.779802 0.962813 0.852235 0.0894925 0.889652 1.01259 0.414224 0.743835 0.165916 0.281648 1.07902 0.226714 0.657084 0.455742 0.59396 0.209343 0.392861 0.828524 0.70169 0.621937 1.09138 0.0867628 0.394762 0.36266 0.9122 0.155861 1.11733 0.659875 0.175062 0.735882 0.56136 1.05881 0.861829
0.763449 0.74469 0.884491 0.492886 1.09947 1.18509 0.3446 0.881498 0.671754 0.721993 0.327806 0.680058 0.494363 0.467665 0.295019 0.430259 0.217246 0.45212 1.17834 1.17216 0.704442 0.979715 0.811553 0.235455 0.470959 0.30058 0.876085 0.505052 0.676663 0.716007 0.555523 0.55636 0.960038 0.79284 0.979276 0.594399 1.23525 0.417606 0.94033 1.25587 0.798527 0.208187 0.921121 0.754163 0.652328 0.200135 1.04938 0.834631 0.147553 0.67387 0.146617 0.489254 1.14302 0.226534 0.887892 0.411077 0.490412 0.324432 0.422093 1.10772 0.606308 0.732427 1.09522 0.257665 0.393994 0.488188 0.864031 0.145732 1.15978 0.697642 0.450456 0.749508 0.480466 1.09448 0.94722
0.808106 0.752622 1.07734 0.406474 1.0838 1.08271 0.411887 0.762262 0.656964 0.638855 0.0347161 0.809578 0.54266 0.188834 0.277638 0.566045 0.24484 0.336622 1.04722 1.05895 0.570817 0.751786 0.769728 0.24455 0.467106 0.297251 0.774614 0.230826 0.548172 0.807334 0.541165 0.786661 1.04171 0.950003 1.03836 0.76016 1.22449 0.380328 0.905521 1.27023 0.683178 0.347039 0.757023 0.810833 0.908461 0.317736 0.928485 0.928176 0.387628 0.544472 0.274271 0.349346 0.91119 0.350904 0.609509 0.36356 0.356118 0.226481 0.335663 1.00841 0.61595 0.77055 0.892732 0.329285 0.488748 0.401796 0.866922 0.0798126 1.045 0.773602 0.389525 0.618827 0.563163 1.02116 0.726956
0.82368 0.601868 1.01003 0.288451 0.885412 1.22964 0.463895 0.761053 0.661573 0.727681 0.213482 0.686892 0.465529 0.171059 0.109192 0.54146 0.140308 0.322652 1.24831 1.12079 0.656364 0.996309 0.788094 0.209414 0.468667 0.12368 0.793061 0.424662 0.575643 0.827308 0.484297 0.578206 1.20714 0.989097 0.991892 0.640576 1.2206 0.555714 0.963177 1.0116 0.543136 0.261839 0.867338 0.858147 0.913357 0.101633 0.933312 0.942129 0.333982 0.539739 0.0690211 0.296915 0.963825 0.245911 0.855187 0.588457 0.390897 0.443927 0.433021 1.11345 0.632777 0.590657 0.817106 0.0988545 0.431149 0.485749 0.749011 0.188619 1.11712 0.792731 0.16705 0.772165 0.497583 0.94966 0.856238
0.823346 0.80024 0.986298 0.460623 1.0887 1.1322 0.329119 0.879994 0.811627 0.752178 0.112423 0.807311 0.430912 0.184149 0.33065 0.445102 0.389447 0.354201 1.17169 0.999123 0.702877 0.756369 0.792332 0.434077 0.64224 0.0635131 1.00019 0.334461 0.503858 0.687054 0.289232 0.600053 1.12548 1.03366 0.95232 0.732066 1.14404 0.583025 1.00143 1.12005 0.809867 0.200975 0.868046 0.877637 0.682112 0.282863 0.891853 1.04047 0.180864 0.68543 0.247844 0.419765 1.02714 0.158876 0.659866 0.338181 0.45066 0.2369 0.387892 0.915244 0.703986 0.757953 1.02379 0.0850296 0.507102 0.329551 0.937167 0.304441 0.949697 0.816929 0.30774 0.662833 0.450871 1.00962 0.961864
0.613163 0.698553 0.974434 0.494729 1.09078 1.15761 0.227317 0.719559 0.630079 0.817137 0.0597645 0.72064 0.501655 0.204243 0.279704 0.494681 0.296045 0.395802 1.0167 1.28901 0.754743 0.993436 0.707985 0.361268 0.663448 0.086445 0.771029 0.254868 0.711303 0.840855 0.290339 0.527608 1.1511 0.845073 0.982394 0.705328 1.04874 0.59829 0.916814 1.02801 0.67736 0.42499 0.666686 0.9394 0.622888 0.110969 0.980348 1.11585 0.147406 0.606643 0.186242 0.23934 1.12866 0.32217 0.86336 0.374658 0.641176 0.250558 0.259366 1.02259 0.67282 0.749192 1.045 0.296143 0.256043 0.422386 0.674941 0.0720014 1.0767 0.783704 0.401949 0.601801 0.661793 1.03706 0.718349
0.623272 0.768073 0.944691 0.369615 1.06892 1.22495 0.309473 0.984591 0.83209 0.795091 0.11338 0.761274 0.43365 0.188772 0.130732 0.398287 0.344142 0.564773 1.07051 1.00453 0.63526 0.914861 0.696492 0.184947 0.552906 0.295252 0.899498 0.264858 0.456816 0.773491 0.314898 0.591993 0.960785 0.856614 0.94959 0.741252 1.05576 0.628738 0.812751 1.07838 0.561763 0.252377 0.721526 0.905931 0.795121 0.247906 0.961964 0.832044 0.240353 0.771486 0.196887 0.210759 1.08273 0.379987 0.886225 0.389453 0.585168 0.304235 0.34304 1.04319 0.553322 0.79956 1.07401 0.296996 0.290344 0.487986 0.758171 0.2316 0.952178 0.775853 0.380973 0.767576 0.670388 1.06923 0.86074
0.794429 0.760738 0.823938 0.393582 1.06396 1.13364 0.354827 0.828107 0.76012 0.620301 0.154673 0.607851 0.562257 0.317204 0.22569 0.558071 0.202629 0.567977 1.10766 0.994225 0.576848 0.824923 0.758048 0.215306 0.447812 0.139396 0.833904 0.307044 0.715365 0.806004 0.384595 0.691418 1.07042 0.951244 1.08049 0.752499 1.24084 0.450754 1.02077 1.02474 0.659096 0.25946 0.783543 0.858141 0.87569 0.0598352 1.01921 1.01332 0.187956 0.507451 0.266296 0.441452 0.930998 0.369238 0.735331 0.515873 0.584041 0.234659 0.307618 1.0404 0.505139 0.843059 1.0991 0.195155 0.505327 0.436786 0.876373 0.311534 1.06832 0.699642 0.319401 0.835621 0.673558 1.03633 0.776895
0.675945 0.682481 0.941953 0.259482 0.876069 0.999797 0.310779 0.940929 0.731691 0.598623 0.11869 0.637872 0.589084 0.447053 0.259316 0.366749 0.383485 0.290591 1.14149 1.20293 0.672499 0.91264 0.861982 0.358031 0.408321 0.279346 0.800008 0.458519 0.660208 0.801524 0.453899 0.561195 1.15931 0.890696 0.989937 0.591823 1.21816 0.398647 0.955212 0.991684 0.689349 0.418358 0.924213 0.984533 0.761865 0.0598537 1.07225 0.934979 0.257053 0.635108 0.198173 0.327885 1.0741 0.196681 0.683126 0.419298 0.375411 0.302333 0.31129 0.976085 0.699844 0.677967 0.860053 0.0670276 0.245181 0.303684 0.814803 0.14681 0.946524 0.698131 0.209484 0.692687 0.685552 1.06549 0.793366
0.774449 0.776611 1.01854 0.423491 0.995959 1.11004 0.230364 0.844453 0.807278 0.707824 0.255895 0.687962 0.434833 0.400273 0.325168 0.385995 0.23275 0.45005 1.25669 1.11982 0.777844 0.881954 0.653052 0.409002 0.475571 0.0911372 0.889137 0.51195 0.563114 0.959491 0.456809 0.683185 1.11509 0.890189 0.818341 0.699885 1.10274 0.603773 0.946905 0.990061 0.536962 0.310785 0.761909 0.794957 0.712587 0.27094 1.03395 0.958718 0.153626 0.710943 0.135066 0.430718 1.04442 0.205315 0.781112 0.387703 0.51258 0.245973 0.352473 1.08661 0.497321 0.672875 0.961622 0.0823222 0.249339 0.231722 0.822201 0.086615 0.922113 0.833042 0.381401 0.604163 0.474987 0.979289 0.874398
0.642489 0.648652 0.793214 0.316072 1.09038 1.21619 0.392973 0.99968 0.729389 0.651949 0.104073 0.650982 0.443596 0.448734 0.0677769 0.407437 0.223901 0.400356 1.17465 1.16676 0.563454 0.972709 0.91716 0.430644 0.617461 0.259236 0.757291 0.378658 0.574749 0.887429 0.367194 0.732364 1.13255 1.02089 0.866205 0.603838 1.28355 0.544374 1.03024 1.13985 0.772992 0.393974 0.685499 0.91914 0.800706 0.281783 0.991448 1.05529 0.281183 0.680146 0.110406 0.258353 0.958981 0.179861 0.704368 0.558372 0.358561 0.434646 0.268634 1.0717 0.714427 0.712187 1.0979 0.269583 0.34317 0.278727 0.817082 0.132527 1.12619 0.649712 0.448662 0.675339 0.518356 0.946351 0.746562
0.77247 0.81718 1.09019 0.345529 0.938463 1.08838 0.210174 0.826792 0.850214 0.798815 0.119219 0.721341 0.606161 0.2375 0.332241 0.412739 0.353971 0.418475 1.24641 1.24283 0.732697 1.00057 0.928419 0.414222 0.477346 0.197116 0.833024 0.42584 0.51834 0.977798 0.408514 0.556417 0.99727 1.0435 0.929305 0.572814 1.20632 0.609805 1.01168 1.24881 0.630141 0.182917 0.937531 0.76886 0.778699 0.206225 1.03485 0.918524 0.295447 0.722448 0.337113 0.305372 1.11843 0.191723 0.776144 0.430879 0.591776 0.448983 0.531571 1.02525 0.712264 0.820789 1.06879 0.126842 0.246072 0.235307 0.822064 0.253711 1.16346 0.715724 0.247037 0.845049 0.454369 1.04527 0.713187
