25 75
0.0884394 0.641786 0.280066 0.702956 0.754102 0.982916 0.925059 1.19365 0.208964 0.518849 1.10297 0.731203 0.617609 0.471418 0.257358 0.488383 0.903105 0.346028 0.703259 0.817982 0.231924 0.166617 1.15867 0.0722657 0.413943 0.946342 0.681929 0.876539 1.07554 1.00238 1.08039 0.947149 0.1036 0.238686 1.05936 0.392124 0.402703 0.296929 0.410443 0.662709 0.802655 0.96425 0.878824 0.844912 1.04361 1.01029 0.0875564 0.891334 0.682217 0.159366 0.846528 0.861884 0.874869 0.723378 0.995338 0.790842 0.194184 0.794088 0.255625 0.286425 0.238235 0.451643 0.935434 0.739982 0.396888 0.88945 0.283219 0.534666 0.267046 1.0474 0.897793 0.890189 0.660876 0.334078 1.11626
0.111043 0.711144 0.201281 0.597962 0.717669 1.14109 1.01976 1.0497 0.235231 0.513778 1.11445 0.826445 0.667243 0.328547 0.460527 0.513255 0.740797 0.369014 0.694705 0.902392 0.279586 0.122847 1.0638 0.261974 0.237696 1.10977 0.536172 0.886658 1.26329 0.965551 0.987858 1.03072 0.215687 0.14417 0.951901 0.643742 0.213704 0.431294 0.373587 0.444731 0.586439 0.850127 0.664848 0.779498 0.825567 1.04349 0.0699714 0.859491 0.828386 0.167717 0.731262 1.00385 0.921506 0.82557 1.20693 0.656058 0.343782 0.81973 0.119247 0.223403 0.238236 0.405422 0.935384 0.87503 0.239916 0.833029 0.10528 0.69715 0.3663 0.859247 0.880242 0.871607 0.501423 0.46677 0.958162
0.161113 0.628562 0.415941 0.700371 0.873529 0.958712 0.848692 0.965706 0.17999 0.285484 1.24895 0.829919 0.760053 0.493107 0.472716 0.543116 1.01042 0.455584 0.625389 1.07261 0.23518 0.144524 0.931304 0.281179 0.335589 0.967958 0.763102 0.932371 1.13691 0.930829 1.0404 0.898187 0.342008 0.3084 1.02502 0.548438 0.229109 0.177174 0.43266 0.587656 0.717608 0.956381 0.875743 0.792992 0.808761 1.0231 0.244882 0.875976 0.734462 0.167769 0.743244 1.11675 0.931543 0.68241 1.06757 0.603791 0.156604 0.756609 0.28745 0.222348 0.313766 0.410222 0.9906 0.874928 0.449283 0.934303 0.301053 0.787696 0.415348 0.964846 0.758593 0.832386 0.612376 0.39523 1.07533
0.113052 0.893993 0.285606 0.675776 0.771099 1.13019 0.844658 1.01659 0.342912 0.4207 1.03764 0.799547 0.774718 0.544509 0.495223 0.557731 0.924324 0.489922 0.810452 1.04622 0.272079 0.237803 1.0385 0.229729 0.39044 1.01964 0.632708 0.954237 1.27098 0.909004 1.11819 0.916339 0.221123 0.0772372 1.09353 0.643516 0.210325 0.469376 0.550048 0.645118 0.677474 0.948411 0.830589 0.983095 0.833742 1.01267 0.242261 0.858212 0.700112 0.185886 0.911198 0.893816 0.948863 0.80917 1.07692 0.5759 0.166328 0.670485 0.249893 0.18594 0.346568 0.382721 0.872002 0.667781 0.259196 0.899078 0.259362 0.637421 0.377904 0.796666 0.699463 0.901169 0.569367 0.373845 1.11063
0.29511 0.823912 0.397766 0.676862 0.765088 1.16361 1.03791 0.967624 0.362308 0.303214 1.16455 0.85226 0.789914 0.275137 0.424999 0.559129 1.00866 0.522074 0.857937 0.801094 0.236207 0.322269 1.02743 0.236795 0.261376 0.894974 0.805054 0.862106 1.13837 0.870795 1.02388 0.945604 0.103236 0.157094 0.883287 0.560063 0.183844 0.337155 0.544288 0.542697 0.556487 0.907387 0.879634 0.893084 0.893011 0.858303 0.277446 0.744534 0.714351 0.170763 0.681156 1.05315 1.05089 0.749913 1.19397 0.688473 0.152257 0.638288 0.114015 0.120414 0.14792 0.612918 0.921559 0.823025 0.491926 0.668202 0.0382387 0.659196 0.214059 1.04759 0.813048 0.823654 0.486084 0.505088 0.992057
0.255973 0.769381 0.353861 0.710057 0.86782 1.1684 1.01799 1.12668 0.334345 0.39475 1.05537 0.772064 0.605455 0.359449 0.357811 0.577013 0.904609 0.267277 0.660917 0.960106 0.43367 0.161119 1.07466 0.178715 0.342425 0.941116 0.535661 1.02256 1.03094 1.0536 1.06645 1.15227 0.262458 0.0497225 0.879391 0.431543 0.140792 0.378247 0.466479 0.611949 0.674679 1.00398 0.915155 0.73054 0.915767 0.989152 0.129677 1.0075 0.773138 0.111827 0.817409 1.10445 1.06985 0.824843 1.11504 0.694342 0.21301 0.561058 0.11954 0.160755 0.184904 0.665614 1.04581 0.664105 0.461972 0.822919 0.135466 0.656329 0.440609 0.953092 0.615678 1.01556 0.531798 0.516637 1.17593
0.119589 0.609112 0.167582 0.717927 0.668118 1.03335 0.932936 1.02986 0.404506 0.555248 1.14938 0.72351 0.573721 0.533881 0.533468 0.559202 0.751938 0.279987 0.644583 0.963299 0.310286 0.141784 0.998893 0.172123 0.199317 1.00013 0.741628 0.822404 1.03093 0.837394 1.17636 1.00091 0.255434 0.0696192 1.06291 0.37052 0.246661 0.297298 0.365594 0.483521 0.646988 1.10943 0.755025 0.751794 0.901728 0.991097 0.140701 0.927136 0.79469 0.149843 0.760688 0.927394 1.02013 0.704077 1.12336 0.599865 0.419339 0.782401 0.0923901 0.37672 0.2415 0.534125 0.911087 0.733291 0.416727 0.878893 0.218011 0.620004 0.253495 1.06446 0.859352 0.902209 0.535556 0.464307 0.930751
0.0837454 0.633889 0.169418 0.659338 0.917576 1.05141 0.83516 0.995553 0.266679 0.393215 1.06584 0.676593 0.797126 0.4909 0.491401 0.588276 0.877309 0.36246 0.843219 0.994936 0.219018 0.202923 0.972746 0.312367 0.376903 1.04053 0.673662 0.877277 1.09551 0.935302 0.900154 1.13617 0.218118 0.282763 0.959056 0.559157 0.190013 0.433342 0.435793 0.454003 0.816749 1.11282 0.77256 0.804501 0.950595 0.777716 0.0833153 0.830946 0.744672 0.185051 0.791154 0.835912 0.990452 0.843788 1.23404 0.669305 0.181235 0.669158 0.17371 0.413479 0.274788 0.539166 0.787305 0.764932 0.334431 0.875375 0.288813 0.626223 0.227417 0.898007 0.858448 0.889594 0.638582 0.414242 1.01124
0.101286 0.836172 0.360445 0.66335 0.684942 1.00343 0.902504 1.07633 0.394927 0.343363 0.996879 0.621366 0.548568 0.532005 0.490075 0.459394 0.92675 0.282104 0.731044 1.05908 0.440752 0.341913 1.14664 0.187573 0.37352 0.876548 0.696978 1.06188 1.27537 0.904765 1.02718 0.920585 0.0990229 0.119914 0.929351 0.536368 0.171391 0.395825 0.586535 0.495962 0.719332 1.05495 0.699888 0.775311 0.903635 0.820966 0.211303 0.740694 0.763913 0.185704 0.745341 1.07516 0.882745 0.874029 1.27098 0.556445 0.126204 0.671806 0.126586 0.294391 0.142717 0.6198 1.01407 0.775012 0.241603 0.824417 0.126561 0.768791 0.192101 0.833177 0.724278 0.735136 0.591196 0.607579 1.14739
0.198045 0.618575 0.159409 0.750684 0.839283 1.17434 0.771082 1.14009 0.292374 0.459235 1.09093 0.748066 0.526214 0.337078 0.443346 0.577587 0.924375 0.489832 0.80605 0.858885 0.245125 0.167586 0.980507 0.220846 0.467438 0.859433 0.682048 0.894319 1.07296 0.961313 0.948993 0.877179 0.176848 0.251782 1.03386 0.55728 0.286422 0.305063 0.465834 0.487957 0.56607 0.896174 0.755377 0.738131 0.817842 1.04312 0.134793 0.982908 0.719183 0.315511 0.790055 1.07458 1.08775 0.698127 1.1944 0.60374 0.360256 0.557194 0.272273 0.304832 0.146177 0.622934 0.904941 0.876157 0.344315 0.799826 0.266431 0.555982 0.447678 0.927584 0.725136 1.01185 0.526788 0.46386 1.01434
0.121254 0.603667 0.395348 0.735043 0.834409 1.12884 0.76846 1.11257 0.297325 0.387397 1.12609 0.641968 0.500502 0.507138 0.42471 0.60695 0.917266 0.286674 0.829097 0.884096 0.306083 0.354084 0.911971 0.0687215 0.300627 1.00063 0.617639 1.0373 1.11617 0.806246 1.04872 0.870219 0.178216 0.183814 0.918747 0.621373 0.189802 0.450858 0.557902 0.627263 0.824454 0.9897 0.855859 0.902239 0.89929 0.827208 0.243194 1.02345 0.735317 0.234661 0.722638 1.00866 1.11366 0.848473 1.03031 0.735386 0.199021 0.662346 0.182692 0.394003 0.387358 0.37243 0.877351 0.803477 0.324859 0.745552 0.146431 0.582019 0.393131 0.872737 0.641107 0.875744 0.557636 0.452101 0.980065
0.304426 0.880738 0.118655 0.659958 0.796189 1.1631 1.00669 1.14948 0.292611 0.478139 1.23241 0.596954 0.591367 0.363056 0.533284 0.512001 0.998144 0.39667 0.767142 0.986772 0.290687 0.128831 1.02726 0.0407091 0.432635 0.925188 0.544606 0.806144 1.14304 1.08842 0.910913 1.0233 0.0932915 0.0999015 1.09153 0.513132 0.279193 0.25224 0.576671 0.534587 0.560634 1.08349 0.876323 0.793594 0.864634 0.845697 0.181056 0.746281 0.603799 0.27696 0.846391 1.05767 1.05671 0.603569 1.04393 0.802215 0.274485 0.792295 0.272597 0.343759 0.356707 0.590175 0.986135 0.908377 0.326019 0.894873 0.301707 0.595264 0.245827 0.841852 0.665412 0.893958 0.61663 0.4946 1.19912
0.145704 0.856614 0.15946 0.62364 0.774486 1.0502 0.963806 1.05545 0.272039 0.349181 1.06443 0.763488 0.589869 0.338747 0.499149 0.526515 0.899872 0.50692 0.841787 1.06613 0.291503 0.322518 0.955071 0.177448 0.30899 1.12516 0.714542 0.886833 1.26445 0.88614 1.1078 1.1537 0.360418 0.163046 1.0102 0.39578 0.308478 0.269991 0.556545 0.591008 0.573895 0.908062 0.916818 0.854894 0.918873 1.04137 0.25101 0.800267 0.594048 0.271594 0.698646 0.861727 1.10329 0.823306 1.26052 0.829716 0.336403 0.660082 0.218903 0.355643 0.3893 0.561011 1.06408 0.705772 0.531482 0.747375 0.0583389 0.700665 0.332228 1.00285 0.802249 0.961769 0.620447 0.445471 1.16806
0.160857 0.625943 0.335646 0.763701 0.894182 1.03265 0.905506 1.12638 0.239626 0.297879 1.26068 0.862147 0.630427 0.310029 0.432336 0.562806 0.808904 0.232017 0.81324 0.988784 0.412746 0.333995 1.16189 0.104922 0.223643 0.934197 0.599842 1.07739 1.18499 1.01298 0.970049 1.07902 0.14351 0.049177 0.833994 0.397428 0.237333 0.315256 0.5492 0.515713 0.590378 0.858776 0.909732 0.77289 1.01691 1.05105 0.0457598 0.98327 0.578575 0.133057 0.785065 0.943121 0.919413 0.603853 1.06776 0.607078 0.378902 0.610209 0.137829 0.129249 0.387807 0.602009 1.01035 0.924522 0.485701 0.947409 0.0410897 0.613491 0.230726 0.913362 0.892554 0.93259 0.426771 0.4079 0.945789
0.00787993 0.827921 0.403769 0.823145 0.80705 1.07566 1.00984 1.13457 0.218087 0.350803 1.06529 0.609162 0.699783 0.340287 0.356268 0.606532 0.721895 0.505046 0.689965 0.803682 0.194886 0.247413 0.932297 0.109799 0.334994 1.07931 0.789698 0.820206 1.01169 0.927338 1.13262 0.883588 0.125646 0.0650832 0.8308 0.39028 0.357509 0.340441 0.407664 0.486207 0.70458 0.945526 0.634397 0.727423 0.821375 1.04284 0.179971 0.818077 0.539461 0.184294 0.863967 0.99682 0.909072 0.808155 1.09668 0.819855 0.204883 0.58844 0.120834 0.263745 0.3488 0.557633 0.912552 0.844207 0.360328 0.704267 0.300334 0.541831 0.429211 0.903449 0.693241 0.852072 0.58441 0.497606 1.00592
0.0814939 0.791932 0.240779 0.619767 0.914689 1.19875 1.00786 1.0782 0.304332 0.380543 1.04264 0.690288 0.549767 0.322559 0.406193 0.510383 0.906516 0.368096 0.626046 0.893579 0.353912 0.328408 1.11964 0.203534 0.36352 0.888754 0.793549 0.991976 1.13139 0.931627 1.02026 0.869672 0.116553 0.202309 1.07333 0.577386 0.119387 0.244271 0.4452 0.717761 0.648685 1.09686 0.630713 0.971577 0.817395 1.02928 0.134655 0.964503 0.775257 0.147604 0.89294 1.00109 0.901113 0.591864 1.22151 0.560712 0.232828 0.777783 0.320645 0.283803 0.205758 0.38322 0.894775 0.819187 0.251973 0.832606 0.0241367 0.762093 0.408276 0.913069 0.837822 1.01862 0.706583 0.458295 1.20194
0.187543 0.628063 0.382132 0.735899 0.650902 1.06639 1.01877 1.2163 0.385743 0.324144 1.08857 0.819934 0.689238 0.431492 0.51429 0.524775 0.956597 0.358848 0.848838 0.949103 0.440364 0.339934 0.959004 0.229229 0.411643 0.907208 0.737265 0.795282 1.15157 1.06412 0.978155 1.06096 0.301504 0.10207 1.04433 0.402141 0.190683 0.344121 0.395596 0.496684 0.638496 0.853998 0.895573 0.895458 1.03654 0.777364 0.0692071 0.790028 0.719109 0.227472 0.765666 0.894009 1.08444 0.733535 1.09516 0.544054 0.383387 0.590089 0.0962974 0.305147 0.174938 0.513342 0.800855 0.689327 0.392035 0.732739 0.100889 0.626648 0.285438 0.972933 0.608621 0.95124 0.635912 0.449202 1.06488
0.254821 0.894243 0.331019 0.622202 0.821034 1.11139 1.03504 0.998123 0.279169 0.474447 1.15641 0.777195 0.736145 0.440659 0.379156 0.543929 0.7936 0.509181 0.749301 0.834393 0.212014 0.274008 1.08486 0.203401 0.310042 1.04636 0.724442 0.88185 1.02306 1.02576 0.894112 1.10005 0.0689777 0.271589 1.03476 0.380889 0.185414 0.322155 0.437752 0.45352 0.710981 1.11937 0.880166 0.872002 0.93798 0.776383 0.260799 0.885728 0.704915 0.0556887 0.79139 1.08978 0.932407 0.644687 0.994262 0.65992 0.392083 0.77471 0.300935 0.381097 0.0939477 0.43946 0.978002 0.920001 0.486256 0.932819 0.135589 0.791377 0.263174 0.929293 0.835659 0.779166 0.557793 0.341867 1.10736
0.117792 0.841432 0.290397 0.630976 0.681583 0.972131 0.958438 1.15278 0.416575 0.491833 1.18656 0.814672 0.69389 0.296884 0.455612 0.480351 0.979047 0.315104 0.616032 1.07598 0.379629 0.329115 0.91246 0.302826 0.391797 1.06686 0.536119 0.965788 1.10228 1.09741 0.890456 0.888655 0.191318 0.214889 1.05486 0.577402 0.273602 0.353248 0.377373 0.717358 0.63885 0.922026 0.861792 0.959661 0.886173 1.01008 0.154168 0.764769 0.794092 0.232799 0.625356 0.833699 1.11816 0.867348 1.0298 0.603413 0.202817 0.798833 0.118274 0.372739 0.34767 0.400076 0.943508 0.863558 0.400336 0.76748 0.123434 0.680655 0.296032 0.812452 0.625783 0.737176 0.538549 0.463832 1.18511
0.283293 0.849717 0.290154 0.57453 0.783621 1.13038 0.879855 1.02987 0.218775 0.533741 1.03281 0.689409 0.537231 0.558308 0.275539 0.442501 0.754495 0.36912 0.732756 1.01198 0.221136 0.177184 1.18913 0.0383522 0.283681 1.02971 0.541845 0.863605 1.04167 0.830733 0.99485 0.93388 0.0766381 0.13323 1.08527 0.475939 0.300867 0.34331 0.466377 0.652116 0.681935 1.08475 0.681643 0.804866 1.00021 0.908575 0.0486406 0.868031 0.566808 0.170689 0.664134 0.821984 1.04302 0.763976 1.12276 0.823848 0.318749 0.783943 0.203509 0.334725 0.307218 0.549535 1.06257 0.755056 0.299585 0.682247 0.106435 0.616872 0.307535 0.974374 0.825225 0.878281 0.660205 0.561003 0.985117
0.251017 0.873313 0.297987 0.679623 0.838244 1.16803 0.841374 1.08586 0.433005 0.475328 1.0257 0.684525 0.562579 0.429055 0.412665 0.386012 0.818192 0.307938 0.653361 0.879813 0.2585 0.217679 1.10934 0.0241543 0.290507 0.908116 0.52312 0.978203 1.07877 0.935508 1.0501 1.0825 0.341278 0.315742 0.921915 0.410979 0.209531 0.221633 0.376636 0.636257 0.763295 1.09343 0.844303 0.88217 0.991213 1.01617 0.225019 1.02582 0.534282 0.1565 0.835607 0.976249 0.849088 0.63152 1.25719 0.745526 0.295156 0.783884 0.329752 0.342347 0.368523 0.447554 1.04922 0.737961 0.424941 0.889435 0.189361 0.551652 0.459541 1.00797 0.898497 0.793776 0.476836 0.455061 1.16104
0.0307901 0.882097 0.185713 0.734935 0.70456 1.21469 0.796847 1.16863 0.379255 0.480617 0.997814 0.665246 0.527924 0.410446 0.405481 0.601118 0.962988 0.283503 0.585024 1.01278 0.275001 0.403663 0.959483 0.176482 0.197341 0.85707 0.745885 0.937245 1.04132 0.849282 1.11716 0.970369 0.295172 0.276013 0.892662 0.378032 0.14086 0.214243 0.529697 0.67538 0.667165 0.855423 0.703672 0.807486 0.941109 0.911345 0.172654 1.01536 0.589842 0.346213 0.880756 1.03731 0.869292 0.824302 1.01402 0.783821 0.358843 0.550689 0.334006 0.123126 0.310805 0.612399 0.859004 0.853079 0.369255 0.828618 0.227582 0.640613 0.286476 0.910354 0.846729 0.852534 0.476609 0.529095 0.987684
0.275003 0.779681 0.383782 0.595504 0.738178 1.11799 0.864152 1.07931 0.369516 0.538342 1.00808 0.84536 0.697253 0.535272 0.494021 0.591314 0.933709 0.447077 0.837023 0.851805 0.394085 0.233795 1.18227 0.181721 0.34402 0.918097 0.658569 0.957559 1.16375 0.989539 1.06563 0.924875 0.336247 0.144585 0.8402 0.386875 0.384755 0.456933 0.518383 0.527063 0.680442 0.979513 0.85138 0.925374 1.08461 1.03676 0.319808 0.917789 0.731498 0.0878648 0.677971 0.8358 0.925644 0.766605 1.05293 0.576885 0.391879 0.775312 0.27221 0.202836 0.326822 0.600154 0.83283 0.931162 0.42774 0.720142 0.144316 0.592916 0.455163 0.978844 0.618262 0.856288 0.602282 0.346059 0.976276
0.155546 0.741428 0.176406 0.683773 0.689172 0.976264 1.04056 1.12564 0.46412 0.388148 1.06277 0.654576 0.658937 0.487754 0.465862 0.576455 1.00007 0.344668 0.59566 0.979768 0.213918 0.183621 0.937716 0.256324 0.395736 1.07458 0.745083 0.8982 1.119 0.977104 1.17447 1.0092 0.160771 0.239637 1.02018 0.424122 0.339671 0.22876 0.380895 0.691105 0.70141 0.923362 0.699098 0.871135 0.804787 0.939331 0.102704 0.934498 0.600533 0.0523449 0.817122 0.916012 1.08088 0.65462 1.06468 0.636023 0.341447 0.808383 0.0735159 0.368451 0.382585 0.4833 1.04348 0.702051 0.273481 0.771936 0.0170998 0.7465 0.413869 1.03241 0.845065 0.992116 0.684519 0.540509 1.08556
0.289174 0.692886 0.264113 0.683088 0.700665 0.931645 0.809395 1.11509 0.346607 0.357853 1.0449 0.769928 0.75689 0.314348 0.498493 0.509764 0.722564 0.273229 0.813553 0.842517 0.279562 0.246609 1.13984 0.0646567 0.262297 0.947313 0.680944 0.970879 1.08251 1.02067 0.927348 0.956659 0.103421 0.227832 0.836526 0.384799 0.144758 0.32295 0.452348 0.54955 0.672024 0.98199 0.830052 0.84033 0.884189 0.79601 0.0730807 0.836967 0.727112 0.13587 0.740456 1.08758 1.03874 0.589761 1.21214 0.818606 0.232104 0.657699 0.254674 0.167892 0.320845 0.484586 0.945041 0.934988 0.523398 0.825144 0.160651 0.511751 0.308442 1.00048 0.779216 0.954805 0.554141 0.492998 1.06441
