25 75
0.237212 0.89761 0.636011 1.07345 0.545183 0.944613 0.732296 0.276328 0.247983 0.863006 1.08275 0.642048 0.918554 0.948149 0.801531 0.847049 0.636745 0.965296 0.917438 0.913953 0.787345 1.00939 0.40171 0.799937 0.136505 0.802591 0.948197 0.702286 1.00794 0.691742 0.663567 0.9067 0.91839 0.0985607 0.338631 0.30843 0.360369 0.248092 0.624397 0.557208 0.750945 0.310552 1.02669 0.508247 0.31953 0.874495 0.319834 0.147129 1.0261 0.593933 0.401531 0.256126 0.313918 0.335603 0.775123 0.402497 1.14148 0.616293 0.218518 1.01336 1.00414 0.243416 0.898256 0.423526 0.652221 1.26252 0.681333 0.965558 0.710823 0.835535 0.415104 0.428859 1.1001 0.297051 0.191152
0.149698 0.97743 0.694409 1.07779 0.772738 1.10856 0.89365 0.288294 0.398012 1.00248 0.894764 0.467175 1.00503 1.15678 0.986839 1.02936 0.5329 1.00855 0.856113 0.730712 0.718208 1.04155 0.430822 0.845768 0.183515 0.854498 0.842716 0.711854 1.22318 0.577982 0.732749 0.907942 0.768397 0.100128 0.309518 0.333227 0.467034 0.399022 0.805476 0.566158 0.467887 0.347771 1.13264 0.539254 0.263955 0.908539 0.318399 0.382459 0.870654 0.460772 0.509786 0.455655 0.468109 0.153706 0.609765 0.46641 1.11295 0.683173 0.376693 0.813725 1.01929 0.399222 1.04275 0.248574 0.601108 1.25725 0.594655 0.786884 0.714076 0.783383 0.359941 0.431043 0.834477 0.252973 0.255694
0.159396 1.0056 0.607508 1.16545 0.709715 1.0495 0.86722 0.0711682 0.418684 1.08785 1.03039 0.724099 0.917178 1.02588 0.98678 1.04284 0.5244 0.891333 0.938356 0.654927 0.540203 1.00475 0.281007 0.972267 0.0835431 0.872225 0.815948 0.45177 1.18341 0.65874 0.652515 0.858737 0.713925 0.139093 0.419416 0.391257 0.480241 0.212712 0.742209 0.516249 0.573649 0.140982 1.01493 0.526648 0.233834 0.952176 0.219734 0.333631 0.840061 0.458923 0.334662 0.259779 0.249636 0.283688 0.531713 0.533234 1.1065 0.802107 0.265975 0.965835 1.12394 0.273164 0.870633 0.309428 0.799078 1.09537 0.71397 0.810976 0.795581 0.794651 0.437793 0.448565 0.969252 0.307423 0.337755
0.160249 0.862836 0.614501 1.1191 0.709665 1.01361 0.765674 0.13875 0.463174 0.856171 1.09746 0.506482 0.815818 1.18785 0.897936 0.848933 0.521431 0.949447 0.972883 0.928341 0.803045 1.06137 0.394315 0.896693 0.255874 0.632963 1.08791 0.640805 1.21624 0.751873 0.633164 0.804202 0.843488 0.201957 0.511996 0.347711 0.588841 0.467036 0.721301 0.704076 0.590778 0.128684 1.15415 0.46224 0.236479 0.818626 0.0882056 0.179235 0.919751 0.610626 0.292658 0.325784 0.334146 0.279715 0.710877 0.523818 1.22091 0.804195 0.408064 0.908553 0.969555 0.122232 0.91323 0.369911 0.758456 1.03412 0.540802 0.894508 0.846001 0.783174 0.296556 0.616107 0.837912 0.0821961 0.289173
0.0928476 0.988334 0.630984 1.20829 0.687656 1.11961 0.784114 0.162644 0.335843 1.08589 0.888289 0.579805 0.858419 1.2292 0.725963 1.07284 0.501356 0.950392 0.859681 0.849097 0.563046 0.929711 0.460818 0.824915 0.227245 0.769519 0.993487 0.623335 1.14498 0.505134 0.715015 1.04703 0.953882 0.153513 0.282529 0.243803 0.587094 0.365069 0.675038 0.679345 0.536174 0.280516 1.21971 0.462703 0.164002 0.796319 0.174573 0.264331 0.955042 0.611002 0.319857 0.443061 0.347665 0.103057 0.676981 0.606945 1.14703 0.856423 0.285784 0.787484 1.24223 0.319352 1.02419 0.358743 0.611108 1.26305 0.478433 0.790166 0.950198 0.815813 0.294029 0.629661 0.838223 0.10662 0.296599
0.106092 0.99896 0.500186 1.10973 0.787085 1.00444 0.96461 0.267123 0.506761 1.10518 1.09866 0.585987 0.979165 1.1186 0.957098 1.03997 0.753538 0.968679 1.07891 0.806387 0.619835 0.921028 0.411223 0.865865 0.274932 0.690498 1.07804 0.665157 0.981835 0.626528 0.725621 0.868889 0.693158 0.115736 0.512539 0.26699 0.355158 0.226726 0.723474 0.791978 0.605725 0.0631047 1.09127 0.501174 0.0736128 0.793957 0.158913 0.278157 0.965597 0.427118 0.309884 0.45511 0.478523 0.220467 0.530217 0.59351 0.993994 0.783735 0.434276 0.939603 1.18705 0.160117 1.06222 0.355783 0.893377 0.986311 0.503087 0.871068 0.666384 0.576579 0.386667 0.579477 0.855347 0.25514 0.374194
0.248385 0.903162 0.775057 0.981077 0.544837 1.1333 0.785953 0.211632 0.340191 1.07123 0.963837 0.747183 0.847829 1.23244 0.937629 0.793571 0.572225 0.857231 0.864732 0.726351 0.692758 1.00726 0.334088 0.883405 0.255758 0.591974 0.928851 0.416055 1.07329 0.768931 0.764248 0.93329 0.817172 0.0598283 0.440295 0.278613 0.336131 0.422286 0.70876 0.774146 0.665258 0.254196 1.11171 0.482163 0.291461 0.95591 0.289251 0.100001 0.987573 0.387833 0.465917 0.258193 0.289008 0.0932338 0.709202 0.411055 1.17987 0.776428 0.248465 0.834042 1.06629 0.272072 0.858516 0.20926 0.79995 1.11816 0.701643 0.879108 0.76916 0.63044 0.567232 0.631138 0.808814 0.144964 0.44763
0.275297 0.904279 0.751012 1.11018 0.723489 0.966563 0.936902 0.0346214 0.467391 0.938363 1.1352 0.747295 0.922916 1.11431 0.959301 0.991951 0.495278 0.835589 0.931906 0.768452 0.799129 1.08391 0.342046 1.02341 0.298847 0.843945 0.933763 0.604151 1.01975 0.544345 0.585265 0.969168 0.709615 0.274779 0.323081 0.366916 0.620213 0.494737 0.636507 0.557585 0.505943 0.337899 1.01746 0.564758 0.215952 0.931652 0.206666 0.25144 0.779243 0.563325 0.245332 0.245819 0.497521 0.299125 0.680228 0.591643 1.19387 0.728665 0.315845 1.01424 1.02747 0.308628 0.907564 0.213147 0.872529 1.24271 0.74211 0.854598 0.831556 0.724876 0.568004 0.380363 0.959639 0.313733 0.209394
0.289004 1.00987 0.695731 1.13422 0.730136 0.934506 0.971511 0.0646161 0.284821 0.844161 0.932515 0.712087 0.817975 1.04301 0.79577 1.02884 0.686591 1.00836 1.01662 0.659492 0.531806 0.980423 0.27509 0.972662 0.00775715 0.813916 0.797552 0.559792 0.982406 0.681807 0.815023 1.05426 0.975353 0.0935416 0.515267 0.185389 0.336985 0.376716 0.81381 0.722496 0.614969 0.278091 1.05272 0.576293 0.11819 0.746075 0.357154 0.231319 0.805675 0.495201 0.312201 0.366992 0.259658 0.286596 0.523338 0.455425 1.23712 0.609465 0.397822 0.78576 0.965628 0.109701 0.950597 0.332853 0.703076 1.00485 0.686769 0.903475 0.670455 0.792408 0.573903 0.391927 0.921138 0.271964 0.349967
0.191576 0.975663 0.694641 1.21805 0.796164 1.06235 0.894629 0.0743677 0.333994 1.01388 0.97596 0.583288 0.846734 1.19185 0.976189 0.923691 0.721727 0.761472 0.946102 0.893766 0.543735 0.825732 0.409724 0.849989 0.229192 0.749543 0.95699 0.642391 1.24308 0.779769 0.615829 0.895232 0.963342 0.292819 0.530921 0.379504 0.539724 0.336725 0.862882 0.589016 0.476981 0.103023 1.0999 0.51502 0.0727639 1.01567 0.363828 0.308699 0.790808 0.436553 0.267879 0.26398 0.240601 0.17471 0.590541 0.543021 1.16514 0.839496 0.201324 0.992904 1.25248 0.157124 1.09642 0.298629 0.84699 1.19644 0.618515 0.799645 0.910031 0.805996 0.530814 0.391724 0.958749 0.350544 0.458238
0.0953391 0.773017 0.719825 1.12383 0.717928 0.875836 0.787939 0.165578 0.426389 0.931043 0.961678 0.641952 0.981422 1.13982 0.725905 0.909211 0.638639 0.914949 0.989917 0.722091 0.665334 1.10757 0.479542 0.838784 0.195265 0.682008 0.84589 0.44355 1.10038 0.582111 0.708404 0.963842 0.897091 0.208131 0.3198 0.405247 0.451806 0.342523 0.824495 0.528419 0.642738 0.214825 1.00793 0.678009 0.324307 0.819603 0.0986311 0.153196 0.830009 0.492295 0.443677 0.52901 0.304954 0.169233 0.568159 0.431596 1.05889 0.761871 0.231815 1.06564 1.11964 0.272291 0.850069 0.216015 0.672343 1.21877 0.524073 0.969367 0.946269 0.603071 0.581544 0.409018 0.920099 0.317017 0.193693
0.228573 0.969242 0.545329 1.11885 0.725663 1.11365 0.897615 0.14249 0.433208 0.872725 0.9055 0.622349 0.951683 1.10874 0.982162 0.872814 0.734288 0.852817 0.889463 0.661848 0.622308 1.06265 0.239655 0.944127 0.240917 0.602009 1.0561 0.418587 1.05262 0.659019 0.740822 0.862297 0.80083 0.156823 0.402778 0.234488 0.39054 0.373162 0.786382 0.757846 0.630271 0.325629 1.2586 0.603228 0.158379 0.766578 0.207712 0.156883 0.846383 0.588217 0.511265 0.53185 0.371481 0.264799 0.654113 0.620078 1.24121 0.87901 0.19155 1.04772 1.16915 0.298579 0.830422 0.378576 0.76415 1.03573 0.497281 0.875959 0.700559 0.593827 0.442232 0.472626 1.07836 0.160019 0.327324
0.149017 0.832682 0.710659 0.979397 0.609772 0.912126 0.796667 0.239048 0.396088 0.979917 1.04419 0.675283 0.773282 1.18078 0.860302 0.813481 0.706448 0.752051 0.817428 0.808393 0.795409 0.943538 0.373951 0.816983 0.0756175 0.805316 0.887392 0.562256 1.11128 0.559852 0.640773 0.859077 0.80736 0.206579 0.402048 0.142302 0.368861 0.212301 0.807963 0.638211 0.465377 0.0645086 1.16756 0.616644 0.169708 0.820619 0.223535 0.353155 0.839074 0.653322 0.232615 0.332899 0.515532 0.240277 0.590161 0.402316 1.16888 0.700714 0.339219 0.852233 1.21596 0.218549 1.09921 0.440183 0.79827 1.11652 0.462807 0.880178 0.682085 0.786464 0.314269 0.55215 0.81282 0.104207 0.419098
0.0624027 0.745769 0.737089 1.01634 0.679654 0.859559 0.891351 0.301059 0.397334 1.05429 1.07622 0.547464 0.92417 1.1893 0.746892 0.836927 0.588514 0.787691 0.982283 0.767252 0.818671 0.832984 0.226555 0.868276 0.0808461 0.757311 1.0209 0.662565 1.17899 0.639147 0.641409 0.94785 0.683858 0.0656311 0.458547 0.304584 0.508018 0.36975 0.599444 0.505437 0.566465 0.207319 1.00462 0.491963 0.101739 0.872599 0.319197 0.153006 0.953269 0.471617 0.506057 0.261901 0.449512 0.28572 0.751898 0.444051 1.24924 0.769985 0.365612 0.795669 1.10625 0.201138 1.00349 0.423258 0.640582 1.26482 0.629025 1.05983 0.921683 0.57921 0.417189 0.64764 0.87887 0.294202 0.347291
0.305227 1.00566 0.634856 1.00376 0.770014 0.914083 0.90484 0.250039 0.312134 0.917143 0.993713 0.497461 0.973752 1.00271 0.871742 1.02635 0.496312 0.962129 0.92263 0.814303 0.534853 0.926949 0.284077 0.914919 0.224001 0.838041 1.01305 0.415947 1.0693 0.696055 0.621316 0.918724 0.717681 0.0342174 0.432781 0.268772 0.446405 0.299847 0.868082 0.753994 0.735054 0.152555 1.22843 0.665993 0.302536 0.826628 0.370676 0.162243 0.88563 0.537072 0.459954 0.323956 0.43774 0.166973 0.484765 0.523463 1.16295 0.652423 0.304023 1.01814 1.20562 0.12532 1.08269 0.435114 0.772877 1.23018 0.55872 0.888205 0.71175 0.790316 0.308662 0.392522 0.922681 0.343845 0.368046
0.200951 0.757691 0.590619 1.01826 0.646212 0.922893 1.022 0.0853198 0.25868 0.914543 1.10342 0.732028 0.925851 1.08315 0.806248 0.823307 0.552745 1.04014 1.10853 0.820879 0.754641 1.00628 0.373139 0.887936 0.294685 0.718061 0.966073 0.505029 1.11945 0.648588 0.727291 0.954846 0.926821 0.313429 0.495767 0.334471 0.376947 0.280069 0.812811 0.726437 0.614854 0.3316 1.25383 0.540585 0.305339 0.982291 0.274823 0.29353 0.996135 0.634527 0.244434 0.316883 0.243784 0.09754 0.729142 0.471508 1.24143 0.636252 0.297309 0.902014 1.17215 0.160636 0.916147 0.160895 0.845682 1.09998 0.743684 0.885246 0.899157 0.571688 0.328701 0.412399 0.849624 0.187726 0.399658
0.215956 1.00248 0.76232 1.23021 0.58072 0.892315 0.739901 0.112051 0.486281 1.01293 0.873975 0.51737 0.887635 0.973961 0.932799 0.992929 0.681515 0.959386 1.10921 0.718587 0.658746 1.08861 0.238143 0.897232 0.192154 0.873226 0.834544 0.558271 1.00735 0.724017 0.713735 0.853979 0.970596 0.0938682 0.291963 0.282026 0.385761 0.29079 0.752847 0.51367 0.537085 0.112591 0.984507 0.616434 0.321517 0.808737 0.188794 0.209559 0.918361 0.575871 0.263662 0.287951 0.262481 0.279476 0.628948 0.403854 1.06052 0.589167 0.281355 0.895883 1.22002 0.30583 0.94566 0.261289 0.603127 1.1805 0.508298 1.01638 0.93516 0.818358 0.561173 0.395264 0.825443 0.0997829 0.270256
0.220113 1.00561 0.742669 1.21876 0.574964 0.940801 0.962746 0.29585 0.304545 1.01156 0.887083 0.501851 1.01168 0.953433 0.823144 1.00207 0.49749 1.00345 0.937537 0.7569 0.768198 0.845069 0.339851 0.797071 0.0583467 0.585255 0.80926 0.709301 0.962959 0.673189 0.818268 1.0099 0.802052 0.148628 0.50873 0.264119 0.535038 0.250425 0.718996 0.745478 0.603872 0.284533 0.977404 0.629566 0.25848 0.941791 0.135546 0.36956 0.8615 0.493562 0.331649 0.278597 0.351423 0.175307 0.49098 0.410436 1.1618 0.760841 0.369535 1.05834 1.14275 0.360754 1.0122 0.408026 0.879716 1.2483 0.619156 0.842501 0.74207 0.616228 0.410373 0.420463 0.912897 0.215207 0.328872
0.112437 0.961898 0.490324 1.12603 0.625902 0.857864 0.998113 0.310934 0.515991 1.02877 1.03123 0.681888 0.941159 1.20556 0.919958 0.928903 0.540883 0.885945 0.973047 0.820494 0.818902 1.00735 0.328314 0.904199 0.264848 0.6986 0.938798 0.634828 1.0458 0.563471 0.780117 0.89384 0.723579 0.0441213 0.504239 0.245573 0.523883 0.230809 0.76557 0.697072 0.670457 0.202233 1.00386 0.648137 0.0663763 0.867114 0.323282 0.231089 0.918873 0.659936 0.345649 0.450258 0.322983 0.277702 0.746158 0.458625 1.00102 0.58783 0.433847 0.985538 1.06264 0.336059 1.11498 0.242676 0.721106 1.14742 0.750613 0.954487 0.67919 0.846395 0.438623 0.652264 0.906963 0.232052 0.380558
0.163973 1.01059 0.6097 1.18223 0.739183 0.848641 0.831703 0.120271 0.459561 1.01044 0.992869 0.525047 0.895156 1.23281 0.784526 0.808198 0.526045 0.781552 1.06865 0.721408 0.79331 0.827538 0.232049 1.017 0.0501194 0.819607 0.908415 0.520289 1.04479 0.519399 0.690773 0.878253 0.905455 0.262603 0.299943 0.135727 0.425828 0.359357 0.595293 0.710835 0.672654 0.128532 1.06924 0.550912 0.0469678 0.863998 0.216903 0.364897 0.802054 0.418768 0.436888 0.246618 0.357794 0.268566 0.592256 0.387403 1.03944 0.588434 0.426779 0.807641 1.15729 0.149396 1.09869 0.275962 0.871074 1.22945 0.571359 0.790611 0.708868 0.734483 0.460294 0.528881 0.951109 0.135926 0.320981
0.279206 0.797032 0.72699 1.17559 0.695479 1.07263 1.00766 0.264023 0.364579 0.878018 1.02377 0.621735 0.937226 0.989264 0.862759 0.938281 0.748215 0.93459 0.918233 0.643896 0.626288 0.989694 0.447509 0.898294 0.198208 0.712699 0.97628 0.539549 1.2094 0.718235 0.657811 0.759426 0.741332 0.161707 0.312865 0.282352 0.632823 0.429647 0.837378 0.704166 0.535057 0.183073 1.06102 0.452242 0.310222 0.8307 0.170748 0.315613 0.971851 0.665815 0.366632 0.311018 0.312005 0.147049 0.600446 0.534609 1.24854 0.641017 0.320495 0.989089 1.09387 0.31125 1.0665 0.219266 0.765943 1.1147 0.686127 0.968522 0.850394 0.823768 0.325986 0.38735 0.869655 0.143588 0.410756
0.278907 0.816146 0.736775 1.13516 0.791275 0.884104 1.0151 0.214489 0.256412 0.989239 0.957117 0.530126 0.740752 0.99499 0.743222 0.864237 0.505744 1.0244 1.10996 0.676529 0.532431 1.05241 0.254106 1.03365 0.258728 0.66548 1.0699 0.423735 1.08267 0.707172 0.715371 0.925649 0.822419 0.140804 0.505025 0.25394 0.44285 0.313077 0.77415 0.781575 0.723671 0.284715 0.988908 0.725622 0.216335 0.943774 0.34443 0.141548 0.78311 0.599681 0.282496 0.519647 0.229941 0.202961 0.761908 0.568839 1.19329 0.6807 0.187168 0.803809 0.968015 0.355773 0.919523 0.28222 0.625829 1.07421 0.518132 0.770728 0.840197 0.621573 0.355183 0.631929 1.00658 0.341164 0.18815
0.169002 1.00322 0.751751 1.11196 0.509502 0.836033 1.01633 0.229212 0.445208 0.842315 1.07092 0.485683 0.735945 1.09064 0.772903 0.872173 0.724314 0.993656 0.89694 0.814167 0.558255 0.875582 0.342667 0.841797 0.164542 0.77211 0.8665 0.521219 1.25714 0.676404 0.723722 0.950621 0.894465 0.169208 0.506281 0.14569 0.494359 0.356708 0.868545 0.64115 0.682143 0.275559 0.976077 0.607873 0.0595509 0.82407 0.24478 0.256953 1.02894 0.562884 0.438366 0.445802 0.296579 0.307342 0.716253 0.398237 1.07686 0.863949 0.272534 1.01437 0.98006 0.169249 0.99031 0.17721 0.611573 1.10747 0.732274 0.827549 0.756562 0.80037 0.579605 0.584617 0.86581 0.35985 0.184336
0.0666285 0.713978 0.557893 1.08039 0.58282 0.937179 0.76458 0.244301 0.393356 0.908302 1.1015 0.673033 0.934619 0.951258 0.901186 0.949088 0.471034 1.01372 0.954371 0.929268 0.720573 1.04191 0.486149 0.926084 0.195852 0.68923 0.876605 0.645461 1.24718 0.561259 0.680853 0.913976 0.779327 0.290332 0.537472 0.266406 0.433772 0.469895 0.636233 0.685576 0.746494 0.0615765 0.966687 0.463805 0.265696 0.975378 0.303186 0.329724 1.0332 0.441935 0.391127 0.327738 0.351231 0.250379 0.57945 0.56659 1.23412 0.646229 0.25042 0.916041 1.14353 0.223788 1.11825 0.36386 0.74811 1.16404 0.657584 1.03826 0.883793 0.838426 0.355639 0.625545 1.09652 0.192644 0.258785
0.2009 0.808312 0.567925 1.1715 0.628811 0.894077 0.918411 0.299483 0.428463 0.867744 0.864305 0.663614 0.902469 1.12656 0.935503 0.826038 0.589539 0.935301 1.10803 0.834141 0.634096 0.963109 0.296786 0.814247 0.143299 0.620126 1.08494 0.659695 1.16888 0.615088 0.618003 0.916005 0.926725 0.158202 0.285688 0.123714 0.384865 0.506534 0.724605 0.742273 0.639145 0.227312 1.10105 0.547761 0.0485416 0.923165 0.263721 0.114566 0.962811 0.488592 0.443475 0.235799 0.382062 0.166808 0.650558 0.486216 1.21126 0.69502 0.178227 1.00286 1.2612 0.222587 0.891654 0.394199 0.890162 1.17088 0.616585 0.762715 0.748993 0.605507 0.454982 0.477677 0.854288 0.120172 0.340866
