25 75
0.157603 0.817543 1.06156 1.10576 0.813756 0.36816 1.12721 0.455928 0.126581 1.11782 0.507068 1.21746 0.372297 0.617745 0.499797 0.487837 0.987998 0.901871 0.628854 0.668322 0.730696 0.548714 0.710596 1.0568 0.721067 0.672784 0.389646 0.864073 0.917479 0.831149 0.549707 0.643042 1.08174 0.694218 0.36632 0.993261 0.767931 0.814672 0.942199 0.885136 0.354308 0.527388 0.65761 0.361359 0.205176 0.490932 0.227083 0.475342 0.182792 0.365898 0.895775 0.497945 0.804328 0.861341 0.621047 0.776155 0.930097 0.312723 0.60203 1.01983 0.468051 0.711888 0.874185 0.382374 0.195696 0.647288 1.0227 0.1851 0.213059 0.835581 0.355294 0.427357 1.0789 1.05866 0.7737
0.273735 0.952601 1.17074 0.938959 1.04156 0.450618 1.14455 0.338095 0.17138 0.968158 0.542522 1.14539 0.358575 0.662653 0.581253 0.445525 0.83871 0.90489 0.562696 0.694414 0.672197 0.659465 0.58177 0.959924 0.698925 0.65741 0.236296 0.825076 1.02673 0.799639 0.624864 0.474733 1.21963 0.701055 0.135284 1.19622 0.943506 0.579272 1.1077 0.956919 0.371088 0.676877 0.65338 0.509061 0.276856 0.459078 0.288033 0.548145 0.216008 0.348115 0.867541 0.625493 0.633695 0.666899 0.725829 0.517446 1.21827 0.539516 0.788893 1.09232 0.499617 0.69484 0.681682 0.425162 0.186008 0.730091 0.763136 0.327269 0.249623 0.775444 0.36311 0.474697 1.07367 0.893123 0.91354
0.196784 0.975815 1.045 1.00104 0.931981 0.453592 0.875432 0.270031 0.122916 0.940066 0.46161 1.19473 0.45507 0.730174 0.418412 0.31313 0.774841 1.15999 0.513342 0.659344 0.699238 0.567925 0.564667 1.03028 0.714114 0.605464 0.408629 0.999441 1.0627 0.805062 0.545393 0.669591 1.14297 0.549248 0.119403 1.18648 0.86994 0.71124 1.01776 1.10829 0.461015 0.480857 0.625223 0.411259 0.232144 0.551847 0.20569 0.562679 0.195921 0.632754 0.912551 0.621175 0.564617 0.645304 0.829691 0.753309 1.15621 0.532226 0.696208 1.05423 0.463001 0.701896 0.801409 0.2692 0.1647 0.631349 0.792405 0.293996 0.288939 0.724922 0.409604 0.362716 1.10096 0.886188 0.893454
0.237722 0.93861 1.02193 1.07653 0.937368 0.452958 0.906687 0.485189 0.0329672 0.913171 0.441113 1.20393 0.560486 0.639239 0.35799 0.495248 0.818016 0.899165 0.619952 0.699263 0.54792 0.699263 0.575297 1.06705 0.750513 0.767913 0.388136 0.956341 1.15743 0.802327 0.76183 0.664052 0.963716 0.674744 0.177451 1.04255 0.756211 0.743096 1.16103 1.05445 0.558706 0.489679 0.623753 0.41623 0.430821 0.438764 0.281445 0.669199 0.17899 0.348982 1.1133 0.516178 0.579183 0.635768 0.705339 0.766872 0.98484 0.413888 0.77103 1.17032 0.578806 0.528361 0.778521 0.221996 0.32953 0.671357 0.802744 0.196057 0.180297 0.691643 0.312662 0.578971 1.0897 1.00173 0.976879
0.282841 1.02616 1.04312 1.16738 1.06884 0.317967 1.00209 0.492346 0.306766 0.903307 0.574067 1.00574 0.37326 0.576338 0.556913 0.511288 0.752561 1.04065 0.455858 0.705732 0.59921 0.479451 0.796086 0.957351 0.797186 0.600828 0.326569 0.737723 0.997254 0.966078 0.787286 0.429981 1.16731 0.426014 0.217904 1.06272 0.896258 0.761982 1.00156 0.886159 0.417309 0.666033 0.618828 0.31363 0.425271 0.426255 0.105473 0.754836 0.0938292 0.583357 1.0595 0.576974 0.68135 0.661706 0.702097 0.729992 1.19033 0.583822 0.6109 0.979945 0.428286 0.542017 0.866311 0.382208 0.443595 0.845776 0.888476 0.329805 0.140594 0.681889 0.386646 0.556448 0.994605 1.01764 0.782625
0.282673 0.897867 1.16053 0.955317 0.963118 0.59512 1.01349 0.268776 0.294477 1.02011 0.490092 1.02043 0.422272 0.699566 0.614509 0.387915 0.794066 1.06789 0.537419 0.567861 0.544303 0.491127 0.628985 1.05917 0.785683 0.494562 0.253909 0.78802 1.10481 0.873318 0.716689 0.566214 0.963415 0.457476 0.0899818 1.0687 0.737537 0.604996 0.950401 1.00633 0.540858 0.509693 0.755879 0.232695 0.312695 0.537959 0.168249 0.528096 0.184231 0.581817 0.999601 0.509718 0.762179 0.607084 0.676054 0.544417 1.04742 0.467661 0.742034 1.10965 0.454695 0.604264 0.779072 0.236789 0.335441 0.64631 0.968298 0.270716 0.301154 0.698098 0.352461 0.348966 1.02711 1.03965 0.983407
0.212884 1.06522 0.983435 1.11846 0.858873 0.536044 1.0471 0.263724 0.0560284 1.01711 0.367435 1.04103 0.462114 0.701133 0.336233 0.551222 0.820672 1.04823 0.660246 0.574972 0.824754 0.648546 0.655816 1.14702 0.862527 0.697657 0.511705 1.01298 1.00392 0.728158 0.825354 0.664939 1.08166 0.664793 0.129616 1.19472 0.710525 0.760892 0.939647 1.06821 0.526184 0.544922 0.555431 0.507875 0.401418 0.531696 0.0946193 0.549977 0.0642094 0.424098 0.904534 0.536973 0.76872 0.787494 0.831249 0.648659 1.02491 0.377464 0.561342 0.966232 0.471204 0.72463 0.699162 0.308131 0.348485 0.700944 0.996822 0.0929206 0.307489 0.8495 0.451171 0.589 0.916877 0.931403 0.946857
0.224583 0.802948 1.22252 1.15077 0.991154 0.432651 0.947027 0.262089 0.142529 1.04565 0.534742 1.08787 0.595907 0.671579 0.418483 0.35209 0.997805 0.977003 0.602153 0.580863 0.533987 0.593327 0.697838 0.909804 0.776192 0.790338 0.45994 0.807 0.985112 0.969006 0.633403 0.389637 1.01684 0.609328 0.292766 0.948529 0.800916 0.842522 1.08633 1.01351 0.558954 0.484115 0.758699 0.330107 0.353619 0.346534 0.246346 0.679657 0.263293 0.58907 1.03489 0.491735 0.712697 0.715311 0.570256 0.633239 1.08618 0.494831 0.770876 1.11996 0.426791 0.492702 0.609724 0.454944 0.334487 0.895814 0.812169 0.327282 0.336498 0.815516 0.356958 0.570332 0.986838 0.916029 0.959435
0.256479 0.881177 1.21239 1.04766 1.05135 0.349659 1.05607 0.35138 0.0962174 1.10916 0.598452 1.18575 0.638847 0.701303 0.611424 0.432238 0.953894 0.887098 0.486338 0.620245 0.576176 0.570184 0.530051 1.05666 0.883075 0.737723 0.406456 0.794075 0.991718 0.965584 0.784152 0.629216 1.15986 0.558577 0.286308 0.996243 0.876146 0.719568 1.12748 1.12145 0.427038 0.574956 0.679849 0.328445 0.353196 0.542305 0.249825 0.485276 0.197692 0.501361 1.01804 0.529105 0.670787 0.718297 0.681983 0.677559 0.958584 0.452204 0.501856 1.1224 0.429884 0.68326 0.72157 0.211187 0.385146 0.749967 0.764805 0.0938574 0.193667 0.787942 0.200379 0.525707 0.938712 1.06658 0.935297
0.317209 0.873716 1.12238 1.16787 0.98517 0.417455 0.908492 0.493642 0.161692 1.12367 0.406511 1.08251 0.580715 0.830266 0.459131 0.38492 0.760387 0.895053 0.525329 0.849327 0.804602 0.73893 0.752947 1.00052 0.657969 0.629656 0.443208 0.743193 1.01034 0.969876 0.742648 0.478477 1.06047 0.475187 0.159117 0.967647 0.661469 0.771557 1.05671 1.10483 0.550665 0.444147 0.552596 0.273421 0.153734 0.343897 0.227668 0.659133 0.198431 0.608567 0.965246 0.508577 0.750607 0.771671 0.830627 0.601357 1.08742 0.374019 0.618221 1.13715 0.447652 0.708047 0.755542 0.443984 0.414925 0.694195 0.791659 0.287089 0.351655 0.723151 0.377283 0.478738 0.93459 1.02149 0.954001
0.290496 0.854645 1.11217 0.909584 0.856367 0.42821 0.925965 0.414642 0.104241 0.891705 0.468817 1.14047 0.479695 0.611437 0.540627 0.47316 0.795331 1.15485 0.635556 0.665756 0.718708 0.456715 0.541936 1.10475 0.849682 0.761357 0.460711 1.00237 0.971622 0.861758 0.660559 0.39052 1.18961 0.570581 0.124595 1.04475 0.833463 0.840348 1.01099 1.03802 0.564582 0.494768 0.549656 0.392456 0.334455 0.488559 0.124903 0.628174 0.114162 0.598375 0.967547 0.525448 0.725196 0.622376 0.827715 0.577133 0.949371 0.451468 0.532017 1.09337 0.5623 0.50682 0.645073 0.346433 0.380867 0.630142 0.890411 0.132561 0.217144 0.778415 0.326483 0.510293 0.953226 0.940119 1.02083
0.294641 0.876227 0.940601 1.16958 1.01842 0.388776 1.16534 0.442352 0.239719 1.02598 0.461759 1.10574 0.52588 0.768361 0.487299 0.339337 0.959543 0.974099 0.535402 0.648633 0.714315 0.719774 0.60315 0.994683 0.858073 0.78872 0.450274 1.00855 1.01566 0.907021 0.609014 0.434106 1.05592 0.518596 0.100824 1.14464 0.89996 0.774566 1.08177 1.1098 0.57578 0.583128 0.821315 0.373843 0.254287 0.462375 0.134751 0.496304 0.0431436 0.508519 0.903316 0.443476 0.826193 0.704026 0.684415 0.72515 1.17889 0.542115 0.542378 1.10393 0.548696 0.680348 0.834118 0.409576 0.332682 0.726611 0.88533 0.0612569 0.262273 0.896845 0.281418 0.380393 1.09453 0.843345 0.955551
0.31496 1.07545 1.0274 1.17755 0.890746 0.479083 0.913959 0.259778 0.0435489 0.932659 0.641298 1.20464 0.431481 0.600872 0.437545 0.411234 0.87424 1.03581 0.474254 0.768727 0.747755 0.527343 0.786711 0.924017 0.796304 0.634509 0.21692 0.764972 0.921467 0.811653 0.557173 0.451887 0.960119 0.667921 0.200335 1.02653 0.804479 0.584348 1.16281 0.948658 0.505723 0.526484 0.833171 0.433959 0.371329 0.491947 0.183191 0.761139 0.0991401 0.467024 1.09742 0.472504 0.557785 0.663959 0.84759 0.702443 1.00816 0.331946 0.676809 1.14425 0.533688 0.690727 0.765077 0.399172 0.376112 0.743339 0.863018 0.0944791 0.386756 0.695181 0.326636 0.537331 0.962424 0.986819 0.812864
0.351747 1.0906 0.942973 1.10656 0.823259 0.465467 0.999933 0.435786 0.223415 1.14683 0.403123 0.949939 0.394598 0.772233 0.35448 0.51738 0.728779 1.05234 0.641795 0.732904 0.780715 0.568413 0.575543 0.94058 0.705173 0.549441 0.339814 0.971316 0.886358 0.977545 0.667454 0.581127 0.955615 0.641538 0.253936 1.17933 0.828012 0.829039 0.97956 0.968258 0.434582 0.61496 0.795674 0.320955 0.230874 0.326378 0.130153 0.529341 0.0370655 0.505674 0.936461 0.55809 0.781381 0.856056 0.758257 0.52202 1.14073 0.477444 0.646327 0.907388 0.29694 0.542063 0.783944 0.469846 0.257206 0.816466 0.941444 0.192526 0.258208 0.884247 0.4757 0.584291 0.91288 0.936073 0.809716
0.112081 0.819986 1.14377 0.974909 0.848596 0.297478 0.954404 0.389935 0.191675 1.06251 0.517304 1.02262 0.595682 0.857826 0.438379 0.536642 0.769186 1.06278 0.645128 0.835598 0.728532 0.603442 0.626713 1.02071 0.82329 0.504428 0.431734 0.933461 1.16983 0.948134 0.617326 0.653184 1.01704 0.534072 0.214081 1.05195 0.843633 0.787635 1.08669 1.09549 0.323979 0.484905 0.633934 0.308271 0.37494 0.373023 0.252227 0.745139 0.0530135 0.50763 0.988484 0.549455 0.639845 0.732813 0.618327 0.580631 1.21512 0.577109 0.591307 1.09258 0.406777 0.604243 0.748094 0.265062 0.249223 0.619741 0.798732 0.285176 0.354119 0.693348 0.198548 0.404167 0.912344 1.08046 0.827568
0.166434 1.09873 0.972046 1.1389 0.994435 0.312782 0.88139 0.383235 0.154355 1.13635 0.393727 0.969261 0.58319 0.806874 0.495296 0.314206 0.753707 1.09081 0.680455 0.757324 0.560486 0.574783 0.777616 1.15246 0.772537 0.64033 0.310625 0.971172 1.00298 0.866902 0.546254 0.525543 1.11299 0.604155 0.111174 1.08309 0.712024 0.695781 1.20282 0.931701 0.392868 0.44176 0.599602 0.479928 0.133903 0.485488 0.317022 0.666833 0.156734 0.500328 1.05848 0.553075 0.815154 0.619184 0.767859 0.774841 1.15377 0.509939 0.535601 1.08705 0.517729 0.716325 0.836836 0.453504 0.205731 0.709762 0.764236 0.21077 0.250942 0.65707 0.342322 0.508903 0.993809 0.961627 0.889637
0.356873 1.05298 1.01888 1.0732 0.95849 0.323596 0.983448 0.281274 0.108675 1.05281 0.521991 1.09836 0.503914 0.770202 0.391002 0.425572 0.88371 0.972059 0.723898 0.656108 0.659948 0.619847 0.595961 0.999245 0.742976 0.644577 0.334471 0.842062 0.90446 0.998818 0.685131 0.444516 1.15714 0.6713 0.308883 0.996127 0.848218 0.54317 1.17475 0.982816 0.343144 0.579216 0.684928 0.236714 0.345002 0.323231 0.314331 0.650568 0.124018 0.583721 0.979728 0.498982 0.697477 0.841361 0.560732 0.763656 0.971059 0.600256 0.571405 1.18534 0.419399 0.498284 0.772424 0.206935 0.283156 0.746722 0.96011 0.193182 0.116257 0.881553 0.260727 0.550302 0.998373 1.08685 0.98466
0.289763 0.867557 1.174 1.10106 0.975395 0.477006 1.01324 0.285844 0.0878232 0.960987 0.591366 1.04126 0.554001 0.64113 0.544364 0.437479 0.977207 0.912889 0.613938 0.599272 0.650944 0.722837 0.672512 0.946135 0.692193 0.515814 0.273373 0.785112 1.09075 0.968381 0.585864 0.490063 1.04463 0.510126 0.251888 1.02635 0.873969 0.618107 0.943086 1.07737 0.348887 0.472799 0.839486 0.35346 0.352701 0.4629 0.206317 0.712521 0.21316 0.352257 0.953732 0.478974 0.825389 0.680075 0.791129 0.667384 1.20464 0.468873 0.759828 0.963687 0.372815 0.595073 0.670746 0.300044 0.163847 0.785592 0.926816 0.0882482 0.128466 0.85161 0.335672 0.391238 1.10431 0.95207 0.849261
0.179496 0.967268 1.22995 0.965792 0.947325 0.54262 0.931115 0.280382 0.153859 1.01937 0.421256 1.01964 0.481757 0.672509 0.55235 0.305361 0.851918 1.03401 0.448803 0.565268 0.57366 0.59354 0.733183 1.15203 0.830429 0.761934 0.373366 0.892636 1.15486 0.956983 0.75128 0.575185 1.20687 0.690215 0.232052 1.14028 0.738106 0.681229 1.03249 1.01686 0.31781 0.423297 0.792348 0.464942 0.162782 0.433083 0.285964 0.510072 0.247278 0.486956 1.05597 0.404005 0.642706 0.612034 0.764092 0.551073 0.94833 0.532679 0.715152 1.02815 0.342332 0.699493 0.626071 0.2934 0.288857 0.649023 0.776653 0.113892 0.312385 0.877699 0.319594 0.587607 0.874508 0.98643 0.765917
0.372742 1.06484 0.948035 1.11355 0.999788 0.427015 1.09985 0.35026 0.225113 1.1855 0.562118 1.20464 0.534981 0.735833 0.400396 0.448807 0.927712 1.0604 0.491577 0.809892 0.578986 0.72231 0.53205 1.10841 0.718747 0.663613 0.327393 0.86862 0.930034 0.759524 0.60078 0.526482 1.19879 0.512665 0.180049 1.19764 0.768407 0.623088 1.02245 0.928262 0.516672 0.498016 0.671856 0.511912 0.348364 0.502354 0.307223 0.736125 0.273429 0.405025 0.88792 0.4591 0.610199 0.708758 0.629039 0.552938 1.09517 0.433606 0.588438 1.10803 0.456042 0.728173 0.739899 0.205119 0.347938 0.781484 0.976394 0.342544 0.39582 0.781309 0.37346 0.534998 1.10144 1.06166 0.881692
0.338301 0.929323 1.14066 1.07257 0.949971 0.377994 0.888511 0.511186 0.325642 0.926453 0.610445 1.02397 0.581512 0.697603 0.400349 0.4968 0.803283 1.09849 0.519993 0.75032 0.645884 0.517855 0.622028 0.971134 0.792759 0.602342 0.477982 1.01151 1.15166 0.762825 0.666783 0.594613 1.08294 0.548362 0.292756 1.17364 0.931808 0.685182 1.18241 0.95796 0.342721 0.620468 0.721616 0.347339 0.277049 0.571989 0.106804 0.550209 0.260502 0.599536 1.07142 0.579204 0.676798 0.762377 0.551943 0.569781 1.0752 0.321558 0.68497 1.17283 0.340465 0.503745 0.81527 0.284054 0.23504 0.822712 0.997197 0.340452 0.106632 0.714727 0.434175 0.4659 1.08986 0.951268 0.959037
0.323914 0.926766 1.09697 1.14428 0.875386 0.331027 0.98809 0.448731 0.248197 1.00542 0.375419 1.04795 0.57896 0.846662 0.593857 0.541024 0.840595 0.894447 0.458982 0.728093 0.707902 0.492093 0.660274 0.926182 0.669871 0.723439 0.336811 0.870916 1.01469 0.891757 0.700075 0.54056 1.16929 0.561973 0.167793 0.91888 0.938355 0.803327 1.20582 1.13563 0.578759 0.482997 0.799066 0.383247 0.291054 0.569199 0.356288 0.680866 0.0743979 0.618472 0.991735 0.610746 0.657397 0.823379 0.604796 0.595882 1.14732 0.451645 0.757787 1.10408 0.348039 0.73437 0.74484 0.379368 0.221549 0.789247 0.934697 0.286103 0.307493 0.799564 0.477229 0.498686 0.992439 0.991023 0.895212
0.256837 0.910265 0.989931 1.15268 0.891417 0.323457 0.925338 0.40148 0.0706595 1.10216 0.6105 1.18581 0.638093 0.8341 0.575879 0.565582 0.839562 0.990736 0.486298 0.605589 0.783053 0.714524 0.553194 1.11385 0.603263 0.631582 0.500128 0.827294 0.960569 0.858101 0.698101 0.544361 0.978307 0.530447 0.171572 1.10826 0.705275 0.665519 1.05264 0.864747 0.492688 0.698936 0.824589 0.292987 0.188803 0.353175 0.152617 0.773776 0.249333 0.451861 0.890366 0.414436 0.706903 0.66055 0.648155 0.58846 1.21529 0.46452 0.755488 0.987913 0.349811 0.516966 0.721008 0.447371 0.253516 0.901886 0.812103 0.225962 0.270984 0.871309 0.273151 0.535351 0.909096 0.955659 0.908384
0.347078 0.928963 1.20994 0.920848 0.836575 0.332248 1.04521 0.55142 0.180325 1.15201 0.481489 1.02558 0.596306 0.593864 0.605208 0.503746 0.781773 1.03526 0.505643 0.566382 0.760253 0.701669 0.581435 0.974783 0.725822 0.676894 0.507424 0.955297 0.977546 0.873652 0.687416 0.601353 1.06786 0.565096 0.155701 1.14263 0.690176 0.821715 1.07846 0.932623 0.424965 0.588762 0.597014 0.417558 0.240756 0.46527 0.221721 0.490544 0.0214068 0.422308 0.828784 0.588327 0.802422 0.649677 0.717899 0.643272 0.921552 0.572056 0.692727 0.964014 0.554614 0.659673 0.673449 0.354298 0.234219 0.613085 0.783518 0.175494 0.355021 0.923596 0.403249 0.437365 1.13992 0.990489 0.933707
0.219973 1.05509 1.15291 1.18544 0.816727 0.589835 1.01666 0.381798 0.31989 1.03736 0.520345 1.23758 0.422569 0.857791 0.578193 0.555656 0.997226 0.967556 0.580666 0.684821 0.802234 0.718792 0.729859 0.914811 0.641447 0.59737 0.347577 0.92567 0.999672 0.907198 0.686867 0.526038 1.16765 0.468524 0.108908 1.06489 0.7502 0.693904 1.08006 1.02936 0.374338 0.602764 0.626481 0.305478 0.191154 0.434248 0.283186 0.664722 0.14058 0.534463 1.012 0.536263 0.783854 0.866762 0.780549 0.738965 1.20018 0.366811 0.522447 1.1846 0.542119 0.562573 0.828373 0.275352 0.282407 0.782153 0.982422 0.31578 0.171861 0.925033 0.248592 0.625502 0.933897 0.983119 1.01653
