25 75
0.238085 0.916117 0.382602 0.582219 1.03009 1.12689 1.10072 0.926957 0.685943 0.179094 0.678925 0.301602 0.911302 0.924973 0.291628 0.984713 0.677775 0.915585 0.925453 0.715375 1.10168 0.814713 0.990886 0.314307 0.626466 0.41152 1.12248 1.11766 1.16433 1.08477 0.570811 0.694633 0.727982 0.166222 0.900054 0.374892 1.08191 0.842453 0.646893 0.288019 0.372234 1.22503 0.600657 0.553619 0.843589 0.853706 0.831099 0.987957 0.300581 0.511829 0.927146 0.616091 0.612711 0.843703 0.533939 0.942837 0.454716 0.590368 0.856102 0.893636 1.06677 0.694397 1.11097 0.491043 0.346224 0.218597 0.660795 0.69489 0.656804 0.534929 0.65086 1.10625 0.712624 0.681288 0.575054
0.444535 0.952595 0.452295 0.659478 0.864667 0.937394 1.24759 1.07112 0.764539 0.225655 0.582651 0.258682 0.779571 1.05544 0.360168 1.03526 0.670867 0.989281 1.09751 0.520116 1.15488 0.649312 0.961778 0.395456 0.799487 0.545629 0.976287 1.08891 1.04548 1.12919 0.588632 0.531314 0.86877 0.0609141 0.891994 0.335892 0.890081 1.06596 0.75879 0.465528 0.4269 0.980868 0.652065 0.660833 0.900205 0.844481 0.734098 1.0559 0.457089 0.315057 1.08854 0.624528 0.508292 0.624592 0.58373 0.928314 0.269306 0.363235 1.01258 0.749353 1.13307 0.54742 0.974359 0.546329 0.319423 0.438943 0.516944 0.68338 0.535329 0.498599 0.508347 1.02549 0.664554 0.658292 0.566992
0.37842 0.933163 0.455504 0.69904 0.896804 0.949921 0.967249 1.12565 0.554556 0.298669 0.729877 0.359125 0.634823 1.04054 0.573831 0.785492 0.877021 0.999685 0.886774 0.672021 1.08992 0.674869 0.991 0.304793 0.720393 0.46337 0.975835 0.981739 0.949964 1.15816 0.565636 0.64836 0.665024 0.269068 0.668578 0.571015 0.89742 0.912732 0.843765 0.30129 0.53126 1.08957 0.690673 0.475495 0.865247 0.908136 0.742872 0.804068 0.478575 0.466788 0.849842 0.762318 0.735627 0.641912 0.445947 0.932435 0.46311 0.512902 1.00684 0.751101 1.13696 0.52014 1.005 0.755127 0.309299 0.22222 0.75783 0.812426 0.585625 0.454605 0.694632 1.02456 0.70632 0.876219 0.741488
0.404292 0.857845 0.173925 0.728644 0.91568 1.0727 1.23154 0.896485 0.567228 0.222797 0.599579 0.332445 0.681175 0.805749 0.477632 0.788291 0.788214 0.973598 0.957705 0.491163 0.986195 0.877317 1.03802 0.383221 0.705458 0.411343 1.13914 0.965545 1.08787 1.17236 0.62387 0.674438 0.727226 0.349295 0.856708 0.335605 0.976494 0.952862 0.817545 0.272847 0.416986 1.13115 0.738574 0.617114 1.07642 0.696134 0.621074 0.878245 0.42752 0.407164 0.872727 0.842883 0.63796 0.831972 0.629721 0.906405 0.293695 0.534427 1.04525 0.879992 0.90288 0.596643 0.98219 0.50737 0.174964 0.359801 0.70821 0.91043 0.683037 0.479298 0.473376 0.864913 0.684599 0.740888 0.716109
0.351174 0.78836 0.246209 0.743595 1.14173 0.966916 1.05307 1.09181 0.677286 0.22679 0.766119 0.355831 0.767517 0.895315 0.392045 0.78239 0.701282 0.940442 0.956683 0.576643 1.06181 0.595189 0.863756 0.419889 0.693587 0.531485 1.04531 1.08318 1.16772 0.999177 0.497776 0.479368 0.814312 0.187386 0.890834 0.53739 0.924263 0.967874 0.862272 0.418672 0.487063 1.129 0.72097 0.64277 0.946808 0.661994 0.668343 0.972709 0.313586 0.321887 0.872831 0.672501 0.502353 0.656864 0.381948 0.918657 0.241556 0.548147 0.834974 0.94283 0.931053 0.702196 1.06292 0.676784 0.356538 0.403887 0.789232 0.943168 0.524506 0.428193 0.644556 0.928968 0.761313 0.736097 0.724424
0.247288 1.02936 0.343358 0.510076 0.940204 1.13226 1.10957 0.904742 0.471189 0.254444 0.544484 0.191612 0.903698 0.949907 0.286929 0.901114 0.702204 0.863455 1.10493 0.704525 1.00111 0.727291 1.04219 0.22545 0.798591 0.296281 1.17298 1.04707 0.95247 1.06182 0.458826 0.598333 0.894058 0.334348 0.731201 0.584826 0.911154 0.91191 0.656215 0.424426 0.554259 0.998125 0.760579 0.654111 0.967201 0.829268 0.715524 1.06838 0.484225 0.357104 1.05617 0.64069 0.639048 0.808667 0.483981 0.663918 0.210695 0.384753 1.07752 0.984081 0.985444 0.549593 0.996546 0.730317 0.361312 0.24948 0.644295 0.82439 0.604234 0.462503 0.740874 0.96635 0.615625 0.655111 0.728907
0.428378 1.03341 0.438619 0.609269 0.866554 1.17019 1.11584 1.07938 0.603331 0.259095 0.601285 0.157562 0.861238 1.00657 0.42712 1 0.781539 0.806138 0.948606 0.494111 1.18467 0.867854 0.917868 0.223867 0.715294 0.494855 1.04541 1.09428 1.04576 0.927777 0.678882 0.698158 0.741871 0.350535 0.624555 0.423959 1.04809 0.899558 0.606799 0.478113 0.621054 1.09459 0.728762 0.591411 1.07496 0.817764 0.859186 0.836018 0.473486 0.316883 0.946734 0.69384 0.630622 0.810583 0.416585 0.800028 0.255736 0.473354 0.970795 0.881756 1.13632 0.527814 1.19781 0.688625 0.340537 0.286737 0.64545 0.844236 0.669121 0.392132 0.5534 1.0216 0.496895 0.865651 0.488236
0.372495 0.849082 0.349035 0.769139 0.984932 1.17065 1.12548 1.10303 0.509562 0.115912 0.709589 0.257037 0.66077 0.837697 0.399452 0.779972 0.827071 0.842477 1.16265 0.546761 0.981475 0.743888 1.02803 0.209324 0.860621 0.304855 1.15368 1.07314 1.10709 1.03276 0.470672 0.604803 0.785509 0.117277 0.887826 0.358198 1.15579 0.909529 0.643532 0.482839 0.478422 1.18505 0.61762 0.590012 0.831055 0.66588 0.71627 0.886484 0.328938 0.512954 1.11015 0.765652 0.691818 0.914282 0.609327 0.794595 0.307054 0.56344 0.868422 0.797403 0.966707 0.569326 0.987372 0.508305 0.445734 0.22747 0.619242 0.922592 0.674482 0.376607 0.728388 1.11027 0.632974 0.864779 0.647744
0.465 0.951096 0.424098 0.740989 0.844048 1.08376 1.09282 1.1197 0.725145 0.189384 0.721874 0.431908 0.884666 1.03902 0.47697 0.875319 0.907685 0.918449 1.07314 0.63147 1.23494 0.687529 0.908855 0.359962 0.620211 0.266043 1.09384 1.06596 1.18396 0.953543 0.580459 0.585181 0.664407 0.347395 0.793063 0.374558 1.09389 1.06914 0.862784 0.350647 0.558879 1.14707 0.564355 0.607306 1.00221 0.953694 0.583461 0.954042 0.376529 0.222375 0.89708 0.617525 0.743359 0.879315 0.534934 0.892285 0.178611 0.42485 1.1311 0.988463 1.00279 0.558367 1.20249 0.602946 0.325604 0.311457 0.773953 0.687739 0.491842 0.378361 0.495497 0.923358 0.766597 0.770451 0.593377
0.313004 0.897889 0.329842 0.547899 1.03869 1.01943 1.18397 1.06628 0.647919 0.203111 0.592954 0.372302 0.846725 0.909105 0.285813 0.818694 0.768075 0.755369 0.986576 0.689646 1.08805 0.850528 0.814801 0.331111 0.632966 0.431513 1.0176 0.893256 1.12818 1.03317 0.637818 0.59269 0.903627 0.225943 0.620136 0.490652 1.12784 1.04461 0.877714 0.455892 0.561445 1.22136 0.696732 0.57969 0.882724 0.808112 0.839223 0.81412 0.327958 0.293401 1.03487 0.772371 0.77918 0.637917 0.487756 0.92978 0.205559 0.417979 0.846853 1.00931 0.974168 0.592208 1.12541 0.543076 0.206635 0.244116 0.707809 0.756669 0.687901 0.323152 0.638328 0.892918 0.678859 0.917689 0.483938
0.343643 0.814289 0.218797 0.750773 0.854235 0.937761 1.0225 1.09783 0.69601 0.191288 0.682548 0.224931 0.812329 0.859199 0.317704 0.920151 0.777433 0.781181 1.11828 0.669455 1.07991 0.814147 1.02634 0.181369 0.778544 0.55104 1.1827 1.07756 0.970117 1.01571 0.583991 0.643207 0.782893 0.186646 0.754016 0.384397 1.07504 0.815694 0.670747 0.284035 0.542901 0.988 0.66327 0.743717 1.05318 0.824825 0.784337 0.927074 0.503721 0.379269 1.04267 0.726093 0.650108 0.740336 0.639135 0.85271 0.364863 0.590819 1.00042 0.759473 0.990466 0.539539 0.932162 0.726558 0.154342 0.228728 0.594124 0.783593 0.641235 0.460501 0.542194 1.04923 0.683478 0.732537 0.578294
0.358859 0.852112 0.336284 0.667382 1.0274 1.01102 1.16859 1.10829 0.700747 0.264639 0.795134 0.357465 0.850624 1.02333 0.334572 1.00613 0.641992 0.948402 0.886414 0.561421 1.17256 0.797416 0.847333 0.423126 0.822011 0.31721 1.10489 1.14012 0.981148 1.04678 0.505486 0.507719 0.855481 0.249407 0.744914 0.395441 0.929692 0.834593 0.878017 0.451818 0.534432 1.0997 0.635886 0.59677 1.08127 0.671805 0.746141 0.952685 0.381109 0.42601 1.05091 0.599438 0.72449 0.727712 0.376382 0.704921 0.274614 0.481921 1.01304 0.7454 0.947865 0.697301 1.01549 0.737657 0.401551 0.20429 0.5717 0.954551 0.462273 0.448592 0.680625 1.07374 0.541753 0.773433 0.5815
0.261015 0.917976 0.43917 0.707077 0.914475 1.13154 1.02872 1.11714 0.568572 0.352573 0.588561 0.338546 0.827504 0.887872 0.549355 0.817892 0.882519 0.982906 1.03511 0.765048 0.954505 0.874399 0.897288 0.338519 0.783225 0.399866 1.02161 1.10472 0.968575 1.1182 0.574626 0.658449 0.757992 0.261272 0.610895 0.562339 1.14011 1.02357 0.767886 0.367812 0.450086 1.1557 0.708548 0.631799 0.952174 0.842675 0.727033 0.921728 0.536291 0.249926 0.924378 0.63913 0.679198 0.764509 0.498384 0.684087 0.445896 0.38475 0.934269 0.969435 0.891027 0.58246 1.0756 0.737338 0.450166 0.259947 0.595194 0.768689 0.532748 0.354591 0.677328 0.906056 0.726152 0.931051 0.680272
0.373698 0.779471 0.244084 0.695399 0.932428 1.16562 0.994627 0.891281 0.474361 0.322821 0.725796 0.285461 0.743229 0.927315 0.473537 0.869924 0.855913 0.804392 0.99157 0.591831 1.13664 0.87733 0.961971 0.377378 0.722488 0.550876 1.09545 0.955033 0.966265 1.0168 0.720538 0.727968 0.70956 0.237812 0.881366 0.616662 1.14941 0.913122 0.744434 0.329434 0.459263 1.04577 0.513883 0.511104 0.993838 0.843563 0.677056 0.970832 0.366882 0.404834 1.09323 0.841469 0.724524 0.623517 0.397243 0.811353 0.18558 0.497023 1.12433 0.831686 1.1236 0.477593 1.01918 0.661865 0.299527 0.465474 0.777735 0.919677 0.535201 0.269072 0.746084 0.860127 0.672159 0.900053 0.486253
0.247493 0.975858 0.309182 0.684482 0.884674 0.987931 1.01155 1.05488 0.711158 0.20126 0.525526 0.309477 0.728201 1.03713 0.341283 0.878812 0.682887 0.83533 1.12527 0.631758 1.02057 0.590561 0.802125 0.179301 0.714283 0.500616 1.02693 1.13626 0.93581 1.0393 0.49766 0.545368 0.8317 0.0674234 0.855752 0.572469 0.895718 0.836666 0.793967 0.268171 0.361277 0.951862 0.722143 0.750158 0.980114 0.780261 0.847702 1.01239 0.35431 0.30612 0.964713 0.834678 0.528079 0.652255 0.668799 0.817527 0.416822 0.584396 0.908578 0.798173 0.908955 0.680883 1.22083 0.479368 0.189876 0.244704 0.534767 0.675245 0.571844 0.33437 0.595313 0.977693 0.764486 0.896535 0.677611
0.222453 0.815118 0.372183 0.555848 0.902561 1.15106 1.09407 1.04597 0.750087 0.327279 0.604403 0.235743 0.833459 0.972434 0.472902 1.03024 0.853934 0.965513 0.984441 0.601964 1.06404 0.689119 0.907798 0.224309 0.588464 0.313677 1.13837 0.906156 1.22174 1.16834 0.59568 0.56355 0.802669 0.140325 0.899519 0.6047 1.18583 0.809246 0.616514 0.398555 0.532861 1.12843 0.487635 0.545224 0.884111 0.91074 0.579709 1.05879 0.307207 0.472503 0.877232 0.889187 0.657515 0.749365 0.614841 0.705154 0.176133 0.470321 0.994228 0.888524 0.977292 0.414698 1.18279 0.672355 0.347632 0.424338 0.609633 0.84362 0.648671 0.296484 0.647382 0.944305 0.727416 0.862355 0.567837
0.314597 1.00299 0.351493 0.791307 0.911567 0.988031 1.19416 0.989572 0.667328 0.155775 0.772153 0.443416 0.629806 0.842078 0.289742 0.76207 0.63936 0.969224 0.929433 0.491037 1.1863 0.809635 0.880077 0.148348 0.861898 0.304679 1.03102 1.09128 0.934091 1.08224 0.479537 0.490301 0.726805 0.0892113 0.832101 0.539353 1.16151 0.812156 0.64942 0.283758 0.429148 1.02928 0.586335 0.601965 1.1104 0.899395 0.795621 1.06636 0.542337 0.434309 0.867979 0.777002 0.576417 0.779472 0.614693 0.706534 0.412733 0.447359 1.00472 0.894874 1.05049 0.561183 0.974881 0.760116 0.445041 0.311386 0.611601 0.672123 0.623749 0.403233 0.536006 1.11867 0.565972 0.663691 0.763633
0.383954 0.949137 0.464947 0.590245 0.910604 1.13312 1.23783 0.953525 0.762972 0.207673 0.628661 0.336235 0.649998 1.05793 0.528329 0.780631 0.652732 0.776336 0.970642 0.536746 1.1658 0.72732 0.843772 0.258136 0.794396 0.499551 1.11499 0.879898 1.15985 1.03388 0.463109 0.510369 0.828027 0.349361 0.64177 0.504381 1.14245 1.04845 0.7394 0.451332 0.488934 1.09102 0.572136 0.724431 1.06253 0.916907 0.854159 0.821349 0.402288 0.324025 1.04615 0.765826 0.501716 0.718425 0.576001 0.883909 0.323514 0.452152 0.906943 0.79348 0.898064 0.493494 1.05604 0.656421 0.352645 0.401057 0.706888 0.926122 0.59945 0.269204 0.573285 0.826137 0.530167 0.880992 0.722286
0.223443 0.952133 0.344384 0.779278 0.878427 1.10382 1.01112 0.997093 0.743842 0.110417 0.756398 0.340778 0.75304 0.956077 0.441029 0.81251 0.852173 0.8465 0.941175 0.493246 0.971994 0.74243 0.915448 0.374453 0.73204 0.49087 1.06872 1.03282 1.21549 0.877753 0.470595 0.436195 0.866936 0.241265 0.608099 0.593624 0.915351 0.935047 0.728461 0.412171 0.470802 1.04729 0.759349 0.575106 1.0866 0.771244 0.739215 0.816839 0.524442 0.500105 0.925319 0.752772 0.484996 0.635488 0.53222 0.851479 0.452352 0.512596 0.90058 0.868965 0.861184 0.457335 1.01644 0.572795 0.353262 0.348151 0.622212 0.898679 0.709839 0.445634 0.62055 1.09434 0.49162 0.81949 0.764339
0.45415 0.88913 0.229226 0.695946 0.926196 1.15531 1.16529 0.942503 0.498779 0.263077 0.736518 0.157282 0.805146 0.859684 0.548136 0.990744 0.645244 0.793271 1.12474 0.737604 1.14234 0.854506 0.903258 0.251671 0.776801 0.381928 1.19307 0.990842 1.02345 1.07683 0.542798 0.533974 0.785004 0.0883236 0.646607 0.592386 1.16701 0.977545 0.847099 0.439291 0.46931 1.0632 0.494504 0.465846 0.925424 0.675735 0.671941 0.938435 0.462511 0.338766 1.11783 0.786642 0.492543 0.865741 0.622059 0.892395 0.419003 0.475562 0.913439 1.0047 0.88392 0.442759 1.0174 0.555462 0.385225 0.37206 0.618902 0.870495 0.591728 0.547562 0.595649 0.897738 0.618957 0.920609 0.711389
0.364465 0.881638 0.411943 0.558783 0.917862 1.05833 1.0382 1.07061 0.630225 0.318043 0.759322 0.216503 0.890813 0.950404 0.35882 0.959293 0.73868 0.722894 1.1361 0.493761 1.12198 0.859133 0.824093 0.284172 0.590214 0.452127 1.13501 1.01053 1.14002 0.929802 0.508738 0.599555 0.918586 0.312432 0.888564 0.506435 1.0039 1.06675 0.67489 0.26127 0.552155 1.23289 0.566285 0.527832 0.890032 0.698209 0.601184 0.883281 0.337245 0.454642 0.984881 0.874408 0.499436 0.839198 0.492379 0.909368 0.251804 0.556618 0.959232 0.977663 1.08236 0.539537 1.13575 0.639573 0.207178 0.46161 0.502992 0.853611 0.673661 0.29678 0.616846 0.90787 0.642867 0.648573 0.733515
0.200121 0.985297 0.344514 0.794305 1.01969 0.880765 1.2128 1.07027 0.755656 0.141727 0.53917 0.226798 0.894699 0.928289 0.314614 0.762383 0.930812 0.789271 1.05019 0.600465 0.975011 0.765452 1.05931 0.177895 0.866646 0.297201 1.12663 1.10256 1.02468 0.915432 0.660766 0.67429 0.687757 0.165914 0.619013 0.487069 0.971455 0.835827 0.633282 0.390489 0.329808 1.04022 0.743083 0.711374 0.812386 0.776244 0.68109 0.985164 0.517439 0.309557 1.00634 0.818173 0.520332 0.783147 0.403952 0.927521 0.191197 0.471096 1.07376 0.76205 0.955784 0.698795 1.18332 0.573653 0.249479 0.174742 0.540695 0.778878 0.580804 0.312327 0.606927 0.87387 0.637245 0.780545 0.483891
0.479077 0.766401 0.303384 0.722996 1.0528 0.98744 1.19524 0.96678 0.725992 0.0983449 0.591494 0.445911 0.681475 0.870278 0.339095 0.75193 0.736428 0.738403 0.959941 0.693782 1.19088 0.691134 0.931765 0.353016 0.736659 0.564259 0.983452 0.860821 1.20558 1.07146 0.54144 0.49115 0.677069 0.213901 0.833956 0.42927 1.01211 1.00888 0.873918 0.52561 0.439247 0.974227 0.630541 0.465214 1.01483 0.837874 0.609998 0.830639 0.446432 0.450948 0.888823 0.658122 0.633924 0.799591 0.584858 0.72854 0.315217 0.350389 0.885764 1.00755 1.07468 0.513201 1.11894 0.56668 0.3914 0.332702 0.762897 0.672212 0.625498 0.298227 0.601994 0.864716 0.72659 0.802382 0.720194
0.273447 0.748804 0.366404 0.746629 0.919212 1.0225 1.19011 1.10212 0.579467 0.100372 0.80695 0.241445 0.903333 0.813486 0.463121 0.796251 0.939029 0.763997 1.03881 0.726796 1.17062 0.807231 1.04149 0.235793 0.712584 0.433173 1.18458 0.886492 1.00493 0.910181 0.720728 0.59781 0.916244 0.161819 0.86523 0.539115 1.02162 0.835887 0.592214 0.419415 0.554898 0.963529 0.68413 0.716665 1.09655 0.660903 0.795188 0.816516 0.294006 0.367767 0.950491 0.816104 0.780197 0.701983 0.655381 0.690244 0.180679 0.550507 1.08688 0.838892 0.865182 0.553188 1.12798 0.698486 0.200677 0.417087 0.713276 0.854284 0.54745 0.53567 0.61526 0.866903 0.76035 0.752107 0.583381
0.445446 1.00276 0.286623 0.507299 0.856404 1.09347 1.20948 1.07738 0.690553 0.152261 0.731397 0.172437 0.80567 0.84744 0.480639 0.791513 0.83958 0.759548 1.02322 0.471204 1.12756 0.779899 0.84172 0.374838 0.872843 0.552018 1.00191 1.02716 0.962426 0.964813 0.723995 0.730296 0.853675 0.152608 0.677318 0.409675 0.955174 0.794765 0.662731 0.40122 0.550896 1.224 0.777112 0.574492 0.845787 0.922068 0.597895 0.861027 0.281277 0.336404 1.05502 0.628992 0.709873 0.858478 0.668715 0.665869 0.310216 0.338152 1.12031 0.92154 1.05998 0.675669 1.22142 0.589096 0.15915 0.209743 0.749349 0.767315 0.598921 0.544424 0.613027 0.839389 0.564453 0.843687 0.673866
