25 75
0.130013 0.379392 0.346311 0.285397 0.943952 0.367667 1.13245 0.970229 0.438181 0.513143 0.522595 0.517303 0.347003 0.563245 0.422156 0.514751 1.18069 0.9312 0.958207 0.465915 0.809517 1.00284 0.27559 0.20007 0.587707 0.286583 0.867727 1.0192 0.955375 0.497609 0.703102 0.556361 0.687146 0.872722 1.045 0.86863 0.203668 0.919124 0.915045 1.0314 0.521174 0.280122 0.601711 0.288042 1.17451 0.354248 0.907719 1.04011 0.283402 0.633402 0.254274 0.406667 0.287259 0.648761 1.08082 0.701679 0.48485 0.530149 0.875041 1.05903 0.240134 1.16896 0.762092 0.710432 0.248607 1.16903 0.4615 0.852823 0.57396 0.499109 0.281315 0.379316 0.359003 0.136842 0.775234
0.159746 0.407008 0.0614105 0.342366 0.904153 0.240547 1.05738 1.15242 0.294416 0.528155 0.512937 0.743087 0.066889 0.505455 0.304936 0.374077 1.15025 0.915308 0.983502 0.641261 0.714433 0.971111 0.415966 0.312924 0.676899 0.162974 0.749685 1.0013 1.06487 0.64719 0.678598 0.510284 0.734228 0.869794 0.79245 0.923033 0.382082 0.825047 0.995849 1.06389 0.578281 0.167167 0.588418 0.564296 1.15232 0.401008 0.982114 0.814143 0.143524 0.702253 0.20784 0.286626 0.408341 0.766544 0.872509 0.869583 0.311819 0.549107 0.854368 0.78192 0.00948161 1.20147 0.730029 0.564222 0.38553 1.26703 0.489246 1.01601 0.646584 0.548949 0.4374 0.278758 0.432449 0.109883 0.623546
0.201111 0.28905 0.122352 0.408284 0.669266 0.189408 0.978633 1.17134 0.175006 0.348925 0.512147 0.776825 0.0972759 0.597133 0.369435 0.574839 1.14373 1.06535 0.934158 0.617639 0.931615 0.778641 0.276689 0.125765 0.746396 0.197671 0.605539 0.878108 0.991216 0.44869 0.680624 0.494565 0.767913 0.692625 0.9944 0.761877 0.281542 0.907939 1.10557 0.872255 0.4909 0.166242 0.541776 0.458839 0.990562 0.177832 0.975169 0.90481 0.259288 0.806841 0.247138 0.517184 0.467558 0.632489 0.980762 0.677429 0.525622 0.465468 0.894398 0.781524 0.256049 0.911056 0.660434 0.493559 0.283082 1.2499 0.464203 0.877499 0.589474 0.406619 0.506152 0.295918 0.284159 0.294608 0.79099
0.381322 0.448733 0.245829 0.432525 0.813096 0.219657 1.01643 0.948801 0.255579 0.35583 0.662405 0.567981 0.227443 0.464986 0.343232 0.390334 1.16551 0.973661 0.831387 0.558581 0.683434 0.928288 0.492362 0.369772 0.645036 0.23474 0.804095 0.870646 1.0376 0.669111 0.668002 0.48762 0.859314 0.874025 0.889029 0.921172 0.373438 0.919973 1.07965 0.911502 0.537123 0.289494 0.551289 0.49481 1.26773 0.356552 0.99356 0.8975 0.18006 0.695321 0.183066 0.350303 0.56026 0.705472 0.979177 0.84372 0.487677 0.501618 0.851321 1.05552 0.224566 1.0065 0.565045 0.514484 0.403721 1.16187 0.472021 1.02219 0.755148 0.503571 0.212339 0.517194 0.367412 0.117319 0.635615
0.260088 0.545893 0.230547 0.449991 0.879299 0.304186 0.982187 0.948941 0.251095 0.482112 0.603222 0.578928 0.0942391 0.475922 0.190922 0.538423 0.986165 0.971255 0.851933 0.676766 0.895877 0.916455 0.384322 0.285371 0.707747 0.308382 0.837157 1.09151 1.15049 0.546141 0.51469 0.395196 0.803232 0.826948 0.999778 0.899231 0.403503 0.733803 1.16576 0.970018 0.52023 0.205172 0.674174 0.575933 1.05329 0.378268 0.708471 1.0198 0.0556447 0.662367 0.225951 0.271774 0.429522 0.688121 1.03552 0.801716 0.330782 0.430387 0.851147 1.04481 0.143514 1.0359 0.630999 0.582003 0.275217 1.25349 0.507568 0.825789 0.702405 0.435612 0.449871 0.302425 0.45429 0.185038 0.654328
0.258405 0.499551 0.210564 0.281225 0.742298 0.304642 1.20282 1.08804 0.39714 0.432047 0.612676 0.677011 0.273708 0.474794 0.354997 0.532794 0.994106 0.934337 0.790133 0.580686 0.768535 0.912133 0.409991 0.307155 0.784166 0.265449 0.62027 0.858936 0.956759 0.441157 0.735227 0.365356 0.83181 0.733719 0.979409 0.946775 0.326561 0.861276 1.16305 0.870394 0.562994 0.171075 0.742712 0.329147 0.979329 0.373558 0.986891 1.0334 0.231317 0.639516 0.254246 0.518038 0.34126 0.697431 0.981149 0.660494 0.446362 0.495556 1.04034 1.01237 0.205584 1.07624 0.636464 0.45551 0.213809 1.24072 0.39472 0.793435 0.808677 0.459407 0.36239 0.510043 0.266325 0.124523 0.757984
0.149301 0.420647 0.1389 0.408276 0.807927 0.347674 1.04888 1.19462 0.317464 0.353 0.550606 0.768104 0.122001 0.526034 0.3819 0.43423 1.08812 0.887495 1.02574 0.438682 0.677542 0.957917 0.449507 0.334245 0.578018 0.0841868 0.64551 1.01687 1.13004 0.449742 0.783482 0.648375 0.768212 0.849715 0.813142 0.854684 0.304445 0.665189 1.01238 0.993734 0.336621 0.227048 0.561567 0.510802 1.22686 0.378291 0.871228 1.00992 0.211755 0.801539 0.046328 0.534568 0.436845 0.811801 0.887931 0.759822 0.386913 0.492835 0.900421 0.799363 0.120887 0.943654 0.537779 0.678704 0.396463 1.01071 0.543159 0.778796 0.550557 0.493818 0.387508 0.427375 0.453524 0.131818 0.697495
0.289967 0.502538 0.0543249 0.431256 0.717384 0.253772 1.16216 1.19912 0.275129 0.396568 0.456659 0.674115 0.156866 0.397228 0.379788 0.589104 1.02329 0.980044 1.05466 0.463925 0.674839 0.837339 0.339428 0.294718 0.625581 0.082481 0.627677 0.940868 1.24127 0.535075 0.51558 0.549145 0.799265 0.656782 0.898729 0.727024 0.483087 0.680388 1.0469 1.01888 0.563738 0.376378 0.593717 0.493817 1.00346 0.203071 0.992593 0.761226 0.167191 0.719633 0.124105 0.443904 0.331864 0.642911 0.876127 0.845296 0.270287 0.47096 0.958807 1.02159 0.094805 0.969501 0.542692 0.722292 0.14425 1.01217 0.654651 0.773718 0.779456 0.340749 0.418994 0.473525 0.389045 0.393229 0.872868
0.188194 0.564068 0.141291 0.488989 0.943057 0.413868 0.995841 1.1679 0.168634 0.335355 0.494112 0.681917 0.157823 0.495189 0.236168 0.650594 1.17946 0.935556 0.823645 0.657289 0.661919 0.980854 0.418335 0.0753528 0.515791 0.249452 0.606433 0.866508 1.1251 0.679346 0.587722 0.59602 0.887829 0.888518 0.928971 0.888207 0.366224 0.781738 0.978164 1.01166 0.470631 0.37518 0.727061 0.575095 1.03079 0.273708 0.824143 0.859566 0.197571 0.562813 0.297321 0.483611 0.348325 0.68779 0.951755 0.945143 0.433706 0.545403 0.993264 1.04211 0.0250544 1.08195 0.659417 0.557913 0.160669 1.24293 0.632928 0.959458 0.798138 0.268989 0.429762 0.423301 0.402943 0.314549 0.853103
0.15618 0.420057 0.0716776 0.474733 0.878052 0.325309 1.10417 1.17348 0.171632 0.46088 0.582776 0.766155 0.33002 0.388684 0.192205 0.415207 1.08715 0.916401 0.785094 0.644484 0.842441 0.816828 0.230018 0.224444 0.686927 0.340697 0.649247 1.14346 1.20296 0.520914 0.541324 0.632987 0.722369 0.702787 0.922375 0.713992 0.214821 0.878256 1.05048 0.929196 0.348646 0.278108 0.699411 0.333304 1.09685 0.448009 0.941061 0.966399 0.172295 0.610869 0.0384843 0.417078 0.301946 0.676932 0.999181 0.819773 0.492579 0.300341 0.986584 0.804905 0.0905574 0.938126 0.67386 0.477017 0.301146 1.01546 0.439325 0.843528 0.668508 0.529244 0.453067 0.52432 0.35617 0.296456 0.879421
0.145127 0.515066 0.112257 0.388767 0.808918 0.412625 1.15273 0.956666 0.353013 0.384902 0.401912 0.719846 0.171028 0.345338 0.331845 0.582946 1.12976 1.00113 0.832075 0.479364 0.800299 0.760945 0.496557 0.211489 0.619181 0.274187 0.712373 0.909591 1.06117 0.473392 0.697194 0.603381 0.816345 0.836934 1.00635 0.977991 0.314322 0.816158 0.985055 1.06147 0.359806 0.355223 0.777096 0.313163 1.04883 0.42584 0.70908 0.798127 0.0331622 0.826425 0.151876 0.338225 0.344602 0.712232 1.00139 0.728596 0.320827 0.383293 1.02288 1.06864 0.193784 0.917822 0.695744 0.472501 0.185288 1.0585 0.551259 0.821001 0.729466 0.301698 0.459457 0.260008 0.285198 0.250226 0.871835
0.174542 0.541577 0.0614728 0.507974 0.912073 0.35264 1.06734 0.932467 0.191699 0.453406 0.5988 0.628421 0.0751829 0.420576 0.213058 0.658465 1.11502 0.891409 0.959574 0.693026 0.786498 0.89167 0.31003 0.239752 0.611507 0.29164 0.829272 1.0636 1.17952 0.667601 0.53013 0.562618 0.718466 0.801692 0.92596 0.832524 0.418609 0.743662 1.02238 1.00997 0.367226 0.412966 0.548328 0.417562 1.01706 0.307349 0.838214 0.968318 0.205833 0.770374 0.0338925 0.36236 0.31777 0.55827 1.1407 0.841853 0.276087 0.381606 0.792023 0.883325 0.0911658 1.17377 0.789617 0.597965 0.324551 1.04669 0.615826 0.966733 0.660916 0.446402 0.456459 0.443803 0.2552 0.311999 0.609997
0.250117 0.439461 0.0814038 0.457596 0.937161 0.351238 1.08697 1.1591 0.255499 0.54981 0.438418 0.748775 0.319412 0.46011 0.325745 0.382737 1.08311 1.04393 0.809784 0.704428 0.77042 0.825984 0.409389 0.0812478 0.528895 0.141469 0.64362 0.992508 1.24954 0.606093 0.577823 0.473556 0.617533 0.639049 0.822513 0.840079 0.463155 0.838769 0.983017 0.996635 0.33762 0.196509 0.702721 0.413327 1.24788 0.449778 0.940904 0.956731 0.276546 0.615924 0.0470567 0.529068 0.47271 0.76598 1.12605 0.670775 0.50803 0.422803 0.877626 0.979642 0.125146 1.07927 0.643477 0.432596 0.125886 1.25572 0.660043 0.805153 0.629961 0.437559 0.395445 0.402926 0.269425 0.351166 0.738478
0.100594 0.435809 0.193818 0.392335 0.857454 0.42849 1.00442 1.07927 0.350375 0.422119 0.45916 0.620172 0.315114 0.452738 0.413041 0.457552 1.09655 0.971882 1.06094 0.65928 0.875524 0.79196 0.310477 0.340674 0.655584 0.108346 0.644582 0.931421 1.24089 0.496829 0.751314 0.477597 0.753168 0.821124 1.04258 0.79505 0.388186 0.921299 0.980458 1.06849 0.476435 0.160059 0.583209 0.346465 1.04415 0.319293 0.822662 1.0463 0.156379 0.697136 0.221785 0.467617 0.314899 0.605571 0.937588 0.727853 0.397634 0.371753 0.972798 0.910304 0.0399229 1.08126 0.764224 0.439083 0.192728 0.999405 0.557275 0.800618 0.712259 0.446942 0.303482 0.32903 0.448929 0.372401 0.855609
0.147648 0.355811 0.153457 0.480565 0.852565 0.293384 1.11827 1.18846 0.403467 0.300631 0.632215 0.583791 0.327643 0.331991 0.434048 0.5368 0.907642 1.09135 0.789495 0.580269 0.715137 0.850125 0.372539 0.114985 0.575562 0.268168 0.698491 0.919644 1.14386 0.599805 0.549508 0.652959 0.8355 0.897642 0.830337 0.733363 0.284577 0.727074 1.01285 0.961259 0.487698 0.205411 0.620482 0.442997 0.989745 0.456075 0.973074 1.03123 0.270258 0.760809 0.0661646 0.489687 0.46292 0.7495 1.10483 0.812215 0.275486 0.35857 0.775218 0.956273 0.300032 1.18548 0.743241 0.490354 0.310556 1.28523 0.558835 0.991819 0.592999 0.549424 0.306176 0.276743 0.30411 0.325636 0.738335
0.263865 0.310814 0.0894712 0.54915 0.86422 0.320834 1.24262 1.10432 0.255174 0.426547 0.616722 0.607379 0.241487 0.464074 0.293672 0.61047 0.953094 1.05097 0.978813 0.462557 0.69838 0.892552 0.494177 0.0925233 0.788709 0.354566 0.690542 1.00271 1.05592 0.564407 0.634002 0.428914 0.65361 0.778241 0.837381 0.706157 0.230135 0.635484 1.19755 1.07162 0.470947 0.233067 0.602696 0.399346 1.1206 0.216904 0.801534 0.837873 0.12285 0.582657 0.189743 0.349037 0.492484 0.608274 0.948322 0.717853 0.420172 0.49109 0.87867 0.858215 0.262417 0.97252 0.758877 0.600846 0.341442 1.15283 0.577304 0.926847 0.756761 0.465288 0.375914 0.371668 0.467536 0.355966 0.704826
0.129342 0.530881 0.245606 0.26831 0.88873 0.190441 1.06197 0.938788 0.240741 0.34507 0.446905 0.616989 0.103981 0.43262 0.260924 0.615103 1.04981 1.11112 0.914768 0.425384 0.845047 0.847107 0.364133 0.142263 0.626132 0.365787 0.593475 1.03002 1.14218 0.43123 0.515547 0.617605 0.87837 0.842249 0.904613 0.89757 0.257393 0.739423 1.18684 1.07244 0.394537 0.227861 0.580527 0.513204 1.0771 0.186912 0.832963 0.87383 0.0631951 0.820246 0.135462 0.320928 0.281239 0.688031 0.998409 0.786695 0.342327 0.315821 0.818425 0.872368 0.19502 0.919556 0.727631 0.60569 0.367921 1.08023 0.476309 0.933967 0.550327 0.35543 0.479694 0.354365 0.457149 0.200372 0.769074
0.323684 0.409992 0.14828 0.410083 0.809611 0.388308 1.12172 0.987644 0.207287 0.53663 0.444853 0.672881 0.213911 0.323463 0.269869 0.59858 0.964454 0.879903 0.81932 0.652237 0.845066 0.949809 0.306226 0.350904 0.799185 0.223257 0.805879 0.980388 1.18972 0.581608 0.603515 0.390803 0.873554 0.834065 1.01103 0.706223 0.218569 0.899779 0.950951 0.807134 0.509787 0.427693 0.640656 0.575776 1.15357 0.206034 0.698651 0.937985 0.305655 0.608834 0.0859584 0.456371 0.489384 0.558875 0.913003 0.708086 0.270445 0.293663 0.889497 0.801705 0.294676 0.944908 0.658909 0.543794 0.334884 0.993236 0.469155 0.771298 0.783031 0.389178 0.409565 0.387045 0.275289 0.165706 0.619808
0.201266 0.279211 0.107575 0.411234 0.916719 0.358969 1.05064 1.05102 0.253735 0.310036 0.48377 0.761775 0.285061 0.533462 0.30684 0.416668 1.09314 1.01132 1.05548 0.657737 0.754123 0.958667 0.303916 0.266943 0.690884 0.346992 0.813791 0.927739 1.13153 0.437196 0.726806 0.618554 0.808007 0.780971 0.79415 0.698414 0.417814 0.8757 0.975956 1.04554 0.509862 0.388346 0.577542 0.433341 1.2643 0.417316 0.780635 0.964829 0.194904 0.538213 0.0075407 0.351862 0.403305 0.686203 0.942963 0.669374 0.281519 0.305982 0.863998 0.940845 0.10263 1.11839 0.570901 0.45676 0.194986 1.06915 0.643484 0.933421 0.62833 0.419713 0.317078 0.516895 0.24683 0.247681 0.867778
0.283111 0.28676 0.0541708 0.302499 0.665878 0.312923 1.12438 1.16237 0.324392 0.534662 0.530647 0.56143 0.30767 0.330456 0.309718 0.409887 0.985894 1.03312 1.03465 0.56332 0.694947 0.867787 0.303744 0.0949439 0.514711 0.121943 0.599105 1.06968 1.05572 0.595796 0.680828 0.575369 0.718189 0.651497 0.962309 0.839655 0.316016 0.911277 1.03296 0.8984 0.414578 0.175398 0.795589 0.330112 1.23997 0.364422 0.755192 0.937541 0.0291459 0.576006 0.15302 0.428612 0.516352 0.70865 1.15115 0.841259 0.42115 0.370995 0.972383 0.955318 0.129769 1.16844 0.729104 0.549388 0.380883 1.15138 0.407565 0.989608 0.781089 0.376563 0.466737 0.339863 0.300643 0.371225 0.846035
0.374261 0.434384 0.119365 0.317413 0.801876 0.143151 1.04051 1.1063 0.43087 0.376632 0.590994 0.695605 0.206769 0.356621 0.310522 0.568558 1.02428 1.09345 0.911557 0.604115 0.775725 0.896111 0.361998 0.249367 0.579249 0.376508 0.706813 1.146 1.00182 0.526065 0.641395 0.394185 0.649555 0.654902 0.791001 0.782304 0.218032 0.733271 1.1375 0.912538 0.376128 0.149976 0.614378 0.455289 1.241 0.398881 0.742109 0.799719 0.279956 0.817573 0.0749065 0.515535 0.506689 0.791529 1.0325 0.687801 0.472947 0.516093 0.900912 0.957904 0.0880895 1.09408 0.815885 0.5509 0.190931 1.00493 0.547153 0.929535 0.59348 0.355788 0.364513 0.406766 0.458247 0.395086 0.905443
0.243263 0.396824 0.0752371 0.391239 0.716677 0.363381 1.139 1.11521 0.178804 0.562846 0.559065 0.501401 0.319239 0.395924 0.240496 0.417877 1.00858 1.11254 0.965003 0.688241 0.930691 0.87871 0.364296 0.177415 0.694943 0.203329 0.710029 1.09852 1.21442 0.493379 0.689836 0.617798 0.626628 0.892804 1.00203 0.776624 0.36797 0.734657 1.11738 1.08155 0.471616 0.327439 0.51348 0.449887 1.21034 0.287477 0.940147 1.01867 0.214412 0.637511 0.0847057 0.518219 0.485183 0.622364 0.987858 0.913772 0.38679 0.536684 1.03722 0.962188 0.273867 1.05381 0.675819 0.445473 0.364836 1.18008 0.369441 0.776321 0.587803 0.466211 0.376935 0.435201 0.257431 0.327057 0.700615
0.24867 0.570294 0.163683 0.271613 0.811462 0.241933 1.19766 1.21681 0.165483 0.337727 0.588651 0.676206 0.254227 0.47087 0.340376 0.618719 0.946847 1.04959 0.847237 0.648232 0.675469 0.770913 0.41739 0.287976 0.523312 0.370755 0.685439 1.08694 1.21845 0.598634 0.671287 0.370544 0.738865 0.67936 0.948251 0.860283 0.425854 0.91933 1.12706 0.891405 0.417471 0.436939 0.769073 0.41745 1.23572 0.334399 0.721381 0.95074 0.156577 0.618017 0.0393688 0.330829 0.467873 0.543416 1.05842 0.778071 0.376896 0.335408 0.846787 0.932388 0.26907 1.02009 0.712094 0.5879 0.118244 1.13763 0.585857 0.792521 0.552248 0.26422 0.470871 0.323864 0.25705 0.213995 0.786348
0.299113 0.54145 0.0899575 0.347397 0.913726 0.199763 0.993517 1.12385 0.388939 0.436324 0.451186 0.734741 0.354424 0.45277 0.343167 0.585152 0.919572 1.00414 0.982002 0.556283 0.867628 0.795414 0.475208 0.122388 0.745103 0.0978647 0.689816 0.982159 1.0816 0.604694 0.58953 0.649296 0.744141 0.730438 0.999024 0.905027 0.230274 0.732065 0.920541 1.03248 0.597342 0.347838 0.560921 0.509287 1.05524 0.299223 0.765658 0.901092 0.0584963 0.708811 0.117004 0.283522 0.421045 0.783738 1.14885 0.786789 0.482799 0.542052 0.789957 0.969101 0.083062 1.05079 0.694764 0.620291 0.277965 1.13087 0.528362 0.929327 0.622544 0.507048 0.458334 0.363166 0.506701 0.178123 0.821988
0.217382 0.51453 0.131318 0.364047 0.692793 0.291285 1.00472 1.09339 0.340028 0.569838 0.470485 0.562833 0.260573 0.309334 0.263154 0.559618 1.11768 1.15568 0.86238 0.716462 0.914102 1.0155 0.456903 0.0861091 0.788234 0.154029 0.655069 1.06449 1.08522 0.611215 0.781072 0.596071 0.711613 0.830509 0.906548 0.958236 0.213938 0.657051 1.14037 1.01611 0.38512 0.22868 0.779649 0.338177 1.015 0.208444 0.923573 1.04759 0.094171 0.708731 0.030596 0.547512 0.400995 0.630415 1.08936 0.709707 0.265645 0.561601 0.783922 0.877491 0.211171 1.06493 0.703378 0.58146 0.159935 1.0617 0.455166 0.946565 0.714014 0.377839 0.382367 0.549706 0.344146 0.126196 0.633319
