25 75
0.330047 0.424023 0.958354 0.764203 0.485237 1.01087 0.614484 0.488443 1.16603 0.439006 1.03628 0.567858 0.262 0.444455 0.513667 0.476167 1.10833 0.511906 1.1856 0.228253 0.483786 0.785283 1.06421 0.440154 0.471909 0.769244 1.23484 0.906726 1.02503 0.940093 0.129775 0.94878 0.360668 0.460551 1.07004 1.05157 0.918805 0.126369 0.846069 0.487199 0.220351 0.340039 0.335533 0.640069 0.517495 0.369141 0.677018 1.04494 0.200173 0.52351 0.984772 0.305487 0.624482 0.267837 1.11798 0.0994421 1.19168 0.126868 0.159174 0.943634 0.569234 0.59385 0.954133 0.991072 0.873454 1.10285 1.01357 1.15403 0.316958 1.06934 0.937085 0.62691 1.1009 0.909025 0.219266
0.524069 0.469461 1.09618 0.788939 0.543541 1.10725 0.458367 0.476047 1.02978 0.664821 1.14852 0.681657 0.360841 0.301881 0.571756 0.45011 1.08499 0.625995 0.949828 0.246616 0.503988 0.767762 1.1267 0.341805 0.367355 0.895504 0.955422 0.980478 0.81776 0.924413 0.156447 0.86273 0.321175 0.345522 1.06762 1.11089 0.910325 0.379975 0.918272 0.400805 0.262482 0.272778 0.173658 0.564833 0.350033 0.533392 0.692996 0.922354 0.219699 0.450392 0.866632 0.389338 0.691828 0.312954 0.971898 0.164739 1.17181 0.371041 0.122051 0.800648 0.531535 0.65902 0.914576 0.947241 1.0481 1.01965 1.2193 1.06616 0.386225 1.10415 0.982949 0.626921 1.09806 0.861679 0.389498
0.265938 0.508007 0.898359 0.65224 0.508713 1.0053 0.518343 0.521608 1.12641 0.407294 1.24921 0.501891 0.299987 0.182749 0.44724 0.419767 1.12037 0.718694 1.11255 0.169841 0.468999 0.799319 1.14623 0.461183 0.409553 0.650293 1.08265 0.818335 0.763192 0.980449 0.0605992 0.945043 0.251363 0.345798 1.1764 1.05664 0.76239 0.138624 0.790357 0.527689 0.109107 0.428246 0.15123 0.540181 0.433 0.332134 0.665698 0.967269 0.204812 0.436475 0.885654 0.170242 0.437093 0.461644 1.04025 0.266439 1.09059 0.174159 0.240388 0.858568 0.706508 0.628298 0.911043 1.08168 0.92922 0.893047 1.09254 0.999276 0.500567 1.15419 1.04874 0.69052 1.05989 0.860551 0.293312
0.350933 0.484866 0.946062 0.556821 0.564309 1.16766 0.576486 0.691303 1.2664 0.575515 1.20845 0.587096 0.282146 0.254399 0.405947 0.281959 0.890887 0.796473 1.221 0.201908 0.66858 0.738207 1.17339 0.403039 0.421709 0.856628 1.22837 0.926085 0.980937 0.875902 0.196022 0.821415 0.271403 0.332699 1.0322 1.03245 0.943957 0.25791 0.957271 0.328524 0.0289642 0.349952 0.182116 0.379564 0.51084 0.459127 0.728761 1.05852 0.226595 0.483394 0.903344 0.327706 0.499772 0.359199 0.894509 0.234642 1.09501 0.271417 0.150293 1.00473 0.521262 0.578877 1.20443 0.940883 1.13785 1.12768 1.12947 1.13119 0.503313 1.22386 0.91816 0.716906 1.14099 0.867103 0.294726
0.536932 0.590377 1.03689 0.585931 0.382311 1.15957 0.679368 0.685962 1.12419 0.617241 1.09777 0.636206 0.157684 0.362376 0.574833 0.483784 1.14676 0.747448 1.2086 0.252524 0.71317 0.702101 1.20578 0.197406 0.567684 0.704331 1.15269 0.863012 1.02965 0.793362 0.193396 1.00402 0.142816 0.491109 1.06036 1.02819 0.863884 0.141966 0.933703 0.464307 0.0328961 0.516151 0.389231 0.647768 0.422938 0.359459 0.672508 0.897478 0.220033 0.50543 0.972615 0.255609 0.47652 0.363838 1.05169 0.122077 1.03244 0.188082 0.216997 0.735463 0.508823 0.740532 1.04013 1.00121 0.969635 1.00718 1.27312 1.16811 0.470227 1.18769 0.966364 0.847694 1.04877 0.969503 0.335118
0.381319 0.571689 0.95357 0.727723 0.608064 0.926552 0.413562 0.619056 1.05451 0.639072 1.07575 0.571459 0.185884 0.205363 0.460041 0.481486 0.93186 0.527118 1.16652 0.327663 0.631982 0.71911 1.15354 0.324675 0.483633 0.862874 0.967096 0.852723 1.023 0.98131 0.0966274 1.10053 0.176294 0.310682 0.914879 1.27616 0.817687 0.337818 0.894277 0.391703 0.265874 0.502173 0.353243 0.375923 0.434375 0.52809 0.784859 1.07772 0.274198 0.428738 0.950998 0.31686 0.608273 0.535888 0.898893 0.0680823 1.14281 0.238099 0.129149 0.723474 0.556276 0.702237 0.936178 0.840557 1.04362 1.0099 1.05149 1.17104 0.502817 1.0519 0.906319 0.656202 0.968352 0.899849 0.250108
0.498186 0.344596 1.00198 0.50192 0.443811 1.10179 0.520879 0.494873 1.01691 0.542412 1.22933 0.694214 0.144418 0.344142 0.475067 0.275837 1.0088 0.559756 1.16658 0.198008 0.634314 0.608544 1.12895 0.35856 0.466367 0.840898 1.14828 0.842263 0.792653 0.909167 0.0628942 1.01061 0.404372 0.505014 0.939868 1.19248 0.807326 0.147943 0.836635 0.439023 0.210785 0.557852 0.325445 0.453678 0.513111 0.473117 0.68082 0.874648 0.209955 0.511319 0.986944 0.131095 0.5983 0.528889 1.05739 0.270997 1.27925 0.156797 0.108995 0.726306 0.613139 0.507261 0.949697 0.918433 0.958305 0.928274 1.16172 1.21579 0.454599 1.06275 0.83541 0.893891 1.23767 1.07902 0.228223
0.552114 0.487794 0.951075 0.66686 0.373233 1.05512 0.649297 0.592921 1.26282 0.666732 0.97456 0.514994 0.245326 0.187721 0.386271 0.450801 1.05103 0.586428 1.11039 0.323977 0.652894 0.639625 1.17833 0.458343 0.39354 0.749807 1.20837 0.805005 0.98317 0.978973 0.0530615 0.994201 0.368357 0.332949 0.928422 0.989475 0.959852 0.213072 0.844326 0.464473 0.0302103 0.27805 0.216541 0.370522 0.502587 0.268036 0.65876 0.855064 0.387927 0.323128 0.781884 0.358813 0.457579 0.406042 0.862225 0.118223 1.07939 0.136858 0.199616 0.893099 0.43948 0.650176 1.11999 1.07723 0.957981 1.06123 1.01302 0.973131 0.379408 1.00663 0.954482 0.639597 1.034 0.89136 0.491715
0.307827 0.331438 0.915329 0.633043 0.426817 0.988177 0.506854 0.660261 1.2515 0.411098 1.1301 0.580763 0.293957 0.267609 0.424625 0.380895 0.928881 0.582253 0.98924 0.361354 0.624692 0.522396 1.07712 0.423786 0.378106 0.810252 1.20221 0.898802 0.883396 0.855477 0.204726 0.924591 0.276124 0.428122 1.13006 1.02389 0.826979 0.33186 0.723361 0.434076 0.0407275 0.47695 0.312546 0.349316 0.451488 0.457334 0.835052 0.80283 0.275158 0.375791 0.787987 0.316773 0.459807 0.510269 0.985039 0.274122 1.24399 0.385424 0.113481 0.852482 0.499969 0.463958 1.08559 1.06407 0.931896 0.92877 1.17086 1.00706 0.355634 1.14737 1.01992 0.790851 1.23751 1.06451 0.514111
0.439833 0.572013 1.09999 0.715669 0.461545 1.18032 0.591841 0.49714 1.17804 0.564628 1.00917 0.485154 0.243926 0.207914 0.323819 0.527235 1.16257 0.57541 1.13424 0.257229 0.518262 0.537063 0.967936 0.345327 0.592382 0.721327 1.14637 0.929929 0.988243 0.872112 0.167904 0.983845 0.38655 0.469111 0.916737 1.01816 0.972381 0.13375 0.791943 0.408479 0.0677468 0.291603 0.220329 0.445663 0.50493 0.488095 0.884182 1.00025 0.140721 0.282349 1.0636 0.158765 0.427855 0.366934 0.994563 0.264206 1.27696 0.339806 0.279719 0.817904 0.656482 0.466379 1.04986 1.04402 1.03587 1.01675 1.0814 1.24296 0.39404 1.05759 0.902028 0.665595 1.14799 1.05043 0.368688
0.406727 0.600613 0.9615 0.525682 0.41545 0.972563 0.444204 0.671345 1.17156 0.457462 1.02707 0.748377 0.370475 0.233715 0.488408 0.391872 0.968182 0.72708 0.964601 0.132063 0.689351 0.633934 1.00784 0.209498 0.342588 0.885132 1.23197 1.0682 0.845743 0.915414 0.296246 0.909035 0.13964 0.411726 1.04259 1.27493 0.730637 0.133878 0.756303 0.50643 0.18621 0.299965 0.352236 0.480004 0.439302 0.457806 0.679259 1.05434 0.246383 0.463903 0.845538 0.349181 0.539994 0.398584 1.05049 0.0357574 1.25027 0.365262 0.174596 0.741786 0.620803 0.464935 1.19575 1.01221 1.06237 1.07051 1.26136 0.988216 0.41877 1.07232 0.783429 0.770024 1.04543 0.962433 0.273797
0.514307 0.446333 1.14507 0.592088 0.368475 1.09004 0.623658 0.700262 1.17892 0.631352 1.04115 0.511276 0.25561 0.44332 0.437606 0.468392 0.890618 0.679071 1.10631 0.174933 0.488104 0.663033 0.924418 0.337599 0.480619 0.698482 1.02669 0.824574 0.843546 0.971928 0.17667 0.866746 0.128171 0.574722 1.0214 1.16283 1.02682 0.31415 0.84804 0.51656 0.256199 0.344098 0.294358 0.477926 0.472823 0.488325 0.840922 0.951326 0.165292 0.463223 0.920037 0.141753 0.593982 0.350206 1.04901 0.263735 1.00034 0.30722 0.301061 0.764236 0.557498 0.530031 1.17203 0.962544 0.881994 0.901106 1.11109 1.01664 0.553032 1.0936 0.906486 0.78006 1.01351 0.928817 0.422497
0.325285 0.343067 1.03074 0.554822 0.59071 1.04831 0.423184 0.639879 1.00477 0.547671 1.17724 0.554718 0.275393 0.194086 0.374916 0.365893 0.900023 0.54828 1.04503 0.284012 0.580747 0.591416 0.993195 0.24637 0.369505 0.658497 1.0587 1.07537 0.992282 1.01338 0.289641 0.816884 0.411363 0.321033 1.16084 1.07635 0.926169 0.280423 0.826977 0.46321 0.261779 0.33234 0.369629 0.462134 0.499117 0.379255 0.838774 1.05548 0.429529 0.282324 0.966835 0.254465 0.515437 0.313332 1.13857 0.232679 1.26169 0.357122 0.159027 0.936103 0.43973 0.669022 1.15232 0.93104 1.10191 1.14536 1.11113 1.17516 0.407336 1.06605 1.025 0.627178 1.14448 1.09689 0.325065
0.542249 0.495181 1.05665 0.529348 0.499966 1.12139 0.595095 0.59774 1.25766 0.602704 1.13533 0.462417 0.157071 0.313346 0.327439 0.287299 1.08757 0.526005 1.03541 0.271073 0.464765 0.73458 1.13496 0.21823 0.47668 0.740272 1.08566 0.942047 0.758665 0.738362 0.163159 1.08279 0.129533 0.533572 0.989269 1.07871 0.903557 0.319436 0.793903 0.52634 0.137195 0.513516 0.278392 0.500558 0.524682 0.516959 0.880796 0.948279 0.247311 0.491934 0.967458 0.122136 0.629925 0.366432 0.962741 0.0341524 1.18841 0.122712 0.170534 0.757522 0.710768 0.729681 0.932271 1.0877 1.06803 0.874923 1.22248 1.21283 0.549061 1.03207 1.04334 0.622976 0.987311 1.01356 0.258451
0.475158 0.413128 0.93883 0.573442 0.626794 0.979515 0.574397 0.49485 1.11531 0.561661 1.05029 0.686627 0.194329 0.419059 0.4017 0.42742 1.1323 0.719883 1.05741 0.218184 0.543078 0.65889 1.08745 0.417872 0.422566 0.678619 1.19516 0.894016 1.00648 0.874276 0.116965 0.869458 0.355495 0.485428 1.02848 1.09668 0.921069 0.350963 0.710117 0.351285 0.277356 0.284738 0.262336 0.638521 0.363773 0.457419 0.768732 0.876613 0.375092 0.529474 0.786327 0.209599 0.601054 0.350413 0.890002 0.0851262 1.10863 0.280931 0.120596 0.940028 0.724196 0.562054 0.987973 0.851102 0.985167 1.06113 1.05855 1.01686 0.532908 1.2078 1.02618 0.632199 1.20222 1.09022 0.500884
0.417573 0.510218 1.12587 0.581139 0.50914 0.937084 0.434348 0.495457 1.18995 0.500337 1.15181 0.514747 0.414284 0.167964 0.325918 0.298587 1.14042 0.782842 1.2049 0.333606 0.613622 0.753672 0.981016 0.300895 0.412411 0.662088 1.15986 0.81669 0.989544 0.874575 0.151458 0.959867 0.366405 0.462732 0.957022 1.24127 0.799133 0.167504 0.777351 0.295253 0.231299 0.300973 0.19463 0.586132 0.38656 0.319695 0.760301 1.04377 0.252031 0.512461 0.805083 0.239174 0.468011 0.299704 1.11261 0.310048 1.23599 0.267319 0.216932 0.92889 0.52724 0.505555 1.08412 1.03793 1.08424 1.03101 1.21552 1.09349 0.458871 1.16022 0.851092 0.689696 1.20122 1.10352 0.238508
0.348828 0.558349 1.04083 0.783666 0.44321 1.15293 0.501369 0.553044 1.17641 0.512349 1.14655 0.689266 0.365023 0.321482 0.457266 0.426317 1.13792 0.679119 0.92837 0.323315 0.675774 0.798854 1.14442 0.218043 0.488514 0.664251 1.12864 0.881257 0.880915 0.860341 0.23909 1.06636 0.313029 0.590862 0.988443 1.26139 0.979919 0.242725 0.912731 0.358036 0.212497 0.438742 0.189543 0.420405 0.455007 0.465427 0.651757 0.98619 0.160743 0.403411 0.837118 0.290233 0.440739 0.406195 0.879594 0.172394 1.20731 0.286263 0.0997356 0.97153 0.601237 0.72616 0.982968 1.07314 0.873662 0.976622 1.09717 1.1192 0.54993 1.22434 0.860574 0.838574 1.17601 1.01587 0.299748
0.442597 0.55625 0.910562 0.658831 0.572881 0.93918 0.388192 0.673062 1.17072 0.554072 1.24598 0.55894 0.156609 0.264725 0.327988 0.269654 1.04847 0.676602 1.03371 0.353006 0.615919 0.616022 1.13251 0.370768 0.605427 0.712626 1.05777 0.814948 0.988785 0.960018 0.315273 0.951621 0.358089 0.406974 0.958524 1.2169 1.00661 0.379743 0.864271 0.366077 0.0325443 0.562969 0.123214 0.449385 0.373454 0.447211 0.72497 0.934013 0.161077 0.320063 0.865083 0.179378 0.457304 0.401045 1.10898 0.222567 1.15512 0.378393 0.21202 0.768109 0.512278 0.546696 1.17296 0.991613 1.11591 1.05098 1.16664 1.06618 0.308318 1.11366 0.786364 0.889939 1.03807 0.861425 0.320883
0.29822 0.587035 0.91866 0.656737 0.610975 1.10668 0.493932 0.468055 1.0522 0.593014 1.07813 0.600655 0.149093 0.167055 0.370908 0.434519 1.01772 0.581979 1.07187 0.200547 0.624655 0.671053 0.981014 0.169001 0.335694 0.818888 1.06929 0.795238 0.872557 0.807217 0.272731 1.05718 0.247341 0.416502 0.934764 1.04762 1.01049 0.360036 0.759287 0.484269 0.0261721 0.280649 0.20809 0.588418 0.360107 0.374365 0.729787 1.02652 0.186171 0.511103 0.878706 0.320757 0.632076 0.431592 0.950717 0.18091 1.05625 0.296807 0.351843 0.847094 0.654035 0.587432 0.99955 0.870002 0.873845 0.927608 1.13809 1.11435 0.518737 0.99148 0.862054 0.618056 1.11446 0.849944 0.422573
0.513416 0.414855 1.14748 0.542345 0.343504 1.15502 0.543668 0.649554 1.18915 0.492807 1.07066 0.735567 0.424511 0.237847 0.514204 0.370266 1.0899 0.784309 1.07036 0.18515 0.736695 0.632903 1.19673 0.288948 0.618715 0.690611 1.08901 0.807013 1.00034 0.769669 0.292834 0.896189 0.355866 0.440279 0.903732 1.08223 0.94403 0.233701 0.739623 0.487253 0.136513 0.295577 0.107262 0.601161 0.41788 0.446658 0.67515 0.817995 0.146676 0.290366 0.859426 0.107507 0.437699 0.417472 1.12764 0.296128 1.0195 0.376362 0.311944 0.954996 0.671411 0.755774 0.985056 0.850369 1.09135 0.886701 1.10466 1.1068 0.587012 1.00934 1.02561 0.674724 1.14688 1.04182 0.475899
0.323116 0.323161 1.10836 0.714879 0.489093 0.909732 0.575731 0.724692 1.18986 0.591222 1.13244 0.674111 0.381203 0.352443 0.585307 0.262418 1.15703 0.673495 1.20098 0.160862 0.620091 0.549538 1.19192 0.248817 0.479474 0.737779 1.23081 0.848443 0.833792 0.825836 0.200978 0.825875 0.302559 0.32087 1.09325 1.18373 0.907567 0.273232 0.780156 0.541596 0.0542131 0.510708 0.200772 0.498197 0.467697 0.278326 0.903796 0.96029 0.171382 0.388504 0.818762 0.242872 0.679085 0.348695 1.11084 0.213798 1.28981 0.219993 0.355122 0.899018 0.631096 0.618763 1.16887 0.857681 1.1103 0.949758 1.13534 1.10099 0.409164 1.07104 0.906056 0.74225 1.04354 0.846455 0.48952
0.48566 0.349388 1.12505 0.58445 0.447419 0.922731 0.461013 0.672747 1.01924 0.44158 1.20649 0.613705 0.309221 0.381269 0.48507 0.370258 1.15838 0.72826 0.957847 0.321133 0.463044 0.619556 1.1793 0.215766 0.371358 0.759724 1.0666 1.04625 0.980999 0.926192 0.238836 0.970965 0.324621 0.445222 1.13737 1.00052 0.843845 0.22906 0.989899 0.437832 0.0710318 0.413228 0.385305 0.533724 0.498186 0.416575 0.810584 1.09097 0.254572 0.473734 0.884221 0.194538 0.657039 0.469223 1.03613 0.275768 1.01246 0.234007 0.115735 0.959254 0.654179 0.669258 1.13777 0.925659 0.928793 1.10275 1.25494 1.01643 0.477761 0.991225 0.761078 0.806153 1.03009 0.896271 0.433355
0.419901 0.343275 1.00271 0.583899 0.513522 1.09557 0.407296 0.667423 1.26313 0.535249 1.14426 0.703913 0.345477 0.2545 0.329258 0.258266 0.879779 0.607301 1.13678 0.268367 0.534571 0.705534 1.02705 0.215954 0.39802 0.774172 1.1219 0.825223 0.765114 0.973908 0.1626 1.09605 0.115546 0.531743 1.14996 1.20816 0.982691 0.256207 0.938431 0.487021 0.0486263 0.444928 0.245822 0.470268 0.45095 0.503247 0.803291 0.875363 0.26533 0.260943 0.84859 0.17259 0.700329 0.350151 0.884253 0.14957 1.11775 0.310144 0.257554 0.817874 0.7121 0.595336 0.982322 0.931516 1.10195 0.878338 1.27781 0.94973 0.482166 1.17595 0.862835 0.902311 0.965432 0.867991 0.296336
0.383486 0.36226 1.00705 0.76537 0.610253 1.02985 0.490997 0.650166 1.22751 0.556854 1.20597 0.526866 0.382594 0.374729 0.49714 0.434488 0.869633 0.60248 1.06044 0.372737 0.526241 0.705216 0.951471 0.364074 0.417332 0.712661 1.10273 0.854108 1.03671 0.981726 0.112687 0.978325 0.127286 0.491952 0.900208 1.19221 0.98087 0.216446 0.91771 0.35304 0.140731 0.437964 0.199693 0.460822 0.33888 0.315906 0.81878 1.00968 0.150126 0.336221 1.04445 0.340378 0.557103 0.408556 0.92096 0.0436191 1.01112 0.38184 0.242366 0.749407 0.723969 0.625249 1.09148 1.10531 0.980396 0.991968 1.08435 1.18032 0.314325 1.15593 0.952241 0.782447 1.00414 0.949491 0.281356
0.263828 0.586683 1.13576 0.723635 0.356695 1.02112 0.673994 0.62645 0.981204 0.482857 1.09805 0.566112 0.348475 0.174714 0.486969 0.54095 0.955606 0.517302 1.03682 0.312637 0.75662 0.635199 1.17093 0.264915 0.338197 0.721508 1.03157 0.792464 0.929308 0.783769 0.238402 0.830073 0.166971 0.537926 1.12682 0.989914 0.966422 0.341563 0.717618 0.539983 0.278743 0.482943 0.128018 0.497315 0.395859 0.253374 0.803216 1.08124 0.375311 0.297208 0.960604 0.275145 0.480533 0.374436 0.932394 0.133866 1.25579 0.263732 0.342458 0.772499 0.509642 0.60053 1.13716 0.890539 1.07738 1.09843 1.03269 1.15441 0.535794 1.12653 0.830548 0.727767 1.0229 1.01562 0.36061
