25 75
0.5698 1.03923 0.383946 1.03848 0.243089 0.241891 0.677411 0.138182 0.696859 0.586287 0.555002 0.366622 0.958259 1.05462 0.382805 0.75017 1.10749 0.148993 0.495477 1.03353 0.646959 0.480039 1.11768 0.902036 0.945629 0.784945 0.893539 0.685647 0.155107 1.04233 0.465534 0.992106 0.0626283 1.11574 0.513029 1.03714 0.64327 0.523744 1.2269 0.518441 0.512747 1.03107 0.0900906 1.28993 1.01638 0.865866 0.161693 0.154187 0.770561 0.467413 0.337248 0.849742 1.19055 0.832655 0.354885 0.778944 0.675561 1.18996 0.406834 0.344246 1.03964 1.06753 0.299156 0.993484 0.713132 0.10213 0.571423 1.00953 0.876429 0.0990633 1.08048 0.418757 1.19861 0.546587 0.512654
0.620604 1.14949 0.351237 1.13615 0.137745 0.425013 0.467556 0.274178 0.676944 0.752185 0.596628 0.456968 0.939481 1.01457 0.271499 0.807804 0.86556 0.322151 0.449556 1.19488 0.746629 0.447432 1.25957 0.845063 0.983538 0.557656 1.10727 0.519709 0.151678 0.878007 0.617201 1.04097 0.0220506 1.06007 0.692465 0.893989 0.793126 0.434991 0.987357 0.58213 0.493904 0.931743 0.0976281 1.27419 0.998963 0.992068 0.253139 0.155312 0.808425 0.57444 0.378496 0.573598 1.02161 0.779249 0.534445 1.00165 0.668034 1.19015 0.408859 0.373803 1.11023 1.05686 0.12355 1.01741 0.722761 0.0640806 0.675097 1.18368 0.965886 0.274306 1.01735 0.288938 1.19846 0.599074 0.419533
0.373156 1.05424 0.41034 1.00641 0.0808508 0.367196 0.730319 0.259834 0.70707 0.705298 0.505619 0.596953 1.02421 1.11159 0.441154 0.758738 1.13435 0.322628 0.31858 1.22041 0.52977 0.383479 1.10609 0.856755 0.986852 0.705561 0.978643 0.602261 0.249278 0.894981 0.689738 0.918038 0.249901 1.22001 0.681553 0.810067 0.500319 0.31668 1.0575 0.565413 0.471497 0.953422 0.309599 1.05304 0.858264 0.919965 0.190599 0.0952902 0.655952 0.411612 0.265537 0.735047 1.18475 0.653533 0.413253 0.953042 0.561856 1.16147 0.445348 0.372291 0.971957 1.09055 0.259782 1.06822 0.876959 0.208281 0.769883 1.09432 0.918647 0.182012 0.866118 0.334547 1.11086 0.515017 0.456862
0.586257 0.984863 0.291066 1.05101 0.211791 0.203493 0.592345 0.109837 0.657979 0.735307 0.424999 0.604257 1.12418 1.06107 0.379374 0.748542 1.00884 0.160003 0.344036 1.20137 0.736726 0.273071 1.0626 0.893881 0.966087 0.588664 1.13787 0.646203 0.0424207 1.00316 0.434902 1.1113 0.0481842 0.997774 0.6174 1.06504 0.76371 0.34444 0.960316 0.537473 0.489802 0.844926 0.269011 1.03731 0.973189 0.910776 0.346993 0.0228036 0.809566 0.404605 0.329386 0.610214 1.17821 0.60339 0.435906 0.763533 0.647931 1.11033 0.552446 0.456918 0.952903 0.938611 0.138332 1.06951 0.912668 0.0736043 0.741295 0.945027 0.844239 0.220446 0.940276 0.434778 1.12455 0.474124 0.268106
0.420263 1.07547 0.298101 1.07136 0.2728 0.204721 0.603764 0.257063 0.586693 0.563919 0.581182 0.490368 0.927644 1.01254 0.195633 0.84468 1.14242 0.265574 0.231301 1.07837 0.560008 0.443028 1.23428 0.886317 0.895429 0.54199 0.897711 0.406051 0.179636 0.957051 0.666486 1.01247 0.300511 1.19015 0.693072 0.943544 0.577803 0.422927 1.13488 0.591642 0.401781 1.04813 0.312233 1.25796 0.925023 0.838326 0.187683 0.232604 0.623416 0.39685 0.338956 0.757429 1.19967 0.651217 0.338594 0.934343 0.582933 1.22158 0.491261 0.342161 0.904712 0.831483 0.304116 1.04432 0.907499 0.32152 0.729043 1.15001 0.891517 0.321838 1.0561 0.324274 1.03352 0.354358 0.350414
0.510701 1.23488 0.440349 1.02505 0.184946 0.404868 0.539284 0.0853482 0.568308 0.569691 0.652637 0.578601 1.08147 1.01614 0.434301 1.03684 0.898975 0.40675 0.524666 1.00723 0.546338 0.330436 1.22042 1.0292 0.910547 0.726579 1.13969 0.686477 0.159143 0.858247 0.601483 0.897943 0.256381 1.15212 0.745061 0.931305 0.638493 0.293374 1.02283 0.672837 0.285843 0.829878 0.11641 1.09036 0.92547 0.991916 0.278138 0.204803 0.780596 0.510207 0.350057 0.588305 0.925068 0.758356 0.396418 0.90944 0.627253 1.17237 0.590003 0.518496 0.990793 0.889813 0.102999 0.986416 0.821237 0.0987817 0.770264 1.15864 0.829397 0.256453 0.919853 0.203364 1.01933 0.494458 0.516444
0.570169 0.971031 0.571818 1.15218 0.102707 0.181302 0.581592 0.341135 0.61469 0.662146 0.644965 0.458905 1.12044 0.889502 0.417796 0.890839 0.863301 0.250747 0.230411 1.08505 0.684873 0.408024 0.989962 0.883217 0.969343 0.780947 0.967409 0.490541 0.319702 0.903978 0.521491 1.07103 0.0317682 1.07875 0.519025 1.04443 0.71139 0.456967 1.19202 0.648783 0.459101 0.848559 0.346163 1.28168 0.839529 1.04235 0.146879 0.054014 0.825201 0.513832 0.379759 0.565495 0.990113 0.789393 0.414968 0.897248 0.547679 0.965293 0.355273 0.309538 0.901047 1.02246 0.260845 0.81195 0.896778 0.142782 0.652228 0.916074 0.772865 0.128233 1.09887 0.227857 1.01404 0.419577 0.417489
0.427642 1.10512 0.447404 1.18275 0.240249 0.355977 0.698223 0.324244 0.817949 0.830042 0.700652 0.364302 0.959803 0.90752 0.35666 0.940856 1.09676 0.308879 0.320877 1.27411 0.762561 0.443542 1.26568 0.740133 0.874751 0.550674 1.08405 0.630091 0.239258 0.833616 0.566386 1.09263 0.207649 0.962177 0.606709 0.870514 0.579906 0.423358 1.16293 0.595928 0.534455 0.878867 0.166781 1.17096 0.816549 0.935491 0.372642 0.0523658 0.807465 0.577483 0.442047 0.78082 1.15256 0.80552 0.360249 0.986767 0.601739 1.05059 0.557026 0.545404 1.0837 0.803736 0.161054 0.874986 0.815681 0.132671 0.616601 1.16931 0.73385 0.260031 0.884554 0.178432 1.25257 0.589078 0.520279
0.46761 1.19832 0.47207 1.05201 0.204302 0.213078 0.694365 0.343122 0.85001 0.758564 0.538275 0.631247 1.07936 1.00266 0.329569 0.936912 0.96929 0.160973 0.477948 1.27643 0.753436 0.381839 1.06333 1.01734 1.00538 0.654091 1.09454 0.694835 0.336458 0.921195 0.545349 1.12807 0.164083 1.11508 0.787245 1.0156 0.506078 0.372934 0.995543 0.613581 0.32001 0.835936 0.293985 1.22008 0.793985 1.02051 0.277637 0.275361 0.725065 0.368249 0.361172 0.797535 1.16912 0.594544 0.416156 0.921284 0.691434 1.1204 0.349558 0.312808 1.07574 0.946067 0.234757 0.995654 0.993186 0.3442 0.593307 1.00759 0.803408 0.0679862 0.962182 0.185976 1.22688 0.52635 0.554465
0.404953 1.24807 0.485987 1.246 0.287894 0.439554 0.500958 0.0817319 0.661586 0.646986 0.600993 0.625818 0.977081 0.824788 0.32575 0.767551 0.990092 0.330294 0.25755 1.19572 0.586213 0.258749 1.18341 0.83428 1.00353 0.643537 0.916225 0.421657 0.0889791 0.859253 0.573194 1.13704 0.0750521 1.22263 0.528959 0.871836 0.600612 0.544317 0.950269 0.536691 0.516459 1.07822 0.272303 1.23761 0.789371 0.811018 0.292267 0.124825 0.87726 0.481191 0.338812 0.778771 1.00785 0.614158 0.350056 0.911389 0.741792 1.16525 0.398215 0.5797 1.05104 0.889036 0.342335 0.891463 0.966752 0.221269 0.697115 0.985607 0.740904 0.112157 1.01797 0.31137 1.08765 0.474611 0.427476
0.64623 0.997079 0.568024 1.12144 0.123123 0.236133 0.556828 0.338053 0.599564 0.797914 0.514197 0.48563 1.15824 0.994869 0.297714 0.801661 1.12949 0.371206 0.499267 1.03513 0.629925 0.459478 1.17588 0.956942 1.01865 0.540875 0.903842 0.513351 0.159103 0.862221 0.680732 1.17902 0.113067 1.08097 0.614276 0.983521 0.554514 0.46484 1.19813 0.57175 0.46761 0.984602 0.272941 1.25915 0.787706 0.817291 0.234692 0.0994857 0.818928 0.358589 0.393718 0.672882 0.956902 0.642388 0.379647 0.782678 0.561435 0.973346 0.369968 0.314554 1.10615 0.910462 0.217821 0.992272 0.730339 0.320532 0.582626 1.05799 0.806039 0.177225 0.966432 0.229858 1.06811 0.528205 0.4608
0.613237 1.22099 0.478973 1.00865 0.295585 0.202285 0.7362 0.324227 0.775689 0.650558 0.621142 0.487118 1.03962 1.0599 0.379503 0.956199 0.946262 0.193179 0.395022 1.1184 0.623472 0.300511 0.997626 0.920272 0.811627 0.762777 0.997989 0.556807 0.0888884 0.913355 0.659685 1.17389 0.0213876 1.00585 0.58704 1.06507 0.757068 0.402324 1.18378 0.783562 0.360041 0.86768 0.193378 1.20439 0.930743 0.821374 0.151223 0.0544162 0.902985 0.557697 0.309624 0.573379 0.909513 0.890833 0.623026 0.893178 0.630473 1.00634 0.531416 0.511597 1.15005 0.977094 0.189187 0.796776 0.944231 0.336331 0.83231 1.06194 0.783028 0.202391 0.926529 0.2845 1.10241 0.55292 0.29275
0.491738 1.24558 0.495486 1.21899 0.300211 0.463988 0.501875 0.291606 0.63592 0.743219 0.657903 0.613241 0.985306 0.946279 0.390574 1.02337 0.916935 0.335003 0.36545 1.1442 0.60116 0.529083 1.19952 0.857411 1.03359 0.635657 0.877378 0.57123 0.100303 1.11145 0.71835 0.935216 0.120185 1.23245 0.610078 1.03642 0.671837 0.311931 1.06838 0.662118 0.364557 1.06681 0.117749 1.02084 0.843191 0.969062 0.188525 0.095562 0.820475 0.505226 0.378548 0.738252 1.15056 0.822042 0.618473 0.807758 0.559358 1.0442 0.578412 0.39831 0.868443 1.00441 0.155688 0.812798 0.835085 0.231694 0.774392 1.03079 0.861398 0.176362 0.811447 0.381221 1.01084 0.556467 0.54955
0.383034 1.03273 0.417204 1.21201 0.338955 0.220014 0.651265 0.127851 0.598596 0.569616 0.425982 0.471626 1.01942 0.919135 0.435069 0.97008 1.07621 0.436565 0.397401 1.10048 0.744808 0.452886 1.2225 0.890903 0.904906 0.826176 1.09739 0.579196 0.153153 1.04075 0.556844 0.981617 0.20962 1.00007 0.653386 0.876602 0.690208 0.379416 1.04748 0.676102 0.443968 0.919715 0.0819621 1.17438 0.889524 0.92973 0.124763 0.289051 0.735281 0.416628 0.331986 0.828675 1.04024 0.799003 0.392824 1.00161 0.819701 1.222 0.605812 0.322825 0.966327 1.05744 0.16956 0.811898 0.890286 0.289998 0.658084 1.12452 0.75496 0.3539 1.05181 0.17486 1.11566 0.419583 0.501516
0.633789 1.13376 0.427627 1.03192 0.0911059 0.18432 0.672842 0.0773471 0.765132 0.742792 0.613237 0.470655 1.05382 0.98032 0.443837 0.760015 0.882898 0.298825 0.380881 1.12234 0.635039 0.515085 1.12522 0.995693 1.08281 0.574988 1.15548 0.584282 0.268912 1.01878 0.525439 1.03498 0.0907698 1.23348 0.666615 1.00954 0.612735 0.466367 0.983025 0.599908 0.383381 0.982999 0.282102 1.06761 0.963886 0.959588 0.292171 0.251645 0.747928 0.560294 0.517799 0.701363 1.15873 0.691847 0.470504 0.928216 0.808125 1.18604 0.416116 0.384555 0.952346 1.02708 0.170337 1.05166 0.925979 0.166474 0.687934 0.893649 0.741922 0.281277 1.00127 0.408715 1.01012 0.552907 0.351679
0.631916 1.14505 0.491037 0.986702 0.205542 0.397536 0.600114 0.308345 0.750057 0.812624 0.71991 0.561018 0.955232 0.816983 0.192944 0.971508 1.12465 0.346763 0.303038 1.11395 0.551008 0.327527 1.02665 0.824985 1.00023 0.543706 1.14219 0.692983 0.148848 1.07289 0.682147 1.1095 0.289816 1.11244 0.771453 0.893556 0.731457 0.377851 1.09746 0.575416 0.337817 0.783904 0.132819 1.16137 0.858595 0.835223 0.245071 0.134833 0.775139 0.47563 0.471044 0.850663 1.00049 0.749697 0.437766 0.884161 0.752599 1.21515 0.466358 0.443514 0.989225 0.807956 0.356918 0.935911 0.776166 0.168486 0.777545 0.928175 0.797315 0.11758 0.892138 0.430277 1.06028 0.396708 0.354736
0.49527 1.06894 0.334436 1.08264 0.124226 0.193783 0.552286 0.23091 0.602883 0.654706 0.506179 0.380411 1.03314 1.07804 0.339992 0.948186 1.01931 0.252081 0.244962 1.17275 0.806581 0.406583 1.14643 0.879957 0.935129 0.573163 0.994534 0.676082 0.212484 0.935738 0.517264 0.89861 0.20318 1.12179 0.741582 0.788301 0.613305 0.562227 1.16783 0.665297 0.471495 0.8428 0.269412 1.03189 0.770124 0.983563 0.359354 0.0707114 0.826262 0.597317 0.410498 0.8207 1.16431 0.642182 0.532431 0.820078 0.72712 1.08746 0.470876 0.33729 0.931548 0.865494 0.213897 0.971544 0.942238 0.281249 0.660063 1.02499 0.923969 0.191719 1.09023 0.36244 0.983489 0.349287 0.358567
0.435941 1.17349 0.371621 1.15658 0.333599 0.31307 0.741442 0.341312 0.771142 0.713772 0.561674 0.593139 1.10404 1.02779 0.424789 0.919103 0.856521 0.387695 0.418213 1.01635 0.742162 0.384731 1.08388 0.929882 0.885558 0.598395 0.874122 0.414399 0.260045 0.963283 0.457774 1.03431 0.295798 1.02365 0.788466 0.849884 0.732873 0.560267 0.937146 0.761593 0.338776 1.07686 0.162382 1.13435 0.976664 0.845914 0.136745 0.177442 0.750197 0.338047 0.539909 0.647913 1.13444 0.807056 0.418457 1.00474 0.540289 1.00279 0.468182 0.405316 0.938762 1.00887 0.380315 0.867298 0.851139 0.103978 0.788641 0.990366 0.940636 0.102919 0.981305 0.342423 1.04875 0.476313 0.514782
0.480491 1.13283 0.356064 0.991983 0.279453 0.35347 0.657508 0.12209 0.759206 0.588846 0.718851 0.493564 1.03998 0.859468 0.284667 0.934794 1.03961 0.337802 0.434844 1.2741 0.607313 0.3908 1.08897 0.857717 1.0436 0.725973 0.949767 0.421764 0.243463 1.03945 0.437528 1.16849 0.117172 1.03501 0.746804 1.06397 0.653216 0.317453 1.19738 0.651018 0.282815 0.917656 0.106522 1.12286 1.0061 1.02941 0.197586 0.163379 0.723339 0.3376 0.331621 0.580532 1.06744 0.762239 0.545328 0.807888 0.772276 1.23561 0.370564 0.556438 1.02649 0.97549 0.159055 0.937922 0.992884 0.176431 0.69255 0.95673 0.715386 0.105776 0.931633 0.432812 1.26443 0.384433 0.277662
0.631451 1.0115 0.406891 1.05922 0.236853 0.354198 0.710772 0.253104 0.772733 0.552273 0.490522 0.575318 0.932777 1.00233 0.419386 0.765772 0.877931 0.169481 0.268146 1.09137 0.685295 0.389876 1.23064 0.760269 0.973245 0.698747 1.03163 0.523082 0.216383 0.894625 0.43281 0.960348 0.0499123 1.037 0.534839 0.901145 0.711419 0.470558 1.14006 0.765058 0.380454 0.788273 0.26048 1.273 0.891818 0.965238 0.203602 0.175568 0.674212 0.474202 0.51653 0.764228 0.912459 0.817582 0.609217 0.757939 0.618973 1.04631 0.367509 0.516529 0.936902 0.939559 0.274188 0.905314 0.717672 0.267138 0.847507 0.952768 0.757737 0.193448 0.895244 0.432001 1.13743 0.358637 0.478953
0.576679 0.958699 0.330385 0.991455 0.295447 0.463728 0.672186 0.0918455 0.610115 0.705629 0.53274 0.642259 1.15165 1.03205 0.369491 0.830977 0.942367 0.433455 0.359134 1.15643 0.744392 0.449345 1.21801 0.826865 0.894503 0.708646 1.03623 0.409104 0.137937 0.995183 0.631433 0.938132 0.190134 0.985446 0.531721 1.00927 0.544323 0.496636 1.1258 0.641454 0.40086 1.05243 0.111286 1.22087 0.931025 0.991865 0.260814 0.150478 0.690181 0.614246 0.373309 0.569039 1.11998 0.873495 0.501919 0.850952 0.810332 1.02547 0.584576 0.57254 1.11505 1.05471 0.268278 0.792299 0.931491 0.122181 0.839694 0.996091 0.858297 0.0829099 0.959198 0.259623 1.11229 0.430469 0.444929
0.523454 1.00307 0.49757 1.16137 0.223942 0.241008 0.632732 0.335424 0.698333 0.792112 0.613669 0.420082 1.03289 0.845578 0.219897 0.747283 0.858979 0.188097 0.288185 1.11116 0.613234 0.306747 1.1664 0.928955 0.936792 0.575022 1.07914 0.691044 0.101636 1.01002 0.503329 0.931166 0.0768086 1.12808 0.735436 0.799618 0.647514 0.397064 1.08577 0.549336 0.357907 0.784824 0.204684 1.26549 1.03724 1.03002 0.19754 0.201214 0.824307 0.533645 0.364628 0.715256 1.16635 0.845518 0.496169 0.917949 0.545004 1.01723 0.436929 0.466926 1.0698 0.981812 0.106978 1.00941 0.822925 0.337014 0.736323 1.04623 0.823929 0.223022 0.828548 0.455467 1.25657 0.392036 0.500098
0.513662 1.23817 0.4355 1.01576 0.313706 0.24304 0.600045 0.330434 0.740998 0.778033 0.604996 0.377883 1.03919 0.972465 0.332517 0.844853 0.987676 0.399099 0.258867 0.986739 0.725602 0.498359 1.1231 0.821109 0.906912 0.611724 1.15885 0.491951 0.334222 0.89787 0.687843 0.998612 0.231129 1.14038 0.650244 0.920075 0.697988 0.351297 0.990495 0.702827 0.512676 0.887285 0.272461 1.23976 1.02924 1.044 0.229365 0.302225 0.665268 0.533324 0.279912 0.634986 0.98485 0.659421 0.423974 0.959758 0.735634 1.12222 0.357872 0.484256 0.955411 0.908056 0.297628 0.821472 0.903115 0.218994 0.64525 1.12488 0.775405 0.109753 0.911906 0.294645 1.19536 0.33664 0.347472
0.636237 1.25306 0.502444 1.03549 0.232658 0.385693 0.597735 0.149729 0.841957 0.796203 0.661108 0.485613 0.981923 0.854485 0.407743 0.74778 0.977603 0.227106 0.312847 1.1469 0.741351 0.312898 1.09 0.83687 0.785213 0.806777 1.09323 0.417611 0.332148 1.09753 0.486406 1.17762 0.130377 1.09577 0.670209 0.778548 0.730169 0.426159 1.15385 0.602977 0.249679 0.983751 0.098256 1.2681 0.816802 0.926644 0.245119 0.0978726 0.74475 0.411731 0.313804 0.646054 1.12 0.731936 0.50349 0.895188 0.818927 0.975723 0.577134 0.519199 1.14577 0.829532 0.137022 0.989144 0.739333 0.0700722 0.587349 1.13382 0.829628 0.248941 0.861979 0.252768 1.25668 0.314453 0.419269
0.65368 1.07957 0.353782 1.12984 0.21915 0.430202 0.58849 0.225481 0.687108 0.796055 0.445916 0.487028 0.93883 1.10955 0.310717 1.0322 1.04671 0.42554 0.470232 1.26014 0.516242 0.279565 1.17916 0.811574 0.984473 0.59941 0.961217 0.494629 0.248474 0.971088 0.502322 0.908047 0.0492449 1.11476 0.577909 0.911451 0.665094 0.469963 1.01677 0.674701 0.28738 1.07826 0.330321 1.23162 1.05234 0.96682 0.333861 0.235326 0.830034 0.356231 0.350044 0.586533 0.936023 0.828385 0.536313 0.842988 0.786766 0.953181 0.312693 0.441198 1.06851 0.916634 0.098267 1.08037 0.852888 0.31738 0.7646 0.96988 0.772369 0.246019 0.899151 0.179275 1.20165 0.432526 0.505646
