25 75
0.941044 0.660562 0.976435 0.882467 0.699164 0.883458 0.776735 0.592299 0.704628 0.413403 1.07329 0.521311 0.18424 0.86416 0.543934 0.211983 0.557374 0.762952 0.799383 0.30998 0.580793 0.976531 0.698994 1.28662 0.454897 0.777675 0.926741 0.32053 0.572167 0.508878 0.336819 0.840175 0.360822 0.226473 0.268217 0.585169 0.493115 0.768616 0.81697 0.813351 0.593898 0.779271 0.319928 1.12274 0.971113 0.734448 1.00916 0.928712 0.352238 0.412618 0.0199486 0.679786 0.278657 1.13214 0.391176 0.338914 0.737047 1.00066 0.606015 0.490712 0.176015 1.0329 0.451354 0.715279 0.780277 0.816111 0.596612 0.842443 1.07541 0.42563 0.664199 0.992776 0.210397 0.434779 0.316702
0.997745 0.535753 0.797837 0.891683 0.706776 1.0949 0.89279 0.58219 0.755968 0.363865 1.23636 0.239984 0.204215 0.842809 0.432303 0.404454 0.757135 0.751996 0.881409 0.160287 0.667154 0.77048 0.543212 1.17673 0.375526 0.776906 0.884195 0.163057 0.517358 0.405951 0.261814 0.890828 0.342432 0.149981 0.472546 0.711451 0.292824 0.893138 0.730385 0.740438 0.746119 0.802062 0.219742 1.13788 1.04723 0.690397 1.0359 0.985688 0.281122 0.541716 0.268944 0.52956 0.0988296 0.935224 0.221204 0.17051 0.540482 1.13844 0.746056 0.206828 0.086259 1.09756 0.430921 0.662398 0.953281 0.663293 0.722888 0.85841 1.18079 0.398035 0.535321 1.12468 0.233241 0.229593 0.395757
0.811134 0.4695 0.962343 1.03045 0.66112 1.05876 0.633493 0.629437 0.716517 0.381393 1.02944 0.46537 0.407853 0.926455 0.462422 0.383862 0.624719 0.578191 0.950062 0.356006 0.668637 0.756349 0.611348 1.05644 0.41778 0.717483 0.837684 0.331155 0.49431 0.564808 0.254829 0.796236 0.467222 0.362534 0.191049 0.630165 0.403277 0.608693 0.61688 0.609079 0.614372 0.68917 0.300037 1.00286 1.0104 0.704681 1.17177 0.750446 0.32146 0.588712 0.0246357 0.575738 0.13582 0.853721 0.442654 0.36471 0.613134 1.15124 0.8393 0.261595 0.0751293 0.870624 0.463365 0.555031 0.963478 0.631404 0.717794 0.779371 0.947382 0.381377 0.774953 1.15895 0.403627 0.164426 0.175219
1.06928 0.705624 0.896941 1.08104 0.724664 0.990128 0.751711 0.684742 0.773794 0.255946 0.978158 0.508835 0.433098 0.90717 0.42967 0.234785 0.709524 0.750915 0.680628 0.200961 0.73342 0.904748 0.70936 1.15548 0.311001 0.914583 0.820842 0.305949 0.583922 0.531919 0.309523 0.897245 0.290393 0.359335 0.367214 0.527593 0.469022 0.814042 0.640118 0.637618 0.571065 0.885435 0.329893 1.19371 0.95351 0.786186 0.9603 0.726432 0.321431 0.334908 0.19949 0.591855 0.0870885 1.01643 0.430702 0.11632 0.713453 1.03368 0.599591 0.259148 0.150566 0.877859 0.341256 0.645845 0.692219 0.713306 0.572707 0.901547 0.928677 0.294145 0.529335 1.06322 0.486507 0.298648 0.326342
1.00517 0.47565 0.956929 1.06956 0.694686 0.874778 0.793324 0.78467 0.715593 0.423617 1.13301 0.52959 0.273221 0.900448 0.456964 0.289402 0.52201 0.837841 0.931851 0.203682 0.749683 0.709071 0.730254 1.09821 0.302683 0.714503 0.996254 0.384788 0.414408 0.580976 0.400486 0.768257 0.339274 0.331474 0.281321 0.728824 0.562831 0.817358 0.639277 0.82096 0.686549 0.772147 0.0637432 1.2481 1.00797 0.914304 1.20213 0.842444 0.384351 0.479939 0.21223 0.598139 0.262018 1.14181 0.27517 0.405163 0.731322 1.07275 0.769903 0.264177 0.150381 1.0227 0.429564 0.572888 0.811327 0.573682 0.776066 0.941415 1.13174 0.368868 0.635544 1.08418 0.207801 0.350649 0.245619
0.926302 0.593374 1.01467 0.911404 0.533163 1.00181 0.848918 0.830064 0.822735 0.227783 1.21729 0.371528 0.301615 0.861556 0.502748 0.358813 0.510801 0.575784 0.730601 0.194572 0.525658 0.772066 0.713446 1.19532 0.512096 0.693878 0.903986 0.149301 0.513984 0.446474 0.241709 0.957645 0.467166 0.219388 0.415125 0.597224 0.421177 0.686439 0.768686 0.819695 0.718558 0.610236 0.196085 1.19515 0.933551 0.71154 1.09046 0.894201 0.272073 0.300371 0.0608949 0.500784 0.0966062 1.11886 0.266196 0.120201 0.48578 1.13566 0.77324 0.324075 0.215097 1.0157 0.402952 0.748157 0.951344 0.607606 0.739497 0.668462 1.03556 0.486558 0.528243 1.00351 0.214696 0.233994 0.176143
0.975427 0.724329 0.990106 0.990011 0.565643 0.837665 0.787095 0.866076 0.908477 0.396495 1.12941 0.317746 0.236778 1.00411 0.594396 0.280448 0.52668 0.829887 0.796472 0.202359 0.647959 0.741843 0.773901 1.17449 0.304989 0.831756 0.897128 0.128784 0.618421 0.596012 0.157431 0.983007 0.287083 0.259357 0.359301 0.699481 0.348908 0.702689 0.711304 0.748985 0.61075 0.719939 0.228865 0.974497 0.844217 0.910614 1.17847 0.708454 0.439729 0.364642 0.0283399 0.475875 0.218521 1.01231 0.328277 0.235589 0.542259 1.05596 0.59881 0.473555 0.0925883 0.953079 0.526887 0.744837 0.95852 0.599841 0.732546 0.942238 0.997814 0.26593 0.664878 1.24804 0.48378 0.233555 0.269748
1.0063 0.482851 0.864765 1.10591 0.584259 0.884761 0.627199 0.846627 0.899838 0.401133 1.01508 0.437344 0.377208 0.931147 0.360577 0.339174 0.496283 0.719541 0.806626 0.336885 0.698651 0.975167 0.801188 1.00818 0.454747 0.751762 0.94764 0.263896 0.415306 0.568435 0.359195 0.986683 0.214837 0.328991 0.368461 0.443404 0.49853 0.872671 0.613173 0.722008 0.591486 0.646964 0.293812 1.14194 0.992516 0.783993 1.05839 0.958444 0.333714 0.395009 0.269912 0.69122 0.100336 0.930988 0.294214 0.275335 0.665652 0.941092 0.852289 0.210681 0.0538137 1.00322 0.418888 0.619979 0.765522 0.677823 0.831836 0.711044 0.952131 0.309117 0.679235 1.00349 0.365138 0.174479 0.395419
0.953072 0.570515 0.824395 0.952102 0.665095 0.866655 0.761944 0.861806 0.885038 0.388141 1.22938 0.278977 0.22015 0.797435 0.451661 0.259282 0.637401 0.735385 0.77064 0.135967 0.548821 0.894529 0.810298 1.12666 0.42094 0.851925 0.827565 0.154861 0.593585 0.36846 0.338301 0.823619 0.30769 0.221826 0.302198 0.57252 0.485274 0.80471 0.749435 0.851081 0.73247 0.842905 0.341749 1.23147 1.05147 0.798339 0.985118 0.76538 0.412003 0.525348 0.23509 0.575496 0.311521 0.950836 0.380092 0.201058 0.528268 1.11854 0.706573 0.281948 0.201705 1.08608 0.464505 0.753428 0.682657 0.743304 0.740051 0.86651 0.906163 0.48979 0.546987 1.12935 0.456732 0.293572 0.402144
1.04192 0.47793 0.863157 0.959346 0.510232 1.01074 0.880605 0.654066 0.954533 0.323897 1.1343 0.347012 0.376595 0.813152 0.605 0.20219 0.627221 0.568933 0.806909 0.317067 0.720749 0.850917 0.558184 1.07132 0.321326 0.794656 0.868539 0.214235 0.392835 0.357769 0.155966 0.876017 0.213947 0.335134 0.254027 0.457533 0.457754 0.736941 0.780138 0.836858 0.810742 0.633696 0.197194 0.977882 0.915766 0.947362 1.22963 0.860669 0.470393 0.550501 0.186998 0.521527 0.280543 0.951395 0.441491 0.220767 0.460939 0.930625 0.713788 0.271112 0.0929971 1.08598 0.384343 0.77771 0.854491 0.840665 0.605506 0.861234 1.02178 0.436774 0.785093 1.04651 0.318853 0.410722 0.204529
0.972361 0.622218 0.857684 1.08836 0.639974 1.02493 0.616453 0.638005 0.732628 0.276004 1.20308 0.287464 0.339929 0.935011 0.461748 0.246997 0.755672 0.754145 0.884992 0.25763 0.755462 0.935946 0.56883 1.04025 0.483259 0.918265 0.864372 0.165805 0.499521 0.491094 0.167548 0.948724 0.418763 0.29028 0.417695 0.540483 0.361705 0.674681 0.701898 0.712859 0.769329 0.725651 0.214104 0.967685 1.09233 0.694545 0.983979 0.700019 0.278272 0.581059 0.284586 0.529843 0.269242 0.994888 0.326037 0.269503 0.72348 1.0215 0.838017 0.392871 0.15248 1.04903 0.415923 0.727501 0.970814 0.616017 0.679083 0.759485 0.929759 0.284286 0.531782 1.21828 0.210912 0.181772 0.128816
1.06227 0.605091 0.926201 0.902858 0.589046 0.833261 0.684953 0.843349 0.934897 0.214709 1.26334 0.425534 0.172845 1.01379 0.564902 0.326995 0.612349 0.636133 0.888388 0.350213 0.728159 0.920484 0.715641 1.19023 0.41831 0.819959 0.879349 0.277357 0.538461 0.497109 0.16873 0.749486 0.37782 0.226937 0.324024 0.666028 0.317037 0.854742 0.58474 0.690695 0.71294 0.797297 0.0612692 1.20511 1.09877 0.74774 1.21944 0.746369 0.390286 0.397549 0.287792 0.667676 0.181563 1.13929 0.398484 0.398573 0.446141 0.99123 0.694624 0.4026 0.184491 1.11082 0.612669 0.714647 0.908622 0.728544 0.83456 0.663405 1.07879 0.309229 0.738731 1.02843 0.417809 0.183784 0.252751
0.947248 0.529272 0.984915 1.00405 0.666798 1.06346 0.634609 0.587793 0.890295 0.32993 1.2105 0.486201 0.34921 1.07892 0.456597 0.266424 0.735798 0.702592 0.679934 0.332209 0.71206 0.940736 0.776198 1.09404 0.557412 0.840949 0.727507 0.111095 0.402948 0.621285 0.372199 0.762563 0.467045 0.178863 0.201639 0.709326 0.389376 0.669878 0.689533 0.694759 0.658637 0.639621 0.174293 1.25198 0.848055 0.699601 0.942576 0.75602 0.355658 0.563171 0.251985 0.464641 0.212558 0.929933 0.365812 0.317837 0.654358 1.04164 0.795067 0.309305 0.0444469 0.880518 0.601693 0.544306 0.925823 0.671899 0.683046 0.829461 1.02073 0.250489 0.626501 1.25534 0.456865 0.180144 0.28916
1.06383 0.59144 0.961262 0.970886 0.582153 0.86977 0.644826 0.821424 0.843134 0.312811 1.17875 0.393832 0.360654 0.875653 0.50287 0.152455 0.759593 0.764874 0.9018 0.175806 0.550674 0.765813 0.703581 1.03884 0.526062 0.903856 0.897661 0.0942634 0.460595 0.440045 0.379751 0.829722 0.418837 0.267505 0.444237 0.647429 0.50309 0.750284 0.742015 0.737145 0.819582 0.698394 0.315122 1.06825 0.962422 0.807979 1.06919 0.904674 0.454717 0.32867 0.16131 0.623708 0.171831 1.09135 0.19354 0.309154 0.732618 1.05851 0.835088 0.329563 0.16042 1.10944 0.481384 0.514896 0.79276 0.698962 0.571067 0.802059 1.17228 0.532375 0.753598 1.20167 0.320319 0.242975 0.302802
1.02636 0.499296 1.0119 1.07282 0.743693 1.10021 0.651501 0.594209 0.771745 0.206865 1.21938 0.380827 0.270371 0.877926 0.399502 0.410338 0.630754 0.577068 0.924122 0.166797 0.724268 0.934782 0.799191 1.08665 0.414833 0.922332 0.726812 0.218702 0.460447 0.441094 0.334287 0.760292 0.332333 0.19254 0.356228 0.518284 0.471941 0.615764 0.554228 0.726899 0.631845 0.678014 0.0860651 1.15734 1.02607 0.777149 0.946262 0.767379 0.20395 0.463836 0.155146 0.727313 0.208484 0.986617 0.219756 0.411359 0.665235 1.09779 0.725894 0.326616 0.0171788 0.97557 0.350143 0.754696 0.888499 0.655596 0.705729 0.808557 0.908455 0.428878 0.714344 1.21043 0.382504 0.13737 0.135844
1.02615 0.505379 0.960422 1.09043 0.472485 0.979164 0.894176 0.605333 0.892814 0.33618 1.07666 0.518126 0.233974 0.949272 0.430299 0.27082 0.48675 0.634044 0.726059 0.351977 0.744159 0.917705 0.836732 1.04416 0.482222 0.841213 0.845207 0.215904 0.442106 0.465397 0.291418 0.910238 0.363794 0.39135 0.358151 0.704186 0.561677 0.702225 0.73888 0.812907 0.670419 0.684089 0.226813 1.20742 0.870844 0.984801 1.00334 0.906524 0.215469 0.497688 0.117599 0.607081 0.245973 1.14592 0.436744 0.321159 0.712511 1.11858 0.85308 0.339232 0.305102 0.984854 0.595136 0.560653 0.719046 0.584327 0.800956 0.761006 1.19484 0.493731 0.548332 1.18502 0.358298 0.179102 0.352728
1.00358 0.66601 0.902091 1.00502 0.480312 0.973539 0.901908 0.731223 0.859152 0.176144 1.14265 0.446791 0.215881 0.799679 0.363605 0.200001 0.606404 0.612857 0.757311 0.357202 0.614486 0.830346 0.595241 1.25729 0.395046 0.863842 0.740984 0.328986 0.52256 0.494767 0.148643 0.746589 0.388717 0.199271 0.375366 0.653021 0.406607 0.775088 0.684384 0.7582 0.727283 0.673544 0.086291 1.18107 0.964015 0.967099 1.11775 0.852714 0.254323 0.563984 0.127949 0.454907 0.107181 0.894958 0.341073 0.321653 0.604408 1.00449 0.660909 0.478407 0.133253 0.923715 0.591219 0.59676 0.700023 0.783088 0.630731 0.745796 1.0169 0.348234 0.700155 1.19865 0.2989 0.280969 0.354638
0.932938 0.457358 0.851611 0.963606 0.603988 1.0821 0.706172 0.701465 0.926299 0.40331 1.14328 0.481631 0.292743 0.844279 0.582052 0.278106 0.701676 0.78431 0.830157 0.313006 0.60925 0.737302 0.815794 1.24633 0.432523 0.706655 0.960598 0.178364 0.52807 0.561779 0.290831 0.903284 0.422116 0.249586 0.29032 0.561388 0.478691 0.700298 0.73007 0.665602 0.846576 0.869135 0.253612 1.16547 0.987261 0.920435 1.22091 0.720086 0.346379 0.438553 0.126066 0.642625 0.249532 1.0356 0.177815 0.275167 0.631775 0.920632 0.637242 0.240857 0.168948 0.942535 0.381163 0.624416 0.960309 0.781815 0.620318 0.734474 0.929553 0.26957 0.679678 1.13139 0.391185 0.36819 0.29449
1.06047 0.726706 0.928113 0.907652 0.558392 0.951974 0.878931 0.823126 0.84704 0.175372 1.13648 0.280082 0.348751 0.913718 0.588527 0.338997 0.66463 0.829931 0.916506 0.153531 0.577816 0.814432 0.82312 1.15479 0.4038 0.839453 0.871517 0.23061 0.460128 0.37684 0.200687 0.761634 0.352622 0.16367 0.211848 0.707323 0.431885 0.66039 0.728955 0.780862 0.850259 0.607183 0.294996 1.06002 1.11917 0.71637 1.0768 0.850971 0.434549 0.343799 0.191602 0.587455 0.225401 0.917637 0.21812 0.30728 0.474474 0.912671 0.620066 0.414232 0.112039 0.924052 0.406616 0.497651 0.961904 0.604787 0.691019 0.734567 1.13577 0.34782 0.623201 1.13599 0.441814 0.158019 0.127888
0.926708 0.643799 0.782546 0.926239 0.540599 0.998681 0.884754 0.804075 0.676125 0.425007 1.17874 0.517529 0.379959 0.800868 0.46668 0.242865 0.654155 0.573607 0.927076 0.115998 0.617886 0.972629 0.812812 1.17025 0.347242 0.695891 0.784695 0.291556 0.388046 0.462953 0.440159 0.826915 0.294873 0.182559 0.225623 0.651592 0.545321 0.814511 0.642067 0.639553 0.846728 0.60794 0.0780124 1.0154 1.04462 0.837831 1.06707 0.760807 0.271564 0.432778 0.0858474 0.53243 0.204645 1.09517 0.445102 0.22799 0.460917 0.969473 0.651725 0.281301 0.168608 0.882613 0.610963 0.713598 0.849901 0.654334 0.6925 0.912233 1.03215 0.460857 0.707056 0.973317 0.383801 0.236274 0.399111
0.833052 0.569875 0.842166 1.14382 0.761353 0.8125 0.664585 0.87745 0.837519 0.196571 1.26016 0.405923 0.366221 1.05054 0.475066 0.357579 0.556614 0.771222 0.878291 0.127077 0.551976 0.730131 0.76782 1.12184 0.426563 0.663037 0.807678 0.143377 0.585635 0.644066 0.299664 1.0115 0.454111 0.180604 0.475128 0.522287 0.55403 0.818902 0.721914 0.669715 0.670222 0.80914 0.295004 1.18769 0.962895 0.801257 1.07624 0.903527 0.324974 0.336981 0.120534 0.751576 0.287222 0.95913 0.299008 0.216573 0.645585 0.960353 0.583462 0.466223 0.067017 1.09738 0.453407 0.54923 0.800518 0.691541 0.677867 0.912664 0.959453 0.50453 0.753297 1.11876 0.254326 0.267827 0.130089
0.848064 0.499283 0.819607 0.885377 0.738716 0.930569 0.720534 0.849679 0.964128 0.204813 1.15478 0.396004 0.401568 0.834129 0.547996 0.205784 0.577227 0.730375 0.870167 0.267909 0.578071 0.8813 0.716508 1.11666 0.441073 0.876155 0.788787 0.314674 0.610502 0.40439 0.351354 0.748318 0.485438 0.353748 0.410148 0.430593 0.452622 0.803231 0.846049 0.592454 0.736855 0.690327 0.252967 1.00529 1.00734 0.899399 1.03321 0.746044 0.191312 0.462187 0.128978 0.564435 0.247262 1.05795 0.23491 0.291919 0.624224 0.900039 0.879434 0.282526 0.0847663 0.998041 0.469217 0.724164 0.744751 0.709057 0.586657 0.946323 1.04983 0.350728 0.646298 1.14706 0.199075 0.384419 0.173488
1.06518 0.63394 0.994212 0.950963 0.621706 1.06372 0.69662 0.648824 0.689484 0.24544 1.06828 0.334783 0.342695 0.945003 0.639483 0.282437 0.47988 0.793476 0.664193 0.337229 0.619778 0.748528 0.813163 1.23602 0.45808 0.769972 0.879745 0.204125 0.593277 0.363831 0.175542 0.928832 0.212386 0.28425 0.398059 0.581439 0.476577 0.857627 0.628693 0.760401 0.618819 0.722187 0.0539982 1.18426 0.90081 0.732549 1.22769 0.858162 0.29085 0.479846 0.234181 0.522822 0.0629251 1.09238 0.196302 0.236556 0.542357 1.14868 0.666148 0.480322 0.203398 0.934125 0.611404 0.586277 0.799161 0.64799 0.590651 0.839295 1.19161 0.4029 0.569515 1.21788 0.467021 0.203116 0.296289
0.822683 0.552587 0.913037 0.923419 0.534584 0.885935 0.622686 0.593798 0.937833 0.32849 1.15655 0.288777 0.316763 1.04747 0.617421 0.362865 0.645438 0.713384 0.898795 0.317532 0.727451 0.727446 0.685393 1.03243 0.345426 0.697936 0.996567 0.264545 0.542331 0.506199 0.192861 0.871956 0.391156 0.216484 0.34656 0.56342 0.466356 0.838276 0.582557 0.655107 0.63656 0.805408 0.339568 1.19945 1.06487 0.928257 1.04773 0.951351 0.33074 0.348788 0.253221 0.708457 0.151063 1.11432 0.174368 0.163586 0.500891 1.06457 0.880357 0.436992 0.158284 1.03101 0.603772 0.711946 0.816865 0.657973 0.743716 0.941428 1.03564 0.451688 0.71474 1.16472 0.293143 0.274218 0.266656
0.974684 0.542036 1.059 1.09364 0.562915 0.966025 0.730045 0.723326 0.749234 0.425863 1.09523 0.407202 0.315456 1.04751 0.367509 0.291059 0.749201 0.689427 0.953605 0.400747 0.655418 0.886131 0.669003 1.18287 0.310356 0.702968 0.94837 0.104147 0.520832 0.414885 0.210103 1.02855 0.389397 0.209073 0.370522 0.570269 0.479706 0.841568 0.718269 0.786457 0.758941 0.839724 0.171452 1.24742 0.934406 0.714848 1.07861 0.89127 0.357023 0.403093 0.250889 0.702526 0.0325749 1.13139 0.302305 0.31365 0.727382 1.14539 0.840605 0.35157 0.0657867 0.866395 0.587383 0.591223 0.953164 0.632319 0.539562 0.875824 1.10386 0.445044 0.622645 1.05942 0.341343 0.234079 0.306485
