25 75
0.866764 1.00141 0.441543 0.226501 0.683879 0.980189 0.413968 0.812584 0.952364 0.415379 0.512969 0.560947 0.296484 0.671747 0.547062 0.59493 0.98539 0.417727 0.344513 0.614048 0.777104 0.792777 1.01332 0.11235 1.08149 1.1364 0.818946 0.78739 0.346134 0.169407 0.421724 0.33102 0.651388 0.451772 0.535704 0.653867 1.18735 0.452876 0.183893 0.209098 0.689685 0.938915 0.444681 0.447946 0.634353 0.517731 0.624212 0.616116 0.948274 0.37708 0.549629 0.171859 0.752256 0.559837 0.95182 0.942982 0.941799 0.890605 0.690744 0.585918 0.679637 1.00327 0.265213 0.903633 0.96371 0.136749 0.692397 0.77345 0.492513 1.08959 0.941847 0.257903 0.830994 1.10358 1.01883
0.893995 0.988255 0.290631 0.320847 0.745417 0.879502 0.583285 0.690586 0.941325 0.599159 0.421233 0.692165 0.212463 0.669651 0.528355 0.405544 1.15739 0.416273 0.323147 0.487602 0.920046 0.649675 1.02755 0.298492 1.00578 0.977716 0.731755 0.962701 0.258354 0.230281 0.397181 0.224884 0.803902 0.362758 0.517648 0.726545 1.21057 0.632571 0.20926 0.266877 0.775685 1.15713 0.536037 0.470039 0.538507 0.631352 0.723191 0.515498 0.999092 0.202233 0.766703 0.352181 0.529284 0.593022 0.980376 0.95612 0.974882 0.87166 0.663055 0.521123 0.635449 1.11617 0.476145 0.846146 0.95695 0.361125 0.456686 0.956471 0.367511 1.00824 0.781368 0.314202 0.704538 1.0317 1.04012
1.05559 0.958955 0.224321 0.360986 0.804152 0.798509 0.59186 0.681444 1.16671 0.508485 0.366864 0.402015 0.227513 0.651332 0.40393 0.492476 1.14287 0.544209 0.347159 0.446688 0.780864 0.754804 0.866037 0.102629 1.08999 1.0149 0.741714 0.723776 0.287182 0.149213 0.377389 0.298834 0.669385 0.442958 0.507094 0.707303 0.993707 0.423313 0.197007 0.276313 0.700906 0.98319 0.404484 0.52378 0.536114 0.446143 0.654368 0.568407 1.1241 0.428628 0.795336 0.227228 0.67028 0.607347 1.11338 0.818243 0.991495 0.845234 0.596056 0.494537 0.763487 0.968604 0.324812 0.983908 1.17348 0.22329 0.484565 0.873746 0.420524 1.10341 0.88843 0.342954 0.822467 1.2036 0.99382
0.850449 0.884956 0.206945 0.305582 0.759061 0.868714 0.460035 0.816897 1.15114 0.409775 0.472393 0.561505 0.135081 0.645204 0.525036 0.488287 1.03946 0.642083 0.389456 0.431817 0.951415 0.759481 0.85305 0.366802 0.962887 1.12153 0.730955 0.849071 0.340061 0.238049 0.192626 0.165776 0.718359 0.431779 0.319556 0.880896 1.10967 0.713038 0.292294 0.281663 0.716535 1.1182 0.431123 0.666376 0.671244 0.539826 0.575226 0.351955 0.957906 0.458384 0.81783 0.224887 0.563766 0.676335 1.13519 0.969667 1.17275 0.944493 0.676749 0.319901 0.722881 1.1733 0.407549 0.892436 0.955741 0.312102 0.598392 0.79102 0.391261 1.0719 0.888552 0.374408 0.628837 1.20153 1.15486
0.964103 0.935004 0.472276 0.376377 0.867591 1.01308 0.481335 0.796061 1.05839 0.512767 0.442754 0.692048 0.171759 0.782986 0.469944 0.530073 0.989688 0.596705 0.319933 0.33313 0.844272 0.713097 0.756098 0.163163 1.09565 1.09396 0.718582 0.944956 0.425897 0.129705 0.250636 0.300114 0.742362 0.557302 0.345059 0.667041 1.24804 0.428947 0.276349 0.250032 0.678796 0.999154 0.274508 0.551119 0.698635 0.596876 0.713578 0.550948 0.913048 0.467902 0.648956 0.237216 0.491552 0.543785 1.10692 1.00184 1.17335 0.859627 0.725229 0.304571 0.778711 0.99255 0.236842 1.0275 0.946174 0.239174 0.608931 0.880669 0.635236 0.953938 0.873302 0.257747 0.823259 1.13691 1.01896
0.908184 0.978484 0.428507 0.186057 0.754386 0.73152 0.37207 0.875596 1.13078 0.612165 0.366943 0.529885 0.228185 0.60468 0.29498 0.425583 1.19422 0.647501 0.263962 0.375283 0.887988 0.694311 0.911265 0.302907 1.14871 1.18082 0.572474 0.819982 0.286409 0.153884 0.293672 0.359122 0.803185 0.467131 0.538112 0.653788 1.17919 0.559462 0.237518 0.242412 0.508301 0.895325 0.350362 0.49576 0.52696 0.506283 0.79957 0.535378 0.988311 0.414157 0.793821 0.401742 0.744359 0.597397 1.04126 0.911627 1.09005 0.844553 0.762294 0.428507 0.575418 0.963209 0.319841 0.970568 1.10555 0.374625 0.501425 0.919145 0.364465 0.998474 0.965667 0.424307 0.723379 1.13551 1.02855
1.04528 0.792985 0.271553 0.263919 0.885959 0.886097 0.506877 0.601914 0.989438 0.473685 0.605373 0.557335 0.143528 0.569749 0.404044 0.38892 1.00396 0.584811 0.297482 0.414977 0.830057 0.607616 0.899969 0.154864 1.18465 1.19431 0.618219 0.836247 0.396967 0.26103 0.400517 0.296082 0.856541 0.37868 0.428165 0.883273 1.0721 0.440345 0.371057 0.0878941 0.499792 0.931448 0.534658 0.513037 0.561628 0.410985 0.691716 0.596314 1.13704 0.229237 0.606104 0.178594 0.552638 0.630272 1.22458 0.878156 1.2136 0.960853 0.529744 0.292346 0.796616 1.14184 0.401686 0.967396 1.07437 0.315397 0.420167 0.74716 0.538083 0.970641 0.816347 0.369434 0.664067 1.23984 1.1308
0.887403 1.03585 0.302516 0.299639 0.720267 0.74015 0.530505 0.885911 1.00733 0.508335 0.550306 0.467754 0.203103 0.667789 0.357967 0.39069 1.18847 0.513886 0.290986 0.528727 0.922979 0.612469 0.93429 0.110788 1.09647 1.14265 0.705787 0.868623 0.492864 0.248713 0.254333 0.118516 0.856212 0.575442 0.428466 0.678679 1.01119 0.541707 0.379017 0.336349 0.655754 0.931838 0.370087 0.619478 0.414714 0.566105 0.561867 0.590281 0.854153 0.217852 0.79795 0.367551 0.570344 0.463936 1.18409 0.769188 1.16573 0.968983 0.734186 0.569757 0.829665 1.1207 0.348147 0.907882 1.1896 0.384568 0.688697 0.818686 0.637861 0.937547 0.893918 0.402764 0.856166 1.10589 1.16008
0.895621 0.873547 0.20382 0.439521 0.661336 0.771588 0.41346 0.824509 1.13507 0.543192 0.521018 0.550313 0.290373 0.722444 0.378738 0.597885 1.08986 0.598628 0.380043 0.389952 0.809905 0.750813 0.93482 0.333864 1.1151 1.02393 0.566173 0.899598 0.557131 0.240875 0.252532 0.277677 0.790104 0.397962 0.34168 0.71051 1.25264 0.453109 0.124201 0.106019 0.633488 1.17499 0.527102 0.425532 0.681832 0.402138 0.790917 0.401557 0.851648 0.401596 0.605456 0.267279 0.545572 0.546951 1.24288 0.897286 1.1793 0.879051 0.692322 0.538918 0.620187 0.958151 0.333227 1.03111 1.19073 0.265047 0.600752 0.730708 0.397165 1.20681 0.830973 0.214578 0.711333 1.24418 0.991313
0.971142 0.854091 0.35203 0.2891 0.891092 0.874647 0.458934 0.825852 1.07502 0.420355 0.379338 0.590693 0.350993 0.631699 0.571947 0.549657 0.980171 0.609885 0.358529 0.537061 0.930341 0.865441 0.810765 0.290586 1.05212 1.11823 0.606491 0.97974 0.362305 0.266511 0.341098 0.36354 0.769815 0.60789 0.547712 0.712018 1.00346 0.554211 0.347818 0.20046 0.691328 1.06573 0.326894 0.464984 0.464593 0.364285 0.643412 0.41711 1.00523 0.306591 0.764771 0.219041 0.473738 0.699987 1.09639 0.897338 1.10555 0.818355 0.627782 0.42732 0.641203 0.900902 0.283424 1.13021 1.08124 0.142352 0.643235 0.749325 0.596197 1.11939 0.890607 0.238222 0.863872 1.0589 0.969871
0.980853 0.928313 0.264419 0.346221 0.626352 0.816676 0.62005 0.784084 0.945645 0.384858 0.605124 0.673764 0.303558 0.565197 0.560533 0.489036 1.08949 0.534868 0.299443 0.381038 0.924218 0.823071 0.791351 0.348396 0.906786 1.02743 0.811651 0.991575 0.376726 0.0929255 0.410825 0.230961 0.901169 0.618091 0.395115 0.64438 1.00544 0.519232 0.331601 0.34274 0.640914 0.974506 0.33695 0.482421 0.470138 0.49521 0.731734 0.407082 1.11784 0.294143 0.55764 0.147726 0.736076 0.592849 0.967794 0.904078 1.18574 0.756838 0.792659 0.394529 0.820134 0.92416 0.295991 1.12042 0.995124 0.156996 0.612709 0.760766 0.376733 0.953093 0.929186 0.150594 0.750773 1.27095 1.06412
0.89886 0.843389 0.410732 0.258243 0.736551 0.90785 0.436071 0.889695 1.11398 0.382555 0.392817 0.600128 0.235629 0.625235 0.437082 0.593191 0.952957 0.390006 0.283451 0.515367 0.802329 0.647844 0.822397 0.267277 0.991157 1.16311 0.609356 0.988599 0.467597 0.0946387 0.329853 0.295929 0.779927 0.572051 0.490176 0.766933 1.2614 0.478122 0.204714 0.336616 0.559384 1.18079 0.282909 0.579518 0.466655 0.408153 0.730291 0.507274 0.9333 0.406267 0.711827 0.17447 0.724944 0.444084 0.975599 0.730016 1.14473 0.905365 0.606451 0.585617 0.841965 0.972778 0.469567 1.0165 0.948745 0.306681 0.457422 0.87834 0.496735 1.13523 0.889516 0.343898 0.752415 1.01231 1.04272
0.884317 0.768805 0.326342 0.387353 0.691498 0.918944 0.479364 0.667892 1.01116 0.487874 0.425752 0.519923 0.33795 0.564336 0.364271 0.314193 0.969412 0.449846 0.413991 0.343172 0.810099 0.820192 0.995868 0.138095 0.957088 1.02009 0.721192 0.903468 0.386761 0.28471 0.400116 0.294713 0.838958 0.645148 0.337732 0.674708 1.253 0.616769 0.345253 0.102151 0.6746 1.10569 0.467136 0.421321 0.577588 0.575134 0.77653 0.424031 1.03131 0.346528 0.768893 0.3876 0.476633 0.467081 1.06073 0.930696 1.19203 0.874366 0.671394 0.413843 0.650834 0.965047 0.228288 0.886412 1.15003 0.321444 0.634289 0.700696 0.527009 1.05659 0.83638 0.173883 0.677006 1.0255 1.15885
1.0507 0.973616 0.233885 0.178476 0.695137 1.01949 0.371736 0.830127 1.18953 0.379396 0.467276 0.587558 0.296797 0.554234 0.47762 0.450861 0.918246 0.447867 0.358305 0.371383 0.659483 0.814615 0.78022 0.226734 1.01017 1.09262 0.653039 0.792476 0.334127 0.342942 0.228554 0.113231 0.662785 0.587931 0.395935 0.786512 1.07019 0.536965 0.374316 0.179149 0.676896 0.947013 0.550438 0.674428 0.497793 0.483385 0.67815 0.383175 1.0263 0.442934 0.629887 0.255706 0.600498 0.454671 1.17497 0.856682 0.964431 0.744998 0.594608 0.46721 0.697194 1.00043 0.425363 0.97134 1.01854 0.380794 0.68686 0.809474 0.469232 1.0456 0.901098 0.387038 0.833586 1.22944 1.24109
0.933668 0.746688 0.490883 0.324236 0.76146 0.850494 0.376723 0.813047 1.16153 0.363446 0.475091 0.645273 0.252381 0.511602 0.51949 0.375246 0.987129 0.375791 0.429579 0.526699 0.856567 0.759415 0.863477 0.0985849 0.977986 1.04259 0.697836 0.905557 0.291589 0.152055 0.180663 0.235484 0.801832 0.621495 0.397721 0.635399 1.13511 0.689469 0.262475 0.109113 0.719015 1.01882 0.323201 0.515675 0.491004 0.589523 0.695963 0.500265 0.925308 0.308847 0.822898 0.343551 0.717507 0.622675 1.00485 0.772837 1.12557 0.748313 0.683424 0.476879 0.681496 0.900345 0.270778 1.06596 1.23283 0.230783 0.412024 0.808089 0.426863 1.11198 0.868412 0.241114 0.808103 1.26692 1.16967
1.05825 0.75844 0.381827 0.409051 0.749743 0.754814 0.398559 0.685825 1.09825 0.615922 0.465291 0.517465 0.129927 0.71053 0.503417 0.409835 1.18048 0.428935 0.397434 0.583068 0.930135 0.690574 0.841767 0.18434 0.968238 1.20012 0.774753 0.932591 0.382316 0.193394 0.286174 0.240361 0.68494 0.591632 0.431598 0.686968 1.26317 0.499716 0.323297 0.0603473 0.546271 1.0129 0.3584 0.43618 0.536253 0.441705 0.822778 0.508322 1.00426 0.28867 0.636124 0.16173 0.763108 0.528914 1.16614 0.97237 1.03245 0.886196 0.768345 0.290211 0.834986 1.05392 0.266317 1.05131 1.14099 0.284779 0.666387 0.956535 0.638557 1.18169 0.739532 0.220138 0.744626 1.02155 1.0936
1.01978 0.890209 0.326941 0.437308 0.671498 0.906619 0.382136 0.751636 1.08805 0.605617 0.552163 0.608089 0.243862 0.505862 0.436089 0.384423 1.12323 0.593998 0.330777 0.443295 0.815962 0.636359 0.964084 0.104844 0.931637 1.10625 0.739911 0.859024 0.414289 0.07827 0.369734 0.25873 0.717555 0.410148 0.453411 0.620753 1.23488 0.487083 0.101642 0.0640556 0.551229 0.932983 0.499214 0.491497 0.600062 0.454937 0.712625 0.536641 0.973153 0.489295 0.602134 0.319227 0.703 0.4308 1.22927 0.774937 1.09773 0.997015 0.78264 0.377624 0.858379 0.903586 0.246166 0.934547 1.21465 0.359977 0.646372 0.762778 0.620767 1.10699 0.977396 0.285887 0.704574 1.16479 1.19481
0.89019 0.9813 0.270969 0.375486 0.757906 0.918382 0.602359 0.879013 1.01319 0.552409 0.519642 0.554277 0.0655164 0.650088 0.569979 0.469188 1.20293 0.459953 0.219369 0.372276 0.696446 0.653945 0.891212 0.294771 1.14138 1.04868 0.792646 0.710629 0.346198 0.328143 0.179319 0.276628 0.82826 0.573531 0.446977 0.893662 1.1498 0.690704 0.187454 0.131834 0.64104 0.943938 0.3877 0.59349 0.518012 0.608993 0.719336 0.348839 1.10114 0.487276 0.72202 0.383529 0.500161 0.686566 1.04429 0.98447 0.99733 0.920049 0.680499 0.522624 0.789343 1.09234 0.456385 1.01562 0.991072 0.18244 0.570323 0.719372 0.372314 1.12005 0.872817 0.235823 0.604504 1.01449 1.06316
0.891668 0.745834 0.261924 0.353103 0.830906 0.759921 0.366923 0.630675 0.979808 0.482273 0.397105 0.400216 0.113813 0.631335 0.401825 0.324989 1.067 0.516031 0.433234 0.610973 0.769308 0.604275 0.933882 0.190917 1.02413 1.01064 0.543004 0.747936 0.314619 0.32658 0.256444 0.359254 0.777576 0.452858 0.325692 0.829414 1.18598 0.597713 0.39576 0.323921 0.611598 1.10682 0.491834 0.380449 0.416707 0.545441 0.610345 0.468015 1.11556 0.255373 0.664238 0.346732 0.521625 0.640558 1.03577 1.00453 0.954214 0.824408 0.778254 0.457709 0.731722 1.08833 0.316721 1.10332 0.954813 0.298379 0.420459 0.813174 0.483127 0.935345 0.893255 0.418721 0.811363 1.03348 1.21287
1.10329 0.865025 0.206422 0.325689 0.615775 0.721929 0.603896 0.771479 1.13935 0.502816 0.577458 0.597985 0.282599 0.678579 0.508059 0.478578 1.17967 0.634461 0.283325 0.454154 0.825691 0.616514 0.973401 0.344192 0.915794 1.00001 0.799168 0.843288 0.311353 0.214228 0.391401 0.359789 0.840886 0.652696 0.431148 0.900393 1.05054 0.708567 0.325789 0.192621 0.560098 1.04149 0.537094 0.465813 0.579191 0.465234 0.719615 0.540351 0.929679 0.364019 0.75344 0.439551 0.551342 0.600411 0.959045 0.835901 1.21175 0.917308 0.594357 0.4663 0.853719 1.0323 0.305889 1.00291 1.00331 0.202617 0.601801 0.758003 0.470606 1.04726 1.03362 0.220747 0.796634 1.23704 1.15232
1.03482 1.0078 0.396712 0.307332 0.883369 0.874858 0.390413 0.605358 0.992406 0.553409 0.518398 0.66687 0.338835 0.598481 0.30868 0.432807 1.03514 0.358927 0.420167 0.3523 0.698834 0.594585 0.74928 0.342897 1.14845 1.01027 0.549582 0.882868 0.275682 0.155954 0.387547 0.1256 0.807237 0.546674 0.474072 0.736819 0.986518 0.503208 0.277683 0.293747 0.644168 0.957108 0.523704 0.510694 0.489156 0.413164 0.587551 0.507211 1.14156 0.464456 0.676602 0.154088 0.575176 0.511672 1.0485 0.953242 1.06197 0.772001 0.74899 0.292603 0.860252 1.04272 0.501349 1.06613 0.986056 0.279082 0.610176 0.805984 0.404217 1.2082 1.02537 0.212813 0.585389 1.00189 1.2459
1.10673 1.02745 0.317167 0.457675 0.726231 0.76108 0.5123 0.668146 0.938673 0.632394 0.519604 0.549448 0.27107 0.675201 0.524592 0.429585 1.15965 0.624877 0.318314 0.570906 0.935635 0.851045 0.971542 0.121011 1.16764 1.18268 0.620338 0.776354 0.308098 0.280994 0.422194 0.135564 0.735185 0.365788 0.377414 0.771847 1.11756 0.568372 0.347043 0.265843 0.715583 1.04863 0.413317 0.478381 0.500141 0.586568 0.76382 0.523408 1.12061 0.19715 0.803838 0.367239 0.64084 0.615751 1.00575 0.821275 1.01444 0.964708 0.587319 0.559838 0.599393 1.07993 0.281492 1.13905 1.02824 0.371314 0.424753 0.911829 0.641978 1.06569 1.01981 0.282242 0.676472 1.0377 1.01945
0.868143 0.947262 0.310581 0.460127 0.640434 0.855476 0.585242 0.889042 0.947817 0.52358 0.46919 0.419001 0.28982 0.737095 0.376757 0.523707 1.11478 0.474496 0.326898 0.42147 0.927645 0.620095 0.953758 0.30994 0.972197 1.17021 0.736307 0.844264 0.344636 0.360981 0.294905 0.211999 0.832903 0.489942 0.508471 0.761369 1.18637 0.48321 0.385226 0.220151 0.760036 1.04222 0.302163 0.584147 0.519195 0.574959 0.788554 0.385613 0.877099 0.446688 0.763408 0.181931 0.763514 0.669309 1.06596 0.714836 1.08927 0.740921 0.537249 0.51399 0.683949 1.10937 0.3124 0.976765 1.10114 0.23353 0.631773 0.880359 0.377545 0.963114 1.02845 0.143932 0.629611 1.28101 1.20034
0.869302 0.737544 0.316039 0.347419 0.727944 1.00772 0.546584 0.623568 0.933281 0.353504 0.367325 0.63411 0.31096 0.702561 0.5686 0.315073 0.959968 0.384746 0.447587 0.440933 0.926526 0.853031 0.809111 0.369903 1.18199 1.06156 0.780334 0.821126 0.32382 0.204181 0.370217 0.20699 0.636486 0.396853 0.331806 0.647796 1.04354 0.459374 0.393878 0.181607 0.548517 1.13838 0.492376 0.457242 0.691566 0.585072 0.818562 0.454712 0.988356 0.389695 0.607919 0.446593 0.705763 0.512939 0.964608 0.785348 0.969491 0.862375 0.562871 0.574483 0.829325 1.11543 0.50905 1.10593 1.0581 0.302977 0.546512 0.870201 0.565717 1.11961 0.996703 0.375535 0.717141 1.28289 1.24656
0.927725 0.939098 0.294526 0.340953 0.78839 0.853074 0.451972 0.717714 1.02131 0.64094 0.513163 0.692978 0.178376 0.644362 0.527315 0.512082 1.03979 0.494113 0.396148 0.435625 0.775761 0.768164 0.818733 0.322708 1.00208 1.10687 0.678962 0.797105 0.335252 0.192611 0.251663 0.34999 0.651277 0.656171 0.573891 0.632464 1.06628 0.668881 0.238786 0.201757 0.650291 0.953169 0.402124 0.383957 0.598582 0.415045 0.751016 0.602834 0.885736 0.448947 0.653542 0.192259 0.497806 0.500281 1.04811 0.75416 1.00116 0.861758 0.816545 0.570231 0.788126 0.919556 0.298365 0.964057 1.00031 0.375564 0.622666 0.855354 0.615738 0.966126 0.962972 0.417977 0.764764 1.13128 1.25803
