25 75
0.951759 0.494052 0.256381 0.927385 0.288911 1.18557 0.83364 0.708957 0.891034 0.817378 0.0915847 0.298014 0.227325 0.535252 0.621991 0.259246 0.555529 0.601941 0.47262 1.04213 0.63204 0.853232 0.252339 0.310236 0.35343 0.36079 0.530504 0.127654 0.423172 0.509053 0.0637058 0.228189 0.966482 0.809535 0.412545 1.2134 0.303038 0.477269 0.897564 0.711436 0.995176 0.856165 0.849595 0.269502 0.564059 0.346731 0.565337 0.584108 0.443497 0.605006 0.555459 0.865659 0.575533 0.522839 0.736355 0.787161 0.575205 0.887178 0.448811 0.72867 0.616843 0.113905 0.547468 0.486624 0.821739 0.422902 0.401674 0.752557 0.262657 0.788857 0.116984 0.983942 0.442706 0.403373 0.475567
1.09175 0.591341 0.325921 0.856369 0.432313 1.02506 0.961049 0.667532 0.953688 0.886231 0.150881 0.511672 0.249638 0.610395 0.412492 0.140413 0.619338 0.538446 0.498208 0.942993 0.578082 0.85451 0.119762 0.255963 0.390796 0.462575 0.526304 0.11045 0.426025 0.598597 0.0673723 0.367549 1.06913 0.750866 0.358079 1.27296 0.264525 0.569037 1.05508 0.70289 0.92576 0.811528 0.787243 0.408343 0.408457 0.344413 0.699895 0.625444 0.544787 0.612802 0.752793 0.88609 0.739157 0.627791 0.627541 0.673608 0.765057 0.750719 0.52838 0.690336 0.570003 0.118758 0.497059 0.412199 0.920018 0.399156 0.476058 0.730435 0.38577 0.779087 0.307031 0.983141 0.446479 0.455419 0.528288
1.0341 0.604085 0.15638 0.850416 0.179724 1.18765 0.981647 0.451778 1.01653 1.03165 0.0523819 0.55557 0.304144 0.611538 0.605519 0.161382 0.572465 0.488337 0.465541 1.05315 0.513269 0.604002 0.15626 0.416525 0.297243 0.442964 0.43347 0.190193 0.504802 0.640806 0.0694104 0.309435 0.949819 0.650719 0.308079 1.00824 0.268985 0.536138 1.17652 0.799031 0.942029 1.01725 0.923377 0.18337 0.645939 0.417688 0.50249 0.821669 0.483584 0.489171 0.782965 0.770109 0.585919 0.670349 0.592623 0.628276 0.691409 0.948153 0.555311 0.531216 0.808147 0.157107 0.733291 0.440906 0.892743 0.56999 0.260078 0.531653 0.494458 0.717002 0.312956 0.727145 0.423757 0.585709 0.440094
1.21776 0.585146 0.21522 0.870169 0.201242 1.0949 0.996416 0.456775 1.12766 1.03917 0.0862228 0.519674 0.286923 0.5232 0.394615 0.184201 0.636349 0.47126 0.616873 0.768966 0.610056 0.657565 0.256093 0.384559 0.379394 0.618625 0.420463 0.106415 0.426187 0.536062 0.231462 0.444109 1.0429 0.616479 0.448007 1.23188 0.239884 0.61917 1.16297 0.744014 0.791962 0.955648 0.942046 0.258995 0.505132 0.402708 0.64829 0.697547 0.468832 0.593086 0.6918 0.765139 0.59124 0.7219 0.699782 0.755868 0.521536 0.888221 0.388751 0.600129 0.614126 0.0912254 0.611189 0.398631 0.95196 0.633076 0.47633 0.594502 0.248493 0.861725 0.132156 0.826756 0.601086 0.549581 0.529722
0.949307 0.494721 0.159862 0.655976 0.180117 1.06712 1.03918 0.642086 1.02573 1.05665 0.223875 0.503056 0.373608 0.496193 0.57749 0.332936 0.491752 0.71001 0.583929 0.957835 0.700853 0.796912 0.155494 0.474798 0.266526 0.559194 0.473028 0.227198 0.479052 0.495711 0.123916 0.402077 1.13921 0.562596 0.41562 1.21823 0.227062 0.6027 1.09617 0.793022 0.742187 0.801581 0.878088 0.395043 0.366845 0.3223 0.649527 0.836853 0.466158 0.710334 0.56391 0.771244 0.483869 0.648913 0.77771 0.846407 0.730589 0.936905 0.419386 0.539736 0.834483 0.164226 0.696606 0.456952 0.804773 0.459758 0.489256 0.761801 0.479457 0.76009 0.333475 0.958898 0.669563 0.44013 0.620677
1.021 0.430467 0.178923 0.839927 0.434801 1.09376 0.880991 0.624991 0.898226 0.795651 0.250558 0.465181 0.196101 0.70266 0.595251 0.228553 0.511305 0.683668 0.473405 1.00264 0.693786 0.758562 0.0949044 0.277305 0.476937 0.405539 0.441989 0.0394215 0.388158 0.51336 0.238784 0.240029 0.97012 0.816872 0.26108 1.12345 0.453458 0.5216 1.03656 0.948464 0.910112 0.934016 0.901899 0.301212 0.540144 0.357752 0.545152 0.5995 0.557285 0.516457 0.754366 0.756091 0.646887 0.627405 0.796718 0.655662 0.609889 0.925817 0.35731 0.784675 0.720195 0.0290967 0.654005 0.294072 0.74093 0.493136 0.318252 0.493658 0.234741 0.668745 0.14017 0.818499 0.576855 0.613618 0.386092
1.15102 0.382135 0.148587 0.922014 0.316871 1.08466 1.01489 0.457343 1.03586 0.991537 0.228414 0.570772 0.298434 0.52651 0.447906 0.181469 0.710367 0.685857 0.505568 0.926987 0.475058 0.776139 0.0718236 0.30371 0.244085 0.515057 0.627361 0.250194 0.421446 0.619155 0.0714526 0.210776 0.964706 0.656911 0.237475 1.20872 0.32194 0.506091 0.976007 0.754146 0.733369 1.00134 0.732047 0.237752 0.562982 0.32348 0.408739 0.701296 0.661225 0.626142 0.771564 0.782618 0.679759 0.69716 0.544854 0.629067 0.631445 0.870769 0.545224 0.722262 0.568134 0.0970561 0.678499 0.412534 0.726732 0.472975 0.384613 0.517513 0.481431 0.746253 0.205252 0.911101 0.642718 0.369609 0.608547
1.12664 0.33623 0.237815 0.780479 0.252471 1.01177 1.05026 0.606527 1.04173 0.804403 0.21847 0.426208 0.380734 0.428666 0.500021 0.321178 0.607001 0.466845 0.651941 0.863743 0.454101 0.878868 0.0425339 0.4156 0.465741 0.360716 0.544475 0.307801 0.364793 0.454272 0.0923881 0.274591 1.13312 0.810413 0.39846 1.10255 0.165541 0.418599 1.05768 0.810373 0.924691 0.793479 0.851701 0.429284 0.605487 0.180731 0.526565 0.583005 0.59931 0.535879 0.810638 0.854412 0.655794 0.740632 0.600422 0.600395 0.663898 0.725319 0.554917 0.584527 0.648786 0.275566 0.7329 0.277473 0.71556 0.577352 0.263292 0.493735 0.4594 0.714665 0.31262 0.728284 0.558352 0.379205 0.453549
1.12009 0.352872 0.199812 0.869957 0.209701 1.08003 0.991911 0.565033 0.956017 1.04598 0.141631 0.450044 0.280251 0.45278 0.498406 0.173777 0.717922 0.454925 0.537299 1.04864 0.637167 0.641292 0.116036 0.33623 0.488679 0.429359 0.550772 0.213836 0.57356 0.59226 0.0517601 0.260663 0.986498 0.703606 0.225482 1.16897 0.248354 0.546122 1.00945 0.839321 0.79461 0.963617 0.72481 0.310319 0.622625 0.307357 0.410105 0.791169 0.512545 0.665464 0.692155 0.757803 0.484634 0.511796 0.756031 0.582328 0.537531 0.954011 0.515131 0.673682 0.642219 0.167689 0.75683 0.290309 0.897651 0.557574 0.418746 0.542485 0.402691 0.916191 0.241674 0.858698 0.498781 0.492119 0.453442
1.17764 0.612688 0.255909 0.833348 0.243902 0.996757 0.829541 0.551882 0.934735 0.993829 0.327408 0.557295 0.208136 0.654596 0.56957 0.266362 0.636501 0.524861 0.596711 0.807951 0.432517 0.682539 0.124905 0.260649 0.241451 0.492331 0.46585 0.114451 0.560063 0.714887 0.0936136 0.434842 1.20747 0.620299 0.386426 1.24232 0.230621 0.657349 0.898076 0.792304 0.998107 0.845716 0.813796 0.229434 0.445135 0.168204 0.689875 0.609176 0.468531 0.555925 0.776974 0.848069 0.603175 0.706414 0.715373 0.698937 0.618474 0.902986 0.569112 0.519024 0.655647 0.132665 0.494307 0.435073 0.832629 0.580522 0.379211 0.580142 0.322357 0.805197 0.400422 0.912619 0.68632 0.513397 0.38002
1.0465 0.546793 0.197832 0.827753 0.22366 1.14075 1.03918 0.458706 0.859679 0.81066 0.250095 0.526568 0.25138 0.709436 0.370317 0.19756 0.746098 0.514839 0.414408 1.01696 0.633896 0.619982 0.281054 0.303577 0.314193 0.631126 0.542587 0.112387 0.516618 0.607512 0.285113 0.244969 1.06764 0.707077 0.44196 1.12543 0.420061 0.421728 1.06661 0.812251 0.944989 0.844073 0.695389 0.265339 0.637183 0.284054 0.460258 0.586644 0.451855 0.67824 0.645188 0.706134 0.748316 0.617686 0.645381 0.578387 0.610574 0.95321 0.569401 0.547598 0.768709 0.120381 0.705934 0.264796 0.780687 0.540997 0.297619 0.682011 0.48577 0.783996 0.14205 0.933777 0.572095 0.61835 0.581103
1.14459 0.340606 0.133713 0.751316 0.380102 1.15859 1.07158 0.662338 0.958366 0.937053 0.207288 0.295418 0.243513 0.649663 0.380552 0.272708 0.498238 0.608668 0.558275 0.985711 0.557472 0.769818 0.164074 0.312794 0.493354 0.469078 0.650276 0.269373 0.555437 0.579302 0.284022 0.466377 1.17884 0.781277 0.297439 1.14058 0.22367 0.68838 0.899708 0.844736 0.728132 0.954865 0.818565 0.355943 0.572922 0.279196 0.555989 0.596907 0.725892 0.642818 0.519007 0.712283 0.503616 0.669678 0.533309 0.690181 0.797131 0.727213 0.477001 0.618743 0.818487 0.215022 0.539334 0.216727 0.709666 0.618023 0.293339 0.693609 0.354714 0.88514 0.31171 0.802946 0.576826 0.438735 0.636372
1.04713 0.422204 0.0924442 0.88606 0.36154 0.913924 1.02618 0.575086 0.997173 0.961965 0.272973 0.426955 0.38471 0.598853 0.643073 0.113 0.547271 0.611497 0.404619 0.77268 0.495596 0.714234 0.152301 0.400653 0.270658 0.533101 0.646635 0.10554 0.500483 0.502113 0.265359 0.284839 1.13619 0.799468 0.421865 1.2003 0.170694 0.665505 1.13945 0.990864 0.846924 0.79 0.93344 0.415794 0.510851 0.32564 0.438613 0.781466 0.623418 0.500667 0.61248 0.697506 0.608444 0.590285 0.538861 0.831905 0.629628 0.990033 0.403048 0.60301 0.736337 0.273372 0.766861 0.467013 0.788512 0.471021 0.283139 0.591742 0.362612 0.835954 0.198227 0.788937 0.484246 0.455438 0.418202
1.00136 0.34588 0.112645 0.913151 0.373154 1.16844 0.959987 0.459221 0.9359 0.926308 0.223256 0.299938 0.458999 0.597541 0.51721 0.302324 0.773559 0.491443 0.659509 1.01225 0.41484 0.684173 0.064876 0.506981 0.365549 0.355215 0.592444 0.178333 0.400232 0.610283 0.0917161 0.293434 1.15492 0.681162 0.404799 1.12589 0.362034 0.417075 0.893964 0.724878 0.836649 1.00759 0.929441 0.385682 0.575908 0.225751 0.630613 0.77132 0.676244 0.494269 0.626862 0.794519 0.591934 0.661908 0.757774 0.794547 0.813501 0.852632 0.608144 0.781542 0.621166 0.262321 0.731872 0.221955 0.908171 0.386428 0.475442 0.720634 0.43974 0.896298 0.357536 0.704576 0.589633 0.509156 0.505908
1.1679 0.482691 0.339591 0.785669 0.16787 1.03719 0.925179 0.528433 1.09961 0.835789 0.270055 0.41681 0.36486 0.587921 0.383882 0.0411111 0.527501 0.498151 0.589833 1.03356 0.561439 0.6344 0.146456 0.413929 0.29256 0.528237 0.643099 0.186766 0.533588 0.612997 0.336327 0.202019 1.17546 0.628446 0.324635 1.13404 0.412074 0.660413 1.15131 0.963268 0.747072 1.01782 0.830834 0.273589 0.53959 0.403231 0.636551 0.768822 0.600625 0.567453 0.639221 0.826712 0.527898 0.745226 0.539118 0.778023 0.68077 0.852184 0.601272 0.65094 0.616956 0.114013 0.759054 0.2835 0.869951 0.389331 0.246395 0.533847 0.463573 0.814579 0.407317 0.801641 0.497902 0.577736 0.44282
1.15068 0.398748 0.170953 0.731777 0.202032 1.15456 0.929966 0.71878 0.963638 0.80252 0.145867 0.387808 0.481005 0.708976 0.400048 0.113526 0.640419 0.42512 0.6467 0.834569 0.507227 0.859899 0.244198 0.338789 0.3982 0.509473 0.524597 0.143481 0.44322 0.633458 0.0752194 0.376747 1.17831 0.763454 0.334042 1.2442 0.311652 0.613065 1.03074 0.856011 1.00407 0.87347 0.77146 0.33884 0.606932 0.23289 0.656595 0.599424 0.662003 0.620059 0.78149 0.876043 0.540303 0.659024 0.756635 0.651161 0.590391 0.783292 0.559466 0.513823 0.760607 0.231914 0.777102 0.390505 0.815421 0.490158 0.36029 0.636561 0.398628 0.861707 0.257991 0.866066 0.703077 0.64507 0.493237
1.13342 0.495636 0.29773 0.920043 0.344373 0.97938 1.0301 0.658227 0.891234 0.963551 0.237039 0.328058 0.233737 0.412936 0.557236 0.281761 0.549199 0.517881 0.465131 0.770982 0.567979 0.746786 0.266912 0.25857 0.422024 0.35826 0.526582 0.331269 0.41153 0.451577 0.284175 0.327201 1.20392 0.835959 0.273243 1.08695 0.170279 0.668559 1.04187 0.722643 0.771527 0.979211 0.925811 0.307253 0.410796 0.274907 0.658757 0.577466 0.653528 0.704846 0.581292 0.831602 0.50547 0.69612 0.653284 0.654061 0.65213 0.785982 0.487908 0.633512 0.589813 0.0191416 0.662667 0.497552 0.743729 0.514986 0.319874 0.553888 0.26624 0.743815 0.279871 0.852145 0.602675 0.412085 0.503047
1.17739 0.391658 0.158906 0.92787 0.318108 1.02054 1.04176 0.555596 0.973769 0.825002 0.30188 0.479628 0.206781 0.504232 0.60192 0.0810299 0.509887 0.588689 0.607312 0.795131 0.524151 0.615254 0.187168 0.23825 0.375502 0.618384 0.638926 0.158511 0.521333 0.573797 0.0767566 0.233728 1.0404 0.762334 0.333098 1.09334 0.414932 0.691322 1.10268 0.821431 0.726647 1.01687 0.85054 0.283516 0.508372 0.302427 0.611348 0.621516 0.58998 0.671886 0.582182 0.599644 0.473639 0.613515 0.767005 0.809755 0.812862 0.770528 0.469996 0.761537 0.77838 0.132836 0.504667 0.247112 0.743985 0.370232 0.406599 0.739577 0.30248 0.797415 0.36021 0.900197 0.581068 0.516307 0.342185
1.1346 0.561652 0.108587 0.836495 0.14835 1.09456 0.994368 0.466428 1.11367 0.932029 0.336865 0.482051 0.491923 0.596483 0.546621 0.0927693 0.766004 0.715568 0.38192 0.880079 0.484252 0.77795 0.0977092 0.357088 0.234459 0.407567 0.488751 0.144386 0.529206 0.587797 0.251413 0.444981 1.01827 0.809136 0.422811 1.21292 0.396725 0.567436 0.87876 0.903475 0.885206 1.02209 0.745625 0.163447 0.376341 0.218687 0.53836 0.772088 0.698129 0.608672 0.655046 0.6871 0.758216 0.603722 0.790502 0.69418 0.59511 0.823835 0.596533 0.614183 0.70164 0.25853 0.698749 0.257738 0.799048 0.627043 0.475664 0.51129 0.27751 0.926942 0.281872 0.97232 0.459092 0.438894 0.445747
1.05356 0.579227 0.0901787 0.913628 0.295533 1.08207 0.917123 0.525982 1.131 0.947053 0.327691 0.341095 0.277839 0.559442 0.623513 0.218407 0.635467 0.603884 0.52342 1.06435 0.687316 0.671547 0.081266 0.411593 0.354178 0.404151 0.460541 0.305062 0.524581 0.558463 0.0936525 0.450174 1.11777 0.720983 0.490728 1.0177 0.419096 0.673959 0.885922 0.820118 0.876076 1.04205 0.871336 0.305609 0.585743 0.362965 0.430777 0.58759 0.595789 0.713652 0.785217 0.734639 0.46919 0.460389 0.690481 0.658383 0.669553 0.806043 0.466185 0.583687 0.810338 0.155569 0.777228 0.33402 0.718319 0.364202 0.393049 0.53033 0.290864 0.805141 0.242497 0.72271 0.68777 0.459283 0.567298
0.931384 0.474698 0.108581 0.76845 0.306006 0.956545 0.878118 0.638041 1.1254 0.811411 0.0457525 0.345168 0.250522 0.623687 0.424886 0.243719 0.542129 0.428342 0.599156 0.989574 0.409471 0.77451 0.0198357 0.387644 0.316171 0.363023 0.392135 0.0360727 0.561889 0.690026 0.304494 0.45997 1.11621 0.568226 0.398016 1.15311 0.312208 0.486449 0.916188 0.961446 0.94265 1.05366 0.728118 0.317322 0.49908 0.348962 0.452892 0.693277 0.627712 0.540992 0.597364 0.640833 0.591536 0.659599 0.633611 0.678826 0.72197 0.991932 0.546875 0.587497 0.735998 0.113307 0.58483 0.297315 0.751994 0.533628 0.326885 0.719412 0.436092 0.88081 0.143994 0.746133 0.539404 0.576009 0.346109
1.15034 0.609798 0.253953 0.735818 0.293599 1.08305 1.05671 0.467377 1.00238 1.06771 0.307156 0.284412 0.233847 0.4661 0.549322 0.2117 0.740843 0.593028 0.533381 1.05807 0.452339 0.606266 0.273993 0.29492 0.435702 0.439825 0.62013 0.267084 0.483187 0.584549 0.210062 0.344486 1.07796 0.58356 0.452197 1.18786 0.351639 0.550978 1.03469 0.966386 0.73299 1.00646 0.693665 0.399434 0.489586 0.189483 0.525292 0.837673 0.539089 0.608949 0.631944 0.698979 0.516628 0.556163 0.777915 0.633437 0.794678 0.957842 0.428047 0.774554 0.712339 0.0403826 0.595484 0.409988 0.856549 0.58101 0.339933 0.699389 0.304278 0.70895 0.218014 0.778781 0.700555 0.557608 0.395235
1.14407 0.385268 0.160593 0.8818 0.279425 0.979452 0.961804 0.469206 0.865896 0.811634 0.144583 0.514648 0.251338 0.567005 0.566385 0.256352 0.485144 0.635179 0.579771 1.05118 0.410482 0.626728 0.280519 0.34237 0.259098 0.638749 0.489245 0.239275 0.615628 0.4573 0.101974 0.446978 1.18247 0.604997 0.205254 1.22446 0.19561 0.46051 1.04117 0.846798 0.971503 0.876923 0.817362 0.233583 0.651705 0.252798 0.511733 0.854831 0.456798 0.603413 0.585771 0.731927 0.470853 0.463015 0.6258 0.857127 0.54488 0.71488 0.487121 0.749796 0.771397 0.140407 0.640605 0.212949 0.872096 0.456111 0.327738 0.581636 0.407982 0.81493 0.287211 0.884108 0.574198 0.397132 0.532708
1.14956 0.430826 0.114102 0.81615 0.335106 0.955497 0.921588 0.720853 0.869561 0.942751 0.327748 0.330585 0.288785 0.501181 0.612951 0.236314 0.537102 0.462464 0.619133 0.85385 0.472065 0.793283 0.0847505 0.448672 0.204986 0.548763 0.383984 0.317769 0.589765 0.700591 0.234987 0.382579 1.08209 0.801027 0.397099 1.09756 0.170269 0.596883 1.06243 0.940101 0.786043 0.910242 0.928226 0.368838 0.400945 0.212124 0.652754 0.641701 0.55789 0.738706 0.550407 0.774422 0.581942 0.700843 0.820218 0.664534 0.730696 0.727055 0.467444 0.709931 0.772994 0.0975707 0.673356 0.320696 0.861893 0.354937 0.216786 0.709624 0.439335 0.860273 0.127404 0.856574 0.691008 0.395011 0.459454
1.17585 0.570931 0.0885909 0.825729 0.263354 1.14325 1.09041 0.704698 0.907804 1.04188 0.268841 0.320415 0.480568 0.497261 0.635898 0.119644 0.643011 0.522739 0.603684 0.941102 0.410034 0.625795 0.111486 0.323133 0.305366 0.616675 0.425154 0.194239 0.47053 0.528797 0.187752 0.45622 1.1795 0.664799 0.271989 1.14018 0.398618 0.533235 0.891762 0.851617 0.742863 0.801168 0.870392 0.240421 0.547825 0.385822 0.426655 0.835877 0.647268 0.698591 0.716987 0.719342 0.715565 0.714677 0.533811 0.858682 0.762368 0.946889 0.427167 0.520772 0.725377 0.0596924 0.674457 0.227213 0.695405 0.529811 0.466707 0.531481 0.435816 0.705257 0.17947 0.904817 0.70264 0.620063 0.394424
