25 75
1.06496 0.197282 0.580656 0.283836 0.305038 0.677481 0.489085 0.159117 1.01027 0.72846 0.760308 0.400495 0.39139 1.05504 0.352401 0.442247 0.801442 1.03827 0.118405 0.970005 0.361084 0.483843 0.51353 0.653569 0.443617 0.623841 0.399148 0.794525 0.474862 0.613299 0.396293 0.78042 0.142369 0.287499 0.679998 0.709813 0.924078 0.547815 1.07543 0.529999 0.95727 0.444386 1.03254 0.53577 0.921998 1.1274 1.00366 0.888979 1.12931 0.861385 0.344101 0.455945 0.711664 0.608989 1.02876 1.27414 0.180452 0.362681 0.987716 1.22817 0.943754 0.316559 1.24721 0.846623 0.415161 0.771813 0.746022 0.98104 0.338475 0.429109 0.386234 0.268076 0.742768 1.04232 0.775505
1.17817 0.211201 0.517949 0.366178 0.359823 0.664349 0.327667 0.148257 0.750347 0.650994 0.657158 0.371692 0.346997 0.975828 0.243022 0.360365 0.774926 1.01539 0.264992 0.992592 0.405797 0.354496 0.539651 0.430265 0.507266 0.533327 0.337878 0.751185 0.596037 0.751062 0.378493 0.823498 0.0834097 0.466859 0.891997 0.839391 1.08085 0.608229 1.10524 0.629016 0.979373 0.282271 0.904208 0.51493 0.856947 0.880555 1.19199 0.709775 0.937108 0.653427 0.443241 0.344609 0.625348 0.684083 0.854127 1.11764 0.187327 0.465247 0.988021 1.1606 0.83103 0.280583 1.24143 0.738336 0.414105 0.733802 0.816961 0.977924 0.249226 0.268741 0.404405 0.310905 0.509519 0.974033 0.852936
1.17227 0.205672 0.373437 0.351789 0.363784 0.691356 0.586881 0.145254 0.744353 0.743928 0.601555 0.367199 0.371216 1.00451 0.302019 0.364381 0.614977 1.22924 0.258414 1.1799 0.295261 0.349707 0.299067 0.409664 0.587365 0.52987 0.504665 0.785605 0.424415 0.746629 0.466174 0.916715 0.226262 0.391685 0.749802 0.667547 0.914368 0.823246 0.972842 0.560799 1.12809 0.323238 1.00578 0.486537 0.979696 0.926968 1.0834 0.839206 1.08137 0.837386 0.522663 0.343884 0.502678 0.640493 0.941258 1.07127 0.163195 0.318526 1.18008 1.03594 0.938267 0.329126 1.05933 0.617723 0.325512 0.706766 0.69212 1.07657 0.149531 0.464258 0.343111 0.242691 0.598016 0.829113 0.639211
1.08442 0.391141 0.40643 0.334007 0.33324 0.73526 0.593639 0.196388 0.999473 0.725898 0.562003 0.325865 0.420948 0.943256 0.310777 0.572329 0.68265 1.2146 0.0823381 0.996911 0.476753 0.454215 0.581654 0.528817 0.563284 0.46714 0.552228 0.73499 0.395667 0.7037 0.285089 0.978675 0.0917762 0.358517 0.795137 0.626095 0.932623 0.822046 0.978693 0.665262 0.950404 0.324264 0.990576 0.339176 0.943558 1.06033 1.15241 0.682181 1.06609 0.858452 0.455071 0.187572 0.60414 0.56592 0.784191 1.25894 0.0794423 0.293071 1.08643 1.21451 0.825998 0.256576 1.14126 0.702026 0.321269 0.644791 0.935684 1.01289 0.144296 0.426603 0.234836 0.302472 0.496666 1.08378 0.810591
1.07752 0.425163 0.409021 0.327413 0.424137 0.739747 0.427517 0.207748 0.98568 0.601429 0.735693 0.210092 0.303641 1.19504 0.343429 0.429472 0.710326 1.20149 0.34483 1.07476 0.31614 0.459352 0.566852 0.590514 0.54051 0.527981 0.407681 0.65257 0.47055 0.875172 0.30888 0.776336 0.0785079 0.526107 0.725628 0.887909 1.08033 0.606277 1.02213 0.427591 1.14492 0.337891 1.06665 0.322663 1.0263 1.04857 0.941123 0.761061 1.11391 0.649909 0.387255 0.362148 0.60379 0.624874 0.901107 1.06287 0.235752 0.327323 1.0146 1.00052 0.969453 0.274805 1.18828 0.865457 0.282403 0.763604 0.793012 0.948107 0.31135 0.378845 0.385971 0.346433 0.513144 1.06799 0.563652
1.10174 0.408922 0.580293 0.209202 0.28297 0.816962 0.544337 0.0917411 0.883123 0.754064 0.573377 0.255313 0.246869 1.13144 0.312684 0.513797 0.606716 1.09443 0.336602 1.10924 0.204084 0.459009 0.541593 0.388067 0.4244 0.489757 0.470506 0.559497 0.577576 0.694208 0.263273 0.892707 0.0926279 0.274821 0.683122 0.857124 1.16213 0.681132 1.16944 0.614438 1.07654 0.243568 0.92572 0.316618 1.04482 1.14272 1.08658 0.767555 0.992244 0.826518 0.568209 0.339881 0.742635 0.593326 0.90036 1.25863 0.0897163 0.414883 0.920888 1.05138 0.897827 0.259531 1.27075 0.727432 0.394303 0.548831 0.830623 0.823041 0.314557 0.333043 0.308947 0.378664 0.6113 0.83111 0.679517
1.17721 0.16693 0.377565 0.401838 0.41734 0.771184 0.505911 0.362712 0.97319 0.652105 0.744986 0.317223 0.464788 1.09953 0.193119 0.583309 0.64287 1.21723 0.260141 1.10674 0.30697 0.525343 0.402283 0.541026 0.350367 0.538103 0.300454 0.776212 0.590902 0.64593 0.409966 0.728884 0.113907 0.279891 0.768605 0.704056 0.944098 0.597511 1.1754 0.636267 1.02507 0.231452 1.04714 0.457204 0.98382 0.90821 0.995076 0.65744 0.940763 0.637859 0.570471 0.216047 0.737336 0.722416 1.01275 1.01755 0.159837 0.385605 1.04519 1.12086 0.922239 0.449751 1.09484 0.603675 0.472652 0.801714 0.757684 0.995329 0.17534 0.276444 0.352731 0.183343 0.684863 0.859002 0.584962
1.16615 0.144003 0.397899 0.287573 0.32966 0.576484 0.3579 0.116282 1.00088 0.598033 0.54431 0.207432 0.292098 0.98368 0.453683 0.503777 0.596126 0.977194 0.270437 0.990801 0.298667 0.349143 0.290812 0.488196 0.526693 0.464787 0.523427 0.616874 0.579723 0.873236 0.268655 0.91609 0.11513 0.298458 0.70365 0.823843 1.15937 0.591092 0.936823 0.429965 1.13462 0.35117 0.984587 0.484758 0.898382 0.914421 0.94936 0.88298 1.15871 0.751069 0.465068 0.298861 0.470974 0.661486 0.97799 1.2535 0.288224 0.248602 0.91224 1.13285 1.07111 0.436189 1.24654 0.687921 0.529422 0.5341 0.760677 1.01897 0.198117 0.534374 0.396664 0.304068 0.489099 0.839303 0.616024
1.15959 0.335503 0.504911 0.309498 0.371911 0.592126 0.334136 0.176588 0.911942 0.596203 0.522452 0.24132 0.326868 1.03831 0.296425 0.404185 0.795892 1.02701 0.196174 1.19549 0.231783 0.413017 0.447073 0.630999 0.328708 0.505916 0.455081 0.547539 0.493434 0.834963 0.42584 0.954542 0.278841 0.3319 0.922446 0.676845 0.985321 0.567552 0.92465 0.631016 0.964576 0.391812 0.930229 0.415128 0.960863 1.05888 0.92225 0.778022 1.08772 0.832462 0.546299 0.213099 0.496734 0.543166 0.801795 1.26944 0.201339 0.446285 1.08742 1.22184 1.00011 0.336336 1.1639 0.638605 0.523435 0.559328 0.802579 1.07786 0.246064 0.420603 0.23615 0.316222 0.655481 0.962653 0.769471
1.04709 0.266905 0.572373 0.240801 0.395892 0.577681 0.591499 0.198882 0.756035 0.758801 0.617817 0.389801 0.446908 0.943658 0.203323 0.567072 0.81059 1.09776 0.0954012 1.06145 0.19812 0.389128 0.346182 0.443792 0.536444 0.516042 0.454814 0.689442 0.431783 0.697533 0.313911 0.896397 0.153493 0.365016 0.908626 0.744352 1.10685 0.61311 1.14821 0.498998 1.17019 0.509098 1.05609 0.561143 0.778656 0.872533 1.19338 0.596785 1.07522 0.681224 0.452023 0.441958 0.494813 0.483097 0.798376 1.16537 0.0595842 0.233873 1.15267 1.13571 1.0986 0.261093 1.18477 0.650599 0.28205 0.640834 0.831262 1.06454 0.353704 0.385854 0.38177 0.169351 0.582649 0.962764 0.847234
1.119 0.385473 0.49021 0.307582 0.389029 0.548086 0.4484 0.367124 0.784524 0.720031 0.641977 0.369619 0.490587 0.92807 0.234967 0.422911 0.862969 1.23858 0.209643 1.13001 0.480253 0.466021 0.467963 0.535428 0.359662 0.66993 0.452274 0.751751 0.539126 0.791293 0.439516 0.696503 0.302238 0.496237 0.816828 0.783347 1.03389 0.785777 1.15786 0.390177 1.05331 0.471012 1.12015 0.445033 0.912773 0.908772 0.960821 0.832484 1.02628 0.613736 0.363832 0.34601 0.515723 0.609954 0.795552 1.07352 0.153377 0.213206 1.10504 1.25918 0.815196 0.310557 1.25806 0.748545 0.292824 0.588706 0.70194 0.92687 0.189634 0.400573 0.468586 0.121236 0.510589 0.914126 0.740559
0.999194 0.416911 0.533595 0.351231 0.40532 0.603992 0.575959 0.363783 0.857571 0.62633 0.632578 0.4851 0.357273 1.13642 0.290758 0.428773 0.642644 1.01 0.327762 1.00636 0.304138 0.547065 0.284516 0.56721 0.565349 0.417071 0.438636 0.740243 0.660368 0.632787 0.323152 0.753996 0.2603 0.386104 0.810007 0.788427 1.16126 0.549344 1.00882 0.605263 1.17194 0.464067 1.05627 0.454422 0.941647 0.921095 1.01508 0.601384 0.906174 0.792246 0.421061 0.249605 0.700157 0.61142 0.806157 1.28461 0.290198 0.386596 0.959802 1.13119 1.06396 0.479101 1.03701 0.726013 0.429799 0.598941 0.8268 1.0314 0.15689 0.338066 0.351068 0.105941 0.545682 1.07317 0.629652
0.930773 0.406512 0.385833 0.227613 0.216122 0.800897 0.412776 0.164268 0.878328 0.7649 0.598769 0.341043 0.463563 1.02519 0.354667 0.54629 0.705522 1.00479 0.182375 1.0639 0.205885 0.35434 0.287475 0.406267 0.613683 0.433103 0.354153 0.713956 0.489103 0.628184 0.474708 0.952099 0.293156 0.266486 0.745186 0.829462 1.16168 0.636056 0.940218 0.583822 1.16733 0.255363 0.847449 0.356386 0.867544 1.0604 1.12916 0.887219 0.992339 0.794482 0.506994 0.460238 0.701814 0.555717 1.01874 1.08427 0.0905335 0.336445 1.00244 1.1897 0.893603 0.382589 1.01762 0.614945 0.398614 0.676318 0.898207 0.925893 0.153974 0.533484 0.400976 0.2158 0.518616 1.01593 0.578404
0.985794 0.136751 0.314366 0.468089 0.345382 0.711108 0.419834 0.112318 0.817463 0.617719 0.590527 0.285897 0.340168 0.94841 0.401308 0.437177 0.643059 1.12055 0.312885 1.21399 0.298434 0.350558 0.427045 0.574434 0.574469 0.467608 0.497226 0.614764 0.52289 0.76593 0.249582 0.969338 0.306717 0.270149 0.82617 0.844946 0.885709 0.754291 1.14523 0.435149 1.06412 0.468776 0.975439 0.538769 1.00348 1.12074 1.05268 0.835151 0.99094 0.826105 0.330336 0.19429 0.738261 0.639541 0.933968 1.04905 0.187437 0.206296 1.15393 1.00388 1.05579 0.298695 0.980298 0.676415 0.375046 0.802669 0.722255 1.044 0.340495 0.465092 0.409846 0.130332 0.68288 0.798082 0.782216
1.01538 0.286609 0.508787 0.286522 0.222824 0.652502 0.333065 0.290487 0.918768 0.632835 0.686837 0.336141 0.387783 0.984675 0.444523 0.527755 0.675808 1.15115 0.162464 1.18243 0.352869 0.378866 0.518725 0.402698 0.343667 0.410209 0.527851 0.723402 0.62978 0.61842 0.36705 0.869885 0.147722 0.525696 0.913616 0.686154 1.01755 0.6368 1.06823 0.518423 0.964972 0.416389 0.934427 0.530228 1.02368 1.01585 0.936229 0.874169 1.1355 0.723556 0.468631 0.255668 0.509616 0.606426 0.892659 1.20429 0.187011 0.337685 1.1612 1.16534 0.853861 0.321897 1.21515 0.763302 0.536703 0.616879 0.893258 0.8719 0.32241 0.397011 0.461945 0.168053 0.632116 1.04311 0.803035
0.963806 0.409431 0.375466 0.362372 0.216791 0.725046 0.369982 0.302172 0.844202 0.744491 0.779778 0.425474 0.267525 0.933975 0.194704 0.497175 0.777308 0.950513 0.164374 1.07072 0.218018 0.413089 0.529291 0.655949 0.604559 0.688392 0.510827 0.75987 0.637011 0.895353 0.526249 0.695382 0.103888 0.473466 0.858399 0.639837 1.10206 0.55317 1.18645 0.560586 1.18033 0.486271 1.03225 0.456524 1.05638 1.04414 1.10787 0.84226 1.15067 0.728242 0.33046 0.230676 0.641179 0.507699 0.847084 1.22186 0.103882 0.194707 1.00388 1.25958 1.10762 0.363475 1.07915 0.812239 0.275487 0.701194 0.869037 0.890295 0.251938 0.409236 0.420538 0.354556 0.589065 0.84951 0.710413
1.05409 0.354958 0.56978 0.195856 0.161402 0.74761 0.529046 0.275771 0.886883 0.755063 0.485499 0.20802 0.422559 1.20921 0.431101 0.607209 0.609225 1.05977 0.372258 1.02357 0.240929 0.375183 0.324806 0.60719 0.415819 0.648701 0.401738 0.765357 0.382074 0.889926 0.532602 0.966471 0.192243 0.450968 0.793124 0.778501 0.898118 0.561435 1.10748 0.657207 0.995328 0.429088 0.858939 0.394232 0.868938 1.09789 1.08667 0.76165 1.15542 0.852303 0.440431 0.259883 0.473453 0.52214 0.802551 1.1829 0.127128 0.22653 1.11262 1.11607 0.984287 0.27667 0.993541 0.681096 0.432235 0.740225 0.905911 1.0588 0.306306 0.491736 0.265735 0.138637 0.478015 1.01115 0.599133
1.07732 0.302471 0.325631 0.175664 0.30112 0.820546 0.419152 0.244831 0.741475 0.773631 0.700012 0.44911 0.392925 1.01933 0.20181 0.536276 0.805543 1.24527 0.094705 1.15293 0.24701 0.429815 0.486758 0.40116 0.610398 0.554973 0.401275 0.719872 0.634179 0.737289 0.315863 0.881448 0.07572 0.364561 0.896533 0.821019 1.0124 0.809414 0.978303 0.478495 1.20351 0.343066 1.09424 0.336625 0.848511 0.971163 1.05486 0.823962 0.897595 0.687167 0.359457 0.427498 0.483999 0.527871 0.762103 1.03589 0.0850573 0.206179 0.981207 1.2404 1.01891 0.36176 1.05464 0.748046 0.362135 0.71457 0.653323 0.852557 0.352029 0.251443 0.260789 0.245161 0.596159 1.0761 0.796698
1.18004 0.196213 0.510234 0.222407 0.315796 0.728826 0.488036 0.143931 0.861905 0.593595 0.663294 0.255009 0.33458 1.19645 0.31395 0.533934 0.716654 1.14758 0.308479 1.2043 0.188743 0.600677 0.565275 0.459704 0.483804 0.631635 0.425373 0.592445 0.465244 0.895864 0.298115 0.986759 0.0616631 0.458446 0.824608 0.821794 1.02337 0.653356 1.05556 0.400506 1.05449 0.428668 1.07442 0.457924 0.842158 0.955884 0.904122 0.749391 1.01141 0.825245 0.47926 0.234918 0.611404 0.548146 0.903641 1.01793 0.348855 0.297784 0.96237 1.07178 0.816639 0.41852 1.04673 0.697768 0.426902 0.569636 0.901148 0.911082 0.222342 0.300894 0.449953 0.223384 0.508836 0.960911 0.583967
1.01637 0.292178 0.48624 0.346167 0.158269 0.770304 0.368016 0.0964687 0.839455 0.772276 0.732376 0.373248 0.364917 1.12781 0.459049 0.458196 0.693846 1.03334 0.177253 1.1095 0.434483 0.367989 0.541221 0.502205 0.469641 0.515021 0.478794 0.577961 0.567761 0.609064 0.254006 0.766711 0.156657 0.446465 0.787941 0.759987 1.09532 0.82354 1.09342 0.674921 1.06491 0.473295 0.906449 0.370376 0.783614 0.993007 1.19111 0.656995 1.15622 0.657554 0.375154 0.39372 0.634153 0.610899 0.836993 1.27458 0.177623 0.388183 1.19305 0.998643 1.06394 0.450617 1.24221 0.806208 0.501009 0.695283 0.926963 1.09027 0.42893 0.547908 0.339895 0.366404 0.71023 1.05392 0.641037
1.05763 0.209639 0.358219 0.233548 0.400841 0.789823 0.605936 0.266017 0.944944 0.670727 0.610153 0.406715 0.377097 0.934762 0.480916 0.448392 0.622176 1.13484 0.0960289 0.965395 0.183433 0.544858 0.409929 0.620724 0.497086 0.550574 0.516367 0.553075 0.622645 0.763405 0.358053 0.880795 0.0942584 0.390508 0.72416 0.838238 1.15791 0.819228 0.926673 0.555861 1.15172 0.232457 0.873731 0.412274 0.90287 1.07551 0.971657 0.644647 0.910209 0.703357 0.478215 0.403308 0.728318 0.564997 0.925768 1.14918 0.0711871 0.307126 0.981811 1.19331 0.894832 0.425523 1.16107 0.6244 0.539703 0.786859 0.766926 0.831221 0.394544 0.384715 0.341226 0.225629 0.735033 1.00875 0.612944
0.985541 0.369193 0.533481 0.386344 0.39716 0.762942 0.603831 0.109768 0.833487 0.570526 0.685493 0.232416 0.347487 1.09912 0.229492 0.552623 0.761792 1.18346 0.351422 0.951646 0.367602 0.595075 0.53265 0.430206 0.466771 0.604691 0.537952 0.721366 0.508177 0.801361 0.313037 0.847104 0.311793 0.457203 0.813772 0.722139 0.946487 0.703635 1.14869 0.627356 1.22852 0.508083 0.958582 0.496748 0.952253 1.00051 1.17745 0.819987 1.13736 0.871055 0.446529 0.449605 0.677514 0.485024 0.74214 1.16862 0.135782 0.342843 1.09963 1.20389 0.90147 0.490724 1.05577 0.810469 0.31351 0.619759 0.801824 0.831174 0.239343 0.330706 0.339673 0.319526 0.551446 0.92467 0.641096
1.021 0.146343 0.513629 0.445503 0.247662 0.814069 0.403776 0.252985 0.812397 0.626065 0.511007 0.228855 0.416635 1.04857 0.357653 0.429878 0.571777 1.13849 0.287178 0.944636 0.429862 0.597241 0.401031 0.50657 0.508358 0.490399 0.283051 0.548357 0.383047 0.879731 0.359039 0.86498 0.308008 0.516188 0.900658 0.882938 0.897247 0.758589 0.982625 0.508992 0.996842 0.352506 0.893142 0.49464 0.824998 1.05624 0.907499 0.590734 1.16314 0.756181 0.52832 0.417576 0.560744 0.762348 0.78694 1.05383 0.205943 0.26655 0.94658 1.22828 0.874613 0.315879 1.24347 0.663194 0.432946 0.683055 0.659697 1.06263 0.229572 0.261399 0.22126 0.16706 0.633565 0.915095 0.625752
1.05677 0.214174 0.493096 0.189219 0.16432 0.795974 0.511843 0.278382 1.00612 0.755177 0.502612 0.188696 0.281174 1.07381 0.439847 0.484858 0.781967 1.20903 0.178287 1.05373 0.437752 0.444794 0.431022 0.551105 0.42352 0.561005 0.334389 0.778679 0.480992 0.888291 0.360916 0.690319 0.124756 0.473128 0.712652 0.662935 0.971872 0.815236 0.936032 0.537794 1.08086 0.27672 0.916561 0.543674 0.973735 0.957655 0.948081 0.677155 1.0359 0.652378 0.407748 0.269275 0.626043 0.537182 0.803257 1.14179 0.18888 0.256847 0.912592 1.10346 1.06441 0.289184 1.06536 0.680233 0.493335 0.77574 0.771564 0.82806 0.417244 0.492291 0.254625 0.14885 0.672186 1.02252 0.646124
0.9394 0.155691 0.578637 0.185044 0.396991 0.667516 0.431585 0.232456 0.856051 0.731272 0.763772 0.190912 0.240609 1.01354 0.242611 0.349594 0.795428 1.04084 0.133136 1.01273 0.286546 0.554912 0.482684 0.555967 0.552688 0.451639 0.534741 0.778133 0.40683 0.686725 0.409504 0.7086 0.258075 0.517718 0.790917 0.663702 1.07274 0.676353 0.927057 0.51926 1.11894 0.363658 0.978921 0.314248 0.814554 1.01912 1.08012 0.684505 0.967394 0.849287 0.397612 0.333977 0.730824 0.56015 0.982655 1.00194 0.236448 0.360323 1.14065 1.07501 0.909012 0.388286 1.10738 0.709379 0.457664 0.773709 0.914118 0.8588 0.145227 0.435513 0.211926 0.308681 0.502437 0.98015 0.684166
