25 75
0.65914 0.307162 0.479944 0.56076 0.944413 0.411185 0.450291 0.33381 0.30022 1.09165 0.509652 0.929286 0.329312 0.775364 0.980128 0.120355 0.493139 0.895892 0.718973 0.0916998 0.599317 0.645454 1.02041 0.740089 0.624724 1.10151 0.673046 0.649919 0.458679 0.287813 0.231762 0.916597 0.744166 0.602752 0.551238 0.575772 0.193589 0.687223 0.773604 0.7156 0.629797 0.927972 1.07218 0.14089 1.22502 0.799363 0.225241 0.873837 1.19538 1.04851 0.402939 1.25954 0.227397 1.18714 0.253443 1.05499 0.429231 1.09855 0.926947 0.859914 1.06042 0.7685 0.486927 0.300799 0.314345 0.477188 1.17666 0.387848 0.071576 0.168804 0.245109 0.75682 1.21255 0.72547 0.616625
0.592906 0.36604 0.613988 0.462019 0.946202 0.377364 0.531499 0.326679 0.361733 1.18371 0.663561 0.689216 0.0858664 0.850657 0.911225 0.235775 0.413423 0.75443 0.599274 0.148828 0.674052 0.595933 1.01521 0.610048 0.504264 0.955794 0.638517 0.943502 0.439925 0.492633 0.411194 0.878418 0.696285 0.580006 0.538117 0.541179 0.243262 0.646515 0.774072 0.661916 0.75468 1.00465 0.835946 0.270595 1.17002 0.827459 0.0572487 1.01287 0.994353 0.960249 0.313702 1.17998 0.341933 1.09636 0.316235 0.942552 0.168835 1.05852 0.699543 1.02896 0.936413 0.702129 0.358428 0.0588934 0.317705 0.671196 1.04391 0.249899 0.310124 0.239708 0.252777 0.670872 1.1593 0.712069 0.736937
0.819782 0.386313 0.487494 0.530716 1.11325 0.495656 0.39691 0.358682 0.335809 1.05631 0.436184 0.891596 0.371534 0.830504 0.949533 0.235531 0.450312 0.857746 0.545057 0.27298 0.612565 0.639069 0.972773 0.50714 0.67553 1.05512 0.538704 0.698343 0.675124 0.491977 0.36267 0.850769 0.690513 0.405507 0.625194 0.527165 0.19553 0.813889 0.714783 0.827618 0.574863 0.895553 1.01652 0.24254 1.18791 1.0033 0.147301 1.07876 0.954864 0.904345 0.167385 1.02836 0.392129 1.14078 0.0870561 0.89511 0.231916 1.14865 0.711823 1.0293 1.19011 0.684182 0.326523 0.272718 0.303062 0.624038 0.951435 0.319689 0.309055 0.251486 0.0789123 0.708294 1.17531 0.663446 0.72824
0.747543 0.514607 0.546252 0.372952 0.875363 0.388205 0.508826 0.222337 0.338768 1.08312 0.46528 0.920274 0.278772 0.722726 1.01037 0.190512 0.413983 0.704855 0.545296 0.244951 0.642679 0.567908 1.11298 0.711667 0.529528 1.00554 0.790662 0.673326 0.593448 0.486117 0.199758 1.08647 0.606111 0.387759 0.540477 0.491548 0.439896 0.676119 0.806727 0.734455 0.752014 0.847334 1.0288 0.109382 1.02198 0.8791 0.28194 1.02488 1.01201 0.941996 0.271293 1.23687 0.358855 1.00565 0.190688 0.985207 0.222217 1.15486 0.770242 0.960671 0.909924 0.577884 0.400209 0.299948 0.295419 0.645087 1.0741 0.305733 0.298116 0.277409 0.29517 0.511355 1.16895 0.571701 0.774261
0.817124 0.275745 0.600684 0.507178 0.864817 0.515788 0.482393 0.243056 0.365255 1.03275 0.551423 0.668841 0.194162 0.783165 1.02594 0.128039 0.533469 0.840986 0.604147 0.194681 0.504594 0.591046 0.939445 0.715064 0.506584 1.01861 0.777316 0.658833 0.613294 0.398629 0.224085 1.08468 0.724466 0.448426 0.701586 0.408793 0.346934 0.812743 0.889527 0.770516 0.772304 0.882827 0.841589 0.149785 1.1648 0.716378 0.194922 0.944672 0.908871 1.09597 0.239054 1.23368 0.269642 0.901127 0.248458 1.03373 0.430739 1.07496 0.720426 0.906646 1.15558 0.729527 0.462299 0.109041 0.402567 0.642595 1.14951 0.35432 0.298628 0.20764 0.274104 0.651035 0.989264 0.695699 0.531964
0.739311 0.336291 0.719408 0.623478 1.1066 0.453649 0.408227 0.301249 0.431034 0.976816 0.654302 0.879266 0.33694 0.667352 0.908136 0.248862 0.497374 0.671307 0.637858 0.204083 0.517939 0.667812 1.10823 0.774996 0.777605 1.09799 0.523751 0.882831 0.651325 0.387612 0.318255 0.918948 0.64032 0.461667 0.597976 0.318986 0.199173 0.579881 0.830789 0.827536 0.744977 1.03101 0.823305 0.209254 1.26208 0.855095 0.235097 0.849417 1.08015 0.985816 0.159564 1.15719 0.188402 1.02634 0.237124 1.15209 0.183015 0.864391 0.816816 1.03555 0.927835 0.699124 0.468673 0.307652 0.280602 0.469724 0.894915 0.208349 0.264426 0.282848 0.169548 0.555462 0.978535 0.747931 0.61518
0.686061 0.482768 0.654915 0.404343 0.918715 0.56726 0.490979 0.306539 0.379751 1.1491 0.655732 0.656777 0.174629 0.899443 0.890752 0.164761 0.526405 0.733012 0.755852 0.230242 0.557554 0.629206 0.830219 0.737132 0.662846 1.00508 0.717234 0.73799 0.500819 0.386633 0.465175 0.830641 0.645071 0.428942 0.648594 0.349925 0.238296 0.778084 0.809964 0.830827 0.787003 0.818422 0.955254 0.0719235 1.2855 0.854823 0.266476 0.992693 1.13613 0.942824 0.3804 1.07697 0.467693 1.08986 0.0721942 0.912625 0.156593 1.03824 0.850735 0.995287 1.07168 0.616817 0.413778 0.314561 0.38328 0.590819 1.153 0.15058 0.250782 0.166835 0.133962 0.682443 1.05756 0.548945 0.697617
0.812058 0.278802 0.684301 0.391197 1.00838 0.484835 0.511717 0.157868 0.23345 1.12016 0.555914 0.816087 0.363587 0.699842 1.10882 0.0881251 0.427608 0.855522 0.487774 0.320861 0.525752 0.545138 1.00129 0.761773 0.756584 1.04 0.71656 0.697319 0.669745 0.298425 0.210888 0.913572 0.783675 0.6631 0.718541 0.467254 0.429265 0.727621 0.903938 0.759332 0.731735 0.991746 1.01785 0.16855 1.05792 0.775102 0.0761583 1.1033 1.14843 1.0482 0.383832 0.976831 0.346549 0.95668 0.139128 0.954193 0.303208 0.987866 0.724501 0.868188 0.929779 0.698829 0.435949 0.221264 0.387523 0.718364 0.974848 0.237387 0.0941268 0.24358 0.273837 0.706364 1.19636 0.644863 0.809015
0.695904 0.284892 0.541605 0.591296 0.944542 0.421544 0.554401 0.254061 0.296739 1.1608 0.648252 0.762091 0.303651 0.735084 0.851903 0.20753 0.467851 0.895535 0.698786 0.14341 0.744443 0.719373 1.05283 0.775896 0.773308 0.930895 0.664754 0.889743 0.487665 0.420985 0.360423 1.09058 0.764252 0.576622 0.73045 0.444722 0.171508 0.707325 0.803333 0.750419 0.605549 1.03049 0.963298 0.0801169 1.22124 0.708705 0.298991 1.12355 1.03245 1.12577 0.147522 1.14236 0.191799 1.12727 0.24551 1.15057 0.332138 1.04268 0.788 0.978722 1.04275 0.540742 0.317397 0.0791152 0.303732 0.594774 1.08783 0.207057 0.191741 0.281614 0.29143 0.501734 1.16029 0.559545 0.574366
0.774202 0.405065 0.524245 0.516111 1.04142 0.468272 0.554298 0.390458 0.321733 0.907127 0.397824 0.875607 0.213392 0.875722 1.04303 0.0493387 0.556236 0.786911 0.528074 0.204194 0.58814 0.601036 0.861933 0.542989 0.696951 0.983637 0.727579 0.834813 0.651271 0.506584 0.4646 1.02792 0.618585 0.494849 0.689315 0.519379 0.349546 0.673088 0.791377 0.661132 0.764543 1.02975 0.83026 0.0599411 1.14373 0.757402 0.115602 1.08786 1.1806 1.05725 0.338623 1.16115 0.255169 1.06078 0.0488067 1.00106 0.439418 1.06639 0.672212 1.02471 1.01972 0.667511 0.418284 0.0748044 0.312816 0.57466 0.902036 0.18232 0.238723 0.210239 0.32712 0.61146 1.2509 0.673845 0.690304
0.668058 0.390226 0.590153 0.586224 1.0543 0.562203 0.469704 0.393459 0.219994 1.15366 0.402643 0.860473 0.155785 0.684261 0.945535 0.141056 0.417639 0.883209 0.5317 0.0932877 0.747455 0.532785 0.850033 0.717224 0.568959 1.17504 0.782375 0.71094 0.502007 0.439742 0.38953 0.901918 0.701158 0.487157 0.773705 0.461734 0.390629 0.597184 0.83693 0.766971 0.654989 1.00174 0.975132 0.0760562 1.18046 1.00304 0.29007 0.89483 1.18382 0.925791 0.126067 1.2358 0.342571 1.05446 0.0967015 0.967466 0.199332 0.907456 0.642095 0.823101 0.917933 0.640072 0.519639 0.318913 0.382503 0.465437 1.10067 0.150447 0.216502 0.335761 0.207978 0.688516 1.24335 0.597729 0.755073
0.786963 0.361123 0.479307 0.489033 1.07425 0.360634 0.385096 0.403965 0.313734 1.031 0.576899 0.725605 0.149532 0.775805 0.881657 0.271607 0.526005 0.691521 0.727368 0.29015 0.48874 0.592426 0.960914 0.73941 0.706897 1.2113 0.70415 0.881813 0.443552 0.31893 0.39839 0.892054 0.548456 0.496137 0.747585 0.593936 0.420061 0.738004 0.865319 0.570668 0.737247 0.85016 1.01994 0.26996 1.19953 0.866201 0.259749 1.10032 1.0353 1.04465 0.178179 1.07416 0.430156 0.96224 0.166704 0.94321 0.367178 1.00239 0.656553 0.888367 0.993049 0.563959 0.288525 0.294576 0.366418 0.566009 1.04441 0.25229 0.066494 0.159124 0.0784658 0.684783 1.04271 0.714498 0.56977
0.709599 0.544312 0.494443 0.506243 1.10163 0.370263 0.586343 0.226874 0.411795 1.03142 0.540943 0.746405 0.156918 0.754412 0.842571 0.232536 0.620875 0.837948 0.467108 0.204519 0.621325 0.604873 0.950641 0.620211 0.574519 1.0992 0.514205 0.760269 0.586633 0.39923 0.346041 0.90783 0.599999 0.434165 0.770083 0.351313 0.219279 0.737591 0.818985 0.799257 0.708369 0.944806 1.07027 0.185286 1.2754 0.833848 0.201789 0.867768 1.08315 0.906819 0.152782 1.13886 0.452438 1.05042 0.0382586 1.03628 0.18445 1.07603 0.711557 0.848792 1.16914 0.523496 0.281644 0.0754921 0.367445 0.464023 1.08474 0.375869 0.325705 0.199082 0.0409052 0.588145 1.23334 0.705185 0.633445
0.613581 0.528083 0.529425 0.520079 1.1297 0.365466 0.563189 0.267326 0.31229 0.890333 0.624085 0.840551 0.119685 0.832891 0.84353 0.318671 0.364624 0.904532 0.67788 0.264488 0.743983 0.618227 1.0609 0.572 0.555526 1.07235 0.583989 0.690661 0.496945 0.448889 0.346127 1.02642 0.798124 0.495866 0.668221 0.413343 0.285667 0.619373 0.692403 0.653754 0.829914 0.80704 0.91881 0.282932 1.14823 0.853202 0.243477 0.944026 0.997018 0.999707 0.33655 1.20559 0.45649 1.18148 0.229914 0.956877 0.370871 0.966267 0.849004 1.09706 1.10325 0.689656 0.513794 0.0538474 0.33165 0.452755 1.12325 0.364774 0.115535 0.274639 0.036194 0.609591 1.23573 0.489553 0.676536
0.632416 0.368563 0.578445 0.447018 1.09478 0.409277 0.550982 0.266807 0.203855 1.17769 0.62731 0.83016 0.329684 0.816106 0.97082 0.180181 0.57557 0.864562 0.688525 0.275606 0.530846 0.701853 0.935751 0.58654 0.528647 1.11867 0.714255 0.81115 0.595955 0.363448 0.395727 1.0851 0.731187 0.376184 0.539863 0.535161 0.379675 0.808534 0.744362 0.689946 0.836738 0.941976 0.933902 0.278864 1.28014 0.948304 0.297431 0.884384 0.974636 1.06926 0.306283 1.10847 0.346481 0.946453 0.230974 0.967275 0.288809 0.942848 0.714964 1.03393 0.921603 0.487468 0.375087 0.284974 0.406412 0.504059 0.91335 0.311746 0.275991 0.210843 0.243689 0.651097 0.975208 0.563213 0.800376
0.607722 0.272312 0.470197 0.488972 1.00561 0.510765 0.394301 0.265844 0.242138 1.06956 0.617421 0.803954 0.258238 0.780305 0.977371 0.212125 0.392319 0.915435 0.465888 0.324004 0.604188 0.603115 0.876331 0.678178 0.532743 1.13571 0.531739 0.801766 0.533795 0.509731 0.437388 1.02839 0.736219 0.535402 0.682874 0.437734 0.279942 0.723096 0.839486 0.6622 0.866822 1.01282 0.949068 0.235168 1.00333 0.875183 0.0743315 0.98688 1.19362 0.945886 0.149449 1.07518 0.349914 1.15769 0.11056 0.921234 0.374715 0.979756 0.794882 0.978234 0.901134 0.77635 0.288022 0.304324 0.351619 0.628043 1.14751 0.268913 0.287411 0.180282 0.130339 0.592166 0.970425 0.71492 0.775623
0.577136 0.481147 0.698931 0.446963 1.09999 0.561186 0.409222 0.320494 0.40512 0.892199 0.444861 0.662626 0.277822 0.879499 1.05374 0.117594 0.419755 0.793668 0.463168 0.35644 0.67175 0.580897 0.834336 0.580463 0.739371 0.99489 0.561209 0.813753 0.454488 0.317496 0.428983 0.985481 0.686844 0.628567 0.729307 0.387571 0.307514 0.56299 0.668198 0.624598 0.798994 1.00778 0.984688 0.332119 1.1155 0.891086 0.189548 1.11946 0.918145 0.894234 0.122212 1.06563 0.202046 1.18619 0.0334206 0.979131 0.183238 1.11542 0.875727 1.07715 1.05727 0.603815 0.400047 0.227403 0.303788 0.652352 0.906483 0.350509 0.152678 0.430225 0.306412 0.563771 1.19798 0.524932 0.675664
0.559799 0.295318 0.716375 0.475824 0.891063 0.373359 0.362846 0.377529 0.319515 1.08993 0.428586 0.720975 0.23601 0.851221 0.885839 0.180019 0.524254 0.724563 0.542305 0.077526 0.719872 0.528288 0.904667 0.665283 0.750609 1.03823 0.610225 0.928101 0.497017 0.304947 0.445352 0.982349 0.763888 0.475744 0.550922 0.435116 0.289145 0.719639 0.69441 0.840757 0.621383 0.84128 0.830801 0.135333 1.1337 0.776614 0.348934 1.09551 0.922496 1.09652 0.23259 1.06245 0.372952 1.00008 0.248603 0.942479 0.15669 1.07212 0.811403 1.03168 1.15418 0.674136 0.393257 0.249446 0.230807 0.47922 1.05714 0.257446 0.146597 0.253409 0.252122 0.562019 1.14753 0.60146 0.813264
0.578627 0.526648 0.559067 0.453319 0.869881 0.513619 0.350185 0.399317 0.306106 0.976572 0.641592 0.910384 0.356238 0.89171 0.904143 0.0594723 0.565199 0.702166 0.505679 0.304955 0.514935 0.724673 1.04049 0.673391 0.654653 0.936295 0.5305 0.932213 0.66938 0.459752 0.319056 1.01451 0.609203 0.659158 0.684196 0.585596 0.435927 0.751896 0.856004 0.584088 0.653648 1.05617 0.844733 0.121297 1.12565 0.807576 0.258374 1.12746 1.13697 1.08091 0.112692 1.08444 0.281932 0.890789 0.140532 0.999506 0.156414 0.88737 0.76888 0.935416 1.0433 0.710816 0.301781 0.299649 0.299662 0.529672 1.19201 0.314608 0.166974 0.180756 0.0316777 0.577786 1.18033 0.695454 0.696768
0.580366 0.506266 0.473975 0.492792 1.12486 0.503892 0.637629 0.206546 0.415654 0.887352 0.593095 0.805237 0.354009 0.664734 0.845961 0.275679 0.419413 0.653378 0.580413 0.241872 0.464286 0.496484 1.02331 0.790849 0.502858 1.16727 0.757717 0.651498 0.434006 0.551403 0.290976 0.834153 0.773954 0.564016 0.59953 0.474789 0.387548 0.587681 0.782553 0.568686 0.714671 0.849601 1.05603 0.292965 1.14041 0.788301 0.0659587 0.881623 1.06566 0.949297 0.219245 1.12069 0.442428 1.05081 0.192187 0.893377 0.418274 1.02924 0.911483 0.910768 1.05436 0.714996 0.320214 0.212515 0.354311 0.659614 0.930751 0.225952 0.17593 0.333568 0.319045 0.568147 1.13252 0.644142 0.722086
0.602142 0.36246 0.598564 0.59887 1.15599 0.527502 0.445596 0.229488 0.423502 1.09245 0.605421 0.859572 0.279472 0.860243 0.995129 0.137865 0.56758 0.692255 0.621552 0.0788071 0.509932 0.701338 1.11335 0.54004 0.510885 1.08741 0.707717 0.715741 0.45614 0.370569 0.414586 0.886688 0.685526 0.611991 0.570084 0.336099 0.443686 0.560154 0.951161 0.831266 0.653597 0.804132 0.925919 0.11853 1.04251 0.932178 0.0638156 0.977124 1.16987 1.08428 0.121816 1.01565 0.267136 1.08279 0.0306199 1.07727 0.254192 0.919053 0.700615 0.937289 1.00468 0.768354 0.346022 0.0367125 0.277891 0.582314 1.1349 0.148173 0.215976 0.378055 0.208362 0.629853 0.995284 0.678918 0.809657
0.825132 0.416729 0.677948 0.612299 0.88505 0.353887 0.550339 0.398888 0.237877 1.04092 0.477258 0.749061 0.123945 0.674031 1.00485 0.330436 0.612067 0.68958 0.603683 0.356418 0.748547 0.586464 0.861444 0.760428 0.66608 0.959836 0.786175 0.878509 0.702287 0.400266 0.423282 1.09537 0.722947 0.470203 0.582884 0.453023 0.389406 0.679469 0.893047 0.77888 0.588721 1.04151 0.941241 0.250567 1.17047 0.979505 0.0560889 1.09567 1.12398 1.03956 0.204884 1.01596 0.319536 0.978743 0.0908523 1.10759 0.440973 1.03512 0.734023 1.07782 0.925208 0.674353 0.355073 0.247728 0.265137 0.433701 1.17343 0.307126 0.234547 0.332938 0.164843 0.655973 0.990849 0.66728 0.720814
0.594957 0.25775 0.758792 0.40535 0.944284 0.396574 0.552503 0.207951 0.31127 1.00186 0.602009 0.85399 0.359076 0.880185 0.938288 0.252182 0.423809 0.755611 0.622781 0.204753 0.481237 0.635988 1.1025 0.610672 0.781125 0.950538 0.608473 0.707803 0.488644 0.528004 0.343169 0.847652 0.80585 0.576796 0.749369 0.404813 0.198963 0.590514 0.67941 0.730187 0.816105 0.877964 1.06694 0.193586 1.19114 0.969923 0.199476 0.936608 0.943593 1.1389 0.257801 0.996897 0.405545 1.11543 0.241125 1.0026 0.281874 0.975778 0.696868 0.997888 0.963617 0.579953 0.374783 0.144665 0.288787 0.522676 1.07761 0.254175 0.146865 0.188509 0.202071 0.644432 1.21261 0.683399 0.659191
0.701017 0.423036 0.483216 0.582985 1.14377 0.575044 0.429143 0.409207 0.433357 0.980958 0.622084 0.778171 0.0868504 0.72304 1.13528 0.244425 0.369741 0.774493 0.732513 0.192121 0.509044 0.576423 0.850841 0.772056 0.562085 1.2047 0.64121 0.651118 0.529204 0.362455 0.227888 1.02841 0.802194 0.569747 0.723353 0.461561 0.326004 0.658141 0.744172 0.552122 0.815361 0.888656 0.879253 0.341859 1.03536 0.833553 0.230159 1.03286 1.09564 0.884937 0.195647 1.15761 0.308199 0.966483 0.0318771 0.910456 0.433531 1.04159 0.764992 1.01045 1.05201 0.626247 0.410323 0.26188 0.242614 0.53586 0.950454 0.276319 0.267376 0.236812 0.316416 0.568303 0.982295 0.649869 0.796361
0.67706 0.49336 0.511912 0.39677 1.06279 0.462049 0.635111 0.422097 0.151852 1.01776 0.548004 0.780896 0.109337 0.856094 1.10649 0.0723053 0.358448 0.81961 0.674439 0.0678671 0.616579 0.600991 0.83614 0.66652 0.594265 1.1718 0.714927 0.913842 0.705147 0.427444 0.377538 1.09844 0.790863 0.568656 0.798399 0.569873 0.166813 0.622443 0.712026 0.711326 0.841279 0.819705 1.06015 0.310469 1.05848 0.905893 0.25107 1.07334 1.18032 1.10495 0.213232 1.09875 0.352399 1.13119 0.224397 0.975846 0.408336 0.95451 0.807877 0.995221 1.17895 0.736446 0.280424 0.0726165 0.375309 0.71119 0.953568 0.155825 0.164975 0.316547 0.15438 0.660759 1.10868 0.710949 0.614114
