25 75
0.291442 0.186163 0.398768 0.359054 0.811125 1.04514 0.513887 0.699881 0.378247 0.20141 0.206993 0.317585 0.570403 1.02752 0.783757 0.600847 1.09466 0.733893 0.340882 0.858351 0.769613 0.810321 0.688329 1.01711 0.358728 0.416104 0.654007 0.691549 0.908226 0.441295 0.714667 0.91306 0.0318301 0.574912 0.375887 1.19101 0.660633 0.503884 0.608557 0.308154 0.410426 0.973795 0.715295 1.22675 0.286886 0.230332 0.592891 0.52643 0.409915 0.649509 0.340653 0.458462 0.917378 0.314038 0.983726 0.240783 0.797477 0.341602 1.04474 0.53387 0.415356 0.557011 0.925853 0.268067 1.13413 0.254569 0.299637 0.294909 0.873415 1.09357 0.797451 0.788456 0.626612 0.570215 0.892399
0.183811 0.196788 0.269455 0.181022 0.977414 1.21304 0.303297 0.777024 0.385988 0.383338 0.407764 0.405334 0.447227 0.943027 0.866195 0.563107 0.918231 0.729311 0.305627 0.996622 0.81293 0.974528 0.595887 0.865266 0.254882 0.40334 0.436728 0.747365 0.77044 0.466356 0.759668 0.922556 0.0700024 0.446888 0.37143 1.18687 0.593799 0.572619 0.418628 0.102547 0.491707 1.06637 0.435049 0.980107 0.367607 0.327634 0.635734 0.726802 0.37854 0.691381 0.264219 0.327669 0.880616 0.311041 1.02798 0.273732 0.58898 0.281383 1.08849 0.555823 0.344454 0.544881 1.00467 0.383574 1.00468 0.423017 0.303821 0.307949 1.01035 0.880552 0.746392 0.994373 0.627118 0.435708 0.901822
0.369373 0.238678 0.466361 0.177295 0.833447 1.07462 0.426201 0.72441 0.55052 0.391897 0.32766 0.437954 0.370426 0.980322 0.967506 0.679664 0.929578 0.697452 0.316995 1.04567 0.935865 0.964037 0.5785 1.10212 0.36651 0.418792 0.446134 0.545284 0.881337 0.484566 0.591394 0.828632 0.0112373 0.415928 0.249201 1.26003 0.712912 0.386626 0.607917 0.32597 0.449987 0.979737 0.604569 0.967292 0.393287 0.456051 0.575897 0.630637 0.370036 0.789298 0.270148 0.480018 0.917242 0.255299 0.869997 0.432391 0.66097 0.0518242 1.17345 0.555987 0.321907 0.790931 0.936938 0.280111 1.16859 0.331994 0.260445 0.228866 1.08735 0.905457 0.714789 0.961486 0.574726 0.347927 0.817367
0.265221 0.371175 0.39959 0.349343 0.807303 1.07192 0.508945 0.938092 0.396373 0.270255 0.182757 0.452834 0.512837 1.04908 0.815453 0.694051 1.03068 0.455697 0.198793 1.05159 0.922544 0.7596 0.580901 1.07894 0.398522 0.490752 0.561262 0.788438 0.640743 0.530559 0.757203 0.82467 0.130629 0.476749 0.238144 1.05619 0.596522 0.611312 0.520347 0.304371 0.430084 1.19661 0.500003 1.22842 0.136683 0.270558 0.485601 0.634183 0.464986 0.673022 0.242295 0.384875 0.805693 0.243542 0.857188 0.383713 0.569121 0.103158 0.957495 0.5621 0.506451 0.722571 0.996237 0.459448 1.1566 0.474819 0.303219 0.176064 1.06472 1.06966 0.882186 0.916246 0.857691 0.505303 1.00238
0.195071 0.345873 0.388726 0.353639 0.86082 1.04693 0.340873 0.781074 0.476606 0.453738 0.319708 0.530259 0.41403 1.14868 0.873423 0.715255 0.930045 0.5691 0.248557 0.980843 0.854381 0.972233 0.598231 1.07679 0.283208 0.614806 0.507606 0.57389 0.651712 0.428651 0.553256 0.801317 0.100022 0.546371 0.127643 1.10457 0.631147 0.416083 0.378833 0.154544 0.460753 1.21097 0.509329 1.21858 0.125714 0.453545 0.544915 0.546031 0.24298 0.708815 0.349846 0.430712 0.773774 0.305962 0.818662 0.483012 0.814146 0.152646 1.00787 0.442931 0.516118 0.815845 0.808524 0.273829 1.07135 0.253711 0.140153 0.362366 0.911335 0.94847 0.850251 1.04272 0.818809 0.320384 0.907441
0.152477 0.271165 0.330905 0.273625 1.05065 1.04171 0.317097 0.747175 0.627141 0.22458 0.339681 0.462605 0.470642 1.12835 0.937697 0.704175 1.09962 0.675444 0.41886 1.08959 0.827027 0.993481 0.511581 0.841933 0.29306 0.505707 0.648877 0.736388 0.773594 0.383343 0.587233 0.75415 0.22978 0.366834 0.147178 1.19335 0.778238 0.621378 0.605077 0.118442 0.39839 1.06332 0.62215 1.18452 0.367819 0.275677 0.701142 0.521852 0.200157 0.805052 0.225079 0.60413 1.01414 0.441322 0.836348 0.348967 0.550685 0.257195 0.986915 0.597321 0.439263 0.543109 0.792149 0.201518 1.12277 0.232375 0.317875 0.294013 0.812459 0.843451 0.727855 0.943694 0.72555 0.427489 0.800652
0.186438 0.415591 0.413198 0.0844312 0.969128 1.06918 0.438648 0.724508 0.522666 0.458759 0.356531 0.396699 0.472359 0.926341 0.730633 0.455644 0.959694 0.671415 0.377736 1.01542 0.770783 0.782477 0.670421 1.00069 0.425526 0.45715 0.646359 0.643936 0.616218 0.499782 0.587505 0.810106 0.0108892 0.334375 0.265996 1.20703 0.667596 0.497764 0.530788 0.333322 0.444777 1.0418 0.643748 1.23506 0.364735 0.486602 0.624241 0.517962 0.317851 0.673405 0.311556 0.374607 0.737003 0.147614 0.952615 0.28308 0.659341 0.206572 1.03524 0.51831 0.41004 0.802259 0.758259 0.347244 0.960022 0.387753 0.152884 0.141459 0.827649 0.993078 0.900261 1.00894 0.846796 0.480314 1.00721
0.351807 0.376111 0.385201 0.13367 1.00183 1.1673 0.310616 0.714118 0.663101 0.426817 0.210108 0.400304 0.535057 0.904035 0.924829 0.48285 0.879125 0.532869 0.220934 1.01468 0.985547 0.78572 0.570253 0.91798 0.406779 0.60495 0.519394 0.724107 0.881454 0.656 0.622661 0.691748 0.105173 0.39216 0.313031 0.984042 0.682419 0.535563 0.491735 0.276099 0.376545 0.985716 0.677205 0.972547 0.179745 0.314781 0.655878 0.563097 0.415427 0.678115 0.34142 0.588452 0.831347 0.156802 1.03953 0.402911 0.651757 0.288557 1.02585 0.615022 0.425672 0.613435 0.914549 0.327315 1.12683 0.238367 0.330188 0.157706 1.06367 1.00404 0.675472 1.02535 0.772029 0.489608 0.928463
0.233427 0.27571 0.34141 0.194296 0.924419 0.988851 0.424044 0.792327 0.544196 0.388386 0.363588 0.262089 0.332835 0.956308 0.763747 0.585924 0.95437 0.55801 0.210077 0.868075 0.815737 0.789764 0.667254 1.04682 0.146444 0.538074 0.44226 0.575728 0.617164 0.615687 0.67142 0.745803 0.242564 0.559925 0.346982 1.05239 0.658016 0.584425 0.532533 0.341162 0.600343 1.13012 0.516048 1.03573 0.332652 0.276593 0.581866 0.546808 0.425025 0.726786 0.382673 0.324877 0.965744 0.177325 0.822613 0.385521 0.568517 0.284603 0.996537 0.459259 0.331602 0.782275 0.737522 0.266437 1.02674 0.444455 0.31901 0.117033 1.08088 0.893749 0.880338 0.875161 0.620259 0.506488 0.822619
0.268731 0.142158 0.463847 0.368576 1.05032 1.07116 0.345738 0.88607 0.58737 0.415933 0.193029 0.445699 0.437153 0.991719 0.994173 0.573422 1.11012 0.495369 0.273799 1.10857 0.776749 0.799663 0.669014 1.05962 0.231494 0.617221 0.597695 0.65519 0.909557 0.541916 0.60686 0.833988 0.184612 0.623244 0.377849 1.23206 0.623909 0.391185 0.462566 0.123564 0.646454 1.00865 0.442533 1.13146 0.169677 0.459209 0.670195 0.509441 0.219189 0.59994 0.39515 0.330864 0.980988 0.351711 0.796312 0.454031 0.795385 0.338648 0.956837 0.491918 0.460329 0.817198 0.920166 0.374712 0.892599 0.404236 0.182477 0.153969 1.05412 0.910231 0.692255 0.939847 0.825295 0.472787 0.957961
0.219415 0.219957 0.390438 0.33063 0.99378 1.09546 0.460696 0.864177 0.546656 0.249784 0.167319 0.507278 0.591038 1.01185 0.737035 0.588103 0.973694 0.483289 0.25246 1.07714 0.859601 0.981124 0.568392 1.05272 0.364583 0.519529 0.431519 0.792012 0.738875 0.482668 0.782866 0.678692 0.00783391 0.359124 0.347523 1.23861 0.703059 0.400603 0.388421 0.387885 0.467222 0.994891 0.669646 1.13679 0.193714 0.342922 0.469162 0.666574 0.357978 0.664721 0.248482 0.578448 0.834322 0.225285 1.03733 0.247179 0.774567 0.313024 1.15967 0.65967 0.344961 0.552048 0.978106 0.471679 0.929621 0.380486 0.327397 0.23162 0.970411 0.928816 0.735016 0.934312 0.825351 0.327523 0.783307
0.335222 0.380315 0.395962 0.268759 0.944705 1.24734 0.532162 0.811537 0.601783 0.263015 0.254563 0.315975 0.340155 0.945237 0.759811 0.625313 1.02656 0.591669 0.172221 0.994172 0.935246 0.958081 0.715239 0.947541 0.184353 0.575732 0.526156 0.669111 0.891421 0.467806 0.79692 0.701072 0.235945 0.374934 0.412926 1.15901 0.758602 0.509946 0.423871 0.269573 0.615577 0.922223 0.608204 1.07008 0.128532 0.259257 0.650624 0.73585 0.290441 0.790547 0.287155 0.3444 1.00062 0.31827 0.773132 0.507183 0.772873 0.173612 1.18231 0.657991 0.517742 0.542922 0.911623 0.385815 0.891945 0.235143 0.280407 0.173517 0.922886 0.991493 0.820433 0.964505 0.729447 0.318373 0.922116
0.339481 0.317519 0.347651 0.251467 0.940115 1.08404 0.410434 0.851293 0.551666 0.433966 0.206814 0.325523 0.510676 0.927125 0.788718 0.460068 0.933827 0.706209 0.147895 1.00763 1.00289 0.965939 0.461752 0.982844 0.302312 0.574449 0.551816 0.786434 0.682174 0.421556 0.613622 0.891653 0.073616 0.387771 0.420018 1.16678 0.57071 0.397534 0.535789 0.317704 0.497889 1.2004 0.595018 1.19325 0.22904 0.373973 0.596155 0.672131 0.342549 0.847176 0.396552 0.53969 0.850389 0.358835 0.751682 0.526467 0.588006 0.194185 1.08078 0.599411 0.397015 0.680357 0.913488 0.285221 1.04748 0.24817 0.227786 0.350884 1.00267 0.961085 0.894674 1.0215 0.821988 0.550868 0.912346
0.204348 0.248678 0.256569 0.198105 0.945982 1.22497 0.528822 0.877901 0.542519 0.347153 0.157287 0.538647 0.325828 0.908786 0.879734 0.515776 1.07812 0.605118 0.137634 0.894649 0.796827 0.712046 0.681137 1.06306 0.312369 0.382632 0.445837 0.545329 0.678322 0.549334 0.699508 0.760941 0.126823 0.508959 0.177188 1.20367 0.799904 0.440859 0.386409 0.356844 0.666283 1.06149 0.495011 1.1476 0.346684 0.438018 0.564862 0.725984 0.355123 0.847235 0.258834 0.549457 0.805533 0.403477 0.978343 0.489139 0.742431 0.228001 1.20932 0.503816 0.433331 0.563835 0.795589 0.313257 1.00304 0.306126 0.355614 0.233844 1.01915 1.1015 0.874713 0.895058 0.827595 0.322196 0.890922
0.177678 0.266419 0.465923 0.13779 0.822454 1.08259 0.518159 0.807611 0.6266 0.43458 0.407991 0.545041 0.569784 0.993106 1.00035 0.598051 1.14941 0.590713 0.385595 1.00274 0.806694 0.957787 0.466142 1.02856 0.39723 0.346456 0.726099 0.637995 0.70707 0.449865 0.725064 0.718482 0.113706 0.331843 0.312022 1.01037 0.849504 0.581296 0.491196 0.163671 0.510836 1.0537 0.625275 1.24661 0.181902 0.318119 0.705921 0.711086 0.422058 0.694507 0.4363 0.545737 0.894871 0.295033 0.970747 0.508467 0.822264 0.105129 0.983784 0.614783 0.421542 0.652825 0.87216 0.270943 1.08438 0.455527 0.209322 0.302155 1.01255 0.885282 0.892291 0.805151 0.858333 0.579294 0.880004
0.326051 0.212253 0.464037 0.114516 0.911052 1.23118 0.523862 0.769609 0.379921 0.45213 0.228038 0.373316 0.343179 0.953254 0.993595 0.445957 1.00128 0.618407 0.208786 1.10364 0.799748 0.935127 0.716449 1.00641 0.228423 0.338856 0.677377 0.677403 0.72092 0.609067 0.735292 0.660009 0.273524 0.397809 0.391963 1.26963 0.803685 0.500269 0.48008 0.389527 0.568082 1.09516 0.488383 1.19771 0.350849 0.456366 0.66675 0.770634 0.233874 0.649204 0.434229 0.455323 0.92281 0.340629 1.03589 0.446001 0.832927 0.0515965 1.13437 0.438879 0.318166 0.674493 0.928955 0.263537 1.08516 0.281552 0.201465 0.261173 0.955696 0.853299 0.759605 0.947826 0.704261 0.475343 1.01655
0.0861931 0.168058 0.389423 0.147993 0.971301 1.23476 0.431738 0.777323 0.569313 0.319015 0.250896 0.458536 0.440162 1.02303 0.808354 0.458829 1.0504 0.475293 0.182463 0.892088 0.754508 0.954688 0.455983 0.968148 0.199574 0.560157 0.700328 0.803561 0.727669 0.609541 0.640631 0.735125 0.102028 0.400868 0.26528 1.17102 0.850413 0.603615 0.576114 0.27474 0.424265 1.19398 0.617031 1.20482 0.235123 0.442432 0.494338 0.547958 0.330941 0.828166 0.252943 0.342932 0.977998 0.178754 0.970819 0.358464 0.706576 0.329912 1.21156 0.49414 0.471161 0.761624 0.778195 0.397386 1.03375 0.321231 0.137144 0.104513 0.982637 1.07832 0.823833 0.794758 0.678156 0.368809 0.910481
0.147007 0.330677 0.356654 0.187078 1.00125 1.13621 0.465401 0.89903 0.66785 0.247177 0.392968 0.45507 0.462072 0.902106 0.991369 0.571091 0.864948 0.655069 0.309954 1.02783 0.903067 0.817249 0.653762 0.998741 0.264081 0.566412 0.492519 0.697935 0.873362 0.485029 0.697598 0.760821 0.102576 0.330693 0.351607 1.0819 0.634121 0.603182 0.462796 0.394001 0.50179 1.00474 0.635115 1.13873 0.291159 0.477619 0.531801 0.555969 0.224902 0.798503 0.309353 0.567978 1.0025 0.329298 0.790216 0.280929 0.628624 0.272298 0.998494 0.400037 0.300372 0.717727 1.02123 0.20612 1.15911 0.376634 0.28475 0.107823 0.951858 1.0742 0.712606 1.0727 0.768372 0.433665 0.958013
0.14554 0.398434 0.338872 0.228347 1.0269 0.973602 0.554217 0.703558 0.420655 0.322004 0.164812 0.3431 0.51892 0.936622 0.866035 0.713229 0.904607 0.67533 0.313268 0.83959 1.03557 0.77158 0.609883 0.938404 0.325185 0.446771 0.603548 0.711253 0.661359 0.402101 0.553484 0.782654 0.101276 0.412292 0.404602 0.995659 0.610651 0.37654 0.542189 0.311889 0.627743 0.971634 0.56486 0.966766 0.243353 0.219893 0.754288 0.633313 0.173901 0.707356 0.23207 0.326817 0.961395 0.405699 0.845783 0.394469 0.648377 0.0593283 1.21672 0.414719 0.430676 0.60785 0.748304 0.35302 0.875188 0.344491 0.323169 0.279272 0.893884 1.09084 0.741898 1.04484 0.789066 0.309461 0.881283
0.238626 0.131865 0.388478 0.155181 0.836782 0.963381 0.386984 0.709536 0.479421 0.423348 0.190691 0.321233 0.350021 0.902332 0.905413 0.427793 1.05656 0.538762 0.314354 1.02352 0.946661 0.904705 0.559825 0.88612 0.385158 0.560363 0.432072 0.556744 0.88275 0.523024 0.689478 0.904229 0.196947 0.347398 0.312332 1.03583 0.639108 0.61302 0.508958 0.137281 0.658525 0.974419 0.623284 1.22202 0.363073 0.276771 0.585076 0.69988 0.335439 0.606488 0.358077 0.334038 0.906884 0.417869 0.880645 0.478162 0.55813 0.150578 1.23381 0.47755 0.455853 0.623881 0.794464 0.380601 0.953221 0.415761 0.274056 0.207016 0.885374 0.8194 0.89071 1.00386 0.685336 0.526664 0.824125
0.27997 0.309369 0.445118 0.131095 1.08842 1.22519 0.403068 0.696247 0.384384 0.393749 0.383704 0.471054 0.45169 0.945415 0.71534 0.692344 1.14639 0.569466 0.324036 0.9742 0.800722 0.773572 0.705052 0.886796 0.169961 0.35011 0.440402 0.810756 0.834956 0.364917 0.732784 0.796702 0.227828 0.509918 0.223971 1.26071 0.849634 0.51832 0.557506 0.35834 0.405281 1.03911 0.483045 1.1111 0.349711 0.321338 0.748504 0.643019 0.418783 0.634662 0.355509 0.57152 0.794601 0.177949 0.931826 0.418658 0.827385 0.165459 1.01071 0.498172 0.351666 0.80915 1.01722 0.396011 1.00321 0.474999 0.392936 0.214193 1.00722 0.855542 0.92555 0.963232 0.798887 0.51889 1.01268
0.204635 0.126755 0.231776 0.0773641 0.857983 1.23056 0.379193 0.799082 0.42069 0.313614 0.215638 0.264 0.467651 0.884331 0.831808 0.469735 1.01137 0.633318 0.358045 1.03924 0.92164 0.884465 0.45085 1.01495 0.223023 0.384127 0.46133 0.577275 0.751525 0.437558 0.801801 0.664258 0.18832 0.475713 0.167867 1.12103 0.582049 0.378378 0.402556 0.189522 0.551674 1.09511 0.637094 1.10893 0.139817 0.417668 0.68279 0.695188 0.358179 0.800097 0.341402 0.326679 1.00651 0.2416 0.804184 0.439045 0.603522 0.24247 1.16279 0.566303 0.261868 0.794802 0.888069 0.411799 1.10422 0.34115 0.401539 0.293217 1.01533 0.939989 0.815113 1.02542 0.842635 0.450783 0.957978
0.137716 0.298399 0.289134 0.109601 0.987667 1.12015 0.305097 0.918883 0.639536 0.345279 0.325142 0.55341 0.418488 0.97175 0.946627 0.6788 1.13941 0.544752 0.132447 0.84254 0.933703 0.976159 0.555238 0.840661 0.289543 0.423786 0.701618 0.744315 0.798087 0.44382 0.743987 0.921789 0.289404 0.387886 0.28498 1.14922 0.648568 0.607797 0.590852 0.368584 0.65711 1.02704 0.726116 0.977825 0.356044 0.460268 0.750527 0.552791 0.463468 0.749945 0.419031 0.541651 0.771413 0.189438 0.751133 0.416911 0.72446 0.171502 0.962421 0.661434 0.490656 0.679438 0.873472 0.245221 0.983591 0.217787 0.270228 0.217544 0.847126 0.94544 0.797255 1.03973 0.849247 0.537666 0.965482
0.208756 0.259905 0.50227 0.172412 1.06702 1.13317 0.512201 0.847731 0.573782 0.223875 0.232881 0.321424 0.595032 0.995217 0.736388 0.678441 1.02741 0.737315 0.257207 0.934031 0.996651 0.771165 0.710238 0.831647 0.162876 0.505544 0.585202 0.69211 0.765116 0.60553 0.639574 0.924751 0.0288427 0.487673 0.249927 1.07525 0.779892 0.407344 0.43323 0.266972 0.602726 1.20067 0.427235 1.03613 0.258586 0.483332 0.659847 0.72692 0.278909 0.863969 0.461169 0.323047 0.866741 0.344095 0.759907 0.305725 0.607597 0.255082 1.0452 0.517396 0.533674 0.542184 0.957836 0.263929 1.07709 0.306953 0.32179 0.181141 0.915816 1.05413 0.8301 0.82954 0.633412 0.531084 0.986481
0.266445 0.261461 0.305582 0.177272 1.03824 1.24775 0.552372 0.759364 0.598147 0.221168 0.362725 0.259495 0.322982 1.03901 0.922183 0.581505 1.1358 0.706752 0.138937 1.0444 0.887538 0.938873 0.713315 1.00043 0.379319 0.596963 0.539557 0.701537 0.647411 0.403539 0.612163 0.875776 0.182672 0.580416 0.166229 1.02915 0.605711 0.52444 0.483556 0.193087 0.414782 0.937611 0.638008 1.02064 0.317141 0.262296 0.666216 0.627219 0.334679 0.77295 0.410542 0.529991 0.924771 0.209864 0.970317 0.451037 0.79775 0.12163 1.24142 0.393447 0.265998 0.712823 0.86978 0.450499 1.00186 0.327439 0.185583 0.256209 1.07369 0.938035 0.783007 1.00147 0.572481 0.567796 0.91038
