25 75
0.733038 0.194872 0.534196 0.3234 1.04326 0.781772 0.827317 0.417498 0.907088 0.702866 0.643804 0.410121 0.551377 0.125434 0.629362 0.38731 0.980739 0.374087 0.695445 1.15909 0.922743 0.3558 1.16181 0.689544 0.507255 1.01071 0.832785 0.681409 0.807743 0.651816 0.579858 0.194389 0.153768 0.276263 0.411112 0.414665 0.7872 0.247932 1.18225 0.362776 1.02475 0.655452 0.562082 0.491167 0.820429 0.382085 0.51816 0.926117 0.9453 0.383526 0.569118 0.493118 0.516464 0.241808 0.29717 1.17253 0.826059 0.632287 0.338938 0.39686 0.996379 0.151297 0.753462 1.00049 0.334195 1.10444 0.0334458 0.607382 0.602394 0.185783 0.491183 0.606103 0.349009 0.321315 0.234306
0.646318 0.333093 0.500491 0.442656 0.843557 0.675749 0.7687 0.252105 1.08359 0.82346 0.488495 0.556177 0.665644 0.326802 0.462388 0.3015 1.0227 0.493594 0.977022 1.11511 0.884682 0.227133 1.20429 0.51164 0.449696 0.817914 0.956714 0.576255 0.917362 0.676051 0.562634 0.39495 0.215252 0.259018 0.227295 0.433806 0.728844 0.183205 1.14325 0.479708 1.09634 0.663901 0.787372 0.497977 0.812388 0.302241 0.57238 1.1434 1.0051 0.270729 0.492261 0.41246 0.571393 0.32183 0.289497 1.06965 0.895046 0.526231 0.114395 0.375044 0.799989 0.169317 0.737976 1.20091 0.428586 1.25315 0.062474 0.59055 0.436425 0.229086 0.523967 0.508664 0.21713 0.550876 0.17102
0.537324 0.34939 0.557116 0.557148 0.878679 0.799885 0.83472 0.35353 0.983011 0.593136 0.673865 0.326286 0.466569 0.110431 0.49077 0.523817 0.911787 0.396964 0.863771 1.10584 0.795726 0.388523 1.14512 0.449187 0.424167 1.04259 0.814198 0.734484 0.750869 0.581705 0.549983 0.239905 0.228788 0.368537 0.209947 0.456893 0.813133 0.254736 1.02929 0.412746 0.869231 0.699977 0.623493 0.4087 0.811024 0.209468 0.632776 0.913455 0.998401 0.286722 0.570451 0.370759 0.646625 0.383708 0.162857 1.05295 0.964899 0.620673 0.213466 0.490149 1.00088 0.255219 0.756383 1.15272 0.333207 1.26353 0.220271 0.826875 0.531816 0.255259 0.509715 0.431441 0.202225 0.338346 0.317901
0.755802 0.232646 0.442501 0.581767 1.02618 0.802988 0.890701 0.184048 1.06941 0.720625 0.587401 0.363319 0.620605 0.175338 0.622621 0.517849 1.00975 0.601295 0.938566 1.21056 0.953771 0.1026 1.14209 0.567553 0.420973 0.853254 0.87091 0.637064 0.827746 0.615488 0.523072 0.2677 0.161288 0.293821 0.403301 0.507597 0.746368 0.0744634 1.0308 0.20217 0.986596 0.693268 0.60601 0.243748 0.895181 0.280589 0.542215 1.19113 0.877463 0.469131 0.511821 0.514072 0.631758 0.477557 0.0928772 1.05207 0.840443 0.449604 0.163146 0.362411 0.832889 0.144255 0.765412 1.23578 0.493808 1.12697 0.0279264 0.740718 0.541055 0.29715 0.565143 0.512856 0.229763 0.310835 0.24029
0.692353 0.361048 0.570611 0.469253 0.918172 0.715797 0.777411 0.455032 0.994757 0.567899 0.411292 0.504375 0.4393 0.175496 0.710805 0.4198 1.01267 0.423793 0.863615 1.18374 0.835417 0.352691 1.2295 0.518108 0.392138 0.942253 0.850379 0.679695 0.787271 0.719706 0.475798 0.365145 0.21042 0.174095 0.314344 0.351701 0.747938 0.173098 1.2539 0.455436 0.973323 0.773053 0.54272 0.302758 0.629025 0.242075 0.609874 1.18972 0.869758 0.48571 0.542677 0.409495 0.60656 0.475227 0.109414 1.20117 0.972159 0.626614 0.230689 0.367364 0.991673 0.0550319 0.798502 0.998017 0.34048 1.18763 0.314023 0.645542 0.406874 0.343678 0.421754 0.349484 0.196475 0.455417 0.233158
0.532739 0.301475 0.502657 0.428368 0.876948 0.839841 0.917946 0.381055 0.992162 0.57156 0.642365 0.472763 0.706172 0.28843 0.720995 0.275192 1.00344 0.363794 0.826203 0.980091 0.839784 0.115534 1.1402 0.451306 0.485975 0.986438 0.985071 0.527722 0.817742 0.545942 0.562839 0.281847 0.317909 0.384494 0.395982 0.600433 0.653135 0.118078 1.11601 0.255704 1.07062 0.747898 0.783832 0.254578 0.828352 0.330858 0.629795 1.0932 0.956803 0.23647 0.392973 0.309487 0.485114 0.251461 0.112149 1.03007 1.08313 0.631103 0.238267 0.387302 0.867898 0.159212 0.898369 1.0877 0.428648 1.12776 0.135444 0.722261 0.372207 0.190191 0.550637 0.358234 0.252198 0.512588 0.0997913
0.778741 0.18392 0.459227 0.310121 1.00694 0.627257 0.806164 0.342041 1.13481 0.680886 0.600795 0.314763 0.573137 0.0937503 0.475725 0.498581 0.785572 0.477339 0.943619 0.994613 1.06314 0.296711 1.17088 0.726383 0.243326 0.982084 0.958783 0.70123 0.844393 0.67899 0.517775 0.284983 0.315307 0.255339 0.29872 0.552805 0.612598 0.212405 1.16981 0.271195 0.868345 0.741256 0.80004 0.382514 0.910162 0.421028 0.570691 0.956018 1.01189 0.258133 0.619564 0.297364 0.463817 0.280297 0.247312 1.17353 0.886698 0.397482 0.286403 0.534512 0.844436 0.0682105 0.721206 1.20244 0.333519 1.1414 0.126396 0.620463 0.517568 0.260994 0.398653 0.540234 0.230042 0.497475 0.0938956
0.518274 0.139425 0.575122 0.290718 0.931353 0.850686 0.985905 0.283146 0.853598 0.832645 0.441508 0.428084 0.60908 0.291598 0.60087 0.392455 1.03462 0.367194 0.765106 0.929674 0.969125 0.147226 1.15099 0.484776 0.324101 0.822305 0.918899 0.526854 0.980151 0.707372 0.411802 0.295897 0.200438 0.345679 0.275565 0.391021 0.732983 0.0547003 1.08887 0.421624 0.976856 0.762259 0.76559 0.315423 0.725026 0.205215 0.587321 1.17034 0.968306 0.216088 0.666199 0.352375 0.672271 0.410054 0.28143 1.16454 0.924979 0.65288 0.295905 0.337904 0.726738 0.0115388 0.759341 1.16484 0.486186 1.27334 0.173526 0.851187 0.433367 0.209298 0.510058 0.474652 0.0748861 0.571351 0.302226
0.784079 0.172794 0.526847 0.373983 1.0673 0.69545 0.97382 0.449317 0.914292 0.677618 0.692752 0.487379 0.459237 0.255238 0.506469 0.450513 0.973365 0.639216 0.741808 1.14928 0.920183 0.260313 1.19392 0.52634 0.509389 1.07004 0.854059 0.516446 0.83874 0.545404 0.493254 0.294616 0.132617 0.245789 0.429874 0.637038 0.59683 0.0821728 1.15416 0.358314 1.04468 0.543808 0.539134 0.524924 0.676314 0.372391 0.689235 1.01765 0.993253 0.299648 0.392418 0.416515 0.608032 0.477523 0.269883 1.2487 0.871718 0.582517 0.201353 0.477402 0.722091 0.173093 0.738801 1.0338 0.395371 1.13623 0.118552 0.768511 0.449459 0.158494 0.511512 0.465874 0.365241 0.507937 0.168663
0.519701 0.193433 0.624313 0.571102 0.9837 0.896105 0.851797 0.405561 1.11658 0.610007 0.597165 0.573464 0.520711 0.381556 0.558301 0.458173 0.861737 0.364475 0.712149 1.02713 0.807615 0.321601 1.09853 0.683471 0.377998 0.813439 0.990051 0.511311 0.942016 0.557802 0.558139 0.360257 0.22396 0.291563 0.26318 0.56618 0.791997 0.21898 1.20384 0.35365 0.927945 0.672172 0.739841 0.501729 0.681812 0.184052 0.669133 0.977239 0.838478 0.267877 0.42349 0.231646 0.595254 0.283642 0.297571 1.04018 0.922907 0.457851 0.313594 0.447229 0.731994 0.268847 0.693519 1.18667 0.525948 1.13155 0.0657956 0.650818 0.426955 0.208217 0.379735 0.586525 0.145197 0.536639 0.0961579
0.644084 0.261066 0.653347 0.526126 0.907494 0.724055 0.752701 0.413046 1.08709 0.714105 0.666334 0.416844 0.419255 0.219343 0.701839 0.423775 1.03056 0.372628 0.964879 1.20043 1.0184 0.183098 1.20764 0.468358 0.335021 0.908995 0.898326 0.754495 0.89615 0.690945 0.605836 0.224911 0.291666 0.229256 0.417712 0.359991 0.83824 0.0643705 1.15968 0.381945 0.875249 0.762777 0.685635 0.51916 0.705365 0.462558 0.527693 0.978343 0.851532 0.436722 0.612941 0.41636 0.438901 0.327871 0.190673 1.19135 0.891348 0.432508 0.317819 0.299189 0.856452 0.27745 0.953236 1.05296 0.255807 1.23612 0.238065 0.773428 0.397128 0.313087 0.383988 0.334277 0.206594 0.517631 0.335508
0.728587 0.315342 0.529996 0.408691 0.964896 0.624418 0.870315 0.238849 0.957956 0.826242 0.506225 0.58348 0.579377 0.202766 0.565125 0.380588 1.05092 0.477011 0.806302 1.17866 0.811055 0.227656 1.16038 0.493253 0.485556 0.822585 1.04059 0.676009 0.872857 0.751007 0.438421 0.155372 0.23976 0.287524 0.195191 0.371331 0.747294 0.238235 1.22496 0.235396 0.926915 0.508726 0.825757 0.420953 0.852775 0.217644 0.40883 1.06052 0.772586 0.448249 0.451733 0.267854 0.425419 0.465304 0.254597 1.13244 0.995485 0.477043 0.117968 0.564713 0.853412 0.259744 0.916008 1.06608 0.377698 1.14299 0.0936956 0.725957 0.516684 0.135579 0.376296 0.455544 0.194268 0.597073 0.212876
0.640135 0.328461 0.393004 0.531823 0.898684 0.813021 0.791791 0.290665 0.841818 0.803184 0.40636 0.581416 0.700463 0.37506 0.475511 0.493006 0.92616 0.60412 0.910164 1.14036 0.996537 0.101966 1.25034 0.475957 0.413392 0.82496 0.889401 0.520127 0.970304 0.813083 0.453959 0.351419 0.0594222 0.322015 0.457833 0.429025 0.767422 0.0200578 1.20779 0.340046 0.838334 0.582488 0.752185 0.480945 0.725509 0.259455 0.59909 1.0924 0.94448 0.428198 0.673217 0.27929 0.40639 0.394162 0.0984212 1.22035 1.03748 0.456943 0.109591 0.591967 0.983012 0.297807 0.934677 1.16165 0.508612 1.11647 0.0177878 0.61308 0.439412 0.101311 0.501899 0.392715 0.136925 0.357447 0.19558
0.517738 0.0895653 0.437572 0.300761 0.825957 0.751807 0.902519 0.401728 1.06517 0.560963 0.496994 0.362659 0.413908 0.29803 0.690001 0.265171 0.788163 0.549797 0.734943 0.931696 1.01148 0.307367 1.16156 0.657161 0.381561 0.782747 0.848263 0.565429 0.744554 0.833933 0.637697 0.284868 0.0662582 0.244799 0.198179 0.357228 0.805481 0.113417 1.16685 0.243459 0.893537 0.493387 0.763939 0.408188 0.782043 0.411815 0.455971 1.16524 0.837404 0.438554 0.454861 0.460423 0.573383 0.337457 0.206906 1.03781 0.977007 0.680023 0.144459 0.375724 0.850568 0.299336 0.922451 1.05434 0.437327 1.17025 0.281993 0.773611 0.519124 0.240713 0.485526 0.399658 0.368472 0.397364 0.293654
0.71856 0.276748 0.498783 0.35497 0.944402 0.850753 1.01469 0.370155 1.10262 0.832096 0.434931 0.592259 0.570975 0.146148 0.531325 0.424601 0.966483 0.410453 0.740465 1.04794 1.02145 0.29954 1.1806 0.640801 0.384431 0.81206 1.05128 0.636086 0.929009 0.665338 0.485537 0.225632 0.313864 0.169969 0.248406 0.360635 0.754497 0.194359 1.05463 0.237501 0.990729 0.518673 0.582217 0.52968 0.784168 0.294234 0.540548 0.939031 0.883651 0.377354 0.650987 0.412451 0.550611 0.360671 0.283129 1.16862 0.890969 0.497754 0.147881 0.401408 0.827461 0.255821 0.753364 1.25227 0.404688 1.12431 0.152784 0.804294 0.434398 0.274163 0.528641 0.467189 0.102623 0.429799 0.0579823
0.559049 0.19114 0.629876 0.560182 0.869086 0.614682 0.866031 0.274505 1.13335 0.561067 0.563357 0.453963 0.423585 0.382241 0.559033 0.442177 0.794028 0.433949 0.825184 1.1774 1.08102 0.186157 1.22981 0.563801 0.49165 0.921474 0.880049 0.599793 0.761164 0.775308 0.472842 0.325218 0.145255 0.37662 0.451 0.504671 0.842182 0.0582725 1.19304 0.202584 1.04781 0.754175 0.750583 0.440529 0.702373 0.267834 0.492628 1.09746 0.802094 0.397242 0.568558 0.28034 0.590606 0.220521 0.245944 1.2044 1.08146 0.489258 0.297583 0.413648 0.896792 0.15603 0.904135 1.18153 0.36537 0.989713 0.0704521 0.776003 0.46297 0.101743 0.421594 0.565227 0.306436 0.437409 0.203988
0.560194 0.170417 0.649927 0.584337 0.945275 0.876873 0.971104 0.304265 1.01293 0.798546 0.599556 0.582096 0.479879 0.0972159 0.453234 0.295885 0.874017 0.603663 0.976215 1.15341 1.07072 0.263898 1.047 0.551534 0.322951 0.913779 0.980333 0.728609 0.737213 0.728777 0.50604 0.158094 0.111566 0.331399 0.166579 0.447655 0.767801 0.214423 1.05057 0.228323 1.08923 0.548885 0.569408 0.492832 0.869804 0.220598 0.444224 1.00652 0.944914 0.198646 0.65386 0.290868 0.426482 0.276108 0.154912 1.14742 0.93069 0.68589 0.0932897 0.504139 0.783063 0.130829 0.852076 1.03806 0.511682 1.10087 0.0226976 0.796912 0.525843 0.346554 0.488721 0.390961 0.312767 0.449666 0.174378
0.548483 0.0926021 0.391112 0.583625 1.02418 0.655123 0.905223 0.18029 0.968168 0.553215 0.588536 0.363794 0.670858 0.272374 0.486716 0.548523 0.829332 0.43598 0.696175 0.989194 0.786039 0.346093 1.26552 0.536858 0.422702 0.832151 0.9297 0.586161 0.815756 0.704915 0.458064 0.172697 0.260184 0.133448 0.250613 0.433352 0.731467 0.211464 1.07997 0.398202 0.874031 0.583441 0.536574 0.359901 0.69987 0.347275 0.421941 1.03491 0.746512 0.25092 0.610972 0.372631 0.514903 0.453087 0.0745551 1.02922 1.05944 0.660407 0.254458 0.529745 0.865052 0.0761493 0.914163 1.13868 0.26783 1.11963 0.0776197 0.670737 0.43713 0.288801 0.57314 0.552575 0.0834991 0.304536 0.0953181
0.719866 0.201188 0.44103 0.554731 0.816143 0.625893 0.983735 0.203551 0.924939 0.587353 0.438105 0.456006 0.433328 0.201586 0.725672 0.420398 0.89635 0.411185 0.694572 0.974733 0.836795 0.172395 1.12315 0.500266 0.510605 0.868639 0.922699 0.727383 0.944273 0.689446 0.643599 0.337171 0.227154 0.153395 0.339646 0.543794 0.636659 0.0307913 1.2425 0.335884 1.06537 0.475687 0.554929 0.493095 0.820701 0.466003 0.408592 1.00475 0.941625 0.397463 0.516637 0.479225 0.482829 0.442254 0.157279 0.99393 0.882892 0.483361 0.295918 0.56542 0.798007 0.283473 0.705853 1.26689 0.471859 1.06047 0.184755 0.579531 0.503275 0.332162 0.325438 0.342051 0.118275 0.339773 0.12213
0.63109 0.123805 0.471686 0.332912 0.92325 0.88232 0.762499 0.228428 0.9333 0.635787 0.439002 0.318257 0.645 0.165846 0.523607 0.433836 1.0164 0.37412 0.848623 1.21061 0.954227 0.285088 1.20679 0.744502 0.506732 1.06642 0.83739 0.750364 0.899787 0.734109 0.490393 0.378614 0.146489 0.355258 0.279868 0.341899 0.781042 0.160817 1.22959 0.461506 0.887254 0.51783 0.716151 0.28446 0.774505 0.174708 0.594659 1.03146 0.997129 0.268979 0.458423 0.43782 0.469244 0.494556 0.192655 1.08207 0.951044 0.590343 0.231136 0.572363 0.926172 0.237065 0.953801 1.23556 0.254187 1.20104 0.0423045 0.828747 0.591105 0.182018 0.508899 0.383438 0.176442 0.41221 0.0522496
0.552885 0.249058 0.47618 0.429771 0.883057 0.817196 0.898587 0.205178 0.970401 0.651221 0.566794 0.448692 0.514006 0.100606 0.486744 0.408253 0.827444 0.529406 0.76017 0.93474 1.00253 0.314365 1.2317 0.633149 0.281672 0.841458 0.932578 0.615999 0.824707 0.656645 0.478829 0.160193 0.0389955 0.327779 0.172443 0.461441 0.852605 0.0962486 1.18656 0.366416 1.05674 0.523372 0.701432 0.250987 0.672811 0.300422 0.576286 1.10199 0.932377 0.357375 0.575652 0.327361 0.573296 0.388016 0.113216 1.09084 0.807034 0.496735 0.242713 0.326505 0.829296 0.115236 0.731573 1.01347 0.370925 1.22759 0.115848 0.818571 0.576506 0.363053 0.398458 0.389459 0.171607 0.375405 0.344809
0.632654 0.27101 0.386565 0.473141 0.931127 0.83679 0.92851 0.38429 0.884096 0.649385 0.65947 0.503841 0.670375 0.246507 0.647178 0.502966 0.794734 0.445403 0.832412 0.97592 0.998973 0.245332 1.1185 0.69092 0.44747 0.803797 1.06613 0.579357 0.745872 0.824701 0.58051 0.273835 0.15212 0.407729 0.201468 0.503548 0.690255 0.13421 1.20618 0.245461 1.07982 0.694848 0.79548 0.334251 0.740411 0.434322 0.402883 1.15784 0.819344 0.375975 0.527027 0.371936 0.599837 0.390353 0.336727 1.05361 1.04628 0.416245 0.266426 0.372043 0.75482 0.142016 0.88327 1.19604 0.489406 1.19656 0.245564 0.559467 0.443439 0.315029 0.605382 0.360417 0.155245 0.543715 0.231416
0.720592 0.239024 0.525958 0.351894 0.838162 0.854322 0.893909 0.262237 0.952787 0.58839 0.417264 0.541486 0.628261 0.33176 0.734965 0.412719 0.834927 0.436919 0.951391 1.01165 1.08115 0.10952 1.22268 0.549869 0.265939 0.871999 1.0519 0.764158 0.914575 0.58563 0.52461 0.196355 0.164451 0.323401 0.28431 0.627503 0.623551 0.295829 1.22306 0.475265 0.969331 0.752091 0.636344 0.449257 0.834538 0.36562 0.569329 1.14645 0.965626 0.251336 0.411779 0.505304 0.648118 0.317104 0.343823 1.23992 0.965352 0.661064 0.206114 0.549657 0.760413 0.288102 0.670088 1.22438 0.386621 1.08779 0.150796 0.670402 0.54936 0.211625 0.474468 0.404563 0.279376 0.488871 0.136761
0.606264 0.0977575 0.433265 0.411572 0.86756 0.691126 0.899347 0.361123 1.03091 0.558977 0.580918 0.576458 0.650965 0.255711 0.696417 0.283893 0.993188 0.550782 0.843105 1.1287 1.032 0.155754 1.12841 0.497852 0.326829 0.896856 0.857071 0.764051 0.941294 0.633232 0.658614 0.147057 0.139574 0.262726 0.196375 0.570681 0.733711 0.206141 1.22388 0.474922 0.837017 0.592117 0.697327 0.488827 0.693964 0.265295 0.671601 0.902585 0.835223 0.4758 0.643694 0.418141 0.558815 0.282406 0.260698 1.19444 0.904042 0.517343 0.0985417 0.499173 0.948055 0.253874 0.735745 1.17461 0.448247 1.12911 0.194671 0.577676 0.353086 0.392691 0.392038 0.602219 0.248864 0.330034 0.287082
0.692826 0.150887 0.530366 0.298883 1.10509 0.68005 0.788728 0.409147 1.10277 0.625865 0.605688 0.433183 0.626545 0.242098 0.660588 0.285764 0.945086 0.590116 0.744312 1.14507 0.829163 0.382065 1.04842 0.545687 0.48569 1.03711 0.920545 0.545044 0.869513 0.825146 0.498878 0.350778 0.214617 0.143507 0.223737 0.371323 0.878168 0.13213 1.24033 0.436711 0.958847 0.477536 0.77076 0.244581 0.776674 0.201315 0.404131 0.939098 0.812945 0.243474 0.57782 0.344076 0.583356 0.302593 0.177088 0.963387 1.04001 0.549921 0.10866 0.404288 0.717107 0.00798462 0.802973 1.03151 0.535475 1.07997 0.0427125 0.781114 0.497587 0.195558 0.445051 0.567144 0.124331 0.408452 0.283557
