25 75
0.466945 1.09052 0.847691 0.712905 0.161248 0.383844 0.540778 0.521273 0.826776 0.327531 0.828456 0.3093 0.446668 0.670878 0.104458 0.769605 0.110437 0.325606 0.401588 0.56949 0.488885 1.01091 1.15052 0.462194 0.741373 1.16653 0.779413 0.306634 0.234357 0.776209 1.16936 1.01202 0.975425 0.28068 0.542526 0.674453 0.553735 0.939795 0.927674 0.452717 0.518572 0.557323 0.175843 1.13008 0.885169 0.517915 0.995328 0.556952 0.527737 0.45902 1.24919 0.407168 0.17407 0.284237 0.144902 1.08489 0.0714176 0.374215 0.515392 0.471894 0.222156 0.997379 0.165145 1.05554 0.332729 0.970143 0.427782 0.495228 1.07584 0.629363 0.982471 0.563377 0.329391 0.501645 0.365282
0.343101 0.90239 0.859682 0.556643 0.288352 0.214266 0.60426 0.343757 0.620591 0.349474 0.819735 0.335391 0.375085 0.797218 0.322721 0.662677 0.0165453 0.239474 0.46276 0.413362 0.741437 1.04929 1.09122 0.433683 0.688122 1.05492 0.90148 0.239483 0.468756 0.886795 1.16738 0.996946 0.887604 0.49419 0.659639 0.871453 0.750053 1.02267 0.736968 0.594349 0.689859 0.420741 0.101233 1.0706 0.91434 0.311917 1.02386 0.571099 0.499632 0.295233 1.13326 0.447772 0.251637 0.426849 0.0493684 1.12044 0.314225 0.346255 0.263611 0.348582 0.0715972 0.86321 0.320928 1.1473 0.467435 0.825559 0.458948 0.468911 0.977328 0.666591 1.05104 0.685924 0.341651 0.490942 0.307156
0.414035 1.05576 1.01163 0.759872 0.351959 0.218151 0.635384 0.405053 0.667962 0.277519 0.733119 0.0769956 0.462281 0.836001 0.26752 0.815488 0.143571 0.185527 0.450395 0.548588 0.735621 1.03337 1.08526 0.367253 0.864912 1.12134 0.699171 0.369249 0.479811 0.745558 1.16507 1.13244 1.14006 0.424429 0.540647 0.669852 0.512728 1.0917 0.979429 0.615718 0.548157 0.414931 0.115819 1.10565 1.12217 0.316565 1.15954 0.695275 0.529628 0.428518 1.24987 0.290927 0.359519 0.460453 0.115937 0.94602 0.184326 0.378671 0.513728 0.313011 0.255593 0.872795 0.429659 1.05492 0.468391 1.01653 0.618124 0.568677 1.03512 0.528968 1.13176 0.57887 0.321099 0.45584 0.0975142
0.280385 0.891301 1.02458 0.52923 0.242707 0.206332 0.519445 0.508242 0.884867 0.143875 0.896855 0.12887 0.48124 0.847534 0.0424413 0.648933 0.157695 0.391983 0.280963 0.628108 0.780877 1.16436 1.03153 0.371929 0.754698 1.07746 0.79608 0.271242 0.430577 0.832023 1.04755 1.0961 0.977161 0.342316 0.528154 0.711441 0.548084 1.13652 0.730213 0.365823 0.461978 0.578662 0.218319 1.14251 0.842626 0.458197 1.21106 0.788971 0.743059 0.32312 0.98964 0.262123 0.181798 0.316609 0.110876 1.13321 0.241369 0.327956 0.36573 0.472408 0.295378 0.916514 0.169965 1.01137 0.438074 0.866285 0.630021 0.486567 1.09151 0.678639 1.03346 0.54627 0.223331 0.490073 0.331536
0.36505 0.806271 0.883278 0.65498 0.197702 0.460658 0.577337 0.438671 0.618641 0.404913 0.871189 0.344152 0.56231 0.637928 0.101484 0.679637 0.293506 0.407396 0.433382 0.415724 0.728994 1.2054 1.14397 0.396873 0.703776 1.04698 0.830041 0.236825 0.442727 0.697769 0.94178 0.927342 0.88737 0.359369 0.682279 0.838255 0.59429 1.08752 0.752849 0.47539 0.555325 0.637045 0.31111 1.0316 0.925265 0.559342 0.9932 0.717615 0.486224 0.388826 1.0354 0.384197 0.290891 0.507107 0.243859 1.1733 0.0744571 0.335218 0.480412 0.408728 0.166964 0.991392 0.248224 1.18734 0.283646 0.987312 0.471459 0.52482 1.00625 0.400999 0.877158 0.547844 0.439724 0.48534 0.288029
0.464645 0.889223 0.972024 0.707436 0.198289 0.465301 0.779092 0.416763 0.810178 0.201304 0.83944 0.316932 0.426784 0.583711 0.135879 0.844433 0.00813188 0.252338 0.33452 0.666419 0.524095 1.0186 1.15501 0.383895 0.758282 1.15169 0.701716 0.184211 0.43108 0.806843 1.00329 1.18159 1.01469 0.363458 0.760279 0.68375 0.468795 1.11911 1.02358 0.353209 0.445829 0.631506 0.164192 0.99829 1.11256 0.328642 1.16073 0.737377 0.598674 0.233942 0.965171 0.426211 0.223327 0.470914 0.236469 1.1809 0.28128 0.38769 0.539072 0.606751 0.0954855 0.999494 0.433763 1.13054 0.483821 0.952097 0.603308 0.435883 1.1542 0.558854 1.02292 0.73202 0.45838 0.46951 0.35192
0.264077 0.80495 0.999866 0.610587 0.182313 0.324071 0.522917 0.417528 0.889126 0.383012 0.749889 0.0691077 0.651341 0.749625 0.194625 0.784556 0.218496 0.358152 0.387813 0.526219 0.636265 1.0409 0.947261 0.242481 0.670162 1.07401 0.83958 0.253166 0.279136 0.801446 0.990319 1.1957 1.00985 0.478543 0.588199 0.665608 0.751957 0.919743 0.885044 0.590536 0.671749 0.627982 0.0384222 1.04853 1.12606 0.481211 1.06793 0.775846 0.758809 0.283186 1.16152 0.386245 0.232924 0.334374 0.287678 1.18419 0.291054 0.593567 0.289818 0.446806 0.252219 0.909608 0.31189 1.01233 0.375616 1.00371 0.48934 0.530958 1.17237 0.517664 0.936387 0.493656 0.179861 0.362129 0.151137
0.431728 1.07439 0.860909 0.611909 0.222328 0.235074 0.665415 0.362274 0.733667 0.324767 0.876409 0.119196 0.586426 0.797969 0.296825 0.651323 0.231799 0.199365 0.223615 0.654576 0.56204 1.2393 1.10963 0.263591 0.768564 1.03154 0.782637 0.232755 0.354386 0.623943 0.936046 1.17983 0.9551 0.428168 0.746339 0.686172 0.482933 0.937125 0.972054 0.52425 0.629977 0.578047 0.166483 0.918556 1.00436 0.48833 0.972543 0.565129 0.669252 0.332478 1.16478 0.240274 0.239859 0.360073 0.334348 1.0717 0.2721 0.462698 0.412265 0.535518 0.209914 1.12818 0.22813 1.22077 0.428895 1.06495 0.463195 0.376524 1.14121 0.444894 1.10836 0.608522 0.329312 0.361943 0.239961
0.217044 0.908687 0.808174 0.789865 0.365968 0.337417 0.650493 0.368065 0.707823 0.418671 0.730921 0.166916 0.621779 0.577255 0.130632 0.594894 0.189737 0.164209 0.189416 0.492048 0.51027 1.11667 1.05388 0.461625 0.71446 1.16585 0.922117 0.396358 0.22708 0.765702 0.987094 1.17974 0.925537 0.34103 0.716983 0.845438 0.476238 0.959822 0.926977 0.600496 0.439164 0.672159 0.163213 0.951092 0.893335 0.512187 1.01244 0.641008 0.51589 0.210722 1.0991 0.458151 0.210285 0.458456 0.120765 0.949346 0.150677 0.317878 0.507399 0.392863 0.0501221 1.09907 0.339832 0.988909 0.425896 1.00891 0.425347 0.588509 1.07181 0.506965 1.10201 0.694586 0.164471 0.551648 0.22134
0.172225 0.977913 0.777603 0.536955 0.410669 0.312177 0.787956 0.473668 0.753708 0.143252 0.852437 0.344689 0.580647 0.830982 0.191123 0.772012 0.243577 0.279934 0.312545 0.518921 0.766091 1.16485 0.916824 0.329522 0.829676 1.18949 0.835095 0.330639 0.35408 0.692818 0.990273 1.19242 1.07602 0.556924 0.47817 0.653073 0.538263 0.994584 0.73273 0.501641 0.625563 0.405771 0.0489579 1.02522 0.963606 0.484562 1.19056 0.532988 0.487142 0.202549 1.20023 0.271686 0.416249 0.366459 0.0628167 0.997151 0.235812 0.500857 0.303269 0.535183 0.212214 0.875613 0.382473 0.992585 0.372651 0.944524 0.419841 0.530563 1.12449 0.573453 0.945263 0.60312 0.180307 0.388681 0.136257
0.415495 0.806233 1.02849 0.731723 0.212299 0.41356 0.74748 0.404671 0.834053 0.319444 0.852838 0.176883 0.487709 0.619828 0.32892 0.630742 0.246924 0.341125 0.42721 0.565281 0.549388 1.23574 0.991114 0.452629 0.717135 0.998931 0.842724 0.308948 0.376289 0.644318 1.02086 0.936117 1.06042 0.326497 0.598434 0.921436 0.730368 0.99725 0.882543 0.427403 0.434269 0.538327 0.15216 1.12572 0.882075 0.505611 1.02192 0.578484 0.626977 0.447909 1.0729 0.461997 0.170075 0.3973 0.241528 1.07222 0.193514 0.382253 0.369803 0.445413 0.261394 0.907997 0.215016 1.0025 0.52999 1.01403 0.546907 0.625362 1.17989 0.481688 1.08783 0.587946 0.278524 0.38652 0.170504
0.181045 0.98899 1.05698 0.761906 0.21648 0.215146 0.622827 0.543689 0.840868 0.213881 0.966724 0.295073 0.599571 0.770822 0.131931 0.825224 0.192061 0.29902 0.314491 0.58782 0.524937 1.27728 1.17767 0.323841 0.788249 1.01552 0.800539 0.267412 0.24735 0.700336 0.968534 1.08977 0.951985 0.340584 0.594078 0.677738 0.595325 1.04463 0.74648 0.413096 0.632386 0.424779 0.165316 1.05072 0.896437 0.381617 1.06226 0.660813 0.588237 0.453854 1.25346 0.464211 0.188627 0.477644 0.285575 0.932319 0.116687 0.310443 0.312064 0.440673 0.143566 1.01971 0.343521 1.18245 0.357775 0.833975 0.710052 0.577967 0.944018 0.456644 0.958516 0.474254 0.326527 0.376038 0.280479
0.182831 0.836766 1.05786 0.531938 0.419845 0.453423 0.5964 0.56963 0.914038 0.362243 0.911653 0.0974216 0.382475 0.573757 0.288764 0.713269 0.269732 0.190398 0.249645 0.548458 0.498355 1.21061 1.20536 0.451026 0.661691 1.04973 0.883068 0.278556 0.451518 0.830846 1.13602 0.952452 0.918235 0.307326 0.476406 0.862439 0.693197 0.87807 0.751225 0.495174 0.706295 0.46978 0.325972 1.05767 1.00768 0.437633 1.10909 0.616925 0.745324 0.196033 1.00782 0.297992 0.419441 0.285494 0.170698 1.11696 0.260949 0.442128 0.444748 0.33156 0.00808788 0.909447 0.30559 1.20249 0.42302 1.00493 0.487762 0.592635 0.933453 0.461063 1.09958 0.621864 0.301808 0.562204 0.122155
0.221425 0.859899 0.903022 0.562515 0.191162 0.303326 0.681283 0.354844 0.815943 0.158195 1.01731 0.312079 0.425095 0.592242 0.329713 0.760469 0.106129 0.337817 0.451797 0.524038 0.599914 1.20402 1.17491 0.429526 0.920968 0.956616 0.923957 0.188664 0.447112 0.679253 1.09171 1.16671 0.94389 0.29408 0.481604 0.858665 0.549357 1.04594 0.840424 0.492224 0.659068 0.568384 0.0850042 1.05408 0.970521 0.59706 1.04217 0.620954 0.55133 0.314445 1.22388 0.358466 0.394988 0.31202 0.237319 1.03917 0.265142 0.414436 0.544381 0.573928 0.276706 1.07462 0.294814 0.992502 0.49124 1.12271 0.500682 0.418086 1.04445 0.395668 1.02785 0.640482 0.322823 0.601213 0.257461
0.443585 0.936328 1.03102 0.780337 0.304675 0.344578 0.613101 0.40869 0.834396 0.214651 0.800071 0.0889425 0.544901 0.73731 0.320973 0.66178 0.0931107 0.329787 0.411542 0.623298 0.670202 1.13046 1.11392 0.34621 0.838906 1.03922 0.911571 0.270375 0.303136 0.701762 0.915733 1.01276 1.04444 0.509474 0.525081 0.664433 0.684782 1.16364 0.893188 0.493184 0.683353 0.613821 0.146043 1.14475 0.996702 0.452148 1.24341 0.687449 0.574233 0.34632 1.14688 0.344507 0.343416 0.346242 0.12878 1.11915 0.244442 0.501 0.267037 0.348137 0.283946 1.09931 0.163444 1.24732 0.316534 1.05775 0.605935 0.411706 0.948334 0.658614 1.07821 0.611425 0.173749 0.551356 0.166336
0.206707 0.827859 0.819794 0.738885 0.410567 0.196412 0.687974 0.532771 0.910956 0.31354 0.935586 0.0563148 0.650516 0.653289 0.10977 0.58868 0.303153 0.143746 0.201092 0.494901 0.557776 1.20869 0.915698 0.321333 0.87974 0.91705 0.872931 0.286655 0.265662 0.602332 0.942697 1.06874 0.899363 0.538194 0.729248 0.653282 0.493795 0.930734 0.979958 0.434429 0.471102 0.40445 0.166018 1.14541 1.0905 0.383726 1.13848 0.742074 0.58021 0.451408 1.07912 0.360729 0.279465 0.488706 0.14 1.06002 0.34744 0.581936 0.461685 0.324707 0.0196429 1.14538 0.141779 1.12693 0.474282 1.05432 0.422996 0.576774 1.07882 0.460868 1.05385 0.660814 0.350652 0.609222 0.10316
0.302423 0.953469 0.872933 0.688018 0.353015 0.384588 0.659807 0.475462 0.743732 0.40075 0.871702 0.185761 0.443165 0.755735 0.143952 0.774462 0.0575253 0.366117 0.400999 0.409468 0.772883 1.14564 1.17276 0.474088 0.800563 0.993146 0.703217 0.355253 0.350252 0.841394 0.901771 0.987133 0.935111 0.292558 0.661185 0.94289 0.717228 0.958096 0.813908 0.587355 0.50886 0.502226 0.0783648 1.1435 1.13978 0.339367 1.2344 0.745621 0.633681 0.258071 1.13941 0.488341 0.167624 0.390256 0.109986 0.952972 0.256726 0.441484 0.470897 0.418344 0.163725 0.997607 0.335762 1.03042 0.299959 1.05935 0.484404 0.428944 0.987393 0.426091 0.869071 0.448846 0.275966 0.504902 0.321029
0.271772 0.828129 0.924638 0.67248 0.171913 0.435046 0.788584 0.432278 0.618754 0.281884 0.925824 0.0690291 0.649565 0.811282 0.128747 0.847128 0.0459961 0.12508 0.195536 0.432507 0.58642 1.25878 1.05363 0.191523 0.699024 0.969798 0.812657 0.321809 0.398828 0.662254 1.13043 0.944415 0.908496 0.417878 0.485591 0.877168 0.481355 1.07808 1.00548 0.469118 0.461074 0.509135 0.229733 1.02223 1.07155 0.341534 1.18325 0.653262 0.549633 0.263118 1.22986 0.403827 0.336009 0.377127 0.0927593 1.11025 0.335342 0.523717 0.497443 0.38209 0.114249 0.960235 0.356644 1.00396 0.386375 0.94816 0.672675 0.435314 1.10782 0.539849 1.12426 0.514784 0.400678 0.514558 0.13365
0.239944 0.896393 0.819953 0.621387 0.164315 0.436603 0.57023 0.410401 0.768154 0.253983 0.920803 0.231543 0.442208 0.798046 0.0833307 0.761535 0.149359 0.162366 0.209799 0.603651 0.661399 1.25594 1.00823 0.292143 0.788961 1.15483 0.890808 0.114187 0.258819 0.692233 1.10903 0.952657 0.960355 0.469578 0.702343 0.856649 0.504693 0.892158 0.867531 0.60003 0.530203 0.524772 0.0438167 1.1001 1.04552 0.437987 1.14798 0.675093 0.616969 0.448015 1.17292 0.278866 0.308491 0.536071 0.298434 1.14623 0.358045 0.534964 0.426669 0.340841 0.148907 1.13481 0.38476 1.06309 0.457022 0.838025 0.672602 0.40582 1.08997 0.551586 1.09973 0.686631 0.187634 0.459341 0.1395
0.412375 1.02941 1.0595 0.784297 0.327357 0.321012 0.782814 0.412693 0.864588 0.300716 0.935217 0.289765 0.449735 0.852778 0.213145 0.83638 0.0594954 0.141993 0.420555 0.682809 0.714536 1.20574 1.13339 0.213763 0.685791 0.968487 0.816997 0.267383 0.2065 0.603909 1.15659 0.931206 0.992817 0.288703 0.485998 0.813679 0.472056 0.89544 0.969982 0.638956 0.614369 0.450441 0.0771743 0.943656 1.09442 0.411276 0.98634 0.537271 0.690932 0.189381 1.0142 0.439046 0.412794 0.265152 0.249207 0.975197 0.277167 0.485884 0.490552 0.546455 0.0798611 0.868954 0.311302 1.25909 0.374238 1.05806 0.481498 0.561911 0.923977 0.468104 0.96122 0.727875 0.240197 0.465268 0.304146
0.347086 0.988678 0.987635 0.699916 0.280822 0.201795 0.578038 0.392279 0.716671 0.151187 0.75273 0.148303 0.638283 0.77044 0.0640174 0.730292 0.0403613 0.38925 0.433863 0.595682 0.496245 1.01078 1.0338 0.3647 0.695413 0.957852 0.763342 0.235815 0.391723 0.762427 1.12213 1.06833 1.12376 0.295363 0.709811 0.920161 0.49354 1.03935 0.99511 0.3945 0.489322 0.674771 0.155039 1.13331 1.06198 0.407773 1.23918 0.7026 0.666321 0.235369 1.02525 0.403489 0.32586 0.438513 0.218126 0.990947 0.0684554 0.491326 0.366923 0.481757 0.113739 0.884728 0.343683 1.1124 0.27591 0.874515 0.475952 0.399089 1.19353 0.613006 1.05125 0.621473 0.225107 0.384516 0.227371
0.401479 0.914941 0.783871 0.569087 0.235258 0.388099 0.800562 0.604009 0.84996 0.38622 0.857215 0.336898 0.447888 0.845849 0.327554 0.693334 0.119229 0.134752 0.394838 0.695193 0.654979 1.12404 1.05389 0.294116 0.671379 1.11404 0.796039 0.144305 0.358159 0.728007 1.08355 1.14875 0.915588 0.510596 0.717257 0.92931 0.732282 1.00547 1.01031 0.402162 0.677134 0.505098 0.230633 0.989562 1.00601 0.529655 1.07906 0.542985 0.50129 0.259429 1.17088 0.231184 0.260402 0.392737 0.120272 1.10625 0.143115 0.334869 0.502543 0.327821 0.224661 0.887477 0.363347 1.20495 0.521138 0.989863 0.438251 0.454844 1.08076 0.620885 0.922136 0.596133 0.433485 0.517284 0.31098
0.44933 0.9615 0.817212 0.620433 0.264675 0.486445 0.744616 0.432684 0.842739 0.178057 1.00849 0.17001 0.497481 0.804909 0.312179 0.865493 0.0489705 0.252698 0.441459 0.459782 0.587769 1.04616 0.96237 0.411358 0.820608 1.02103 0.950197 0.15354 0.423029 0.625567 1.12768 1.10962 1.01769 0.348879 0.538406 0.702074 0.7195 1.15023 0.903016 0.52235 0.516176 0.654494 0.306081 0.999174 1.06202 0.520142 1.2401 0.730815 0.753324 0.471169 1.00516 0.322732 0.215978 0.370242 0.186931 1.04788 0.112967 0.49829 0.404424 0.545051 0.0601279 1.03313 0.366166 1.25668 0.322312 0.887854 0.476044 0.595834 1.01727 0.646254 1.12916 0.464557 0.303828 0.585839 0.370051
0.414999 0.978537 1.01208 0.770588 0.379279 0.444993 0.581149 0.319723 0.665579 0.300575 0.810917 0.200685 0.403041 0.845644 0.315055 0.722895 0.105214 0.342563 0.293603 0.560949 0.728772 1.1717 1.20522 0.203476 0.782968 1.03731 0.81462 0.308079 0.204491 0.844141 1.11298 1.03075 1.05671 0.562314 0.534428 0.856512 0.497399 1.02915 0.817892 0.551597 0.442744 0.646891 0.100988 0.970565 0.987016 0.438891 1.02931 0.620532 0.673115 0.31036 1.07854 0.325247 0.274322 0.332303 0.321735 0.978445 0.0867283 0.406977 0.497299 0.403329 0.0732046 0.989778 0.410353 1.22879 0.378308 0.863279 0.437066 0.533016 1.16545 0.383502 0.857583 0.552392 0.458857 0.498054 0.373627
0.301837 0.809759 0.907879 0.758204 0.339742 0.258363 0.575266 0.328439 0.726022 0.141085 0.848623 0.1543 0.446973 0.845126 0.204574 0.850457 0.202686 0.149815 0.215672 0.576621 0.69921 1.051 1.1003 0.26582 0.749287 1.10726 0.962025 0.396734 0.462205 0.749982 0.985992 1.11647 0.948927 0.461183 0.652231 0.863625 0.532982 1.13019 0.787796 0.459827 0.507015 0.422595 0.232877 0.945599 1.02205 0.390334 1.15196 0.771026 0.729179 0.281725 1.24205 0.459603 0.326334 0.477665 0.277079 1.04611 0.156838 0.449923 0.437506 0.573795 0.262871 0.863182 0.299799 1.05463 0.559085 0.904093 0.549081 0.593239 1.166 0.656728 0.872003 0.731723 0.449751 0.517193 0.0981437
