25 75
0.0978493 1.23388 0.391137 1.02819 0.388015 0.886626 0.168285 0.579458 0.741318 0.538491 0.653428 0.513243 1.12516 1.06136 1.054 0.118268 0.335244 0.501031 0.243842 0.682767 0.2387 1.13394 0.809484 0.745102 0.464011 0.950633 1.15367 0.385016 0.56236 0.711681 0.236003 0.148323 0.323595 0.831282 0.361734 1.00117 0.219068 0.311508 1.15865 0.414464 0.78617 1.01529 0.611423 0.970112 0.485121 0.703575 1.19353 0.780796 1.22727 0.975171 0.257877 0.364382 0.943253 0.236504 0.519333 0.681797 0.3273 0.225732 0.563348 0.7103 0.811816 0.560679 1.06513 0.521994 0.341314 0.697081 0.402283 0.348403 0.979317 0.853148 0.784765 1.16929 0.867956 0.767222 0.315927
0.186175 0.955339 0.475207 0.988694 0.416639 0.702972 0.205806 0.607741 0.790574 0.43785 0.897884 0.550654 1.17926 1.03555 0.846343 0.232621 0.49661 0.559579 0.385095 0.550127 0.277771 1.0935 0.808367 0.946019 0.628039 1.03604 0.907676 0.51556 0.531776 0.71536 0.214982 0.156882 0.370061 0.744928 0.535501 1.05031 0.288323 0.0383142 1.09327 0.199138 0.692857 0.955998 0.388606 0.94677 0.374064 0.67824 1.04995 0.854773 1.09827 0.735084 0.483848 0.108614 0.910192 0.114407 0.501441 0.712714 0.0886312 0.279707 0.446536 0.769578 0.866449 0.724603 1.04849 0.766225 0.399716 0.923428 0.585504 0.319422 0.907591 0.907861 1.01464 0.930611 0.799474 0.799254 0.50198
0.368136 1.20661 0.485295 1.07669 0.241682 0.732071 0.420483 0.609498 0.925753 0.399372 0.622013 0.632035 1.18169 0.897574 0.767373 0.12962 0.33921 0.368937 0.510706 0.742865 0.228823 1.10897 0.751721 0.895463 0.684915 1.09596 0.929777 0.447126 0.422212 0.791845 0.387882 0.134886 0.42629 0.938856 0.532114 1.2842 0.451879 0.10894 1.14296 0.366495 0.913266 1.04379 0.414567 1.03763 0.372198 0.8564 0.950127 0.81429 0.963358 0.849397 0.392696 0.362965 1.15351 0.0956262 0.415704 0.860407 0.0856207 0.310489 0.3847 0.616867 0.827249 0.632888 0.852609 0.584561 0.381728 0.932711 0.57284 0.550195 0.812842 0.906163 0.793194 1.19528 0.793453 0.745274 0.367581
0.325196 1.00929 0.499069 0.939773 0.214792 0.874267 0.297126 0.693582 0.922492 0.600916 0.87626 0.665226 1.08644 1.16152 0.907119 0.303156 0.515394 0.333989 0.528446 0.588459 0.249129 1.10347 0.85202 0.759141 0.591455 0.874413 1.01407 0.423603 0.51199 0.597516 0.19395 0.353179 0.336262 0.908776 0.432079 1.11711 0.392171 0.102578 1.1518 0.408279 0.755366 1.08666 0.476635 1.15234 0.417738 0.7178 1.01702 0.784871 1.15153 0.903645 0.405868 0.106776 0.916315 0.199308 0.479596 0.733989 0.288253 0.397252 0.539446 0.775637 0.858671 0.566257 0.917043 0.641258 0.496098 0.701984 0.593333 0.559254 0.907732 0.996512 0.756556 0.972728 0.790781 0.709685 0.346251
0.236623 0.992514 0.446629 1.16397 0.313531 0.839153 0.255657 0.639678 0.784944 0.432939 0.845775 0.492624 1.17403 1.167 0.991449 0.376975 0.453964 0.487988 0.34106 0.539604 0.126711 1.0523 0.870151 0.952676 0.437255 1.07792 0.953484 0.323224 0.576659 0.633182 0.149828 0.221532 0.422101 0.869734 0.549238 1.11028 0.271787 0.235998 1.08178 0.230984 0.824372 1.06682 0.396142 1.11249 0.342894 0.658955 1.03111 0.582325 0.950073 0.929062 0.469751 0.389595 1.1702 0.133139 0.377751 0.674458 0.0623501 0.426563 0.516055 0.749541 0.823585 0.74584 1.10461 0.773602 0.585182 0.867838 0.397773 0.353807 0.809885 0.799088 0.804455 1.0842 0.647472 0.643047 0.475883
0.174716 1.12411 0.326512 0.980506 0.245696 0.722582 0.180052 0.605666 0.880545 0.584044 0.773657 0.711472 0.99525 1.07245 1.01419 0.309162 0.357051 0.550963 0.401012 0.745509 0.117684 1.18409 0.872426 0.893723 0.677011 0.98958 1.05591 0.504767 0.398773 0.585432 0.123852 0.346344 0.488951 0.880526 0.502816 1.2254 0.33268 0.1289 1.2193 0.353913 0.844491 0.956067 0.487447 1.16748 0.261357 0.796713 1.16597 0.813251 1.04526 0.944364 0.376531 0.165923 0.933345 0.0734738 0.504147 0.668634 0.263531 0.449661 0.610021 0.723385 0.927748 0.538799 1.07208 0.783152 0.354125 0.724833 0.636414 0.586268 0.748572 0.833 0.899184 1.12488 0.717409 0.719009 0.24343
0.361633 1.23857 0.533934 1.1401 0.289125 0.724143 0.338968 0.614628 0.790447 0.488575 0.720856 0.695171 1.0613 0.932084 0.950493 0.274868 0.334487 0.589973 0.506507 0.773682 0.135035 1.28912 0.788339 0.945974 0.480713 1.14296 0.884113 0.5046 0.44799 0.791548 0.202396 0.251028 0.271903 0.756785 0.371379 1.22607 0.477587 0.157121 0.995064 0.251252 0.680886 1.18026 0.407188 1.167 0.413736 0.851318 1.11735 0.586935 1.12323 0.894597 0.405957 0.285187 0.959271 0.296993 0.375888 0.717738 0.210154 0.414937 0.339101 0.830097 0.863096 0.664856 1.09516 0.789901 0.560522 0.676018 0.525892 0.579362 0.737918 1.02359 0.871621 0.97406 0.851026 0.686639 0.351257
0.0779146 1.24448 0.508157 1.05438 0.309147 0.910878 0.395987 0.552277 0.979826 0.538651 0.848481 0.650997 0.939731 1.06465 0.838531 0.292697 0.57586 0.599461 0.474414 0.70719 0.256102 1.10865 0.852441 0.870961 0.648691 0.933799 1.06688 0.505674 0.351212 0.757701 0.265876 0.128202 0.388366 0.749096 0.37304 1.12169 0.211867 0.135453 1.07092 0.275686 0.767417 1.00781 0.586774 1.04473 0.368933 0.732565 1.00936 0.63235 1.02667 0.749096 0.217937 0.328707 1.04072 0.331566 0.458861 0.664746 0.329865 0.411988 0.584064 0.79165 0.950947 0.519713 1.08212 0.615616 0.381977 0.969961 0.569744 0.366761 0.960617 0.871183 1.01483 1.15622 0.799751 0.565416 0.517765
0.122872 1.1263 0.538689 1.13801 0.231321 0.669936 0.312515 0.754592 0.764342 0.51525 0.664093 0.485427 0.93544 0.959358 0.800609 0.321082 0.51312 0.396496 0.524518 0.649414 0.228226 1.03596 0.759248 0.967387 0.612699 1.05056 0.898101 0.430258 0.561038 0.558751 0.419332 0.360094 0.299882 0.686848 0.325891 1.13999 0.382722 0.166795 1.20362 0.221464 0.818583 1.00736 0.556443 1.12527 0.267073 0.702446 0.996653 0.842765 0.984119 0.927651 0.309733 0.111247 1.18229 0.320603 0.531651 0.850028 0.0816871 0.341119 0.534876 0.900789 1.01388 0.582608 0.998417 0.811607 0.361297 0.893806 0.609909 0.581082 0.990022 0.91281 0.917797 0.952933 0.754023 0.67909 0.325148
0.130854 1.05191 0.588072 1.08671 0.322779 0.704071 0.176332 0.845007 0.998874 0.437811 0.731653 0.6647 1.19834 1.03123 1.01076 0.318295 0.397876 0.425656 0.432261 0.512975 0.230263 1.28054 0.910015 0.72455 0.612023 1.06117 1.04612 0.511963 0.359532 0.775642 0.227755 0.195747 0.284581 0.831765 0.476558 1.28247 0.420906 0.0654075 1.17241 0.269521 0.7878 0.968048 0.363365 1.1051 0.355361 0.867094 1.21404 0.771072 1.02878 0.775388 0.265646 0.270469 1.17864 0.115806 0.494547 0.701763 0.332518 0.35705 0.52223 0.779345 0.853056 0.554716 0.95508 0.521447 0.379388 0.712208 0.409828 0.290228 0.794634 0.999225 0.79382 1.05679 0.760952 0.644786 0.487808
0.240454 1.19864 0.514427 1.18594 0.284445 0.858609 0.309787 0.693885 0.738809 0.46961 0.630112 0.641154 1.08469 0.89023 1.02905 0.0939728 0.408454 0.465472 0.468696 0.722626 0.270931 1.20636 0.841283 0.791296 0.553389 0.954706 1.12511 0.568577 0.427284 0.664197 0.419879 0.240017 0.493141 0.915429 0.359153 1.26785 0.482247 0.0364827 0.962472 0.281934 0.932598 0.943364 0.388604 1.07092 0.303531 0.646171 1.13856 0.656015 0.947504 0.802941 0.287425 0.387972 1.18744 0.0858798 0.416515 0.822788 0.126804 0.236824 0.333159 0.897227 0.987763 0.621842 1.02707 0.715222 0.366034 0.704688 0.590052 0.421777 0.968652 0.809826 0.761974 0.991755 0.570818 0.705571 0.286401
0.31752 1.05228 0.508445 1.08471 0.252711 0.92642 0.379786 0.665836 0.810905 0.578911 0.727061 0.531165 1.16353 1.00266 0.891538 0.149593 0.397826 0.542562 0.410563 0.692923 0.0565911 1.23856 0.901289 0.720218 0.502919 1.09528 1.13003 0.35055 0.3886 0.658014 0.148116 0.291119 0.306182 0.807753 0.510455 1.11668 0.395759 0.183112 1.12917 0.309092 0.883551 1.00527 0.326536 0.961944 0.387599 0.864773 1.03066 0.784252 1.18801 0.732026 0.20571 0.207327 0.943529 0.116161 0.521182 0.727486 0.32426 0.327087 0.503122 0.720231 0.749839 0.767073 1.0126 0.690465 0.51866 0.933506 0.429491 0.378284 0.824507 0.859624 0.854045 0.949065 0.602542 0.571902 0.29088
0.106141 1.12241 0.43593 0.976824 0.433051 0.747665 0.354736 0.589184 0.862217 0.540908 0.773707 0.636317 1.05001 1.14388 0.957965 0.388124 0.382937 0.466684 0.342202 0.614541 0.129643 1.17063 0.860401 0.737873 0.622699 1.03516 0.944966 0.286851 0.512217 0.518221 0.303298 0.350396 0.514137 0.831565 0.450743 1.20362 0.250586 0.308274 1.14916 0.209515 0.891504 1.21493 0.599237 0.992758 0.29741 0.765577 0.979149 0.820842 1.23422 0.943892 0.30149 0.160039 1.10032 0.251542 0.356763 0.855097 0.271988 0.297714 0.446953 0.873369 0.765624 0.806734 1.05114 0.544976 0.597188 0.900636 0.484028 0.291814 0.947141 0.921574 0.95637 1.01048 0.678181 0.676316 0.513728
0.163853 1.13704 0.499 0.925865 0.199777 0.832804 0.186584 0.642203 0.940484 0.59177 0.683762 0.518693 1.12805 1.05278 0.896929 0.266792 0.300406 0.373701 0.449206 0.778892 0.09821 1.11756 0.834473 0.706651 0.499434 1.06362 1.11523 0.531008 0.571801 0.761647 0.23507 0.238057 0.448861 0.899979 0.480374 1.26417 0.426985 0.101743 1.15744 0.304715 0.876129 1.10012 0.548506 1.18134 0.366658 0.794666 1.16526 0.661008 1.12076 0.74345 0.353882 0.292982 1.00349 0.0863655 0.2978 0.931375 0.183249 0.216592 0.31727 0.842783 0.946972 0.557415 0.891372 0.553599 0.531062 0.951716 0.560153 0.40611 0.780662 0.891626 0.860127 1.16546 0.664449 0.560351 0.504454
0.229713 1.08851 0.405485 1.09425 0.32155 0.863709 0.206016 0.835486 0.923621 0.592959 0.855867 0.622719 0.942703 1.05621 0.802364 0.238812 0.481611 0.55118 0.256517 0.596655 0.268934 1.11323 0.913858 0.874008 0.56614 1.14405 0.932582 0.483281 0.382149 0.570927 0.355996 0.271587 0.55808 0.691143 0.37773 1.27508 0.249396 0.140911 1.02466 0.359491 0.846926 1.18146 0.330386 0.952994 0.279857 0.791493 1.056 0.697757 1.06407 0.726081 0.417427 0.289079 1.09086 0.178494 0.497029 0.735273 0.345758 0.344478 0.543733 0.836743 0.906394 0.585709 0.845311 0.771916 0.528944 0.688873 0.515375 0.469113 0.731022 0.839342 0.814311 1.04317 0.593506 0.579805 0.426283
0.215479 0.991344 0.44408 1.05579 0.235371 0.882517 0.27383 0.578763 0.797346 0.432395 0.735387 0.484174 1.1407 1.05091 0.844548 0.0940602 0.412494 0.6034 0.262962 0.527569 0.146578 1.2594 0.868454 0.91916 0.627549 1.00394 1.11854 0.315187 0.374371 0.55129 0.219875 0.135742 0.271902 0.802783 0.369383 1.17664 0.315126 0.206645 1.21311 0.192512 0.874963 1.019 0.324496 0.934798 0.484676 0.652854 1.02316 0.727141 0.984566 1.01199 0.199073 0.131132 1.01709 0.0629285 0.327874 0.937932 0.297914 0.428492 0.437942 0.683842 1.0017 0.525081 0.998444 0.743352 0.513131 0.886616 0.446718 0.419439 0.963068 0.967341 0.98708 1.18479 0.727479 0.581259 0.335217
0.31115 0.96512 0.462994 1.16909 0.28406 0.851354 0.321324 0.84977 0.754161 0.545726 0.639278 0.589522 0.997842 1.01958 1.0493 0.183267 0.337289 0.392673 0.51975 0.775721 0.277447 1.20021 0.706444 0.745175 0.549774 1.00138 1.16408 0.515936 0.441188 0.567204 0.151652 0.214616 0.560085 0.811037 0.52583 1.02297 0.2029 0.108087 1.11339 0.421299 0.912171 1.20519 0.353212 0.928499 0.349608 0.750457 0.931201 0.805976 1.05779 0.91424 0.290229 0.138108 1.03347 0.182915 0.520127 0.697082 0.212606 0.193201 0.586866 0.647835 0.979206 0.742576 0.990493 0.683001 0.532754 0.877384 0.417486 0.402683 0.9714 0.814823 0.847088 1.12208 0.753463 0.75858 0.473914
0.181306 1.04725 0.444947 1.17568 0.361693 0.903749 0.302588 0.847964 0.743975 0.682861 0.699739 0.496437 0.971971 0.882521 0.993946 0.133295 0.513995 0.613553 0.274009 0.659654 0.0788016 1.03188 0.870548 0.717117 0.463519 0.93642 1.05811 0.516356 0.413017 0.788995 0.147085 0.186685 0.330748 0.851809 0.441543 1.11495 0.32357 0.217446 1.20255 0.217724 0.819154 1.12046 0.57206 1.04719 0.24609 0.840332 0.977138 0.849196 1.15191 0.932514 0.410001 0.178233 0.979554 0.264236 0.514518 0.754014 0.236549 0.405965 0.567838 0.726288 0.866661 0.778468 1.05423 0.737315 0.522012 0.791201 0.578515 0.456955 0.817752 1.04979 1.04423 1.0951 0.752334 0.560762 0.442918
0.223993 1.15491 0.520608 1.07304 0.329736 0.742395 0.256734 0.823579 0.887609 0.47904 0.679188 0.571961 1.20846 0.996254 0.870336 0.186798 0.531776 0.566826 0.250721 0.69802 0.211054 1.01097 0.652864 0.696661 0.595718 1.09317 1.01227 0.4436 0.388392 0.760457 0.255764 0.328608 0.475192 0.851971 0.355729 1.03577 0.322683 0.100162 1.21924 0.189836 0.77343 1.19984 0.357844 0.948215 0.449724 0.781716 1.08789 0.847694 1.07883 0.757027 0.19445 0.136033 0.981128 0.251361 0.442347 0.825453 0.234019 0.444801 0.552783 0.708568 1.00657 0.57905 0.884666 0.728425 0.402018 0.825641 0.598151 0.536291 0.862675 0.807651 1.03068 1.1985 0.791113 0.663997 0.519385
0.166047 1.2443 0.565044 1.17968 0.187323 0.644677 0.328818 0.675855 0.864435 0.501506 0.887855 0.459816 1.17324 1.15726 0.868393 0.315715 0.591473 0.391017 0.430364 0.689725 0.0947937 1.07922 0.642406 0.962936 0.533346 1.01917 1.03096 0.421626 0.322507 0.58515 0.160512 0.301357 0.547661 0.701157 0.358813 1.26323 0.451043 0.0941316 1.12733 0.273548 0.895181 1.11308 0.453039 0.997596 0.420961 0.783817 0.95425 0.761824 1.05962 0.959389 0.196621 0.267928 0.967841 0.125379 0.432244 0.878539 0.288702 0.408114 0.5294 0.700288 0.875374 0.79016 0.863693 0.576308 0.587847 0.717612 0.428859 0.446078 0.759036 0.907564 1.01466 1.09104 0.583225 0.640323 0.465121
0.14982 1.19543 0.594021 1.15076 0.207165 0.673246 0.42505 0.714919 0.983057 0.632837 0.74187 0.651755 0.97234 0.9636 0.838773 0.380107 0.427902 0.546854 0.266834 0.507955 0.177593 1.11675 0.638234 0.919021 0.620374 0.980589 1.1672 0.285227 0.539848 0.547449 0.256069 0.304194 0.317162 0.741123 0.345318 1.11192 0.357486 0.0726617 1.06273 0.46647 0.934923 1.13424 0.442068 1.15858 0.353294 0.743173 0.975036 0.803754 1.15731 0.824097 0.365058 0.290602 0.927673 0.252054 0.264117 0.680795 0.150284 0.303153 0.337428 0.863584 0.905912 0.587926 1.0709 0.648801 0.42145 0.694908 0.631319 0.457667 0.766222 0.9733 0.935624 1.02668 0.572592 0.650253 0.299108
0.225601 1.14394 0.498994 1.19532 0.248324 0.71726 0.373706 0.72072 0.868019 0.633987 0.719367 0.628817 1.087 1.14944 0.78516 0.266645 0.462337 0.558551 0.272866 0.568844 0.254215 0.999193 0.709097 0.709627 0.516662 0.906717 1.01882 0.29056 0.588323 0.723651 0.368013 0.104389 0.545951 0.751177 0.361981 1.25345 0.283652 0.143845 1.07652 0.47002 0.850335 1.20951 0.587683 1.13407 0.35097 0.617736 1.07391 0.83384 1.14755 0.958774 0.258879 0.170881 0.920193 0.155671 0.396664 0.899243 0.112653 0.32573 0.488233 0.856884 0.743715 0.559527 0.839018 0.660864 0.367218 0.893819 0.478387 0.443356 0.917217 0.929672 0.97571 0.961184 0.673994 0.622934 0.285646
0.293752 1.06563 0.47285 1.14219 0.235812 0.747806 0.329413 0.829152 0.987827 0.446275 0.810088 0.633551 0.992284 1.15603 0.964444 0.217939 0.466764 0.599033 0.340579 0.651726 0.242699 1.15011 0.837504 0.872514 0.494131 1.1416 1.10147 0.564195 0.444604 0.682858 0.216666 0.0986551 0.39126 0.807615 0.550497 1.10244 0.252432 0.220182 1.14619 0.327435 0.846797 1.0244 0.464762 1.12766 0.454335 0.821595 0.964719 0.806489 1.21873 0.782297 0.350758 0.357852 0.945834 0.154975 0.324731 0.716858 0.189536 0.215239 0.492738 0.841351 0.932467 0.680597 1.03614 0.677415 0.43726 0.760583 0.356941 0.456359 0.772432 1.05024 0.771169 1.01746 0.824172 0.583703 0.419973
0.161968 1.19491 0.332748 1.00678 0.383857 0.839573 0.151313 0.640423 0.765402 0.576547 0.812153 0.674926 1.04575 0.952348 0.943524 0.212391 0.562478 0.570672 0.334985 0.622272 0.228542 1.01691 0.80895 0.946284 0.637942 0.871665 0.941919 0.540805 0.573529 0.702966 0.197306 0.285196 0.451714 0.879505 0.563576 0.994364 0.283014 0.173655 1.02438 0.254343 0.819521 1.20803 0.378879 1.08041 0.226 0.808811 0.946072 0.822237 1.0858 0.994293 0.225334 0.323081 1.07611 0.120186 0.508183 0.757803 0.104712 0.399938 0.458423 0.705699 0.731856 0.772225 0.83667 0.597744 0.499591 0.759832 0.592597 0.32023 0.841499 1.03203 0.986675 1.10416 0.754284 0.724088 0.374397
0.212686 0.954102 0.40602 1.12078 0.344016 0.857937 0.160559 0.82957 0.803019 0.574525 0.891 0.686582 1.06984 1.04284 0.944706 0.299327 0.49206 0.414665 0.505973 0.50131 0.0542333 1.04778 0.739024 0.740714 0.672546 1.00495 0.898317 0.34216 0.487119 0.603073 0.384711 0.292098 0.387783 0.812015 0.48314 1.18257 0.388043 0.053721 0.974465 0.202357 0.711634 1.13959 0.486425 0.991014 0.310986 0.808642 1.18387 0.863595 1.07637 0.875621 0.230658 0.361191 0.919055 0.135134 0.431858 0.733123 0.313778 0.434969 0.568575 0.696089 0.792106 0.622693 1.05923 0.797443 0.480609 0.835404 0.402849 0.488332 0.812144 0.859653 0.957502 1.00769 0.613754 0.585996 0.244767
