25 75
0.242009 0.280371 0.191159 0.885468 0.66361 0.365226 0.421627 0.820909 0.827409 1.18909 0.802633 0.524552 0.20587 0.819015 0.13324 0.288706 0.28084 0.73468 0.0464398 0.22303 0.771393 0.788275 0.886837 1.05947 0.532833 1.0862 0.140572 0.553143 0.152427 0.510491 0.200912 0.127596 0.195292 1.19018 0.891122 0.382387 1.05644 0.726169 0.258954 0.770092 0.632274 0.502935 1.00812 0.921615 0.416252 0.207414 0.297189 1.09905 0.155522 0.389644 0.892623 0.885336 0.390715 0.242208 0.76861 1.16494 0.294143 0.933601 0.368893 0.946876 0.539373 0.518669 0.123342 0.528574 0.132485 0.714508 0.321055 0.495971 0.198481 0.771881 0.951942 0.597372 0.501561 0.70773 1.19809
0.528354 0.408948 0.154221 0.992481 0.738844 0.353915 0.303648 0.966412 0.793959 1.2003 0.854908 0.522119 0.246233 0.855441 0.217367 0.382145 0.426747 0.758037 0.310942 0.237752 0.848931 0.764564 1.03361 0.851612 0.707607 0.990214 0.246592 0.523598 0.273208 0.541213 0.226604 0.382038 0.175582 1.18391 1.10014 0.366711 1.08147 0.685676 0.22395 0.889147 0.479802 0.684522 1.08786 0.9959 0.272935 0.116197 0.354963 0.989371 0.220691 0.400602 0.736644 0.981545 0.266664 0.337848 0.797887 1.07289 0.371762 0.699772 0.623789 1.03022 0.56532 0.52057 0.271325 0.640464 0.269005 0.567178 0.303398 0.417618 0.185603 0.624704 0.837656 0.606136 0.493439 0.660157 1.18842
0.384688 0.292021 0.158012 1.07035 0.618152 0.35244 0.455299 0.829854 0.807792 1.08328 0.72324 0.583596 0.252472 1.02197 0.0841003 0.531096 0.239519 0.935957 0.287073 0.169274 0.892887 0.863582 0.893817 1.04272 0.540892 1.13239 0.178709 0.566663 0.244583 0.335738 0.312192 0.352889 0.317332 1.2358 1.12995 0.278315 0.967586 0.79801 0.382667 0.701546 0.556352 0.669449 0.985873 1.05295 0.543009 0.208351 0.360507 1.07578 0.289611 0.575197 0.89783 0.833639 0.352165 0.204828 0.813565 0.99942 0.393615 0.960713 0.37387 1.06703 0.329898 0.532601 0.179708 0.503581 0.31562 0.515242 0.276973 0.331596 0.190482 0.763033 0.711488 0.427579 0.474994 0.575842 1.05418
0.450511 0.489681 0.275247 0.810805 0.855616 0.339376 0.472392 0.722478 1.02546 1.05604 0.88056 0.528688 0.185288 0.819256 0.116797 0.458249 0.462405 0.894445 0.12468 0.307999 0.779612 0.91619 1.06106 0.98289 0.565375 1.23298 0.322123 0.334545 0.257565 0.431611 0.238502 0.327216 0.300368 1.06424 1.02271 0.322374 0.959173 0.801587 0.291304 0.673012 0.646177 0.507518 1.16575 1.15682 0.395573 0.136594 0.441763 1.07661 0.272743 0.59402 0.907901 0.870568 0.538973 0.429498 0.829436 1.06683 0.179333 0.753219 0.534113 0.952045 0.446358 0.724498 0.10296 0.564131 0.247879 0.669026 0.367219 0.433278 0.160603 0.658867 0.712791 0.431081 0.594476 0.738089 1.06901
0.413648 0.296752 0.24849 0.978612 0.842863 0.500122 0.453696 0.704487 0.853488 1.15265 0.838976 0.678033 0.425341 0.980388 0.216376 0.429944 0.381679 0.981451 0.0352009 0.256064 0.935619 0.768096 0.998275 0.976236 0.500035 0.963695 0.216817 0.331646 0.320176 0.379864 0.128126 0.278386 0.203579 1.16178 1.03854 0.34465 0.9697 0.556472 0.451084 0.913959 0.623793 0.598398 1.04191 0.930627 0.49578 0.196414 0.404126 0.981029 0.290882 0.411317 1.00418 0.77492 0.413212 0.301599 0.689151 1.11058 0.237723 0.737799 0.411355 1.10063 0.426916 0.718689 0.257214 0.447261 0.298494 0.58775 0.35511 0.607658 0.220624 0.802643 0.786221 0.324309 0.405277 0.780593 1.00117
0.4103 0.434512 0.209272 0.872046 0.631225 0.472692 0.212343 0.836079 0.857712 1.006 0.733551 0.757178 0.420639 1.06063 0.178911 0.526667 0.314954 0.797576 0.25633 0.314975 0.818591 0.838681 0.833353 0.948043 0.657054 1.09805 0.262523 0.567627 0.323656 0.3494 0.12332 0.128047 0.310904 0.999586 0.937978 0.122312 0.87519 0.720534 0.397 0.812494 0.639446 0.793917 1.12239 1.00715 0.490981 0.268473 0.366605 1.08364 0.12095 0.589627 0.906401 0.763748 0.522639 0.175244 0.881739 1.11207 0.254623 0.850951 0.644368 1.04555 0.588596 0.446198 0.24378 0.356559 0.307172 0.530693 0.444271 0.400163 0.196657 0.710513 0.732946 0.316504 0.663357 0.553618 0.990091
0.231406 0.549613 0.254553 0.982983 0.777853 0.335737 0.204646 0.884691 1.04158 1.28045 0.892736 0.694436 0.246393 0.819818 0.313018 0.420891 0.264516 0.772987 0.259227 0.161365 0.890396 0.928566 1.08819 0.930324 0.705535 1.23512 0.279603 0.447798 0.438876 0.47336 0.201891 0.372842 0.339274 1.14979 1.10879 0.12827 1.00388 0.765986 0.395255 0.903129 0.622725 0.51841 1.16309 1.14796 0.385498 0.286563 0.391621 1.09536 0.0798782 0.431748 0.926405 0.897826 0.515278 0.287294 0.808733 1.23418 0.322511 0.686257 0.601596 1.13887 0.562826 0.443085 0.0984523 0.495227 0.131217 0.53283 0.341736 0.597269 0.252563 0.823273 0.723652 0.430828 0.552554 0.663146 1.13418
0.41541 0.413241 0.302062 0.817703 0.687404 0.595789 0.472977 0.849962 0.914551 1.03136 0.689749 0.531881 0.201542 0.995499 0.13818 0.50006 0.270108 0.80204 0.234622 0.343697 0.957446 0.888552 0.96004 1.07469 0.521158 1.19004 0.325839 0.444897 0.416213 0.302149 0.341964 0.322244 0.25023 1.21405 0.891752 0.293654 0.915936 0.527254 0.433329 0.942674 0.470485 0.528491 1.24094 0.945559 0.259988 0.0275136 0.319467 1.03719 0.0759945 0.619242 0.854986 0.903137 0.40886 0.378477 0.906279 1.10938 0.185666 0.87518 0.420397 0.875047 0.568071 0.692633 0.169935 0.481857 0.0478714 0.650455 0.330679 0.521309 0.227934 0.708725 0.834814 0.525825 0.442067 0.57846 1.05478
0.379617 0.272122 0.1842 0.961124 0.699589 0.569101 0.291405 0.847555 1.0436 1.08997 0.778814 0.685606 0.369475 1.02911 0.221037 0.369211 0.464549 0.745822 0.151798 0.234082 0.8844 0.856525 0.873053 0.908327 0.585891 0.974431 0.208321 0.466251 0.283884 0.383648 0.141422 0.125097 0.384824 1.08315 0.990205 0.14654 0.989933 0.590672 0.49684 0.891506 0.594856 0.612464 1.21874 0.992365 0.36641 0.0853208 0.346034 1.08044 0.0709272 0.601153 0.76575 0.949174 0.379188 0.471123 0.759247 1.22628 0.228137 0.796971 0.377979 1.00031 0.334279 0.535757 0.234588 0.37776 0.0733778 0.530581 0.409189 0.524319 0.240602 0.686648 0.773589 0.430943 0.566476 0.759911 0.976289
0.370066 0.393604 0.326071 0.807103 0.723183 0.426562 0.24486 0.933304 0.827448 1.2861 0.666842 0.719532 0.24837 0.978866 0.0603842 0.278984 0.461813 0.829003 0.127349 0.345405 0.892489 1.01137 1.02661 0.880197 0.632471 1.09791 0.251313 0.435081 0.188422 0.382791 0.116368 0.359232 0.395995 1.01542 0.924165 0.169294 1.02244 0.646844 0.475968 0.725125 0.429104 0.686444 1.00928 1.08853 0.474826 0.117431 0.457531 0.841488 0.183991 0.608744 0.745187 0.91007 0.380482 0.322815 0.836451 1.18952 0.426709 0.890351 0.588267 1.02463 0.439841 0.504188 0.0960023 0.605386 0.152865 0.460622 0.455418 0.495786 0.329897 0.64228 0.827808 0.596642 0.432205 0.591189 1.03451
0.387969 0.49615 0.313251 0.845505 0.858879 0.505178 0.487248 0.830885 0.934257 1.00032 0.803389 0.742554 0.41119 0.837732 0.202369 0.501784 0.377284 0.742676 0.191166 0.361345 0.911233 0.94701 0.844873 0.982375 0.67528 1.22472 0.2784 0.407604 0.145769 0.270953 0.299626 0.216923 0.456191 1.01702 1.01788 0.351735 1.00412 0.808223 0.236911 0.778072 0.60871 0.512607 0.957458 1.08141 0.412267 0.287258 0.408317 0.949641 0.174918 0.652891 0.96646 0.833886 0.301651 0.293465 0.660279 0.999587 0.406697 0.944182 0.437522 0.996714 0.464179 0.443404 0.0214521 0.536253 0.025798 0.54436 0.244746 0.502278 0.130287 0.702479 0.812742 0.489352 0.47875 0.782056 1.14195
0.456777 0.386241 0.324506 0.915824 0.865768 0.48199 0.2227 0.987792 1.01076 1.14655 0.838008 0.530162 0.442989 0.970689 0.221345 0.353185 0.333931 1.02017 0.262883 0.452404 1.02237 0.850963 0.919382 1.08387 0.6181 1.12016 0.149073 0.549204 0.388526 0.373836 0.30376 0.132998 0.227141 1.15735 1.01233 0.126411 0.979583 0.750114 0.499747 0.878275 0.460139 0.746819 1.19609 0.907632 0.407654 0.125144 0.362976 0.959803 0.242243 0.571004 0.790495 0.839577 0.518693 0.218132 0.818783 1.17387 0.24448 0.836482 0.487166 0.985218 0.519573 0.593467 0.261004 0.355426 0.180897 0.706551 0.374073 0.353131 0.182109 0.710789 0.782509 0.589308 0.579415 0.738385 1.07563
0.243305 0.345166 0.197278 0.984235 0.741501 0.61902 0.442674 0.779983 0.814074 1.01611 0.753875 0.678414 0.221454 0.94922 0.231187 0.495709 0.233344 0.811873 0.060097 0.224733 0.959475 0.968119 0.982934 0.912347 0.470143 1.01422 0.338794 0.401786 0.272322 0.356487 0.325108 0.34009 0.340666 1.27726 1.11874 0.199495 0.813396 0.803149 0.466423 0.781798 0.625982 0.629149 1.15211 1.11368 0.370056 0.131424 0.469059 1.0879 0.12921 0.61392 0.967201 0.886001 0.390114 0.346991 0.807659 1.18404 0.237816 0.692883 0.492684 0.956552 0.408976 0.614505 0.164464 0.637345 0.0712525 0.480335 0.468842 0.531547 0.196489 0.637507 0.708311 0.560671 0.566621 0.732611 1.17858
0.512204 0.394312 0.0804458 1.05173 0.723108 0.395306 0.292618 0.834412 0.845971 0.999714 0.65821 0.527008 0.425704 0.858973 0.0789782 0.35976 0.43661 0.854727 0.0973519 0.215299 0.766727 0.88891 0.919763 0.993553 0.549375 1.12416 0.139127 0.441423 0.358248 0.503582 0.230126 0.243397 0.339189 1.01138 0.926765 0.321815 0.980193 0.796598 0.416661 0.853735 0.458002 0.569088 1.01583 1.12227 0.539518 0.153587 0.368963 0.875736 0.0447259 0.533418 0.848566 0.876304 0.472612 0.315951 0.683903 1.16296 0.465005 0.891218 0.52283 0.875279 0.347712 0.640456 0.117988 0.593897 0.194459 0.53041 0.462193 0.38384 0.12967 0.672181 0.899213 0.53103 0.503164 0.706729 1.05901
0.267658 0.383742 0.360388 0.987473 0.912702 0.367953 0.311163 0.877659 0.919722 1.22147 0.670583 0.621386 0.176532 0.84799 0.275063 0.563697 0.438688 1.00036 0.323779 0.196366 0.886248 0.838981 0.86108 0.875067 0.71961 0.96575 0.20002 0.503227 0.356863 0.518162 0.171314 0.143582 0.279082 1.21832 1.10701 0.183132 0.977625 0.515477 0.233012 0.800977 0.583214 0.654343 1.1125 1.03108 0.455879 0.215931 0.43044 0.84347 0.243571 0.605301 0.807923 0.747582 0.548641 0.327047 0.727158 1.18624 0.405913 0.739076 0.576921 0.980291 0.368703 0.595239 0.0500763 0.445774 0.209272 0.464257 0.441378 0.351522 0.225311 0.647029 0.954513 0.601679 0.562918 0.728742 1.0728
0.517419 0.299637 0.316952 0.970329 0.908574 0.340414 0.421184 0.881185 0.863721 1.28608 0.878213 0.746111 0.164014 0.899816 0.278939 0.434628 0.424214 0.828547 0.0538049 0.326916 0.767693 1.01386 0.935569 0.852461 0.52809 0.951462 0.298415 0.495045 0.277107 0.42971 0.108663 0.366591 0.437997 1.00169 1.01804 0.420263 1.08351 0.574899 0.282572 0.7021 0.477635 0.58289 1.14446 1.15257 0.39421 0.0424498 0.218495 1.10317 0.13195 0.611576 0.721487 1.00969 0.525286 0.384355 0.738518 1.27569 0.273288 0.783249 0.448097 1.04824 0.315395 0.507299 0.305804 0.451726 0.024706 0.558895 0.422476 0.439759 0.27993 0.733346 0.710348 0.542192 0.674274 0.747068 1.12354
0.336364 0.521756 0.28303 0.897955 0.721873 0.492564 0.486449 0.918532 0.851091 1.16398 0.832461 0.683812 0.244834 0.872497 0.0414541 0.403793 0.326222 0.973137 0.217517 0.325299 1.04937 0.783328 0.949839 0.991434 0.724138 1.19685 0.199338 0.386373 0.293102 0.337234 0.101393 0.109021 0.320812 1.13168 0.993187 0.399567 0.809702 0.738373 0.490221 0.870384 0.571226 0.657982 1.0754 1.07565 0.426593 0.289949 0.308081 0.825549 0.27652 0.402711 0.78627 0.842765 0.288295 0.401115 0.72312 1.1434 0.297145 0.921152 0.488754 0.987491 0.510726 0.697669 0.28325 0.459988 0.136423 0.546226 0.439483 0.410188 0.266291 0.708046 0.853486 0.496165 0.416583 0.780921 1.16071
0.369452 0.459333 0.212 0.830805 0.795211 0.493439 0.388715 0.738822 0.98218 0.987604 0.853236 0.68308 0.205023 0.841276 0.303191 0.431136 0.357486 0.955293 0.0766337 0.16082 0.819237 0.819313 1.05684 0.869064 0.464511 1.18094 0.339099 0.487201 0.268089 0.29119 0.171002 0.364673 0.444753 1.01489 1.06712 0.367596 0.98083 0.516359 0.345604 0.801181 0.463416 0.643233 1.0577 0.896803 0.304704 0.289572 0.242448 1.0922 0.0847691 0.552217 0.895989 0.781071 0.322354 0.353825 0.766198 1.09592 0.431472 0.966897 0.47208 1.1517 0.543703 0.510272 0.170971 0.373898 0.280419 0.566229 0.252126 0.34969 0.188927 0.731311 0.756188 0.566285 0.485595 0.694703 1.2394
0.322307 0.464134 0.10201 0.945313 0.69279 0.34362 0.450931 0.925367 0.780832 1.26579 0.718235 0.645819 0.275789 0.934731 0.28931 0.300535 0.220527 0.795961 0.14148 0.392325 0.996603 1.02187 0.84678 0.964298 0.542988 1.15757 0.188217 0.413414 0.195165 0.458836 0.381815 0.307132 0.182928 1.18559 1.03402 0.127507 0.955752 0.686871 0.297098 0.697713 0.597873 0.652019 0.954486 1.02071 0.266255 0.131375 0.288089 1.06245 0.206241 0.492664 0.848651 0.837769 0.391739 0.411666 0.892646 1.2068 0.414074 0.765145 0.564554 1.00466 0.363906 0.696224 0.317739 0.411778 0.0657525 0.613814 0.364317 0.37852 0.0506062 0.603524 0.7437 0.356715 0.492939 0.529794 1.24474
0.291466 0.356221 0.162721 1.04644 0.893343 0.348969 0.306886 0.72713 0.960006 1.05682 0.861407 0.677929 0.200955 1.10063 0.276039 0.483213 0.438462 0.879974 0.278851 0.326827 0.783097 0.874934 0.905347 0.922265 0.632556 0.968399 0.348794 0.332995 0.321777 0.550659 0.268892 0.37918 0.437038 1.04413 1.04894 0.322987 0.937188 0.795161 0.457786 0.824888 0.35793 0.57383 1.00645 1.11119 0.385709 0.0700066 0.368806 1.04538 0.106339 0.523951 0.792046 0.872685 0.533745 0.457083 0.868687 1.25009 0.37695 0.849879 0.391716 1.16894 0.491494 0.583705 0.113251 0.604634 0.138392 0.491537 0.44521 0.450578 0.172465 0.657112 0.727334 0.59785 0.594358 0.666164 1.11596
0.478078 0.417963 0.193908 0.899979 0.685359 0.383199 0.27555 0.960747 0.936363 1.26741 0.608891 0.645002 0.285825 1.06059 0.229454 0.287446 0.355549 0.83607 0.153149 0.187807 0.787226 0.946601 1.06168 0.942772 0.439138 0.99288 0.306358 0.316883 0.398393 0.410912 0.138507 0.20576 0.271807 1.07242 1.03031 0.380996 0.986202 0.68782 0.332221 0.784034 0.6491 0.508529 1.19448 1.16344 0.30065 0.0783071 0.342467 1.01009 0.109921 0.523057 0.814606 0.934718 0.499021 0.411595 0.674867 1.26298 0.404831 0.830878 0.506933 0.941197 0.516863 0.472606 0.25018 0.461631 0.196661 0.588871 0.390748 0.347533 0.0679632 0.64072 0.903565 0.494214 0.44545 0.763324 1.18279
0.367089 0.34706 0.226588 0.813348 0.634348 0.365288 0.277931 0.881836 0.779551 1.12001 0.816618 0.782278 0.249082 0.909092 0.0403709 0.535475 0.308611 0.903412 0.14393 0.215942 1.01048 0.9481 0.819317 0.954704 0.660659 1.18514 0.163412 0.289859 0.332968 0.418973 0.290482 0.173496 0.227382 1.03119 0.988647 0.394472 1.03514 0.660351 0.494534 0.823604 0.586455 0.717629 0.979221 0.95338 0.465867 0.26223 0.213069 1.10386 0.241949 0.626514 0.883353 0.940507 0.332445 0.449237 0.854806 1.27257 0.385825 0.679568 0.413186 1.16981 0.536415 0.697947 0.235774 0.482616 0.171226 0.600963 0.342347 0.531128 0.303664 0.766894 0.943786 0.35442 0.554479 0.73032 1.04267
0.338009 0.492494 0.307751 1.05725 0.839556 0.590326 0.411208 0.749779 0.823271 1.04232 0.793666 0.750099 0.291347 1.09013 0.241124 0.430779 0.256791 0.89473 0.0864023 0.207251 0.895367 0.808134 0.892618 0.996943 0.538449 1.00995 0.227733 0.333931 0.412456 0.417816 0.398465 0.194076 0.460489 1.17264 0.87057 0.227463 1.08991 0.588436 0.326158 0.852873 0.422063 0.675708 1.02702 1.12131 0.267115 0.048561 0.396704 1.0655 0.251533 0.643354 0.796297 0.750227 0.512769 0.178381 0.841297 1.2707 0.190403 0.889186 0.629279 0.96776 0.3925 0.609092 0.0682343 0.415066 0.0726418 0.549074 0.481462 0.325912 0.193256 0.784167 0.724324 0.396774 0.541016 0.593995 1.21883
0.466699 0.389296 0.362742 0.984776 0.646403 0.604677 0.428344 0.749393 1.02524 1.10562 0.876774 0.534652 0.26316 1.08987 0.301718 0.444565 0.345353 1.01235 0.276371 0.23772 0.883969 0.810237 0.985103 0.939071 0.542619 1.18891 0.0985798 0.305563 0.289731 0.297442 0.219285 0.10767 0.33944 1.13872 0.943124 0.238916 0.974029 0.598159 0.241126 0.873867 0.38445 0.593589 1.14805 1.03338 0.297581 0.154008 0.281436 0.843306 0.0961087 0.541883 0.857147 0.933575 0.460037 0.45678 0.702236 1.16386 0.178482 0.916045 0.56215 1.02683 0.557331 0.572613 0.139761 0.406138 0.192078 0.671134 0.440319 0.388326 0.301976 0.807397 0.926138 0.539486 0.52603 0.617903 1.00229
0.415638 0.553453 0.180474 0.837837 0.69918 0.41169 0.216933 0.717561 0.768139 1.06074 0.622049 0.765199 0.169238 0.930294 0.319705 0.513687 0.253929 0.791483 0.0782431 0.370393 1.02699 0.767589 1.04921 1.01459 0.72551 1.08825 0.334767 0.370648 0.152066 0.461131 0.143355 0.312354 0.240979 1.02187 1.15086 0.292232 0.835663 0.695467 0.459002 0.738379 0.350558 0.582523 1.15151 0.888348 0.559419 0.294581 0.504897 1.07793 0.2443 0.41957 0.970642 0.881238 0.459918 0.240259 0.916752 1.03921 0.428663 0.818648 0.397305 1.05206 0.454312 0.571336 0.0613755 0.355644 0.0567728 0.568504 0.249906 0.425323 0.0922105 0.772414 0.68359 0.460349 0.534005 0.786932 1.0973
