25 75
0.434709 1.0184 0.828841 0.508232 0.933164 0.726527 0.760676 0.329033 0.606547 0.489952 1.14117 0.462053 0.445175 1.18812 0.496836 0.559539 0.816939 0.331005 1.0135 0.305445 0.629096 0.58344 0.727965 0.144917 1.11009 0.722327 0.952374 0.889571 1.17298 0.54988 0.35714 1.06255 0.730113 1.2036 0.480476 1.08888 1.06391 0.930544 1.14981 0.921455 0.0115146 1.21747 0.614914 0.124717 1.09026 0.718615 0.822049 0.878324 0.312431 0.868459 0.763392 0.425043 0.992838 0.757138 1.15536 0.446584 0.49501 0.11465 0.58605 0.941773 0.819138 0.337617 0.49338 1.10286 0.861888 0.586764 0.270382 0.768116 0.72135 0.467433 0.43317 1.07344 0.938787 0.271787 1.04353
0.48793 1.05575 0.770758 0.298971 0.931048 0.832433 0.524752 0.389917 0.606316 0.490112 1.11463 0.456729 0.385134 0.963215 0.567062 0.523623 0.934904 0.299831 0.873345 0.395918 0.511096 0.734237 0.776336 0.397752 1.18929 0.587421 0.901609 0.894162 0.918099 0.564003 0.439908 1.1064 0.804242 1.01591 0.551639 1.08304 0.960738 1.09233 1.14282 0.978535 0.281926 0.97319 0.708685 0.0897707 0.949309 0.759232 0.657296 0.617465 0.200507 0.958954 0.775291 0.607771 0.946423 0.613724 1.0938 0.422929 0.435855 0.207097 0.601615 0.853493 0.974882 0.448685 0.698661 0.908378 0.833144 0.3322 0.0620334 0.739889 0.734514 0.260723 0.426336 0.899669 0.895497 0.265572 1.06608
0.343507 0.899584 0.963387 0.478512 1.08591 0.560065 0.599647 0.236572 0.630022 0.515364 1.15041 0.512767 0.601864 1.12299 0.384275 0.578191 0.78973 0.389236 0.837209 0.279706 0.566194 0.528598 0.575115 0.222927 1.26289 0.594605 0.902752 0.864671 0.964925 0.781702 0.409807 1.12454 0.602187 1.1579 0.603624 0.858729 1.02712 0.873324 1.00029 0.935245 0.212084 1.11143 0.68899 0.20848 1.05889 0.662609 0.855931 0.645314 0.359541 0.973913 0.723217 0.600269 0.870496 0.800664 1.11454 0.258024 0.332847 0.335565 0.735411 0.936467 1.02144 0.361507 0.708974 0.852533 0.947419 0.497119 0.157137 0.585267 0.694525 0.316638 0.207272 0.931246 0.928416 0.280288 1.07413
0.342037 0.811351 1.00047 0.517484 1.19563 0.681011 0.76267 0.291842 0.641881 0.426784 0.90736 0.443566 0.524232 1.21725 0.580664 0.408603 0.94612 0.381532 0.98916 0.209763 0.714375 0.61508 0.666201 0.236992 1.18624 0.654852 0.948247 0.919452 1.08826 0.67586 0.152235 1.03957 0.610353 1.04487 0.486901 1.09896 1.06544 0.96703 1.25237 0.892029 0.266152 0.94439 0.568084 0.308448 1.0274 0.808314 0.785779 0.739368 0.0978929 0.771538 0.764215 0.619731 0.859958 0.737744 1.1794 0.326392 0.388326 0.335221 0.783764 0.849632 0.881891 0.268474 0.524523 0.990439 0.886533 0.312842 0.319525 0.719276 0.699268 0.465808 0.219009 0.955112 0.764875 0.353356 0.973587
0.576101 1.0612 0.760515 0.416378 1.16475 0.778103 0.621926 0.319409 0.702 0.456913 1.14813 0.368428 0.587147 1.12655 0.475713 0.392212 0.94986 0.381447 0.794208 0.309739 0.633252 0.710469 0.796723 0.347675 1.00937 0.757555 0.92815 0.903513 0.976959 0.643281 0.188241 1.10144 0.703667 1.05908 0.407814 0.964054 0.854556 0.826245 1.14869 0.774098 0.0437912 0.964415 0.551386 0.235905 1.07978 0.771681 0.829361 0.687573 0.099939 0.842795 0.668629 0.659439 0.817089 0.600042 1.22951 0.266621 0.453026 0.0935723 0.668553 0.804385 0.905011 0.386099 0.495031 0.90052 0.780936 0.349555 0.124072 0.797326 0.80895 0.258398 0.328085 0.948389 0.849922 0.316877 0.973816
0.596563 0.817598 0.889302 0.291686 1.06615 0.775772 0.795647 0.426753 0.752042 0.597406 1.07909 0.434175 0.602264 1.11159 0.32004 0.596865 0.986874 0.356319 0.800091 0.262725 0.521549 0.654369 0.683975 0.294669 1.11438 0.579715 0.756651 1.02449 1.11031 0.778914 0.248272 1.0805 0.628829 0.99061 0.404814 0.870963 0.965616 1.018 1.04912 0.910132 0.146173 1.00697 0.619091 0.252655 1.13603 0.852486 0.807295 0.696535 0.11502 0.939243 0.736279 0.449928 0.902677 0.715251 0.984775 0.492364 0.44287 0.0909734 0.735427 1.00588 1.04826 0.443935 0.776054 0.990681 0.96679 0.349172 0.329109 0.569048 0.631584 0.341036 0.398699 0.959927 1.06136 0.253428 0.877675
0.475838 0.833098 0.961129 0.453835 1.11276 0.630066 0.777659 0.260619 0.60577 0.360343 1.07207 0.401734 0.469475 1.15054 0.33055 0.48648 1.03589 0.332348 0.807003 0.461726 0.783875 0.636117 0.501034 0.131691 1.15263 0.713894 0.760366 0.817453 0.944508 0.648331 0.225845 0.866306 0.751442 1.20204 0.551963 0.950614 0.835831 0.944308 1.10081 0.827821 0.18644 1.14905 0.839832 0.369955 1.07703 0.825305 0.87931 0.680297 0.273809 0.817962 0.700761 0.475812 0.788683 0.719853 0.973579 0.258611 0.291933 0.22762 0.799428 0.779454 0.884647 0.379375 0.571076 0.979635 0.821857 0.529459 0.0905333 0.747957 0.535387 0.482192 0.248927 0.946396 1.0182 0.267086 0.862623
0.61722 0.966218 0.902033 0.376065 0.944948 0.627103 0.569858 0.229407 0.811576 0.358542 1.08241 0.386314 0.382678 1.09848 0.329098 0.63957 0.778324 0.409252 0.830134 0.173892 0.711815 0.491381 0.759679 0.279899 1.11131 0.700025 0.95528 0.915578 0.99462 0.55887 0.316261 1.02765 0.581382 0.955521 0.570224 0.960155 1.0085 0.968868 1.03266 0.855912 0.214487 1.09737 0.722763 0.251683 1.05299 0.78608 0.855746 0.754672 0.337308 0.977909 0.621227 0.462626 1.02008 0.691104 1.15421 0.357157 0.380879 0.285792 0.712303 0.868814 0.987494 0.351903 0.708665 0.884609 0.993808 0.298673 0.28664 0.586182 0.821495 0.256227 0.456144 1.09839 0.857725 0.248823 1.10722
0.528174 1.07606 0.801275 0.442877 1.05823 0.672755 0.686638 0.421241 0.797396 0.444548 0.978474 0.334004 0.531993 1.09478 0.584759 0.406834 1.03077 0.343273 0.949398 0.207404 0.535996 0.497663 0.615821 0.253726 1.17947 0.556564 0.910173 0.863322 1.01169 0.589932 0.243829 0.9826 0.801467 1.15443 0.592084 0.989814 0.934075 1.04515 0.965274 0.816096 0.24857 1.05012 0.745304 0.363518 0.853141 0.795462 0.634676 0.799606 0.226467 0.85367 0.683963 0.383092 0.996485 0.577711 1.0618 0.454691 0.43483 0.223211 0.774224 1.01741 0.880352 0.451436 0.691747 0.890807 0.942047 0.585729 0.281443 0.797689 0.756317 0.518114 0.199557 1.01495 0.906869 0.248393 0.868017
0.431682 0.93554 0.746649 0.249192 1.01013 0.828994 0.804175 0.404002 0.742877 0.375849 1.0381 0.359547 0.493478 0.996124 0.395644 0.544517 0.994767 0.288614 0.826474 0.184934 0.500766 0.745204 0.63182 0.136976 1.17604 0.632818 0.910042 0.816214 1.06432 0.634188 0.254102 0.863826 0.647676 0.970077 0.503111 1.02967 0.925217 0.838417 1.22443 0.794614 0.119971 0.96562 0.646737 0.172908 0.903887 0.642784 0.742023 0.783478 0.0951971 0.985702 0.533887 0.406348 0.825804 0.713644 1.11123 0.431919 0.47963 0.275456 0.653841 0.818689 0.888903 0.528717 0.60659 0.950961 1.05166 0.580854 0.301724 0.717811 0.726081 0.44155 0.365584 1.17695 0.842206 0.163748 0.838534
0.634729 0.8499 0.742988 0.269564 0.965653 0.560954 0.760063 0.265576 0.624395 0.495915 1.06342 0.28856 0.43348 0.965039 0.557427 0.538717 0.950178 0.459384 0.887855 0.288914 0.513801 0.509241 0.717993 0.392521 1.17177 0.68627 0.927236 0.899045 1.11934 0.619699 0.238828 0.882593 0.703573 1.08041 0.440634 0.973876 1.08855 1.03246 1.26202 0.93771 0.16505 1.09661 0.82587 0.299662 0.975857 0.631029 0.890347 0.688988 0.154352 0.871872 0.702877 0.591881 0.953938 0.809699 1.21232 0.23285 0.239027 0.134791 0.705735 1.01826 0.863905 0.486095 0.647465 1.06838 0.906101 0.356663 0.208472 0.839716 0.81984 0.292843 0.365299 0.9455 0.803151 0.257301 1.09797
0.523185 0.997998 0.895948 0.396716 1.08288 0.591092 0.617906 0.45577 0.623012 0.46152 0.981511 0.305878 0.362416 1.21967 0.485837 0.624606 0.799954 0.369311 0.953257 0.368911 0.728737 0.755704 0.572025 0.393761 1.18681 0.818766 0.883161 0.859344 1.09158 0.679254 0.146542 1.07547 0.718362 1.07714 0.686216 0.973655 1.06054 1.03301 1.14268 0.987614 0.17606 1.20609 0.811511 0.273227 1.10489 0.630766 0.727359 0.763211 0.256491 0.830573 0.633157 0.43606 0.9982 0.715039 1.20427 0.26209 0.233955 0.314821 0.764093 1.04642 0.949689 0.402955 0.744274 1.08446 0.942001 0.38921 0.176048 0.788216 0.790398 0.305776 0.31896 1.13418 0.769316 0.304428 0.858062
0.511583 0.909895 0.97543 0.241385 1.12752 0.651984 0.785144 0.244692 0.794903 0.338387 1.08035 0.33924 0.383401 1.13786 0.380118 0.650641 0.869152 0.488777 0.845245 0.450646 0.543953 0.578231 0.640838 0.297096 1.21797 0.835025 0.993913 0.81573 1.18898 0.747407 0.386717 0.998364 0.67364 1.12803 0.424982 0.921446 0.92054 0.899741 1.12899 0.904777 0.116169 0.963001 0.621533 0.197446 1.06981 0.694247 0.702329 0.645612 0.306372 0.984377 0.712483 0.509014 0.899058 0.749013 1.22564 0.341113 0.254663 0.182149 0.709337 0.78715 0.90463 0.346226 0.533636 0.850768 1.0377 0.360052 0.0535563 0.794217 0.665478 0.309946 0.185232 0.981537 1.06243 0.324421 1.11353
0.382848 0.867516 0.75656 0.261403 1.0882 0.652779 0.710216 0.225616 0.725015 0.527989 0.913515 0.269557 0.567816 0.979617 0.589446 0.490806 1.03097 0.396877 0.965022 0.243744 0.768666 0.724977 0.501609 0.318946 1.16802 0.548704 0.742557 0.946218 1.02756 0.654678 0.180237 0.926243 0.721131 1.08656 0.605392 1.01374 0.909046 1.00316 0.989802 0.832005 0.157757 1.14231 0.71345 0.295309 1.09857 0.765581 0.863961 0.852041 0.132026 0.838049 0.620403 0.585398 0.866393 0.827942 1.16575 0.338855 0.226465 0.338741 0.614396 1.04335 0.794798 0.387353 0.655081 1.04687 0.928435 0.448554 0.0664426 0.819097 0.71369 0.277906 0.481099 0.968267 1.00247 0.279331 0.919113
0.406895 0.90055 0.85271 0.340155 1.16881 0.585442 0.623271 0.407268 0.824213 0.307152 1.08076 0.439135 0.564166 1.21289 0.552587 0.535035 0.748972 0.438498 0.784861 0.343289 0.559985 0.675843 0.780694 0.155834 1.2472 0.613944 1.01095 0.987185 1.04117 0.802349 0.294467 0.903226 0.800774 1.15647 0.648575 1.04416 0.903056 0.930891 1.12359 0.784657 0.174716 1.19698 0.574104 0.215582 0.918953 0.82184 0.807048 0.695048 0.257546 0.87308 0.807749 0.559691 0.839043 0.782987 0.980066 0.493972 0.429591 0.100551 0.528197 0.76165 1.01001 0.46582 0.77141 0.912828 1.00061 0.529514 0.274502 0.682074 0.660726 0.430723 0.365874 0.995627 1.04331 0.248096 1.03113
0.462086 1.05375 0.741286 0.374068 1.16057 0.703901 0.720965 0.359088 0.664253 0.453834 1.16989 0.325238 0.424513 1.21327 0.406527 0.53374 0.796176 0.211049 1.05227 0.379718 0.553665 0.730945 0.782235 0.224394 1.04363 0.661954 0.970043 0.890851 0.949807 0.535642 0.189918 1.15155 0.718185 1.25137 0.506776 0.950735 0.983484 1.08024 1.08319 0.851873 0.0657558 0.938848 0.677167 0.29433 0.990377 0.89702 0.819349 0.816641 0.275471 0.856594 0.73249 0.412871 1.06715 0.608912 0.937208 0.512229 0.267743 0.10954 0.813146 0.91086 1.00458 0.417352 0.703927 1.0564 0.855823 0.469506 0.0941793 0.677649 0.724372 0.491655 0.46831 1.13745 0.958717 0.115043 1.05959
0.484053 1.02346 0.998458 0.485302 0.978175 0.645102 0.682856 0.414081 0.798208 0.556276 1.04723 0.448102 0.409725 1.17374 0.502102 0.427777 0.942306 0.222126 0.782038 0.232393 0.712699 0.745954 0.656666 0.348139 1.29094 0.805446 1.03525 1.07432 0.905717 0.547975 0.229635 0.983366 0.636587 1.10018 0.410305 1.04393 1.10901 1.07999 1.23482 1.01516 0.0239532 1.04565 0.808728 0.172094 0.989861 0.840837 0.903365 0.800138 0.295957 1.04511 0.557065 0.523259 0.852399 0.664227 1.0584 0.247678 0.400496 0.102754 0.733084 0.8563 1.01541 0.33741 0.693249 1.06015 0.840446 0.574605 0.0811755 0.567324 0.574188 0.483226 0.345154 1.03011 0.764935 0.329817 0.886539
0.395768 1.00381 0.958312 0.497404 0.971993 0.78166 0.665805 0.294796 0.591148 0.459775 1.04012 0.40668 0.44231 0.978859 0.434336 0.52881 0.797857 0.281081 0.948086 0.229692 0.555262 0.508396 0.799693 0.368206 1.02973 0.680096 0.844078 0.811311 1.18235 0.551637 0.145588 0.937788 0.618217 1.19017 0.417101 0.893795 0.949926 1.08438 1.0241 0.924747 0.0989213 1.00487 0.70856 0.132857 1.02719 0.615702 0.747266 0.833455 0.25626 0.880292 0.804822 0.555811 1.01665 0.641761 1.11195 0.433065 0.219744 0.289439 0.737488 0.849285 1.01994 0.35134 0.669606 0.938504 1.07213 0.541408 0.287234 0.799731 0.588952 0.450081 0.273197 0.979037 0.936321 0.346625 0.844955
0.455824 0.932309 0.805217 0.445097 1.03722 0.704514 0.676354 0.285875 0.715721 0.486814 1.01429 0.467973 0.505482 1.0189 0.512742 0.581825 0.75236 0.247814 0.802666 0.252916 0.771482 0.53551 0.58475 0.319874 1.11674 0.819667 0.759344 0.908738 1.007 0.744001 0.372496 1.05602 0.62021 1.2053 0.448551 1.06895 0.971024 1.06807 1.19553 0.733507 0.27541 1.17895 0.680851 0.250286 0.868155 0.850357 0.748126 0.840228 0.126967 0.938587 0.52571 0.429021 0.879239 0.745643 1.13847 0.441921 0.457684 0.240296 0.710981 0.882757 0.948859 0.259037 0.769606 0.948826 0.848103 0.476364 0.320343 0.744888 0.581648 0.339654 0.311073 1.1437 1.04568 0.200001 0.839114
0.361299 0.928115 0.984353 0.33373 1.09727 0.726104 0.540127 0.234091 0.740745 0.529951 1.06669 0.458441 0.430812 0.971747 0.469155 0.57187 0.854973 0.233166 1.00875 0.429298 0.691056 0.660584 0.510676 0.391753 1.25635 0.78158 0.892951 0.967648 1.04362 0.698383 0.394585 0.97181 0.800163 1.0643 0.574058 0.861273 0.848361 0.83816 1.21481 0.75548 0.0154786 1.1045 0.676288 0.305675 1.03893 0.633487 0.766737 0.815969 0.266576 0.978251 0.672535 0.535531 1.04491 0.833701 1.194 0.241386 0.362178 0.322233 0.608633 0.887944 0.870061 0.436379 0.67949 1.02485 0.775877 0.436076 0.184522 0.611481 0.584643 0.412384 0.292559 1.0811 1.05569 0.16017 0.955145
0.477792 1.04725 0.869231 0.522765 1.20664 0.707622 0.73789 0.300484 0.561504 0.415147 1.06139 0.295091 0.40089 0.95504 0.397666 0.679578 0.878809 0.314168 0.873689 0.343099 0.580023 0.597655 0.588641 0.363852 1.25833 0.564101 0.926636 0.978781 0.961463 0.686345 0.191048 0.908196 0.767833 1.06443 0.483394 1.07294 1.08017 1.00722 1.18776 0.83583 0.113018 1.18955 0.841678 0.147754 1.08723 0.683974 0.828277 0.695839 0.192204 0.930565 0.714231 0.523836 0.963871 0.635379 1.0543 0.405004 0.481405 0.13978 0.716716 0.933187 0.913224 0.429166 0.617196 0.836559 1.06336 0.398894 0.149204 0.668443 0.677568 0.384282 0.27224 1.18257 0.958102 0.144269 0.968357
0.413822 0.853915 0.786107 0.475953 1.18115 0.709458 0.658581 0.306593 0.566183 0.502762 1.1277 0.391583 0.455589 1.15345 0.596705 0.403222 0.814285 0.233405 0.883702 0.384457 0.703603 0.630953 0.749131 0.312216 1.28721 0.689816 0.952486 0.854251 1.15444 0.573036 0.405848 1.07847 0.752797 1.2134 0.540081 1.0378 0.963286 0.814726 1.2047 0.885013 0.252061 1.21075 0.809262 0.147364 0.878734 0.862678 0.746989 0.828954 0.176597 0.883967 0.757358 0.405894 0.823853 0.835614 0.961795 0.267539 0.479359 0.366898 0.687162 0.882915 0.850262 0.331695 0.655169 0.970647 0.889802 0.529265 0.191314 0.608734 0.540575 0.369025 0.186822 1.03705 1.04672 0.357163 1.06782
0.564118 0.995222 1.02094 0.304638 1.16004 0.799665 0.52257 0.466505 0.658937 0.463784 0.922835 0.480457 0.314274 1.09677 0.38256 0.446655 0.966679 0.4414 0.988137 0.264579 0.737347 0.479837 0.775617 0.378554 1.08168 0.585492 0.974441 0.821419 1.19356 0.600214 0.321741 1.09389 0.827724 1.22021 0.552656 0.957303 0.894285 0.936025 1.10749 0.999425 0.149172 1.18354 0.746685 0.235364 1.07744 0.6289 0.731329 0.688468 0.270971 0.990282 0.789212 0.430577 0.912448 0.850854 1.08836 0.48398 0.221732 0.209168 0.788495 0.958159 0.794339 0.470818 0.542442 0.841475 0.938537 0.590927 0.186988 0.568225 0.758512 0.413298 0.296049 1.18513 1.04627 0.376354 0.988936
0.517824 1.02409 0.947444 0.267708 1.0938 0.778041 0.706048 0.207671 0.638364 0.465835 0.960687 0.307099 0.601402 1.1726 0.448536 0.495813 1.00128 0.243237 0.96476 0.317632 0.752008 0.716374 0.541581 0.137737 1.02755 0.824793 1.00416 0.846072 0.984613 0.569437 0.245418 1.01766 0.722386 1.09299 0.637903 1.09037 1.06226 0.826286 1.09064 0.760212 0.0614814 0.985617 0.623629 0.302135 0.861496 0.70723 0.831747 0.74942 0.159383 0.760954 0.59774 0.481181 0.847784 0.783004 1.02555 0.299702 0.291847 0.363002 0.576826 1.00077 0.922039 0.419152 0.664869 0.887362 0.795288 0.379726 0.165745 0.844594 0.5373 0.413538 0.271939 0.907861 0.983822 0.224098 1.05012
0.402503 0.835507 0.988402 0.344029 1.13453 0.62824 0.765813 0.410186 0.78699 0.462996 1.12457 0.420587 0.500727 1.16864 0.350321 0.616115 0.847014 0.401424 0.990314 0.285259 0.723179 0.611446 0.527132 0.318046 1.08615 0.810748 0.912853 0.863804 0.928049 0.658571 0.245105 1.05445 0.688826 1.10335 0.540254 0.90217 0.94332 0.915036 1.01001 0.727297 0.0627374 1.20436 0.7164 0.138436 1.11486 0.616084 0.741473 0.819651 0.139979 0.823885 0.766543 0.379609 0.793798 0.621585 1.0132 0.455067 0.35465 0.236713 0.66196 0.845655 0.851464 0.476064 0.624136 1.06312 0.996943 0.549143 0.0994666 0.756797 0.613856 0.374678 0.354112 1.06022 0.925086 0.244991 0.947594
