25 75
0.688054 1.02596 0.532393 0.882904 0.997993 0.78064 0.12929 0.41555 0.190757 1.15852 0.408882 0.317579 0.938014 0.208233 0.648811 0.445958 0.677496 0.643236 0.421672 1.06076 0.994003 0.509376 0.657849 1.02324 0.378791 0.538629 0.943773 0.803219 0.189153 1.15108 0.529896 0.879111 0.769735 0.966882 0.719986 0.626554 0.587752 0.725055 0.591234 0.592856 0.563411 0.472992 0.851477 0.730278 0.547246 0.775592 0.52051 0.833138 0.600569 0.528829 0.737091 0.661897 0.337314 1.03349 0.632416 0.1105 0.299695 0.581073 0.11134 0.127996 0.455291 0.680156 0.928375 0.315241 0.650764 0.0371659 0.884719 0.440961 0.635471 0.796066 0.499161 0.357898 0.802186 0.878461 0.988073
0.688136 1.10515 0.344124 0.700918 1.13122 0.795577 0.280781 0.274366 0.282328 1.09772 0.333623 0.325423 0.974599 0.30658 0.625206 0.50684 0.665621 0.618824 0.333976 1.192 0.946152 0.666006 0.71024 1.04732 0.412279 0.271705 0.90665 0.659048 0.108223 1.0026 0.629454 0.696197 0.65738 1.14984 0.581248 0.508966 0.657244 0.75057 0.547512 0.606636 0.730429 0.618472 0.945283 0.796917 0.629863 0.594659 0.387761 0.853933 0.619298 0.399661 0.877339 0.771174 0.225553 1.00965 0.511927 0.217546 0.423496 0.526321 0.186084 0.213172 0.199505 0.505482 1.06699 0.286697 0.706399 0.169686 0.902149 0.290828 0.452563 0.773627 0.57712 0.497918 0.668062 1.16968 0.743223
0.706355 1.0957 0.375226 0.844686 1.0253 0.91344 0.326878 0.354235 0.160364 0.911642 0.314961 0.515558 0.988682 0.208704 0.718822 0.453505 0.794784 0.685938 0.387017 1.14163 0.980862 0.648559 0.745404 1.03684 0.465321 0.346961 1.11535 0.823733 0.286641 0.990889 0.632854 0.840088 0.737868 1.18754 0.824156 0.747307 0.624743 0.696069 0.549819 0.600033 0.590369 0.563464 1.03631 0.821477 0.765838 0.586427 0.386594 0.979357 0.702433 0.667174 0.787233 0.682211 0.430533 0.923236 0.499491 0.350012 0.47107 0.600334 0.229898 0.246163 0.20351 0.698475 1.03668 0.145361 0.606857 0.306717 0.807882 0.509211 0.652248 0.843028 0.317404 0.564735 0.827002 0.996795 0.994815
0.768775 1.07586 0.528152 0.824231 1.10649 0.695814 0.343946 0.540132 0.127181 0.930238 0.19706 0.372196 0.981505 0.278656 0.589288 0.252598 0.865822 0.622345 0.521376 1.14486 1.05744 0.532734 0.60369 1.24132 0.329779 0.32078 1.07561 0.549671 0.171454 1.17658 0.421317 0.940927 0.641611 1.05152 0.599496 0.643039 0.586723 0.750321 0.561127 0.70799 0.745564 0.582895 1.03427 0.635433 0.500345 0.69331 0.553376 0.827067 0.852946 0.591841 0.679746 0.541068 0.186155 1.03776 0.477747 0.120924 0.330063 0.532798 0.0373901 0.263941 0.188064 0.769571 1.01136 0.269839 0.789974 0.249082 1.07073 0.272657 0.527062 0.784448 0.530149 0.528878 0.801866 0.951182 0.829248
0.873951 1.10019 0.36006 0.745758 1.04553 0.726487 0.199518 0.405645 0.127364 0.877105 0.279073 0.254053 0.960119 0.0489175 0.497087 0.479799 0.769567 0.751608 0.38376 1.13158 1.0736 0.699937 0.800586 1.18424 0.59814 0.378299 1.10984 0.576124 0.130943 1.17049 0.440808 0.707744 0.602365 1.17934 0.723309 0.601983 0.748187 0.601085 0.611037 0.552001 0.514061 0.434789 0.913902 0.610051 0.563256 0.807967 0.494434 0.788198 0.593473 0.625675 0.754148 0.77335 0.202636 0.869533 0.633825 0.338029 0.208381 0.76072 0.0192412 0.266929 0.377068 0.758788 1.00565 0.199837 0.668108 0.19054 0.934115 0.332439 0.55879 0.56405 0.325942 0.429713 0.804813 1.17059 0.750367
0.821919 1.01811 0.481186 0.756903 1.23147 0.815076 0.230134 0.362668 0.10084 1.03545 0.17357 0.358799 0.922399 0.143424 0.768029 0.312643 0.841299 0.631552 0.576836 1.25771 0.877257 0.773659 0.710703 1.00531 0.569604 0.258022 0.999094 0.718391 0.0902426 1.05058 0.664446 0.789469 0.591739 0.947952 0.812931 0.562247 0.539315 0.750261 0.533789 0.653809 0.592137 0.630025 0.807491 0.629001 0.504839 0.692321 0.271058 0.944775 0.633819 0.623572 0.815484 0.831746 0.424669 0.892049 0.625079 0.185544 0.27557 0.519277 0.0958837 0.24572 0.34616 0.588201 1.09023 0.293615 0.77344 0.290809 0.787635 0.420261 0.512234 0.756982 0.473898 0.372009 0.759364 0.94511 0.995828
0.726747 1.16482 0.384476 0.847862 1.25623 0.700849 0.390848 0.298691 0.221448 0.892513 0.331413 0.313682 0.835757 0.266367 0.773319 0.40302 0.802673 0.516591 0.417587 1.0968 0.9105 0.77135 0.679921 1.09526 0.477551 0.546741 1.04145 0.825035 0.0856953 0.918874 0.459905 0.834128 0.831579 1.03309 0.818231 0.665354 0.635548 0.768912 0.697967 0.809664 0.526651 0.633451 1.00504 0.653063 0.650851 0.600985 0.465097 0.872594 0.686617 0.682242 0.658837 0.766805 0.384106 0.81287 0.717762 0.214822 0.304581 0.503971 0.110058 0.236521 0.206081 0.477337 1.0416 0.432406 0.649468 0.268903 1.06605 0.547264 0.668767 0.748512 0.531955 0.341611 0.71029 1.15902 0.827421
0.877661 1.10216 0.273532 0.63761 1.02104 0.72809 0.334258 0.533589 0.295971 1.15181 0.259634 0.521839 0.844888 0.0871597 0.520868 0.340776 0.805658 0.509381 0.387363 1.23381 1.09258 0.774487 0.735921 1.08517 0.377428 0.524249 0.940988 0.551394 0.145835 0.99531 0.696042 0.919837 0.847917 0.971192 0.773719 0.699981 0.557818 0.647846 0.563969 0.734356 0.669607 0.388246 0.853488 0.782608 0.748109 0.540754 0.390304 0.959144 0.764345 0.470848 0.857531 0.597005 0.171128 0.771114 0.488306 0.160344 0.312925 0.606093 0.0443101 0.35995 0.376479 0.557146 1.0289 0.393999 0.819957 0.316194 0.964229 0.404255 0.450347 0.76713 0.366751 0.408689 0.730378 0.967475 0.766312
0.724506 0.968015 0.423455 0.738613 1.20011 0.796716 0.189491 0.335516 0.134573 1.14093 0.223012 0.454664 0.779131 0.108085 0.590303 0.463848 0.595763 0.517471 0.439266 1.22071 0.999295 0.637373 0.823593 1.06564 0.530679 0.441785 0.97764 0.578231 0.234805 1.06686 0.572201 0.859392 0.601656 1.13686 0.757675 0.531703 0.491171 0.521285 0.758212 0.753133 0.718213 0.397089 0.981525 0.79942 0.525613 0.668336 0.545312 0.860754 0.819265 0.465753 0.933111 0.821921 0.401599 0.961675 0.603263 0.294993 0.490739 0.50386 0.139296 0.158197 0.25659 0.611774 1.04076 0.214244 0.678739 0.0923078 0.993985 0.276075 0.691415 0.697833 0.55044 0.345354 0.846827 0.988352 0.845493
0.631343 0.977672 0.399564 0.862461 1.04619 0.649754 0.212698 0.460149 0.196597 0.991893 0.132013 0.305878 0.912002 0.303902 0.65798 0.49384 0.852032 0.675906 0.529497 1.14175 1.07374 0.590149 0.670284 1.27906 0.586296 0.32597 0.954109 0.80768 0.144454 0.921278 0.62388 0.721126 0.824453 1.2036 0.544419 0.611063 0.528222 0.730875 0.651067 0.681597 0.703185 0.5044 0.997263 0.618955 0.506953 0.537393 0.388508 0.899987 0.65578 0.60671 0.674272 0.71657 0.340595 0.790678 0.768388 0.152554 0.257614 0.609085 0.116834 0.375512 0.24078 0.512729 0.971869 0.239644 0.728823 0.137721 0.913389 0.440882 0.666888 0.76337 0.568992 0.335358 0.81891 0.922147 0.747802
0.755946 1.01971 0.489712 0.696526 1.1875 0.769847 0.157387 0.300357 0.310608 1.02158 0.333095 0.243508 1.02 0.0608011 0.62635 0.469428 0.752463 0.58648 0.580931 1.0079 1.02111 0.565792 0.689576 1.10703 0.367091 0.546769 1.0332 0.702705 0.119529 0.935009 0.570068 0.760655 0.692646 1.06429 0.716501 0.571021 0.703996 0.680284 0.752047 0.756198 0.626792 0.527892 1.05497 0.58854 0.655888 0.733431 0.512308 0.841395 0.792357 0.444332 0.725146 0.653887 0.30586 0.883994 0.592646 0.245932 0.42082 0.723218 0.0978954 0.382696 0.301207 0.504924 0.917589 0.230249 0.682723 0.0486442 0.986728 0.479052 0.670272 0.785005 0.55586 0.457337 0.836754 0.934442 0.939907
0.648602 1.18707 0.361277 0.846071 1.1056 0.921877 0.192358 0.387803 0.299944 0.889233 0.27825 0.248311 1.00434 0.216056 0.621168 0.42247 0.792966 0.634832 0.610236 0.991955 1.00773 0.757145 0.761257 1.23509 0.454378 0.400089 1.00966 0.809147 0.0829243 0.945767 0.599287 0.930996 0.643793 1.1585 0.596486 0.608889 0.544478 0.522702 0.751359 0.664383 0.788147 0.662224 0.887022 0.662151 0.665809 0.752126 0.564083 0.939682 0.694328 0.580985 0.89258 0.793835 0.200788 0.765491 0.525275 0.223557 0.356583 0.532941 0.0960367 0.361758 0.336652 0.544849 1.06688 0.339161 0.731378 0.20068 1.02625 0.404354 0.629788 0.774397 0.501307 0.449548 0.700291 0.936434 0.850432
0.670124 1.03065 0.338548 0.793063 1.01292 0.879167 0.176941 0.378897 0.145584 0.906872 0.361977 0.472271 0.748413 0.225351 0.543467 0.475764 0.813485 0.480638 0.333286 1.17641 1.0702 0.592746 0.816675 1.16124 0.37884 0.294901 0.947553 0.609065 0.134535 1.06691 0.614813 0.844978 0.812943 1.19183 0.682498 0.487117 0.548141 0.48976 0.571796 0.721684 0.651332 0.572831 0.792659 0.712251 0.726605 0.791246 0.315728 0.879855 0.617551 0.670689 0.937153 0.648164 0.344518 0.775117 0.701067 0.205921 0.351842 0.773519 0.142966 0.237822 0.173998 0.73953 1.08202 0.325993 0.603518 0.119584 1.07239 0.352586 0.60301 0.610432 0.577452 0.320522 0.775605 0.945194 0.745676
0.669117 1.08621 0.332695 0.82934 1.01775 0.751028 0.266628 0.418667 0.219984 0.883027 0.396852 0.525469 0.757689 0.256265 0.541498 0.316452 0.781252 0.478604 0.547395 1.03132 1.03281 0.717831 0.590144 1.03159 0.513347 0.395923 0.941512 0.702211 0.263216 0.99893 0.512777 0.784685 0.819681 0.986481 0.775291 0.534403 0.675189 0.538909 0.624895 0.702662 0.754795 0.406839 1.01612 0.630789 0.595975 0.716706 0.465263 0.749092 0.768034 0.660573 0.804589 0.709862 0.298509 0.897686 0.50557 0.19278 0.351373 0.762813 0.0946496 0.327056 0.413987 0.500224 0.823564 0.360878 0.809063 0.24808 0.866994 0.386026 0.574817 0.651259 0.552148 0.492685 0.694559 1.10289 0.900763
0.655117 1.00596 0.485797 0.849042 1.27626 0.778415 0.405537 0.249627 0.147784 1.05803 0.257309 0.233047 0.999 0.0417934 0.742433 0.378247 0.865808 0.740905 0.431323 1.10177 1.0894 0.774779 0.653511 1.04679 0.386992 0.5136 0.904197 0.710097 0.22715 1.12238 0.692863 0.804354 0.801584 0.986914 0.548202 0.720154 0.562034 0.771491 0.683549 0.611379 0.626838 0.494591 0.955374 0.815427 0.671994 0.582251 0.333835 0.984979 0.68265 0.652356 0.793447 0.610381 0.186501 0.844164 0.682908 0.21415 0.468542 0.681997 0.0695774 0.305766 0.321986 0.588587 1.09254 0.305895 0.558799 0.161218 0.915528 0.416401 0.514819 0.769193 0.335066 0.547142 0.824977 1.0522 0.832051
0.74234 0.975598 0.530308 0.644776 1.15056 0.730351 0.163394 0.25007 0.089307 1.10781 0.236923 0.326671 0.790874 0.0866181 0.612165 0.430239 0.855843 0.682495 0.364031 1.0914 0.908912 0.760977 0.725542 1.05603 0.430034 0.500193 0.85779 0.743079 0.0865127 0.983231 0.654388 0.732675 0.770069 1.09295 0.663437 0.742153 0.747449 0.765722 0.765809 0.683045 0.497949 0.433175 0.967469 0.601248 0.735237 0.689763 0.542703 0.974436 0.635637 0.491663 0.692385 0.613644 0.329393 1.00307 0.645296 0.3263 0.291419 0.557095 0.0703827 0.320078 0.454331 0.746613 0.881652 0.142565 0.727454 0.0586802 0.958151 0.529577 0.594951 0.739393 0.49392 0.380754 0.658512 1.08362 0.744021
0.878986 1.24756 0.276826 0.830092 1.14759 0.834774 0.130212 0.294315 0.349834 0.926098 0.379041 0.394262 0.831424 0.235428 0.620136 0.469722 0.826544 0.664915 0.364216 1.13907 0.970644 0.595854 0.700451 1.06986 0.547668 0.427439 1.04517 0.796437 0.279379 1.09837 0.702488 0.849195 0.734287 1.01263 0.596144 0.528432 0.513222 0.683306 0.649544 0.775538 0.555441 0.45525 1.05039 0.589126 0.758075 0.643189 0.284275 0.701674 0.579684 0.440425 0.928731 0.729566 0.423926 1.00797 0.684708 0.319341 0.384411 0.558979 0.294353 0.293346 0.228295 0.726673 0.860003 0.224589 0.589626 0.246276 0.926812 0.377687 0.62819 0.676435 0.605205 0.394985 0.88488 1.14896 0.801622
0.802988 0.969556 0.532309 0.850888 1.02471 0.756529 0.376244 0.344806 0.154773 0.944935 0.201337 0.406502 0.886688 0.0999456 0.577798 0.326387 0.618835 0.72379 0.506215 1.2044 1.01329 0.786106 0.848717 1.15325 0.513356 0.446244 1.03371 0.546782 0.0965106 0.96678 0.523895 0.778799 0.744233 1.01226 0.653373 0.696607 0.633229 0.657703 0.595453 0.756936 0.552959 0.496286 0.798258 0.622622 0.687273 0.600032 0.430117 0.731447 0.76438 0.619053 0.797279 0.726284 0.325659 0.849112 0.505159 0.221562 0.275214 0.50351 0.191218 0.230172 0.426946 0.711722 0.921253 0.238795 0.769698 0.247271 0.972644 0.534478 0.678117 0.643241 0.397677 0.282178 0.704827 1.03577 0.787668
0.836758 0.997153 0.319987 0.646549 1.04762 0.796952 0.349417 0.4606 0.1631 1.08475 0.178588 0.376662 0.923842 0.0360856 0.623951 0.475358 0.761136 0.674668 0.504929 1.11828 0.97448 0.549855 0.675449 1.26073 0.453045 0.372135 1.04849 0.644961 0.165518 1.05183 0.433093 0.710464 0.646757 0.949193 0.818813 0.595631 0.548273 0.701626 0.511892 0.66589 0.781071 0.566205 0.989473 0.685207 0.708462 0.706633 0.536511 0.717414 0.672063 0.492496 0.667895 0.620164 0.383845 0.909345 0.673231 0.313772 0.480812 0.608973 0.0799138 0.22526 0.266249 0.651238 0.913107 0.236752 0.815309 0.0992901 0.835938 0.311373 0.5469 0.57778 0.504258 0.295777 0.897704 0.894304 0.826373
0.743428 0.97091 0.48688 0.791745 1.26763 0.804003 0.187405 0.508422 0.261104 1.13341 0.196407 0.278872 0.826745 0.241879 0.735623 0.457903 0.851355 0.545047 0.570752 1.04795 0.847162 0.531137 0.799257 1.24884 0.575063 0.255629 1.15425 0.761568 0.0997599 1.0747 0.687646 0.713111 0.566507 0.946632 0.549397 0.557992 0.466406 0.509018 0.686432 0.57469 0.63161 0.490562 0.799622 0.815472 0.66846 0.692212 0.56544 0.717757 0.657614 0.631769 0.767961 0.692916 0.345607 1.04361 0.662942 0.225786 0.213424 0.542846 0.146196 0.404552 0.447492 0.691585 0.929286 0.338432 0.836842 0.0311579 0.950396 0.310085 0.679442 0.642254 0.44295 0.372071 0.61599 1.15247 0.768661
0.643851 1.02919 0.339975 0.741657 1.0964 0.721786 0.243033 0.249635 0.188485 1.1544 0.204375 0.391622 0.896702 0.0350132 0.721828 0.289337 0.644654 0.562975 0.333202 1.28258 0.885102 0.518232 0.796389 0.98424 0.448955 0.494032 1.10979 0.801126 0.0670511 1.01408 0.481865 0.768388 0.741837 1.18086 0.821654 0.666784 0.512035 0.645152 0.759216 0.67946 0.522603 0.584092 0.933521 0.538772 0.487884 0.709139 0.303123 0.94015 0.762351 0.408269 0.674698 0.714884 0.353872 0.990485 0.553291 0.289433 0.454984 0.748306 0.169044 0.261459 0.420022 0.488923 1.00757 0.301 0.645008 0.148368 0.890139 0.294651 0.713505 0.715221 0.338963 0.448199 0.779026 1.13639 0.986299
0.637655 1.22771 0.40635 0.785451 1.11093 0.709883 0.148209 0.359263 0.0826343 1.167 0.269783 0.44731 0.950367 0.280714 0.65625 0.330373 0.623991 0.558412 0.384007 0.997207 0.887123 0.72717 0.589422 1.12118 0.519882 0.502916 1.03285 0.671438 0.269944 1.11032 0.443481 0.740348 0.794491 1.18329 0.665012 0.61305 0.728655 0.6029 0.762067 0.718944 0.638313 0.419006 0.824778 0.704611 0.538359 0.660509 0.457727 0.840015 0.565577 0.451635 0.847183 0.585979 0.250926 0.813963 0.727256 0.328039 0.248156 0.646113 0.0527211 0.194142 0.334324 0.564883 0.997385 0.431156 0.705107 0.269166 1.0677 0.285599 0.680798 0.614378 0.38666 0.498718 0.618041 1.15357 0.915487
0.75972 1.2005 0.517201 0.65223 1.26943 0.861575 0.215857 0.438069 0.197734 0.890468 0.179903 0.465997 0.795848 0.167861 0.739035 0.226361 0.601128 0.713927 0.513825 1.1057 0.84381 0.650245 0.656709 1.16661 0.609237 0.401794 1.1027 0.650784 0.224296 1.08184 0.65898 0.653229 0.785176 0.942398 0.549587 0.497541 0.618858 0.521493 0.771239 0.525092 0.771364 0.582633 0.887926 0.816499 0.535468 0.666286 0.425903 0.858753 0.845007 0.640489 0.880677 0.673249 0.246978 0.891425 0.615899 0.323956 0.392635 0.60667 0.0879204 0.37247 0.447969 0.614921 0.963317 0.401052 0.561594 0.309396 0.966099 0.317329 0.520233 0.561472 0.406274 0.484215 0.862533 1.0842 0.955234
0.851359 1.02078 0.366652 0.865519 1.14794 0.77311 0.304663 0.312105 0.230247 1.12706 0.404083 0.42431 0.85991 0.140147 0.577904 0.424426 0.693543 0.712511 0.422471 1.15331 0.99104 0.655909 0.667953 1.10663 0.43811 0.381232 0.867639 0.810818 0.26403 1.1004 0.466314 0.866934 0.658905 0.954569 0.786062 0.660861 0.549135 0.701765 0.602832 0.583999 0.774381 0.458458 0.797676 0.769992 0.518361 0.534461 0.442932 0.89418 0.565788 0.413738 0.868261 0.669951 0.403696 0.792217 0.51585 0.286412 0.363591 0.783505 0.160569 0.400057 0.25158 0.771561 0.903327 0.40043 0.613618 0.306979 1.0222 0.430613 0.456276 0.804844 0.349851 0.513508 0.629522 1.02108 0.743904
0.753645 1.08838 0.353042 0.671503 1.15973 0.682403 0.164276 0.476779 0.161846 1.04233 0.221964 0.256359 0.808516 0.159894 0.760875 0.382778 0.652929 0.71139 0.362486 1.22046 1.11939 0.795691 0.556306 1.03984 0.579514 0.438343 1.04518 0.708219 0.136602 0.96443 0.518653 0.782248 0.806217 1.21986 0.709097 0.511682 0.635805 0.683701 0.491603 0.704417 0.58121 0.452598 0.758623 0.752181 0.695052 0.592356 0.489279 0.810504 0.7274 0.560562 0.914121 0.65766 0.221662 0.986639 0.673585 0.264698 0.292739 0.658527 0.195105 0.301877 0.316471 0.696194 0.816902 0.346607 0.658364 0.186908 0.90572 0.335434 0.488655 0.809547 0.517796 0.504129 0.800161 1.06161 0.857523
