25 75
0.827403 0.829088 1.02976 0.833651 0.976637 0.36553 0.481342 0.354504 0.184813 1.01696 0.391181 0.94306 0.348103 1.04514 0.643741 0.280831 0.622321 0.620093 0.611115 0.959004 0.457657 0.707158 0.804348 0.87393 0.860991 0.918969 0.649225 1.13232 0.73297 1.0831 0.201106 0.207507 0.170377 0.542937 0.0786819 0.711486 0.912728 1.22878 1.10153 0.803896 0.520759 0.289219 1.09985 0.0877123 0.805927 0.263936 0.154901 0.403297 0.779465 0.90402 0.420799 0.94957 0.284134 0.373265 1.03722 0.434553 0.563243 0.249515 0.452075 0.618896 0.780106 0.642986 0.727193 0.580761 0.143697 0.40314 0.61018 0.134793 0.417416 0.917793 0.383788 0.321291 1.10137 0.915316 0.173967
0.728788 0.786041 0.977499 1.06521 0.979799 0.420973 0.34775 0.308475 0.0461506 1.07888 0.554136 0.891527 0.410902 0.989988 0.486336 0.335766 0.508316 0.705773 0.699662 0.982784 0.482661 0.647323 0.777181 0.704784 0.8444 0.856754 0.601303 1.02349 0.727003 0.807896 0.216319 0.252818 0.207565 0.671061 0.1909 0.844621 0.68269 1.19732 1.17571 0.906385 0.434955 0.286566 1.124 0.0354181 0.797231 0.206191 0.123574 0.410985 0.691901 0.645411 0.412441 1.00663 0.293942 0.619922 1.00036 0.4079 0.465572 0.228182 0.345211 0.642987 0.757721 0.473111 0.652531 0.540352 0.267946 0.375175 0.632051 0.277101 0.349174 0.991104 0.41185 0.394632 1.02851 1.00177 0.285679
0.780397 0.872251 0.933124 1.04717 1.19227 0.462858 0.246691 0.187746 0.272344 1.21779 0.5207 0.912386 0.541266 1.00167 0.745724 0.366187 0.716413 0.522301 0.755676 0.988052 0.432167 0.589734 0.926243 0.900607 1.02083 1.04498 0.649243 0.983366 0.703226 0.984094 0.351355 0.160429 0.0982362 0.61762 0.162112 0.782515 0.695683 1.0901 0.952503 0.864379 0.357036 0.355995 1.06246 0.0668256 0.579069 0.383522 0.282108 0.49651 0.790789 0.863352 0.173702 0.829732 0.176165 0.513066 1.11616 0.404738 0.644546 0.265013 0.480996 0.541782 0.502422 0.568832 0.682282 0.624418 0.17444 0.408988 0.849112 0.401803 0.392285 1.1345 0.376784 0.331568 1.00813 0.838825 0.0669329
0.784835 0.921341 0.927284 0.796272 1.22202 0.429167 0.303031 0.266089 0.261846 1.22204 0.363498 0.893157 0.533248 1.16924 0.583228 0.138827 0.679369 0.502767 0.749455 0.988634 0.569375 0.453969 0.918051 0.699234 0.971505 1.00794 0.478573 0.974417 0.835436 0.953743 0.405629 0.311492 0.255942 0.802061 0.12332 0.717762 0.791205 0.998271 0.921847 0.917999 0.359511 0.518169 1.00143 0.0638812 0.76973 0.286842 0.122232 0.525246 0.915957 0.62822 0.351974 0.86044 0.248332 0.605299 1.01505 0.4426 0.639849 0.236461 0.576479 0.505358 0.75059 0.467043 0.737064 0.645477 0.310992 0.437099 0.795848 0.370896 0.514559 1.13176 0.213102 0.427083 0.932483 1.07985 0.106842
0.785437 0.876541 0.777643 1.01047 0.959234 0.261681 0.251809 0.177405 0.0578176 1.22174 0.464919 0.809539 0.434571 0.982333 0.756778 0.220465 0.660345 0.662397 0.652269 0.988696 0.351523 0.557115 0.873606 0.952552 0.853758 1.00206 0.728725 1.05462 0.661656 0.957615 0.264317 0.292972 0.285131 0.70186 0.0151949 0.741822 0.702327 1.13576 1.19231 1.00148 0.372993 0.457104 1.02057 0.095686 0.774523 0.208063 0.145107 0.589025 0.878039 0.65853 0.327711 0.941707 0.410988 0.592644 1.19221 0.637959 0.553714 0.277994 0.602407 0.441424 0.56166 0.486597 0.584248 0.652513 0.27452 0.369413 0.794984 0.334744 0.523347 1.02153 0.19238 0.303866 1.0442 0.928959 0.155403
0.848242 0.93966 1.05321 0.960288 1.19347 0.336095 0.356059 0.203455 0.059122 1.1043 0.473616 1.01778 0.362136 1.06813 0.712938 0.136737 0.703076 0.646526 0.768047 0.809565 0.353206 0.649076 0.923945 0.720971 0.975241 1.0638 0.561176 1.06745 0.566889 1.04733 0.412158 0.109127 0.042595 0.565474 0.2823 0.642556 0.667687 1.15567 1.09244 0.813581 0.401188 0.330182 1.21896 0.280382 0.800183 0.164589 0.164547 0.408839 0.79717 0.836988 0.2481 0.936434 0.2263 0.379403 1.1769 0.467795 0.456254 0.104819 0.480432 0.434093 0.734628 0.469938 0.534561 0.605292 0.324607 0.262886 0.679923 0.406528 0.515552 1.03101 0.181591 0.457567 0.850302 0.842428 0.330133
0.857207 0.721804 1.04089 1.04731 1.11151 0.252866 0.337392 0.237815 0.0580349 1.03799 0.429653 1.0433 0.339273 1.04677 0.718473 0.2921 0.65225 0.680959 0.707747 0.963225 0.355275 0.730459 0.949883 0.719917 1.06264 1.13934 0.591099 1.15396 0.753931 1.06416 0.470821 0.124001 0.264426 0.584149 0.0603729 0.89641 0.630546 1.04397 0.943849 0.799983 0.512712 0.495995 1.16758 0.212183 0.864291 0.234669 0.0805437 0.360387 0.681169 0.640406 0.324545 0.758315 0.327641 0.46985 1.16988 0.504722 0.498612 0.349963 0.537154 0.5287 0.733965 0.589519 0.65369 0.446505 0.406518 0.478825 0.585789 0.341305 0.544525 1.01572 0.305838 0.423894 0.895902 0.970592 0.301632
0.882282 0.984612 0.793201 0.792055 1.00323 0.49037 0.358651 0.201778 0.225138 0.99459 0.491789 0.998494 0.407193 0.973416 0.596273 0.253002 0.587257 0.47918 0.830197 0.74289 0.541582 0.521697 0.867429 0.76505 1.07088 1.09236 0.495838 1.10488 0.566971 0.928136 0.226025 0.273221 0.210626 0.626977 0.293137 0.832054 0.78567 1.01757 1.0281 0.846814 0.438887 0.284447 1.15099 0.0416006 0.618857 0.288852 0.316189 0.358624 0.892581 0.85952 0.371462 0.757255 0.216252 0.596137 1.10965 0.463239 0.522292 0.150895 0.377963 0.47672 0.726449 0.64548 0.545899 0.569955 0.358917 0.543966 0.65378 0.29218 0.596501 1.09284 0.202839 0.417651 0.91931 0.877376 0.129052
0.703116 0.706761 0.934879 0.961774 1.11999 0.394557 0.447409 0.362297 0.181725 1.20917 0.510161 1.00451 0.471794 1.01095 0.564172 0.118068 0.745929 0.4553 0.794596 0.787474 0.328465 0.683703 0.957731 0.948794 1.00895 0.9692 0.571085 0.938074 0.79632 0.99831 0.234718 0.227104 0.00992039 0.733263 0.194279 0.78118 0.751726 1.1675 1.11816 0.880928 0.450312 0.405697 1.04191 0.101004 0.593316 0.323572 0.225527 0.47973 0.913001 0.76587 0.261634 0.964258 0.246475 0.555027 1.19968 0.45539 0.360012 0.168914 0.380149 0.661204 0.71324 0.726682 0.683981 0.457982 0.24018 0.302446 0.795381 0.322278 0.560192 1.03906 0.272342 0.431839 0.812501 0.930172 0.287435
0.804737 0.762499 0.98543 0.946471 0.955188 0.330827 0.502436 0.344858 0.190984 1.01184 0.427627 0.840195 0.325309 0.982539 0.639863 0.341865 0.582438 0.592689 0.720317 0.907781 0.520549 0.465597 0.923132 0.840863 0.900641 0.936331 0.470157 1.16743 0.620917 0.945493 0.208028 0.251463 0.229557 0.743694 0.242436 0.868516 0.911385 1.02574 0.933819 0.971607 0.571829 0.493359 1.09732 0.236344 0.764081 0.343685 0.243446 0.550692 0.699201 0.825004 0.227659 0.826402 0.334949 0.496983 1.12364 0.579545 0.370803 0.158664 0.58705 0.47646 0.686212 0.591285 0.753251 0.701533 0.395863 0.392988 0.832857 0.317705 0.379044 0.952643 0.273619 0.355118 0.847998 1.05178 0.0960387
0.820104 0.91918 0.964413 0.94413 1.16858 0.526628 0.305708 0.260058 0.0889201 0.956593 0.626393 0.806743 0.377754 0.949151 0.51866 0.380775 0.701766 0.630759 0.719048 0.951187 0.536124 0.68315 0.858657 0.860889 0.828897 0.964555 0.545736 1.16743 0.809249 0.941958 0.435471 0.348615 0.185471 0.787922 0.164095 0.889883 0.666675 1.06251 1.04404 0.748889 0.370854 0.559516 1.09591 0.189075 0.849845 0.442205 0.124911 0.478712 0.696212 0.761913 0.359595 0.866534 0.305846 0.357405 1.10344 0.464031 0.595153 0.123844 0.350294 0.635453 0.570965 0.601157 0.518904 0.465922 0.38737 0.456767 0.715811 0.222309 0.427642 0.925303 0.179256 0.27816 0.835211 0.787536 0.119988
0.830569 0.720891 0.840209 0.944281 1.18845 0.450124 0.333791 0.183103 0.277931 1.0397 0.442859 0.883281 0.511269 1.14406 0.651093 0.377896 0.639017 0.520166 0.782842 0.957692 0.480303 0.734195 0.852914 0.816959 1.06044 1.07949 0.556795 0.930731 0.761687 1.00791 0.338363 0.328381 0.257012 0.660071 0.265611 0.70179 0.735046 1.04134 1.19617 0.990352 0.299926 0.302554 1.06433 0.255411 0.588114 0.243359 0.270414 0.399224 0.863662 0.856084 0.13973 0.808913 0.256161 0.427954 1.14916 0.649017 0.482611 0.260798 0.573544 0.529929 0.537103 0.511291 0.753012 0.446904 0.362831 0.337716 0.746421 0.157571 0.435618 1.0071 0.33804 0.283253 0.914433 0.93827 0.257519
0.9703 0.94549 1.01509 0.86202 0.959592 0.371442 0.502698 0.376717 0.248406 1.07492 0.58008 0.998369 0.413774 1.07599 0.492263 0.403001 0.524884 0.51009 0.590671 0.944185 0.404722 0.627164 1.03471 0.702944 0.935442 0.989361 0.737327 1.13377 0.604047 0.944909 0.357508 0.209553 0.00891494 0.688666 0.0281109 0.79814 0.682952 0.992184 1.11436 0.75552 0.585877 0.417384 1.24076 0.0615019 0.596862 0.354448 0.103863 0.58508 0.810464 0.880886 0.177959 0.894744 0.3708 0.562882 1.12764 0.561926 0.388441 0.361892 0.531225 0.547564 0.503005 0.600135 0.557243 0.673699 0.199345 0.505632 0.752307 0.346505 0.589339 1.14142 0.223348 0.320623 0.968404 0.958328 0.258989
0.90662 0.842548 0.825888 1.06829 1.08936 0.269985 0.517176 0.344112 0.243348 1.10577 0.623979 1.03763 0.39577 0.943436 0.775292 0.192013 0.674063 0.481004 0.590071 0.983607 0.361638 0.590275 0.96657 0.66585 1.06719 1.13313 0.660572 1.07775 0.630677 1.08998 0.275679 0.217135 0.108635 0.758645 0.0982687 0.635089 0.796926 1.11533 1.15632 0.957053 0.336903 0.359607 1.19747 0.142057 0.811157 0.339233 0.0547443 0.485767 0.853209 0.757594 0.273632 0.722943 0.274175 0.632901 1.01586 0.403064 0.437873 0.0944453 0.339413 0.454629 0.509005 0.558453 0.593622 0.542479 0.345579 0.51825 0.628156 0.317741 0.633735 0.861478 0.352597 0.553141 0.972055 0.939148 0.128448
0.78629 0.734146 0.817307 1.06985 0.965469 0.462593 0.31527 0.119197 0.102904 1.24273 0.543433 0.987451 0.263687 1.04316 0.781666 0.183376 0.524733 0.623006 0.646235 0.987072 0.570624 0.690868 0.803096 0.681018 1.0062 1.1145 0.723231 1.10348 0.702118 0.986752 0.259912 0.328814 0.0472504 0.705025 0.16679 0.829753 0.691644 1.12436 1.01779 1.00402 0.501826 0.467328 0.968491 0.089562 0.831067 0.385958 0.271746 0.309141 0.863758 0.700663 0.144842 0.852553 0.412897 0.436842 1.02505 0.499541 0.611017 0.235867 0.388119 0.512658 0.603226 0.623258 0.540975 0.556094 0.269129 0.488644 0.8493 0.181553 0.507402 1.03784 0.393704 0.447118 1.10405 0.948235 0.226336
0.794264 0.801787 0.885298 1.03594 1.21736 0.310101 0.386537 0.12313 0.0552568 1.23065 0.627097 0.877817 0.380254 1.07964 0.565809 0.328199 0.686855 0.581301 0.697967 0.981335 0.539404 0.472776 0.985476 0.678784 1.02167 1.03365 0.731022 1.04016 0.672949 0.856028 0.241122 0.367614 0.156336 0.720524 0.223488 0.877838 0.792638 1.19798 1.14916 0.744826 0.369235 0.567814 1.16614 0.0543355 0.628201 0.316882 0.31299 0.47321 0.825311 0.866755 0.190566 0.745289 0.247007 0.393326 1.02482 0.482991 0.39598 0.0803492 0.608341 0.580773 0.586489 0.463189 0.51245 0.528678 0.251463 0.302406 0.749154 0.290688 0.366155 1.10238 0.292248 0.393998 1.07168 1.02028 0.21065
0.853316 0.769625 0.774503 0.813413 1.07652 0.512435 0.499139 0.135154 0.235943 1.15876 0.369785 0.876283 0.40555 0.978822 0.717803 0.401057 0.553807 0.421538 0.858199 0.918842 0.421524 0.542441 1.06907 0.667303 0.912775 1.08644 0.557412 1.05491 0.789333 1.06131 0.189914 0.353475 0.069545 0.802708 0.286082 0.860268 0.851402 1.14903 1.11364 0.851137 0.543286 0.428744 1.17933 0.288979 0.75271 0.409278 0.148512 0.332443 0.86053 0.795195 0.368011 0.949281 0.377865 0.464643 1.02377 0.495203 0.624458 0.0642412 0.488388 0.714227 0.570376 0.712916 0.523815 0.515111 0.37864 0.524641 0.757713 0.336295 0.37275 0.917495 0.40133 0.29711 1.07709 0.933138 0.186039
0.930927 0.994635 0.921894 0.837081 1.19492 0.522859 0.274354 0.259143 0.205966 1.02246 0.412663 1.07388 0.432448 0.955906 0.77044 0.264588 0.64947 0.555103 0.680146 0.764542 0.558299 0.598883 0.824187 0.775986 1.01981 1.11241 0.470057 0.877101 0.778884 0.868756 0.477144 0.348569 0.180053 0.784491 0.156792 0.876152 0.783448 1.11404 0.991843 0.807877 0.58096 0.334608 1.0003 0.0752847 0.816253 0.171143 0.217287 0.533665 0.939793 0.649271 0.298308 0.786915 0.288979 0.524774 0.985223 0.605191 0.434792 0.113592 0.379657 0.59356 0.625671 0.54856 0.62876 0.697486 0.16617 0.422746 0.649039 0.29301 0.359273 1.01472 0.272997 0.31667 0.898872 0.821604 0.123229
0.960268 0.78511 0.837662 0.88187 1.08145 0.518346 0.320099 0.114329 0.133025 1.22448 0.534298 1.00593 0.490758 1.08352 0.675242 0.120553 0.688654 0.422216 0.858779 1.00524 0.50746 0.522186 0.913962 0.901787 0.839756 1.0218 0.579528 1.03886 0.720661 1.08047 0.486825 0.201037 0.0991383 0.6007 0.277802 0.697943 0.729376 1.21899 1.10093 0.956999 0.445635 0.481155 1.25549 0.170671 0.613338 0.215921 0.0732026 0.408898 0.821707 0.680919 0.219969 0.93421 0.40886 0.440768 0.969265 0.448173 0.612861 0.236928 0.359326 0.584575 0.561988 0.587963 0.734199 0.526685 0.271343 0.499317 0.689687 0.297629 0.374823 1.03364 0.33411 0.483816 0.974331 0.823751 0.273647
0.79044 0.882334 0.770148 0.841284 1.16969 0.26941 0.408893 0.109081 0.293687 1.07736 0.622845 0.853348 0.420325 0.95601 0.732924 0.122081 0.596985 0.608556 0.817603 0.92021 0.406449 0.667231 0.887902 0.69072 0.893756 0.917585 0.714669 0.890094 0.8256 1.06849 0.341237 0.0973236 0.130754 0.770301 0.0893876 0.628128 0.842529 1.1568 1.13394 0.881477 0.439642 0.557962 0.992182 0.185613 0.782449 0.367481 0.0683677 0.559287 0.785195 0.665515 0.214198 0.868109 0.17685 0.548993 1.07538 0.626944 0.419814 0.147564 0.578194 0.420423 0.677571 0.558803 0.531128 0.561546 0.32887 0.519614 0.64467 0.24806 0.637687 0.928227 0.346619 0.517844 1.06661 0.794276 0.11753
0.867664 0.942981 0.886606 0.898098 0.979408 0.374499 0.420427 0.296724 0.238392 1.04654 0.457294 0.89193 0.4165 1.07507 0.509154 0.268582 0.560581 0.505505 0.715965 0.798771 0.604578 0.509239 0.794537 0.898026 0.801252 1.13416 0.745639 0.960688 0.587133 1.07106 0.284473 0.185384 0.116042 0.796679 0.181474 0.700272 0.841627 1.03744 1.01385 0.931486 0.394548 0.494777 1.23767 0.033887 0.63046 0.408273 0.0528031 0.416537 0.866817 0.665415 0.329765 0.850306 0.392615 0.540503 1.066 0.561937 0.36401 0.163267 0.588388 0.681709 0.790397 0.48354 0.491043 0.651973 0.29574 0.479646 0.81224 0.338011 0.410065 0.98058 0.195568 0.400328 1.00773 0.949487 0.134772
0.929665 0.931291 1.05942 0.957766 1.10126 0.320794 0.510062 0.355705 0.0934656 1.15694 0.610083 1.08717 0.405294 0.966524 0.618138 0.10768 0.711341 0.422788 0.666805 0.908882 0.35671 0.58382 1.02122 0.846517 0.897586 0.872218 0.648813 1.10199 0.634397 0.848449 0.204245 0.0885078 0.133356 0.602361 0.177685 0.699498 0.867632 1.21442 1.0306 0.923966 0.356029 0.570792 0.97997 0.136282 0.674338 0.258908 0.348385 0.368111 0.687255 0.783095 0.282446 0.814814 0.265717 0.39062 1.05407 0.628633 0.612394 0.303004 0.424485 0.691598 0.528714 0.7348 0.745145 0.726675 0.278813 0.505053 0.648097 0.291769 0.483685 1.14407 0.319769 0.481633 0.85808 0.996528 0.239291
0.969678 0.810186 0.816309 0.801834 1.03269 0.383233 0.391608 0.19475 0.148195 1.20479 0.436043 0.868029 0.492358 1.00046 0.527559 0.132845 0.688104 0.62265 0.841393 0.781218 0.379318 0.679567 0.900726 0.854689 1.02495 0.843147 0.655647 0.951419 0.830268 0.90712 0.319315 0.372052 0.19298 0.765172 0.135315 0.646994 0.619526 1.0713 1.08768 0.944032 0.396603 0.487196 1.12606 0.186198 0.767195 0.290164 0.209751 0.316183 0.710366 0.683298 0.259432 0.912113 0.194693 0.345021 0.99051 0.447635 0.457471 0.110536 0.516587 0.510289 0.717533 0.527618 0.742502 0.446591 0.131926 0.458358 0.863333 0.129509 0.584788 0.948565 0.257125 0.453611 1.0717 1.08228 0.17136
0.784229 0.754698 0.888224 0.804216 1.00257 0.534174 0.540256 0.128921 0.26985 0.948873 0.552418 1.06461 0.419584 0.965366 0.647931 0.269367 0.675619 0.485589 0.764487 0.922754 0.41351 0.571583 0.951493 0.717814 1.04432 1.13743 0.667395 1.04553 0.819102 0.871687 0.273754 0.268716 0.00625582 0.635268 0.246576 0.659194 0.859055 0.966632 1.12621 0.940086 0.29776 0.551832 1.00112 0.172057 0.779484 0.267744 0.0626733 0.490702 0.868908 0.627127 0.381028 0.825881 0.408114 0.480481 1.19483 0.425921 0.45225 0.316221 0.429112 0.423672 0.657638 0.448679 0.667619 0.573685 0.255382 0.512467 0.702717 0.382224 0.622631 1.02452 0.151098 0.443261 0.91066 0.987441 0.231029
0.985827 0.959418 1.06053 0.835348 1.08641 0.524625 0.247682 0.219618 0.0741971 0.959805 0.604155 0.958475 0.385829 1.18578 0.577525 0.11817 0.734091 0.607206 0.79654 1.01003 0.469242 0.710703 0.841016 0.922402 0.915663 0.93802 0.573634 1.02561 0.814686 0.997209 0.453959 0.133641 0.279045 0.807091 0.15368 0.747959 0.708413 1.06887 1.16652 0.828183 0.3243 0.519458 1.26197 0.179192 0.709703 0.344459 0.0706324 0.573135 0.67195 0.682814 0.167179 0.830499 0.156836 0.523165 1.03194 0.4964 0.597762 0.159102 0.464113 0.458961 0.734775 0.47316 0.724763 0.544477 0.171782 0.491872 0.708484 0.231184 0.356608 0.886801 0.35341 0.469456 0.884208 0.844155 0.111478
