25 75
0.666099 0.877182 0.148711 0.61198 0.498033 0.542879 0.226084 1.00884 0.558489 0.988234 0.364792 0.299453 1.02032 0.0573073 0.243234 0.233292 0.792239 0.552033 0.513562 0.642781 0.812781 0.497081 0.565332 0.611089 0.776704 1.06791 0.477871 1.244 0.466038 0.231066 0.53672 0.532493 0.245755 1.10143 0.488668 0.234998 0.324969 0.857889 0.664192 0.375661 0.0662075 0.397012 0.391835 0.558214 0.640809 0.988883 0.368266 0.903092 0.375165 0.803947 0.868341 1.02599 0.229474 0.796665 0.848532 0.709896 0.747737 0.520549 0.164328 1.04742 0.152961 1.12602 1.16142 0.715586 0.3132 0.700162 0.778764 0.400155 1.03533 0.218271 0.153506 0.488727 1.08345 0.388092 0.272654
0.727129 0.609271 0.33395 0.722438 0.482679 0.580888 0.150089 0.9661 0.517352 0.975505 0.502977 0.492446 0.9627 0.260254 0.360226 0.444637 0.944357 0.475231 0.538671 0.710878 1.00289 0.423931 0.750736 0.60012 0.92564 1.11799 0.353525 1.21996 0.610831 0.308723 0.473253 0.562469 0.230926 1.10185 0.48369 0.239872 0.475015 0.83059 0.688307 0.503442 0.14799 0.118999 0.449251 0.551644 0.661252 1.05829 0.212168 0.898988 0.364364 0.822408 0.804905 0.896499 0.130158 0.866085 0.957822 0.883133 0.733865 0.68236 0.0657327 0.879012 0.258605 1.12425 0.899995 0.872484 0.281803 0.866815 0.918433 0.410102 0.99479 0.143186 0.11149 0.584216 1.20709 0.328275 0.254066
0.88428 0.770855 0.244775 0.471322 0.420259 0.700402 0.0536868 0.780019 0.783796 0.886287 0.326794 0.358674 0.814693 0.045951 0.095507 0.429219 0.824503 0.499314 0.610024 0.653228 0.904844 0.354073 0.754469 0.610482 1.01048 0.965676 0.257871 1.25595 0.606039 0.243141 0.555862 0.50651 0.137919 1.04596 0.538006 0.252915 0.308043 1.01763 0.563854 0.417729 0.285285 0.199361 0.464227 0.461561 0.453336 0.93872 0.394919 1.16842 0.400495 0.774274 0.729143 0.807585 0.197074 0.950293 0.963924 0.802129 0.492748 0.64834 0.139593 0.828753 0.257399 1.15073 0.983481 0.881981 0.426124 0.65496 0.93341 0.450772 0.974036 0.107205 0.308123 0.414808 1.17851 0.329107 0.33021
0.804969 0.677149 0.173237 0.631099 0.628999 0.589695 0.22872 0.974768 0.65977 1.04085 0.364755 0.338288 1.0545 0.282959 0.309354 0.372962 0.895777 0.594961 0.599002 0.720771 1.06777 0.331318 0.551148 0.692041 0.827965 1.24098 0.303149 1.12238 0.477147 0.467514 0.682976 0.342631 0.301077 1.21554 0.410799 0.217939 0.288179 0.997836 0.790508 0.469325 0.119512 0.36553 0.205759 0.315014 0.447687 1.03157 0.322819 0.950451 0.200301 0.637711 0.90648 0.830825 0.199404 0.825705 0.937727 0.99483 0.576635 0.607345 0.110228 0.839655 0.068108 1.02131 1.11762 0.715228 0.48476 0.867592 0.965616 0.332086 1.06786 0.215333 0.0509392 0.376043 1.14927 0.39269 0.271973
0.684648 0.704159 0.301865 0.516733 0.4811 0.523139 0.246291 0.874908 0.639423 0.973778 0.564015 0.292076 1.02978 0.102538 0.297015 0.400624 0.989301 0.63575 0.658358 0.679069 1.01456 0.345844 0.570306 0.60633 1.03567 0.985209 0.387915 1.2359 0.621715 0.277096 0.648346 0.447636 0.167582 1.00858 0.567756 0.361448 0.363076 0.94328 0.627139 0.439844 0.212438 0.127086 0.405555 0.433377 0.609556 0.859982 0.379442 0.928247 0.322873 0.797239 0.8003 0.971051 0.192237 0.912762 0.922925 0.774992 0.504797 0.532717 0.310608 0.79559 0.190317 1.26632 1.05277 0.830013 0.39292 0.867214 0.73753 0.313849 0.965123 0.159614 0.298989 0.637867 1.14254 0.34389 0.496904
0.742892 0.880659 0.377523 0.467651 0.643307 0.453512 0.148419 0.880566 0.512417 0.880066 0.480625 0.526156 0.980643 0.188372 0.0733196 0.311613 0.95684 0.656602 0.657859 0.555224 0.786113 0.540648 0.837658 0.748519 0.906196 0.955131 0.461052 1.01311 0.60993 0.261213 0.463657 0.575955 0.0245521 1.00633 0.524747 0.185745 0.239368 0.855076 0.525166 0.351492 0.241178 0.225395 0.441434 0.365071 0.513889 1.0056 0.359532 1.14736 0.250558 0.542581 0.877541 0.804118 0.371591 0.915213 1.01718 0.811364 0.63892 0.475227 0.102039 0.941714 0.253307 1.17707 0.907314 0.680735 0.231704 0.605164 0.925703 0.463082 1.02316 0.182894 0.0460917 0.445556 1.10611 0.402704 0.518623
0.872085 0.800766 0.270778 0.525253 0.462949 0.498943 0.248004 0.733465 0.581328 0.876922 0.368455 0.502357 1.07953 0.0644144 0.170175 0.168999 0.825747 0.477966 0.471628 0.637391 0.817755 0.507508 0.737206 0.653479 0.958879 1.09649 0.294338 1.10775 0.505367 0.41888 0.444398 0.499751 0.232983 1.1187 0.426442 0.367954 0.373245 0.968539 0.654298 0.446075 0.219155 0.23463 0.27074 0.36455 0.65052 1.0214 0.424681 0.947399 0.43275 0.703967 0.734248 1.05297 0.345135 0.876959 1.03318 0.763719 0.659942 0.594615 0.292618 0.987615 0.0745589 1.05354 0.999268 0.656819 0.449773 0.695225 0.768667 0.26244 1.00706 0.13925 0.280476 0.664422 0.913137 0.426647 0.35349
0.615061 0.738366 0.173202 0.593754 0.374047 0.630713 0.293882 0.743486 0.706517 0.813181 0.303351 0.360108 0.824417 0.293699 0.235288 0.160503 0.80872 0.59142 0.44731 0.728651 0.911097 0.547195 0.637649 0.603192 0.84441 1.18716 0.205152 0.994738 0.43854 0.480513 0.44348 0.525711 0.14163 1.22076 0.428447 0.261777 0.316742 0.941153 0.783963 0.371403 0.0344477 0.161989 0.309853 0.384582 0.565587 1.02052 0.216239 0.906702 0.259128 0.821493 0.658927 0.918206 0.131194 0.971083 0.822519 0.778009 0.629929 0.758557 0.0847044 0.942252 0.0333956 1.05603 0.928764 0.87943 0.256448 0.701589 0.883655 0.463185 0.889656 0.148865 0.145207 0.400132 1.18666 0.330329 0.294653
0.63035 0.74544 0.153437 0.462762 0.554099 0.549911 0.0409804 0.927896 0.524367 0.934359 0.44346 0.512119 0.97815 0.234235 0.236304 0.180151 0.956686 0.606583 0.674213 0.737834 0.890123 0.571581 0.728212 0.645279 0.990774 1.19287 0.375431 1.24268 0.50632 0.46613 0.42018 0.490914 0.248036 1.21678 0.529432 0.369639 0.376786 1.07242 0.625264 0.598353 0.0922825 0.192481 0.445516 0.549423 0.579557 1.05997 0.16664 1.08719 0.431773 0.578071 0.88189 0.879112 0.20766 0.846314 0.736418 0.910966 0.560146 0.56826 0.351583 0.882751 0.137806 1.1296 0.968828 0.843567 0.475716 0.820187 0.755729 0.260646 1.1232 0.349169 0.156056 0.549251 0.966743 0.424158 0.464503
0.663215 0.604773 0.281442 0.57209 0.546024 0.465444 0.24127 0.937386 0.738283 0.767494 0.512231 0.438963 0.816081 0.132955 0.163064 0.230013 0.928698 0.423334 0.684528 0.523413 0.918199 0.339354 0.726178 0.815362 1.0119 1.21347 0.21998 1.26367 0.575649 0.417136 0.434888 0.512765 0.0611325 1.15841 0.512204 0.306447 0.514461 0.950674 0.760121 0.599301 0.0677023 0.187218 0.372586 0.4797 0.717025 0.991568 0.329881 1.04047 0.383369 0.816306 0.725922 0.874394 0.211068 0.92047 0.950992 0.718924 0.609917 0.468862 0.326717 0.854293 0.121937 1.20049 1.01784 0.895801 0.287286 0.884148 0.940502 0.429571 0.947396 0.177316 0.229004 0.543948 0.911049 0.249297 0.490292
0.635782 0.614241 0.36396 0.497481 0.619127 0.706471 0.17715 0.974417 0.73483 0.923985 0.379218 0.571592 1.03689 0.118523 0.280115 0.238229 1.01125 0.582247 0.491066 0.735939 1.02564 0.513518 0.560645 0.757348 1.02018 1.02684 0.389597 1.26469 0.585389 0.29404 0.597131 0.432962 0.241469 1.00189 0.516391 0.293207 0.318535 0.959637 0.780854 0.535952 0.0521274 0.177477 0.381579 0.462224 0.645248 0.860207 0.433234 1.00619 0.242015 0.616448 0.880039 0.992614 0.273895 0.762101 1.00019 0.883808 0.478722 0.589301 0.339046 0.85376 0.169031 1.17318 1.14749 0.931146 0.445573 0.867002 0.752737 0.338604 0.964447 0.0972193 0.306067 0.624666 1.15543 0.309757 0.500223
0.672758 0.669161 0.187576 0.678004 0.636944 0.477106 0.0796502 0.778792 0.707705 0.997219 0.299791 0.539888 0.935711 0.111887 0.349393 0.286325 0.826228 0.61355 0.681208 0.696491 1.00125 0.552467 0.674425 0.823777 1.01425 1.23151 0.275738 1.21244 0.41118 0.202743 0.61851 0.465385 0.137958 1.17998 0.699758 0.412234 0.303806 1.07306 0.774844 0.377354 0.187975 0.408836 0.452096 0.367734 0.471309 0.956961 0.389284 1.01689 0.318114 0.611172 0.759566 0.923884 0.366866 0.718944 0.962498 0.870422 0.748055 0.476087 0.203152 0.790121 0.17072 1.1331 1.14131 0.663097 0.416771 0.666966 0.682218 0.398677 0.923318 0.196951 0.317388 0.466948 0.932384 0.193326 0.418353
0.605023 0.81205 0.134292 0.440435 0.499129 0.436963 0.148143 0.996754 0.597864 0.792437 0.423704 0.311685 1.0456 0.179773 0.239762 0.413817 0.927084 0.655429 0.511067 0.595089 0.802001 0.51593 0.575877 0.709076 0.778279 1.19576 0.427612 1.13244 0.588763 0.478047 0.613169 0.373626 0.284049 1.05992 0.664807 0.187723 0.30498 0.79645 0.686159 0.526365 0.141931 0.32563 0.446779 0.43277 0.541587 0.874046 0.306376 0.951848 0.400892 0.700377 0.694196 0.909134 0.126449 0.768083 1.02482 0.882308 0.703614 0.622317 0.221471 0.81599 0.012774 1.15203 0.926187 0.645626 0.24523 0.869285 0.71029 0.44457 0.953788 0.128805 0.278653 0.540518 0.948562 0.38211 0.373714
0.753438 0.740211 0.281312 0.733223 0.508102 0.564116 0.285771 0.747991 0.712661 1.05878 0.300055 0.397824 1.06888 0.215435 0.362449 0.172362 0.942316 0.540592 0.679917 0.734926 0.84269 0.580142 0.667546 0.857647 0.861877 1.14408 0.381052 1.18178 0.577428 0.221892 0.620896 0.393263 0.0706367 1.24556 0.547974 0.173947 0.374677 0.960602 0.80749 0.353484 0.280906 0.177299 0.399989 0.426993 0.647549 0.929878 0.408386 1.12426 0.199274 0.616848 0.911623 1.01565 0.28471 0.824831 0.801153 0.721006 0.579332 0.677911 0.138942 1.05631 0.139209 1.17486 1.14348 0.84598 0.273551 0.658642 0.742452 0.306297 0.903944 0.300932 0.110365 0.378751 1.08943 0.402992 0.41807
0.701871 0.584591 0.280602 0.644799 0.654236 0.451963 0.191805 0.941822 0.504636 0.8579 0.450185 0.294325 1.05072 0.17483 0.11747 0.268312 1.00316 0.491901 0.549323 0.7857 0.795855 0.549953 0.798481 0.835303 0.770744 1.10507 0.451438 1.05721 0.424298 0.47168 0.482161 0.389203 0.0810303 1.09413 0.500505 0.287998 0.4943 1.01471 0.696747 0.334228 0.208642 0.174274 0.20272 0.29498 0.571963 1.04269 0.398564 1.02492 0.187329 0.676113 0.660407 0.94591 0.15672 0.917638 0.805236 0.846844 0.541157 0.755104 0.29895 0.949561 0.26557 1.00746 1.03671 0.838314 0.470257 0.688541 0.698574 0.294495 0.873528 0.313843 0.328397 0.45813 1.01031 0.277019 0.44383
0.887195 0.721338 0.149929 0.619771 0.596916 0.648312 0.18726 0.891413 0.617844 0.789644 0.586589 0.558091 0.928238 0.24242 0.27912 0.294677 0.811847 0.651884 0.502913 0.737025 0.801322 0.556639 0.580737 0.633448 0.903859 0.980556 0.363551 1.11165 0.499082 0.417042 0.538939 0.285071 0.0741346 1.07007 0.518788 0.314694 0.369379 0.969806 0.541235 0.493352 0.032885 0.234784 0.241147 0.444359 0.682585 1.04779 0.407366 1.07927 0.260897 0.685334 0.731638 1.02098 0.225251 0.738408 0.753895 0.755446 0.685167 0.685408 0.360882 0.920045 0.306369 1.1868 0.929169 0.85791 0.418095 0.654204 0.949477 0.396787 1.12068 0.252658 0.233439 0.569151 1.07356 0.233862 0.371052
0.85842 0.614308 0.2647 0.595681 0.512702 0.683256 0.0815956 0.96931 0.700389 0.889975 0.348853 0.353302 0.968182 0.0222364 0.228877 0.316886 0.929026 0.518861 0.677309 0.773423 1.03265 0.357971 0.757158 0.810803 0.889487 0.989518 0.353365 1.11819 0.406312 0.452844 0.526814 0.562239 0.175817 1.00629 0.488398 0.280184 0.493251 0.934042 0.783799 0.354087 0.209227 0.383362 0.389056 0.566039 0.689762 0.933027 0.411189 1.08899 0.396578 0.563828 0.7001 0.922938 0.187826 0.919571 0.807848 0.89759 0.628201 0.753144 0.262155 1.01767 0.0884634 1.1808 0.897354 0.927416 0.36986 0.800337 0.860325 0.459793 0.909002 0.304685 0.118373 0.600079 1.10948 0.448195 0.386964
0.723093 0.73771 0.135264 0.465127 0.481876 0.46819 0.130608 0.751775 0.612884 0.861512 0.565046 0.573563 0.848561 0.107529 0.157452 0.176583 1.00035 0.647884 0.477673 0.53294 1.00458 0.396868 0.706944 0.796025 1.03176 1.02628 0.237351 1.05369 0.530068 0.454251 0.47696 0.460711 0.206257 1.2681 0.660109 0.382543 0.292042 0.827157 0.764293 0.391183 0.0392641 0.208855 0.311868 0.468424 0.495168 0.943298 0.387714 1.14413 0.174428 0.659089 0.639346 1.05954 0.244057 0.723906 0.852826 0.968334 0.488841 0.722027 0.293394 0.862634 0.180147 1.21093 0.895695 0.924836 0.354191 0.621696 0.830677 0.304501 1.03544 0.162467 0.0619426 0.379922 1.13917 0.409517 0.446196
0.788523 0.642311 0.323239 0.712705 0.515321 0.476524 0.1484 0.875212 0.615719 0.838571 0.31729 0.365403 1.07229 0.212246 0.115918 0.296674 0.784895 0.46371 0.700952 0.622341 0.877489 0.439142 0.77397 0.747931 0.855304 1.16784 0.464844 1.22078 0.510228 0.443819 0.412243 0.320696 0.0354585 1.24305 0.426774 0.240275 0.245906 0.98204 0.684841 0.51488 0.283033 0.157754 0.230845 0.508198 0.608838 1.07596 0.43343 1.07533 0.443112 0.733563 0.68806 1.01778 0.111711 0.876394 0.874216 0.946614 0.632327 0.537441 0.0799009 0.978114 0.0177751 1.03803 0.984582 0.929876 0.421812 0.702101 0.897923 0.456569 1.01038 0.352437 0.264618 0.387327 0.917988 0.252583 0.228283
0.858042 0.708686 0.424901 0.728158 0.369279 0.628636 0.137851 0.7405 0.509459 0.879776 0.364564 0.493856 1.01899 0.256195 0.261303 0.397683 1.01055 0.577197 0.644644 0.681057 0.787348 0.341447 0.689689 0.607223 0.927112 0.960112 0.311422 1.02979 0.678874 0.482586 0.647518 0.372429 0.0626912 1.07141 0.528582 0.184254 0.441837 0.930877 0.564205 0.473366 0.172325 0.163595 0.473376 0.518043 0.699915 1.07737 0.344556 1.04438 0.247961 0.725043 0.846266 0.898683 0.117907 0.923597 0.838382 0.896293 0.488112 0.52395 0.0866784 1.00516 0.117055 1.1666 1.11578 0.851279 0.330633 0.704194 0.869537 0.388838 0.962944 0.241002 0.269738 0.371247 1.19533 0.462677 0.261144
0.832179 0.588026 0.432888 0.495589 0.509915 0.471263 0.169984 0.95763 0.701255 0.876862 0.296295 0.338837 0.894383 0.0375796 0.206251 0.22434 0.882986 0.58635 0.438876 0.795733 0.987808 0.472033 0.673906 0.771242 0.843071 1.09212 0.413684 1.03553 0.421514 0.202267 0.68013 0.29239 0.151408 1.1992 0.619278 0.234377 0.253446 0.809259 0.613842 0.400953 0.204204 0.375558 0.407897 0.409284 0.706707 1.05707 0.271728 1.06572 0.361166 0.691823 0.635202 1.08064 0.350717 0.988005 0.805927 0.931479 0.601306 0.469167 0.30222 0.994203 0.0170396 1.23289 1.12623 0.790849 0.463082 0.760829 0.824891 0.435782 1.10558 0.330914 0.299832 0.552001 1.1629 0.481553 0.224946
0.64687 0.832076 0.25867 0.606479 0.523613 0.642687 0.16093 0.948554 0.506695 0.813335 0.336822 0.49665 0.91864 0.122957 0.275265 0.404894 1.00604 0.38846 0.552564 0.636267 0.849324 0.406811 0.585557 0.796189 0.976584 1.04423 0.26101 1.19999 0.533374 0.300861 0.460181 0.338882 0.0801617 1.2303 0.407543 0.350812 0.414732 1.00583 0.683255 0.446455 0.082756 0.204963 0.363851 0.497074 0.591691 0.871587 0.286856 1.07827 0.187806 0.584118 0.907484 1.07002 0.251085 0.945361 0.940553 0.835626 0.612321 0.479443 0.230299 1.02541 0.122462 1.14112 0.979851 0.730452 0.281701 0.797464 0.818999 0.408523 0.89181 0.232852 0.235472 0.64065 1.10964 0.317437 0.318932
0.682316 0.708756 0.417058 0.473597 0.43898 0.492855 0.0735383 0.746995 0.522492 0.966818 0.345439 0.405895 1.08601 0.285137 0.0995161 0.221735 0.856814 0.572443 0.525708 0.627262 0.863639 0.375381 0.702891 0.678471 0.784445 1.14349 0.345125 0.984513 0.589518 0.341488 0.643704 0.407566 0.0511378 1.0502 0.406978 0.291823 0.488175 0.991615 0.557043 0.561823 0.306804 0.224988 0.401513 0.34235 0.46332 0.931328 0.206062 1.1164 0.391761 0.629011 0.851809 0.814995 0.317098 0.74702 0.764088 0.947704 0.526356 0.734498 0.198169 0.996923 0.198695 1.1862 1.0597 0.837607 0.372799 0.598887 0.828009 0.343051 0.876647 0.236453 0.0865672 0.543865 1.14189 0.278403 0.464245
0.753252 0.602031 0.22732 0.509472 0.416255 0.463306 0.295581 0.744565 0.731775 0.795748 0.54953 0.385359 0.970219 0.0527638 0.0903802 0.343553 0.932208 0.576342 0.567183 0.634799 1.02795 0.479035 0.612825 0.757346 0.991005 1.01439 0.377706 1.16078 0.507197 0.260666 0.54088 0.355159 0.193827 1.24429 0.446053 0.406684 0.439217 0.884057 0.757482 0.510989 0.227212 0.416795 0.365199 0.375001 0.587506 1.1221 0.163886 1.14223 0.391771 0.778938 0.636863 0.934879 0.314283 0.930439 0.958363 0.733129 0.60345 0.609127 0.275444 0.899984 0.300124 0.991747 0.941744 0.733703 0.394871 0.654883 0.912676 0.271184 0.861252 0.216809 0.320228 0.505201 1.11167 0.466086 0.36212
0.82641 0.656962 0.428838 0.640432 0.444984 0.659689 0.159518 0.807101 0.594496 0.822101 0.510946 0.501059 0.962376 0.172433 0.121148 0.387908 0.804489 0.528007 0.453363 0.703985 0.792899 0.335063 0.568972 0.584053 0.840732 0.968842 0.386924 1.20993 0.687128 0.297077 0.633326 0.334994 0.239528 1.14677 0.487085 0.416598 0.372902 1.07536 0.684801 0.445195 0.20047 0.35427 0.211521 0.407947 0.604338 0.946551 0.232019 0.891521 0.241266 0.543173 0.648818 0.944929 0.357788 0.722276 0.977829 0.715263 0.571171 0.649723 0.305315 0.992996 0.262384 1.14492 0.902339 0.893762 0.37482 0.627624 0.770286 0.31395 1.00902 0.074252 0.257898 0.46478 1.01743 0.20853 0.269764
