25 75
0.96837 0.731122 0.504083 0.219391 0.579422 0.309951 0.476774 0.623208 0.807303 0.72351 0.317256 0.568179 0.0636509 1.0888 0.419855 0.0463904 0.252153 0.696071 1.03097 1.00433 0.484867 0.947748 0.136946 0.522567 0.740209 0.574223 0.803811 0.544272 0.75646 0.877245 0.431181 0.394928 0.672969 1.1345 0.374752 0.502526 0.765766 0.27759 0.844876 0.198097 0.312385 0.384719 0.918134 1.07453 0.976295 0.163542 0.901298 0.435584 0.743586 0.973396 0.26459 1.11688 0.455034 1.01776 0.16263 0.583775 0.298196 0.336982 0.161624 0.28544 0.670509 0.138202 0.422441 0.510498 0.198359 0.402927 0.438972 1.14022 0.43129 1.16601 1.16671 0.965026 1.06078 0.508089 0.919605
0.951635 0.55768 0.362885 0.392807 0.441351 0.33061 0.439578 0.511372 0.76596 0.837194 0.12893 0.478934 0.228094 0.835017 0.376173 0.20958 0.402032 0.598867 0.899966 0.902034 0.499487 1.14176 0.24959 0.458595 0.876664 0.629791 0.766122 0.658526 0.810528 0.764173 0.600838 0.391318 0.791227 1.12767 0.395272 0.272123 0.874589 0.272365 0.899071 0.196225 0.152086 0.202443 0.926266 1.04674 1.17483 0.35384 0.94767 0.279012 0.519313 0.750824 0.310935 1.10505 0.618746 1.025 0.144458 0.626453 0.13673 0.29716 0.188394 0.026593 0.766263 0.0897506 0.456534 0.468806 0.241151 0.488935 0.57844 0.986709 0.283846 1.03737 1.10628 1.1212 1.02016 0.633713 0.872655
0.947115 0.796722 0.359883 0.275554 0.436912 0.334561 0.37441 0.453205 0.901842 0.617253 0.0523552 0.406517 0.279068 0.856471 0.654551 0.31752 0.251698 0.616972 1.07924 1.01152 0.472904 1.16552 0.109807 0.254188 0.938783 0.520262 0.804752 0.736367 0.918886 1.02221 0.434464 0.458907 0.724987 0.984323 0.47819 0.404764 0.918098 0.354542 1.05061 0.182982 0.134072 0.173848 0.985028 0.921105 1.00972 0.284213 0.803694 0.250214 0.686845 0.720283 0.26717 1.04017 0.520304 0.922164 0.0614248 0.645033 0.0858778 0.455343 0.283742 0.279719 0.831933 0.0906951 0.616121 0.59428 0.295111 0.505684 0.668344 1.06805 0.437602 1.09937 1.10579 0.871836 0.992587 0.530454 0.814454
0.885724 0.643278 0.366081 0.249761 0.511805 0.286792 0.582481 0.379506 0.889134 0.657813 0.135963 0.551395 0.279468 0.805729 0.665453 0.163926 0.417384 0.507248 0.956882 0.890076 0.46224 1.17188 0.32274 0.31608 0.744093 0.700953 0.638068 0.56048 0.915871 0.997237 0.631769 0.447308 0.765665 1.24782 0.436139 0.274583 0.753262 0.328789 1.02937 0.156632 0.347715 0.188195 1.04029 0.891897 0.994558 0.361581 0.959619 0.274903 0.535476 0.789188 0.427623 1.15351 0.438232 1.04083 0.0263271 0.681827 0.0334225 0.248598 0.274479 0.0451752 0.851749 0.278596 0.531512 0.429939 0.370355 0.610443 0.557172 0.942612 0.459758 0.968725 1.2303 0.986395 1.03782 0.612162 0.801346
0.926335 0.658021 0.367658 0.241829 0.458109 0.199536 0.489456 0.385517 0.988825 0.637917 0.194533 0.503364 0.1339 0.959753 0.635737 0.260339 0.316307 0.618156 1.09713 1.02691 0.454868 1.18844 0.0936948 0.352544 0.909314 0.614746 0.804041 0.565487 0.743922 0.75654 0.549969 0.41774 0.868713 1.22947 0.485268 0.319071 0.665483 0.145117 1.06558 0.0953783 0.20762 0.406895 1.08654 1.05133 0.990153 0.295322 0.713442 0.222099 0.655828 0.79798 0.337246 1.00152 0.470981 0.937923 0.176916 0.697298 0.056724 0.527616 0.266752 0.184332 0.765678 0.319154 0.45713 0.340394 0.162766 0.612322 0.544427 1.03639 0.332603 1.0158 1.1539 0.986764 1.06 0.768581 1.01929
0.99238 0.780217 0.404163 0.373782 0.391226 0.258359 0.631847 0.621465 0.852842 0.663943 0.0696742 0.368291 0.316708 0.868229 0.500791 0.218565 0.39745 0.416214 1.09126 0.940651 0.477425 1.1258 0.291407 0.371933 0.849004 0.64813 0.758695 0.769943 0.834848 0.9403 0.625962 0.46915 0.582151 1.1851 0.409021 0.347438 0.789891 0.199862 0.774126 0.0898205 0.328269 0.301811 0.908084 1.01965 1.15909 0.312489 0.777188 0.329744 0.687195 0.922625 0.501576 1.00556 0.671548 1.10619 0.0765072 0.686764 0.0539847 0.487352 0.154062 0.0878087 0.843087 0.227488 0.444927 0.470301 0.17765 0.492211 0.671496 1.09491 0.357852 1.12745 1.02712 0.916059 0.922407 0.617877 0.886877
1.0066 0.590671 0.477825 0.276999 0.569713 0.305026 0.432049 0.430085 0.802643 0.842766 0.096269 0.418613 0.197126 0.85444 0.641593 0.158373 0.216888 0.452597 0.820617 0.747991 0.277969 0.942632 0.163402 0.226033 0.924085 0.749966 0.65273 0.631711 0.743148 0.790004 0.698244 0.53879 0.701623 1.14965 0.434959 0.433321 0.874434 0.323078 0.950277 0.0681088 0.157076 0.300478 1.13993 1.1319 1.11745 0.368492 0.760565 0.3249 0.569153 0.93012 0.464 0.884935 0.503468 0.928317 0.311478 0.722881 0.298273 0.523099 0.356336 0.302561 0.617619 0.112341 0.680732 0.490882 0.44735 0.64862 0.58871 1.09807 0.301733 1.16577 1.00623 1.0286 0.853603 0.590251 0.909285
0.997481 0.75103 0.636249 0.475419 0.395414 0.113214 0.506454 0.338705 0.987056 0.75599 0.242824 0.454432 0.156228 0.914658 0.62905 0.239379 0.344618 0.546688 0.987082 1.03855 0.308854 1.20846 0.0605273 0.451268 0.982537 0.716141 0.66822 0.577173 0.924055 0.836266 0.706474 0.351309 0.634197 1.18092 0.545843 0.52619 0.647757 0.414314 0.772875 0.298002 0.18691 0.184675 0.894379 0.984103 1.06189 0.28973 0.703184 0.340758 0.594232 0.729634 0.479907 0.951396 0.433266 1.01744 0.0217349 0.61121 0.0601154 0.458596 0.125937 0.290283 0.871056 0.303691 0.616863 0.35514 0.197129 0.413092 0.577816 1.17772 0.439494 1.04435 1.22438 0.879016 0.964781 0.503826 1.07906
0.984783 0.654002 0.438975 0.236366 0.395451 0.231268 0.634569 0.427112 0.981445 0.804499 0.0867674 0.462188 0.172198 0.975084 0.63157 0.303847 0.152938 0.574568 0.859487 0.797339 0.393749 0.949469 0.210835 0.233291 0.859505 0.617118 0.677328 0.76861 0.948151 0.911244 0.653814 0.503241 0.60478 1.07015 0.613125 0.429393 0.718168 0.223853 1.03102 0.283084 0.2067 0.230347 1.03292 0.917023 1.10369 0.293124 0.901984 0.200643 0.597167 0.817657 0.271038 0.895432 0.437325 1.15348 0.168303 0.688567 0.194785 0.475154 0.167325 0.078735 0.696038 0.207183 0.599352 0.347878 0.258088 0.609458 0.686492 0.91225 0.405803 0.969828 0.991539 1.03154 1.06267 0.695047 0.954295
1.06179 0.566834 0.612884 0.254513 0.47991 0.363073 0.463038 0.557353 0.775575 0.715571 0.179497 0.558142 0.346735 0.824054 0.431934 0.265815 0.247563 0.58646 0.880487 0.989276 0.448897 1.11474 0.0843546 0.357652 0.886482 0.699902 0.716655 0.632968 0.75213 0.966309 0.641353 0.535109 0.724636 1.14893 0.627604 0.278244 0.735216 0.215637 0.826275 0.304204 0.292022 0.192977 1.0019 1.05834 1.04396 0.226414 0.669274 0.336417 0.779161 0.840589 0.239265 1.02082 0.541705 0.869022 0.24767 0.622927 0.0721963 0.448797 0.255702 0.100151 0.736534 0.127713 0.672989 0.569036 0.439409 0.51529 0.515148 1.16751 0.298541 1.10043 1.12278 1.0616 0.913881 0.627579 0.973876
1.08161 0.760346 0.574225 0.43386 0.533703 0.147524 0.435568 0.555524 0.806843 0.736689 0.188835 0.600135 0.282364 1.00995 0.422628 0.290557 0.341162 0.653551 0.925165 0.907512 0.438116 0.95882 0.120696 0.300583 0.767051 0.788683 0.538809 0.498888 0.681996 0.900885 0.516294 0.321657 0.848299 1.19528 0.504508 0.41339 0.753736 0.392481 0.98558 0.205794 0.321971 0.256113 0.931069 1.10392 1.1763 0.184529 0.863023 0.362602 0.570077 0.736925 0.439421 1.15342 0.497102 1.01842 0.0675344 0.583398 0.127821 0.252155 0.318952 0.0387113 0.633685 0.26569 0.487857 0.450123 0.412647 0.651621 0.44495 1.14859 0.316197 1.15889 1.19734 1.10794 0.807605 0.617758 0.98323
1.04659 0.741556 0.426235 0.332584 0.40277 0.150946 0.415733 0.379358 0.858286 0.599697 0.232907 0.494161 0.309137 0.831513 0.588483 0.165081 0.148835 0.463317 0.878721 0.845971 0.437788 0.963969 0.157856 0.470707 0.981518 0.754849 0.564475 0.619226 0.950022 0.965118 0.545021 0.376203 0.678917 0.993658 0.476898 0.277193 0.935782 0.21436 0.808821 0.158173 0.349452 0.331497 0.88491 0.966386 1.23711 0.115868 0.916615 0.223698 0.630402 0.733208 0.472935 1.01503 0.451484 1.01005 0.204348 0.725554 0.0303388 0.37918 0.322398 0.139759 0.820698 0.165683 0.577507 0.340909 0.244128 0.41022 0.638277 1.08729 0.473275 1.189 1.18504 1.11297 0.913723 0.680291 0.80378
1.1608 0.762587 0.572438 0.280319 0.611558 0.28903 0.460685 0.3841 0.988117 0.570871 0.19591 0.382787 0.282 1.02912 0.626 0.305202 0.251814 0.710971 0.942001 0.890027 0.314882 1.07764 0.199358 0.385217 0.755828 0.713355 0.57381 0.667411 0.807168 0.950807 0.653582 0.449788 0.641623 1.2625 0.542999 0.338198 0.694247 0.149602 0.958026 0.171743 0.26503 0.283819 0.998256 0.905576 1.01795 0.107987 0.773816 0.242551 0.540869 0.820447 0.483047 1.09974 0.557598 0.876451 0.122712 0.670489 0.319543 0.341467 0.309326 0.100185 0.772127 0.0383806 0.438068 0.574998 0.30168 0.447319 0.4421 0.929869 0.484394 1.23536 1.11228 1.10164 0.898926 0.56865 0.948778
1.10093 0.753832 0.439099 0.316164 0.454446 0.342266 0.590254 0.422648 0.795043 0.627506 0.232398 0.535776 0.0782025 1.00181 0.539049 0.159769 0.371478 0.650349 0.866066 0.870887 0.361635 1.14681 0.259438 0.413285 0.795155 0.586355 0.758287 0.649005 0.920777 0.791556 0.572158 0.4979 0.810016 1.06735 0.499324 0.407669 0.740615 0.167748 0.792806 0.220781 0.196104 0.229308 1.12993 0.848354 0.974301 0.387257 0.820449 0.395182 0.723025 0.827245 0.486907 0.939148 0.596064 1.12493 0.0874928 0.503412 0.307481 0.386484 0.195827 0.122191 0.831473 0.115935 0.531458 0.465373 0.43986 0.522138 0.638946 0.967122 0.28857 1.21805 0.958554 0.966737 1.01466 0.529803 0.816485
1.0396 0.803482 0.609982 0.270304 0.542528 0.281763 0.639453 0.543635 0.965621 0.794269 0.0965849 0.484149 0.0639573 0.861729 0.622649 0.0896931 0.363551 0.560576 0.939532 0.895245 0.475058 0.948557 0.193763 0.300732 0.728471 0.550011 0.811538 0.786735 0.955103 1.00863 0.584798 0.47462 0.853721 1.16528 0.5761 0.355251 0.725671 0.271168 0.86161 0.274662 0.264573 0.295021 1.0249 0.947893 1.06401 0.137016 0.94355 0.45348 0.765501 0.923719 0.341298 1.05169 0.64342 0.896519 0.24769 0.639343 0.176529 0.385225 0.339338 0.102914 0.875956 0.0384934 0.425367 0.374833 0.293741 0.639914 0.478169 1.11424 0.430581 1.04295 1.01554 1.14236 0.957566 0.778214 1.06235
1.00068 0.787113 0.378223 0.383399 0.540475 0.168705 0.652832 0.618259 0.999371 0.586476 0.0655074 0.40923 0.220604 0.826975 0.482064 0.22964 0.331134 0.416584 0.836203 0.757401 0.446571 1.14546 0.101494 0.250862 0.839452 0.599747 0.620213 0.599521 0.807048 0.870262 0.67807 0.502948 0.65486 1.08622 0.553755 0.319236 0.823057 0.361328 0.866806 0.111966 0.395391 0.419054 1.00497 1.04048 1.05397 0.365477 0.758413 0.277826 0.716016 1.00674 0.264756 1.11812 0.686171 1.03745 0.173018 0.709956 0.12529 0.287969 0.335086 0.207981 0.895312 0.319948 0.543729 0.337841 0.17971 0.389535 0.50889 0.960668 0.277471 1.05576 1.22158 0.917086 0.926853 0.595138 1.02938
1.04528 0.744443 0.590686 0.362915 0.408041 0.0978061 0.486421 0.33913 0.777244 0.746176 0.229898 0.462068 0.277499 1.04246 0.427753 0.288921 0.195856 0.42702 0.811673 0.91626 0.540679 1.05589 0.107496 0.471195 0.720784 0.716859 0.55815 0.572991 0.958199 0.867272 0.640524 0.592183 0.679238 1.23071 0.414007 0.254334 0.711351 0.296765 1.0303 0.24105 0.251264 0.320454 1.08358 1.01594 1.18439 0.211629 0.909425 0.201364 0.548217 0.791882 0.472953 1.07586 0.510486 0.921454 0.143795 0.581849 0.124282 0.402622 0.115278 0.280665 0.837335 0.0338779 0.569263 0.488469 0.334314 0.394853 0.541939 1.04591 0.246808 1.09463 1.23899 1.13657 0.911717 0.707662 0.94387
0.953536 0.765854 0.494652 0.466595 0.453308 0.0969035 0.468975 0.566435 0.813873 0.589561 0.182034 0.473147 0.0690799 1.09454 0.376232 0.120256 0.168373 0.631227 0.997012 0.794642 0.266355 0.961192 0.204045 0.367721 0.899927 0.571192 0.530595 0.549391 0.954246 0.936708 0.439615 0.574954 0.797169 1.05799 0.627432 0.450893 0.913517 0.131765 0.999685 0.0592868 0.295172 0.362764 0.968538 0.988979 1.03924 0.266451 0.702201 0.18531 0.772196 0.831316 0.339034 1.07612 0.482083 1.00717 0.227737 0.738027 0.205197 0.2592 0.214805 0.163886 0.898438 0.101888 0.430695 0.386556 0.217237 0.417756 0.47336 0.947837 0.420366 0.970583 1.23178 0.980873 0.896409 0.517096 0.964122
0.952933 0.68181 0.358753 0.41906 0.553975 0.124437 0.555719 0.532046 0.991786 0.749246 0.165095 0.637799 0.205812 0.934793 0.40111 0.233933 0.145706 0.462021 1.03341 0.780511 0.557384 1.10404 0.291565 0.497871 0.734925 0.700587 0.669338 0.583378 0.68103 0.837569 0.479218 0.550719 0.690376 1.20189 0.411028 0.298576 0.656239 0.369791 1.02107 0.059428 0.178765 0.178006 1.03624 0.847648 1.11814 0.108522 0.868884 0.425581 0.54919 0.943801 0.265225 1.10029 0.64674 0.971755 0.0190038 0.670018 0.0892812 0.248115 0.186836 0.218478 0.69024 0.272297 0.637984 0.56354 0.354527 0.617344 0.626034 1.04177 0.416654 1.00754 1.19916 1.11144 0.893518 0.49332 0.888465
1.056 0.61257 0.411545 0.47092 0.542724 0.114467 0.421379 0.543816 0.816025 0.800233 0.132821 0.361327 0.186279 0.809175 0.63472 0.231943 0.370526 0.699229 0.992494 0.852409 0.306445 1.2164 0.164094 0.442056 0.976508 0.73864 0.681123 0.660309 0.914174 1.02319 0.689934 0.300666 0.795321 1.25024 0.374519 0.267873 0.755373 0.349481 0.916273 0.317394 0.227091 0.284282 1.18263 0.888788 1.14952 0.214383 0.939388 0.301141 0.521173 0.918578 0.457768 1.05432 0.468179 1.00708 0.237933 0.57582 0.304352 0.279942 0.340513 0.274096 0.759878 0.270136 0.482042 0.461747 0.304651 0.534954 0.686381 1.19956 0.238508 1.1804 1.14668 1.07816 1.08068 0.52929 1.05812
1.02201 0.685623 0.610543 0.341957 0.512139 0.275998 0.483081 0.41227 0.988085 0.622158 0.0379398 0.56912 0.132981 0.966022 0.562233 0.0625969 0.138158 0.51782 0.99656 0.957327 0.345583 0.967546 0.229904 0.369574 0.717261 0.723538 0.726728 0.680219 0.786101 0.966856 0.680835 0.496463 0.768874 1.14412 0.531681 0.366943 0.762796 0.257187 1.02513 0.0554245 0.261067 0.313659 1.15572 0.919731 1.03626 0.378588 0.693684 0.226549 0.79687 0.882002 0.500783 0.906178 0.521149 0.99942 0.258191 0.652928 0.274233 0.348673 0.270569 0.086531 0.895339 0.0554244 0.697675 0.596986 0.306404 0.513632 0.693407 0.943581 0.300325 1.19295 1.22918 1.08087 1.07741 0.642983 0.997113
1.04332 0.631138 0.650835 0.44165 0.391274 0.165024 0.510318 0.633361 1.03608 0.831375 0.327056 0.378409 0.259044 1.0113 0.383898 0.208696 0.404882 0.610904 0.884872 0.819969 0.357414 1.13544 0.111532 0.413356 0.739319 0.524375 0.781436 0.521705 0.84102 0.96174 0.476063 0.531953 0.699139 0.967287 0.387502 0.377153 0.732787 0.250489 0.936493 0.0633007 0.140678 0.197151 1.10465 0.904567 1.08464 0.207722 0.830507 0.323412 0.688996 0.826018 0.270486 1.1291 0.702286 1.13613 0.216686 0.635376 0.148345 0.408821 0.154531 0.288058 0.765638 0.301728 0.445563 0.318607 0.449112 0.556667 0.594346 1.13357 0.493703 1.19443 0.972616 0.967361 0.848319 0.525194 0.967905
0.896864 0.560109 0.513192 0.401575 0.371715 0.218933 0.476161 0.602925 0.931915 0.679706 0.10645 0.500537 0.0702095 0.912351 0.580787 0.177123 0.146031 0.657423 0.861047 0.963959 0.305045 1.08337 0.121453 0.523673 0.702944 0.721912 0.602562 0.686625 0.944656 0.952415 0.44677 0.342087 0.601957 1.03491 0.499946 0.434012 0.681368 0.205714 1.02655 0.229893 0.295364 0.387139 1.05968 0.956999 1.19396 0.334307 0.945962 0.438895 0.512149 0.759172 0.324942 0.985445 0.464173 1.03513 0.123808 0.543452 0.0310114 0.27009 0.108936 0.244347 0.905791 0.0951829 0.425004 0.440083 0.353355 0.401338 0.651166 1.13366 0.412546 1.11442 1.22325 1.13527 0.80467 0.678704 1.01272
0.969157 0.590659 0.593155 0.412284 0.569808 0.254884 0.522798 0.453742 1.0309 0.740761 0.239539 0.4492 0.0672014 1.05895 0.580447 0.0582363 0.36406 0.561438 0.888068 0.839469 0.36464 1.15889 0.0556607 0.364971 0.832495 0.646173 0.52568 0.524318 0.887351 0.764993 0.70989 0.558701 0.765351 1.01427 0.387282 0.506724 0.663308 0.389584 0.992614 0.193222 0.393936 0.269057 1.17684 0.919559 0.957547 0.297182 0.917815 0.184581 0.648497 0.846401 0.458328 0.892958 0.632055 0.973215 0.266522 0.733455 0.295319 0.40771 0.346477 0.264139 0.828978 0.225957 0.463052 0.359784 0.292047 0.630742 0.500502 1.20939 0.196546 1.12954 1.08662 0.985077 1.08247 0.499149 0.833629
0.988748 0.804258 0.392055 0.324913 0.451823 0.0890818 0.457962 0.444162 0.777525 0.760614 0.201335 0.614797 0.0687804 0.888652 0.454637 0.199269 0.163706 0.452247 1.01613 0.900275 0.337836 0.950361 0.0995976 0.358121 0.755073 0.775582 0.642597 0.755011 0.682049 0.797206 0.690102 0.448536 0.672685 1.14842 0.582815 0.352959 0.866508 0.361875 0.922937 0.110248 0.26275 0.182276 0.968252 0.919676 1.21821 0.105637 0.751496 0.183577 0.676987 0.935389 0.244401 0.898909 0.525634 1.10216 0.307237 0.671091 0.21308 0.426756 0.319104 0.0503709 0.766962 0.0510717 0.636681 0.544524 0.21835 0.478314 0.652043 1.18577 0.216434 1.10713 1.21442 0.978134 0.887608 0.568441 0.861626
