25 75
0.629912 0.626893 0.197042 0.869254 0.65507 0.972968 0.201938 0.268207 0.352031 0.804614 0.929979 0.780785 0.943551 0.724588 0.26098 0.775047 0.610989 0.740462 0.633097 0.246702 1.15909 0.484424 0.560974 0.46109 0.440757 0.402409 0.313661 1.00521 0.944149 0.484149 0.22622 0.719128 1.17551 0.832524 0.40368 0.963169 0.846144 1.0016 0.427807 1.10905 0.991866 0.423187 0.437315 0.786385 0.966335 0.494447 0.791931 1.26088 0.354448 0.869596 0.495395 1.05179 0.817557 1.07413 0.8787 0.519152 0.705587 0.752055 0.634477 0.0315899 0.9083 0.374126 1.00131 0.183476 0.46559 0.798609 0.665948 1.07783 0.435879 0.627044 0.487432 0.670154 0.460475 0.714109 0.376025
0.558851 0.701611 0.400957 0.716793 0.691535 1.14517 0.34026 0.0826951 0.386048 0.728723 0.833935 0.97112 0.924245 0.930915 0.32577 0.613949 0.542946 0.659838 0.50875 0.228423 1.21436 0.517288 0.49748 0.650152 0.376543 0.364271 0.336476 0.859412 0.765481 0.49142 0.383451 0.781883 1.14696 0.794322 0.250434 1.05251 0.726891 1.24116 0.471993 0.999483 1.19855 0.153418 0.367165 0.685881 1.07445 0.196939 0.734748 1.08459 0.557981 1.01399 0.279288 1.05241 0.642277 1.09151 0.784558 0.44177 0.800116 0.887375 0.828402 0.0486247 0.970801 0.300754 1.18838 0.0693855 0.178111 0.937977 0.698767 0.999666 0.384667 0.67331 0.498066 0.514991 0.234276 0.749592 0.199682
0.615849 0.672224 0.275611 0.872972 0.750474 0.9795 0.368381 0.314131 0.423927 0.69891 1.08971 0.972871 0.819455 0.796301 0.425575 0.789266 0.500314 0.581532 0.398216 0.220071 1.00817 0.72924 0.644876 0.480367 0.379913 0.485053 0.160912 0.932925 0.841286 0.56129 0.409961 0.6016 1.17012 0.781211 0.321315 0.94391 0.796001 0.984896 0.409788 1.11512 0.975754 0.191735 0.457494 0.795663 1.18374 0.312327 0.804944 1.26469 0.496531 0.926962 0.488653 0.871764 0.601852 0.873278 0.76508 0.420143 0.759198 0.710847 0.769533 0.122573 0.859647 0.196296 1.23637 0.162362 0.407457 0.947764 0.74095 1.05442 0.438209 0.762936 0.442252 0.724258 0.455128 0.805107 0.46267
0.551012 0.685877 0.364035 0.857676 0.665793 1.07637 0.195785 0.202832 0.435973 0.732008 1.03823 0.732019 0.861458 0.84974 0.252451 0.79172 0.566559 0.671229 0.564493 0.32786 1.10968 0.558338 0.412672 0.493003 0.440038 0.616506 0.0962488 0.92146 0.783323 0.447183 0.35696 0.835265 0.949106 0.740388 0.529521 1.14529 0.568781 1.20646 0.385684 0.919727 1.10069 0.170968 0.326004 0.597027 0.922558 0.378678 0.781424 1.11577 0.537833 0.95839 0.406534 1.0955 0.572572 1.00884 0.76031 0.514441 0.747847 0.89176 0.84796 0.0604387 0.940646 0.157053 1.16625 0.0911914 0.23945 0.96499 0.727134 1.0877 0.406316 0.820798 0.256824 0.650348 0.492075 0.794425 0.402775
0.462778 0.563098 0.224052 0.902912 0.655312 1.14138 0.157112 0.168973 0.23211 0.843523 1.0753 0.871485 0.914198 0.832807 0.415703 0.774522 0.569286 0.497092 0.362053 0.0956668 1.19081 0.547376 0.542781 0.547583 0.561595 0.406601 0.373197 0.939257 0.829831 0.5802 0.254382 0.555086 0.901366 0.931398 0.252566 1.0996 0.774975 1.2528 0.329268 0.956122 1.17212 0.38462 0.246463 0.721922 1.19403 0.454927 0.961546 1.19845 0.503985 0.732701 0.474417 0.967862 0.601817 0.936496 0.760568 0.278173 0.635845 0.714897 0.617412 0.198804 1.04684 0.318097 1.09702 0.0742692 0.442148 0.933919 0.672527 1.02152 0.347829 0.659309 0.432637 0.441828 0.521335 0.757023 0.195917
0.559415 0.588039 0.334606 0.671498 0.646295 1.07276 0.262496 0.160716 0.325805 0.759109 1.09969 0.901806 1.01803 0.869226 0.213779 0.718274 0.592092 0.519736 0.560509 0.368334 1.16279 0.614911 0.493245 0.535093 0.390224 0.535404 0.224561 0.909877 0.807016 0.50269 0.299134 0.632296 1.03427 0.675859 0.345508 0.906473 0.768208 0.97296 0.62541 0.964435 1.00913 0.418807 0.287797 0.580718 0.906582 0.468818 0.891875 1.11549 0.444914 0.929582 0.325544 0.984734 0.704268 1.03044 0.850138 0.37079 0.69756 0.893646 0.763944 0.0731001 1.05692 0.41062 1.19286 0.270608 0.304598 0.788528 0.791077 1.08672 0.338863 0.746443 0.342248 0.597452 0.488196 0.758552 0.206406
0.613387 0.675835 0.277344 0.947817 0.633715 0.995952 0.32062 0.315967 0.258173 0.750954 1.06497 0.729154 0.829007 0.798266 0.266946 0.80621 0.520684 0.625932 0.553118 0.165543 1.15981 0.483432 0.558931 0.567538 0.510697 0.367162 0.180144 0.826866 0.972328 0.696593 0.246832 0.816419 0.952353 0.673021 0.347627 0.891931 0.709999 1.14624 0.476523 1.04251 1.17722 0.16977 0.459141 0.699507 1.16253 0.355747 0.896409 1.22433 0.605251 0.990506 0.283677 1.02932 0.644149 0.972458 0.929274 0.3083 0.648718 0.898428 0.678578 0.101964 0.967293 0.362566 1.10826 0.189179 0.309809 1.00869 0.758352 0.93943 0.575465 0.702913 0.513939 0.579173 0.346973 0.883629 0.201702
0.597857 0.491991 0.207502 0.791897 0.73333 1.18402 0.146235 0.259502 0.411849 0.757569 0.939738 0.868444 0.740789 0.859642 0.186698 0.690394 0.525482 0.744333 0.550827 0.31541 1.10838 0.632726 0.430346 0.587681 0.398415 0.409088 0.308559 0.831168 0.874655 0.48544 0.116541 0.696443 1.14229 0.871436 0.274219 0.910038 0.756656 1.0706 0.347151 0.995302 1.04356 0.19184 0.466989 0.571041 1.09874 0.368814 0.947909 1.10773 0.345533 0.859864 0.514578 0.899373 0.821003 1.11492 0.930292 0.531392 0.805078 0.765405 0.757324 0.0329328 0.944329 0.412051 1.00793 0.31651 0.304264 0.873049 0.643637 1.14163 0.629134 0.825164 0.442274 0.512395 0.339829 0.965225 0.420199
0.423462 0.661014 0.342825 0.78229 0.829353 1.04311 0.129786 0.13818 0.440462 0.858522 0.858962 0.961979 0.970791 0.802042 0.345424 0.636826 0.407542 0.656694 0.548422 0.335584 1.00337 0.726373 0.441941 0.618664 0.644222 0.346543 0.174144 0.770206 0.850814 0.576744 0.394355 0.802109 1.01016 0.904544 0.441442 0.985804 0.801182 0.983611 0.602236 1.04801 1.16762 0.399527 0.310389 0.541728 1.11432 0.429202 0.750608 1.03421 0.4344 0.877019 0.378206 0.909399 0.70881 1.06439 0.755528 0.518098 0.78536 0.956788 0.640536 0.132924 0.902316 0.225272 1.26752 0.190395 0.401516 1.0234 0.766511 1.0122 0.393865 0.745807 0.405804 0.559451 0.421219 0.98665 0.224986
0.456189 0.522967 0.455328 0.744495 0.86685 1.16852 0.240115 0.0769725 0.447364 0.751511 1.03814 0.973327 0.952013 0.849854 0.384193 0.764172 0.518357 0.657719 0.377085 0.36355 1.01117 0.743681 0.49235 0.639965 0.412365 0.633156 0.320019 0.755489 0.967667 0.480048 0.174575 0.750359 1.06261 0.670331 0.432288 1.03401 0.678545 1.0003 0.555203 0.970244 1.04839 0.190642 0.182126 0.577763 1.13245 0.342467 0.938764 1.03702 0.611251 0.945004 0.412751 0.893075 0.851727 0.967501 0.966651 0.343373 0.892996 0.852628 0.819592 0.0338819 0.940667 0.244258 1.20833 0.23944 0.203425 0.807839 0.521474 0.940893 0.406785 0.67071 0.437076 0.619209 0.260288 0.824116 0.27848
0.519325 0.552756 0.473909 0.79992 0.696262 1.11823 0.222023 0.131935 0.255528 0.758647 0.902162 0.821738 0.962674 0.846859 0.266076 0.73619 0.534201 0.448591 0.570564 0.135178 1.04115 0.520755 0.623795 0.669031 0.457206 0.409994 0.193704 1.01354 0.83858 0.70364 0.398603 0.700286 1.11753 0.743161 0.515173 0.89774 0.729475 1.15652 0.603706 0.973521 1.17214 0.210389 0.321365 0.802805 1.03579 0.292558 0.741238 1.28847 0.487172 0.839555 0.360473 1.09659 0.687623 1.10536 0.788765 0.347252 0.844066 0.768899 0.739879 0.321541 1.10297 0.405674 1.19899 0.284876 0.198065 0.7949 0.641934 1.12618 0.596685 0.849931 0.338505 0.563877 0.513004 0.754814 0.419607
0.481133 0.55958 0.440841 0.840737 0.571696 1.15796 0.168667 0.232005 0.287489 0.806457 0.962531 0.749791 0.967214 0.749331 0.440218 0.88878 0.356806 0.656328 0.622968 0.268107 1.07178 0.725286 0.491633 0.610087 0.408113 0.62305 0.254758 0.775994 0.798266 0.515787 0.374434 0.778943 1.01777 0.715007 0.516713 1.05135 0.645383 1.12619 0.624404 0.901387 0.925601 0.315931 0.247878 0.744959 0.967971 0.463203 0.908851 1.07148 0.630024 0.767824 0.277945 0.823055 0.584652 1.10842 0.96438 0.354642 0.875 0.716531 0.738531 0.326164 0.866567 0.237303 1.26104 0.265292 0.19861 0.760748 0.789006 0.928776 0.36939 0.715316 0.440487 0.454713 0.405166 0.758926 0.281132
0.573533 0.706832 0.469873 0.87199 0.784817 1.15972 0.35832 0.243341 0.280676 0.774436 1.10636 0.821997 0.992378 0.782639 0.291298 0.673965 0.368611 0.679981 0.59484 0.166017 1.18575 0.605394 0.392422 0.552951 0.440822 0.597743 0.104921 1.00294 0.848065 0.442289 0.297188 0.776681 0.891734 0.790681 0.281845 0.942206 0.699061 1.1562 0.371606 0.982826 1.14736 0.249899 0.232772 0.748034 0.990562 0.285464 0.91144 1.07393 0.350017 0.897661 0.350774 1.04128 0.689823 1.0711 0.727097 0.358188 0.77021 0.839723 0.657935 0.279969 1.04457 0.267924 1.07071 0.167318 0.350549 0.831522 0.652431 0.931821 0.468543 0.747317 0.437209 0.696326 0.437568 0.897358 0.250638
0.645452 0.683092 0.301356 0.733881 0.601069 1.15303 0.141692 0.13955 0.279467 0.761537 0.864144 0.896966 0.799124 0.896508 0.383767 0.846342 0.38448 0.59744 0.424077 0.101695 1.10464 0.706604 0.452335 0.533227 0.465019 0.498543 0.267386 0.788109 0.866243 0.485295 0.228334 0.559335 0.951728 0.807633 0.530716 1.085 0.798713 1.2354 0.579638 0.911881 0.929286 0.154227 0.276654 0.82821 0.897994 0.438824 0.883906 1.0887 0.41381 0.856402 0.472166 0.902017 0.564476 1.12433 0.926842 0.404986 0.730815 1.00133 0.723509 0.280848 1.06816 0.286128 1.21708 0.117543 0.436742 0.839455 0.724298 0.933021 0.518298 0.759297 0.521745 0.690361 0.235727 0.69681 0.388363
0.675434 0.595694 0.195205 0.745839 0.850279 1.04051 0.195243 0.132946 0.269709 0.765678 1.0269 0.90509 0.734495 0.718678 0.427815 0.709471 0.586694 0.564447 0.642481 0.39121 1.15851 0.535411 0.524611 0.517527 0.61345 0.359807 0.295314 0.968063 0.940962 0.538167 0.347253 0.61551 1.13652 0.728592 0.428871 1.15658 0.72408 1.06323 0.449421 0.971998 1.18834 0.212436 0.238501 0.769351 0.949318 0.330907 0.782367 1.1477 0.594074 0.938018 0.31226 1.08655 0.596845 1.13966 0.83327 0.308863 0.608347 0.7671 0.700973 0.0562267 0.966407 0.321754 1.2355 0.0701961 0.211014 0.803357 0.536209 0.966043 0.412694 0.608104 0.369404 0.700614 0.369225 0.762404 0.250029
0.520304 0.641507 0.188943 0.657911 0.584581 0.976389 0.138905 0.0783947 0.199402 0.715126 1.02242 0.988501 0.962741 0.75007 0.269908 0.727958 0.420425 0.683568 0.643132 0.382531 1.01018 0.547012 0.377853 0.614477 0.513058 0.511599 0.191776 0.925642 0.809125 0.417309 0.374054 0.613681 0.928851 0.742252 0.413939 0.920277 0.618507 1.12323 0.474471 0.976546 1.01323 0.125104 0.428228 0.682029 0.940049 0.357828 0.938718 1.12665 0.410643 0.926081 0.275279 0.91308 0.790195 1.08043 0.849197 0.303923 0.644823 0.732372 0.807502 0.0568911 0.942031 0.313215 1.19538 0.162152 0.317508 0.75216 0.645529 1.00986 0.497862 0.665855 0.435248 0.509607 0.316828 0.827414 0.287054
0.454302 0.513829 0.442734 0.786431 0.693641 0.937862 0.416024 0.15243 0.199558 0.837286 0.975324 0.946402 0.954716 0.717508 0.379031 0.879137 0.437223 0.597415 0.384303 0.129033 0.948934 0.705587 0.60277 0.492585 0.49681 0.500441 0.10816 0.849268 0.700299 0.597026 0.355223 0.776326 0.947435 0.764769 0.244797 1.17302 0.826719 1.23926 0.456696 1.18355 1.00282 0.213878 0.40088 0.784352 1.06565 0.273399 0.913374 1.22181 0.624404 0.749504 0.296496 1.07838 0.755026 0.889955 0.783364 0.313472 0.660756 0.958228 0.705359 0.0662727 0.878503 0.272092 1.11596 0.0683673 0.337749 0.911702 0.727995 1.08743 0.610498 0.785066 0.406662 0.550944 0.495632 0.782968 0.251776
0.617822 0.667745 0.351299 0.806513 0.782903 1.05522 0.388455 0.27298 0.438646 0.959425 0.850757 0.783715 0.793719 0.745432 0.439798 0.624258 0.494674 0.584228 0.432973 0.292444 1.18725 0.514186 0.393814 0.581965 0.60151 0.395241 0.2179 0.89942 0.839585 0.64131 0.258672 0.639832 1.15507 0.680523 0.404728 0.900699 0.783951 1.04342 0.482078 1.02092 1.19429 0.3292 0.318886 0.795849 0.918159 0.494703 0.847031 1.06039 0.592535 0.865212 0.532629 1.03804 0.775438 1.07714 0.777562 0.267039 0.795577 0.744437 0.76685 0.208277 0.920145 0.294193 1.23265 0.196522 0.370839 0.996719 0.806436 1.07592 0.597801 0.825798 0.350765 0.691181 0.265932 0.707397 0.30107
0.703731 0.50105 0.394317 0.94176 0.798776 1.05866 0.316844 0.14815 0.418277 0.870914 0.866682 0.963692 0.740818 0.868508 0.375154 0.874906 0.627625 0.463148 0.525445 0.160085 1.17806 0.580973 0.526883 0.69201 0.425673 0.408785 0.297978 1.02476 0.945239 0.652558 0.228044 0.782189 1.13241 0.659017 0.293752 1.10187 0.617404 0.967039 0.473731 1.05856 0.932291 0.422688 0.394634 0.734586 1.11733 0.24968 0.812981 1.13381 0.588853 0.788561 0.30292 0.934458 0.579054 0.994586 0.758723 0.520482 0.623183 0.724459 0.832237 0.307972 0.893107 0.264358 1.23105 0.22643 0.293813 0.956732 0.585334 1.07431 0.404049 0.712449 0.353419 0.658303 0.406357 0.723824 0.213116
0.606032 0.482407 0.346435 0.775921 0.649271 0.926892 0.216674 0.0992406 0.235418 0.892915 1.01939 0.868711 1.01571 0.72839 0.237683 0.788484 0.611839 0.688123 0.587635 0.171838 0.956667 0.48908 0.504666 0.571956 0.594238 0.627434 0.197906 0.746828 0.912177 0.694367 0.321756 0.701946 0.949335 0.678069 0.476228 0.99126 0.696972 1.07132 0.395514 1.0439 0.944974 0.39222 0.436545 0.741329 1.13152 0.267471 0.74212 1.13693 0.362736 0.721363 0.339865 0.979841 0.726074 0.971987 0.979817 0.477411 0.890355 0.910154 0.731481 0.28976 0.994537 0.334972 1.08693 0.260131 0.238376 0.880665 0.736614 1.10819 0.485932 0.823524 0.329637 0.596622 0.28231 0.696711 0.186375
0.640678 0.580484 0.36456 0.887536 0.723862 1.17127 0.32577 0.285545 0.339801 0.809684 1.07416 0.790524 0.88484 0.844273 0.405987 0.701938 0.490512 0.657471 0.480673 0.166419 1.20146 0.632637 0.500666 0.510896 0.444054 0.443244 0.293261 0.869913 0.701903 0.496108 0.128238 0.541776 0.923665 0.640303 0.507277 1.15385 0.78231 1.07185 0.473295 1.10264 0.941686 0.269622 0.198715 0.768985 1.03962 0.418142 0.901676 1.11603 0.58376 0.813627 0.479679 1.03136 0.833819 0.879968 0.853836 0.281034 0.851789 0.98137 0.619571 0.0946009 1.08699 0.262917 0.982266 0.0770271 0.363241 1.01021 0.616319 0.874816 0.486802 0.804098 0.364906 0.531478 0.529105 0.809831 0.411745
0.525591 0.549401 0.456541 0.886367 0.761047 1.07326 0.206826 0.117021 0.365762 0.886021 0.859147 0.882936 0.97392 0.827793 0.355797 0.663963 0.515416 0.532934 0.631632 0.308275 1.19867 0.511364 0.390846 0.539264 0.615318 0.428053 0.136812 0.862246 0.931563 0.492646 0.132655 0.660451 1.03669 0.755258 0.241052 1.04057 0.803906 1.14496 0.591315 1.06344 1.18447 0.195741 0.406137 0.828761 1.09652 0.204871 0.890239 1.05666 0.477722 0.951191 0.547129 0.837271 0.644982 0.982827 0.735802 0.378915 0.717118 0.858018 0.748521 0.122122 0.837547 0.181998 1.07305 0.108593 0.367425 0.835506 0.619957 1.01077 0.361318 0.814965 0.532807 0.737836 0.479801 0.858163 0.468197
0.606835 0.763662 0.188768 0.778854 0.726527 0.972999 0.395612 0.169238 0.424995 0.692974 0.890196 0.926181 1.01131 0.695401 0.335381 0.655512 0.354325 0.566353 0.50562 0.181761 1.04663 0.758008 0.672879 0.525906 0.435873 0.427753 0.157839 0.952425 0.814609 0.52575 0.38212 0.742148 0.938134 0.871186 0.436576 1.00214 0.821989 1.12328 0.37812 1.17122 0.958341 0.132541 0.326926 0.557533 1.15514 0.466469 0.957522 1.15484 0.378739 0.869012 0.458794 1.00239 0.673605 1.0851 0.705472 0.447998 0.863213 0.804087 0.824498 0.0960255 0.906111 0.384062 1.27284 0.0675479 0.292133 0.764615 0.628572 0.880458 0.387045 0.803384 0.406643 0.499066 0.367567 0.93581 0.231779
0.593886 0.652759 0.357246 0.831296 0.690919 1.08461 0.139349 0.12114 0.240723 0.797676 0.872292 0.953951 1.02565 0.966304 0.178556 0.748414 0.637451 0.53382 0.348088 0.146777 1.14662 0.685876 0.559989 0.51713 0.655058 0.56348 0.351536 1.02618 0.957663 0.65985 0.314186 0.69845 0.99279 0.639764 0.30231 1.09947 0.588273 1.15218 0.327582 1.01262 0.984474 0.129157 0.413228 0.635753 0.995419 0.482246 0.895535 1.15104 0.371849 1.01071 0.354331 0.984543 0.696758 1.15712 0.711216 0.313921 0.750053 0.988886 0.806937 0.205408 1.09655 0.239464 1.11958 0.018814 0.263325 0.811102 0.802704 1.01515 0.615282 0.724943 0.322722 0.594772 0.442892 0.753419 0.429722
0.526823 0.766105 0.43064 0.695997 0.612819 1.11498 0.150341 0.0757513 0.249214 0.945768 0.876746 0.857724 0.824096 0.76008 0.410847 0.732124 0.537272 0.684551 0.612822 0.218685 1.20098 0.615421 0.600175 0.528845 0.552332 0.374603 0.164743 0.850749 0.72021 0.550824 0.280173 0.790298 1.0509 0.915905 0.28299 1.02223 0.643189 0.966182 0.522594 1.18273 0.9662 0.393749 0.341456 0.628323 0.929535 0.288593 0.943481 1.0822 0.512014 1.01282 0.308599 0.992507 0.6034 1.0129 0.935005 0.265666 0.86033 0.905801 0.649224 0.238338 0.866215 0.19929 1.21847 0.232729 0.197129 0.740229 0.576513 1.00846 0.569618 0.727057 0.445233 0.537616 0.381056 0.827674 0.435269
