25 75
1.16284 0.143226 0.164947 0.763453 0.468926 0.370569 0.513706 0.120142 1.03135 0.535905 0.218014 1.05555 0.78002 1.00001 1.11662 0.817775 1.18144 0.821421 1.10721 0.315532 0.662114 0.699222 1.07759 0.451654 0.469213 0.51656 0.237698 0.174475 1.00335 1.01052 0.599557 0.19547 0.66919 0.709597 0.216244 1.16409 0.745094 1.07744 0.486895 1.12202 1.08946 0.451697 0.730862 0.702333 1.18136 1.12892 0.181084 1.04425 0.456329 0.762927 0.195479 0.927436 0.588647 0.630292 0.324853 0.00718868 0.116728 0.954268 0.52646 0.769541 0.887387 0.700324 0.194266 0.705548 0.454063 0.437007 0.320668 0.253539 0.832713 0.794208 0.812091 0.847754 0.6244 0.11797 0.793929
1.03454 0.223162 0.208212 0.811736 0.396075 0.381884 0.334302 0.245542 0.76327 0.80695 0.345477 1.21659 0.964401 1.00496 1.02267 0.638946 0.989899 0.832485 0.902114 0.208533 0.735958 0.630707 1.10245 0.467324 0.308598 0.758891 0.296747 0.437084 1.18314 1.04216 0.393012 0.1918 0.679522 0.687653 0.332041 1.05036 0.687635 1.004 0.615503 0.987105 0.989644 0.548584 0.726935 0.964311 1.0329 1.17976 0.323118 0.926023 0.660268 0.801353 0.314004 0.785215 0.639554 0.51254 0.208022 0.214185 0.116363 0.912158 0.453454 0.743614 0.764773 0.614745 0.313305 0.713424 0.298873 0.47379 0.0780426 0.332973 0.741224 0.969061 0.62459 0.757032 0.63297 0.137579 0.661976
1.15058 0.288514 0.398634 0.783584 0.65289 0.534517 0.515603 0.150607 1.03891 0.73373 0.367207 1.1898 0.80239 0.924044 1.08756 0.849651 0.996265 0.868954 1.11471 0.238908 0.825194 0.69069 0.977721 0.267218 0.503908 0.78773 0.1952 0.315368 1.19093 0.982598 0.355477 0.147471 0.51996 0.479675 0.299168 1.04855 0.75338 0.868892 0.445859 0.922907 1.11269 0.335754 0.565798 0.925268 1.05486 1.1954 0.149074 0.878559 0.725507 0.650118 0.208979 0.927189 0.44525 0.540342 0.189052 0.144495 0.275876 0.732508 0.337619 0.771127 0.873288 0.705827 0.204789 0.849876 0.282068 0.596429 0.226892 0.160848 0.974678 1.06989 0.609301 0.769342 0.804313 0.122059 0.570195
1.16687 0.199229 0.173751 0.698145 0.48144 0.370281 0.500311 0.16382 0.906049 0.75215 0.216126 1.07793 1.00461 1.11785 1.0989 0.635284 0.916784 1.08955 0.995706 0.333503 0.739276 0.652041 1.01935 0.199369 0.360749 0.606503 0.107357 0.25209 1.1393 0.930774 0.36649 0.0996934 0.704996 0.732452 0.166338 1.09528 0.731933 0.987576 0.397008 1.13495 0.823537 0.25577 0.740684 0.845433 1.13193 0.965845 0.16409 0.9305 0.430365 0.619503 0.312404 0.73254 0.495115 0.662743 0.328957 0.240257 0.0764261 0.827428 0.243538 0.916418 0.819981 0.802487 0.286963 0.706225 0.360172 0.321032 0.255866 0.280604 0.88281 0.929868 0.595274 1.01598 0.784416 0.115732 0.725931
1.0555 0.363566 0.458314 0.67392 0.599311 0.327975 0.33168 0.193374 1.01875 0.751293 0.244356 1.13864 0.79797 1.11119 1.01664 0.849138 1.18729 0.877071 1.05357 0.155266 0.684925 0.868858 1.03174 0.390246 0.316303 0.600461 0.155185 0.219127 1.18191 1.04099 0.515351 0.022293 0.499556 0.757312 0.0951324 1.09399 0.797026 1.05013 0.40275 1.03522 0.955758 0.527843 0.730307 0.88969 1.06606 1.20366 0.144876 0.90979 0.481891 0.850382 0.371185 0.739264 0.482464 0.767383 0.324239 0.0740978 0.291825 0.895201 0.533602 0.793859 0.696628 0.569182 0.427548 0.788604 0.30278 0.346609 0.16551 0.325713 0.902065 0.832463 0.748857 0.921153 0.7856 0.310818 0.591091
1.0171 0.237122 0.274265 0.825578 0.368407 0.555679 0.443216 0.117619 0.797764 0.816705 0.339614 1.05865 0.80714 1.07928 1.05999 0.888174 1.12727 0.944625 0.947896 0.235633 0.691162 0.856668 0.900312 0.209264 0.574271 0.56001 0.196885 0.178692 1.21684 0.915736 0.349781 0.177529 0.64861 0.481291 0.147223 1.08767 0.69804 0.815365 0.591441 0.964266 0.965488 0.3303 0.637997 0.959136 0.974978 1.14353 0.415522 1.11509 0.679359 0.629428 0.178434 0.82117 0.455009 0.537589 0.131618 0.30564 0.307998 0.665487 0.366964 1.00129 0.682789 0.743534 0.295207 0.881008 0.337075 0.535529 0.297757 0.0936341 0.894598 0.896 0.558612 0.816801 0.555577 0.302331 0.758232
1.03091 0.142862 0.459858 0.826394 0.567751 0.417199 0.465844 0.164117 0.863157 0.546624 0.260758 1.09 0.997978 1.03009 1.08784 0.761313 0.981264 0.924763 0.852075 0.228151 0.831715 0.81559 0.985093 0.27607 0.472858 0.540348 0.208999 0.173217 1.05374 0.945138 0.401873 0.0878609 0.548527 0.58679 0.210759 1.15348 0.682387 1.01115 0.381479 1.17183 0.856458 0.395465 0.555322 0.739346 1.10006 1.21631 0.296664 0.889678 0.641706 0.771705 0.426601 0.841455 0.575847 0.65461 0.314851 0.182929 0.192506 0.691396 0.464339 0.938753 0.861749 0.833347 0.345402 0.839412 0.502538 0.531589 0.182562 0.281543 0.919218 0.783527 0.829799 0.998431 0.822076 0.323523 0.718409
0.92749 0.299453 0.169845 0.765238 0.497344 0.315542 0.480945 0.154979 0.757187 0.795099 0.372186 1.05194 0.815502 1.07499 0.925559 0.657072 0.940023 1.09073 0.975958 0.138795 0.708374 0.601887 0.950077 0.433136 0.300308 0.738136 0.325602 0.454751 1.15493 0.804721 0.58783 0.258165 0.671005 0.567006 0.142477 1.00679 0.583058 1.08174 0.394502 0.940814 0.945153 0.532949 0.650382 0.772077 1.18925 1.20379 0.229461 0.846065 0.704926 0.631935 0.254532 0.883086 0.632456 0.548327 0.190164 0.3034 0.318689 0.781191 0.292807 0.755293 0.817131 0.569211 0.234738 0.867633 0.299356 0.516922 0.0352063 0.295479 0.934384 1.06956 0.840528 0.867598 0.608505 0.240366 0.633601
1.08009 0.339927 0.319159 0.745719 0.557466 0.425077 0.452232 0.222984 0.800574 0.518813 0.193646 1.19005 1.01194 0.920974 0.935868 0.7656 1.11538 1.10317 1.0441 0.129669 0.642071 0.866485 1.19046 0.18306 0.398836 0.52906 0.37374 0.241867 1.15007 1.04156 0.59677 0.0674996 0.525983 0.723549 0.292561 1.1206 0.579303 0.985036 0.507734 0.949881 1.11647 0.274929 0.593901 0.731663 1.0897 1.01657 0.193341 0.94328 0.582814 0.852869 0.357698 0.717839 0.64176 0.743503 0.141802 0.223259 0.167539 0.843511 0.362382 0.866555 0.675746 0.833315 0.250374 0.693272 0.389751 0.601114 0.15243 0.190297 0.914404 0.953346 0.585638 0.990053 0.791343 0.28658 0.779608
1.03222 0.328881 0.402965 0.664231 0.568953 0.449304 0.410591 0.294622 0.839845 0.583531 0.195801 1.16409 0.820152 1.11493 1.08476 0.732497 1.13227 0.939575 0.949444 0.364883 0.619364 0.830503 0.900716 0.213547 0.4846 0.66092 0.330619 0.215658 1.189 0.900608 0.524958 0.0719861 0.629105 0.698832 0.324533 1.16659 0.814527 0.9357 0.477425 0.891074 1.0258 0.274975 0.561668 0.737198 0.987475 1.03536 0.294399 0.865109 0.521697 0.696216 0.421475 0.764596 0.608803 0.680588 0.280682 0.25769 0.0502044 0.826283 0.327046 0.966745 0.753468 0.643461 0.154023 0.761163 0.352383 0.541159 0.14861 0.334114 0.89928 1.05651 0.797373 0.961351 0.710565 0.28749 0.632885
1.07595 0.304179 0.253708 0.881247 0.6559 0.593916 0.501658 0.293491 0.963131 0.576305 0.363328 1.18924 0.823834 1.09516 1.10839 0.678843 1.05366 0.819424 0.893378 0.341007 0.687033 0.859747 1.18245 0.409299 0.395966 0.524525 0.158166 0.415251 0.950604 1.04517 0.438497 0.0849116 0.449401 0.624073 0.0980754 1.08104 0.770335 0.986753 0.540714 0.947149 0.903808 0.520849 0.792156 0.726315 1.18246 0.976128 0.338537 0.832512 0.474666 0.666468 0.391365 1.00203 0.447279 0.642397 0.308202 0.0220642 0.222271 0.726616 0.259699 0.856928 0.778022 0.658359 0.360452 0.659372 0.250511 0.522352 0.301751 0.352003 0.869707 1.00504 0.839142 0.868396 0.786694 0.0994534 0.787802
0.994825 0.35098 0.29768 0.849093 0.612756 0.581303 0.435916 0.0559179 0.870484 0.625243 0.112201 0.933601 0.868267 0.87295 1.0762 0.655813 0.930054 0.997756 0.962334 0.264237 0.623907 0.760564 1.15816 0.235213 0.42448 0.628227 0.117255 0.212142 1.18796 0.939954 0.369406 0.0158504 0.680663 0.74929 0.373996 1.18888 0.807392 0.954734 0.515865 1.04113 0.933238 0.291773 0.687363 0.847727 1.06419 1.02082 0.279348 1.06574 0.631773 0.596266 0.159303 0.956367 0.382201 0.522453 0.322414 0.301925 0.319714 0.942565 0.273253 0.759045 0.666191 0.701186 0.42497 0.879088 0.27321 0.616849 0.216014 0.212222 0.976052 0.808536 0.785963 0.944065 0.708204 0.317118 0.652605
1.13284 0.281721 0.425245 0.801594 0.533639 0.564533 0.522335 0.306402 1.0093 0.52414 0.297056 1.15916 1.01679 1.00676 1.09207 0.746748 0.949189 1.00254 0.922922 0.31185 0.802214 0.593033 0.985771 0.201902 0.490607 0.584227 0.252074 0.429253 1.09639 0.799284 0.501914 0.219517 0.490023 0.481576 0.368276 1.16981 0.615298 0.805505 0.368138 0.977851 0.84838 0.439209 0.743062 0.869325 1.2507 1.17674 0.396508 1.04358 0.527981 0.809041 0.390615 0.791049 0.50312 0.738534 0.257761 0.162517 0.298493 0.786913 0.336903 0.860118 0.699587 0.842658 0.249038 0.902262 0.344817 0.57961 0.0928099 0.121377 0.939996 0.946682 0.601002 0.754789 0.64353 0.116912 0.599589
1.17936 0.232627 0.378365 0.704703 0.479309 0.61009 0.371459 0.121072 0.994801 0.622296 0.398143 1.00351 0.977076 0.863695 0.988994 0.882139 1.009 0.90338 0.915829 0.244988 0.690721 0.663953 1.11961 0.316468 0.370207 0.527705 0.149973 0.264479 1.03491 0.85425 0.586888 0.0220316 0.659398 0.710753 0.173873 1.14213 0.69625 0.85309 0.382131 1.06431 0.997926 0.275792 0.671508 0.972287 1.18405 1.07965 0.184809 0.939246 0.679651 0.850708 0.143033 0.781722 0.485376 0.628946 0.311075 0.145734 0.229444 0.799901 0.499624 0.958914 0.777413 0.572502 0.379245 0.839097 0.331238 0.488263 0.10207 0.0890794 0.827014 0.937155 0.78959 0.914861 0.599385 0.164116 0.733952
1.0746 0.214251 0.183132 0.842218 0.422314 0.596991 0.287694 0.0923815 0.879845 0.543977 0.34534 1.1881 0.809798 0.929256 1.11884 0.894709 0.95845 1.07871 0.868532 0.367175 0.62308 0.737667 1.08452 0.447771 0.574221 0.493777 0.339085 0.320528 1.07584 0.773114 0.391568 0.0753982 0.707594 0.663363 0.245878 1.04916 0.547102 0.900479 0.357169 0.940813 0.888166 0.507106 0.555372 0.890861 1.23996 1.0097 0.304938 1.05565 0.465977 0.594324 0.272605 0.75814 0.411648 0.636814 0.362393 0.158494 0.235181 0.883991 0.442099 0.871276 0.758987 0.567374 0.177102 0.745502 0.430123 0.608701 0.108708 0.150745 0.998543 1.07728 0.793308 1.01955 0.802504 0.33324 0.679706
1.02146 0.215046 0.411019 0.838013 0.653421 0.447521 0.286839 0.163511 0.877192 0.629547 0.131372 1.19846 0.847118 0.88664 1.0969 0.839367 1.09316 0.812405 0.988791 0.306589 0.677681 0.733888 1.18482 0.413372 0.402635 0.758558 0.359208 0.401193 0.978287 0.961157 0.416826 0.0298056 0.512396 0.52003 0.287959 1.13683 0.796352 1.07294 0.52314 1.10908 1.01861 0.439065 0.73168 0.877584 1.17226 1.20827 0.369291 1.00314 0.640587 0.619551 0.285792 0.904074 0.606692 0.765471 0.150995 0.114424 0.299985 0.790845 0.321137 0.941281 0.808572 0.596163 0.426852 0.910805 0.29824 0.419707 0.120476 0.18514 0.986272 0.969099 0.63694 0.989793 0.548743 0.363678 0.556606
1.19058 0.42313 0.448696 0.689484 0.421681 0.347908 0.326028 0.192091 0.957415 0.700084 0.1874 1.01524 0.935114 1.08316 0.885446 0.60408 1.04508 0.844643 0.988591 0.200957 0.562182 0.757018 1.10636 0.185626 0.400106 0.598145 0.254677 0.162208 1.17249 0.987091 0.37706 0.0426551 0.506383 0.618568 0.354986 0.997555 0.557261 0.792186 0.568587 1.0219 1.004 0.323993 0.550486 0.853398 1.23678 0.986941 0.182136 1.07711 0.453263 0.721 0.315654 0.887846 0.634013 0.568653 0.298313 0.2745 0.146803 0.689853 0.338364 0.901818 0.74873 0.837966 0.378163 0.89955 0.306458 0.403564 0.0364733 0.234146 1.00829 0.824612 0.824709 0.742598 0.571056 0.141457 0.59393
0.942696 0.406888 0.245819 0.833445 0.603021 0.528407 0.485452 0.336661 1.01612 0.769754 0.304769 0.983824 0.836466 0.952379 1.02874 0.862594 0.935733 1.03151 1.12398 0.388416 0.718795 0.602759 1.01082 0.448766 0.35811 0.638118 0.233141 0.427207 1.20746 0.939158 0.592168 0.0588263 0.582789 0.589987 0.208 1.21794 0.79972 0.862002 0.627022 0.988146 0.820603 0.392169 0.517734 0.749102 1.00285 0.962583 0.239725 1.07922 0.591703 0.708923 0.310142 0.917838 0.600322 0.498692 0.321538 0.205389 0.126432 0.920461 0.376128 1.00016 0.924123 0.572093 0.382669 0.856368 0.362881 0.422908 0.207931 0.163276 0.758721 1.04293 0.675903 0.897039 0.786399 0.183186 0.687659
0.944696 0.350082 0.294684 0.685048 0.421484 0.471231 0.566318 0.270639 0.962546 0.600918 0.187236 0.946871 0.977112 0.842568 1.11935 0.788669 0.972699 0.877957 0.874252 0.191384 0.821901 0.581581 0.999632 0.463297 0.58845 0.776 0.303192 0.236816 1.02007 1.03503 0.47794 0.130835 0.559086 0.718732 0.255685 1.12929 0.726648 0.789104 0.606538 1.1534 0.953603 0.492273 0.51506 0.767708 1.16756 1.2328 0.321506 1.04278 0.668843 0.695859 0.383407 0.954252 0.502621 0.79185 0.266981 0.178546 0.216353 0.709054 0.456601 0.909076 0.741808 0.85148 0.444534 0.955185 0.269121 0.583759 0.101519 0.0960863 0.797629 0.845488 0.730799 0.805727 0.652328 0.079046 0.80643
1.15919 0.343698 0.369458 0.611862 0.5176 0.606985 0.493859 0.280571 0.777834 0.71957 0.122253 0.963494 0.901205 0.955356 1.02196 0.600512 1.13044 0.821349 0.920241 0.155342 0.692044 0.67809 0.956032 0.20987 0.381559 0.661885 0.225284 0.396551 1.09122 0.960452 0.402663 0.202946 0.631042 0.482896 0.171673 1.17559 0.551841 0.927896 0.433706 0.92841 1.04793 0.489457 0.507135 0.824678 1.08172 1.13664 0.370906 1.0764 0.706198 0.726246 0.213648 0.854725 0.449643 0.684974 0.0977402 0.231402 0.338173 0.841889 0.509599 0.844812 0.764278 0.715917 0.402931 0.666188 0.297112 0.40908 0.157743 0.112839 0.824444 0.983491 0.744768 0.841729 0.668371 0.267222 0.573833
1.08452 0.363178 0.201545 0.849146 0.422751 0.389168 0.461586 0.275717 0.778499 0.812212 0.342911 1.15806 0.936601 0.867822 0.882758 0.744405 1.14444 1.04115 1.08252 0.151234 0.546667 0.605387 1.15373 0.31512 0.554297 0.723964 0.333221 0.279323 1.14945 0.97542 0.429056 0.00609342 0.599681 0.661229 0.318874 1.25789 0.671424 1.03337 0.37909 1.02656 0.982582 0.44497 0.68041 0.70478 1.16499 0.969895 0.183654 1.05929 0.491026 0.570344 0.330653 0.872352 0.581221 0.700258 0.204459 0.054816 0.1055 0.709225 0.24292 0.771689 0.756871 0.703535 0.175152 0.889651 0.323596 0.357328 0.0417472 0.163327 0.970842 0.938895 0.821843 0.842384 0.739293 0.237694 0.660559
1.08093 0.209405 0.444988 0.666506 0.511618 0.572746 0.29328 0.206139 0.850718 0.751083 0.192556 1.21201 0.852085 0.94164 0.990749 0.881832 0.941694 0.933741 0.886034 0.184034 0.698013 0.861354 0.915474 0.273744 0.382672 0.698829 0.102062 0.219214 1.01671 0.861092 0.57221 0.106095 0.673435 0.641702 0.203712 1.23766 0.593599 0.792712 0.444219 1.08045 0.821764 0.532947 0.742465 0.879413 1.02087 1.0189 0.286024 0.967712 0.545949 0.720552 0.138035 0.782925 0.408758 0.637889 0.177229 0.197041 0.162995 0.911601 0.460251 0.786267 0.838912 0.587173 0.235362 0.669061 0.248495 0.465121 0.0295842 0.323 0.798415 1.01698 0.562366 0.963765 0.739491 0.12277 0.678652
0.946761 0.37514 0.324622 0.84315 0.422886 0.522533 0.559198 0.16563 0.834516 0.713384 0.177278 1.1956 0.969824 0.920594 0.919034 0.613463 1.20536 0.837712 1.00349 0.358188 0.761717 0.803003 0.94828 0.329344 0.352899 0.666847 0.223478 0.31619 0.998822 1.03304 0.564709 0.0379073 0.622441 0.634316 0.339106 1.03966 0.776695 0.900838 0.60902 1.12179 1.06762 0.451018 0.788245 0.787431 1.17779 1.21693 0.146395 1.10245 0.534385 0.589625 0.41255 0.841958 0.613833 0.744383 0.311258 0.0467254 0.0598658 0.913508 0.323448 0.85576 0.930463 0.641448 0.408571 0.886811 0.374913 0.501853 0.181226 0.341711 0.73125 1.02182 0.67008 0.976986 0.786271 0.279016 0.723184
1.13634 0.203135 0.391973 0.680738 0.562705 0.548899 0.353347 0.253982 1.01685 0.769341 0.22245 1.02943 1.05619 1.08269 1.11903 0.845834 0.928122 0.979275 1.00531 0.0961597 0.753734 0.864531 1.15642 0.453055 0.55653 0.681775 0.116673 0.396898 0.982533 1.04108 0.449243 0.00848015 0.487647 0.672008 0.174331 1.25 0.619669 1.0116 0.504825 0.945067 0.913682 0.420362 0.698072 0.846705 1.10812 1.2546 0.275974 1.12219 0.541512 0.605141 0.286659 0.805729 0.593085 0.58481 0.139495 0.0675311 0.22719 0.92688 0.489367 0.76759 0.725295 0.833302 0.19882 0.908738 0.272249 0.339658 0.160442 0.287422 0.946186 1.07512 0.671358 0.920054 0.643378 0.130247 0.707039
1.13046 0.410937 0.178083 0.679677 0.592358 0.41725 0.327741 0.295238 0.953314 0.770723 0.269595 1.17622 0.933552 1.11846 1.13345 0.849166 1.00354 0.990338 1.13189 0.243292 0.625696 0.854019 1.11332 0.351194 0.344951 0.653813 0.104366 0.33267 1.18778 0.806606 0.605497 0.215855 0.527506 0.625676 0.136531 1.14568 0.807135 1.01097 0.478935 1.04133 0.871124 0.346078 0.652747 0.687916 1.02751 1.09228 0.204207 0.94929 0.573002 0.78989 0.386212 0.731475 0.51584 0.522669 0.214408 0.156655 0.127865 0.801908 0.416818 0.993171 0.730581 0.658801 0.186814 0.831629 0.277281 0.489073 0.167578 0.332334 0.791772 0.788747 0.570336 0.89383 0.668155 0.209663 0.560731
