25 75
0.93656 1.20773 0.45236 0.467156 0.98482 0.933176 0.418484 0.181121 1.07812 0.993958 1.18744 0.815106 0.329591 0.831087 0.88514 1.15296 0.631967 1.04593 0.219535 0.366572 0.71017 0.506938 0.103201 0.704627 0.277139 0.603776 1.1858 0.175678 0.967924 0.73291 0.725789 0.165335 0.738587 1.05894 0.509924 0.814457 0.953464 0.338876 0.193115 0.675134 0.757241 0.575497 0.85187 0.492218 1.01813 0.526351 0.803119 1.10987 0.203887 0.806794 0.151588 0.825654 0.308699 0.235151 0.73859 0.307513 0.728845 0.782582 1.07963 0.306014 0.918158 0.126409 0.365661 0.306565 1.07228 0.751998 0.652946 0.221015 0.98482 0.425437 1.00302 0.602465 0.552783 0.518887 0.647703
0.666357 0.992131 0.221107 0.623308 0.742316 1.02701 0.420044 0.040789 0.903368 1.0583 1.17849 0.745485 0.391155 0.749085 0.870099 1.2317 0.499829 1.01134 0.337362 0.322368 0.639781 0.498371 0.253969 0.622685 0.172544 0.602017 1.19454 0.151859 0.897035 0.642253 0.669533 0.150726 0.845842 0.827931 0.472631 0.794782 0.825629 0.221765 0.269457 0.584044 0.836482 0.581705 0.899654 0.573305 1.0726 0.510984 0.617414 1.0694 0.141949 0.979433 0.203102 0.898983 0.349144 0.19527 0.744077 0.433022 0.716863 0.709152 0.990387 0.445327 1.12544 0.115855 0.143081 0.101858 1.04951 0.726418 0.628272 0.358407 0.903238 0.709072 0.950654 0.340455 0.586371 0.550624 0.714716
0.957112 1.1899 0.282089 0.608281 0.908145 1.02912 0.448953 0.135725 0.917581 1.06587 0.961455 0.630611 0.400107 0.67652 0.739798 0.988706 0.481351 0.914821 0.497152 0.340052 0.589978 0.643521 0.291644 0.708813 0.235442 0.776256 1.22272 0.2621 1.04971 0.630836 0.756309 0.289985 0.98645 0.979547 0.291089 0.881353 0.966185 0.356312 0.0343493 0.4794 0.626627 0.490578 0.869063 0.441261 1.12266 0.636573 0.728022 0.89744 0.351507 1.01687 0.183636 1.03182 0.307144 0.123759 0.662979 0.308833 0.880501 0.620575 0.958573 0.393755 1.04354 0.100195 0.181291 0.301629 0.93734 0.850317 0.513033 0.183058 0.828685 0.549581 1.04881 0.437186 0.577251 0.696931 0.57817
0.734049 1.13662 0.293774 0.587789 0.78051 0.957545 0.498848 0.268831 1.10678 0.961376 1.00825 0.869189 0.442301 0.649403 0.768404 1.00085 0.428022 0.896889 0.447393 0.157915 0.719266 0.545383 0.166299 0.7063 0.0869033 0.836607 1.28215 0.239331 1.00704 0.631999 0.650997 0.106827 0.788188 1.01874 0.479792 0.854902 0.746863 0.15371 0.160846 0.664222 0.898026 0.510526 1.00499 0.651248 1.07091 0.590032 0.693851 1.06308 0.283539 1.05411 0.137511 0.79867 0.287592 0.0384061 0.912372 0.312007 0.937609 0.771065 1.0714 0.210404 1.11224 0.114676 0.203094 0.141068 0.931968 0.887861 0.600321 0.34369 0.900434 0.639301 1.03532 0.456834 0.663915 0.611823 0.512072
0.869911 1.00055 0.353512 0.457769 0.819685 0.95026 0.371393 0.127414 1.12863 1.03161 1.18682 0.745567 0.188882 0.755918 0.667114 1.14412 0.489445 1.04388 0.438494 0.248974 0.595186 0.430641 0.154232 0.691441 0.334187 0.637604 1.14754 0.121888 0.961298 0.553394 0.641585 0.253839 0.746047 0.8439 0.354257 0.926489 0.937755 0.0976044 0.206492 0.571614 0.87545 0.61534 0.942243 0.499982 1.0028 0.669225 0.749846 0.901722 0.248727 0.98544 0.201291 0.886976 0.243171 0.217736 0.64155 0.234952 0.805059 0.710315 1.04029 0.270186 1.03949 0.0725573 0.368891 0.236966 1.0244 1.00332 0.397812 0.366258 1.051 0.539529 1.05208 0.475181 0.564705 0.745673 0.514565
0.850225 0.984874 0.246096 0.595742 0.98686 0.964579 0.541687 0.0249985 0.981025 0.98571 1.05979 0.884249 0.200353 0.899815 0.860328 0.993228 0.47603 1.08187 0.308767 0.256547 0.653464 0.460192 0.136669 0.893155 0.257131 0.8433 1.0992 0.0222685 0.959662 0.66647 0.725311 0.291195 0.82513 0.917455 0.454827 0.820009 1.02281 0.247643 0.078663 0.588304 0.691788 0.52565 1.07968 0.700672 1.04515 0.60607 0.789141 0.999783 0.233295 1.06542 0.219836 0.850309 0.391777 0.0267915 0.706882 0.255167 0.845739 0.728993 1.11488 0.495519 1.19327 0.127223 0.236078 0.152785 0.946804 0.913442 0.518861 0.160067 1.03194 0.477308 0.975109 0.52721 0.491378 0.483952 0.794898
0.689098 1.18487 0.45943 0.571917 0.979263 0.858554 0.280916 0.301746 1.04706 0.850844 1.03663 0.846467 0.202178 0.92314 0.781793 1.16358 0.497041 1.11988 0.3008 0.120892 0.540542 0.633889 0.126273 0.803465 0.325693 0.78319 1.06902 0.0260702 0.938274 0.710348 0.709877 0.184219 0.805906 1.04661 0.582419 0.933635 0.765926 0.259966 0.206069 0.499311 0.879883 0.565672 1.05554 0.654268 1.12444 0.60139 0.520784 1.18911 0.105835 1.03811 0.222092 0.977858 0.324434 0.0465027 0.780693 0.385157 0.732529 0.745106 0.980152 0.315724 0.940081 0.165675 0.383544 0.214983 1.03404 0.809743 0.479967 0.28475 0.93835 0.612094 1.1209 0.612578 0.407108 0.712936 0.552171
0.77643 1.11158 0.418963 0.574343 0.814126 0.798311 0.454301 0.227634 1.05472 1.01099 1.08532 0.725956 0.218475 0.942138 0.778191 1.21608 0.597595 1.03603 0.408458 0.34231 0.778938 0.502841 0.20713 0.859798 0.343842 0.824688 1.18943 0.0089444 1.00685 0.699528 0.900448 0.220997 0.966847 1.0588 0.386969 0.896156 0.806518 0.15495 0.124123 0.542775 0.897773 0.469891 1.01385 0.571298 1.09159 0.677058 0.631333 1.16038 0.343399 0.868779 0.240624 1.03592 0.267996 0.136964 0.796428 0.43937 0.844845 0.674412 0.925093 0.367528 0.926738 0.0746186 0.092168 0.136076 0.973167 0.983497 0.497916 0.261739 1.00172 0.538663 0.901766 0.533235 0.605977 0.673156 0.581386
0.919461 1.14356 0.192443 0.657033 0.896698 0.830871 0.471233 0.223864 1.03398 0.850252 1.19425 0.798078 0.409688 0.903762 0.851871 1.25727 0.450239 1.11328 0.360167 0.346631 0.597768 0.467001 0.16783 0.845808 0.135566 0.791891 1.05237 0.282692 1.01597 0.483359 0.833284 0.0921832 1.00534 1.01104 0.549731 0.819863 0.884416 0.168774 0.162881 0.414537 0.746614 0.393571 1.10013 0.662059 0.998117 0.551479 0.779961 1.09972 0.0664667 0.868479 0.367535 0.804106 0.386954 0.134881 0.725295 0.451894 0.760623 0.684188 1.06792 0.232275 1.19628 0.117068 0.312564 0.169418 1.00728 0.771244 0.533476 0.265087 1.05244 0.568492 0.995078 0.472245 0.415009 0.761178 0.805279
0.689719 1.10814 0.244059 0.430024 0.904677 1.04266 0.506088 0.280239 1.10095 0.778266 1.20745 0.636079 0.46717 0.773429 0.903129 1.14424 0.342817 1.09108 0.287636 0.363139 0.701049 0.383828 0.114524 0.875392 0.128131 0.724743 1.02066 0.0885864 0.961623 0.527696 0.890794 0.189714 0.912696 1.03937 0.45022 1.06617 0.968572 0.1984 0.163365 0.660946 0.82817 0.391415 0.863161 0.643655 0.934433 0.561672 0.555638 1.15087 0.129397 0.870461 0.328978 1.00792 0.21256 0.0937523 0.814797 0.350545 0.889973 0.782488 1.0551 0.364712 1.07234 0.224112 0.35288 0.311495 0.946362 0.948169 0.445659 0.178576 0.856896 0.562517 0.940513 0.535455 0.582538 0.536947 0.551917
0.934522 0.934526 0.23975 0.489826 0.79861 0.94086 0.557135 0.239006 0.907541 0.938615 0.959857 0.817218 0.308437 0.776975 0.818495 1.20079 0.352008 0.91349 0.349325 0.201845 0.545018 0.392302 0.211505 0.894807 0.183151 0.587258 1.02279 0.13392 0.889718 0.505088 0.856152 0.38521 0.855326 0.968658 0.43603 0.919192 0.827298 0.253251 0.297164 0.403092 0.904728 0.528305 0.952001 0.434651 0.996332 0.677767 0.785351 0.899088 0.215178 0.876061 0.258212 0.905353 0.238473 0.214209 0.824658 0.464754 0.815444 0.578891 0.862292 0.377321 1.12306 0.322489 0.126876 0.0712352 0.835512 0.738377 0.355734 0.150342 1.01967 0.718601 1.02803 0.368056 0.599249 0.559392 0.664309
0.779273 0.983467 0.398216 0.464642 0.979545 0.96816 0.501598 0.249402 1.00586 0.794225 1.22459 0.909762 0.214434 0.933532 0.85513 0.983501 0.477296 1.0379 0.471222 0.314684 0.647835 0.635707 0.238956 0.709736 0.244938 0.782446 1.02719 0.0305869 1.04509 0.682148 0.636756 0.266199 0.900445 1.04963 0.47274 0.993035 0.973255 0.302009 0.0685819 0.555582 0.620282 0.64652 1.04184 0.559829 1.02158 0.754595 0.780862 1.00906 0.162488 1.01536 0.128207 0.849894 0.339887 0.130201 0.819051 0.23291 0.786444 0.59406 1.06104 0.277349 0.926182 0.116612 0.384408 0.177242 0.937491 0.928413 0.633147 0.350283 0.931914 0.478157 0.877592 0.558998 0.676396 0.682142 0.602442
0.733077 1.14761 0.312118 0.659072 0.945152 0.810195 0.279775 0.109625 1.04052 0.989839 0.949979 0.859328 0.255874 0.747931 0.880199 1.24397 0.619663 0.996398 0.297888 0.223499 0.686385 0.531955 0.260361 0.668684 0.146484 0.841009 1.15571 0.144784 0.856342 0.703727 0.898692 0.196206 0.785256 1.01226 0.373736 0.981246 0.824847 0.283238 0.301859 0.692325 0.864694 0.42288 0.85104 0.555469 0.872193 0.771406 0.720455 0.978596 0.185032 0.839379 0.166343 0.828222 0.206872 0.0224221 0.705224 0.414076 0.891064 0.812765 0.982744 0.355954 1.05908 0.234022 0.0862705 0.269201 1.11083 0.947479 0.364246 0.362189 1.03224 0.483382 1.13678 0.345165 0.638666 0.544663 0.661095
0.856729 0.936103 0.320949 0.576964 0.70594 0.851279 0.285104 0.0730114 0.953959 0.969826 1.00751 0.709074 0.269613 0.694334 0.752661 1.21854 0.590385 1.0421 0.248687 0.360258 0.743088 0.549869 0.199906 0.863037 0.180796 0.743845 1.03611 0.215228 1.0227 0.611067 0.780004 0.126168 0.827705 0.92314 0.427286 1.03996 0.780243 0.158985 0.151129 0.459712 0.893493 0.454973 0.837638 0.609235 1.04625 0.527787 0.58247 1.04889 0.194526 1.01146 0.156204 0.776048 0.265137 0.102978 0.670039 0.25412 0.68897 0.567899 1.04458 0.256866 0.951521 0.355187 0.187139 0.268133 0.872205 0.778199 0.532667 0.243003 0.860475 0.614297 0.954393 0.326056 0.626977 0.575849 0.626261
0.964118 1.06298 0.198253 0.665839 0.693111 0.800729 0.498413 0.0392586 0.997638 0.79557 0.986031 0.788541 0.390162 0.894866 0.76456 1.06192 0.565699 1.11412 0.40281 0.132848 0.593999 0.443699 0.15784 0.642089 0.143709 0.659481 1.23932 0.206829 0.925249 0.703925 0.765452 0.142763 1.02272 1.01141 0.327509 0.973775 0.921065 0.105123 0.189749 0.469451 0.810332 0.475046 1.10768 0.594059 1.10498 0.542234 0.520285 1.02905 0.0929676 1.04035 0.408728 0.826351 0.437297 0.215012 0.782384 0.30786 0.862024 0.750472 0.966104 0.465898 0.97583 0.240951 0.235063 0.176913 0.955922 0.743911 0.615868 0.196369 0.913061 0.454624 0.876621 0.409862 0.613218 0.560967 0.786819
0.673654 1.03621 0.307292 0.379044 0.846282 0.784108 0.551418 0.215789 0.876703 0.83817 0.984113 0.674356 0.289202 0.906827 0.740224 1.19005 0.357003 0.936337 0.291201 0.186555 0.720376 0.39667 0.333891 0.857144 0.341693 0.606891 1.07107 0.28025 0.950028 0.479779 0.657327 0.131406 0.774753 0.8706 0.453404 1.04982 0.793603 0.192057 0.253536 0.532531 0.899967 0.593528 0.88067 0.482629 1.13816 0.607883 0.669687 1.15677 0.234995 0.831536 0.320371 0.804309 0.371795 0.0243148 0.793733 0.227999 0.904651 0.69864 0.854807 0.225078 1.16508 0.111519 0.299589 0.200341 1.01749 0.957282 0.478283 0.329617 1.03366 0.492322 1.14742 0.329942 0.595108 0.701541 0.78595
0.785186 0.973319 0.444617 0.485816 0.780904 0.938681 0.325385 0.0504147 0.874282 1.06614 0.997056 0.716058 0.182403 0.783443 0.812697 1.09218 0.435742 1.02153 0.445973 0.261989 0.693887 0.53175 0.135025 0.681677 0.331944 0.595093 1.01414 0.0718919 0.997345 0.614905 0.686079 0.314887 0.982185 0.843898 0.47646 1.02708 0.845732 0.193376 0.274284 0.575887 0.699617 0.353724 1.03507 0.439816 1.10255 0.537702 0.739733 0.958221 0.278835 0.948098 0.157473 0.790911 0.435873 0.0177777 0.692991 0.48095 0.875759 0.774743 0.868946 0.208415 1.10213 0.100724 0.298352 0.245498 1.06837 0.759169 0.539433 0.37594 0.880942 0.44221 1.00294 0.414959 0.567014 0.641475 0.728586
0.778428 1.00807 0.347217 0.495599 0.740793 0.88124 0.492114 0.229737 1.04948 0.936411 1.04157 0.67637 0.199335 0.767375 0.775077 1.18557 0.443938 1.14048 0.323917 0.396978 0.587809 0.502747 0.202723 0.881942 0.218205 0.797945 1.09352 0.0296365 1.08031 0.736979 0.858161 0.17252 0.871807 0.876361 0.527752 1.02874 0.825887 0.106091 0.150361 0.700561 0.661208 0.638859 0.883763 0.475426 0.967972 0.739609 0.764043 0.977458 0.299974 1.02162 0.288047 0.819018 0.431613 0.123145 0.675393 0.310562 0.94244 0.786182 1.03967 0.316299 1.00311 0.172541 0.235943 0.287097 0.923894 0.860525 0.5845 0.332646 0.972422 0.433756 1.09082 0.58579 0.404243 0.659748 0.61077
0.796119 1.08468 0.409668 0.508858 0.843448 1.01723 0.292487 0.274289 0.960167 0.809391 1.13498 0.638477 0.383282 0.677461 0.699243 1.02565 0.533026 1.06983 0.459714 0.335968 0.642012 0.409229 0.101172 0.766777 0.236497 0.6876 1.04601 0.291657 0.835937 0.4864 0.848025 0.349554 0.782498 1.08281 0.513598 1.01313 0.834879 0.103784 0.0963308 0.441931 0.825943 0.414494 0.998582 0.677264 1.04602 0.532495 0.659836 0.953208 0.0674263 0.880813 0.358604 0.941087 0.150546 0.213259 0.747754 0.480088 0.680002 0.619658 1.04736 0.307183 1.02692 0.203509 0.234615 0.108986 0.998357 0.763732 0.36161 0.273591 0.811052 0.444481 0.978146 0.465458 0.575406 0.584488 0.611732
0.837813 1.22445 0.480878 0.599929 0.706222 0.916109 0.552293 0.27867 0.842373 0.984782 1.04375 0.658111 0.274301 0.779716 0.705497 1.24039 0.592856 1.11 0.408418 0.197192 0.622964 0.37624 0.336189 0.759087 0.297448 0.664669 1.2767 0.1624 0.910696 0.561169 0.723546 0.132251 0.731437 0.828177 0.538045 1.0196 1.0202 0.295585 0.0297485 0.638779 0.776552 0.487187 0.995104 0.613987 1.00843 0.638929 0.587756 1.10358 0.0684956 1.02008 0.289639 0.922256 0.326411 0.0748392 0.684792 0.266596 0.776493 0.713679 0.907615 0.269886 1.08441 0.16609 0.350303 0.282324 0.908044 0.895479 0.372312 0.275707 0.971738 0.681089 0.905108 0.454376 0.46715 0.643483 0.74089
0.852178 1.13728 0.214131 0.592628 0.757099 1.03464 0.525389 0.298721 0.875764 0.87498 1.09501 0.753029 0.332713 0.903782 0.744176 1.03991 0.526124 0.989422 0.269946 0.388642 0.773559 0.423749 0.223727 0.901342 0.329003 0.617827 1.20696 0.110552 0.991946 0.750036 0.642132 0.225462 0.773221 0.901151 0.368551 0.831834 1.01326 0.294206 0.17703 0.411011 0.678333 0.630231 0.987565 0.641288 0.899642 0.663452 0.646534 1.00478 0.130841 0.920538 0.266721 0.924097 0.39488 0.0323455 0.833737 0.247146 0.774453 0.586239 0.9152 0.37379 1.18654 0.320404 0.150296 0.1817 0.830219 0.752908 0.399823 0.42802 1.04199 0.522494 1.06898 0.589553 0.665461 0.520011 0.652859
0.813362 1.07583 0.249018 0.436221 0.815816 0.971242 0.358601 0.236474 1.07961 0.794195 1.10014 0.773764 0.227805 0.78921 0.822387 1.07148 0.470047 1.05771 0.211343 0.340395 0.620309 0.624854 0.240451 0.869443 0.239422 0.586296 1.13193 0.0704121 0.998433 0.58867 0.676928 0.204764 0.860618 0.908487 0.48069 0.83542 0.957337 0.245064 0.0601081 0.554649 0.8828 0.420209 1.04273 0.457216 1.00553 0.547777 0.588356 0.988303 0.0961667 0.995217 0.405627 0.84488 0.177975 0.156651 0.652868 0.415437 0.901816 0.813693 0.887946 0.221767 1.14192 0.151358 0.342848 0.122214 1.03511 0.908292 0.64393 0.353496 0.816952 0.628699 1.02864 0.53581 0.597059 0.703943 0.606682
0.900779 1.05864 0.269453 0.5052 0.835722 0.85087 0.295939 0.0957202 0.940776 0.804135 1.0003 0.888216 0.392238 0.936364 0.677561 1.14179 0.617263 0.898983 0.450444 0.307357 0.731354 0.428045 0.186837 0.763671 0.119761 0.74526 1.01402 0.0543369 0.9072 0.586945 0.881499 0.349485 0.903057 1.0721 0.412454 1.07328 0.940884 0.0930888 0.100405 0.640793 0.730725 0.581764 0.964482 0.530764 1.03089 0.749084 0.747128 0.969252 0.341295 0.943873 0.298307 0.934485 0.251171 0.0243625 0.85962 0.285898 0.699979 0.823919 0.88215 0.343272 0.957414 0.21564 0.367452 0.243956 0.927902 1.02085 0.559611 0.371145 1.03622 0.584577 1.10666 0.536711 0.496014 0.577859 0.510423
0.815433 1.05853 0.221171 0.564422 0.884535 0.833541 0.263412 0.178447 0.85028 0.899587 1.1043 0.871317 0.213668 0.853704 0.798517 0.98464 0.459251 0.976957 0.362755 0.385614 0.694184 0.380089 0.0848816 0.742291 0.323085 0.621114 1.18638 0.0308115 0.849544 0.747638 0.662743 0.233272 0.867223 0.852744 0.520178 0.821696 0.756044 0.110161 0.249006 0.596557 0.627258 0.393664 0.959645 0.623325 0.890222 0.63977 0.586756 1.03348 0.155789 0.800525 0.158381 0.860106 0.304258 0.0418737 0.739082 0.334668 0.807968 0.669938 1.01176 0.312643 1.15191 0.170133 0.267688 0.268132 0.95069 0.722148 0.467252 0.312658 1.01964 0.525011 1.05311 0.402515 0.474669 0.642281 0.720759
0.712611 1.13722 0.48129 0.459775 0.870867 0.798619 0.378269 0.0615901 0.983467 0.956647 0.993204 0.782638 0.334382 0.892309 0.778139 1.12425 0.580457 1.10255 0.445575 0.369832 0.773752 0.559745 0.176486 0.750644 0.152277 0.846268 1.27542 0.0805991 0.929168 0.622289 0.853631 0.262485 1.02613 1.09343 0.432949 1.07289 0.760181 0.144233 0.317072 0.557877 0.665824 0.412108 0.83214 0.518511 1.11899 0.63385 0.708159 1.09813 0.308546 0.944258 0.170596 0.930027 0.339958 0.0148615 0.836875 0.347746 0.758773 0.561149 1.09234 0.257533 1.02923 0.264057 0.225564 0.197012 1.07811 0.867325 0.57295 0.195851 1.06858 0.565929 1.06309 0.524037 0.397445 0.74208 0.756369
