25 75
0.654699 0.445704 0.509052 0.804175 0.299268 1.19613 0.0807104 0.971443 0.859049 0.211804 0.380738 0.709837 0.726716 1.11683 0.9982 0.572474 0.19926 0.845427 0.181687 0.455979 0.174333 0.844354 0.229699 0.273199 0.269339 0.373576 1.1443 0.52396 1.02116 0.82049 0.653631 0.8511 0.461782 0.991786 0.229115 0.351498 0.507736 0.376968 0.627986 1.10935 0.985827 1.07529 0.858452 0.833957 1.1466 1.08964 0.734639 1.11131 0.640392 0.851474 0.34177 0.576266 0.450491 0.337154 0.586142 1.01309 0.372084 0.812931 1.00352 0.660522 1.1767 0.899068 1.18759 0.412739 0.985943 0.42874 0.443145 0.511817 0.810734 0.731793 0.101115 0.647994 0.857649 0.456689 0.338163
0.870108 0.585048 0.603158 0.760336 0.372241 1.14885 0.0820216 0.841997 0.785036 0.142218 0.165347 0.583637 0.882936 1.09463 1.08801 0.593885 0.142496 0.868937 0.150356 0.474228 0.173581 0.815163 0.510128 0.270513 0.294529 0.552908 0.946085 0.724567 0.924543 0.755166 0.462937 0.815499 0.625761 1.09067 0.00320191 0.459763 0.266584 0.413618 0.556541 1.04361 0.857782 1.02799 0.836541 0.86753 1.0818 1.24566 0.861087 0.918726 0.50769 0.900588 0.395784 0.551143 0.291796 0.259013 0.505715 1.08358 0.372362 0.928471 1.17144 0.626209 1.01265 0.921997 1.05553 0.449472 1.04146 0.568366 0.467984 0.267096 0.746483 0.807771 0.275921 0.574459 0.893635 0.632422 0.565361
0.711537 0.676582 0.615302 0.847853 0.284057 1.0835 0.105809 0.765792 0.837004 0.242159 0.274462 0.453115 0.795947 0.887988 1.04842 0.538156 0.142456 0.826619 0.303835 0.360333 0.321552 0.697401 0.414062 0.279538 0.271409 0.408887 1.03772 0.532092 1.0304 0.730956 0.477083 0.731557 0.697319 0.989667 0.1324 0.436541 0.401659 0.298345 0.710895 0.85038 0.995865 1.00278 0.788551 1.03334 1.22272 1.12019 0.725677 1.03967 0.647061 0.938287 0.117423 0.729923 0.309731 0.303526 0.538041 0.871379 0.142646 0.764644 1.07927 0.835801 1.1024 0.910613 1.18843 0.214352 0.894431 0.447825 0.300596 0.386116 0.928866 0.719489 0.199674 0.576867 0.856742 0.642383 0.35584
0.789259 0.607799 0.417018 0.920324 0.135215 1.16738 0.0533268 0.87755 0.85674 0.116733 0.367325 0.423496 0.822649 0.86585 0.986973 0.640741 0.221379 0.841014 0.10158 0.317836 0.2718 0.69084 0.426229 0.0909346 0.497443 0.340795 1.12194 0.464563 0.846444 0.778323 0.691012 0.786573 0.597821 0.923733 0.0988604 0.598351 0.455544 0.262639 0.451061 1.00148 0.875993 1.10086 0.82805 0.774964 1.25591 1.08103 0.637454 1.18022 0.520912 0.830844 0.233703 0.666856 0.466462 0.300518 0.545559 1.06537 0.408632 0.862437 1.25968 0.644382 0.991562 0.888924 1.00393 0.299708 0.940373 0.5537 0.429423 0.459962 0.782804 0.643374 0.219902 0.533848 0.736209 0.661177 0.494595
0.900841 0.647993 0.526592 0.945715 0.231183 0.974645 0.147799 0.848319 0.755511 0.232213 0.210233 0.518995 0.87229 0.926257 0.881956 0.79292 0.297414 0.995691 0.158276 0.30714 0.181962 0.769138 0.397115 0.0058556 0.544725 0.571373 1.18324 0.568223 0.873416 0.857177 0.511211 0.764823 0.684795 1.13567 0.267726 0.565117 0.380625 0.396239 0.65138 1.13639 0.767154 1.27146 1.03708 0.929631 1.0841 0.98871 0.869748 1.07733 0.632081 0.716139 0.209388 0.773808 0.341154 0.342968 0.391353 0.976375 0.165446 0.971639 1.14943 0.598345 1.00442 0.817676 0.925994 0.347161 1.018 0.503036 0.310095 0.374025 0.900938 0.570157 0.24817 0.716293 0.6913 0.652374 0.598568
0.753927 0.678877 0.443988 0.929195 0.20142 1.19796 0.197009 1.00614 0.94025 0.298549 0.128738 0.59762 0.805348 0.904119 1.02643 0.75151 0.272823 0.81218 0.223831 0.389527 0.0634729 0.783753 0.291866 0.170573 0.548929 0.51355 1.15464 0.499065 0.928956 0.762392 0.6167 0.788566 0.614682 0.994665 0.263244 0.456921 0.406037 0.378747 0.594399 1.06158 0.747508 1.17536 0.96002 1.04442 1.03749 1.01701 0.875136 1.17088 0.37176 0.704544 0.26338 0.706394 0.497034 0.175661 0.551762 0.834537 0.411823 0.814153 1.24873 0.766053 0.953747 0.84716 1.14428 0.265858 1.01702 0.395596 0.494811 0.372052 0.911507 0.859252 0.235116 0.719235 0.603716 0.646822 0.347255
0.798432 0.564754 0.40838 0.796573 0.284022 0.984067 0.192534 0.81828 0.95099 0.0892964 0.274839 0.562331 0.850232 1.00243 0.898621 0.644 0.127669 0.957615 0.238025 0.229326 0.113942 0.878667 0.466271 0.293613 0.271418 0.491343 1.21235 0.626569 0.897029 0.91596 0.464525 0.890258 0.714162 1.07005 0.0516297 0.548233 0.254287 0.432216 0.560615 1.06496 0.799997 1.00032 1.05937 1.04316 1.17169 1.0263 0.930206 0.939578 0.655251 0.706999 0.201402 0.807766 0.487492 0.256204 0.469596 1.04945 0.224344 0.948249 1.01481 0.803423 1.18122 0.762201 1.13474 0.353021 1.09108 0.36271 0.317267 0.54767 0.765935 0.679947 0.251044 0.590245 0.625024 0.532723 0.364571
0.778639 0.556067 0.471697 0.956083 0.303439 1.11797 0.177992 0.901379 0.870958 0.174872 0.225969 0.415419 0.883015 0.925916 0.89448 0.639536 0.384198 0.966058 0.321508 0.383796 0.144528 0.600222 0.244821 0.213646 0.345525 0.361714 1.02593 0.538927 0.914709 0.958642 0.657035 0.653076 0.532732 1.18768 0.0109275 0.59137 0.347422 0.468951 0.4908 0.988409 0.851712 1.07063 1.07368 0.826544 1.04072 1.17467 0.783747 1.05781 0.38291 0.777463 0.340811 0.576784 0.542938 0.343138 0.568065 1.02241 0.266791 0.856417 1.27377 0.731874 1.12693 0.814114 1.12349 0.211659 1.00529 0.584778 0.302516 0.423253 0.835869 0.712679 0.319634 0.553122 0.722879 0.595935 0.616802
0.811678 0.582278 0.406971 0.691387 0.353728 1.09112 0.278719 0.784172 0.813873 0.09107 0.215804 0.54277 0.93551 1.10727 1.11879 0.580002 0.10932 0.871723 0.0867311 0.252061 0.144711 0.707455 0.383217 0.0337403 0.555681 0.597914 1.18147 0.547291 0.880202 0.694968 0.555631 0.873642 0.561848 0.995815 0.278957 0.448832 0.518072 0.255278 0.635039 1.05241 0.9226 1.17302 1.05272 0.923721 1.20012 1.01658 0.850731 1.13672 0.416137 0.825378 0.133071 0.833886 0.352177 0.188529 0.362456 0.837871 0.273045 0.789651 1.12018 0.838598 1.1817 0.959173 0.922663 0.283525 1.15289 0.578611 0.448523 0.388128 0.764342 0.684745 0.320321 0.78949 0.63029 0.467475 0.472752
0.628909 0.650753 0.488781 0.921987 0.336127 1.00498 0.19516 0.885084 0.792638 0.147594 0.137288 0.431419 0.909499 0.95698 1.07981 0.585249 0.100553 0.844423 0.339853 0.452097 0.176775 0.672968 0.325926 0.0959973 0.323347 0.390122 1.16976 0.703104 0.879646 0.921504 0.696866 0.781084 0.704801 1.1302 0.00419649 0.603667 0.30495 0.264787 0.502778 0.99787 0.963691 1.01949 0.866965 0.855986 1.07602 1.18551 0.895175 0.952698 0.538818 0.922501 0.116704 0.603407 0.39431 0.320333 0.352623 1.08984 0.264966 0.780419 1.01763 0.748349 1.04286 0.837061 1.01449 0.454653 1.07892 0.354852 0.377533 0.390638 1.00026 0.776718 0.146632 0.634999 0.775028 0.460827 0.623307
0.621904 0.663523 0.560598 0.76881 0.346712 1.12512 0.246986 0.821887 0.970714 0.285293 0.115052 0.566881 0.844205 0.899507 0.901574 0.632086 0.284204 1.00864 0.131673 0.268253 0.0926819 0.781932 0.388799 0.268141 0.487012 0.588305 1.17291 0.661056 1.04096 0.774589 0.694437 0.638072 0.635322 1.02774 0.10708 0.5323 0.363353 0.207645 0.600247 0.886429 0.777727 1.14081 0.876294 0.849266 1.11715 0.997955 0.918059 0.948716 0.403829 0.959585 0.169089 0.636388 0.50389 0.298476 0.418498 0.832703 0.350148 0.772669 1.17445 0.823655 0.923253 0.933454 0.953571 0.304104 1.02845 0.550412 0.526152 0.516797 0.804826 0.865815 0.140581 0.690479 0.846391 0.532335 0.489844
0.802131 0.74398 0.50656 0.74623 0.271933 1.00232 0.109049 1.05758 0.802378 0.18748 0.203154 0.426207 0.74227 1.13733 0.94489 0.77839 0.263235 0.855082 0.242281 0.418297 0.28341 0.739961 0.321484 0.206526 0.446839 0.399825 0.989251 0.548466 0.838972 0.704538 0.555862 0.715351 0.660261 1.08996 0.0682206 0.572242 0.424074 0.216566 0.550558 0.977001 0.861548 1.11179 0.949698 0.915591 1.02566 1.25602 0.85204 0.8953 0.43173 0.769097 0.322261 0.666698 0.297269 0.261522 0.382904 0.866995 0.211843 0.772333 1.06741 0.789637 0.98496 0.80966 1.01191 0.429045 1.00105 0.463093 0.386731 0.527802 0.871264 0.699837 0.0642452 0.668911 0.891066 0.50861 0.621933
0.68371 0.452961 0.509373 0.92126 0.137918 0.943078 0.109833 0.92547 0.754064 0.11947 0.2357 0.504224 0.73195 0.918389 0.995976 0.673295 0.27968 0.766 0.219826 0.315883 0.121801 0.641839 0.225048 0.0429759 0.416008 0.414136 0.953241 0.517025 0.974853 0.950207 0.709605 0.867203 0.577489 1.07502 0.0636307 0.475873 0.241651 0.279699 0.692813 1.07759 0.947736 1.10221 0.851873 0.7997 0.998877 1.21151 0.678892 0.905057 0.575558 0.835937 0.212513 0.66218 0.385248 0.147166 0.565622 0.948736 0.358023 0.716706 1.0941 0.813767 1.11744 0.792539 0.923063 0.439046 1.00368 0.426849 0.269039 0.486299 0.914734 0.591712 0.233574 0.573452 0.802262 0.538969 0.591991
0.856979 0.685863 0.549427 0.941372 0.314381 1.1467 0.273927 0.893123 0.898969 0.304301 0.352925 0.431514 0.987969 0.99767 0.98492 0.718052 0.199584 0.792716 0.104566 0.468055 0.293728 0.750201 0.250021 0.036887 0.439827 0.625851 1.05915 0.501319 1.0758 0.779636 0.626454 0.822106 0.661378 1.186 0.0610392 0.425779 0.296818 0.315476 0.739749 1.01211 0.922091 1.02155 0.821079 0.91854 1.08711 1.12369 0.858883 1.10583 0.425883 0.693014 0.365883 0.756413 0.551234 0.42302 0.341598 0.97796 0.126284 0.882548 1.25716 0.797445 1.15414 0.971502 1.02546 0.447832 0.948788 0.338011 0.399047 0.555486 0.831766 0.576056 0.260977 0.575826 0.742155 0.646933 0.563461
0.81721 0.59735 0.502878 0.69503 0.386379 0.959006 0.25577 0.988362 0.828194 0.0974796 0.219436 0.556927 1.01822 1.06145 1.14884 0.682444 0.264817 0.760248 0.33121 0.483817 0.0684616 0.643931 0.290484 0.251397 0.540218 0.590512 1.16806 0.554081 0.884912 0.934993 0.728132 0.91347 0.499367 1.12868 0.271303 0.567996 0.257237 0.345753 0.481726 0.988804 0.785907 1.07568 0.814999 0.814543 1.03866 0.959796 0.775362 1.15867 0.377768 0.875671 0.255918 0.702209 0.488551 0.314499 0.61967 0.835246 0.387522 0.732959 1.07577 0.757762 0.994545 0.789781 1.04334 0.266022 1.04133 0.372391 0.533347 0.399864 0.76408 0.738663 0.287052 0.817274 0.677152 0.633184 0.45839
0.789787 0.515446 0.416496 0.977427 0.177974 1.08278 0.199159 0.884007 0.861883 0.283151 0.222745 0.642454 0.925689 0.979486 0.921387 0.695026 0.329901 0.81603 0.290491 0.403076 0.194955 0.697126 0.335085 0.077143 0.425387 0.610343 0.949732 0.456714 0.922145 0.936355 0.513588 0.778877 0.47657 0.935911 0.119938 0.433333 0.423361 0.354466 0.562623 1.04972 0.875307 1.00963 0.999762 0.932741 0.979284 1.01639 0.83955 1.05376 0.588771 0.760546 0.158245 0.813307 0.297208 0.297316 0.480145 0.839483 0.246212 0.932866 1.17612 0.737447 1.1563 0.709095 1.11058 0.354611 0.93816 0.512481 0.441369 0.366234 0.767192 0.827351 0.227282 0.751329 0.837738 0.615868 0.373262
0.648582 0.685312 0.58505 0.787166 0.300806 0.974772 0.19896 0.857437 0.833224 0.176927 0.230698 0.436472 0.860037 1.08352 1.15642 0.743265 0.128981 0.86828 0.221006 0.342612 0.230961 0.798864 0.481095 0.130753 0.305792 0.337342 1.14222 0.627873 0.826626 0.904944 0.589613 0.81464 0.428888 1.18358 0.0372252 0.623155 0.365458 0.446555 0.723578 0.85276 1.03655 1.20199 0.829467 0.961141 1.07657 1.05302 0.873076 1.16766 0.394697 0.869103 0.245757 0.837339 0.335362 0.205246 0.587742 0.845848 0.402486 0.707624 0.995958 0.605422 1.16223 0.866409 1.07614 0.453247 0.982063 0.405122 0.450308 0.48039 0.860416 0.689846 0.294292 0.64924 0.833565 0.51565 0.415267
0.872958 0.546318 0.517593 0.923104 0.309088 1.10423 0.0638516 0.772718 0.858516 0.0759074 0.375157 0.532679 0.742511 1.03847 1.07031 0.674064 0.126572 0.842531 0.346665 0.511544 0.274559 0.721249 0.418231 0.255371 0.408003 0.445461 1.21814 0.548016 1.03724 0.691894 0.656101 0.903003 0.461969 0.934507 0.244241 0.49936 0.328209 0.238983 0.729586 0.951593 0.775006 1.21223 0.913862 0.791258 0.979384 0.992969 0.851113 0.90244 0.413833 0.937052 0.127698 0.67217 0.340457 0.268585 0.598081 0.919816 0.367449 0.964475 1.04087 0.581803 0.964592 0.955555 1.02768 0.331373 0.883049 0.440906 0.310808 0.546839 0.796638 0.584087 0.19555 0.75003 0.68298 0.507385 0.488034
0.727008 0.574402 0.500974 0.774075 0.171964 1.01595 0.0776937 0.822044 0.891109 0.290334 0.152153 0.493253 0.930139 1.11244 1.05402 0.66895 0.190934 0.887107 0.204395 0.450922 0.0965727 0.63084 0.290914 0.157088 0.406489 0.617741 0.938828 0.591796 0.946728 0.812617 0.643059 0.645863 0.58689 1.05258 0.105713 0.45223 0.380018 0.387774 0.566336 1.12837 0.957045 1.17151 0.952759 0.849198 1.07407 1.25275 0.806801 0.944442 0.361647 0.919543 0.413946 0.554902 0.388851 0.34512 0.604623 0.845237 0.270724 0.79955 1.20917 0.585004 1.09575 0.885136 1.01899 0.496089 1.04765 0.551641 0.420462 0.330618 0.818894 0.652782 0.322616 0.691448 0.609546 0.37871 0.362466
0.71853 0.568238 0.622424 0.887929 0.310592 1.05878 0.247188 0.817387 0.996702 0.0986918 0.323156 0.487848 0.976199 1.13832 1.13595 0.732597 0.0919775 1.00219 0.182159 0.324452 0.0663987 0.808188 0.501942 0.197401 0.415822 0.375036 1.04708 0.574367 0.820962 0.734681 0.549151 0.673704 0.467955 1.13803 0.0735175 0.463609 0.494574 0.482374 0.730773 0.884769 0.926755 0.992789 0.903044 0.929323 1.241 1.01314 0.76825 1.09977 0.604516 0.723026 0.379892 0.685625 0.485677 0.135097 0.549335 1.0662 0.364182 0.838083 1.11686 0.807802 1.04936 0.944815 1.14495 0.325578 1.05602 0.586829 0.3783 0.348381 0.83193 0.638126 0.290054 0.810959 0.887093 0.451906 0.51642
0.674203 0.697732 0.406483 0.891076 0.321219 0.95753 0.195053 0.769126 1.02723 0.294043 0.2729 0.531942 0.817458 0.864844 1.04717 0.66785 0.132506 0.743556 0.0705433 0.363059 0.105278 0.860515 0.351491 0.159122 0.310901 0.545024 1.15929 0.499132 1.005 0.702932 0.705545 0.91416 0.535324 1.11712 0.283282 0.480317 0.336312 0.209718 0.47172 0.929483 0.805992 1.26085 1.04965 0.889676 1.01478 1.0101 0.768477 1.11281 0.456938 0.855081 0.403379 0.698887 0.46804 0.199996 0.452781 1.03568 0.299003 0.701312 1.22497 0.790574 1.00619 0.950007 1.16855 0.387891 0.94374 0.585077 0.537532 0.548397 0.870345 0.709934 0.324541 0.601451 0.7217 0.503872 0.546622
0.674642 0.60961 0.601347 0.909373 0.248244 1.10862 0.125254 0.838169 0.868553 0.295537 0.246162 0.580377 0.962711 1.07961 1.13256 0.814784 0.167335 0.860597 0.133722 0.292488 0.282074 0.591896 0.273138 0.194916 0.41904 0.477831 1.01653 0.733208 0.871535 0.955621 0.688533 0.76756 0.456811 1.07077 0.07276 0.343124 0.365617 0.279669 0.635611 0.996829 0.951138 1.20227 1.08192 0.979239 1.14249 1.25462 0.900929 1.134 0.560362 0.87185 0.207553 0.611772 0.322423 0.361981 0.438839 1.09023 0.188935 0.928459 0.993277 0.711197 1.04755 0.854421 0.953508 0.454098 1.09364 0.606194 0.415912 0.534808 0.856561 0.705535 0.346012 0.61138 0.692904 0.362417 0.407143
0.851132 0.712268 0.384361 0.851898 0.317073 1.06471 0.276331 0.895325 0.987603 0.268948 0.370319 0.643988 0.863021 0.922719 0.940108 0.74416 0.386262 0.746845 0.210775 0.435638 0.312991 0.856236 0.346025 0.103012 0.563809 0.547654 1.16062 0.553081 0.993147 0.753646 0.594541 0.756484 0.664793 1.09436 0.0244485 0.444821 0.420367 0.355027 0.57288 0.968552 0.850316 1.19547 0.996793 1.05519 1.25157 1.05863 0.889319 1.1884 0.63068 0.794224 0.363275 0.801227 0.549112 0.145971 0.595586 1.08254 0.310543 0.720283 1.08164 0.659536 1.12323 0.847501 0.952272 0.283162 0.945973 0.580348 0.316061 0.27401 0.900597 0.849675 0.350574 0.570202 0.782791 0.525669 0.624174
0.802552 0.529503 0.558729 0.757947 0.187768 1.06725 0.237349 1.00746 0.897298 0.0444579 0.218807 0.589115 0.831098 0.896768 0.960363 0.756459 0.230104 0.884424 0.261192 0.332801 0.213074 0.616172 0.322915 0.109297 0.314813 0.568414 0.937005 0.703136 1.07215 0.725529 0.687233 0.650683 0.552093 1.10988 0.0859391 0.43338 0.415817 0.254537 0.727476 0.880423 0.955682 1.19777 0.794552 0.855958 1.05409 1.04806 0.64254 1.09088 0.50488 0.840204 0.280113 0.766059 0.478244 0.398666 0.570973 1.08819 0.18694 0.791504 1.10947 0.619333 0.941097 0.914568 1.15362 0.462409 1.03478 0.523204 0.364684 0.432118 0.734635 0.86535 0.0628915 0.528207 0.756415 0.368809 0.330484
0.862613 0.621663 0.506875 0.704391 0.164444 0.947676 0.247309 0.778767 0.933045 0.0926579 0.395637 0.697797 0.97294 0.972151 0.9013 0.680051 0.211318 0.913297 0.359057 0.271036 0.338297 0.631422 0.463137 0.0273402 0.521444 0.525431 1.12687 0.667089 0.909964 0.799457 0.724669 0.802916 0.653632 0.934913 0.146576 0.556393 0.327913 0.372448 0.668829 0.903125 0.752963 1.17384 1.03923 0.808691 1.24366 0.998328 0.685383 1.05753 0.506572 0.858604 0.374076 0.634199 0.555384 0.263932 0.352724 0.949487 0.188329 0.863362 1.09182 0.867882 1.01509 0.779242 0.951296 0.299809 1.00955 0.501716 0.327383 0.489367 0.806459 0.824835 0.296722 0.640308 0.824078 0.4123 0.498309
