25 75
0.65237 0.679912 0.450618 0.817225 0.2443 0.864362 0.58327 0.868875 0.228957 0.566398 1.21498 0.552602 0.698655 0.323151 0.318866 1.10712 0.837739 0.540329 0.447763 1.03759 0.27663 0.4236 0.401788 0.690349 0.93916 0.306703 0.370703 0.227612 0.838789 0.491545 0.249262 0.54341 1.138 0.804005 0.633385 0.54864 0.305599 0.609234 0.715351 0.696804 0.655207 1.04638 0.96181 1.255 0.438195 0.378324 1.13576 0.820628 0.753209 0.987091 0.341134 1.01685 0.757019 0.55138 0.242328 0.319022 0.626333 0.896423 0.704422 0.239849 0.412941 0.442449 1.18134 0.910541 0.581178 0.323287 0.356866 0.338263 0.334972 1.11031 0.830001 0.617195 0.724157 1.0645 0.65495
0.632012 0.764305 0.477131 0.914413 0.372247 0.869622 0.682237 0.955731 0.280371 0.800654 0.982945 0.327049 0.724892 0.306277 0.248754 0.895809 0.91391 0.742653 0.381627 0.844216 0.254275 0.474189 0.484704 0.689318 1.00745 0.324848 0.437661 0.118459 0.797995 0.597202 0.264018 0.721441 0.984959 0.885716 0.650032 0.380107 0.446833 0.650099 0.709799 0.83348 0.560735 0.8805 0.826341 1.26627 0.326322 0.29789 1.17341 0.904128 0.653566 1.0155 0.559912 1.16515 0.749509 0.567497 0.139299 0.285007 0.596754 0.961487 0.669011 0.0955552 0.312067 0.308381 0.971051 1.10977 0.603634 0.339255 0.538018 0.209057 0.178578 1.17398 0.988725 0.407269 0.827186 0.973566 0.638387
0.60925 0.817957 0.612874 0.963047 0.289525 0.800487 0.465336 0.878207 0.140754 0.660842 1.11563 0.355503 0.79712 0.312851 0.341768 0.895468 0.822411 0.634351 0.398961 0.938618 0.291461 0.218857 0.536974 0.933912 0.987958 0.441904 0.176349 0.246361 0.819117 0.773044 0.18895 0.628393 1.15869 0.59086 0.706313 0.355199 0.325329 0.540293 0.825009 0.628472 0.695119 1.02529 1.01268 1.23395 0.381544 0.250611 0.972318 0.680187 0.735243 1.00103 0.436168 1.12612 0.953021 0.473782 0.145737 0.369467 0.520038 0.755759 0.795038 0.10205 0.347421 0.323443 1.0726 0.841151 0.672962 0.142945 0.373055 0.324818 0.262328 0.995634 0.766238 0.511173 0.803655 0.910322 0.649486
0.809247 0.624411 0.505892 0.944605 0.173411 0.884649 0.65688 0.822739 0.255177 0.711912 1.18476 0.586483 0.809118 0.219941 0.400809 0.937006 1.02257 0.717765 0.491438 0.936365 0.161925 0.205908 0.574315 0.912604 1.0477 0.398911 0.167386 0.154626 0.801026 0.677843 0.289181 0.621919 1.08412 0.650228 0.592595 0.569194 0.440221 0.612439 0.863197 0.644127 0.670684 0.916869 0.771532 1.07625 0.409127 0.430394 1.08663 0.857663 0.854354 1.08145 0.518785 1.25445 0.730629 0.597057 0.0911635 0.375719 0.46366 0.768225 0.760313 0.0598823 0.378232 0.211661 0.992795 0.827126 0.518282 0.400269 0.420654 0.163601 0.274799 1.09623 0.968671 0.535732 0.732554 0.804835 0.749526
0.846272 0.711752 0.495541 0.894868 0.435491 0.649628 0.657336 0.958221 0.304946 0.759961 1.06321 0.321642 0.73504 0.251595 0.294649 1.10507 0.815479 0.533119 0.588612 0.887326 0.20635 0.424585 0.405527 0.794811 1.06172 0.556664 0.419385 0.0680435 0.857083 0.75424 0.0889561 0.751292 1.25186 0.677922 0.520948 0.464847 0.446199 0.560116 0.834606 0.575424 0.625435 0.937563 1.01137 1.01773 0.479063 0.368173 1.22252 0.717853 0.691814 0.968972 0.590429 1.07844 0.898157 0.468147 0.343192 0.291131 0.534666 0.995772 0.707878 0.159521 0.334973 0.206849 1.08542 0.851712 0.578745 0.331126 0.404505 0.34318 0.396506 1.14236 0.778803 0.659426 0.754084 0.969128 0.545716
0.775056 0.838565 0.415626 0.951086 0.358667 0.637381 0.559106 0.91366 0.352933 0.593633 1.00745 0.517693 0.717431 0.227077 0.308576 0.920912 0.885718 0.598475 0.517273 0.879895 0.23853 0.23835 0.489165 0.890225 1.07966 0.41165 0.172443 0.299147 0.784901 0.656975 0.238482 0.53753 1.07647 0.877149 0.519956 0.421346 0.345045 0.745533 0.741733 0.543517 0.594145 0.954261 0.74403 1.06576 0.535406 0.358849 1.18734 0.73358 0.569653 0.84267 0.53632 1.13441 0.9381 0.50701 0.183475 0.246204 0.651836 0.803595 0.783189 0.0812712 0.181562 0.255358 1.0838 0.850585 0.586489 0.205041 0.545393 0.337681 0.166924 1.13371 0.790005 0.672986 0.879688 0.801945 0.744676
0.737861 0.64492 0.616339 0.909233 0.388102 0.750593 0.454017 0.760085 0.239499 0.569431 1.20616 0.483634 0.823749 0.14332 0.420131 1.03852 1.0123 0.613467 0.407985 0.911334 0.133334 0.403012 0.599345 0.967626 1.04505 0.40546 0.153464 0.205788 1.04687 0.505825 0.186147 0.587653 1.17973 0.762042 0.657864 0.40558 0.341975 0.64321 0.77144 0.731641 0.472477 0.778357 0.902117 1.26998 0.550042 0.361817 1.21842 0.745399 0.661283 0.875091 0.370961 1.04234 0.727322 0.663823 0.137763 0.181589 0.403702 0.92411 0.736686 0.328787 0.213516 0.292949 1.12944 0.875607 0.574908 0.304834 0.532135 0.214966 0.341352 1.0671 0.726901 0.626013 0.83921 0.949764 0.639475
0.602482 0.792881 0.443734 1.09673 0.29565 0.63969 0.589679 1.05576 0.226989 0.739175 0.990354 0.316352 0.775437 0.0638505 0.453932 1.10413 0.925928 0.669761 0.539331 1.0651 0.0914955 0.221726 0.373435 0.886387 1.09917 0.460952 0.25001 0.176055 1.0066 0.535525 0.0960668 0.565871 1.15412 0.644187 0.527349 0.348968 0.250406 0.792242 0.619552 0.709277 0.454049 0.87417 0.865481 0.975904 0.458577 0.184313 1.19723 0.900685 0.833861 0.885701 0.564393 1.02485 0.815995 0.593315 0.286938 0.39743 0.448136 0.800373 0.867663 0.0754023 0.362658 0.156919 1.03437 1.05946 0.624207 0.142194 0.31428 0.241351 0.160357 1.10768 0.75472 0.540161 0.748105 0.949165 0.588404
0.757964 0.843404 0.412393 0.869447 0.18074 0.899845 0.644941 0.918513 0.378388 0.803143 1.12066 0.557028 0.581542 0.180735 0.480546 1.09622 0.823004 0.569726 0.545191 0.854764 0.146624 0.291307 0.480982 0.731652 0.978738 0.417246 0.397314 0.0543423 0.848415 0.556131 0.00902654 0.481772 1.07118 0.761657 0.669879 0.642779 0.356811 0.56055 0.706858 0.633107 0.463455 0.950262 0.978188 1.00725 0.402878 0.367146 1.18211 0.882364 0.726852 1.10329 0.481932 1.13326 0.950962 0.70105 0.358347 0.295235 0.647714 1.0006 0.930607 0.243386 0.303976 0.147106 1.20937 1.03147 0.403069 0.352252 0.260019 0.319115 0.127767 1.24188 0.712645 0.615543 0.937258 0.959377 0.629178
0.60115 0.772574 0.343124 0.944483 0.339411 0.769047 0.549164 1.00293 0.362021 0.742645 1.13015 0.363104 0.584326 0.180881 0.351542 0.904641 1.02214 0.754017 0.309624 0.836864 0.0516471 0.354335 0.573231 0.958385 0.921318 0.293782 0.288319 0.244194 0.797801 0.60147 0.256811 0.707044 1.07586 0.856457 0.685659 0.353389 0.26896 0.610248 0.851178 0.650301 0.654155 0.866949 0.912685 1.1247 0.438923 0.173501 1.11144 0.712274 0.723966 1.0857 0.58095 1.08952 0.803495 0.402326 0.292505 0.201646 0.416249 1.04373 0.731937 0.242129 0.158272 0.298886 1.00639 0.901703 0.398634 0.232511 0.4057 0.180969 0.341089 1.24347 0.819158 0.405927 0.698364 0.923066 0.705643
0.801101 0.849194 0.361259 0.89441 0.416143 0.826525 0.621564 1.04637 0.3031 0.709698 1.04593 0.363535 0.648764 0.151331 0.298741 0.938607 0.952932 0.722821 0.53037 0.913174 0.210673 0.22156 0.46394 0.694132 0.879916 0.409187 0.172781 0.111427 0.825313 0.516402 0.207131 0.75736 1.1116 0.813252 0.672307 0.527566 0.314364 0.710767 0.856423 0.687712 0.58125 0.781325 0.824967 1.08151 0.383488 0.2402 1.11668 0.918251 0.737764 0.909614 0.409764 1.16395 0.930855 0.531228 0.132218 0.313866 0.585137 0.990066 0.698313 0.242368 0.372185 0.325927 1.13873 1.08214 0.565204 0.320967 0.292366 0.206191 0.365763 1.23813 0.724251 0.426632 0.873507 1.01015 0.650313
0.633645 0.770526 0.432361 0.846712 0.229687 0.837073 0.601004 1.01703 0.216354 0.621547 0.98404 0.487529 0.755742 0.28203 0.470519 1.12047 0.76812 0.624452 0.385001 1.02936 0.248069 0.482681 0.315437 0.845903 0.976431 0.472578 0.410876 0.136873 1.04061 0.7038 0.0308994 0.647799 1.1317 0.607991 0.716796 0.558637 0.503323 0.587178 0.672727 0.80632 0.473994 1.00595 1.01827 1.26706 0.466348 0.42901 1.14643 0.823099 0.77735 1.0347 0.307476 1.25235 0.930169 0.558221 0.124183 0.355814 0.54918 0.840462 0.832341 0.16549 0.435447 0.161043 1.15162 0.93376 0.563607 0.229091 0.466736 0.195847 0.204508 1.07116 0.913867 0.616115 0.984129 1.03382 0.652203
0.694729 0.626818 0.433025 0.835954 0.312236 0.735906 0.630905 0.827795 0.281197 0.829019 1.15382 0.433433 0.612026 0.190482 0.393419 1.03431 0.853689 0.764144 0.511128 1.03773 0.204876 0.378178 0.376985 0.928519 0.959268 0.537487 0.384326 0.185274 0.937131 0.492614 0.146045 0.729549 1.18124 0.877261 0.609837 0.639272 0.247721 0.752545 0.680368 0.553831 0.647535 0.825199 0.862084 1.15904 0.543974 0.448157 1.13092 0.64871 0.728111 0.984439 0.395975 1.0597 0.758846 0.63869 0.298536 0.27242 0.631629 0.929821 0.801716 0.146981 0.164947 0.215522 0.958397 0.844971 0.498278 0.245989 0.337145 0.287608 0.240254 1.08225 0.745363 0.441514 0.700053 0.993137 0.647064
0.76306 0.660993 0.519729 0.890839 0.349053 0.618265 0.44063 0.784307 0.300942 0.768164 1.19933 0.504846 0.605877 0.142858 0.42841 0.903569 0.894755 0.604495 0.347741 0.987303 0.281916 0.258553 0.393603 0.693408 1.09367 0.55864 0.257305 0.206258 0.850513 0.779956 0.134643 0.491349 1.11064 0.710382 0.714484 0.410132 0.421625 0.719395 0.609875 0.600674 0.74527 0.796321 0.747292 1.10071 0.512275 0.389271 1.00378 0.908571 0.797555 1.12329 0.385675 1.09473 0.897436 0.468471 0.323999 0.219505 0.533305 0.843758 0.904102 0.116868 0.175457 0.180912 1.03035 0.846587 0.532707 0.353492 0.458081 0.194879 0.394116 1.17205 0.938723 0.528001 0.739893 0.965366 0.522175
0.556864 0.732492 0.60205 0.896863 0.181835 0.758047 0.68363 1.05472 0.178501 0.55128 1.22199 0.506164 0.775071 0.23571 0.521068 0.876196 1.0213 0.473584 0.441577 0.836575 0.209585 0.38663 0.575309 0.803905 0.910799 0.465705 0.184073 0.0489071 1.03871 0.564133 0.0492776 0.729299 1.15842 0.662602 0.718565 0.585922 0.257039 0.780352 0.620851 0.729503 0.687221 0.791733 0.851016 1.17995 0.463452 0.274142 1.08946 0.631417 0.658706 0.84267 0.586001 1.20233 0.842757 0.559711 0.338139 0.380223 0.624863 0.921458 0.900984 0.0621096 0.308797 0.419011 1.16697 0.837836 0.381177 0.156663 0.469122 0.198024 0.37978 1.13024 0.827797 0.649801 0.742245 1.00767 0.645147
0.627325 0.83993 0.39297 0.98694 0.459113 0.697371 0.561329 1.01335 0.225835 0.761829 0.978001 0.485215 0.532858 0.194401 0.312454 1.0061 0.741895 0.693833 0.525206 0.834043 0.0222604 0.235614 0.515663 0.787879 1.07098 0.277953 0.37166 0.0680114 0.830317 0.736703 0.0139062 0.602421 1.21479 0.822137 0.591693 0.501147 0.322162 0.543337 0.901127 0.542979 0.660448 0.875306 0.985462 1.05166 0.314455 0.442773 1.08595 0.746083 0.768106 1.03055 0.41525 1.08847 0.951252 0.668339 0.258003 0.262224 0.360882 1.01801 0.937143 0.329917 0.234752 0.291588 1.10321 0.987935 0.5234 0.256804 0.499224 0.356113 0.215691 1.13063 0.697027 0.669724 0.932397 0.951637 0.584642
0.79725 0.600342 0.554378 1.01268 0.380418 0.841102 0.618979 1.01854 0.117725 0.819513 0.987613 0.379114 0.797509 0.115916 0.443022 0.867552 0.836966 0.749275 0.409378 1.01362 0.226723 0.471358 0.377218 0.940629 0.994989 0.541941 0.164315 0.191333 0.876739 0.50792 0.134512 0.491812 1.08001 0.690632 0.614687 0.55296 0.461214 0.623978 0.72023 0.644588 0.699532 0.982332 0.804054 1.24749 0.543128 0.33477 1.09316 0.879228 0.837287 0.826032 0.469458 1.08858 0.83561 0.404487 0.311998 0.333836 0.46796 1.02816 0.737308 0.0686507 0.284705 0.196237 1.06968 0.873829 0.402703 0.152747 0.389906 0.391059 0.358607 1.04197 0.989726 0.43638 0.96362 0.955556 0.615106
0.588063 0.619211 0.616922 0.851085 0.451649 0.659799 0.577034 0.779318 0.374653 0.792197 1.20134 0.555513 0.65338 0.161288 0.456139 0.930533 0.867586 0.600562 0.364192 0.826452 0.221436 0.195081 0.593098 0.933107 1.06665 0.309606 0.32194 0.250734 0.842681 0.749153 0.285528 0.652508 1.15706 0.879367 0.529695 0.475961 0.502658 0.631471 0.878859 0.742243 0.498411 0.930437 0.993213 1.18268 0.549211 0.224237 1.17278 0.64671 0.741593 0.947374 0.516193 1.22454 0.716157 0.518495 0.071248 0.322069 0.441595 0.997096 0.939963 0.304778 0.272455 0.354562 0.95638 0.983446 0.474859 0.168134 0.335998 0.229801 0.396377 0.971795 0.90923 0.450332 0.99313 0.82282 0.611399
0.821344 0.688933 0.402073 1.09561 0.294475 0.857652 0.525152 0.793325 0.275556 0.723778 1.19705 0.568937 0.652946 0.26037 0.295185 1.01087 0.95958 0.525666 0.559521 1.05357 0.211618 0.314979 0.599127 0.973205 0.885451 0.362028 0.340635 0.0629503 1.04511 0.533302 0.26708 0.527657 1.19692 0.831951 0.652613 0.374619 0.372848 0.580875 0.779374 0.706912 0.460755 0.941328 0.972095 0.996383 0.457416 0.2158 0.947986 0.749464 0.815839 0.883546 0.43028 1.24243 0.720956 0.540548 0.243014 0.382982 0.518174 0.883763 0.856212 0.258756 0.361599 0.203207 1.08054 0.992984 0.517509 0.182055 0.499649 0.145063 0.155472 1.00379 0.822428 0.657062 0.841181 0.806549 0.699679
0.676882 0.823973 0.518727 1.02483 0.324139 0.784295 0.618704 0.838826 0.233975 0.818108 1.16327 0.539635 0.777572 0.180753 0.361289 0.966598 0.820759 0.568483 0.590146 0.95933 0.258465 0.23509 0.441748 0.683685 0.915055 0.454617 0.302703 0.204323 0.77606 0.57566 0.0949139 0.665925 1.02254 0.741307 0.579785 0.504704 0.308709 0.585218 0.896745 0.543352 0.464114 1.05306 0.804654 1.06741 0.503028 0.318842 1.14136 0.752666 0.742421 1.03493 0.539236 1.14871 0.774017 0.465414 0.11633 0.298965 0.445551 0.934198 0.78667 0.201486 0.393604 0.353661 1.14906 0.953723 0.54028 0.380847 0.472295 0.217068 0.234908 0.979283 0.979383 0.382403 0.815941 0.820968 0.677932
0.606566 0.58431 0.487058 0.819039 0.293225 0.808747 0.608819 0.827314 0.116414 0.820599 0.959997 0.40956 0.536 0.214935 0.35819 1.10162 0.888155 0.468286 0.382642 0.928855 0.0426132 0.194229 0.352328 0.873013 0.897221 0.294909 0.207119 0.15633 0.881974 0.586633 0.128012 0.682174 1.10046 0.657151 0.585129 0.643361 0.330294 0.682066 0.664325 0.678224 0.490846 0.940389 0.902009 1.07914 0.492868 0.217191 1.10923 0.660284 0.826224 1.08139 0.469611 1.18222 0.721301 0.454257 0.121275 0.449269 0.451316 0.951307 0.704937 0.313429 0.165444 0.292848 1.07998 1.02665 0.636599 0.326582 0.470241 0.343765 0.193732 1.18372 0.963237 0.482219 0.868989 0.8116 0.609151
0.611939 0.80254 0.592108 0.856768 0.381538 0.681902 0.65111 0.835447 0.280359 0.757206 1.16234 0.517461 0.615847 0.235863 0.368577 1.12214 0.859998 0.701586 0.492861 0.990242 0.0951687 0.390887 0.355685 0.683181 0.896489 0.315642 0.434511 0.166392 0.861559 0.615147 0.232919 0.720238 1.0599 0.844659 0.664725 0.635679 0.385541 0.718032 0.836972 0.66751 0.509357 0.897759 0.867203 1.09428 0.574304 0.375167 0.974688 0.660239 0.824153 0.884433 0.487596 1.22665 0.781769 0.525298 0.23749 0.295738 0.360546 0.805092 0.868088 0.0783024 0.435314 0.395825 1.20242 0.890275 0.397351 0.241583 0.418377 0.393325 0.388788 0.96677 0.768567 0.461209 0.770881 1.09366 0.627584
0.659285 0.868425 0.443548 1.01061 0.186516 0.890469 0.597415 0.871315 0.314432 0.606258 1.21039 0.415136 0.831527 0.270311 0.380437 0.840236 0.911317 0.504967 0.518565 0.929513 0.0948477 0.191903 0.404122 0.770085 1.00231 0.539042 0.372884 0.236246 0.93235 0.764381 0.0263291 0.633597 1.10009 0.73717 0.6102 0.634924 0.340919 0.609489 0.684043 0.772443 0.673777 0.781761 1.00397 1.09694 0.49085 0.17293 1.11495 0.684503 0.755395 1.00801 0.384938 1.25948 0.986019 0.652395 0.238291 0.437132 0.526647 0.86706 0.667087 0.115549 0.333307 0.146638 0.961259 0.935138 0.417777 0.228511 0.260409 0.361534 0.125757 1.00051 0.857928 0.557958 0.93134 0.826756 0.686478
0.696229 0.642587 0.343033 1.00829 0.18765 0.782409 0.583064 0.986903 0.213421 0.562653 1.01874 0.603228 0.656434 0.207146 0.516339 0.993714 0.9427 0.513164 0.566471 0.901335 0.0484614 0.418763 0.573758 0.858808 1.10539 0.552294 0.151502 0.312002 0.804951 0.649965 0.131083 0.492936 1.19665 0.611138 0.474717 0.601268 0.397831 0.674837 0.61778 0.5525 0.577718 0.952029 0.789501 1.08993 0.555117 0.355742 1.0869 0.714103 0.667239 1.05085 0.51475 1.21015 0.988965 0.562922 0.170177 0.173411 0.637313 0.854582 0.882287 0.0720762 0.203979 0.436577 0.974036 0.91608 0.547652 0.246437 0.410514 0.244965 0.351969 1.12831 0.840281 0.572489 0.910355 0.979117 0.685916
0.747408 0.771203 0.459125 1.04076 0.427411 0.838845 0.424629 0.941905 0.381075 0.547279 1.15952 0.553634 0.604663 0.254975 0.427766 1.1097 0.749643 0.602652 0.373091 0.963802 0.102687 0.359504 0.365689 0.754941 1.15887 0.401072 0.180246 0.0600746 0.839875 0.630583 0.155391 0.752693 1.09864 0.870824 0.681949 0.389163 0.44713 0.612486 0.694946 0.687258 0.601593 0.916352 0.90164 1.04657 0.354757 0.26926 0.944878 0.703044 0.67364 0.874131 0.350409 1.20732 0.84677 0.42013 0.121143 0.185636 0.576237 0.849433 0.789412 0.200456 0.242501 0.248733 1.01763 0.880739 0.64226 0.148477 0.381367 0.247349 0.198113 1.03485 0.809783 0.479679 0.78819 1.03616 0.651248
