25 75
0.737474 0.270823 0.240593 0.320441 0.973677 0.160594 0.771019 1.0106 0.791091 0.371524 0.623332 0.18966 0.356383 0.934112 0.41671 0.590704 0.731524 1.19406 0.878413 0.786446 0.409264 0.817726 0.453304 0.0608292 0.246488 0.771952 0.641972 0.891329 0.887299 0.608764 1.10953 1.11924 1.14695 0.0716803 0.720621 0.874971 0.824887 0.735851 0.433091 0.599607 0.492848 0.665825 0.315247 1.04861 0.318534 0.12003 0.702584 0.50707 0.513401 0.207524 0.807119 0.78985 0.215953 0.97754 0.452873 0.986829 0.6153 0.717919 1.12773 0.404194 0.611075 0.833103 1.03471 0.957404 0.144911 0.857913 0.387527 1.07131 1.12469 0.702591 0.859071 0.408737 0.578145 0.815021 0.635198
0.825682 0.210347 0.229395 0.405498 1.08237 0.219507 0.902243 1.14677 0.906317 0.425347 0.74531 0.248995 0.436785 0.871647 0.299242 0.466122 0.765247 1.26793 0.846575 0.787997 0.382607 0.755138 0.355569 0.0715311 0.455818 0.766975 0.528751 0.921426 0.820063 0.841325 1.15176 1.24319 0.981206 0.15721 0.757405 0.993898 0.668721 0.788212 0.48631 0.714953 0.605859 0.74388 0.262999 1.0119 0.310733 0.234834 0.608659 0.547428 0.669423 0.213822 0.968027 1.00006 0.337827 0.913974 0.680195 1.04174 0.60102 0.909947 1.00752 0.335036 0.582454 0.893183 0.765843 0.871193 0.26665 0.634935 0.363255 1.10224 1.17539 0.64301 0.702336 0.302374 0.482241 0.839703 0.492292
0.594028 0.297945 0.162129 0.453022 1.123 0.227033 0.952001 1.09179 0.88831 0.424867 0.873141 0.234202 0.348693 0.890453 0.250044 0.761705 0.640422 1.00048 0.924634 0.526813 0.312608 0.738262 0.389403 0.175964 0.463014 0.772524 0.437028 0.898423 1.02936 0.819663 0.955634 0.990564 1.20216 0.252557 0.793368 1.04801 0.71846 0.805655 0.420992 0.698994 0.396929 0.725225 0.513805 1.1081 0.147885 0.307964 0.789416 0.589782 0.540257 0.267509 0.798186 0.948527 0.213384 0.935156 0.543326 0.850157 0.614967 0.73244 1.07048 0.297052 0.693506 0.821222 0.914872 0.84995 0.128404 0.729666 0.551827 1.26763 1.03157 0.686259 0.985489 0.477602 0.395241 0.799871 0.442753
0.706281 0.183718 0.162285 0.423684 0.891881 0.140141 0.898585 1.0813 0.784978 0.564721 0.689984 0.233131 0.207436 1.074 0.263324 0.712171 0.645259 1.16753 0.752945 0.78113 0.286758 0.722278 0.319726 0.203644 0.25386 0.818752 0.466095 0.701645 0.757104 0.698586 1.08842 1.18453 1.1806 0.046622 0.755845 1.0199 0.623012 0.845228 0.619622 0.624691 0.484536 0.802811 0.508458 0.95162 0.179183 0.255366 0.575992 0.49579 0.61956 0.283488 1.06159 1.03498 0.355293 0.731319 0.442868 0.917283 0.556812 0.92099 1.0717 0.478972 0.72792 0.922263 0.854978 1.06635 0.278978 0.808138 0.581289 1.10729 0.986121 0.601536 0.92098 0.362934 0.300172 0.655925 0.574228
0.733342 0.3277 0.309333 0.391505 0.926102 0.13734 0.717471 0.9278 0.850047 0.393291 0.863852 0.320195 0.163767 0.841993 0.23673 0.604092 0.594966 0.994454 0.684337 0.736608 0.369672 0.72997 0.332812 0.216147 0.20129 0.769496 0.603326 0.773873 0.977717 0.77374 1.02833 1.27777 1.02782 0.233171 0.918648 0.973746 0.677055 0.833337 0.577091 0.733826 0.488512 0.616916 0.367102 0.975988 0.321748 0.139224 0.694753 0.316935 0.585302 0.18926 0.844682 0.977608 0.408464 0.800021 0.512242 1.0236 0.457074 0.833905 0.985379 0.368671 0.705982 0.859158 0.905537 0.844128 0.279753 0.800332 0.628999 1.10875 0.942658 0.888722 0.926162 0.450184 0.330697 0.800872 0.609105
0.68198 0.282471 0.246613 0.317875 1.16325 0.291703 0.804861 1.04032 0.938282 0.594284 0.891993 0.367479 0.438451 1.04923 0.491272 0.574086 0.754843 1.21084 0.902544 0.527821 0.458464 0.875792 0.382832 0.244966 0.214804 0.763905 0.447869 0.87523 0.963169 0.881183 1.16137 1.22195 1.25468 0.220276 0.751482 0.998402 0.693444 0.908332 0.418998 0.611466 0.647052 0.577593 0.454668 0.940009 0.205254 0.296246 0.637284 0.428216 0.575955 0.328246 0.937028 0.889997 0.384065 0.922815 0.448276 0.818597 0.378445 0.876887 1.115 0.477537 0.688768 0.733785 1.01236 0.96185 0.214068 0.828931 0.619723 1.2491 1.06576 0.747581 0.960528 0.385466 0.519165 0.814575 0.372253
0.556071 0.112198 0.186426 0.176011 0.902406 0.268954 0.730475 1.12891 0.760786 0.41417 0.63332 0.348454 0.321824 1.02707 0.493143 0.71249 0.664334 1.24892 0.834732 0.818062 0.245756 0.846317 0.338509 0.0766858 0.302254 0.742477 0.604206 0.929447 0.841013 0.640971 0.953042 1.2074 1.17312 0.104742 0.780393 0.981658 0.585611 0.863835 0.542682 0.555385 0.369387 0.81476 0.403102 0.897347 0.175056 0.114491 0.52817 0.577345 0.632751 0.184456 0.909796 0.866333 0.183504 0.811865 0.489122 1.04989 0.567902 0.685349 1.04155 0.233469 0.610291 0.900652 0.751982 0.995763 0.363737 0.714582 0.380242 1.20928 1.07714 0.897011 0.721799 0.507604 0.413784 0.701386 0.386006
0.579178 0.120978 0.375497 0.376462 1.07741 0.173703 0.928553 0.881835 0.884115 0.481256 0.696189 0.316127 0.258879 0.952902 0.435176 0.535083 0.684568 1.23715 0.75827 0.646344 0.360984 0.93583 0.421952 0.282247 0.343606 0.964274 0.433263 0.821964 0.952352 0.630249 1.04489 0.998166 1.00303 0.17926 0.910789 1.07637 0.628647 0.665328 0.442698 0.750934 0.547485 0.752649 0.50963 1.09255 0.185067 0.11418 0.769298 0.329827 0.601931 0.151558 1.03354 0.820686 0.393251 0.743709 0.590241 0.847184 0.502475 0.934593 1.05899 0.278237 0.577055 0.730733 1.02593 1.00548 0.0955557 0.849096 0.411348 1.10948 1.08028 0.880976 0.947408 0.314494 0.375959 0.62252 0.457502
0.805157 0.268536 0.106258 0.176311 0.91517 0.286967 0.729407 0.976553 0.981917 0.588233 0.786149 0.136079 0.144266 0.98227 0.322852 0.744626 0.662698 1.23671 0.888169 0.632336 0.357214 0.701417 0.28852 0.312946 0.259884 0.952139 0.578469 0.88947 0.761189 0.601595 1.07483 1.24423 1.08744 0.218652 0.686326 0.85346 0.64223 0.77037 0.495928 0.658553 0.475102 0.555198 0.230782 1.06512 0.272904 0.236445 0.584479 0.457163 0.744113 0.260762 0.956713 0.984088 0.361733 0.856159 0.58589 0.927766 0.365711 0.8512 0.923508 0.272355 0.483258 1.00148 0.868041 1.01141 0.298135 0.71339 0.378951 1.14031 1.17456 0.833156 0.851734 0.367628 0.360556 0.633928 0.448948
0.809868 0.25171 0.182277 0.388297 0.901201 0.125843 0.774178 1.04634 0.979198 0.514292 0.724372 0.173983 0.377295 0.858786 0.488001 0.721361 0.656532 1.1672 0.953775 0.810099 0.32686 0.817789 0.490228 0.263164 0.279276 0.991869 0.60853 0.78874 0.959948 0.808854 0.936656 1.17018 1.03259 0.182934 0.742345 1.08864 0.694114 0.833155 0.634717 0.710127 0.488656 0.77403 0.402214 1.14846 0.0591326 0.213776 0.601187 0.586362 0.690229 0.231918 1.01201 0.763655 0.219696 0.827612 0.412608 1.09108 0.429021 0.699809 1.01364 0.496587 0.586588 0.712859 0.895125 1.04434 0.227116 0.86491 0.353328 1.28704 0.940636 0.845739 0.860776 0.400123 0.524114 0.808557 0.478666
0.656072 0.238285 0.13364 0.41337 0.904079 0.141158 0.708733 1.01728 1.00693 0.52152 0.759218 0.155297 0.271697 0.901076 0.212608 0.592172 0.478897 1.14194 0.765654 0.640483 0.46847 0.743655 0.380261 0.196388 0.432962 0.89447 0.707842 0.805427 0.946205 0.767088 1.16416 1.09003 1.1893 0.140982 0.778766 1.03307 0.582831 0.908198 0.572279 0.555221 0.478234 0.751136 0.434345 1.02723 0.158344 0.135636 0.693989 0.485639 0.557274 0.0735783 0.81653 1.00063 0.301508 0.878456 0.676247 1.01989 0.517778 0.641604 1.15212 0.324015 0.736298 0.951621 0.769473 0.967018 0.239282 0.611917 0.533906 1.06882 0.939771 0.729469 0.953389 0.444782 0.489662 0.678065 0.58805
0.809069 0.167159 0.330568 0.376934 0.876601 0.0834337 0.793128 1.12988 0.907174 0.334807 0.848467 0.115138 0.221471 0.918152 0.224962 0.523445 0.509484 1.07423 0.758047 0.581348 0.305804 0.957754 0.263971 0.149176 0.397363 0.812785 0.714473 0.779832 0.861626 0.762802 1.1718 1.09712 1.08943 0.137314 0.78562 1.0963 0.59264 0.672411 0.676848 0.645297 0.435995 0.56476 0.408462 0.949106 0.0851003 0.30111 0.526808 0.47382 0.778215 0.252161 0.922603 0.990749 0.284019 0.748568 0.56821 0.966345 0.540441 0.77539 1.15246 0.493446 0.704579 0.780944 0.789514 1.12072 0.212703 0.88249 0.417856 1.16961 1.06375 0.772073 0.955177 0.470988 0.369243 0.79815 0.641363
0.670446 0.195558 0.198838 0.252752 1.07077 0.222279 0.738031 1.02438 1.0051 0.402894 0.720272 0.201458 0.274281 1.06712 0.343303 0.694494 0.696057 1.20651 0.881557 0.585018 0.470864 0.749963 0.480229 0.308175 0.291393 1.02393 0.628554 0.837273 0.935108 0.742802 1.15425 1.08445 0.98673 0.170196 0.783948 1.03229 0.727425 0.905332 0.668759 0.537124 0.473841 0.592885 0.333819 1.05375 0.219432 0.275837 0.633029 0.573968 0.603759 0.164706 0.90606 0.954647 0.210041 0.922258 0.559753 1.00785 0.421118 0.671058 0.947752 0.407462 0.535389 0.75153 0.910336 1.07026 0.368183 0.786778 0.581356 1.14266 1.01432 0.854265 0.94298 0.42463 0.415669 0.809261 0.513747
0.748904 0.328203 0.128911 0.450768 1.16519 0.0800113 0.793258 1.04835 0.945575 0.569654 0.657174 0.228505 0.156255 0.893543 0.289178 0.551277 0.618482 1.1609 0.965517 0.675862 0.336022 0.80905 0.284708 0.321881 0.479139 0.960165 0.570354 0.735657 0.970651 0.679337 1.03993 1.12231 1.24656 0.23401 0.629419 0.815998 0.712265 0.830782 0.400579 0.623925 0.663749 0.592786 0.299992 0.954356 0.179642 0.286847 0.789057 0.569592 0.768828 0.0629127 1.06472 0.799143 0.224209 0.811604 0.452147 0.844282 0.397502 0.68713 0.931732 0.506111 0.714282 0.834829 0.764329 0.839613 0.128742 0.878673 0.568014 1.27066 1.12908 0.855953 0.874072 0.306765 0.430926 0.862526 0.405804
0.627444 0.188349 0.215773 0.28675 0.936009 0.228262 0.722652 1.10427 0.758443 0.322037 0.693148 0.272099 0.1506 1.0001 0.29762 0.54532 0.510564 1.25402 0.827821 0.568696 0.456947 0.801562 0.344961 0.202715 0.337132 0.880937 0.546697 0.882639 1.00342 0.74619 0.923247 0.989347 1.14725 0.0531608 0.922314 1.01596 0.670326 0.743857 0.644082 0.613566 0.47179 0.755468 0.301991 1.07227 0.126331 0.261197 0.560016 0.380778 0.596686 0.0679834 1.03215 0.869627 0.268704 0.823387 0.457643 1.09107 0.554654 0.684079 1.18084 0.247755 0.537854 0.988172 0.757652 0.90359 0.14904 0.736038 0.412214 1.07463 1.11871 0.685515 0.869804 0.574384 0.348423 0.877613 0.499468
0.769796 0.135563 0.278722 0.293376 1.1393 0.233334 0.711545 1.15086 0.785736 0.491813 0.659452 0.173496 0.160675 0.904942 0.466276 0.517684 0.625558 1.13311 0.714302 0.567841 0.257384 0.812191 0.3839 0.0983338 0.289566 0.829109 0.713567 0.893024 0.932105 0.596825 1.09663 1.12638 1.10932 0.0318514 0.633108 1.00748 0.575747 0.859457 0.428139 0.580442 0.657983 0.793749 0.475825 1.04305 0.102333 0.244795 0.795762 0.54108 0.703388 0.267779 0.831767 0.97776 0.233889 1.00599 0.571772 0.830321 0.573364 0.792406 0.981672 0.224309 0.637949 0.950543 0.856324 0.972183 0.170149 0.759111 0.544737 1.18922 1.14843 0.829542 0.805219 0.506139 0.324871 0.824556 0.592144
0.838398 0.29651 0.161729 0.16475 1.00089 0.238385 0.917345 0.9584 0.990886 0.459304 0.837552 0.201165 0.232844 1.06231 0.313213 0.764056 0.733834 1.15754 0.962117 0.60695 0.42681 0.806179 0.437894 0.243894 0.268394 0.826919 0.546122 0.808025 0.748768 0.868408 1.01025 1.05555 0.977466 0.247356 0.899597 0.884172 0.832118 0.925666 0.57942 0.552193 0.650577 0.613019 0.337872 0.959533 0.266744 0.171971 0.707648 0.375395 0.53613 0.0857701 0.840819 0.818117 0.412748 0.945255 0.483256 1.06086 0.584423 0.809046 0.901711 0.269792 0.579472 0.754398 1.01769 1.00722 0.112398 0.61351 0.422028 1.11788 1.1671 0.823922 0.961934 0.45046 0.517951 0.720274 0.458392
0.688044 0.23357 0.295347 0.246984 0.907235 0.148541 0.71618 1.11066 0.800165 0.605389 0.713269 0.115168 0.320233 1.05566 0.303849 0.500018 0.753244 1.02245 0.695302 0.614804 0.243219 0.97034 0.368749 0.269909 0.443103 0.804982 0.584337 0.973752 1.02643 0.658169 1.18665 1.11002 1.13737 0.160835 0.683163 0.847845 0.8571 0.875782 0.454867 0.736687 0.540007 0.778362 0.472288 1.02703 0.280124 0.262398 0.710734 0.559398 0.586907 0.284081 0.937807 0.935019 0.447417 0.879243 0.535344 1.04571 0.592185 0.909233 1.12126 0.347071 0.609241 0.861692 0.984986 0.975311 0.237842 0.711159 0.50421 1.03493 1.15722 0.658713 0.887718 0.468441 0.499184 0.686136 0.363087
0.569094 0.0825466 0.35681 0.379977 1.11632 0.311169 0.771107 0.943485 0.948282 0.593408 0.74721 0.276223 0.162479 0.96111 0.42182 0.690727 0.531337 1.08137 0.87248 0.648333 0.344673 0.862728 0.519977 0.0588582 0.469558 0.898589 0.549785 0.770777 0.888396 0.830141 1.16156 1.21663 1.18228 0.252288 0.643207 0.831772 0.659069 0.903281 0.536892 0.528488 0.616426 0.551665 0.505673 0.988575 0.200836 0.161826 0.525895 0.597888 0.59412 0.255945 0.983998 0.871311 0.457448 0.921935 0.463514 1.08462 0.453085 0.664377 1.0133 0.352159 0.680774 0.984149 0.94072 0.975282 0.388709 0.800686 0.594865 1.22993 0.966548 0.743168 0.895618 0.345212 0.390438 0.749658 0.528686
0.692144 0.165028 0.270281 0.440757 1.10512 0.15315 0.873701 0.956523 0.879627 0.40241 0.844726 0.188772 0.232866 1.01737 0.419777 0.635577 0.55391 1.26858 0.788457 0.697015 0.36766 0.741924 0.259713 0.08673 0.41819 1.00467 0.691495 0.820706 0.906929 0.652464 1.16768 1.03076 1.09626 0.19844 0.886569 1.06782 0.580612 0.739676 0.50871 0.520178 0.43876 0.776869 0.341093 0.99786 0.273269 0.330105 0.759943 0.426097 0.506983 0.246553 0.80805 0.876229 0.220992 1.01079 0.610697 1.05094 0.580654 0.858076 1.08153 0.226052 0.733944 0.745533 0.849854 1.00253 0.327364 0.797654 0.565983 1.26737 0.877943 0.88855 0.946177 0.577905 0.580318 0.734487 0.478932
0.563418 0.0647099 0.226542 0.333982 1.00731 0.246125 0.781876 0.912103 0.910897 0.618228 0.795359 0.289923 0.189683 1.13645 0.420537 0.627281 0.765747 1.26275 0.955683 0.76313 0.267246 0.973519 0.301737 0.177718 0.240069 0.8373 0.54124 0.829284 1.02037 0.786588 1.08406 1.27676 1.21392 0.192714 0.884232 0.830105 0.580175 0.914451 0.654652 0.703862 0.6456 0.671704 0.335466 1.01865 0.141289 0.251971 0.617431 0.405581 0.553832 0.0613332 1.05992 0.76571 0.457541 0.814705 0.564845 0.80921 0.597441 0.711159 1.01691 0.362389 0.527451 0.945185 0.750485 0.970236 0.102221 0.684889 0.534678 1.2019 0.958917 0.782085 0.77074 0.316191 0.494966 0.65496 0.573919
0.805421 0.214463 0.214856 0.367917 1.13467 0.129761 0.751076 1.16667 0.818702 0.365529 0.683716 0.197982 0.356624 0.894987 0.224512 0.559694 0.522366 1.13302 0.956898 0.792038 0.255797 0.706396 0.460522 0.262736 0.204532 0.927859 0.639443 0.750222 0.807638 0.868179 1.01557 1.07109 1.2134 0.175677 0.787198 1.01469 0.79026 0.940017 0.454899 0.526824 0.541651 0.555909 0.229093 0.951291 0.264522 0.213487 0.589453 0.388335 0.762061 0.266306 1.04071 0.932362 0.245273 0.837023 0.492632 0.822306 0.435452 0.705962 1.00079 0.338999 0.703948 0.84168 0.866226 0.821627 0.142583 0.84368 0.474165 1.19144 1.04549 0.662725 0.78884 0.324042 0.521362 0.785495 0.643387
0.764349 0.172448 0.158239 0.427277 0.93116 0.214534 0.827204 1.06327 0.739537 0.47745 0.772296 0.146332 0.344457 1.03373 0.438875 0.612057 0.589133 1.24236 0.898014 0.740096 0.314317 0.9423 0.271749 0.0864839 0.209261 0.920225 0.597411 0.803543 0.751841 0.793684 1.04436 1.26384 1.02497 0.159951 0.715455 1.04058 0.733882 0.945953 0.592092 0.722734 0.49059 0.665946 0.470582 1.09995 0.275722 0.215457 0.646642 0.370967 0.589907 0.183337 0.880255 1.01492 0.164865 0.806625 0.644658 0.812837 0.392381 0.687914 0.930262 0.290654 0.565459 0.931932 1.0154 0.886534 0.369615 0.681698 0.538305 1.02608 1.1013 0.826369 0.706932 0.348893 0.301938 0.832558 0.452123
0.552528 0.111549 0.368803 0.241488 1.12727 0.323179 0.714534 1.05653 0.836321 0.366467 0.822012 0.109691 0.224494 1.07049 0.26502 0.7399 0.510994 1.16926 0.82944 0.810184 0.231245 0.71128 0.273105 0.262294 0.234634 0.896851 0.623622 0.692191 0.850068 0.770901 1.17753 1.07955 1.20585 0.152447 0.750855 0.874166 0.830768 0.732005 0.627886 0.575368 0.429703 0.70052 0.430284 0.985256 0.064053 0.117819 0.535937 0.332695 0.622858 0.113199 0.808711 0.899158 0.342387 0.835881 0.692239 0.836787 0.353661 0.862229 1.17395 0.403625 0.531543 0.93414 1.0014 1.01397 0.331422 0.833779 0.386714 1.27571 1.13505 0.781584 0.979898 0.401056 0.301604 0.903387 0.593191
0.670034 0.265572 0.114955 0.328498 1.15185 0.212066 0.898318 1.0777 0.832636 0.434913 0.720816 0.242014 0.172759 1.09632 0.287328 0.630394 0.5426 1.1883 0.821336 0.806184 0.302888 0.930826 0.293654 0.0766001 0.350495 0.803582 0.637058 0.916135 0.982497 0.834094 1.15472 1.08455 1.08218 0.0864161 0.73363 0.983867 0.733416 0.884929 0.505708 0.724137 0.596873 0.806456 0.330413 0.953659 0.215252 0.34854 0.589185 0.385753 0.776326 0.215819 0.900519 0.809385 0.447843 0.859905 0.406979 1.04343 0.455425 0.789675 1.16003 0.325924 0.742742 0.925557 0.997381 1.05405 0.0953978 0.701305 0.361794 1.21216 0.9648 0.639422 0.878496 0.447401 0.359337 0.675025 0.60335
