25 75
1.02971 0.893192 0.315729 0.674812 0.96658 0.830405 0.945189 1.20797 0.344507 0.91886 0.139751 1.00135 0.423133 1.06573 0.765625 0.0454745 0.962265 0.868815 0.696193 0.903329 0.467526 0.385686 0.511213 1.15037 0.586894 0.754171 0.932704 1.06783 1.01561 0.246839 0.730997 0.799717 0.612369 1.01978 0.419532 1.1533 0.36593 0.761092 0.849441 0.602858 0.39135 0.457037 1.14265 0.0920074 0.911434 1.04201 0.470501 0.475599 0.930852 0.887345 0.620869 0.620311 0.441025 0.759687 0.70178 0.256875 0.895363 0.579362 0.889868 0.517656 0.962063 0.076751 0.858064 1.15595 1.09827 1.14879 0.59483 1.15813 0.142676 1.16408 0.774182 0.835384 0.773222 0.398489 0.508686
1.07134 0.79253 0.506125 0.891566 1.03025 0.743213 1.00354 1.119 0.480364 0.878976 0.302858 1.08536 0.452457 1.01636 0.743893 0.174248 1.07813 0.752977 0.959414 1.01013 0.38202 0.269955 0.512207 1.20113 0.44773 0.683826 0.852879 1.04113 1.20877 0.255668 0.766573 0.875627 0.760141 0.999481 0.572135 1.04673 0.491123 0.644597 0.903365 0.572451 0.420282 0.394003 1.15311 0.244843 0.897595 0.866083 0.593971 0.589116 0.994641 0.753783 0.668182 0.893729 0.443419 0.553697 0.657138 0.448434 1.10006 0.604034 0.736999 0.366533 0.872666 0.0851959 0.810367 1.1329 1.19317 1.1926 0.758641 1.14826 0.219359 1.11444 0.606784 0.796058 0.984731 0.551566 0.473973
1.14489 0.651085 0.52412 0.835288 1.11785 0.755587 0.880036 0.911017 0.257556 0.870553 0.250966 1.00869 0.417415 1.09394 0.877369 0.326881 1.15114 0.910811 0.848844 0.758695 0.421144 0.467764 0.443271 1.05937 0.657655 0.559691 1.06018 1.03322 1.08544 0.222734 0.492399 0.808038 0.847502 0.956056 0.511156 0.988772 0.504517 0.783909 0.729314 0.672862 0.377316 0.333368 1.14211 0.16162 0.792301 1.06658 0.631274 0.315977 1.0006 0.797673 0.595639 0.827758 0.449429 0.732105 0.76715 0.315637 1.0443 0.500047 0.826633 0.561889 0.781109 0.256114 0.796001 1.12669 1.02739 1.14412 0.708805 1.00423 0.264484 1.17728 0.756909 0.766492 0.964566 0.516326 0.422179
1.14519 0.609639 0.552709 0.866031 0.939738 0.749997 0.991511 0.951832 0.256154 0.94162 0.354084 1.18547 0.562138 1.07926 0.75445 0.10344 0.937408 0.985037 0.89247 0.775112 0.406229 0.424512 0.387921 1.09591 0.555134 0.66664 0.946043 0.834911 0.982501 0.317285 0.725042 0.788023 0.636793 0.980633 0.44941 0.999556 0.500561 0.805364 0.745472 0.475915 0.36955 0.586681 0.934475 0.155874 0.914034 0.931205 0.41858 0.483165 1.07982 0.982494 0.45324 0.672436 0.421771 0.647567 0.572912 0.231093 0.983584 0.50189 0.992762 0.460023 0.984548 0.276201 0.745305 1.11595 1.22146 1.16449 0.788842 1.09489 0.301272 0.985681 0.687201 0.6967 0.888822 0.3501 0.438775
0.94035 0.622972 0.415128 0.869156 1.07762 0.679821 0.964331 1.07868 0.291254 0.769446 0.288728 1.20434 0.539072 1.00562 0.694507 0.117671 1.02194 0.84442 0.727608 0.887684 0.361171 0.323803 0.375588 1.06525 0.496709 0.758172 1.081 0.798972 1.08943 0.100571 0.633323 0.961507 0.798919 0.989854 0.491365 0.996245 0.60878 0.591033 0.957811 0.707816 0.331573 0.472955 0.996642 0.206777 0.857953 0.895375 0.557364 0.493109 0.994019 0.84427 0.586499 0.639025 0.450204 0.591626 0.816664 0.437326 0.940778 0.61044 1.0064 0.564689 0.896131 0.176361 0.765467 1.05181 1.00311 1.1695 0.709889 0.919663 0.0707011 1.08032 0.755992 0.603302 0.872871 0.429532 0.435222
1.11596 0.707933 0.386493 0.83603 1.19577 0.592565 0.965087 0.966687 0.419263 0.749535 0.157075 0.979553 0.521784 0.943562 0.888188 0.231058 1.1306 0.999016 0.889218 0.85525 0.324885 0.250402 0.425624 0.994014 0.5544 0.642058 0.893596 0.881055 0.936008 0.0947506 0.545538 0.992622 0.783783 0.771692 0.463161 1.09333 0.410017 0.537134 0.852506 0.629334 0.394492 0.470318 0.941809 0.0665617 0.785971 0.879914 0.476709 0.450322 1.12101 0.831116 0.588377 0.684427 0.516303 0.581207 0.559409 0.364414 0.96042 0.771806 0.978963 0.348484 0.861998 0.141448 0.813865 1.19358 1.20517 1.05839 0.609368 0.86904 0.0765452 1.17924 0.85767 0.680582 0.982052 0.578517 0.560214
1.06793 0.800619 0.385499 0.908749 1.09679 0.610116 1.128 0.937639 0.253013 0.744473 0.117879 0.959219 0.354696 1.16008 0.717183 0.173765 1.08638 0.770419 0.980956 0.736553 0.49038 0.478396 0.509339 0.994816 0.437121 0.548308 0.846508 0.92546 1.16329 0.261992 0.588552 0.797457 0.683325 0.941115 0.628456 1.08635 0.340033 0.667189 0.913987 0.675001 0.458095 0.328806 0.956238 0.23046 0.937159 0.959679 0.526124 0.459123 1.01464 0.736159 0.672959 0.794615 0.3362 0.682196 0.571833 0.190933 0.974115 0.524828 0.942032 0.394327 0.917649 0.0988862 0.731696 1.03849 1.03361 1.19549 0.797765 1.01097 0.0912076 1.10436 0.739892 0.577017 0.763115 0.371243 0.646604
0.904542 0.872483 0.565214 0.65236 0.981222 0.618809 0.880144 1.05088 0.239755 0.820924 0.212184 1.07473 0.455554 1.12735 0.733349 0.203019 0.918564 0.750352 0.735294 0.982221 0.547553 0.452518 0.347315 1.12268 0.504367 0.557206 1.07551 1.0599 1.08474 0.174249 0.714984 0.835128 0.649215 0.9007 0.678927 1.15443 0.540009 0.773344 0.938069 0.445142 0.388197 0.480476 1.03039 0.108834 0.682146 0.885834 0.472552 0.521217 1.13025 0.890006 0.714051 0.828766 0.417199 0.590764 0.698493 0.256941 0.900278 0.546238 0.865853 0.532258 0.783049 0.232032 0.775906 1.00769 1.12781 1.06999 0.571028 1.11153 0.0559502 1.00614 0.883064 0.600452 0.809988 0.36056 0.661245
0.976992 0.754661 0.593822 0.76456 1.10348 0.676874 1.0295 0.9338 0.364062 0.645193 0.360591 1.12628 0.548514 0.961639 0.728517 0.181534 1.00994 0.938901 0.766491 0.851282 0.334216 0.457113 0.549344 1.28067 0.420549 0.744652 0.856783 0.820244 1.00738 0.296879 0.666671 0.85954 0.863513 0.76282 0.501676 0.911601 0.572169 0.771969 0.768754 0.636856 0.298412 0.606404 1.13996 0.113796 0.944802 1.10594 0.563507 0.306487 0.98728 0.885677 0.465546 0.791415 0.54716 0.682893 0.641071 0.185939 0.885494 0.543562 0.819702 0.588257 0.969767 0.234792 0.728346 0.963133 0.962909 1.16777 0.614271 1.08012 0.270218 1.16156 0.822772 0.760596 0.814191 0.444911 0.520066
1.16703 0.880788 0.559903 0.913667 1.02556 0.757097 0.863359 1.0658 0.363422 0.889554 0.120364 0.990678 0.606876 1.16635 0.877632 0.176626 1.16823 0.714716 0.957161 0.748345 0.462645 0.228119 0.315888 1.00033 0.545766 0.570497 0.888363 0.828409 0.923785 0.0479465 0.567679 0.975617 0.8645 0.852472 0.568267 1.05565 0.401058 0.664832 0.904001 0.739003 0.54927 0.365085 0.904742 0.101786 0.74688 0.932201 0.444197 0.335393 0.987304 0.906727 0.446966 0.682958 0.540084 0.562388 0.690855 0.397981 1.04495 0.705977 0.93941 0.485847 0.825239 0.128934 0.664243 1.04876 1.01266 1.09349 0.714737 0.97698 0.240409 1.00683 0.726524 0.773688 0.984384 0.416502 0.693519
1.04328 0.894304 0.408729 0.846221 1.07361 0.69697 0.887523 1.0539 0.262709 0.77876 0.227964 1.20918 0.375633 1.12477 0.780877 0.0782379 0.97735 0.871314 0.774852 0.884981 0.484646 0.286548 0.514029 1.03056 0.468367 0.569301 1.01346 0.797888 1.12626 0.32874 0.533168 0.724698 0.885491 0.859739 0.686105 1.12004 0.346141 0.584504 0.762418 0.512566 0.358007 0.513553 1.00025 0.0709321 0.703545 1.09367 0.415375 0.360021 1.1789 0.883066 0.49678 0.747118 0.341202 0.614691 0.702876 0.403754 0.962577 0.677195 0.973402 0.339293 0.922446 0.280794 0.678854 0.932831 1.01071 1.23365 0.58544 1.01521 0.274561 1.0071 0.769084 0.701932 0.913885 0.462454 0.549222
0.926425 0.789701 0.32871 0.754857 1.05938 0.614775 1.08235 1.01279 0.226237 0.77796 0.193269 1.18345 0.600562 0.930666 0.670135 0.280712 0.905637 0.993349 0.789431 0.810402 0.534392 0.478705 0.522418 1.11283 0.600724 0.819898 0.908451 1.02385 1.05523 0.133261 0.654369 0.865528 0.856967 0.888328 0.691502 1.10975 0.495937 0.796946 0.709625 0.71343 0.424339 0.593063 0.928464 0.282762 0.854466 1.00678 0.621836 0.408612 1.19075 0.786556 0.594634 0.609997 0.477338 0.763382 0.712028 0.315945 0.985848 0.72875 0.874558 0.521498 0.879684 0.332318 0.682171 1.19354 1.05122 1.11858 0.687662 0.98328 0.233982 1.03295 0.604729 0.76373 0.748598 0.599021 0.450217
1.04574 0.875966 0.419373 0.626824 1.03556 0.607272 0.993488 1.15491 0.197378 0.64445 0.0864675 1.03665 0.360066 1.13315 0.764001 0.199699 1.1687 0.759905 0.968334 1.01154 0.268832 0.276906 0.459328 1.27333 0.596299 0.818541 1.10116 1.00399 1.01553 0.135276 0.728165 0.949207 0.890959 0.961651 0.45139 1.02725 0.582093 0.805136 0.849959 0.630617 0.401641 0.549039 0.927506 0.242066 0.80414 1.12286 0.409382 0.446125 0.901575 0.950984 0.464376 0.738965 0.304303 0.739782 0.621751 0.173749 1.10511 0.726096 0.868333 0.406683 0.973118 0.276306 0.835357 1.05056 1.1602 0.998477 0.766355 0.878754 0.218404 1.06453 0.879047 0.64289 1.00688 0.445613 0.693813
0.955609 0.88813 0.463307 0.858888 1.17514 0.681311 0.855839 1.19067 0.381821 0.83026 0.16852 0.980155 0.495882 1.04772 0.800098 0.259971 0.956414 0.862439 0.914154 0.985417 0.345943 0.315072 0.51018 1.01341 0.599854 0.566651 0.825313 1.04459 0.985487 0.263652 0.492315 0.901958 0.665368 0.866788 0.661186 1.02237 0.552863 0.655726 0.793875 0.469866 0.478083 0.330492 1.16086 0.283024 0.811515 1.07919 0.421376 0.52601 1.14977 1.02622 0.560045 0.7396 0.458263 0.567706 0.643253 0.170849 0.992429 0.543678 0.874381 0.392659 0.879084 0.320832 0.670624 1.01197 0.948731 1.15909 0.669456 1.05424 0.276046 1.19616 0.775304 0.67765 0.757 0.48792 0.645235
1.00302 0.668752 0.537734 0.682993 1.15639 0.65045 1.03929 0.998413 0.26976 0.648924 0.105697 0.991108 0.539672 1.02908 0.77292 0.144891 0.946864 0.847757 0.720453 0.755514 0.284535 0.269105 0.362008 1.21609 0.522612 0.553802 0.962489 0.969385 1.00946 0.138932 0.623279 0.714989 0.639029 0.900381 0.654524 1.13004 0.555296 0.659796 0.817725 0.565438 0.57052 0.492866 0.900422 0.181025 0.766898 0.844154 0.504667 0.328228 1.08934 0.992457 0.607282 0.83563 0.384882 0.559365 0.833349 0.218202 1.16264 0.64291 0.733215 0.561977 0.985418 0.26867 0.787317 1.19546 1.11963 0.988626 0.660964 1.09032 0.0653051 1.20479 0.756809 0.757711 0.86504 0.377313 0.622165
1.06401 0.649792 0.506039 0.796315 1.13293 0.558145 1.06113 1.14808 0.397941 0.776938 0.208561 1.05981 0.518972 1.03875 0.629791 0.191417 1.00967 0.987914 0.945303 0.770727 0.294432 0.352159 0.306882 1.24025 0.577645 0.731442 1.0091 0.786953 1.04897 0.192603 0.512785 0.981422 0.606435 0.957714 0.440883 1.11707 0.459182 0.668493 0.872559 0.672238 0.351736 0.366965 1.13767 0.137125 0.916565 1.10322 0.379152 0.507181 1.10429 0.905156 0.698361 0.675908 0.57194 0.829197 0.606936 0.297507 0.948901 0.749128 0.990016 0.476995 0.701171 0.221509 0.886024 1.02555 1.18309 1.12412 0.571297 0.976606 0.239298 0.955641 0.782152 0.715331 0.866959 0.356865 0.522994
0.957094 0.861992 0.509332 0.700816 1.04376 0.807155 0.923506 1.16023 0.430661 0.9239 0.133918 0.97313 0.590761 1.05514 0.638483 0.204363 0.951092 0.804337 0.7583 0.725167 0.430613 0.4526 0.520433 1.11102 0.548442 0.658993 0.890587 0.786648 1.10527 0.0571108 0.65221 0.894913 0.667834 0.943521 0.498737 0.955628 0.460363 0.761001 0.855183 0.630095 0.345324 0.439039 1.05557 0.248175 0.84032 1.01181 0.534529 0.501389 1.16719 0.897083 0.443138 0.692393 0.404379 0.744484 0.79253 0.211856 1.08661 0.697924 0.773886 0.347679 0.941735 0.251112 0.686033 1.08494 1.1983 1.15339 0.785623 1.03237 0.14275 1.132 0.760504 0.572281 0.956735 0.573033 0.475052
1.17114 0.821214 0.347019 0.738452 1.17037 0.709086 1.06978 1.01 0.364923 0.85226 0.36901 0.964579 0.371685 1.07135 0.703587 0.264256 1.154 0.84449 0.869896 0.939767 0.335728 0.341752 0.426566 1.27442 0.541452 0.784437 1.02461 0.974076 0.926945 0.185121 0.761105 0.974944 0.73066 0.778305 0.596973 0.955312 0.597801 0.540563 0.773037 0.626757 0.549899 0.57405 1.09447 0.170233 0.73381 0.920249 0.413824 0.407839 1.03105 1.00977 0.684838 0.791585 0.309447 0.573447 0.586212 0.254367 0.978126 0.66525 0.843817 0.398329 0.71808 0.277481 0.739228 0.943703 1.19763 1.09156 0.652203 0.929972 0.0902961 1.1668 0.61352 0.725975 0.940329 0.387561 0.454722
1.14511 0.749857 0.347237 0.702421 0.940259 0.557901 1.05116 1.17689 0.305131 0.699744 0.083365 1.06772 0.380398 1.1782 0.729791 0.309043 1.01089 0.727364 0.933713 0.992499 0.553096 0.505182 0.419413 1.00803 0.597932 0.767986 0.958969 0.931856 0.938125 0.0901123 0.497458 0.822615 0.68828 0.855528 0.439936 0.910655 0.390622 0.687534 0.97413 0.669588 0.291546 0.389328 0.922377 0.194281 0.828344 0.862497 0.524591 0.46569 1.11669 1.002 0.485333 0.613892 0.355801 0.708315 0.587811 0.285614 0.991914 0.630361 0.781067 0.410488 0.902357 0.167041 0.826446 0.909757 1.17208 1.1416 0.819667 1.12262 0.312278 1.05915 0.768107 0.67883 0.940357 0.607373 0.527035
0.976641 0.670982 0.328614 0.763003 1.15211 0.611443 0.932643 1.01946 0.429342 0.68569 0.202257 0.940851 0.428676 1.01408 0.602198 0.290998 0.948402 0.857555 0.832175 0.818469 0.350252 0.23725 0.271365 1.09911 0.397729 0.821916 0.809282 1.03938 1.1803 0.220781 0.564492 0.854283 0.867135 0.875749 0.56528 1.00584 0.478736 0.802911 0.714251 0.622692 0.52525 0.402605 1.00416 0.155911 0.70497 1.0611 0.399975 0.535729 1.16192 0.960857 0.509501 0.73295 0.29473 0.752503 0.834828 0.368966 1.05264 0.503119 0.972145 0.586004 0.744847 0.115128 0.80706 0.991896 1.08223 1.10785 0.856474 0.905646 0.0972741 0.947048 0.82128 0.574983 0.983041 0.495495 0.557043
1.04924 0.77415 0.552301 0.853354 1.01732 0.550523 0.967936 1.01179 0.292433 0.855935 0.147559 1.17131 0.578585 1.11869 0.708696 0.0907101 0.984562 0.834792 0.875954 0.989713 0.541472 0.420598 0.361372 1.08516 0.431435 0.678619 0.992233 1.04208 1.04526 0.0662282 0.658638 0.820244 0.792835 0.880427 0.611512 1.00737 0.417706 0.787413 0.787812 0.584678 0.32235 0.620696 1.07167 0.105051 0.946958 0.913585 0.558714 0.57334 1.04062 0.851275 0.443077 0.837787 0.407932 0.714709 0.721295 0.40862 0.975067 0.680353 0.902607 0.574896 0.85994 0.325703 0.736668 1.12332 1.2051 1.21785 0.601072 0.926088 0.0201386 0.954559 0.708587 0.689612 0.938333 0.561651 0.452625
0.97306 0.893876 0.517893 0.803814 1.20902 0.587359 1.12681 0.923964 0.317875 0.692702 0.138844 1.1155 0.386664 0.935509 0.716945 0.0960135 1.10261 0.982941 0.805026 0.748085 0.289505 0.408581 0.548006 1.26209 0.611332 0.699886 0.946532 1.07975 1.06309 0.279051 0.698327 0.98259 0.838433 0.784458 0.44886 1.11979 0.347384 0.578066 0.731883 0.564499 0.491948 0.57116 1.04601 0.245227 0.947248 1.13517 0.4996 0.480047 1.15427 1.02373 0.729328 0.760336 0.39817 0.708168 0.622582 0.335727 0.97182 0.656891 0.997369 0.379721 0.795154 0.0730227 0.645785 1.19998 0.973733 1.2271 0.594911 0.89947 0.26944 0.981711 0.623673 0.721405 0.838066 0.422813 0.556213
0.942698 0.834936 0.401666 0.840279 1.13194 0.766514 1.00074 1.16191 0.368882 0.667341 0.347296 1.20012 0.5359 0.926079 0.733894 0.310095 1.03375 0.794548 0.904888 0.857944 0.524915 0.330235 0.523978 1.02318 0.533458 0.808317 1.08634 0.941054 0.951434 0.290253 0.724168 0.816868 0.773757 0.901229 0.612959 0.886498 0.555581 0.625097 0.832565 0.546419 0.419898 0.508869 1.03373 0.268117 0.757627 1.13971 0.53797 0.372691 1.14917 0.789316 0.537842 0.793513 0.298605 0.636606 0.749732 0.278252 0.960134 0.663383 0.945562 0.549277 0.853241 0.241208 0.60171 0.954516 1.18055 1.20903 0.779167 1.08789 0.217552 1.04872 0.618035 0.642964 1.00612 0.552179 0.496759
1.13797 0.771548 0.35294 0.893811 1.0679 0.654771 0.903876 1.03329 0.391411 0.723813 0.228843 1.0966 0.469828 1.16414 0.87295 0.220062 1.15085 0.919951 0.907985 0.953725 0.27479 0.289043 0.270273 1.14325 0.406922 0.550023 0.958018 0.876572 1.15408 0.0955747 0.698072 0.942051 0.765594 0.858046 0.486643 1.17168 0.421079 0.648426 0.835531 0.66786 0.282334 0.515009 1.06186 0.16757 0.779728 1.0192 0.455924 0.503706 1.07512 0.740797 0.528881 0.820096 0.529023 0.595406 0.838039 0.256385 1.07509 0.748032 0.946401 0.332744 0.935248 0.153956 0.763782 1.08379 1.17006 1.25392 0.649437 1.14449 0.280223 1.03809 0.835379 0.767299 0.806472 0.46015 0.61666
1.06487 0.611339 0.470909 0.844333 1.12486 0.720949 1.12413 0.987802 0.340103 0.784738 0.0826424 1.1504 0.541403 1.14416 0.603582 0.328244 1.06364 0.714568 0.824085 0.947867 0.447021 0.284487 0.429687 1.08804 0.672602 0.686827 1.06817 1.00054 1.05493 0.191423 0.530118 0.99845 0.757391 1.03418 0.665031 1.16101 0.36826 0.542078 0.997485 0.526455 0.2889 0.547704 1.14424 0.304631 0.937263 1.13183 0.519475 0.302773 1.01976 0.795985 0.674564 0.8662 0.45229 0.559199 0.79842 0.176565 1.1444 0.761251 1.00838 0.320926 0.735797 0.183597 0.822441 0.944552 1.20972 1.13238 0.782438 1.00323 0.288106 0.985256 0.661927 0.661063 0.90779 0.381539 0.461362
