25 75
0.585104 1.15899 0.463654 0.415034 0.242336 0.106649 0.78223 0.863786 0.932663 0.299304 0.720136 0.248569 0.218691 0.56062 1.04138 0.98158 0.503926 1.09192 0.470167 0.16411 0.936543 1.0375 0.328639 0.60359 0.799617 0.589756 0.409983 0.273351 0.141999 0.608162 0.20699 0.594054 0.809764 0.464628 1.02162 1.09669 0.563486 0.952001 0.28594 0.193355 0.962141 0.840629 1.01208 0.853588 1.08742 0.549919 0.670994 0.410495 0.837328 0.866972 0.573425 0.775012 1.03337 0.97891 0.708895 0.743014 0.686243 0.422146 0.508678 1.02595 0.397525 1.2231 0.489074 0.407276 1.13357 0.774339 0.859762 0.486141 0.420646 0.599512 0.290544 0.393105 0.137425 0.887677 0.601389
0.583279 0.990773 0.354651 0.390364 0.326369 0.0907018 0.849335 0.885012 1.09569 0.513207 0.500951 0.203703 0.187583 0.692409 0.976519 0.933327 0.47161 0.884175 0.547818 0.129958 1.08313 0.905899 0.204567 0.706169 0.927511 0.493255 0.319305 0.263518 0.0615456 0.564328 0.237694 0.724688 0.656919 0.49964 1.12877 1.11891 0.603858 1.11468 0.288778 0.421577 0.801508 1.02017 0.955112 0.689248 1.14524 0.584228 0.649282 0.626292 0.851468 0.881628 0.577166 0.771731 0.895717 1.03168 0.751559 0.630881 0.788211 0.478397 0.440461 0.958034 0.301622 1.20467 0.462525 0.621999 0.973538 0.858063 1.00843 0.56489 0.397684 0.740154 0.427507 0.290913 0.386707 0.977819 0.701455
0.552423 0.991564 0.379365 0.553941 0.262473 0.208425 0.870283 0.609107 0.8447 0.456977 0.670273 0.012892 0.293053 0.482427 1.0865 0.751068 0.520306 1.15709 0.452997 0.314524 0.856059 0.977173 0.28934 0.476151 0.73542 0.434582 0.208628 0.32852 0.261487 0.530034 0.327481 0.67052 0.902991 0.646887 0.956848 1.17382 0.562851 1.00702 0.362123 0.368003 0.838074 0.904988 0.772234 0.757624 1.09232 0.432691 0.410847 0.447174 0.777633 0.937673 0.576915 0.659986 1.11032 0.986471 0.745159 0.796891 0.749543 0.265948 0.550995 1.18231 0.49595 1.24014 0.565306 0.43584 1.17032 1.01333 0.989042 0.69981 0.234766 0.748143 0.388452 0.504788 0.282535 0.826153 0.778528
0.744231 1.0463 0.508525 0.429232 0.344158 0.114176 0.905313 0.599896 0.824794 0.356672 0.613222 0.0364377 0.350546 0.682502 1.01943 0.864327 0.35421 0.980856 0.429316 0.294928 0.791253 0.90977 0.380906 0.740783 0.880987 0.553575 0.400468 0.0727032 0.266415 0.640929 0.358704 0.804146 0.864157 0.69452 1.05133 1.01215 0.401329 1.1304 0.371266 0.477998 0.860971 0.966862 0.874525 0.674839 0.932852 0.434167 0.439758 0.503748 0.923293 0.716421 0.689698 0.612736 0.920244 0.952839 0.808945 0.639254 0.730793 0.437632 0.628539 0.956074 0.59434 1.1213 0.601658 0.6891 0.963238 0.985275 0.916254 0.73149 0.203205 0.829505 0.36613 0.322653 0.153013 0.90512 0.763166
0.663163 1.0316 0.479431 0.49886 0.49036 0.137607 1.00405 0.647804 1.05235 0.332298 0.765425 0.0466559 0.391736 0.535644 0.896312 0.724908 0.290822 1.10079 0.586374 0.24396 0.92572 0.819922 0.261061 0.640323 0.766964 0.654456 0.21249 0.342838 0.243109 0.508864 0.362949 0.663378 0.757307 0.608497 0.927604 1.19814 0.353365 1.10381 0.366667 0.184186 1.06467 0.961538 0.802543 0.832888 1.2029 0.432764 0.651718 0.376645 0.731128 0.950216 0.470546 0.476548 0.90413 0.990695 0.833789 0.576452 0.644271 0.255644 0.537566 1.12367 0.376393 1.23652 0.652326 0.673808 0.951656 0.785924 1.05385 0.677074 0.218303 0.55668 0.237576 0.307548 0.347092 0.870379 0.792948
0.630868 1.09426 0.266198 0.526777 0.384725 0.18117 0.718275 0.816234 0.851364 0.328676 0.770437 0.0739634 0.169469 0.698522 0.933309 0.906943 0.394624 0.999666 0.667703 0.218801 0.975457 0.887593 0.283442 0.498157 0.895874 0.634602 0.165383 0.245853 0.257832 0.540478 0.408518 0.801528 0.788898 0.572935 0.899508 1.01435 0.566318 0.979571 0.388343 0.246153 0.846592 0.849121 1.04223 0.881263 1.16532 0.620118 0.601421 0.657205 0.873249 0.845611 0.477247 0.562905 0.943401 1.07861 0.592299 0.661208 0.777395 0.346393 0.371627 1.06534 0.478697 1.16999 0.690019 0.564222 1.15156 0.721678 1.06613 0.741476 0.337895 0.5897 0.499869 0.255075 0.327198 0.968675 0.625713
0.630244 1.0693 0.399967 0.531582 0.467037 0.264927 0.776146 0.71568 1.08533 0.522605 0.693292 0.183844 0.128481 0.754149 0.819136 0.999756 0.378363 1.08879 0.446514 0.269237 1.0423 0.926836 0.475058 0.527772 0.794401 0.593382 0.402878 0.323971 0.198252 0.425429 0.216095 0.806589 0.738307 0.629841 1.1116 0.990774 0.456978 1.01504 0.157397 0.258648 1.0288 0.989217 1.03098 0.752474 0.960636 0.409368 0.548919 0.431648 0.703238 0.98411 0.542066 0.69433 1.08287 1.023 0.603469 0.683411 0.609497 0.483637 0.566903 1.16739 0.545731 1.25364 0.502996 0.688357 0.912366 0.977092 0.893041 0.509146 0.374873 0.652142 0.358446 0.410922 0.365465 0.914666 0.690753
0.641552 0.971376 0.429659 0.611587 0.318121 0.250959 0.76504 0.776313 0.895045 0.393317 0.571368 0.215658 0.360545 0.575177 0.811902 0.944578 0.475867 0.99121 0.670586 0.287871 0.85973 0.806229 0.394069 0.511188 0.700283 0.626777 0.169048 0.0751088 0.114654 0.616428 0.325226 0.672736 0.70608 0.706856 1.10654 0.956258 0.611007 1.11159 0.343732 0.220353 0.932312 0.747038 0.952963 0.716064 1.09604 0.668698 0.531712 0.61128 0.710057 0.861393 0.490236 0.617083 0.897355 1.0285 0.839916 0.768394 0.581922 0.257592 0.452693 1.1151 0.546633 1.00611 0.703059 0.501503 1.14241 0.716126 0.881884 0.779546 0.237416 0.694752 0.322372 0.517955 0.145949 0.994017 0.737177
0.627732 1.0684 0.343615 0.517893 0.349347 0.139765 1.00819 0.859388 0.842909 0.28949 0.763261 0.222922 0.168145 0.596457 1.01637 0.797898 0.460678 1.02968 0.632582 0.105649 1.05172 1.07832 0.399633 0.724397 0.856404 0.531745 0.281646 0.0475351 0.195819 0.631877 0.319805 0.615026 0.704064 0.519917 0.886751 1.06981 0.426398 1.04452 0.344369 0.314851 0.816372 0.867104 0.925919 0.700017 0.990653 0.589703 0.653727 0.369843 0.678619 0.771066 0.534544 0.63052 1.0005 1.04004 0.824625 0.795167 0.670202 0.237803 0.519137 1.08852 0.497728 1.27568 0.4477 0.571018 1.07933 0.800309 1.05458 0.777441 0.3203 0.57228 0.389552 0.425553 0.248817 0.816521 0.558808
0.572045 1.20435 0.299079 0.491019 0.463009 0.104176 1.00057 0.651528 1.09865 0.439837 0.505399 0.216078 0.159512 0.651383 0.897395 0.741039 0.457725 1.07254 0.540794 0.124358 0.789641 0.87563 0.302359 0.747094 0.813248 0.558611 0.252008 0.103489 0.144001 0.422677 0.20116 0.565291 0.821076 0.703813 1.06048 0.979836 0.418274 0.936486 0.0989196 0.459774 1.04527 1.01961 0.872413 0.882345 1.17787 0.469234 0.55527 0.398416 0.752107 0.970457 0.639873 0.515108 0.919043 1.04419 0.643699 0.591192 0.843957 0.470907 0.653467 1.18539 0.492974 1.19788 0.421033 0.53046 1.00672 0.773776 1.06867 0.515321 0.218408 0.666359 0.359054 0.519255 0.423689 0.958017 0.654779
0.751707 1.23165 0.421327 0.362869 0.318322 0.0635531 0.874805 0.656786 0.990937 0.572337 0.609395 0.0135448 0.263808 0.501107 0.844048 0.799296 0.412925 1.0616 0.593965 0.312749 0.911917 1.03941 0.25676 0.704849 0.784996 0.617495 0.272122 0.0891477 0.0679942 0.615556 0.369071 0.642203 0.811138 0.531573 1.11662 1.1809 0.467534 1.00542 0.269858 0.364937 0.82994 0.965975 0.813266 0.845939 1.06595 0.390331 0.507138 0.605949 0.834949 0.888382 0.528653 0.587974 1.0415 0.928484 0.721832 0.594729 0.811074 0.331719 0.594007 0.933665 0.350583 1.15682 0.640976 0.456009 1.11736 0.764298 0.897764 0.661665 0.486578 0.828416 0.396961 0.342625 0.272686 1.07155 0.640321
0.577429 1.22765 0.501285 0.58995 0.444026 0.195992 0.980566 0.647493 1.01432 0.305416 0.592065 0.301091 0.178536 0.545335 1.064 0.927567 0.530877 1.1652 0.450317 0.315756 0.987865 0.848782 0.442404 0.617838 0.899011 0.627998 0.348556 0.305401 0.14941 0.366851 0.21013 0.660378 0.857347 0.573218 0.917099 1.05288 0.569649 1.09844 0.324862 0.229993 0.834185 1.0139 0.820659 0.653592 1.1633 0.519437 0.543546 0.433298 0.794332 0.830069 0.694843 0.72768 0.993903 1.00472 0.799463 0.73078 0.734344 0.303668 0.614434 1.18525 0.477107 1.03962 0.686817 0.55874 1.15967 0.86524 0.90785 0.588271 0.418837 0.694981 0.439421 0.424348 0.20663 0.91442 0.664918
0.733385 1.2335 0.500981 0.527208 0.397374 0.309189 0.897584 0.788097 0.984692 0.488555 0.703433 0.0904013 0.188465 0.743931 0.857241 0.755931 0.440779 1.01666 0.600276 0.363518 0.950016 0.968338 0.312039 0.645412 0.70181 0.390064 0.303152 0.292867 0.138578 0.549775 0.3751 0.647752 0.719908 0.633902 0.881007 1.20543 0.601234 1.0994 0.347427 0.275805 0.866047 0.766536 0.817866 0.700869 0.949264 0.486495 0.461428 0.601851 0.897115 0.910102 0.673763 0.58843 1.05735 1.00223 0.875368 0.770304 0.749844 0.320583 0.427215 0.925541 0.467293 0.984859 0.628532 0.548354 1.10494 0.890625 1.05561 0.643382 0.201322 0.552519 0.269726 0.438089 0.190876 1.01374 0.619609
0.78972 1.07976 0.538042 0.397685 0.48719 0.317711 0.800515 0.649924 1.09323 0.513082 0.711042 0.0802461 0.325264 0.545898 1.07599 0.978794 0.424249 0.898413 0.465266 0.0977557 1.03803 1.08643 0.371974 0.468036 0.803813 0.640804 0.312983 0.132761 0.14242 0.465994 0.22104 0.794663 0.740791 0.704563 0.978861 1.21256 0.418698 1.20312 0.242462 0.202342 0.933201 0.85103 0.778239 0.824452 1.02183 0.671322 0.597769 0.386655 0.705664 0.797912 0.438631 0.543856 1.06106 0.907831 0.782886 0.64571 0.708991 0.352783 0.532675 1.13462 0.336331 1.23769 0.692512 0.422755 1.09064 0.975606 1.06418 0.490753 0.408959 0.78812 0.296019 0.460215 0.319182 0.814358 0.644966
0.660716 1.16143 0.257185 0.567598 0.250451 0.133386 0.976049 0.801243 0.877809 0.577698 0.725078 0.105093 0.192558 0.505101 1.04741 0.750895 0.315035 1.09114 0.47034 0.130075 0.856201 0.831066 0.334283 0.461914 0.911989 0.367871 0.249965 0.0696282 0.0836906 0.492278 0.421231 0.641026 0.847031 0.479679 1.12971 1.10491 0.367807 1.14843 0.230342 0.366169 1.05351 0.859655 0.967996 0.644663 1.11862 0.409729 0.44061 0.611097 0.886629 0.877195 0.548305 0.65485 0.864756 0.905134 0.633647 0.601929 0.79187 0.361556 0.563085 0.978787 0.541735 1.21016 0.58858 0.655309 1.00122 0.83508 0.831837 0.557718 0.332493 0.78823 0.304756 0.308585 0.180822 1.05895 0.809915
0.560972 1.07871 0.512856 0.574477 0.45157 0.299685 0.965758 0.731009 0.892498 0.429875 0.551865 0.213353 0.254791 0.54812 0.947243 0.906226 0.272781 1.06069 0.523531 0.0901145 0.860865 1.05849 0.435594 0.749723 0.886594 0.461564 0.249701 0.325805 0.0248549 0.618993 0.20746 0.591272 0.669227 0.690729 1.01286 0.946438 0.380549 1.09765 0.0988368 0.368733 1.03187 0.750763 0.888585 0.769964 1.00296 0.410074 0.504243 0.574673 0.860945 0.745633 0.568207 0.678514 1.08172 0.970049 0.763361 0.580627 0.690954 0.413106 0.611019 0.990237 0.490271 1.01012 0.414898 0.448056 1.18273 0.961285 0.838985 0.761041 0.37317 0.802347 0.416302 0.36649 0.238402 1.01669 0.783234
0.738349 1.14305 0.274858 0.335863 0.40655 0.204744 0.795908 0.869161 1.09266 0.290994 0.784071 0.0613898 0.223446 0.737144 0.848335 0.839295 0.508769 1.04639 0.571342 0.228091 1.06607 0.845197 0.218239 0.7108 0.790932 0.657455 0.395766 0.278469 0.0836266 0.64035 0.373837 0.8126 0.8246 0.660805 0.95973 1.04494 0.508583 1.01342 0.277201 0.241044 1.03987 0.834349 0.925036 0.659337 1.08615 0.455577 0.379985 0.39274 0.65234 0.909304 0.645858 0.511511 0.881088 0.895632 0.746117 0.869664 0.656366 0.279084 0.442505 0.944914 0.568304 1.2128 0.644219 0.629632 1.19749 0.846797 0.796655 0.735049 0.269525 0.592292 0.293596 0.254632 0.178259 0.93287 0.838131
0.662823 0.992963 0.290534 0.583563 0.381849 0.237417 0.953537 0.783184 0.886409 0.552529 0.733584 0.162738 0.272712 0.596323 1.0449 0.763755 0.495566 1.15235 0.62923 0.357818 1.07052 1.08066 0.378484 0.636763 0.742476 0.373708 0.264856 0.194868 0.049244 0.538505 0.246671 0.778479 0.847057 0.478891 1.1544 1.05652 0.360687 0.94475 0.218333 0.476296 1.04773 0.832882 0.938895 0.818264 0.938579 0.421988 0.591371 0.466309 0.686969 0.955086 0.60393 0.681048 0.977123 1.03639 0.811785 0.644149 0.701861 0.425547 0.621938 1.07199 0.480905 1.11854 0.490934 0.66652 1.06276 0.940805 0.986888 0.614929 0.410031 0.622082 0.455129 0.532809 0.416688 1.00227 0.75185
0.587068 0.978167 0.481428 0.571262 0.391451 0.111014 0.997916 0.666377 1.01804 0.381277 0.59624 0.208603 0.211516 0.587444 0.826843 0.914113 0.422742 0.926597 0.63284 0.323846 1.06485 0.919027 0.316679 0.754185 0.759478 0.634813 0.114928 0.153571 0.299033 0.60585 0.268301 0.779576 0.86457 0.702503 0.88574 1.16148 0.609029 0.970141 0.300522 0.20084 0.980624 0.820507 1.04021 0.606426 1.14673 0.544349 0.650398 0.611941 0.810106 0.897935 0.428011 0.507223 1.04775 1.10215 0.783218 0.705773 0.734645 0.460436 0.603902 1.10335 0.482803 1.03847 0.495632 0.441456 1.10033 0.79613 1.05081 0.755599 0.270548 0.817257 0.278422 0.295519 0.165049 0.839882 0.828971
0.688603 1.1731 0.297705 0.484885 0.456453 0.073862 0.761605 0.707238 0.970862 0.552494 0.713443 0.223911 0.16282 0.504799 1.09419 0.946125 0.494099 1.1569 0.714369 0.241049 0.956162 0.809501 0.278443 0.741569 0.958983 0.641633 0.341377 0.316422 0.0904051 0.466179 0.448093 0.816534 0.846334 0.548484 1.11432 1.16782 0.448017 0.947069 0.163825 0.293408 0.809151 0.731152 0.808169 0.745701 1.16841 0.554996 0.451169 0.41064 0.787003 0.914917 0.663745 0.532944 1.05983 1.06214 0.692807 0.798417 0.839324 0.357555 0.625931 0.92051 0.380572 1.10947 0.665693 0.655332 0.985221 0.802223 0.969128 0.742092 0.431305 0.725926 0.325682 0.41286 0.411376 1.00467 0.757621
0.651709 1.0602 0.487197 0.546066 0.42094 0.267398 0.896229 0.716263 0.867099 0.442799 0.708967 0.1944 0.362788 0.488834 0.879587 0.899147 0.293074 1.144 0.437229 0.305733 0.955121 1.09464 0.418003 0.478353 0.993892 0.403695 0.243905 0.170678 0.149377 0.622193 0.313229 0.727056 0.728785 0.551187 1.02125 1.05693 0.543322 1.07571 0.211415 0.278609 1.06353 0.875845 0.983723 0.748945 1.09481 0.524909 0.410351 0.521208 0.812386 0.878117 0.704194 0.603924 1.07425 1.09784 0.780358 0.773156 0.641621 0.266836 0.473341 1.06119 0.444417 1.03147 0.422745 0.469945 0.911085 0.748662 0.872544 0.736894 0.194144 0.780277 0.233825 0.446421 0.280654 0.837956 0.616726
0.617151 1.09224 0.345201 0.536144 0.382436 0.105837 0.803491 0.846878 1.04529 0.481267 0.762289 0.297243 0.235183 0.461664 0.881581 0.927915 0.346923 1.03211 0.671365 0.20328 0.896725 0.863571 0.216051 0.569148 0.885603 0.522148 0.385339 0.0738894 0.107053 0.482294 0.266894 0.807684 0.811694 0.509312 0.886608 1.0348 0.491335 1.0239 0.352168 0.345351 1.02748 0.730435 0.916565 0.638136 1.04902 0.477033 0.641142 0.549241 0.902505 0.834922 0.55043 0.669895 0.929859 1.0778 0.718029 0.585015 0.841241 0.351327 0.638738 1.06676 0.568239 1.16728 0.541195 0.586508 1.17822 0.740262 0.959422 0.495006 0.423539 0.841821 0.483355 0.425044 0.38655 0.941576 0.8345
0.803053 1.17262 0.369796 0.37936 0.499629 0.329245 0.915356 0.726783 0.939047 0.40466 0.601068 0.0955242 0.353285 0.54532 1.00266 0.845784 0.379653 1.03333 0.502929 0.104184 0.813283 1.03666 0.249656 0.573944 0.741581 0.394369 0.117246 0.0869914 0.234197 0.405 0.292319 0.654854 0.757913 0.55311 0.932674 1.0994 0.361799 0.926807 0.241982 0.408651 1.07472 0.98686 0.938557 0.658305 0.939468 0.483549 0.479789 0.380421 0.857453 0.795453 0.678377 0.565303 0.91618 0.812051 0.810873 0.672339 0.626208 0.440831 0.578798 0.955184 0.499296 1.071 0.536784 0.630091 1.12516 1.00681 0.954028 0.529423 0.347934 0.803859 0.354366 0.383359 0.37747 0.965897 0.631925
0.724979 0.990138 0.306282 0.435894 0.329349 0.335763 1.00363 0.885146 0.834401 0.359571 0.564351 0.24287 0.24156 0.730409 0.909109 0.725641 0.472991 1.1227 0.709263 0.188791 0.947801 1.03231 0.430567 0.630619 0.974543 0.472004 0.38027 0.291221 0.260309 0.510457 0.222095 0.557926 0.777914 0.546225 1.02771 1.22171 0.505885 1.16723 0.311683 0.44118 0.983293 1.02449 0.966976 0.860252 1.00156 0.5493 0.481169 0.611736 0.946167 0.730404 0.446888 0.636387 0.966642 0.876266 0.738966 0.867964 0.785482 0.370052 0.386528 1.12073 0.550857 1.11495 0.435958 0.444478 1.14011 0.870396 0.992484 0.595502 0.303556 0.580534 0.360614 0.430887 0.388336 1.01791 0.743112
0.78486 1.20673 0.52843 0.351352 0.474487 0.096492 0.930474 0.636962 1.07419 0.438914 0.705659 0.0444305 0.312871 0.730681 0.960523 0.739489 0.459109 1.11691 0.621082 0.371114 0.966082 1.05333 0.256521 0.637307 0.777551 0.604872 0.34869 0.146523 0.231949 0.457025 0.30128 0.653336 0.86347 0.631993 1.05409 0.970696 0.398884 1.18824 0.219594 0.295162 0.988901 0.909934 0.942023 0.731034 1.00096 0.660507 0.55646 0.474849 0.830117 0.866822 0.610942 0.68402 0.887104 1.05009 0.852481 0.801597 0.859109 0.408037 0.658013 0.929383 0.441483 1.15874 0.602869 0.608758 1.06297 0.809802 1.08675 0.66382 0.353856 0.832886 0.401506 0.310669 0.298237 0.962099 0.711092
