25 75
0.987019 0.45537 0.676963 0.760441 0.136226 0.114604 0.654963 0.543427 0.85386 0.63123 1.05058 0.941848 1.04677 0.603079 0.953626 0.692781 0.599328 1.00769 0.828631 0.340534 0.83114 0.202767 0.125806 0.350586 0.214974 0.270278 0.65516 0.103631 0.975441 0.109534 0.333106 0.305432 0.587355 1.16932 0.233152 0.745495 0.563505 1.03179 0.543312 0.500105 0.968143 0.242876 1.09537 0.657395 0.785187 0.316451 0.444504 0.188641 0.806645 1.24903 1.05296 0.714533 0.785514 0.283621 0.819183 1.09043 0.62039 0.860486 0.625005 0.450118 0.490401 1.05827 0.980849 0.377158 0.757431 1.21112 0.265249 0.493822 0.0672629 0.099737 0.449311 1.0283 0.603833 0.87923 1.07317
1.04826 0.362541 0.429437 0.701349 0.0852558 0.16928 0.658197 0.518207 0.848219 0.736331 0.827032 0.714875 0.980582 0.811285 1.08071 0.683907 0.638586 1.11923 0.889031 0.405717 0.892347 0.37322 0.272964 0.340853 0.241307 0.428777 0.668089 0.0736274 1.13722 0.155899 0.18529 0.306907 0.64622 0.923959 0.108783 0.601148 0.441249 1.08602 0.461551 0.630136 0.830612 0.239022 0.870847 0.751686 0.829535 0.52443 0.368749 0.326845 0.642041 1.09532 1.11411 0.942475 0.930215 0.337367 0.824811 0.914699 0.527459 0.802267 0.598799 0.320863 0.411787 1.17004 1.04828 0.654423 0.845777 1.04894 0.217019 0.37821 0.185341 0.257455 0.620356 0.955593 0.706157 0.802643 1.10253
0.88574 0.461641 0.574711 0.584859 0.187127 0.15951 0.583129 0.467281 0.874436 0.656515 0.883704 0.731894 1.01003 0.8066 0.91482 0.796485 0.790784 0.942689 0.778851 0.269846 0.790362 0.267297 0.214401 0.374748 0.169028 0.360086 0.611395 0.145356 1.0761 0.289259 0.202305 0.234514 0.464838 0.970879 0.184048 0.64641 0.501796 0.973 0.541174 0.594627 0.995974 0.317337 0.811662 0.533689 1.03078 0.488964 0.40485 0.42239 0.64307 1.04933 0.885308 0.696989 0.815966 0.31504 0.919141 1.04326 0.483638 0.814433 0.723541 0.421056 0.327117 0.978543 1.06006 0.505622 0.65275 1.2518 0.23241 0.29793 0.319969 0.289795 0.476113 0.92007 0.489567 0.848462 1.13059
0.936027 0.464427 0.425176 0.612792 0.181788 0.152058 0.697786 0.418915 1.03318 0.737568 1.0837 0.844696 1.06068 0.831493 0.897254 0.739209 0.793246 1.10301 0.885783 0.270932 0.817886 0.151698 0.227417 0.343911 0.404657 0.318168 0.526895 0.163772 1.12398 0.297845 0.188337 0.168672 0.529173 1.06266 0.226403 0.725423 0.493794 1.10533 0.429405 0.497663 0.963242 0.249086 0.833831 0.605121 0.933048 0.299714 0.331713 0.391345 0.752387 0.980852 0.894544 0.758931 0.832999 0.299739 0.934987 0.914819 0.553661 0.844837 0.695847 0.400881 0.250014 1.2375 1.17584 0.524785 0.804074 1.23109 0.202056 0.398794 0.0448197 0.19757 0.62984 0.867362 0.637612 0.750405 0.968355
1.1505 0.463148 0.414129 0.705099 0.147748 0.146709 0.522539 0.408185 0.836076 0.717415 1.04974 0.875213 0.850251 0.74964 1.08717 0.536435 0.732029 1.14601 0.806701 0.211944 0.708117 0.247599 0.398327 0.378864 0.313041 0.461264 0.533303 0.0687033 0.964796 0.301251 0.231415 0.255751 0.627793 1.01658 0.298724 0.721568 0.487209 0.990945 0.558727 0.638758 1.03229 0.44421 0.8655 0.488561 0.861327 0.337043 0.420292 0.374158 0.62841 0.952309 0.868468 0.807878 0.890106 0.386086 0.789791 1.05693 0.566525 0.95345 0.638762 0.431145 0.292116 1.22125 0.958561 0.453845 0.759408 1.18901 0.292327 0.384925 0.131418 0.133557 0.642229 0.935454 0.707861 0.787443 1.07631
0.990871 0.464468 0.574371 0.797631 0.269532 0.299837 0.533434 0.471864 1.03783 0.659274 0.859007 0.812721 1.09777 0.628248 1.02809 0.648734 0.647477 1.02157 0.843417 0.301609 0.929515 0.407033 0.284077 0.491095 0.177061 0.248307 0.553049 0.2759 0.996988 0.14357 0.258595 0.219429 0.506515 1.1711 0.12116 0.645845 0.497005 1.02333 0.553756 0.591982 0.753824 0.25164 0.987832 0.544274 0.885936 0.513906 0.166914 0.148547 0.736285 1.17739 1.00628 0.929621 0.754464 0.495381 0.967115 0.886852 0.573431 0.810677 0.70445 0.415965 0.499891 1.2577 1.22975 0.504579 0.711949 0.995842 0.329029 0.4687 0.279367 0.162214 0.611015 0.922878 0.541697 0.797113 1.02554
0.961027 0.528277 0.693893 0.706916 0.301368 0.301436 0.690433 0.406384 0.933705 0.731913 0.911609 0.902209 1.01512 0.626558 1.03346 0.599082 0.802162 1.13425 0.963123 0.376844 0.701095 0.280682 0.162188 0.31627 0.277945 0.373717 0.586397 0.268314 1.05308 0.1143 0.277221 0.224699 0.680161 0.993555 0.183313 0.860169 0.525637 1.19028 0.491923 0.588915 0.767769 0.426614 0.818123 0.567273 0.804377 0.293766 0.237659 0.218483 0.620391 1.0786 0.993718 0.851166 0.736029 0.356971 0.90069 0.904132 0.464942 0.9596 0.625346 0.385664 0.433217 1.19363 0.983912 0.621137 0.872796 1.02399 0.325916 0.461428 0.249714 0.158779 0.439267 0.915061 0.57601 0.834794 1.11365
0.933224 0.379439 0.571533 0.666722 0.192422 0.210515 0.599237 0.381061 0.981395 0.789302 1.03675 0.745608 0.952969 0.718491 0.991285 0.748843 0.74648 1.21727 0.784918 0.348334 0.669364 0.394788 0.315845 0.361939 0.441705 0.224565 0.544725 0.288493 1.18912 0.227886 0.104963 0.0882876 0.614402 0.911987 0.316326 0.805419 0.578673 1.08647 0.461143 0.718232 0.822929 0.357755 0.817039 0.517861 1.0479 0.294793 0.252037 0.415892 0.629696 1.14327 1.07869 0.847552 0.723972 0.369678 0.883057 1.06034 0.559966 0.803279 0.701063 0.322248 0.340606 1.20364 1.08362 0.642258 0.694395 1.01676 0.424381 0.374961 0.117147 0.10637 0.366612 0.896978 0.629501 0.876968 1.10994
1.13074 0.522146 0.534587 0.719478 0.210903 0.174855 0.486026 0.491449 0.930091 0.634973 0.830928 0.751466 0.844059 0.829402 1.02745 0.5657 0.842833 1.18318 0.881826 0.278446 0.877041 0.176748 0.173247 0.428476 0.430921 0.340614 0.62964 0.296597 1.06566 0.288553 0.171626 0.34835 0.748859 0.946361 0.307893 0.860865 0.679772 1.10907 0.401936 0.512882 0.846664 0.240979 1.05976 0.504741 0.945497 0.440591 0.174864 0.382125 0.60804 1.09523 0.872734 0.651424 0.640348 0.395718 0.987213 1.05851 0.515796 0.773647 0.550244 0.261415 0.484189 1.23597 1.15543 0.586377 0.77927 1.11707 0.245806 0.315588 0.19709 0.374101 0.507399 1.10742 0.733303 0.762556 1.11158
0.904702 0.352801 0.449579 0.762488 0.106754 0.328926 0.699056 0.274929 0.987188 0.635428 0.963278 0.752909 1.10666 0.690893 1.07663 0.763816 0.837658 1.09983 0.897444 0.137217 0.76986 0.358198 0.311058 0.331051 0.176365 0.37404 0.698925 0.117294 0.996253 0.287836 0.183118 0.231753 0.6313 0.91426 0.362623 0.770636 0.650132 1.04279 0.664171 0.503442 0.948865 0.328019 0.912584 0.615792 1.00464 0.294062 0.31007 0.212136 0.692819 1.05074 0.93655 0.669389 0.85164 0.458883 0.775165 0.861958 0.558047 0.717695 0.656904 0.35022 0.296825 1.0908 1.19827 0.370493 0.646242 1.18938 0.364219 0.395717 0.257776 0.375845 0.498946 0.854342 0.641876 0.972724 1.17801
1.1471 0.465801 0.5759 0.640471 0.32551 0.0930539 0.497553 0.463616 0.812436 0.542554 0.90221 0.938004 0.888382 0.872375 0.901027 0.760052 0.873763 1.08269 0.995067 0.323287 0.892566 0.418686 0.386857 0.365287 0.435819 0.41189 0.64739 0.299925 0.949541 0.279876 0.284782 0.301521 0.607718 0.948747 0.263297 0.868134 0.484096 0.921977 0.595762 0.540072 1.00622 0.372136 0.8225 0.66 0.976376 0.333707 0.419351 0.366815 0.668037 1.10788 1.14208 0.906076 0.871018 0.483883 0.857076 1.07322 0.368601 0.767413 0.756245 0.327214 0.332812 1.18035 1.06694 0.66421 0.842247 1.09059 0.383017 0.302037 0.316795 0.347647 0.61505 0.901286 0.643163 0.817306 1.10892
0.941965 0.574231 0.534438 0.87212 0.263392 0.244862 0.571019 0.510853 0.849413 0.601958 1.0131 0.87392 1.05134 0.60318 0.946539 0.627839 0.704964 1.0489 0.749913 0.137791 0.784063 0.153099 0.304371 0.520808 0.182526 0.484462 0.529998 0.304854 1.07521 0.373147 0.288783 0.339832 0.604052 1.05883 0.343022 0.675864 0.539998 0.979307 0.583939 0.517268 1.00215 0.450449 0.961926 0.612916 0.929922 0.555107 0.443408 0.438217 0.529274 1.11361 0.943554 0.802416 0.912765 0.550848 0.849217 0.99398 0.509521 0.80913 0.480781 0.314686 0.449301 1.22384 1.02758 0.399907 0.670624 1.1023 0.247183 0.425626 0.0667186 0.209249 0.476556 1.139 0.499748 0.874986 1.14826
1.16732 0.560492 0.696442 0.705971 0.242684 0.231568 0.626887 0.51735 0.856154 0.772315 0.872172 0.845964 1.10197 0.885817 1.03355 0.737216 0.860712 1.09273 0.909177 0.24287 0.8247 0.172894 0.391018 0.403309 0.407394 0.444156 0.627253 0.173846 1.03732 0.247561 0.182427 0.233532 0.581477 1.07992 0.161511 0.767381 0.442653 0.950837 0.447329 0.663461 1.04369 0.477967 0.808513 0.526549 0.991318 0.566906 0.168957 0.40243 0.78354 0.973291 1.13055 0.839254 0.896517 0.456777 0.719895 1.09956 0.499018 0.802662 0.518731 0.205317 0.390221 1.02364 0.939344 0.605219 0.681744 1.0205 0.177755 0.338924 0.204851 0.122838 0.46045 1.14291 0.735456 0.971898 1.157
1.02779 0.44584 0.521864 0.870871 0.0370244 0.269432 0.711905 0.423098 0.969357 0.566472 0.963401 0.777922 1.03474 0.66351 0.82243 0.535392 0.822561 1.21244 0.828492 0.307763 0.943101 0.377835 0.390819 0.576849 0.352825 0.284574 0.679051 0.0636088 1.15685 0.329213 0.158157 0.0594817 0.680609 0.897205 0.301297 0.598658 0.551804 0.992429 0.441371 0.702748 0.87273 0.227032 0.962804 0.623425 1.04208 0.43197 0.320993 0.396337 0.660241 1.12493 0.967386 0.817771 0.900695 0.431214 0.866045 1.03649 0.5976 0.879729 0.609163 0.447 0.462095 1.17502 1.14318 0.57181 0.862122 1.23041 0.191721 0.227643 0.0583426 0.245932 0.617109 0.9131 0.482301 0.91817 1.11089
0.884659 0.480246 0.641992 0.833025 0.191255 0.274338 0.659288 0.42777 0.924186 0.763468 0.858986 0.926048 0.95021 0.693462 0.867242 0.688491 0.578574 1.00307 0.814649 0.189369 0.709852 0.316459 0.172007 0.466074 0.337401 0.218847 0.694635 0.319706 1.17386 0.195266 0.18266 0.114181 0.635873 0.989429 0.312469 0.825884 0.433222 1.18187 0.635653 0.547301 0.879369 0.462201 0.818467 0.62199 0.958373 0.353393 0.167051 0.308601 0.600545 1.23818 1.07817 0.878848 0.878781 0.463898 0.826292 1.05733 0.427409 0.689271 0.515593 0.425066 0.4053 0.960857 1.16702 0.433388 0.711236 1.1735 0.184196 0.311724 0.220153 0.200042 0.582165 1.12442 0.572783 0.758952 0.964631
0.977462 0.43931 0.686421 0.657004 0.259681 0.200933 0.500607 0.497465 0.80454 0.799766 1.00508 0.964145 1.08588 0.637318 1.00461 0.755327 0.839794 0.970822 0.791432 0.146677 0.733775 0.247751 0.206557 0.496088 0.355514 0.489715 0.420302 0.117845 1.01427 0.183065 0.350973 0.226515 0.595587 1.13068 0.200575 0.848609 0.543338 1.05187 0.439172 0.728425 1.01227 0.269359 0.915624 0.736679 1.04722 0.484993 0.196414 0.184424 0.695003 1.19873 0.991055 0.813505 0.748529 0.339611 0.798121 0.930351 0.483008 0.924603 0.634112 0.440844 0.280659 1.25782 1.19228 0.482473 0.655753 1.07476 0.170971 0.34436 0.265378 0.221662 0.495386 0.858708 0.591496 0.74829 1.15654
0.98889 0.540783 0.46212 0.62834 0.209013 0.113177 0.64185 0.505795 0.958491 0.73439 0.839312 0.704838 1.02838 0.641871 0.909412 0.579384 0.59818 1.18272 0.912866 0.271909 0.74285 0.14001 0.173622 0.331797 0.3155 0.459588 0.704613 0.248335 1.21144 0.280614 0.294874 0.122837 0.477752 1.1502 0.377753 0.671209 0.556561 1.06522 0.462135 0.433669 0.875521 0.382418 1.06375 0.658515 0.910384 0.345488 0.38147 0.321576 0.658605 1.03099 0.937234 0.932314 0.71684 0.45877 0.790921 1.05861 0.339698 0.858913 0.546149 0.179767 0.501266 0.978873 1.18874 0.455239 0.709119 1.00763 0.329435 0.235257 0.0870685 0.16706 0.399794 0.946428 0.640512 0.82582 0.919406
0.889799 0.295273 0.608633 0.647628 0.0830233 0.137514 0.580614 0.377818 1.08228 0.638335 1.02889 0.795258 0.865975 0.684387 1.01371 0.569597 0.764365 1.07218 0.70884 0.42058 0.755024 0.299077 0.338688 0.315121 0.320238 0.434373 0.700837 0.122136 1.08618 0.125375 0.338789 0.277853 0.654746 0.927486 0.10969 0.859901 0.507066 1.13989 0.447298 0.585804 1.01856 0.455918 0.983789 0.725179 0.815121 0.410608 0.266663 0.147382 0.618863 1.12323 1.00477 0.683784 0.802469 0.391179 0.865923 0.819505 0.361815 0.885518 0.599179 0.189193 0.245968 1.22735 1.18039 0.659246 0.763641 1.04309 0.361907 0.237078 0.249487 0.10824 0.458451 0.877443 0.578843 0.83834 1.18554
1.06393 0.348184 0.58055 0.586877 0.286875 0.0744446 0.604711 0.428892 0.840596 0.662188 1.08799 0.944753 1.06424 0.710522 0.954509 0.672832 0.78895 0.971636 0.879733 0.298391 0.678499 0.237517 0.108271 0.57748 0.199991 0.289172 0.587058 0.266609 1.00343 0.264842 0.191959 0.0926304 0.5327 1.14222 0.233817 0.665425 0.697946 1.15857 0.577612 0.499025 0.9583 0.443645 0.886684 0.685066 0.964805 0.545201 0.3997 0.259757 0.803355 1.2235 1.07026 0.757064 0.694468 0.291856 0.720223 0.943418 0.475407 0.816215 0.617175 0.28885 0.4116 0.973377 0.99539 0.482353 0.790705 1.29268 0.352743 0.217008 0.0744552 0.276929 0.492048 0.88046 0.571151 0.719016 1.15617
1.06603 0.537557 0.500053 0.673634 0.281048 0.125409 0.452735 0.5108 0.846123 0.806934 0.97243 0.789094 1.01101 0.772948 1.00355 0.698092 0.695926 1.04379 0.90038 0.164394 0.891426 0.244968 0.21886 0.556586 0.298889 0.286814 0.473857 0.171753 1.00245 0.133892 0.324504 0.275989 0.58108 0.908303 0.140686 0.837185 0.528525 0.902879 0.569816 0.675277 1.00134 0.370145 0.948463 0.541114 0.892458 0.530761 0.390006 0.34353 0.705463 1.1764 0.851544 0.718052 0.805541 0.482891 0.790932 0.984448 0.465986 0.903489 0.586281 0.422731 0.374691 1.0255 1.22288 0.485419 0.831796 1.03078 0.328958 0.230093 0.332774 0.107585 0.370861 1.145 0.65565 0.971108 1.01249
0.934093 0.468763 0.504286 0.722383 0.169774 0.255645 0.693246 0.464699 0.84129 0.658044 1.04521 0.764256 0.985065 0.654465 0.992512 0.556136 0.643337 1.12338 0.876364 0.19438 0.960795 0.159219 0.205649 0.418969 0.280655 0.393653 0.450341 0.0660612 0.927299 0.127335 0.148039 0.121884 0.458406 1.08746 0.118243 0.857625 0.553884 1.00877 0.662822 0.556309 0.943413 0.46944 0.977831 0.490441 1.01242 0.45886 0.266952 0.217397 0.636419 0.979162 1.0366 0.881166 0.878332 0.453357 0.997562 0.934443 0.477837 0.919389 0.58429 0.332546 0.223031 1.10596 1.14386 0.55987 0.719587 1.00645 0.316703 0.359346 0.236564 0.120095 0.360931 1.05419 0.66672 0.725441 1.05046
0.962023 0.3516 0.422258 0.608961 0.197026 0.27989 0.721754 0.320766 0.89279 0.58345 0.971927 0.858775 0.893953 0.83653 0.801649 0.710953 0.799972 1.11011 0.992585 0.173934 0.697704 0.308847 0.358962 0.473957 0.321364 0.232015 0.48188 0.143456 1.00862 0.386527 0.247303 0.146693 0.631986 0.882878 0.267702 0.723792 0.541614 1.0691 0.524008 0.551095 0.747635 0.471316 0.908835 0.6143 0.876107 0.286647 0.238419 0.181483 0.723645 1.04258 0.954601 0.809366 0.773676 0.427166 0.761989 0.968029 0.544216 0.733933 0.727718 0.397448 0.436545 1.1667 1.09055 0.644099 0.667975 1.09295 0.349342 0.285419 0.311628 0.220648 0.378191 1.077 0.535009 0.820105 1.18287
1.12083 0.31418 0.43313 0.676466 0.127807 0.102297 0.650247 0.355305 0.970653 0.800484 0.926649 0.855011 1.01757 0.596138 0.847379 0.52952 0.816932 1.2278 0.91558 0.171914 0.817721 0.376813 0.21932 0.343827 0.208282 0.394807 0.609223 0.058388 1.04531 0.0998496 0.209081 0.0663173 0.50763 0.952063 0.186206 0.590926 0.438762 1.09529 0.500971 0.686412 0.774929 0.474427 0.999584 0.523316 0.979581 0.314432 0.169779 0.266105 0.637485 1.12742 1.0698 0.738827 0.91713 0.547103 0.961774 0.937405 0.529707 0.846705 0.599718 0.321208 0.323751 1.01732 1.0686 0.56626 0.900871 1.05464 0.399359 0.483988 0.0994524 0.32571 0.414832 1.12327 0.726889 0.945389 1.04817
0.911649 0.371574 0.527125 0.613922 0.0939965 0.348235 0.661715 0.506417 0.820251 0.777037 1.02013 0.923972 0.997383 0.635954 0.953865 0.508936 0.727 1.18726 0.698704 0.304651 0.935685 0.410338 0.184817 0.479746 0.20805 0.290964 0.479948 0.217899 1.03992 0.0989625 0.0689589 0.056456 0.497551 1.04629 0.372442 0.789872 0.591646 1.08038 0.415437 0.497429 0.846016 0.48508 1.08245 0.707158 0.81636 0.405058 0.215554 0.351388 0.659498 1.14141 1.02792 0.778063 0.71075 0.265386 0.832552 0.962537 0.492492 0.78692 0.551716 0.163861 0.47489 1.23775 1.02562 0.568913 0.889987 1.21089 0.262252 0.461053 0.0408727 0.289318 0.349446 0.906543 0.732258 0.936763 0.978786
1.16859 0.503809 0.427008 0.811418 0.253314 0.121947 0.428254 0.467448 1.06972 0.803373 0.934708 0.837028 0.952374 0.614793 1.08351 0.510902 0.736885 1.11357 0.914498 0.419223 0.753294 0.157975 0.368247 0.355973 0.22439 0.335083 0.695784 0.200004 1.17472 0.223929 0.207883 0.328421 0.514987 1.09901 0.280808 0.793908 0.544065 1.04865 0.63817 0.477691 0.944239 0.477898 1.09918 0.544538 0.869596 0.382534 0.293173 0.332966 0.665466 1.0674 0.853431 0.704482 0.668427 0.279374 0.831203 1.04518 0.352517 0.793985 0.53226 0.278161 0.246658 1.04462 1.01022 0.517068 0.848721 1.13367 0.237741 0.360977 0.0705543 0.280868 0.510362 0.888303 0.701173 0.788115 1.05692
