25 75
0.951763 1.0633 1.02147 0.334182 0.425419 0.829326 0.325031 0.874441 0.537621 1.13566 0.923757 1.1008 0.399161 0.548731 0.392408 1.27917 0.395571 0.565055 0.132067 0.26957 0.694329 1.13842 0.846767 0.33308 1.10869 0.880896 0.232529 0.333396 0.779937 0.493066 0.966981 0.310393 0.440168 0.79924 1.048 0.497292 0.971765 0.262179 1.08543 1.13487 0.132689 0.280767 0.503138 0.743187 0.390972 0.723891 0.939109 1.13778 0.128128 0.9588 1.03713 0.851644 0.871681 1.07198 0.778771 0.615155 0.737304 0.457793 1.2236 0.283847 0.44615 1.03988 0.937338 0.152004 1.0391 0.425135 0.136145 0.568623 0.279865 0.367189 0.284012 0.782893 0.295769 0.997137 0.372349
0.737846 1.2443 0.971853 0.369832 0.583796 0.709579 0.106833 0.779076 0.520569 0.980931 1.05212 1.1741 0.42522 0.630301 0.17563 1.02225 0.338466 0.357459 0.130506 0.18846 0.498536 1.23885 0.858755 0.337339 1.04161 0.63606 0.231633 0.447903 0.67157 0.42599 0.705404 0.304358 0.622448 0.829086 0.968675 0.419957 0.868249 0.344973 0.958897 0.915891 0.358568 0.287325 0.528579 0.756082 0.354473 0.541652 0.969171 1.07358 0.111911 0.97309 1.0644 0.68129 0.808509 0.996638 0.684631 0.767719 0.549334 0.615807 1.11168 0.294159 0.243298 0.899053 0.873156 0.267715 1.04449 0.326143 0.0775125 0.578782 0.428184 0.53553 0.383252 0.592889 0.17286 0.964829 0.274997
0.885195 1.10789 0.994432 0.332857 0.489808 0.815289 0.333855 0.917649 0.585035 0.999858 1.05232 0.896275 0.438184 0.653198 0.251168 1.11714 0.462738 0.623741 0.0632708 0.0876339 0.620782 1.04071 1.02587 0.361558 1.06379 0.904456 0.163334 0.543915 0.696937 0.663601 0.910742 0.35449 0.422159 1.09271 0.860049 0.329789 1.15363 0.509579 1.01198 1.11726 0.329601 0.467028 0.569426 0.879257 0.369719 0.6431 0.974418 1.12749 0.214173 1.09509 1.15921 0.69688 0.777176 0.984557 0.793246 0.862436 0.726295 0.706081 1.25194 0.373413 0.446531 0.923311 0.665584 0.0681469 0.876828 0.212853 0.17922 0.421882 0.457633 0.348493 0.324712 0.659809 0.447041 0.870721 0.527084
0.928703 1.17795 1.1153 0.304177 0.494056 0.60856 0.364219 0.89852 0.610744 0.981369 0.929232 1.02912 0.427248 0.574101 0.36585 1.28416 0.307735 0.578252 0.330894 0.159019 0.690481 1.04654 0.928273 0.474044 1.01398 0.769516 0.270532 0.327345 0.752082 0.468838 0.73835 0.205071 0.435378 0.819912 1.09079 0.58235 1.04214 0.518054 1.0874 1.00823 0.377381 0.470581 0.735141 0.735995 0.34471 0.689603 1.02595 1.1933 0.319031 0.946181 1.0636 0.633531 0.920023 1.19815 0.740917 0.669392 0.782435 0.509208 1.03171 0.446028 0.220223 0.895223 0.690704 0.0578929 1.12464 0.42396 0.237799 0.325495 0.412173 0.426772 0.560634 0.775339 0.236567 0.840787 0.285343
0.765859 0.966665 1.074 0.478911 0.657282 0.779321 0.357636 0.721467 0.64724 1.13062 0.972305 0.977637 0.395169 0.681932 0.199218 1.00892 0.532062 0.349512 0.157123 0.316315 0.654656 0.981183 0.978302 0.604366 0.955505 0.723903 0.13249 0.555153 0.590094 0.511078 0.793027 0.191361 0.568981 0.888513 1.00314 0.454699 1.12713 0.346415 0.920186 0.882572 0.361522 0.435085 0.660766 0.969705 0.350377 0.625797 1.08542 1.14875 0.279567 1.11847 1.15292 0.720487 0.888018 1.10949 0.847122 0.77087 0.720075 0.484473 1.02926 0.384291 0.424928 0.774595 0.881362 0.19756 1.12775 0.267614 0.105548 0.371857 0.48338 0.552342 0.283907 0.547447 0.200402 0.851817 0.435587
0.976363 1.20924 1.13428 0.2946 0.592895 0.777277 0.19548 0.842357 0.570951 1.04977 1.10387 0.991351 0.230528 0.560863 0.312357 1.09146 0.514543 0.347235 0.289718 0.218239 0.606935 1.03644 1.09701 0.58442 0.994198 0.7903 0.271051 0.530801 0.656476 0.471288 0.812169 0.29139 0.56494 1.06107 0.994587 0.396396 1.04464 0.522366 1.16131 0.966768 0.177984 0.457493 0.496517 0.926306 0.368957 0.723209 0.957535 1.12441 0.324769 0.976052 1.10461 0.62959 0.970534 1.01149 0.71842 0.875735 0.673097 0.55169 1.12949 0.231972 0.339701 0.832079 0.915338 0.184525 1.04642 0.343487 0.173452 0.556265 0.340133 0.559356 0.567437 0.823786 0.358739 1.03668 0.305113
0.71801 0.980724 0.986484 0.453527 0.409192 0.64416 0.168794 0.83769 0.565676 1.00183 0.961745 0.903206 0.320501 0.527608 0.26911 0.994245 0.26323 0.619209 0.196104 0.321601 0.458618 1.17527 1.00308 0.541321 1.0825 0.865892 0.138531 0.360037 0.734946 0.654993 0.984736 0.315596 0.414705 1.05438 0.91479 0.583599 0.910885 0.399513 1.15183 1.14349 0.420273 0.39405 0.612153 0.815609 0.574834 0.465237 0.9966 0.994808 0.131318 0.912195 1.0057 0.817745 0.901012 0.980005 0.831173 0.815384 0.809774 0.575118 1.07872 0.216253 0.456162 1.04008 0.831049 0.0682751 0.965758 0.356358 0.0557329 0.460856 0.535582 0.293706 0.33469 0.570102 0.304347 1.01633 0.515694
0.759589 1.12296 1.10871 0.295356 0.567045 0.824638 0.363803 0.896223 0.635978 1.04828 0.94405 0.947545 0.331348 0.580945 0.427237 0.998945 0.517094 0.514532 0.122011 0.14085 0.690135 0.954101 1.084 0.383368 1.10444 0.907699 0.180571 0.392904 0.753242 0.660576 0.742452 0.271648 0.442334 0.977439 1.0156 0.46961 1.02802 0.387855 1.17053 1.17222 0.129318 0.272237 0.485837 0.707643 0.565647 0.450608 1.05415 1.27481 0.35066 0.875324 1.16143 0.837677 0.912077 0.948342 0.701503 0.839865 0.596661 0.711927 1.24586 0.256827 0.381355 0.882909 0.799564 0.15456 1.07674 0.406478 0.162404 0.527933 0.329229 0.423871 0.284283 0.744047 0.156321 1.01526 0.277802
0.785986 1.00814 1.09319 0.454215 0.59598 0.765691 0.169077 0.918633 0.64598 1.18014 1.1845 0.91454 0.468904 0.660351 0.233378 1.06489 0.489831 0.475133 0.0826391 0.344959 0.694297 1.04615 0.813687 0.334017 0.890946 0.677297 0.129136 0.552163 0.65332 0.551132 0.867694 0.238323 0.606256 0.901728 0.901858 0.611722 0.950683 0.41808 0.98969 0.924668 0.368969 0.506444 0.47267 0.872706 0.4718 0.653192 1.12269 1.08576 0.0852906 0.897153 1.1045 0.710851 0.979583 1.00946 0.748667 0.83703 0.763477 0.45312 1.06191 0.161277 0.381472 0.92252 0.908139 0.211044 1.04111 0.40757 0.306222 0.452936 0.529067 0.427289 0.322743 0.754204 0.15974 0.948828 0.361154
0.745289 0.991263 0.957359 0.430381 0.465219 0.561814 0.1102 0.9203 0.566416 1.02832 1.16357 0.933732 0.371381 0.540605 0.164307 1.21928 0.53033 0.598643 0.291065 0.144016 0.706228 0.987157 0.985006 0.316838 0.997973 0.621112 0.266258 0.299538 0.690129 0.642324 0.989495 0.225747 0.520939 1.06248 1.08326 0.46558 0.878402 0.479706 1.12579 1.0839 0.139802 0.476 0.626058 0.832016 0.375853 0.615616 1.09062 1.12856 0.156915 0.900192 1.04372 0.816046 0.980744 0.98185 0.939365 0.902772 0.653567 0.610381 1.028 0.380477 0.315645 0.868253 0.781064 0.260382 0.962516 0.304373 0.215253 0.341631 0.447093 0.407962 0.366574 0.613478 0.351528 0.852999 0.453164
0.988732 1.12844 1.19908 0.469378 0.52765 0.606209 0.301184 0.86843 0.493803 1.1129 0.974519 1.10282 0.405728 0.548533 0.226047 1.18499 0.378119 0.570094 0.256722 0.171078 0.702046 1.0119 0.853797 0.36763 1.11543 0.705076 0.17715 0.565683 0.754636 0.614257 0.875844 0.109499 0.571578 1.04018 0.886899 0.409827 0.874175 0.521846 1.13995 1.12157 0.370736 0.355069 0.73314 0.940295 0.474576 0.514187 1.06467 1.23883 0.346826 0.979035 1.16973 0.850475 0.975475 1.09991 0.705634 0.822128 0.60163 0.668965 1.18802 0.349726 0.484775 0.8473 0.655749 0.223373 0.903157 0.301495 0.154992 0.575126 0.53009 0.502932 0.423305 0.703783 0.323182 0.896507 0.518829
0.922916 1.07222 1.11498 0.328225 0.491093 0.608216 0.260823 0.782968 0.641615 1.00069 0.984297 1.17877 0.328938 0.532738 0.345497 0.985905 0.457641 0.537649 0.190456 0.27621 0.499664 1.18967 1.01115 0.332343 1.07438 0.719909 0.125257 0.564407 0.739903 0.600124 0.839607 0.272545 0.492827 0.818987 1.07918 0.391447 1.00196 0.522342 0.961848 0.973408 0.285127 0.236203 0.534463 0.698578 0.531332 0.526197 1.14079 1.11711 0.0954924 0.983412 1.10875 0.624251 0.729933 1.2193 0.718464 0.815299 0.779162 0.455355 1.2228 0.228118 0.235069 0.780241 0.881007 0.250587 1.09055 0.435878 0.0927667 0.490487 0.292 0.341874 0.310643 0.649135 0.414504 1.11733 0.311546
0.724764 1.21881 1.15675 0.284319 0.678245 0.813479 0.095739 0.784283 0.466774 1.09372 1.14597 0.956295 0.436032 0.66255 0.349731 1.15284 0.45299 0.408093 0.173411 0.272618 0.709973 1.23488 0.861747 0.465661 1.07554 0.900061 0.365657 0.332542 0.795554 0.572829 0.751306 0.332767 0.397055 0.812744 1.04674 0.504008 1.14456 0.450544 1.09669 0.955621 0.23257 0.378033 0.6653 0.856304 0.560188 0.698542 1.05547 1.06084 0.330574 0.886102 1.15318 0.751538 0.837367 1.08657 0.72263 0.61744 0.781678 0.494443 1.26648 0.16844 0.299875 0.832494 0.858827 0.241097 0.923945 0.351076 0.157886 0.516907 0.369775 0.422297 0.291126 0.570887 0.448304 1.10559 0.260229
0.847354 0.981129 1.10088 0.530765 0.620463 0.784563 0.144238 0.703782 0.506559 1.19468 0.900035 1.11781 0.24753 0.687807 0.307118 1.04683 0.40479 0.586946 0.256203 0.1275 0.590834 0.947073 0.896278 0.378994 1.15373 0.840268 0.242415 0.53745 0.722617 0.595638 0.811831 0.36709 0.469813 0.801714 0.922985 0.583893 0.929817 0.395515 1.11021 0.891301 0.260088 0.2477 0.50462 0.689051 0.522629 0.736038 0.907099 1.25368 0.0840908 0.971833 1.18401 0.614555 0.901084 0.942107 0.862768 0.869152 0.684514 0.627353 1.17391 0.358755 0.212193 0.869405 0.66922 0.0573496 0.912855 0.24393 0.262881 0.46104 0.366082 0.369456 0.485825 0.545487 0.371974 0.832703 0.503219
0.906055 1.06148 1.01204 0.342235 0.629561 0.715506 0.121572 0.695874 0.634317 1.16774 1.15206 1.13534 0.390347 0.684039 0.21554 1.16466 0.412491 0.47949 0.230747 0.144454 0.743507 1.07485 1.06122 0.348431 1.13805 0.645469 0.223321 0.319299 0.843457 0.65395 0.868309 0.11424 0.557585 1.03679 0.977356 0.470272 1.04441 0.417627 1.16561 0.882433 0.153876 0.23 0.629353 0.755644 0.42399 0.527688 1.03128 1.22396 0.273023 0.980982 1.0553 0.713559 0.8877 1.02391 0.744552 0.81494 0.789987 0.456153 1.10247 0.402104 0.240596 0.910567 0.908967 0.207919 0.879225 0.265371 0.10747 0.515167 0.250659 0.411502 0.529113 0.807128 0.334785 0.907018 0.412069
0.849141 1.18795 1.09201 0.410316 0.609759 0.77688 0.0907357 0.93478 0.595678 1.01672 0.96231 1.12378 0.487732 0.699642 0.177077 1.278 0.282607 0.55749 0.0834582 0.300977 0.728112 1.11793 1.04554 0.513199 1.1144 0.766832 0.252524 0.516204 0.671201 0.498606 0.871608 0.284749 0.488104 0.972949 0.892671 0.362183 0.955638 0.400648 1.17566 0.886306 0.17723 0.32745 0.513425 0.852479 0.499718 0.454978 0.94054 1.25699 0.344237 1.08887 1.17249 0.769859 0.916587 1.1143 0.725646 0.687115 0.79054 0.546978 1.17022 0.363614 0.363444 1.03173 0.890799 0.101314 0.933017 0.326822 0.101906 0.417359 0.336789 0.2747 0.372395 0.819119 0.424914 0.859128 0.274457
0.943982 1.09962 1.03695 0.283175 0.693101 0.757846 0.114665 0.715307 0.496914 1.08124 1.08487 1.14203 0.281667 0.705154 0.420936 1.01102 0.496249 0.477808 0.232894 0.270321 0.588255 1.12394 0.971679 0.607617 1.15829 0.708888 0.309524 0.288491 0.832937 0.526634 0.70151 0.205735 0.501979 0.908349 0.931533 0.60845 0.94058 0.501001 0.917125 1.06103 0.168481 0.434864 0.718589 0.887278 0.46275 0.441145 1.12076 1.11136 0.359115 0.879378 1.12639 0.763404 0.764454 1.19599 0.835547 0.864888 0.534151 0.641628 1.10281 0.307468 0.219624 0.781968 0.787266 0.156892 1.06112 0.400091 0.134868 0.366704 0.288316 0.563092 0.505383 0.769802 0.352608 0.948636 0.523297
0.884348 1.1109 0.970955 0.487615 0.522604 0.819311 0.318495 0.738518 0.61496 1.05547 0.895592 1.01354 0.410682 0.526039 0.413745 1.25068 0.299931 0.391452 0.244543 0.250381 0.664237 1.0007 1.05074 0.461716 0.973262 0.682798 0.136407 0.467824 0.59857 0.48249 0.978282 0.129589 0.609236 0.81552 1.01014 0.475131 1.14441 0.389605 0.982239 1.08398 0.340925 0.242152 0.631382 0.806932 0.524465 0.679132 1.08209 1.11513 0.158906 1.01316 1.05135 0.841292 0.839518 1.21477 0.844797 0.658058 0.720384 0.49314 1.02808 0.435509 0.296729 0.861442 0.669972 0.280481 0.89942 0.26362 0.28951 0.530679 0.284842 0.371462 0.334518 0.536314 0.286753 0.947308 0.461909
0.997373 1.06095 1.07625 0.319712 0.508907 0.784668 0.141425 0.712811 0.619393 1.02022 0.911635 1.03759 0.408665 0.742791 0.190995 1.0837 0.527582 0.360558 0.209099 0.157163 0.510766 1.12787 1.04919 0.562646 0.926529 0.668972 0.321287 0.57733 0.650648 0.653488 0.882587 0.100642 0.5673 0.831251 1.03001 0.39233 1.05565 0.505434 1.12665 1.02685 0.315747 0.321256 0.560595 0.941013 0.578336 0.611768 1.10976 1.09457 0.261676 0.894594 1.25761 0.646342 0.899663 1.20397 0.850263 0.605997 0.7642 0.690086 1.22101 0.183031 0.262294 0.85963 0.723336 0.303171 0.902307 0.363315 0.24924 0.570592 0.479873 0.278164 0.545391 0.650436 0.293218 0.893552 0.256535
0.963379 1.21458 1.03268 0.402204 0.405387 0.558152 0.330433 0.862238 0.487737 1.10187 1.14136 1.01106 0.442581 0.658919 0.197937 1.07091 0.353031 0.5694 0.211977 0.245241 0.579145 1.18755 1.00928 0.504372 0.971706 0.844816 0.320524 0.576414 0.637446 0.491707 0.930187 0.27444 0.559119 0.908085 1.00483 0.58604 0.985683 0.536859 0.981084 0.907291 0.217729 0.351119 0.472948 0.963561 0.356603 0.685577 1.15123 1.16631 0.270075 0.841577 1.04228 0.664725 0.761184 1.15784 0.935088 0.618812 0.569324 0.518499 1.13752 0.321024 0.472002 0.947403 0.886673 0.0719412 0.953916 0.273083 0.220724 0.34832 0.36295 0.419182 0.316271 0.731365 0.169002 0.886508 0.458519
0.797596 1.1887 1.06288 0.548176 0.683589 0.749991 0.115514 0.642795 0.364589 1.13555 1.04902 0.917571 0.297711 0.545018 0.443998 1.22777 0.26911 0.515697 0.278638 0.331595 0.658375 1.20062 1.02048 0.528191 1.01208 0.790172 0.361433 0.388807 0.664678 0.464343 0.726723 0.316378 0.460094 0.946497 0.945767 0.47882 1.1213 0.496298 1.11183 0.976127 0.189026 0.40069 0.579923 0.792985 0.483128 0.689647 0.936417 1.27851 0.0849151 0.976956 1.18679 0.84921 0.977004 1.21955 0.887734 0.684506 0.575513 0.666748 1.1175 0.246379 0.486852 0.862945 0.758712 0.123791 0.852801 0.257434 0.244225 0.487376 0.498842 0.493094 0.540318 0.692133 0.343112 0.921405 0.264937
0.842608 1.13724 1.09756 0.356242 0.699222 0.723585 0.262803 0.844057 0.52623 0.96576 0.953156 1.06824 0.349947 0.538974 0.404008 0.99358 0.323691 0.339616 0.168851 0.235301 0.574309 0.981186 1.0457 0.53244 0.976262 0.71614 0.38293 0.53062 0.736158 0.565172 0.699225 0.244554 0.391892 0.917395 0.862668 0.436056 0.863777 0.380122 1.09222 1.15369 0.234531 0.441006 0.581815 0.761419 0.462051 0.611222 0.888835 1.00729 0.176828 1.11463 1.15082 0.668024 0.84698 1.17111 0.812586 0.646233 0.623038 0.560829 1.25173 0.393065 0.273211 0.830406 0.742252 0.177959 0.895444 0.4739 0.155809 0.359411 0.42918 0.276444 0.352907 0.821813 0.304766 1.04829 0.440415
0.751398 1.16595 1.21034 0.284647 0.491675 0.825216 0.169197 0.919789 0.561761 0.958616 1.01909 1.0641 0.425576 0.774683 0.326916 1.10602 0.274758 0.403547 0.050422 0.205796 0.525524 1.04649 0.913446 0.385451 0.944501 0.904108 0.273233 0.399485 0.622034 0.457913 0.862961 0.211397 0.552517 0.902543 0.98443 0.486746 0.868008 0.285312 0.947282 1.13312 0.420006 0.40947 0.487491 0.854335 0.591583 0.580914 0.950824 1.07453 0.134262 1.05735 1.18705 0.740283 0.970578 1.1028 0.702396 0.690691 0.666282 0.492547 1.24282 0.291256 0.28498 0.801875 0.69346 0.18851 1.09983 0.298945 0.0280212 0.484338 0.294676 0.418309 0.274151 0.550046 0.39767 1.12193 0.539852
0.929761 1.08841 1.19018 0.276408 0.684971 0.628802 0.0967607 0.83416 0.569068 0.95781 0.911984 1.00868 0.39488 0.562393 0.195207 1.01486 0.430287 0.544326 0.104181 0.107171 0.541067 1.1696 1.01447 0.459845 0.930848 0.867465 0.105417 0.515319 0.647306 0.660276 0.765505 0.186091 0.401655 0.964823 0.897262 0.545221 1.05121 0.405881 0.978852 1.06925 0.338607 0.473771 0.485222 0.755374 0.458703 0.562082 1.15666 1.20006 0.149684 1.1165 1.1897 0.86057 0.751859 0.992346 0.767922 0.769903 0.612438 0.451006 1.06815 0.271346 0.321257 0.899323 0.811658 0.264781 1.0406 0.242323 0.136829 0.435547 0.478232 0.341467 0.518659 0.638734 0.239746 0.853643 0.498751
0.840392 1.07871 1.11695 0.397442 0.572112 0.592956 0.36335 0.906356 0.571014 1.06086 1.18308 1.03523 0.236101 0.766732 0.209126 1.27676 0.478972 0.475791 0.248029 0.0931983 0.628373 1.02427 0.826655 0.613095 1.00773 0.835642 0.340278 0.420898 0.709433 0.554839 0.967803 0.179315 0.504005 0.933403 0.973853 0.332811 1.0139 0.360422 1.0683 1.11494 0.131215 0.351271 0.686738 0.974504 0.53232 0.684815 0.959982 1.13878 0.107401 1.05653 1.16022 0.620218 0.929613 1.11636 0.778587 0.761361 0.599148 0.527459 1.14192 0.378528 0.221026 0.974773 0.822319 0.307744 1.02993 0.275055 0.182808 0.370434 0.355024 0.325367 0.542588 0.74563 0.387211 1.06127 0.513274
