25 75
0.324902 0.0791735 1.18273 0.411892 1.22236 0.687222 0.982471 0.614848 0.31003 0.328131 0.727451 0.56612 1.06612 0.239764 0.217005 1.17674 0.551675 0.761611 0.543109 0.549283 0.176749 0.0808587 1.17346 0.892772 1.20928 0.519932 0.249015 0.83537 0.44738 0.679452 0.970911 0.134283 0.552961 0.882174 1.19747 0.573354 0.341105 0.860868 0.273721 0.786543 1.08989 0.608344 0.655103 1.05409 0.695911 0.988991 0.33441 0.777523 0.926479 0.456919 1.12718 0.0605543 1.02264 0.367096 0.471257 0.388474 0.872677 0.426779 1.09317 0.174438 0.481813 0.90943 0.894781 0.254533 0.828164 1.06655 0.328496 0.396574 0.834702 1.0824 0.695416 0.667021 0.385298 0.291438 1.17115
0.403587 0.0409527 1.02239 0.355614 1.10198 0.739951 1.09501 0.586185 0.369894 0.290074 0.925255 0.62145 1.09224 0.414242 0.0765268 1.00754 0.622986 0.875135 0.605639 0.588179 0.0618779 0.18817 1.1802 0.790102 0.985796 0.402316 0.186319 0.886199 0.445339 0.563438 1.18145 0.147384 0.439579 0.913234 1.12982 0.431927 0.178494 0.82165 0.452999 0.849584 0.975486 0.571475 0.448245 1.02141 0.609604 1.04401 0.590632 0.765456 0.89273 0.487965 1.05042 0.189613 1.2266 0.41639 0.476076 0.35063 0.793343 0.46911 0.945838 0.183964 0.488205 0.913405 0.92014 0.222226 0.818973 1.02098 0.139481 0.36967 0.898892 1.18806 0.874914 0.514102 0.401271 0.323097 1.0276
0.437836 0.0726704 1.18263 0.212288 1.2198 0.721306 1.03711 0.543594 0.234842 0.220824 1.00544 0.558931 1.12528 0.527399 0.174797 1.03328 0.557503 0.918787 0.579698 0.605466 0.111539 0.0163532 0.939417 0.927812 1.20387 0.365013 0.232218 0.905327 0.475717 0.560188 0.963194 0.227546 0.437442 0.883251 1.04288 0.641858 0.297986 0.722062 0.212598 0.79142 1.01374 0.525842 0.677219 1.0436 0.636923 1.07726 0.413336 0.796095 0.782094 0.363805 1.04381 0.239681 1.10215 0.221092 0.474939 0.434895 1.03042 0.286048 1.04878 0.459416 0.497319 0.792926 0.865396 0.331636 1.03216 1.21056 0.192179 0.2047 0.933883 0.977853 0.66859 0.385307 0.182891 0.45312 1.1514
0.56848 0.0879162 1.10436 0.460609 1.05742 0.827248 0.961271 0.684369 0.264227 0.305232 0.889429 0.454535 1.02559 0.286022 0.064867 1.16163 0.773635 0.827559 0.636459 0.50841 0.148479 0.158012 1.04129 0.709838 1.17187 0.312533 0.0794884 0.789699 0.355124 0.598084 1.1634 0.231913 0.561495 0.753808 1.19603 0.425558 0.110963 0.974255 0.335909 1.00502 1.1659 0.654334 0.519109 0.987102 0.60372 0.998844 0.484694 0.697771 0.853904 0.541887 1.04111 0.0660571 1.25191 0.296559 0.439172 0.324787 0.859838 0.445898 0.878141 0.199505 0.49784 0.694127 0.923544 0.291061 0.841314 1.01591 0.20081 0.320943 0.996735 0.904321 0.913253 0.520121 0.445428 0.569361 1.06032
0.466679 0.221266 1.15061 0.34681 1.14365 0.702373 1.09111 0.470237 0.464999 0.479052 0.838294 0.452234 1.25467 0.329519 0.0833398 1.13959 0.731123 0.78992 0.366943 0.5708 0.28984 0.227869 1.12459 0.801713 1.08859 0.44492 0.158856 0.960451 0.358484 0.637793 1.07474 0.25901 0.296729 0.721434 1.21527 0.637117 0.117249 0.964902 0.315671 0.893239 1.05822 0.555619 0.695986 1.01711 0.679501 0.947658 0.539431 0.857543 0.826129 0.549292 1.04804 0.172285 1.06446 0.379448 0.281687 0.174548 0.783193 0.275909 1.01767 0.191128 0.563561 0.827212 0.845846 0.226751 0.990755 1.03344 0.193074 0.279121 0.986977 1.13734 0.70048 0.657626 0.330422 0.435736 1.25576
0.408378 0.251667 1.05317 0.234427 1.20571 0.712864 1.1248 0.705031 0.365788 0.265529 0.831893 0.5418 1.08836 0.521567 0.286784 1.21444 0.736315 0.884627 0.471883 0.57994 0.145217 0.00788787 1.16737 0.764618 1.18277 0.493698 0.0985335 0.701148 0.437869 0.442319 1.00252 0.101833 0.557504 0.713227 1.19543 0.425416 0.366911 0.883106 0.372368 0.822567 1.13164 0.582507 0.586917 0.838318 0.541449 1.21907 0.417373 0.95024 0.735117 0.635155 0.990411 0.241331 1.2806 0.17642 0.403706 0.417332 0.964124 0.548612 0.915007 0.250432 0.526768 0.725925 0.87988 0.484748 0.933373 0.934008 0.195082 0.295822 0.998648 1.00534 0.674373 0.520504 0.302318 0.521109 1.23044
0.468112 0.0209205 1.01902 0.173203 1.22455 0.718823 0.903322 0.478232 0.474016 0.455468 0.820298 0.636433 1.14666 0.398584 0.0944397 1.01234 0.613273 0.789545 0.573795 0.547808 0.099829 0.296132 0.934792 0.86302 1.07438 0.316241 0.255781 0.718289 0.413094 0.562471 1.21533 0.113684 0.401973 0.777538 0.947082 0.540889 0.278561 0.768875 0.325962 1.03001 0.945903 0.696896 0.528124 0.865016 0.669109 0.980998 0.403367 0.875794 0.765975 0.630715 0.907413 0.0533008 1.10352 0.352416 0.51936 0.252721 0.995191 0.410041 0.882387 0.324638 0.560368 0.698863 0.762341 0.193224 1.05243 1.16353 0.275712 0.306939 1.02565 1.07766 0.711777 0.643418 0.199385 0.565521 0.981592
0.331351 0.259301 1.09821 0.174298 1.02834 0.713001 0.980792 0.690793 0.452316 0.46513 0.812511 0.678705 1.00466 0.246247 0.159229 1.08156 0.523911 0.778571 0.392674 0.397336 0.0717742 0.111112 1.03799 0.94304 1.07233 0.4536 0.144288 0.733954 0.233153 0.524703 0.945234 0.139451 0.275255 0.96607 0.989895 0.469415 0.299126 0.694449 0.321663 0.820436 1.11553 0.639584 0.570093 0.945162 0.523546 1.00622 0.605193 0.677825 0.942522 0.477817 0.887659 0.0314679 1.17816 0.415765 0.493801 0.318453 0.901379 0.310818 1.07492 0.381218 0.304275 0.954845 0.69166 0.475946 0.89103 1.00983 0.292464 0.407343 1.03602 0.93643 0.911072 0.671047 0.214209 0.587404 1.10536
0.459279 0.181623 0.933443 0.180747 1.06839 0.685929 0.955192 0.652959 0.191015 0.437317 1.01215 0.46333 1.05579 0.31731 0.179539 1.14259 0.561306 0.820226 0.546047 0.595152 0.192956 0.10986 0.989833 0.959823 1.21345 0.562987 0.0591773 0.679869 0.288234 0.619416 1.02251 0.345957 0.483043 0.917817 1.10842 0.44379 0.146366 0.926052 0.193883 0.804113 1.06195 0.6724 0.645826 0.997518 0.701907 0.964126 0.382165 0.786269 0.990022 0.457362 1.03595 0.109534 1.07639 0.299371 0.275211 0.324499 0.789311 0.380789 0.926991 0.234752 0.387214 0.866545 0.934789 0.219793 0.84909 0.991896 0.39071 0.298206 0.986246 1.02943 0.744321 0.632675 0.331444 0.531463 1.05203
0.327918 0.0246621 1.12513 0.214481 1.24655 0.736254 1.04809 0.591137 0.422539 0.239287 0.879459 0.726313 1.11454 0.342068 0.154808 1.15414 0.633553 0.749901 0.388136 0.478916 0.0642451 0.230995 0.966598 0.879655 1.17187 0.36735 0.0615451 0.960459 0.506876 0.689831 1.00066 0.0901406 0.546035 0.901965 0.933438 0.53434 0.155172 0.78015 0.260215 1.0441 1.02955 0.674185 0.644262 0.937044 0.669191 1.04419 0.504519 0.857563 0.889491 0.494569 0.979726 0.0943209 1.16236 0.160469 0.496645 0.32018 0.977061 0.365285 0.81358 0.353637 0.347803 0.888078 0.686722 0.198412 0.920366 0.955589 0.107844 0.263237 0.961164 1.18545 0.721108 0.633338 0.399489 0.551956 1.20733
0.571275 0.050713 1.19054 0.351032 1.0367 0.706929 0.991676 0.52196 0.421385 0.273261 0.733675 0.666184 1.25737 0.486791 0.292586 1.21162 0.617316 0.79193 0.391752 0.648326 0.231968 0.193342 1.16912 0.735504 1.15813 0.363382 0.311391 0.897571 0.246165 0.467235 0.964033 0.139613 0.472089 0.782128 1.20543 0.46426 0.199726 0.701335 0.361264 0.918649 1.09174 0.68612 0.498144 1.09186 0.60584 1.03006 0.456259 0.735992 0.963526 0.591227 1.09469 0.190071 0.995365 0.295476 0.358869 0.19648 0.801274 0.36272 0.851061 0.215257 0.322632 0.979771 0.71864 0.27475 0.871582 1.08192 0.203961 0.263947 1.0741 1.13435 0.83239 0.554442 0.246235 0.362795 1.22365
0.319881 0.0683387 1.13324 0.415733 1.05904 0.735292 0.918877 0.614432 0.466219 0.399777 0.908206 0.51585 1.14099 0.520731 0.0704953 1.07962 0.745773 0.718139 0.377216 0.558494 0.126702 0.264225 1.05814 0.764859 1.03345 0.391191 0.146346 0.85776 0.349654 0.471764 1.16441 0.248788 0.458057 0.910414 1.19383 0.563279 0.315419 0.835346 0.307133 0.842815 1.01636 0.789603 0.597206 0.925033 0.583195 1.05446 0.445838 0.686072 0.932803 0.380774 1.03655 0.244724 1.22257 0.254426 0.453677 0.150979 0.863124 0.509703 1.09732 0.172246 0.324712 0.88348 0.808228 0.333215 1.02978 0.961212 0.151783 0.258034 1.04701 0.94424 0.690134 0.396017 0.153044 0.498451 1.03857
0.554681 0.0125254 1.0658 0.341756 1.18379 0.825011 1.10819 0.481779 0.316182 0.269984 0.874866 0.479279 1.21037 0.468297 0.206372 1.15785 0.69294 0.742365 0.486688 0.620135 0.306539 0.131704 0.997472 0.842603 1.19269 0.578762 0.0408904 0.856757 0.359598 0.417187 1.05287 0.291733 0.448626 0.947571 1.1815 0.61093 0.292876 0.845077 0.20517 0.788814 1.07667 0.516457 0.548202 1.06529 0.778125 1.10568 0.488403 0.852468 0.950605 0.59583 1.10109 0.22305 1.08449 0.158829 0.364688 0.263754 1.02282 0.346675 0.848347 0.382238 0.387689 0.841541 0.887156 0.30046 1.03059 1.0085 0.376996 0.179353 0.938863 0.907757 0.867322 0.652255 0.199652 0.576451 1.17435
0.479231 0.00896676 0.941429 0.31019 1.11334 0.864705 0.991205 0.678398 0.48421 0.391044 0.914453 0.539371 1.09073 0.495604 0.187948 1.00258 0.736181 0.842967 0.475662 0.532562 0.128624 0.0890308 1.06606 0.923025 1.02517 0.308671 0.213912 0.792172 0.237197 0.647502 1.22826 0.196885 0.28792 0.873652 1.11139 0.57254 0.163571 0.89327 0.205643 0.803159 0.99016 0.544348 0.563955 0.879702 0.70133 1.08515 0.590997 0.823575 0.851451 0.593259 0.961209 0.0381702 1.02497 0.140616 0.537747 0.305153 0.902929 0.509672 1.0473 0.284432 0.30263 0.730061 0.819614 0.47924 1.05887 0.934767 0.285101 0.333801 1.10121 0.915018 0.732532 0.42391 0.243717 0.316707 1.0101
0.555087 0.0150293 1.1356 0.33782 1.0764 0.862743 1.02038 0.705085 0.288519 0.472015 0.916566 0.488314 1.02802 0.334911 0.137392 1.19743 0.52722 0.740401 0.486352 0.626207 0.305743 0.157105 1.13867 0.717669 1.16298 0.303846 0.198749 0.713725 0.251687 0.671621 1.08568 0.0702105 0.285493 0.937728 1.0106 0.558558 0.147715 0.911141 0.409183 0.859186 0.930443 0.577547 0.482757 0.924506 0.690875 1.04357 0.416641 0.885863 0.918422 0.470615 1.0678 0.113884 1.13717 0.349705 0.348834 0.329194 0.99628 0.535558 0.929648 0.430207 0.306772 0.876985 0.887935 0.253345 1.04556 1.15009 0.331879 0.282032 1.01892 1.03684 0.782798 0.391235 0.197233 0.505785 1.00172
0.523978 0.109053 1.17913 0.381427 1.04253 0.861131 0.90241 0.534652 0.449007 0.257249 0.999777 0.597637 1.05692 0.283448 0.0701937 0.984066 0.53439 0.798093 0.531843 0.41782 0.110973 0.209093 0.943316 0.760335 1.20965 0.356779 0.329813 0.943095 0.381586 0.676746 1.23571 0.299312 0.382303 0.838075 1.06899 0.629587 0.131298 0.73172 0.424167 0.845676 1.0396 0.715961 0.661818 1.07697 0.522701 1.05222 0.334849 0.802822 0.745403 0.407816 0.938525 0.201421 1.15375 0.149001 0.409512 0.336779 0.84581 0.338352 1.0048 0.212604 0.521594 0.79464 0.954371 0.47027 1.01703 1.01099 0.114964 0.266908 0.859969 1.05007 0.691163 0.629441 0.373025 0.457331 0.985736
0.490511 0.134505 1.07689 0.299844 1.20433 0.72498 0.9915 0.481197 0.198462 0.21992 0.750554 0.716899 1.24678 0.376908 0.24006 1.16506 0.615189 0.759925 0.465437 0.47074 0.109061 0.243654 1.02154 0.963839 1.27835 0.532584 0.160694 0.903415 0.330074 0.552618 0.96059 0.0903238 0.561502 0.894478 0.983841 0.483333 0.123162 0.788818 0.432469 0.796129 0.995538 0.725771 0.577054 1.02296 0.623786 0.934202 0.379303 0.944871 0.78222 0.399423 0.902345 0.135613 1.24517 0.217168 0.480978 0.425598 0.778056 0.287979 0.916578 0.319683 0.31874 0.927423 0.688441 0.41799 0.944056 1.209 0.185284 0.122057 1.07463 1.02542 0.850455 0.657482 0.263697 0.390834 1.13493
0.435231 0.273113 1.20394 0.343568 1.13323 0.739944 1.08034 0.643735 0.431142 0.359019 0.881966 0.677272 1.01742 0.376051 0.0316063 1.11251 0.70606 0.980343 0.381276 0.490691 0.221287 0.171882 1.00079 0.869098 1.03856 0.449424 0.305927 0.833702 0.386478 0.642636 1.18341 0.280514 0.403999 0.701591 1.06459 0.476086 0.242642 0.757897 0.377942 0.848997 0.940535 0.772545 0.676804 0.813801 0.531613 1.01542 0.344682 0.801548 0.812285 0.418294 0.912059 0.142043 1.07951 0.196791 0.315166 0.227725 0.93645 0.549017 0.975686 0.252308 0.382606 0.711728 0.942755 0.450952 1.02269 1.02347 0.340211 0.290405 0.958331 0.940144 0.86798 0.385577 0.324376 0.454169 1.09921
0.530322 0.0176694 1.14415 0.377733 1.12732 0.908073 1.05261 0.630786 0.387574 0.211415 0.847524 0.511238 1.14728 0.389828 0.113531 1.20559 0.694845 0.928226 0.458086 0.559439 0.225681 0.0107939 0.943798 0.739393 0.995252 0.392215 0.0949069 0.846126 0.462706 0.403943 0.995923 0.263248 0.49612 0.865329 1.11749 0.389519 0.207856 0.766398 0.196444 0.760593 1.04384 0.770378 0.626958 0.842472 0.546604 1.13801 0.331186 0.896994 0.961494 0.436865 0.959734 0.190141 1.14154 0.363432 0.489607 0.276922 0.772316 0.470595 0.920687 0.175289 0.573719 0.973108 0.687246 0.225479 0.89708 0.960883 0.278344 0.114838 0.820386 1.0064 0.654381 0.665465 0.23189 0.302341 1.03246
0.569441 0.13388 0.927148 0.448484 1.0706 0.749563 1.0891 0.743545 0.292141 0.222489 0.96562 0.551626 1.07459 0.420165 0.105534 1.03885 0.790047 0.711586 0.370381 0.600055 0.203331 0.0747779 0.905469 0.76529 1.09096 0.340681 0.250722 0.853213 0.295946 0.402042 1.16903 0.0558615 0.422912 0.767401 1.04562 0.588218 0.257094 0.842377 0.274757 0.8362 1.16587 0.523477 0.447083 1.05275 0.679889 1.12373 0.568509 0.731731 0.960625 0.499469 1.01306 0.0825545 1.12 0.410992 0.394926 0.414985 0.815586 0.348098 0.935096 0.291087 0.390728 0.827701 0.915164 0.273174 0.84502 1.10835 0.32738 0.375717 0.923514 0.971939 0.690588 0.38983 0.259616 0.358823 1.14492
0.44427 0.00424136 1.13343 0.283781 1.18057 0.715105 1.03131 0.657798 0.21924 0.327848 0.982564 0.708919 1.19465 0.324989 0.132181 1.20913 0.780233 0.808531 0.467936 0.635611 0.194647 0.269755 0.910771 0.957667 0.987202 0.303153 0.141797 0.766819 0.293639 0.438509 1.01246 0.191407 0.375782 0.87733 1.01481 0.370723 0.195947 0.843479 0.229985 0.98503 1.12113 0.549146 0.63124 0.858647 0.689342 0.953023 0.366506 0.870388 0.800914 0.421557 1.09153 0.296938 1.13413 0.20956 0.519582 0.324643 0.983269 0.548885 0.95618 0.185703 0.534518 0.865729 0.676183 0.460592 1.05004 1.11062 0.262215 0.253233 0.85804 0.991725 0.883491 0.568885 0.216285 0.498031 1.20733
0.332355 0.23089 0.990251 0.436217 1.01079 0.653579 1.03136 0.694778 0.28143 0.423149 0.934117 0.674936 1.20016 0.396332 0.288537 1.25333 0.597537 0.96535 0.459377 0.374845 0.126342 0.301838 1.01547 0.796684 1.23227 0.389643 0.114699 0.947497 0.375598 0.444696 1.10801 0.137377 0.338606 0.918101 0.969778 0.466102 0.319762 0.697693 0.260732 0.961966 1.16613 0.70353 0.472649 0.962696 0.802428 1.13541 0.494333 0.896457 0.834738 0.413273 1.0012 0.287314 1.20596 0.212839 0.426517 0.245908 0.848178 0.498398 0.947532 0.358585 0.296032 0.867072 0.865561 0.394891 0.918788 1.08064 0.333403 0.262128 0.812938 1.11442 0.843855 0.429252 0.205386 0.333822 1.07357
0.401049 0.0534407 0.983251 0.255616 1.18865 0.725928 1.06591 0.45625 0.397539 0.206931 0.97741 0.691763 1.26286 0.458683 0.223455 1.11642 0.689298 0.839751 0.39709 0.583223 0.043841 0.29856 1.09496 0.754728 1.11509 0.410731 0.137713 0.925913 0.235841 0.491177 1.09242 0.0941764 0.33549 0.767282 1.15092 0.519099 0.374394 0.828534 0.174197 0.794132 1.16643 0.568609 0.571846 0.877753 0.768103 1.17898 0.518298 0.672159 0.733958 0.573026 0.893426 0.0366309 1.12791 0.218069 0.467309 0.14161 0.896027 0.381633 0.903159 0.205403 0.528327 0.758946 0.738415 0.302048 0.988245 1.11959 0.226202 0.233742 0.998321 1.05393 0.704923 0.444892 0.253599 0.445737 1.14367
0.531851 0.214541 0.969398 0.216039 1.00352 0.843302 1.11155 0.643772 0.189554 0.221881 0.885667 0.624864 1.05679 0.382884 0.0328776 1.08078 0.782788 0.731398 0.632129 0.64437 0.282389 0.306217 0.927493 0.827642 1.20202 0.516284 0.25166 0.792992 0.506788 0.549473 1.01523 0.0818303 0.296978 0.82707 1.13162 0.544945 0.388189 0.719463 0.266381 0.852076 1.00331 0.647388 0.710395 1.08897 0.606415 0.996734 0.605917 0.747753 0.929218 0.545397 1.15419 0.295559 1.0165 0.17333 0.452138 0.397234 0.959415 0.394664 0.826629 0.402768 0.352626 0.8391 0.886295 0.314009 0.842971 1.01061 0.136758 0.127378 0.976879 1.0046 0.789739 0.559704 0.271111 0.468712 0.997371
0.479423 0.266969 1.0621 0.389305 1.1566 0.763623 0.909681 0.63128 0.199221 0.459203 0.773431 0.523259 0.970963 0.426084 0.305809 1.07529 0.597989 0.993641 0.34993 0.557342 0.209149 0.0840659 1.10744 0.750528 1.18045 0.519748 0.0569463 0.944894 0.482461 0.588284 1.23849 0.237062 0.478322 0.704598 1.01593 0.478976 0.114649 0.865718 0.269979 1.00891 0.960955 0.589248 0.561256 0.931973 0.814623 0.995558 0.330256 0.697479 0.959786 0.611048 0.944039 0.212093 1.21766 0.406062 0.44872 0.345524 0.827772 0.403498 0.862766 0.303453 0.458036 0.855577 0.930312 0.466694 0.963055 0.952968 0.273917 0.220856 0.862062 1.17717 0.675107 0.572441 0.2034 0.417453 0.998231
