25 75
0.593938 0.249475 1.08727 0.102567 0.659055 1.15664 0.507385 0.799558 0.353755 1.00218 0.917135 0.580477 1.01565 0.653568 0.731278 0.335968 0.784401 0.348029 0.209297 0.760284 0.616341 0.398573 0.67699 0.522428 1.06019 1.10481 0.20547 0.632169 0.576815 0.879052 0.354985 0.797563 0.262063 1.21959 0.751002 0.473026 0.222827 0.995197 0.976887 0.782817 0.23081 1.07482 0.404238 1.0137 1.26731 0.427186 0.796845 0.322547 0.830474 0.959905 1.07523 0.0939756 0.808052 0.907415 0.162025 0.352424 0.819331 0.844511 0.71238 0.42157 0.350227 1.19076 1.17586 0.325221 0.978245 0.362268 0.521593 0.427973 0.439208 0.740765 0.717149 0.667034 0.852293 0.849165 0.650234
0.544899 0.326711 1.1677 0.198953 0.711165 1.02595 0.637197 0.891908 0.358194 1.10001 1.00737 0.833616 1.10625 0.67138 1.00984 0.23727 0.868604 0.23592 0.198321 0.722912 0.689529 0.539183 0.619773 0.326557 1.0925 0.994699 0.327309 0.520217 0.629447 1.05304 0.352505 0.845447 0.0936021 1.01245 0.858091 0.521597 0.281784 0.981363 1.04703 0.799862 0.19993 0.986623 0.558691 0.86791 1.12431 0.323292 0.96271 0.525039 0.829818 0.993205 1.07682 0.219226 0.815822 0.913948 0.313707 0.409998 0.659193 0.794689 0.564245 0.573493 0.397239 0.950939 1.20071 0.231495 0.960398 0.343653 0.274095 0.506872 0.323787 0.78122 0.670134 0.626596 0.597943 0.926547 0.779725
0.615043 0.150478 1.04497 0.163503 0.618595 0.891908 0.631334 0.817312 0.336787 1.03643 0.894735 0.609447 1.07525 0.756235 0.724201 0.334081 1.03581 0.368725 0.102042 0.818037 0.72895 0.291281 0.428193 0.399124 1.02788 1.19768 0.289068 0.677506 0.440367 0.904569 0.247718 0.87358 0.26039 0.993138 0.934498 0.657482 0.28426 0.933324 0.910111 0.709184 0.0802532 1.09319 0.552698 0.91997 1.05713 0.448831 0.774192 0.411786 0.778256 1.04587 1.06909 0.0641929 0.677821 0.821393 0.294823 0.401255 0.844888 0.812944 0.60858 0.426551 0.432914 1.13342 0.905133 0.200096 1.07036 0.473545 0.265675 0.371544 0.250782 0.9154 0.855397 0.616506 0.73037 0.751946 0.90382
0.767853 0.217261 1.23474 0.218289 0.703682 1.16805 0.549542 0.851961 0.403324 1.00638 0.745727 0.579395 1.0716 0.841336 0.773271 0.360939 1.05315 0.208887 0.273948 0.600923 0.53456 0.570827 0.679051 0.333105 0.989919 1.24993 0.464912 0.545012 0.397417 0.980415 0.317198 0.676065 0.0883578 1.16922 0.868926 0.516322 0.0960244 0.837094 0.899192 0.849501 0.218354 0.931692 0.377731 0.922705 1.18154 0.370425 0.854875 0.342217 0.887201 1.11449 1.00844 0.226125 0.611217 0.726436 0.308853 0.53158 0.611108 0.687834 0.599357 0.403539 0.444589 0.932103 1.11389 0.148309 1.1026 0.267002 0.382019 0.386255 0.236478 0.829361 0.785143 0.66431 0.806379 0.764575 0.869101
0.793919 0.351822 1.06652 0.20879 0.512394 1.03293 0.766303 0.783614 0.434795 1.03595 0.966526 0.607856 1.13671 0.77093 0.936726 0.173321 0.992362 0.215634 0.135308 0.600893 0.54841 0.541236 0.449632 0.407768 0.933663 1.05283 0.4191 0.502904 0.614194 0.808945 0.122323 0.906975 0.047306 1.18319 0.660087 0.412238 0.232563 1.03845 1.15546 0.758581 0.106984 0.968262 0.40373 0.932501 1.21599 0.482593 0.754685 0.274763 0.847247 1.06659 1.18973 0.148825 0.836622 0.9473 0.192172 0.490835 0.620746 0.783017 0.518106 0.409763 0.393693 1.12274 1.13845 0.0338688 0.958709 0.519713 0.322929 0.506282 0.239893 0.747788 0.782872 0.684543 0.783972 0.710311 0.785515
0.663332 0.353685 1.00458 0.147228 0.530046 1.05759 0.484596 0.928125 0.477165 0.901902 0.810613 0.839683 1.05205 0.810347 0.823833 0.168113 0.771398 0.394917 0.169795 0.829887 0.571918 0.37428 0.613042 0.32921 1.12465 1.05949 0.467358 0.613931 0.45611 0.900825 0.346405 0.7756 0.152037 1.08399 0.918112 0.481955 0.169483 0.856221 0.967488 0.823771 0.203241 1.16154 0.43799 1.0854 1.03212 0.53823 0.982289 0.450881 0.674266 0.9553 0.923376 0.228816 0.716238 0.87816 0.0508533 0.501681 0.751567 0.884171 0.504338 0.300532 0.279683 1.06048 0.939767 0.0547474 0.909942 0.4948 0.520473 0.272967 0.242881 0.778043 0.765017 0.676294 0.619639 0.682734 0.780302
0.59408 0.229557 1.14663 0.127991 0.612635 1.10795 0.49467 1.05853 0.316201 1.0518 1.03156 0.572713 1.01058 0.616179 0.886447 0.2524 0.811865 0.313037 0.125508 0.690279 0.612444 0.460927 0.670931 0.421417 1.07853 1.16301 0.404099 0.698363 0.455825 1.00152 0.137089 0.66759 0.0391086 1.2289 0.783378 0.588495 0.0965997 0.962294 0.997522 0.927169 0.305876 1.16315 0.535478 0.863697 1.13075 0.329802 0.938519 0.449018 0.714778 1.02083 1.19648 0.184004 0.777977 0.797302 0.121532 0.295715 0.828674 0.868306 0.651741 0.46879 0.247486 1.02771 0.951197 0.231004 1.12104 0.264208 0.349412 0.344726 0.420831 0.685233 0.666319 0.469388 0.872718 0.848394 0.612756
0.711807 0.363786 1.18224 0.239644 0.728327 1.02735 0.510058 0.904079 0.26664 1.09125 0.867053 0.571633 1.06394 0.817944 0.852913 0.362465 1.04445 0.398981 0.0629922 0.689465 0.566054 0.286435 0.498234 0.391242 1.03178 1.10571 0.38969 0.60045 0.456243 0.922199 0.0942798 0.671605 0.23668 1.07746 0.757494 0.668564 0.044266 0.862187 0.972292 0.9225 0.240067 1.1912 0.422431 0.883152 1.25282 0.546901 0.8424 0.286238 0.851224 1.18905 1.11579 0.0488326 0.674805 0.870399 0.0757974 0.496817 0.873682 0.693225 0.641002 0.512079 0.529963 1.10619 1.05287 0.18251 0.988742 0.335861 0.41792 0.386029 0.335206 0.774884 0.86998 0.740305 0.73321 0.717477 0.836535
0.698446 0.149754 1.06394 0.169575 0.530623 0.906663 0.502874 0.909919 0.479099 1.1254 0.803994 0.570576 1.15682 0.643275 0.96094 0.1173 1.05983 0.121713 0.2494 0.577964 0.543016 0.427777 0.636334 0.308696 1.07186 0.992136 0.370063 0.493849 0.636552 1.05741 0.192019 0.761876 0.0659661 1.11855 0.692017 0.497281 0.252291 0.986796 0.982531 0.971106 0.151965 0.979331 0.408337 0.86968 1.01992 0.382958 0.905224 0.442279 0.913132 1.03475 1.13262 0.179703 0.621516 0.714908 0.211443 0.502856 0.756273 0.805402 0.698789 0.385055 0.530946 0.995954 1.03507 0.249764 1.15101 0.383194 0.250101 0.327617 0.35348 0.92398 0.654918 0.642673 0.610401 0.866825 0.664126
0.824488 0.270282 1.18448 0.239126 0.605202 1.04799 0.758336 0.822401 0.269522 1.09468 1.01244 0.74749 1.21 0.770328 0.877444 0.26289 0.921545 0.116737 0.148627 0.720331 0.659756 0.41995 0.421741 0.323474 1.15885 1.13479 0.244822 0.477476 0.518497 1.01414 0.322674 0.66855 0.280129 1.20782 0.88224 0.634795 0.0497758 0.896213 0.936293 0.776926 0.0853838 0.982862 0.536463 1.09333 1.06691 0.270498 0.874597 0.495742 0.767793 0.998651 1.02694 0.191551 0.630171 0.864321 0.329712 0.352702 0.82189 0.747762 0.478077 0.489292 0.3828 1.07923 0.923389 0.299261 0.917415 0.351944 0.394283 0.51245 0.254925 0.923078 0.769068 0.466457 0.674164 0.930654 0.734936
0.540871 0.1239 1.07163 0.144576 0.488581 0.96024 0.783058 0.949655 0.265718 1.08277 0.980024 0.732819 1.06761 0.6964 0.91563 0.113612 0.923939 0.252706 0.0850644 0.682853 0.581678 0.46105 0.504869 0.516004 1.01425 1.06037 0.272451 0.668424 0.441503 1.04478 0.231012 0.750863 0.280519 1.18433 0.877467 0.607625 0.221391 1.09311 0.977533 0.764156 0.126211 1.03514 0.633389 0.949582 1.22309 0.366553 0.93756 0.377271 0.904497 1.03142 1.00569 0.203946 0.613377 0.922849 0.184224 0.306658 0.780231 0.666389 0.468625 0.340839 0.244299 1.19464 1.04748 0.236634 1.05253 0.31026 0.484256 0.240947 0.223725 0.860789 0.657735 0.716041 0.687348 0.684866 0.696492
0.692161 0.283142 1.0456 0.310216 0.480335 1.05786 0.575358 0.950507 0.26217 0.946996 0.883297 0.677606 1.04255 0.831038 0.998141 0.279537 1.05785 0.160514 0.0304021 0.777551 0.650872 0.390729 0.421417 0.36593 1.01028 1.05337 0.238906 0.568352 0.451498 1.04402 0.0753397 0.842528 0.0278997 1.17044 0.706186 0.584645 0.10392 0.902364 1.09086 0.707592 0.26472 0.973819 0.544449 0.964697 1.24179 0.276602 0.942124 0.499293 0.733032 1.04624 1.03976 0.0696858 0.657161 0.902714 0.276051 0.47674 0.629795 0.77036 0.564743 0.5851 0.488459 1.02144 0.921691 0.178593 1.12688 0.262429 0.52123 0.496236 0.506603 0.773463 0.824209 0.71718 0.635287 0.914342 0.70053
0.784505 0.285816 1.04161 0.12569 0.670702 0.883932 0.697851 0.881429 0.530081 0.957254 0.923892 0.697002 1.21017 0.614101 0.90021 0.312211 0.851932 0.323952 0.0240966 0.718089 0.561171 0.353102 0.646908 0.414872 0.958784 1.1219 0.477417 0.545362 0.678833 1.07478 0.139218 0.645956 0.183739 0.984872 0.858517 0.640557 0.0688571 0.989422 0.865307 0.957675 0.246667 1.16762 0.570888 1.1192 1.12545 0.327358 0.906514 0.490984 0.691565 1.01679 1.14882 0.30628 0.866201 0.857889 0.109868 0.433434 0.677075 0.725423 0.559843 0.516912 0.310772 1.03784 0.960213 0.0519191 0.9429 0.341946 0.340898 0.458 0.245165 0.726787 0.686736 0.495239 0.686678 0.754609 0.666066
0.648987 0.310222 1.14481 0.234899 0.624457 1.0113 0.635896 1.06133 0.336824 0.898316 0.915522 0.646891 1.11866 0.725489 0.889133 0.395648 0.835209 0.293815 0.0462004 0.56259 0.56898 0.388213 0.412611 0.446241 0.948333 1.06259 0.212135 0.432671 0.559 0.957435 0.197391 0.701126 0.102217 1.15469 0.929563 0.500169 0.0657247 1.09494 1.00147 0.875065 0.0714927 1.17313 0.380413 0.997689 1.25352 0.262655 0.939603 0.483992 0.697191 1.05078 0.987511 0.144761 0.702791 0.910963 0.082111 0.332366 0.901336 0.73546 0.53538 0.527243 0.281565 1.12738 1.08925 0.324223 0.97326 0.528766 0.327754 0.520359 0.25884 0.940865 0.817296 0.695776 0.835472 0.6818 0.869477
0.553278 0.154294 1.01661 0.169997 0.57942 0.973081 0.483153 1.00512 0.287051 0.92222 1.01336 0.787071 0.93996 0.706171 0.794443 0.222451 1.02473 0.249963 0.191197 0.640616 0.46352 0.285641 0.562245 0.328245 0.927961 1.21802 0.240588 0.599192 0.466479 0.83923 0.290238 0.828002 0.313343 1.09819 0.693251 0.641786 0.0423942 1.12727 1.04325 0.769261 0.131107 1.01634 0.659159 1.06351 1.21929 0.331914 0.88586 0.337925 0.897054 0.961264 0.987454 0.0815057 0.831749 0.892225 0.313072 0.318199 0.75465 0.787735 0.469111 0.438843 0.348116 1.16468 1.06786 0.149777 1.10675 0.515003 0.458095 0.397747 0.424831 0.706845 0.762363 0.702686 0.714445 0.73089 0.716001
0.822166 0.17438 1.14635 0.0874519 0.532409 1.16595 0.494617 1.02523 0.338631 1.10473 0.787326 0.740261 0.970619 0.585338 0.737231 0.212719 0.920813 0.166342 0.119581 0.602802 0.569521 0.512747 0.425826 0.377164 1.05931 1.14568 0.249456 0.419004 0.558808 0.979467 0.344644 0.862391 0.0242091 1.07939 0.9178 0.565705 0.313716 1.07147 0.887126 0.853412 0.0152392 1.06433 0.418743 0.866098 1.25876 0.46623 0.830327 0.495488 0.653436 1.1971 1.04912 0.0771493 0.862892 0.863489 0.251203 0.554844 0.766208 0.771229 0.627134 0.425705 0.247332 1.21181 0.94569 0.304037 1.10995 0.283243 0.432186 0.244464 0.445459 0.880469 0.830546 0.712993 0.848136 0.910332 0.615158
0.559323 0.173821 1.1885 0.157519 0.615695 1.0576 0.532336 0.947507 0.485 1.05791 0.997149 0.694297 0.950976 0.798323 0.867972 0.374462 1.05464 0.385198 0.0861465 0.68303 0.542192 0.53432 0.407691 0.446742 0.987526 1.10025 0.225615 0.480239 0.421087 0.966859 0.154434 0.623052 0.264285 1.11186 0.82275 0.415497 0.283213 1.10993 1.12097 0.873106 0.220705 0.980613 0.537845 1.08379 1.02163 0.380904 0.931958 0.409284 0.887817 1.07857 1.1483 0.214148 0.769956 0.779298 0.265688 0.290065 0.723492 0.672 0.604517 0.367549 0.530792 1.20899 1.11185 0.260491 1.13617 0.254402 0.379442 0.466873 0.487249 0.910981 0.804042 0.564751 0.597632 0.955516 0.815548
0.66524 0.311079 1.13905 0.306183 0.68638 1.13164 0.508196 1.07253 0.346227 0.967774 0.89851 0.596492 1.11418 0.816938 0.930945 0.380328 0.773568 0.174675 0.212989 0.647621 0.681834 0.468251 0.653147 0.380319 1.07569 1.12006 0.307488 0.633986 0.544299 0.802247 0.176184 0.8683 0.126503 1.15342 0.674147 0.568161 0.0178827 0.95388 1.09494 0.92623 0.262762 1.07972 0.62809 1.09511 1.21139 0.369085 0.984816 0.374039 0.647191 1.14182 1.0981 0.203217 0.839143 0.713862 0.270182 0.42032 0.882034 0.866844 0.492319 0.296645 0.38463 1.138 0.962841 0.170482 1.1295 0.343892 0.289551 0.377847 0.30524 0.725151 0.676775 0.644642 0.693818 0.702175 0.706436
0.537776 0.304637 0.980739 0.106964 0.623614 1.06122 0.744716 0.782133 0.462432 1.14028 0.980456 0.550347 1.17915 0.695351 0.809753 0.0994275 0.991547 0.250591 0.16623 0.727517 0.47426 0.567418 0.644211 0.408657 1.0015 1.00497 0.354891 0.471852 0.629038 0.856464 0.149308 0.722819 0.0837304 1.02073 0.673483 0.681208 0.167462 0.872297 0.869385 0.867085 0.13929 1.10498 0.5427 1.03067 1.25967 0.339113 0.796468 0.280127 0.779429 0.963251 1.14371 0.0708491 0.845524 0.955018 0.305049 0.308184 0.661336 0.64716 0.573504 0.474356 0.503583 0.926259 1.1903 0.164712 1.03674 0.518064 0.517526 0.400504 0.350983 0.781603 0.766283 0.577128 0.678142 0.783965 0.772124
0.638389 0.300402 1.10024 0.105563 0.5616 1.04821 0.491183 0.829313 0.502275 0.938734 0.937404 0.737258 1.03017 0.652723 0.940569 0.347081 0.884255 0.283219 0.0747418 0.596589 0.702064 0.299529 0.504236 0.315906 0.928498 1.05944 0.291499 0.606406 0.663957 0.812993 0.345245 0.857058 0.295969 1.07742 0.700837 0.507278 0.0395908 1.13046 0.89905 0.698472 0.262478 1.19196 0.401054 0.883456 1.16463 0.337273 0.747975 0.274559 0.644076 1.08139 1.21553 0.254291 0.88481 0.848423 0.321924 0.554905 0.638218 0.748617 0.669755 0.358573 0.512577 1.13122 1.04976 0.297175 1.13253 0.542754 0.334685 0.492368 0.421355 0.851152 0.802879 0.549593 0.671886 0.708536 0.839945
0.718624 0.275939 1.0694 0.126481 0.674913 0.885472 0.536184 0.930974 0.442213 0.929702 0.928977 0.733652 0.930184 0.572588 0.885052 0.142225 0.948215 0.270157 0.118793 0.771033 0.701808 0.323882 0.609911 0.388082 0.932984 1.16639 0.478035 0.605624 0.45765 0.832616 0.117215 0.879965 0.247017 1.04493 0.790526 0.439828 0.153349 1.07567 0.958003 0.91237 0.311087 1.01108 0.651239 0.993934 1.11489 0.400531 0.838432 0.431883 0.863818 1.18866 1.02059 0.271108 0.648204 0.808357 0.229368 0.357556 0.755132 0.897523 0.548252 0.503564 0.458031 1.05364 1.16865 0.0314936 1.10275 0.467198 0.315181 0.408311 0.240898 0.855588 0.768768 0.655563 0.633049 0.816086 0.697338
0.652044 0.268739 1.14573 0.144366 0.62653 1.07946 0.541303 0.865162 0.439471 1.07115 0.940799 0.720835 1.22642 0.680796 0.801379 0.208988 0.9797 0.400735 0.0473259 0.799704 0.627388 0.386749 0.414349 0.592278 1.05047 1.13522 0.201487 0.672273 0.562962 0.883216 0.23619 0.668159 0.288633 1.17026 0.853673 0.583749 0.0360058 0.945288 1.05569 0.924728 0.212884 1.18369 0.600467 0.865839 1.11135 0.336084 0.76833 0.333236 0.627956 1.08032 1.1187 0.0499711 0.645979 0.817674 0.180163 0.477997 0.618617 0.875067 0.537733 0.558615 0.398969 0.941456 0.997684 0.0899537 0.880494 0.2657 0.468815 0.341496 0.224083 0.705426 0.939509 0.464859 0.80882 0.755632 0.750938
0.686926 0.194056 1.03814 0.20587 0.67432 0.956509 0.592581 0.809703 0.526509 0.996824 0.870191 0.82901 0.995643 0.72175 0.986252 0.163582 0.89081 0.388215 0.0276189 0.753545 0.691228 0.288494 0.403133 0.469264 0.921596 0.973018 0.411822 0.468818 0.527201 0.964357 0.277952 0.65997 0.296603 1.08167 0.816246 0.68531 0.223761 1.11525 1.15392 0.793138 0.211532 1.16858 0.622455 1.01306 1.10161 0.261325 0.79347 0.494108 0.643513 0.985096 1.19495 0.250681 0.722253 0.918209 0.188705 0.324894 0.707793 0.827652 0.6845 0.323461 0.487709 1.12944 1.19386 0.0490024 0.8951 0.506419 0.293951 0.247878 0.369805 0.909174 0.702927 0.470951 0.82232 0.685659 0.671954
0.752509 0.258295 1.18768 0.0751229 0.636567 1.13986 0.493385 0.833955 0.267094 0.902186 0.863782 0.795925 1.02325 0.765511 0.981678 0.260754 0.810272 0.216498 0.232598 0.585446 0.610548 0.431112 0.650056 0.344883 0.91642 1.01555 0.357836 0.592254 0.545093 0.881235 0.0752319 0.787538 0.321486 1.22954 0.867735 0.46199 0.102052 0.946512 1.0636 0.876412 0.16421 1.05309 0.538125 0.890075 1.05181 0.473822 0.940798 0.382655 0.781657 0.903563 1.141 0.24993 0.809035 0.865451 0.191802 0.328348 0.671016 0.860346 0.74125 0.557562 0.366087 0.961095 1.02784 0.19389 1.0209 0.256147 0.378084 0.277459 0.436748 0.887769 0.8982 0.611909 0.734072 0.787644 0.719215
0.638902 0.280854 0.989263 0.265847 0.617722 1.0257 0.560557 0.86562 0.262 0.909768 0.738431 0.820017 1.03947 0.785157 0.83511 0.370855 0.894189 0.334656 0.0339419 0.804811 0.727346 0.508666 0.505872 0.447298 1.12551 1.21619 0.475582 0.669699 0.585188 0.815001 0.0818742 0.776774 0.289073 1.17874 0.686415 0.464739 0.243977 1.07516 0.891795 0.693274 0.198876 0.941542 0.459604 0.993552 1.09079 0.254203 0.933743 0.506777 0.621631 1.08255 1.05578 0.272755 0.643942 0.857675 0.280113 0.429004 0.776205 0.770592 0.469962 0.414308 0.457627 1.12979 1.13467 0.120348 1.02125 0.533453 0.492232 0.409672 0.494857 0.779656 0.747865 0.629952 0.712647 0.684186 0.808091
