25 75
0.490323 1.05874 0.447983 0.221598 0.789492 0.826018 0.796488 1.08322 0.28356 0.255173 0.318496 0.924306 0.4766 0.357317 0.342853 0.302018 0.976692 0.86774 0.0762231 0.834786 0.772209 0.557399 0.33117 1.07038 0.76723 0.852376 0.21451 0.93849 0.849164 0.188171 0.791105 0.615706 0.732261 1.1598 0.875508 0.504962 0.567598 0.162815 1.17994 0.064315 0.285854 0.631622 0.475189 0.484584 0.597477 0.840914 0.886615 0.611154 0.804928 0.756602 0.593344 0.338666 0.565761 0.616959 1.0477 0.691393 0.326024 1.08415 0.765397 0.64192 0.668716 0.770899 0.721031 0.4297 0.610277 1.10437 0.272985 0.182457 0.30042 0.506674 0.231826 0.617271 0.445604 0.0409502 0.612065
0.337807 1.00916 0.348043 0.270318 0.632729 0.899451 0.956959 0.984228 0.193504 0.47511 0.0862399 1.18183 0.316432 0.47038 0.374173 0.200983 0.92443 0.963302 0.201855 0.782933 0.775838 0.64827 0.305572 0.874247 0.817919 0.796084 0.209266 1.09834 1.01996 0.227252 0.958037 0.678027 0.551008 0.920846 0.898518 0.552126 0.301176 0.250682 1.21471 0.212038 0.485728 0.755604 0.409793 0.552618 0.742706 0.849115 0.654687 0.712617 0.805628 0.497199 0.597684 0.417706 0.641177 0.687314 0.994612 0.567451 0.352766 0.898024 0.938943 0.563106 0.50277 0.722905 0.707417 0.386939 0.615165 1.10275 0.122942 0.324952 0.116281 0.454642 0.294748 0.71769 0.510022 0.302235 0.473825
0.349371 1.13008 0.513181 0.336487 0.840513 0.73191 1.01555 1.07382 0.199525 0.385857 0.343154 1.04979 0.424966 0.219395 0.219232 0.386146 0.853564 0.885915 0.276782 0.651442 0.760335 0.465327 0.396928 0.937821 0.593903 0.731585 0.220631 0.98452 1.00209 0.32964 0.78153 0.563717 0.592011 1.04402 0.903564 0.475623 0.471199 0.335826 1.13427 0.142006 0.231228 0.733525 0.505276 0.57397 0.59359 0.919504 0.658168 0.574651 0.891939 0.756707 0.59324 0.330159 0.690827 0.776569 0.985815 0.677988 0.486664 1.15729 0.779075 0.676826 0.574906 0.879558 0.549176 0.258721 0.503901 0.986882 0.187319 0.20908 0.209092 0.594716 0.309314 0.831464 0.328094 0.18318 0.638579
0.355692 1.00899 0.38778 0.43973 0.690594 0.854555 0.959282 1.06059 0.273031 0.316488 0.340064 1.16528 0.497482 0.373672 0.439565 0.402719 0.78157 1.08078 0.125321 0.726776 0.887104 0.530843 0.510097 0.905377 0.642127 0.915031 0.206646 1.06457 0.883722 0.0464085 0.799634 0.668818 0.723219 1.13003 1.03512 0.366059 0.498935 0.0689723 1.00149 0.125422 0.502233 0.83902 0.441595 0.57078 0.712718 0.824363 0.682472 0.655892 0.968005 0.671178 0.579247 0.345767 0.674921 0.750796 1.14398 0.724609 0.508421 0.940079 0.799708 0.620349 0.510718 0.915319 0.751102 0.531145 0.610937 0.962809 0.31962 0.170779 0.0710084 0.425065 0.441429 0.812322 0.462419 0.282476 0.477928
0.422769 1.10495 0.495427 0.353516 0.693342 0.812654 0.779297 0.983912 0.130944 0.24244 0.103498 1.0099 0.460309 0.467719 0.462128 0.20484 1.04896 1.04658 0.306365 0.643416 0.824467 0.589116 0.453655 0.976642 0.664053 0.848984 0.289534 0.92853 0.854541 0.296303 0.960084 0.786072 0.485379 1.18 1.07007 0.470763 0.432916 0.332436 1.21087 0.269984 0.386036 0.751178 0.320003 0.629527 0.752111 0.883283 0.75764 0.456219 0.986586 0.704357 0.53475 0.529095 0.653953 0.675301 1.09617 0.574181 0.339428 1.1171 0.79215 0.489475 0.608941 0.782657 0.766365 0.313406 0.533377 0.863592 0.276512 0.154677 0.18941 0.364791 0.429655 0.722302 0.261547 0.213358 0.544976
0.477365 1.17161 0.338338 0.290508 0.77267 0.808698 0.856211 0.972252 0.0751266 0.408975 0.263207 1.10146 0.539368 0.191617 0.342401 0.283728 1.05031 0.887086 0.164137 0.583738 0.776994 0.639786 0.449126 1.11258 0.733927 0.888279 0.36397 1.10927 1.00876 0.344113 0.863572 0.699839 0.53398 1.03617 0.979728 0.413608 0.559007 0.300717 1.21911 0.23061 0.483261 0.614435 0.409521 0.382609 0.568544 0.895074 0.762777 0.487169 0.736931 0.552834 0.548961 0.562798 0.519382 0.504785 1.08656 0.565559 0.431673 1.00635 0.937189 0.497737 0.505529 0.819182 0.741089 0.371587 0.584444 1.08574 0.306508 0.0721104 0.0413312 0.568702 0.318862 0.741964 0.348768 0.036251 0.459706
0.390434 1.08511 0.579272 0.21997 0.620732 0.726467 1.0347 1.06876 0.262855 0.312565 0.307589 1.159 0.541675 0.451506 0.328676 0.330193 0.972986 0.917293 0.255805 0.803143 0.891163 0.467391 0.519963 1.02317 0.826117 0.81659 0.458806 0.840365 0.832721 0.241434 0.952114 0.526246 0.631972 1.12035 1.0847 0.561844 0.378814 0.259851 1.00221 0.274316 0.345812 0.629014 0.311645 0.55724 0.704932 0.835842 0.730202 0.471309 0.720785 0.680843 0.414222 0.482106 0.471593 0.528523 1.15959 0.600971 0.22793 0.976034 0.958938 0.545188 0.571749 0.942599 0.777715 0.286149 0.464403 0.91719 0.322949 0.0901694 0.309574 0.414642 0.243585 0.871801 0.411651 0.314214 0.618018
0.523496 1.0645 0.458243 0.333999 0.747763 0.852814 0.802722 1.07407 0.283526 0.2294 0.163954 0.994032 0.443421 0.42877 0.279168 0.179786 1.00643 1.06567 0.185838 0.645154 0.767539 0.408903 0.432858 0.978322 0.587263 0.801321 0.190778 0.880377 0.913107 0.155507 0.933052 0.537001 0.618638 1.09042 1.11984 0.382536 0.453442 0.164221 1.05673 0.180809 0.347429 0.615885 0.42312 0.38471 0.638879 0.913325 0.829147 0.558181 0.771986 0.743536 0.508884 0.307018 0.572402 0.598856 1.03839 0.618003 0.256183 1.1244 0.829096 0.578414 0.437213 0.925471 0.738415 0.485356 0.411538 1.10277 0.152968 0.306233 0.0588965 0.441257 0.146 0.609117 0.36289 0.0395722 0.565696
0.50821 1.1 0.521066 0.502145 0.602188 0.78807 1.03865 0.965002 0.221349 0.506128 0.187985 1.06462 0.435511 0.358061 0.47583 0.37149 0.957012 0.8766 0.0950053 0.780266 0.839978 0.391392 0.523021 0.987226 0.713401 0.873696 0.484903 1.079 0.92511 0.125582 0.948957 0.643269 0.679733 1.1686 0.990085 0.363921 0.548681 0.130702 1.18887 0.224795 0.362854 0.664057 0.314073 0.597051 0.58259 0.944113 0.749782 0.624875 0.958679 0.726685 0.559341 0.534611 0.69331 0.603633 1.23071 0.618102 0.244661 1.1313 0.73592 0.678847 0.479657 0.744557 0.484884 0.350154 0.458648 0.966269 0.245855 0.248392 0.160912 0.520805 0.398469 0.881243 0.434248 0.156455 0.41895
0.542714 1.14677 0.563557 0.472366 0.867297 0.731729 1.00955 0.97916 0.0777006 0.514075 0.163353 1.10859 0.329048 0.411865 0.212288 0.351387 0.873767 1.09492 0.0723364 0.726463 1.00264 0.361304 0.527641 1.01039 0.751463 0.704524 0.436657 0.83602 0.81669 0.296484 0.761299 0.64004 0.506799 1.19327 0.901038 0.388291 0.414249 0.229318 1.09444 0.134234 0.412755 0.643813 0.504492 0.386905 0.682138 0.797549 0.71862 0.510359 0.932893 0.778488 0.312314 0.341831 0.481114 0.742178 1.06368 0.713509 0.473611 1.09345 0.883645 0.55723 0.665437 0.724021 0.653347 0.50202 0.541475 0.954165 0.370084 0.281193 0.250281 0.384927 0.244408 0.587203 0.387328 0.272248 0.615558
0.360908 1.08928 0.421022 0.494694 0.82648 0.914345 1.02651 0.970717 0.178559 0.506586 0.200859 0.999066 0.455821 0.367576 0.215989 0.389306 1.01622 1.11752 0.151741 0.58045 0.934141 0.449252 0.450339 0.966902 0.752279 0.857727 0.404725 1.07559 0.779633 0.28355 0.723453 0.609818 0.576076 0.930462 1.10379 0.549796 0.461406 0.12456 1.18115 0.298606 0.496988 0.859747 0.495008 0.425932 0.659848 1.07661 0.666181 0.581451 0.910881 0.608355 0.494697 0.522884 0.65581 0.657253 1.02046 0.624095 0.440002 0.93113 0.813974 0.614489 0.570665 0.700084 0.673507 0.505932 0.598335 1.0123 0.355208 0.0911443 0.234843 0.518911 0.295601 0.666539 0.310966 0.096031 0.387956
0.595093 0.965332 0.575346 0.30811 0.67226 0.70183 0.913616 1.21801 0.25308 0.241731 0.334634 1.0823 0.472495 0.211292 0.496568 0.195093 0.907302 0.878683 0.0556979 0.646004 1.00203 0.653643 0.517746 1.1037 0.706909 0.934506 0.352177 0.985545 0.985447 0.0899073 0.697352 0.589955 0.484818 0.973497 1.12908 0.526547 0.387818 0.149198 1.13839 0.135099 0.319164 0.781113 0.294903 0.58938 0.631995 0.867802 0.91227 0.666194 0.875533 0.73286 0.592218 0.331146 0.577759 0.672495 1.01983 0.47105 0.37198 1.14387 0.758453 0.478387 0.634404 0.859374 0.638735 0.291118 0.387654 1.05954 0.362412 0.141806 0.0329228 0.608229 0.216822 0.622768 0.2513 0.299908 0.630581
0.541003 1.10058 0.328606 0.281467 0.826069 0.731398 0.90073 1.1398 0.183245 0.229713 0.203518 0.995381 0.344004 0.314839 0.205891 0.287442 0.955386 1.14152 0.326967 0.736669 0.835441 0.653313 0.337394 1.01946 0.807867 0.857384 0.251806 1.0309 1.06571 0.140847 0.743432 0.679205 0.758087 0.910334 1.1116 0.528506 0.368724 0.267784 1.25045 0.303654 0.465289 0.640537 0.396992 0.404864 0.71812 0.843203 0.819754 0.736321 0.97491 0.616063 0.570406 0.26983 0.613365 0.66275 1.19624 0.611578 0.240096 0.939461 0.929058 0.586096 0.499433 0.844618 0.693741 0.434881 0.46996 1.09003 0.337079 0.14356 0.26718 0.605917 0.410993 0.737667 0.340521 0.270855 0.540469
0.620744 1.01624 0.509953 0.473902 0.893184 0.662311 0.83847 1.05496 0.335383 0.439881 0.220999 1.03014 0.477118 0.462621 0.415986 0.27575 1.05394 1.13743 0.0590333 0.793191 0.801576 0.492412 0.500613 0.850664 0.721419 0.763902 0.478564 0.828161 0.800427 0.171208 0.766721 0.589021 0.68696 1.10112 1.06832 0.61135 0.377048 0.229115 1.01056 0.289226 0.325459 0.751501 0.535019 0.428866 0.803892 1.03952 0.849988 0.538903 0.822291 0.641515 0.350564 0.28137 0.457125 0.54391 1.21819 0.639714 0.260438 1.0075 0.925924 0.583555 0.500127 0.754586 0.572638 0.383326 0.442396 0.989883 0.127297 0.220563 0.167778 0.421198 0.274476 0.652642 0.441701 0.139268 0.539764
0.602907 1.12831 0.519272 0.307615 0.85903 0.656076 0.951013 1.16891 0.16924 0.244472 0.340399 1.14899 0.375012 0.240211 0.324379 0.142061 0.861025 1.16227 0.2699 0.793839 0.909597 0.550131 0.38835 0.903089 0.623282 0.645517 0.281279 1.11456 0.956055 0.282763 0.975083 0.777887 0.542097 0.976492 1.08472 0.482571 0.458534 0.129953 1.08553 0.267231 0.351258 0.639261 0.328252 0.5855 0.730765 0.996646 0.745573 0.694535 0.894355 0.649148 0.316904 0.465372 0.545782 0.564144 1.23101 0.603399 0.474059 0.986895 0.856585 0.66923 0.573473 0.91449 0.724134 0.513567 0.477852 1.00664 0.132468 0.206582 0.301777 0.610847 0.283882 0.620528 0.312913 0.278571 0.359305
0.335819 0.966243 0.410317 0.287112 0.641585 0.904385 0.97784 1.05339 0.0395602 0.374024 0.368639 1.20227 0.367294 0.273108 0.216286 0.36902 0.862171 1.07408 0.211536 0.726232 0.829767 0.57211 0.326348 0.917317 0.739517 0.860057 0.386979 1.07759 0.872087 0.165309 0.724323 0.770693 0.59374 0.919845 1.02156 0.38011 0.374874 0.0874844 1.07531 0.184629 0.411937 0.8414 0.511226 0.512164 0.775919 1.02007 0.675637 0.653975 0.911992 0.542321 0.361992 0.489013 0.679651 0.748977 1.03136 0.601928 0.363817 0.885757 0.757247 0.515693 0.507197 0.826859 0.624292 0.541245 0.429065 1.07179 0.3351 0.148606 0.198382 0.543038 0.304513 0.704499 0.39828 0.232441 0.46001
0.420679 0.979562 0.498394 0.409428 0.646884 0.87358 0.999904 1.06066 0.256604 0.347127 0.115591 1.01432 0.556974 0.314925 0.476753 0.328324 0.872364 1.04097 0.0399518 0.575069 0.774825 0.432802 0.440767 1.04668 0.760662 0.741074 0.345917 0.835542 0.87953 0.231662 0.692327 0.799738 0.578133 1.08324 1.10335 0.421519 0.389916 0.118466 1.18406 0.253933 0.347154 0.756599 0.271636 0.386372 0.55358 0.796358 0.690643 0.686064 0.946258 0.528984 0.449611 0.398518 0.703478 0.759964 1.15951 0.68667 0.265575 0.945013 0.963568 0.518382 0.671869 0.804159 0.726302 0.337334 0.484384 1.01865 0.338816 0.219319 0.155586 0.58085 0.293356 0.682113 0.241215 0.0224396 0.606151
0.564119 1.17561 0.294779 0.288836 0.705714 0.81944 1.05367 0.984278 0.330555 0.223602 0.10443 0.918778 0.531329 0.372364 0.266998 0.157233 0.774223 1.14812 0.112241 0.630106 0.985809 0.483493 0.527194 0.890781 0.780322 0.674132 0.284324 0.943834 0.851181 0.27332 0.837379 0.779229 0.567172 1.0754 1.04656 0.608852 0.282571 0.133995 1.02157 0.121336 0.409695 0.792852 0.467692 0.439975 0.609915 0.978571 0.852704 0.578902 0.778716 0.717121 0.599886 0.494137 0.682081 0.522076 1.04358 0.734721 0.276061 0.953267 0.745946 0.551644 0.507324 0.762416 0.603956 0.403816 0.427751 1.10202 0.232399 0.230811 0.0987501 0.580462 0.202626 0.814288 0.352287 0.270145 0.417882
0.341527 1.10451 0.454032 0.322613 0.741329 0.79819 0.866108 1.17186 0.310416 0.494031 0.233244 1.01121 0.376836 0.352863 0.381375 0.312143 1.059 0.989955 0.093231 0.792144 0.978549 0.545688 0.3946 0.983745 0.831312 0.771145 0.220061 0.907817 0.901041 0.299555 0.87745 0.77714 0.588079 1.03645 1.01821 0.539183 0.518372 0.321621 1.23034 0.284202 0.286186 0.749182 0.300125 0.511382 0.838894 0.820641 0.659734 0.477474 0.834537 0.649898 0.367726 0.517342 0.621965 0.71736 1.18568 0.537864 0.275403 0.883432 0.995877 0.455071 0.583797 0.698234 0.739687 0.279556 0.409129 1.10106 0.189593 0.182276 0.0940224 0.620728 0.247103 0.718483 0.319665 0.161011 0.405769
0.559416 1.10116 0.342938 0.477444 0.761726 0.882517 0.844162 0.998605 0.239064 0.394054 0.0993224 0.934841 0.470387 0.295063 0.379066 0.305329 0.821187 1.02292 0.145518 0.827922 0.890375 0.598801 0.54419 0.99704 0.720808 0.791587 0.29911 0.914509 0.944138 0.172984 0.907666 0.572111 0.482401 1.057 1.05569 0.554497 0.459887 0.318977 1.23303 0.215425 0.339078 0.588788 0.36888 0.588854 0.749718 0.840275 0.651093 0.457221 0.908373 0.76575 0.594555 0.478929 0.602168 0.637881 1.24756 0.526031 0.376318 0.870518 0.810605 0.534413 0.486703 0.939393 0.621053 0.415298 0.420935 0.867391 0.144461 0.325587 0.151523 0.626799 0.349884 0.813721 0.401708 0.262377 0.363267
0.402103 1.0758 0.508793 0.388614 0.692121 0.662184 0.896791 1.0334 0.109686 0.421477 0.243313 1.09316 0.457984 0.222307 0.443764 0.216793 1.06046 0.905832 0.0773285 0.694644 0.827804 0.641903 0.302694 1.13273 0.701976 0.825945 0.462369 1.0135 1.02735 0.101399 0.888061 0.629574 0.528295 0.919985 0.914264 0.602758 0.441123 0.16385 0.976058 0.208379 0.218467 0.792195 0.442825 0.491186 0.681669 0.795397 0.672206 0.44103 0.835985 0.786397 0.519254 0.371988 0.62618 0.592602 1.04746 0.695209 0.271336 1.12765 0.901705 0.382521 0.678596 0.757069 0.579888 0.342461 0.641154 1.04822 0.102033 0.261049 0.211192 0.649078 0.263235 0.601699 0.240674 0.229359 0.421719
0.538432 0.984136 0.392298 0.396471 0.671802 0.880807 0.788772 0.979727 0.0792368 0.302793 0.32948 1.02298 0.542668 0.444102 0.309404 0.178527 0.996959 1.15675 0.234309 0.794374 0.841558 0.490567 0.505643 0.920571 0.589608 0.718635 0.258623 0.927701 0.78072 0.0497781 0.821633 0.71551 0.650145 1.19082 1.01428 0.590359 0.449981 0.158491 1.01901 0.108672 0.29157 0.636739 0.318764 0.459235 0.773802 0.952024 0.676626 0.475505 0.848875 0.642712 0.496922 0.413331 0.577539 0.597029 0.997715 0.499905 0.333223 1.11472 0.993617 0.549878 0.411719 0.819383 0.763414 0.465912 0.609369 1.06875 0.0844825 0.320485 0.0341839 0.646306 0.185029 0.657249 0.520559 0.168374 0.644764
0.357767 1.21078 0.505768 0.438686 0.688981 0.673142 0.956295 1.0462 0.248976 0.322806 0.382547 1.09927 0.334992 0.285284 0.271487 0.333776 0.886448 1.04321 0.125483 0.612169 0.907717 0.641607 0.291977 1.02374 0.719025 0.688352 0.424187 0.997627 0.846999 0.2059 0.872973 0.572492 0.671008 1.09823 1.13173 0.528181 0.374654 0.270364 1.20203 0.252337 0.452378 0.714122 0.541283 0.502506 0.66221 0.800543 0.905759 0.548955 0.866988 0.650999 0.582457 0.540251 0.654991 0.56606 1.13172 0.640966 0.305989 0.873079 0.82077 0.486546 0.662204 0.704384 0.525855 0.345907 0.531561 0.942724 0.101413 0.151583 0.0621361 0.557753 0.219968 0.835016 0.462946 0.290396 0.614853
0.536818 1.05137 0.580551 0.455246 0.751829 0.75369 0.931748 1.01869 0.287714 0.314186 0.337152 0.989659 0.483834 0.37968 0.417832 0.301121 0.940537 1.13082 0.0776999 0.693304 0.856444 0.628497 0.413073 0.872569 0.641935 0.727416 0.269542 0.938999 1.06951 0.172317 0.79606 0.722686 0.758075 1.08874 1.05063 0.604558 0.524013 0.227768 1.23572 0.1152 0.495807 0.617 0.483032 0.48376 0.705853 0.825048 0.687117 0.70247 0.967109 0.603668 0.593293 0.490904 0.477169 0.631067 1.26185 0.590083 0.412692 1.00799 0.782139 0.537305 0.604842 0.7496 0.669602 0.454345 0.35157 0.887763 0.223948 0.240848 0.204851 0.448677 0.192669 0.592961 0.274858 0.212728 0.588652
0.398918 1.13775 0.472394 0.484295 0.632285 0.658464 1.02296 0.941373 0.0534043 0.31982 0.225241 0.946656 0.535975 0.229333 0.279006 0.175262 0.981421 1.09522 0.197158 0.62546 0.783695 0.495657 0.505241 0.859053 0.661255 0.746642 0.406213 0.978268 0.796388 0.22221 0.97557 0.767025 0.674118 0.922925 0.901278 0.33724 0.287746 0.248396 1.00327 0.206174 0.276592 0.6086 0.29809 0.420555 0.688395 0.964676 0.759478 0.710012 0.9393 0.684674 0.598398 0.52744 0.68235 0.579763 1.18581 0.478731 0.269198 0.99566 0.965395 0.38421 0.682082 0.762979 0.758874 0.428886 0.630897 0.865721 0.122805 0.0883559 0.0533679 0.630863 0.267057 0.723719 0.298736 0.0315979 0.530929
