25 75
0.818085 0.440154 0.360249 0.977425 0.594312 0.508556 0.83105 1.08409 0.736599 0.697872 0.820952 0.624482 0.0156275 0.827304 0.640071 0.232381 0.309701 0.679191 1.14441 0.526996 0.620437 1.21904 0.733303 0.348444 1.07913 0.528884 0.695106 0.247195 0.121347 0.304152 0.205068 0.689116 0.277949 0.770036 1.24863 0.425034 1.12148 0.112884 0.829722 0.725262 0.957863 0.669366 0.986682 0.85352 0.442094 0.30723 0.517032 0.582945 0.257358 0.198069 0.697179 0.377469 0.581975 1.18513 0.592621 0.742365 0.765004 0.151667 0.940823 0.783473 1.20361 0.346936 0.786075 0.199744 0.803374 1.17098 0.973557 0.264914 0.768892 1.14433 0.341706 0.748107 0.993237 1.19352 0.477677
0.873573 0.475525 0.302082 0.903349 0.63354 0.781487 0.851443 0.995093 0.761927 0.529095 0.657414 0.485911 0.279436 0.641835 0.792875 0.487073 0.0694895 0.645405 0.960716 0.6284 0.820697 1.21008 0.532467 0.517321 0.948555 0.680824 0.660095 0.213497 0.17578 0.565666 0.1668 0.725574 0.175566 0.805048 1.00008 0.317939 1.10583 0.25633 0.902881 0.570259 1.04871 0.616401 1.12753 1.08715 0.622203 0.465666 0.281085 0.470363 0.235654 0.0797494 0.749895 0.400648 0.491728 1.03023 0.710696 0.653848 0.753177 0.0130082 0.864433 0.698519 1.06507 0.409769 0.614244 0.157932 0.837217 1.16809 1.0903 0.521267 0.938972 1.19242 0.471057 0.752069 1.06394 1.05126 0.516409
0.691311 0.547317 0.265367 1.12285 0.577413 0.746158 0.940829 0.97428 0.746384 0.471145 0.833327 0.421705 0.0573058 0.669257 0.776653 0.470567 0.234233 0.480606 1.0221 0.744258 0.621903 1.28311 0.716397 0.585352 0.96938 0.574946 0.689991 0.0712048 0.0309371 0.55733 0.30981 0.544553 0.233651 0.766921 1.07694 0.357393 0.991583 0.243041 0.72849 0.705913 0.839764 0.475922 1.03506 0.811087 0.646222 0.465918 0.477974 0.492678 0.345518 0.0347473 0.482044 0.378906 0.647948 1.1038 0.640799 0.804895 0.813974 0.134458 0.820711 0.910895 1.06035 0.374134 0.593102 0.0745509 0.679594 1.17547 1.02731 0.278503 0.85568 1.21954 0.418661 0.731088 1.1005 0.955634 0.519348
0.76784 0.710125 0.394061 1.15661 0.447292 0.708126 1.06345 1.08911 0.845531 0.589513 0.64528 0.484082 0.0752815 0.655645 0.598636 0.257096 0.250374 0.430017 1.11525 0.62995 0.649671 1.28418 0.492766 0.399869 1.11506 0.773985 0.705703 0.256802 0.276897 0.387749 0.180444 0.684742 0.139834 0.650476 1.18507 0.447026 1.15755 0.0917606 0.878654 0.652989 0.927002 0.577127 1.12119 1.05199 0.657784 0.256693 0.26416 0.352922 0.396289 0.113404 0.721998 0.369819 0.718395 1.20953 0.589979 0.690186 0.748989 0.0498222 0.849382 0.933046 1.17902 0.379937 0.793386 0.303609 0.755713 1.12903 1.04926 0.285114 0.835174 1.10808 0.431531 0.685239 1.02306 0.992843 0.330605
0.849477 0.611907 0.376077 0.951618 0.489648 0.647906 1.03038 1.18964 0.618457 0.525683 0.883308 0.472582 0.0652478 0.65507 0.728769 0.362831 0.306468 0.472131 1.17599 0.614199 0.567152 1.03451 0.730815 0.546885 1.19145 0.700837 0.714465 0.280386 0.0945512 0.525259 0.140123 0.652679 0.143802 0.831281 0.995277 0.222054 1.21836 0.321151 0.795603 0.609761 0.920771 0.506594 1.13727 1.00322 0.55192 0.319867 0.489501 0.361711 0.282245 0.291976 0.525073 0.582792 0.750588 1.15022 0.539368 0.683956 0.816125 0.260528 0.864757 0.936011 0.987183 0.245005 0.559862 0.321108 0.741885 1.1241 0.94928 0.455152 0.90667 1.07413 0.569908 0.841935 1.21995 0.974622 0.405291
0.87387 0.525004 0.278084 1.16564 0.505384 0.705592 0.904989 1.08502 0.599073 0.674095 0.820685 0.583746 0.2048 0.700077 0.591612 0.29201 0.19077 0.496337 1.18895 0.70379 0.773046 1.05803 0.610579 0.372928 1.18703 0.597345 0.747514 0.204468 0.118101 0.37861 0.0370398 0.449034 0.315386 0.945935 1.02888 0.168613 1.05131 0.206798 0.961671 0.705039 0.969022 0.465263 1.09514 0.885819 0.52701 0.424151 0.334529 0.569398 0.132975 0.197265 0.48264 0.505714 0.707913 1.0905 0.719831 0.642906 0.59215 0.278567 0.704881 0.739234 1.12245 0.194677 0.659639 0.24764 0.736224 1.00898 0.97103 0.389696 0.7371 1.15332 0.562258 0.642928 1.13481 0.963875 0.484959
0.624455 0.555942 0.334173 0.970124 0.511908 0.574474 0.915772 0.959392 0.791218 0.534063 0.678723 0.47315 0.206265 0.624481 0.562071 0.389833 0.0529604 0.535447 1.04052 0.538692 0.712108 1.24961 0.567048 0.531384 0.998986 0.672589 0.761606 0.0958282 0.192574 0.335097 0.0598022 0.723659 0.197879 0.899895 1.07388 0.224843 1.07905 0.128842 0.947729 0.573765 1.06982 0.442882 1.18882 0.990151 0.516465 0.457971 0.272768 0.460625 0.39972 0.159572 0.706793 0.597983 0.516598 1.18264 0.703272 0.618041 0.618947 0.0547714 0.922557 0.742297 1.12514 0.227582 0.663069 0.346942 0.654255 1.14124 1.00565 0.335496 0.934994 1.04497 0.481929 0.898361 1.06472 0.936719 0.484273
0.792151 0.465545 0.300655 1.13372 0.466944 0.491776 0.810165 1.18224 0.601861 0.521789 0.722421 0.494761 0.190109 0.741875 0.581244 0.260331 0.0662731 0.405763 0.905771 0.574241 0.822779 1.15773 0.516239 0.478344 1.10581 0.748379 0.825215 0.186598 0.278697 0.444311 0.149529 0.469434 0.036595 0.807099 1.06539 0.277562 1.21245 0.255133 0.982244 0.601429 0.93469 0.670846 1.12468 1.03863 0.545238 0.378319 0.479138 0.443873 0.126033 0.111627 0.488225 0.3684 0.573233 1.05481 0.658426 0.78793 0.757561 0.24904 0.705642 0.777492 1.15346 0.257271 0.772042 0.27142 0.841412 1.28311 1.03104 0.501596 0.839516 1.17072 0.361737 0.891407 1.0807 1.00188 0.467855
0.802839 0.518481 0.337927 0.963314 0.701519 0.685932 1.08986 1.19627 0.690542 0.698292 0.924757 0.488753 0.255058 0.849309 0.704551 0.450262 0.156195 0.455837 1.02556 0.770501 0.595379 1.16023 0.591882 0.592513 1.08242 0.758149 0.729849 0.183919 0.0531397 0.28931 0.086194 0.450578 0.210087 0.750846 1.06865 0.342974 1.17781 0.144221 0.918348 0.575225 0.798135 0.481382 1.0907 0.996122 0.658643 0.222153 0.382633 0.456715 0.143175 0.206479 0.55794 0.540623 0.703074 1.22139 0.507408 0.562615 0.662401 0.00550111 0.941937 0.934934 1.05295 0.458945 0.66919 0.0659179 0.739684 1.28405 1.00132 0.441065 0.990817 1.22 0.511989 0.895038 0.996219 1.09781 0.403641
0.877774 0.610203 0.296901 1.13223 0.439073 0.653844 1.02204 1.00376 0.76993 0.62525 0.80607 0.569377 0.11527 0.763285 0.785412 0.279286 0.264066 0.393476 1.1103 0.755997 0.826037 0.998871 0.568194 0.304209 1.17223 0.594553 0.683255 0.0910589 0.0629681 0.486929 0.17221 0.569479 0.299734 0.764473 1.23486 0.316298 1.11931 0.283304 0.941516 0.79918 0.94363 0.66627 1.05818 0.853506 0.45772 0.332324 0.372129 0.571767 0.223035 0.299297 0.67063 0.560084 0.687454 1.21118 0.502276 0.616442 0.574647 0.161305 0.931494 0.663738 1.26599 0.179167 0.606479 0.194664 0.75511 1.17237 1.048 0.389901 0.935793 1.06374 0.600754 0.619646 1.18057 0.92209 0.308725
0.659857 0.573823 0.424655 1.05785 0.681675 0.720489 0.797045 0.975019 0.738054 0.486545 0.856088 0.682632 0.213447 0.831184 0.601166 0.47031 0.095352 0.400629 1.17378 0.749703 0.755765 1.27107 0.4821 0.39276 1.20615 0.683395 0.755398 0.183078 0.233322 0.32379 0.239911 0.622524 0.0738579 0.725107 0.961715 0.375314 1.06779 0.163112 0.792018 0.843309 0.883952 0.569377 1.00913 1.10343 0.662258 0.41042 0.25085 0.477631 0.139795 0.187092 0.690043 0.32567 0.683957 1.06912 0.647702 0.560147 0.739558 0.00217081 0.979006 0.650684 1.03344 0.197009 0.776939 0.0826769 0.651958 1.01186 0.825534 0.391544 0.750846 0.981703 0.346791 0.671861 1.22137 0.927164 0.463759
0.727767 0.565601 0.457959 0.966998 0.60525 0.682863 0.936222 1.06371 0.68382 0.58062 0.653438 0.663718 0.263776 0.761498 0.549774 0.456229 0.0283229 0.496035 1.18873 0.642509 0.826556 0.996595 0.542259 0.394925 1.22197 0.611954 0.850515 0.318932 0.00281766 0.472826 0.268435 0.695542 0.0328567 0.91043 0.970766 0.16889 1.06311 0.261144 0.854664 0.642904 1.05479 0.53211 1.05513 0.965506 0.630376 0.352822 0.358414 0.49938 0.155091 0.0777548 0.596689 0.501443 0.556834 1.04873 0.447392 0.521336 0.756634 0.111339 0.880941 0.653003 0.976945 0.296285 0.728397 0.261209 0.811657 1.05428 1.0239 0.335538 0.957033 1.23089 0.596929 0.855959 1.11339 0.992859 0.351794
0.717433 0.599163 0.203934 1.15533 0.518425 0.76233 0.877964 0.999191 0.758717 0.699839 0.689189 0.429442 0.208437 0.680769 0.505746 0.467936 0.0505862 0.60968 0.910923 0.643225 0.570556 1.18216 0.572467 0.402882 0.948816 0.61263 0.670923 0.311186 0.143865 0.528954 0.194505 0.551739 0.072165 0.836377 1.07209 0.264756 1.17018 0.280936 0.853602 0.737295 1.07622 0.433183 1.15866 0.984767 0.499752 0.415773 0.257372 0.4604 0.292113 0.237136 0.540997 0.526557 0.785549 1.17223 0.727573 0.750153 0.539905 0.0796537 0.983923 0.714679 1.04698 0.30137 0.61748 0.17934 0.706958 1.21764 0.845448 0.340909 0.997582 1.26446 0.561741 0.635746 1.19343 0.991177 0.318329
0.680539 0.451334 0.455727 1.12762 0.474956 0.595878 0.881145 1.12077 0.567858 0.645311 0.819932 0.556929 0.107811 0.750431 0.508576 0.440462 0.168926 0.581842 1.06416 0.642328 0.638386 1.2695 0.618421 0.39734 1.06133 0.732446 0.846481 0.107668 0.0517053 0.363878 0.12498 0.519287 0.202284 0.714417 1.0195 0.161479 1.2327 0.304945 0.984256 0.771455 0.864572 0.611469 1.13357 1.00305 0.450489 0.22493 0.383993 0.615278 0.125575 0.0816631 0.491139 0.37345 0.756637 1.02092 0.534706 0.672394 0.685503 0.0504559 0.919751 0.686624 0.980177 0.279846 0.803838 0.16916 0.755477 1.21123 1.08838 0.345758 0.762134 1.0086 0.364975 0.852649 0.98628 1.10827 0.468675
0.779067 0.626681 0.401484 0.952162 0.481573 0.6807 1.07027 1.0833 0.689696 0.455634 0.796664 0.39695 0.277435 0.761633 0.554351 0.46473 0.108326 0.606632 1.11198 0.7042 0.725022 1.19173 0.475897 0.478638 1.2116 0.718353 0.888561 0.0782367 0.280126 0.441562 0.226412 0.43992 0.20931 0.692976 1.02444 0.409824 1.0738 0.29317 1.00091 0.579422 1.05878 0.40976 1.13547 0.855558 0.675762 0.47251 0.498848 0.645736 0.233168 0.0768389 0.577271 0.369555 0.621188 1.19509 0.538603 0.711182 0.545699 0.241729 0.787631 0.671308 1.08319 0.412406 0.60719 0.241549 0.814294 1.16395 0.969669 0.560389 0.785323 1.14382 0.434464 0.736831 1.09123 1.02628 0.329098
0.69501 0.515115 0.432556 0.947781 0.691689 0.641887 0.859116 1.23489 0.705125 0.508045 0.915647 0.463727 0.129474 0.787378 0.585934 0.387696 0.112289 0.58294 1.08977 0.651089 0.862267 1.0527 0.540736 0.372107 1.10571 0.700073 0.932711 0.127121 0.0907676 0.283771 0.167309 0.448244 0.106811 0.822005 1.22099 0.19206 1.09617 0.268235 0.844976 0.587711 1.01199 0.393336 1.1786 1.07746 0.553461 0.388059 0.509624 0.617643 0.362694 0.204683 0.496389 0.409203 0.58401 1.09535 0.620541 0.618633 0.718093 0.161779 0.761961 0.860374 1.26188 0.420168 0.820584 0.12591 0.903404 1.26943 0.821557 0.264141 0.969071 0.977365 0.427951 0.665955 1.05946 1.12139 0.571145
0.647099 0.610657 0.38581 0.893825 0.500517 0.675563 0.941437 1.03774 0.843218 0.637588 0.654835 0.572408 0.016783 0.700783 0.690068 0.267061 0.224794 0.513919 1.19373 0.563699 0.625618 1.18473 0.727386 0.301498 1.08676 0.774049 0.851047 0.244968 0.0217873 0.396532 0.193771 0.573886 0.152166 0.936462 1.01474 0.237367 1.19815 0.350719 0.81151 0.638391 0.843624 0.676925 0.938747 1.0525 0.656801 0.428305 0.342903 0.478271 0.196382 0.0364102 0.501071 0.50852 0.524349 1.19538 0.489397 0.774056 0.616224 0.0330194 0.990046 0.933516 1.23396 0.248219 0.709481 0.105731 0.664245 1.13028 0.962279 0.435941 0.802631 1.0864 0.365486 0.798519 1.00304 1.14647 0.474787
0.613828 0.495257 0.323991 0.94967 0.731595 0.643843 0.849621 1.14207 0.731308 0.662083 0.736857 0.678436 0.0722724 0.621838 0.616671 0.449154 0.034881 0.469493 1.08134 0.497317 0.831027 1.08867 0.681922 0.35812 1.02189 0.598004 0.850813 0.285776 0.00177032 0.500971 0.299623 0.7232 0.0453952 0.904566 1.09088 0.229628 1.06661 0.160172 0.776321 0.718764 0.926612 0.561465 1.19954 0.834175 0.634554 0.318453 0.438256 0.477761 0.361036 0.2236 0.583408 0.60557 0.491066 1.20004 0.628066 0.778305 0.601376 0.110168 0.987266 0.73987 1.14137 0.206639 0.69817 0.0585599 0.694459 1.1173 1.04061 0.457606 0.776399 1.23507 0.449424 0.701889 1.09895 0.994211 0.431761
0.685034 0.522864 0.176003 0.918665 0.6727 0.518415 0.810423 1.13758 0.76802 0.464872 0.768779 0.678631 0.301234 0.677397 0.734736 0.28963 0.174842 0.526774 0.928722 0.710772 0.727813 1.10648 0.523746 0.398405 1.01072 0.740531 0.933966 0.149743 0.111256 0.483462 0.269249 0.622632 0.202593 0.784855 1.16838 0.407487 0.961601 0.0777296 0.941874 0.756912 0.979998 0.382051 1.12651 1.02577 0.512798 0.458331 0.415923 0.372143 0.355333 0.105899 0.588367 0.389709 0.741112 1.10491 0.730044 0.697727 0.586602 0.0487461 0.977783 0.656326 1.27056 0.285624 0.830627 0.18666 0.870172 1.28917 0.973444 0.443874 0.979765 1.1393 0.496763 0.704128 1.16458 1.17456 0.520265
0.874641 0.558435 0.319802 1.16684 0.695739 0.485884 1.07083 1.06398 0.718886 0.487461 0.643908 0.540393 0.299881 0.63201 0.705357 0.257324 0.295442 0.523504 1.17922 0.587975 0.61775 1.1587 0.746658 0.344945 1.03242 0.758734 0.874102 0.236229 0.149169 0.320714 0.157914 0.604242 0.0344491 0.940038 1.10702 0.189085 0.95103 0.316141 0.851999 0.74173 1.015 0.404704 1.00421 1.06017 0.392493 0.259623 0.475505 0.497348 0.330096 0.295352 0.66673 0.411365 0.506664 0.998803 0.538978 0.535339 0.674658 0.293346 0.962684 0.685723 1.26886 0.402305 0.729531 0.33999 0.774993 1.16753 0.881805 0.323828 0.963908 1.17142 0.624505 0.634534 0.987572 0.911224 0.345458
0.761972 0.45112 0.413731 1.04843 0.471666 0.585968 1.05801 1.04746 0.71134 0.654539 0.70983 0.577815 0.0884693 0.665775 0.736587 0.239551 0.250293 0.391823 1.06996 0.541506 0.57071 0.998446 0.685366 0.543643 0.960032 0.480952 0.922501 0.224585 0.131096 0.353032 0.179545 0.584865 0.218749 0.75664 0.960831 0.216906 0.981886 0.0841492 0.860626 0.617622 0.945145 0.670972 0.997605 1.06259 0.442077 0.324419 0.265612 0.399543 0.405317 0.190014 0.541978 0.563616 0.705886 1.19226 0.577487 0.758496 0.689432 0.0599218 0.815299 0.725874 1.17441 0.177934 0.787848 0.159692 0.650531 1.2025 1.05838 0.460216 0.974789 1.17046 0.550117 0.70249 1.15275 0.960271 0.390329
0.688893 0.446132 0.326645 0.981274 0.701199 0.724253 0.923728 1.10337 0.673228 0.647202 0.791473 0.396938 0.104718 0.770049 0.602488 0.322063 0.0308971 0.520415 1.14797 0.706106 0.630314 1.12152 0.621476 0.31305 1.12502 0.525842 0.924739 0.15153 0.167658 0.472891 0.0567547 0.514083 0.278936 0.831627 1.16272 0.188647 0.985914 0.0988043 0.943455 0.592462 1.06565 0.540398 1.20856 1.04899 0.657416 0.463284 0.225532 0.349039 0.307764 0.188502 0.58248 0.592375 0.684622 1.06942 0.508127 0.745173 0.81411 0.208953 0.97647 0.657608 1.12795 0.356066 0.694943 0.218653 0.736988 1.16835 0.90765 0.509307 0.800455 1.00106 0.378385 0.669888 0.98212 1.00458 0.516307
0.597403 0.583348 0.353671 1.10564 0.536721 0.598193 0.868159 0.994399 0.687229 0.681693 0.875635 0.566239 0.160915 0.80754 0.763057 0.410866 0.0970404 0.585811 1.13383 0.650054 0.580675 1.13785 0.556283 0.544544 1.13337 0.70908 0.720829 0.342564 0.102381 0.542093 0.106521 0.712786 0.162123 0.941612 0.99401 0.272468 1.1524 0.274821 0.864958 0.642443 0.902113 0.474595 0.971102 0.91291 0.390704 0.306091 0.508517 0.440788 0.340833 0.0419696 0.493485 0.354793 0.673678 1.08248 0.560135 0.756306 0.725148 0.0779099 0.76661 0.739254 1.26226 0.400945 0.770222 0.0838409 0.691683 1.02159 0.9115 0.324305 0.917735 1.21211 0.355428 0.686719 0.993623 1.08616 0.51643
0.845143 0.701471 0.349783 1.10734 0.623126 0.756075 1.08419 1.00205 0.686188 0.455045 0.890863 0.685625 0.0640111 0.882955 0.731315 0.383753 0.271219 0.39734 1.18978 0.571884 0.628918 1.14523 0.556048 0.392304 1.14884 0.59488 0.939694 0.161492 0.124161 0.545123 0.0394162 0.632874 0.115225 0.943873 0.980717 0.265326 0.941704 0.114204 0.839201 0.586509 0.837059 0.623718 1.16592 1.03203 0.409666 0.407391 0.466187 0.546949 0.172655 0.226118 0.567646 0.581606 0.708151 1.01134 0.632302 0.795159 0.809674 0.143192 0.736013 0.694321 1.19462 0.357557 0.565179 0.0841473 0.809618 1.08956 1.0944 0.36902 0.848397 1.02909 0.483296 0.623499 0.999539 1.02967 0.302593
0.878886 0.510843 0.352648 1.02973 0.721377 0.666812 0.818157 1.08161 0.634317 0.603987 0.827148 0.669439 0.253479 0.754398 0.740599 0.230243 0.296803 0.566695 1.1907 0.694766 0.606911 1.0558 0.475935 0.449158 1.02891 0.712403 0.828201 0.108774 0.123956 0.412081 0.193669 0.529188 0.321641 0.68441 1.11033 0.163904 1.22013 0.275376 0.817992 0.792328 1.02796 0.661147 0.950054 1.04804 0.602111 0.417702 0.397559 0.436937 0.21853 0.09954 0.73187 0.488017 0.55552 1.06842 0.464047 0.622692 0.541848 0.248879 0.843577 0.911527 1.00173 0.310726 0.655185 0.201876 0.754477 1.1713 1.10166 0.555821 0.999758 1.17855 0.624223 0.87225 1.13348 0.931685 0.462151
