25 75
0.505918 0.653886 0.527227 0.122074 0.445713 0.713151 0.323333 0.284188 0.761356 0.207507 1.11939 0.343626 1.00501 0.184798 0.323004 0.743478 0.551901 0.853618 0.270497 0.852919 0.229151 0.424276 0.238163 0.811568 0.186177 0.965863 0.88185 0.23605 0.754981 0.846837 0.597358 0.430694 0.949967 0.791883 0.523228 0.811984 0.503389 0.0914801 0.418902 0.170174 0.842152 0.797323 0.301994 0.488386 0.667836 0.690307 1.13515 0.12888 0.940125 1.10232 0.636891 0.98693 0.421058 0.646679 0.809481 0.229163 0.94386 0.46792 0.495864 1.14246 0.816397 0.904715 1.00491 0.658439 0.60924 0.454662 0.46486 0.575995 0.993847 0.797916 0.841435 1.03191 0.883952 0.557984 0.806161
0.57299 0.507381 0.508006 0.207617 0.592643 0.602654 0.477315 0.336503 0.876707 0.339571 1.00579 0.090524 1.14004 0.0812502 0.0849247 0.832764 0.781744 1.07706 0.230309 0.774058 0.38009 0.590989 0.27904 0.892618 0.227666 0.8909 0.919309 0.21892 0.787711 0.723058 0.583016 0.467813 1.03534 1.03441 0.623499 0.529381 0.672083 0.338046 0.315622 0.220086 0.828542 0.629477 0.266085 0.486092 0.66138 0.642707 1.17358 0.226415 1.18971 1.03665 0.779046 0.903955 0.235959 0.881792 0.905539 0.264518 0.991999 0.330514 0.30566 1.13717 0.705293 1.14087 1.21959 0.847234 0.82358 0.351583 0.564445 0.638475 0.873269 0.6972 0.85655 0.934301 0.881172 0.737132 0.803573
0.515219 0.523808 0.610415 0.0957896 0.60037 0.635576 0.290607 0.373065 0.988126 0.345739 1.10824 0.157312 1.27136 0.037934 0.100155 0.867968 0.804239 0.989911 0.185416 0.669688 0.189081 0.646115 0.276118 0.827767 0.0994078 0.95106 0.98537 0.356132 0.677716 0.811232 0.540079 0.431299 1.01115 0.900116 0.67569 0.701784 0.691608 0.0766497 0.559397 0.178186 0.872385 0.749571 0.376865 0.616119 0.622561 0.752449 1.03268 0.373588 1.13758 0.940334 0.641717 0.795736 0.493256 0.733232 0.735856 0.257541 0.923918 0.37141 0.477644 1.02769 0.868402 1.11737 1.10072 0.606028 0.677201 0.366972 0.4518 0.505438 0.936401 0.852776 1.02087 0.965514 0.850574 0.672576 0.916813
0.522003 0.613625 0.51724 0.0580456 0.629329 0.721158 0.262193 0.277466 0.879913 0.222039 1.1068 0.147073 1.18408 0.208833 0.122175 1.03433 0.573455 1.1279 0.299405 0.841133 0.10831 0.453041 0.326604 1.02401 0.15784 0.885415 1.13107 0.347532 0.943774 0.601143 0.662717 0.377016 0.97067 1.01031 0.670561 0.812725 0.701236 0.181814 0.324603 0.134462 0.975973 0.588154 0.354016 0.680603 0.571432 0.599828 1.16897 0.237341 0.983683 1.20422 0.797196 0.962253 0.489918 0.617535 0.67232 0.389859 1.14681 0.577283 0.396898 1.04968 0.957143 0.914348 1.21403 0.708499 0.809322 0.27786 0.554105 0.639744 1.10241 0.709345 0.943021 0.895863 1.07521 0.766554 0.824886
0.591269 0.499748 0.715025 0.0476421 0.545694 0.531463 0.44175 0.499615 0.752485 0.303322 1.19143 0.242992 1.15239 0.298105 0.255242 0.88641 0.693386 1.12941 0.327384 0.772864 0.104912 0.471162 0.217845 1.01053 0.137307 0.883456 0.933783 0.351079 0.664197 0.62966 0.526994 0.399005 0.934675 1.03566 0.639603 0.750468 0.591699 0.331367 0.399761 0.320443 0.840996 0.731763 0.218374 0.565559 0.671622 0.689068 1.20982 0.331325 1.04209 1.13637 0.808792 0.74437 0.367879 0.866738 0.865222 0.456513 0.990587 0.388805 0.298412 1.08584 0.974816 1.00675 1.00756 0.714627 0.864938 0.499605 0.572524 0.641163 1.06538 0.813213 0.826156 0.939251 0.921164 0.702385 0.9923
0.446856 0.489938 0.647068 0.137609 0.402996 0.508476 0.333219 0.355325 0.774342 0.135332 1.12718 0.144649 1.13883 0.059619 0.140508 0.903723 0.757625 0.991266 0.234849 0.687991 0.308969 0.503314 0.299007 0.965204 0.163095 1.08057 0.917376 0.451567 0.772019 0.790938 0.695919 0.335215 1.14081 0.790067 0.679363 0.745218 0.619796 0.316706 0.521441 0.201518 0.899791 0.68235 0.391019 0.561976 0.812494 0.816858 1.05216 0.12972 1.07041 0.943276 0.629174 0.751294 0.269715 0.602388 0.665487 0.368535 1.10001 0.387235 0.522478 1.09562 0.826259 1.13692 1.04227 0.804934 0.77817 0.326973 0.687543 0.644967 0.999921 0.702472 0.924403 0.926705 0.969225 0.744076 0.902113
0.629164 0.548916 0.489345 0.0435837 0.542851 0.493992 0.43079 0.32927 0.78265 0.109703 0.991987 0.190704 1.2472 0.130629 0.210128 0.94756 0.580736 0.869025 0.289843 0.85605 0.304343 0.545472 0.332155 1.03557 0.265547 1.08084 0.96008 0.309762 0.733252 0.703974 0.425204 0.485957 0.987475 0.844679 0.676942 0.606024 0.694941 0.334509 0.5788 0.278539 0.866376 0.60859 0.181986 0.481489 0.601704 0.873638 1.0217 0.349036 0.966431 1.11073 0.759824 1.02916 0.380619 0.652118 0.724572 0.462595 1.00408 0.487759 0.364804 1.15958 0.94513 0.941498 1.02532 0.826005 0.681201 0.344602 0.569794 0.608143 1.08446 0.72092 1.02832 0.896411 0.93315 0.533134 0.935055
0.644766 0.513435 0.490839 0.283058 0.528499 0.666465 0.371788 0.424752 0.995628 0.242574 0.916826 0.363837 1.02439 0.291615 0.168577 0.976825 0.78062 0.98063 0.137022 0.678195 0.235044 0.418939 0.365213 0.943334 0.128821 0.828842 0.946529 0.289168 0.788749 0.662848 0.436668 0.433066 1.16633 0.750992 0.53843 0.729842 0.707948 0.136613 0.538029 0.215572 1.03589 0.588019 0.354092 0.421707 0.856466 0.773403 1.2522 0.124102 1.11135 0.936672 0.583772 0.844893 0.27993 0.745946 0.766288 0.324263 1.003 0.586826 0.501445 0.982932 0.696318 0.959657 1.19832 0.588877 0.833525 0.335984 0.527882 0.576234 1.08408 0.882137 1.05853 0.929797 0.847286 0.673356 1.0071
0.422098 0.575511 0.703357 0.054471 0.60684 0.710594 0.354266 0.500836 0.890676 0.0621892 1.1819 0.266152 1.04879 0.237206 0.221399 1.0011 0.790633 0.882297 0.239941 0.673532 0.21274 0.467265 0.271533 0.844524 0.230896 0.912072 1.02335 0.390991 0.834917 0.712773 0.537655 0.486469 1.11683 0.795699 0.458245 0.522399 0.753728 0.30883 0.377077 0.0417402 1.02167 0.653307 0.24899 0.415029 0.66063 0.64234 1.22443 0.374528 1.22625 1.1935 0.670735 0.818472 0.484195 0.622744 0.720311 0.244434 0.91397 0.533674 0.511748 1.07392 0.889041 1.08968 1.20556 0.595606 0.710761 0.482302 0.481773 0.487086 0.925249 0.87284 1.01453 1.00485 1.05859 0.666653 0.890619
0.624725 0.654006 0.466531 0.094942 0.623071 0.727852 0.405309 0.415665 1.00206 0.314036 1.0278 0.292408 1.22052 0.280809 0.268393 0.799721 0.531928 0.911412 0.190174 0.835039 0.12396 0.644894 0.197681 0.89045 0.305237 0.917695 0.988841 0.26851 0.760527 0.849179 0.539565 0.546617 1.08162 0.895328 0.448505 0.559372 0.742506 0.286188 0.434747 0.146249 0.812958 0.779225 0.295292 0.636246 0.827805 0.804515 1.01505 0.377973 1.21419 0.936426 0.629676 0.762732 0.448483 0.772552 0.817766 0.345527 1.12193 0.474624 0.483935 0.966322 0.768784 1.07665 1.12404 0.735039 0.769388 0.308762 0.663422 0.647713 1.05437 0.882838 0.781491 0.870093 1.02095 0.587341 0.750081
0.631268 0.753586 0.450605 0.187639 0.603333 0.651461 0.356509 0.270056 0.977781 0.11752 0.9755 0.250027 1.23543 0.178525 0.185069 1.03426 0.764459 0.925049 0.371946 0.593731 0.299516 0.550481 0.263175 0.974128 0.221597 1.0775 1.00412 0.493605 0.846687 0.768717 0.666027 0.548866 0.899944 1.03289 0.468848 0.567449 0.5631 0.312465 0.604585 0.157818 0.923004 0.819786 0.44868 0.562838 0.662847 0.718522 1.11556 0.189532 1.06663 1.17423 0.558373 0.804554 0.357629 0.845953 0.752322 0.454962 1.02017 0.416387 0.370198 1.13619 0.79539 1.11477 1.03787 0.737724 0.814258 0.364054 0.413734 0.505049 1.08786 0.812993 0.918594 0.862446 0.929429 0.656295 0.987417
0.654217 0.624265 0.723787 0.199855 0.524635 0.596412 0.238354 0.431128 0.876127 0.146639 1.1085 0.229809 1.22478 0.140901 0.282113 0.927832 0.68928 0.860803 0.420484 0.66596 0.1125 0.430384 0.194113 1.01239 0.111393 0.824643 1.016 0.272739 0.683624 0.834969 0.455469 0.605815 0.926532 0.926179 0.545792 0.810479 0.717881 0.139611 0.322992 0.307723 1.02043 0.715041 0.309252 0.552659 0.738022 0.82187 1.06787 0.0983681 1.22558 1.18299 0.621371 0.934282 0.221779 0.708744 0.863119 0.347543 1.15873 0.349524 0.344829 1.18663 0.856217 0.921989 1.12045 0.589574 0.657989 0.340172 0.552881 0.506352 0.895402 0.762578 0.834503 1.07441 0.785302 0.709616 0.802032
0.567622 0.619986 0.704986 0.130412 0.534659 0.597954 0.345174 0.475649 0.754338 0.108728 0.910618 0.368899 1.15906 0.206103 0.108048 1.01251 0.61112 0.983593 0.348832 0.594587 0.172259 0.601728 0.273427 1.03818 0.165752 0.889113 1.11549 0.371224 0.857178 0.822057 0.557498 0.32328 1.14491 0.915927 0.463571 0.696852 0.652371 0.278101 0.328188 0.270837 0.813857 0.834278 0.284065 0.406608 0.809781 0.831422 1.21905 0.240028 1.04446 1.12259 0.748657 0.927315 0.397163 0.849529 0.890762 0.218548 0.878949 0.473546 0.387154 1.01566 0.852347 1.1733 1.13831 0.690125 0.717336 0.283742 0.48172 0.518371 0.821843 0.757261 0.781635 1.01074 0.810964 0.558618 0.861032
0.384393 0.539815 0.591998 0.0709457 0.611667 0.542937 0.479343 0.419106 0.96744 0.125588 0.923201 0.28637 1.02718 0.167926 0.210186 0.753322 0.544913 0.952002 0.1396 0.557646 0.208941 0.569266 0.443823 1.04279 0.321203 1.00332 0.97942 0.28729 0.75864 0.8422 0.413089 0.555901 1.08236 0.831851 0.532505 0.791023 0.633193 0.334199 0.427216 0.303515 0.999527 0.762538 0.378611 0.564924 0.715556 0.739565 1.26027 0.343965 1.04886 1.10987 0.577419 0.833438 0.291302 0.66944 0.844011 0.219234 1.03029 0.576658 0.322816 1.01328 0.70384 1.06397 1.18789 0.709178 0.818156 0.521556 0.494657 0.523113 0.975221 0.876171 0.908066 1.0742 0.986665 0.700529 0.968627
0.594995 0.526252 0.680152 0.260375 0.61819 0.548856 0.284266 0.461042 0.898929 0.0735674 1.06811 0.127422 1.20576 0.183674 0.0977993 1.02146 0.633342 0.9149 0.173665 0.65443 0.259922 0.689355 0.267294 0.985308 0.0245182 0.818262 1.10591 0.452898 0.946602 0.688036 0.583293 0.611792 0.996206 1.01267 0.464941 0.721819 0.642537 0.125276 0.489339 0.299752 1.02788 0.65139 0.39859 0.597022 0.575953 0.774423 1.1177 0.22732 1.03496 0.96217 0.53243 0.896775 0.356226 0.624847 0.733471 0.368406 0.900622 0.529214 0.271451 1.06893 0.746372 1.03143 1.13654 0.643027 0.895955 0.509634 0.490643 0.596916 1.08303 0.685591 1.01165 1.02144 0.959584 0.49867 0.921137
0.522185 0.776762 0.626913 0.0954147 0.466892 0.503812 0.291651 0.427973 0.754929 0.253575 1.01842 0.0878144 1.20067 0.207033 0.213831 1.00085 0.776875 0.836536 0.143013 0.786502 0.342563 0.619098 0.39688 1.05517 0.237004 1.09257 1.02756 0.374746 0.904836 0.84663 0.558675 0.438734 0.925167 0.91709 0.436397 0.637762 0.562298 0.16394 0.60802 0.266055 0.955884 0.760096 0.466858 0.409405 0.561442 0.896355 1.03081 0.233087 0.948328 1.05846 0.566938 0.993465 0.375348 0.72572 0.902859 0.351061 0.916089 0.50684 0.353587 1.03548 0.689616 1.02376 1.11053 0.56278 0.647631 0.332733 0.552581 0.570015 0.823615 0.750203 0.940634 0.79194 1.05711 0.542682 0.932125
0.416674 0.765824 0.59722 0.144972 0.542761 0.508285 0.246191 0.494844 0.744734 0.144754 1.05643 0.18367 1.0407 0.0545781 0.239442 0.987749 0.551583 0.989061 0.131343 0.74169 0.262178 0.673518 0.396404 0.977485 0.178448 0.97701 1.09843 0.388999 0.752984 0.704098 0.467967 0.504863 1.06881 0.985951 0.552959 0.755063 0.793531 0.21353 0.491497 0.0495711 0.974962 0.707565 0.443104 0.577855 0.847764 0.660497 1.003 0.348701 1.12201 1.05067 0.681823 0.917587 0.288243 0.626125 0.761667 0.230487 1.07098 0.409204 0.467247 1.00275 0.942968 0.966772 1.01375 0.820784 0.6929 0.51717 0.501382 0.599808 0.821326 0.644632 0.81683 0.997177 0.979298 0.788917 0.950101
0.391674 0.541259 0.515073 0.148799 0.375192 0.650251 0.358168 0.208499 0.742646 0.113324 1.02498 0.268528 1.10559 0.0418122 0.284011 0.996399 0.635361 1.09883 0.222209 0.775009 0.180792 0.674637 0.438924 0.921774 0.0540252 0.958147 1.08252 0.423429 0.69247 0.810233 0.547692 0.511663 1.13278 0.89912 0.612949 0.702503 0.60413 0.111715 0.429796 0.143782 0.917241 0.729539 0.373067 0.607123 0.84219 0.772382 0.978951 0.238024 1.22607 0.909804 0.73714 0.899826 0.490151 0.675775 0.681168 0.316985 0.990601 0.376948 0.52872 1.19561 0.752789 1.03893 1.14547 0.637753 0.674107 0.381506 0.663022 0.602193 1.04949 0.838414 0.838068 0.960007 0.852176 0.700997 0.981186
0.538888 0.718182 0.588637 0.0422345 0.637098 0.731035 0.377309 0.25795 0.714705 0.188661 1.07511 0.224622 1.17577 0.179372 0.167301 0.886601 0.772962 0.877456 0.394057 0.762226 0.208887 0.536826 0.442234 0.867627 0.0544257 0.893879 0.931337 0.46381 0.706582 0.822395 0.521662 0.322129 1.17178 0.800884 0.547357 0.749624 0.49622 0.0928859 0.384331 0.172437 0.937199 0.649517 0.190788 0.545804 0.598483 0.615869 1.2645 0.181095 1.06747 1.0374 0.643095 0.893596 0.307431 0.800292 0.740919 0.24278 0.971891 0.538778 0.296925 1.0551 0.801562 1.05101 1.21435 0.728401 0.888993 0.320628 0.678694 0.469456 0.93374 0.811187 0.870234 0.954534 1.03944 0.650742 0.904882
0.496963 0.548935 0.494721 0.190249 0.450762 0.595035 0.441892 0.339551 0.95814 0.28899 1.09932 0.134362 1.18286 0.137147 0.0990873 0.797342 0.791826 0.844303 0.329367 0.615586 0.388876 0.678048 0.248505 0.927709 0.191777 0.897186 1.08485 0.349876 0.684126 0.773051 0.679016 0.581779 1.14913 0.765338 0.425799 0.769525 0.564065 0.19784 0.583893 0.217459 0.80113 0.84425 0.290639 0.402296 0.715201 0.631955 1.12249 0.351539 0.973131 0.906115 0.646667 0.891073 0.305428 0.658625 0.76084 0.369183 1.13723 0.329033 0.524637 1.05071 0.951149 0.968936 1.23106 0.555321 0.702689 0.283451 0.603638 0.451279 1.01629 0.896679 0.86317 1.05838 1.07373 0.676128 0.929149
0.539674 0.698745 0.537372 0.115336 0.637951 0.668715 0.302007 0.257683 0.813764 0.147888 1.13671 0.304853 1.24753 0.291357 0.139016 0.821691 0.627512 0.840395 0.376749 0.586421 0.121203 0.52239 0.306341 0.855777 0.0544094 0.868308 0.93132 0.342402 0.737604 0.703966 0.685073 0.545725 1.01536 0.975485 0.404824 0.637352 0.538056 0.214683 0.407183 0.17049 0.867022 0.63431 0.392422 0.653554 0.751855 0.668086 1.02233 0.381062 0.99121 1.12011 0.618384 0.856241 0.260513 0.673591 0.762474 0.472842 0.967931 0.460764 0.485612 1.04102 0.860965 1.12516 1.01964 0.800099 0.686713 0.534581 0.545318 0.692312 1.09507 0.822578 0.817478 0.912138 0.830232 0.653098 0.867197
0.424327 0.48361 0.56476 0.167223 0.526541 0.578165 0.407085 0.41819 0.844671 0.104271 0.982377 0.264316 1.19647 0.222643 0.3029 0.798939 0.78797 0.932313 0.397643 0.782031 0.243565 0.561504 0.258688 0.97991 0.244059 0.806558 0.862574 0.347643 0.822514 0.574011 0.596922 0.569427 0.940318 0.81706 0.611644 0.565497 0.707822 0.170303 0.330858 0.0875421 0.821828 0.817372 0.360731 0.477454 0.59244 0.689224 0.977383 0.274811 1.05415 1.0127 0.718089 1.0232 0.484436 0.601089 0.798439 0.239137 0.879479 0.320131 0.309389 1.22145 0.699468 1.05514 1.00205 0.730213 0.827314 0.494364 0.672065 0.471309 0.994366 0.666694 0.988348 0.869057 0.938488 0.69755 0.721015
0.639183 0.522018 0.460166 0.218097 0.492159 0.584182 0.452099 0.466103 0.966015 0.0512359 1.08093 0.144869 1.23193 0.171256 0.29593 0.894576 0.581731 0.837645 0.355039 0.650697 0.270415 0.465439 0.432239 1.04009 0.128506 0.979937 0.869722 0.362739 0.78881 0.630593 0.410773 0.607892 1.01132 0.746989 0.527245 0.564701 0.71775 0.120785 0.568696 0.0815015 0.98865 0.603178 0.272999 0.393989 0.770863 0.774786 1.11135 0.310257 1.01307 0.928386 0.597628 0.887629 0.290202 0.770387 0.907177 0.303348 0.887253 0.496057 0.488697 0.995653 0.908646 1.13266 0.956003 0.731581 0.816407 0.352859 0.610574 0.652298 0.88401 0.905119 0.80183 0.786447 0.970589 0.543718 0.933417
0.47597 0.723264 0.488379 0.0506498 0.484098 0.684749 0.288677 0.359764 0.903109 0.133573 1.06613 0.184361 1.27511 0.251326 0.332783 0.771119 0.649699 0.835739 0.191218 0.808767 0.0935376 0.500411 0.227284 1.04433 0.139466 1.00572 1.03912 0.33262 0.67483 0.764941 0.671523 0.50575 0.946362 0.749331 0.615423 0.765552 0.612432 0.142224 0.321645 0.318655 0.842002 0.636075 0.347345 0.600903 0.79501 0.652017 1.16643 0.337904 0.962335 0.964632 0.664861 0.767376 0.471031 0.713182 0.879421 0.36084 1.09867 0.591059 0.338613 1.1143 0.934777 1.09379 1.15042 0.80254 0.728096 0.376755 0.483136 0.561081 1.01377 0.694435 0.926069 0.808826 1.01547 0.675994 0.993298
0.569701 0.482183 0.59238 0.13876 0.489797 0.625969 0.464524 0.47661 0.853754 0.261263 1.0863 0.320629 1.02069 0.112077 0.0916074 0.768309 0.688679 0.989642 0.283484 0.836134 0.11189 0.642742 0.307111 1.00966 0.264724 1.02543 1.14088 0.408347 0.942483 0.575916 0.67569 0.356502 1.17535 1.00975 0.554222 0.530765 0.622887 0.0804815 0.514774 0.254844 1.06395 0.845263 0.242674 0.566542 0.623529 0.636638 1.17548 0.114445 1.1442 1.08152 0.684305 0.986005 0.491648 0.638451 0.787284 0.407201 1.12479 0.332684 0.438 1.18749 0.69757 0.959881 1.0173 0.64639 0.636836 0.415937 0.640607 0.488311 0.88348 0.861614 0.864926 1.02921 0.90398 0.589938 0.786998
