25 75
0.536183 0.773201 0.308771 0.936643 0.660516 0.456165 0.610698 0.250347 0.460305 1.16098 1.00031 0.512853 0.945191 0.352343 0.102929 0.313801 0.921606 0.759955 0.188586 0.95627 1.20495 0.235946 0.953079 0.305844 1.20458 0.913822 0.631319 1.10127 0.997273 0.714219 0.443536 0.251587 0.830251 0.352413 0.695573 0.426758 0.732272 0.950549 1.00943 0.161801 0.566886 1.13776 0.894226 0.608974 0.116585 1.13588 0.305918 0.99902 0.477189 0.43105 0.972605 0.798071 0.224795 0.467922 0.571529 0.779622 0.787619 0.267235 0.673158 0.766509 0.708733 0.399472 0.510992 0.254789 0.159689 0.708148 0.337678 0.432975 0.174205 0.588456 0.533062 0.699563 0.54354 0.712237 0.910031
0.312745 0.67249 0.108609 0.909786 0.7518 0.323881 0.530606 0.446201 0.560894 1.02956 0.905406 0.708616 0.919339 0.34873 0.379004 0.429831 1.06887 0.577965 0.442137 1.03099 1.21062 0.318048 1.05295 0.277982 1.02154 0.822399 0.622682 1.07058 1.04909 0.81867 0.399999 0.0888814 0.826319 0.222298 0.655837 0.406076 0.741932 0.95043 0.851137 0.022753 0.512097 0.960871 1.0582 0.563776 0.137033 0.953255 0.0469969 0.989118 0.497369 0.463384 0.998363 0.88937 0.323601 0.379723 0.446436 0.859862 0.692084 0.257633 0.787156 0.82842 0.732629 0.540531 0.435335 0.221347 0.300655 0.638676 0.173527 0.205357 0.400824 0.747828 0.638622 0.670454 0.479386 0.642806 0.756127
0.384616 0.785418 0.206923 0.969185 0.64144 0.455795 0.540582 0.376657 0.588073 1.06377 0.827965 0.706087 1.03785 0.409636 0.120675 0.226791 1.16875 0.623016 0.217121 0.774421 0.985239 0.353506 0.976649 0.103128 1.17426 0.852332 0.520205 0.963442 0.863698 0.962771 0.435366 0.329291 0.985332 0.367341 0.623256 0.287768 0.640333 0.938847 0.808151 0.0765533 0.489601 1.18588 1.05299 0.638755 0.119287 1.07639 0.330583 1.16432 0.442837 0.527256 1.13152 0.984683 0.170277 0.619125 0.45289 0.841619 0.768827 0.214409 0.611898 0.728951 0.95201 0.577432 0.296896 0.25026 0.372766 0.550028 0.266279 0.418619 0.126873 0.612214 0.790225 0.847581 0.440935 0.694241 0.886354
0.411036 0.574956 0.172403 0.876322 0.618389 0.411056 0.491021 0.251996 0.489705 0.964387 1.02024 0.722309 0.898012 0.26045 0.34692 0.429775 1.11021 0.802971 0.389806 0.972772 1.22744 0.231635 1.01385 0.290591 1.20837 0.917338 0.440323 1.09232 1.03608 0.755394 0.407707 0.229382 0.907645 0.259265 0.497624 0.265327 0.548918 0.971784 0.829559 0.141377 0.362399 1.06212 0.956089 0.554637 0.153581 0.903263 0.275177 1.18391 0.331597 0.523267 1.17385 0.909146 0.192192 0.469203 0.686844 0.85922 0.562685 0.0532549 0.575607 0.818266 0.810749 0.397174 0.460623 0.324715 0.425787 0.68004 0.283594 0.311301 0.12916 0.637521 0.761036 0.81712 0.341166 0.599982 0.905368
0.461899 0.799227 0.111556 0.946482 0.545558 0.298353 0.447694 0.371376 0.596714 1.13198 1.01838 0.716103 1.16774 0.277421 0.290434 0.382018 1.08155 0.803956 0.217914 0.951568 1.03782 0.456242 0.912324 0.306637 1.13565 1.02128 0.442992 1.14418 1.10623 0.908439 0.368745 0.102196 0.870325 0.336871 0.684558 0.217351 0.678912 0.938408 0.901241 0.126767 0.35183 1.17433 0.878568 0.654103 0.0800535 1.07051 0.125105 1.1197 0.387215 0.648664 0.904859 0.903691 0.296895 0.374917 0.531461 0.677613 0.670976 0.253638 0.628317 0.918007 0.847715 0.568615 0.267348 0.362804 0.252445 0.71166 0.298254 0.313066 0.313731 0.557774 0.55697 0.702748 0.444676 0.659616 0.829513
0.293446 0.667735 0.291827 0.784805 0.694176 0.394121 0.622181 0.459734 0.625961 1.10032 0.902106 0.557685 1.00924 0.492132 0.24019 0.218106 1.01807 0.537761 0.430079 0.777719 1.12086 0.487598 0.897353 0.234959 1.13502 0.908884 0.39843 1.02926 1.01432 0.705376 0.302562 0.276584 0.917684 0.297056 0.501897 0.504877 0.492925 0.90454 0.960436 0.120428 0.31791 0.917136 0.921367 0.552371 0.23382 0.874604 0.0381548 0.978201 0.309332 0.561138 1.04792 0.808755 0.272689 0.386413 0.446684 0.726268 0.72149 0.272485 0.675957 0.701854 0.848726 0.651434 0.270937 0.311108 0.214612 0.518476 0.369257 0.302786 0.118471 0.570419 0.551852 0.687903 0.381174 0.566927 0.826235
0.329745 0.550592 0.171265 0.997755 0.767424 0.326217 0.442159 0.309765 0.648031 0.958664 1.0913 0.646661 0.950816 0.435545 0.0958427 0.207091 1.14881 0.665079 0.453628 0.95987 1.15069 0.387915 1.0478 0.191614 1.28353 0.857091 0.481179 0.941881 0.886658 0.946858 0.56479 0.333029 0.92462 0.251907 0.688966 0.320271 0.694629 0.748163 0.806713 0.0253032 0.459992 1.11564 1.09312 0.636762 0.0311787 0.918368 0.138304 1.09884 0.421886 0.410229 1.02373 1.0583 0.137582 0.410944 0.565243 0.898652 0.80282 0.135316 0.782173 0.772632 0.84556 0.467076 0.353654 0.357072 0.259243 0.722952 0.406716 0.386799 0.10681 0.795941 0.572774 0.650907 0.457171 0.763308 0.907327
0.474059 0.728643 0.112628 1.0365 0.819976 0.262362 0.452554 0.33702 0.544756 0.982842 0.882343 0.536459 0.951573 0.418585 0.362679 0.276083 0.873768 0.656334 0.297114 0.983701 1.14949 0.277464 1.00377 0.208585 1.0536 0.997906 0.623879 0.960254 0.880129 0.825873 0.36589 0.150267 0.802075 0.270312 0.746045 0.285207 0.599941 0.824122 0.842682 0.245523 0.385163 0.900164 0.889145 0.722767 0.261586 0.946042 0.205854 1.18492 0.501117 0.639229 1.05406 1.07375 0.217594 0.534303 0.600391 0.767258 0.665783 0.346307 0.648601 0.935998 0.930963 0.625816 0.435713 0.440858 0.330072 0.629468 0.204158 0.458007 0.234313 0.554051 0.649884 0.699239 0.521893 0.583688 0.908403
0.27186 0.691984 0.179537 1.06496 0.813468 0.315278 0.515873 0.426488 0.418895 0.991033 1.05805 0.630941 0.917174 0.318993 0.220456 0.202116 1.01075 0.558192 0.384039 0.883136 1.06332 0.497524 0.911986 0.125178 1.26328 0.813339 0.532493 1.11071 1.04907 0.808079 0.413376 0.320503 0.952663 0.34595 0.522243 0.264733 0.576307 0.744792 0.918509 0.148274 0.395064 1.15736 0.877828 0.784587 0.0783328 0.939169 0.207011 1.18348 0.270815 0.401575 1.04405 0.838063 0.14752 0.641895 0.429651 0.912688 0.619963 0.109038 0.677203 0.889618 0.797393 0.47178 0.334866 0.34715 0.386832 0.45879 0.15093 0.348833 0.215243 0.548689 0.675298 0.782603 0.445426 0.563687 0.735693
0.42987 0.706426 0.133563 0.869166 0.766341 0.379175 0.700558 0.453196 0.682429 0.967802 0.836905 0.607757 0.914856 0.38732 0.116037 0.336626 1.15701 0.564693 0.310913 1.006 1.04411 0.293873 0.79788 0.245571 0.998846 0.89284 0.481535 1.0957 1.12445 0.710299 0.344518 0.126812 0.894045 0.225014 0.59049 0.319239 0.607909 0.835124 0.817818 0.00619919 0.443297 1.00386 1.13345 0.795574 0.0610302 0.861459 0.232839 0.996825 0.529675 0.525758 1.06355 1.04296 0.357976 0.630314 0.479407 0.817038 0.784809 0.253208 0.685703 0.743414 0.72694 0.411095 0.44968 0.346772 0.254504 0.570956 0.326639 0.274938 0.232001 0.826087 0.735896 0.647451 0.537988 0.855303 0.662276
0.507287 0.754442 0.287795 0.9873 0.620229 0.255824 0.496835 0.382678 0.456139 1.16748 0.90119 0.485694 1.08957 0.24194 0.368476 0.239385 1.01222 0.560563 0.313246 0.916548 1.25334 0.479178 0.972073 0.230335 1.12094 1.06396 0.452423 1.05681 1.05824 0.953556 0.303601 0.254727 0.860964 0.116262 0.704388 0.212098 0.582157 0.741497 0.858098 0.096657 0.566448 1.09271 0.915451 0.553622 0.0331711 0.908086 0.285732 1.18795 0.400062 0.562037 1.04012 1.0528 0.385966 0.495348 0.584627 0.831698 0.755313 0.301393 0.802394 0.904864 0.836948 0.475326 0.295826 0.26339 0.419243 0.61751 0.405464 0.345475 0.273952 0.803558 0.725155 0.670276 0.562927 0.637138 0.802903
0.288017 0.80492 0.23534 0.783367 0.6553 0.455579 0.628286 0.450276 0.625138 0.95961 0.946589 0.485274 0.957449 0.448648 0.264533 0.175082 1.12283 0.714811 0.379407 1.04028 1.27195 0.300191 0.80682 0.160148 1.15235 0.818712 0.648705 1.11233 0.883157 0.693315 0.4429 0.245464 1.03364 0.256038 0.691508 0.298025 0.547606 0.906701 1.03197 0.222448 0.453839 1.13674 1.10491 0.676764 0.102977 0.891247 0.276017 1.09005 0.43211 0.444944 0.916388 1.07018 0.329306 0.573622 0.617761 0.858586 0.562956 0.321302 0.684068 0.958733 0.679442 0.525686 0.46425 0.377353 0.289563 0.451281 0.211895 0.445752 0.128527 0.803021 0.729185 0.701886 0.37949 0.810363 0.806456
0.281962 0.782732 0.324567 0.814631 0.622296 0.244473 0.407919 0.326353 0.425664 1.18165 0.894781 0.694398 0.992916 0.445168 0.232648 0.26162 0.941971 0.708146 0.288768 0.794968 1.16764 0.376218 0.902938 0.267074 1.18232 1.01705 0.433422 0.987037 0.919487 0.72886 0.420199 0.126509 0.914124 0.11308 0.524772 0.46562 0.55673 0.864078 0.829064 0.123531 0.54173 0.91333 1.09075 0.792424 0.160152 0.88554 0.303749 1.00216 0.542638 0.627467 1.11809 0.863141 0.270545 0.491608 0.550394 0.818708 0.639604 0.0606151 0.593657 0.710416 0.702369 0.378178 0.270688 0.350366 0.190441 0.459341 0.269615 0.310064 0.172253 0.822421 0.669532 0.857409 0.478081 0.652875 0.647888
0.317102 0.556966 0.208433 1.04615 0.528355 0.261758 0.489377 0.330831 0.615843 1.00604 1.01505 0.648046 1.04109 0.488797 0.275842 0.430889 1.07726 0.651996 0.364039 0.86658 1.09153 0.514717 0.985311 0.111548 1.05426 1.02336 0.451889 1.03626 0.863801 0.746793 0.284397 0.163576 1.00114 0.27229 0.525208 0.396205 0.613082 0.791236 0.876959 0.184149 0.454129 1.00386 0.863612 0.731964 0.0284678 0.976858 0.0729908 0.976543 0.489984 0.381247 1.04381 0.952166 0.197853 0.670848 0.604527 0.889532 0.651836 0.263481 0.681863 0.696712 0.835274 0.612717 0.287661 0.466132 0.228731 0.57995 0.312336 0.485602 0.28087 0.690969 0.59167 0.68144 0.579069 0.829642 0.685376
0.452069 0.806413 0.110897 1.02033 0.561818 0.252431 0.516699 0.287477 0.451856 0.908928 1.03435 0.51696 1.08712 0.311346 0.151918 0.420454 0.931879 0.767177 0.372937 0.819489 1.19725 0.429435 0.987611 0.172338 1.05994 0.895738 0.577361 1.03664 1.08979 0.798535 0.370689 0.0916513 0.772156 0.378519 0.643745 0.496317 0.599757 0.950672 0.818903 0.155422 0.311924 1.16298 1.02536 0.726923 0.212983 0.948036 0.143187 1.03488 0.416541 0.484988 0.946469 0.86986 0.203851 0.382207 0.446698 0.838054 0.796423 0.162076 0.672105 0.940101 0.867905 0.521517 0.471626 0.407755 0.192853 0.571779 0.164554 0.322026 0.342883 0.726924 0.648648 0.912399 0.561336 0.67035 0.629335
0.327214 0.773661 0.279468 0.891307 0.67165 0.384953 0.463097 0.481193 0.554557 1.05183 0.968967 0.732504 0.940907 0.491814 0.243417 0.307094 1.07317 0.764068 0.44548 0.868201 1.0258 0.299699 1.05547 0.0586393 1.12731 0.979995 0.428429 1.04222 0.917389 0.823934 0.551369 0.307481 0.956929 0.152802 0.620949 0.274244 0.664004 0.746768 0.946419 0.267178 0.290466 0.943461 1.0677 0.784454 0.0525851 1.10005 0.0370178 0.894806 0.468789 0.595087 0.971149 1.05731 0.145826 0.540036 0.545953 0.763433 0.615586 0.198262 0.844585 0.97594 0.955488 0.478892 0.498421 0.290796 0.188449 0.532977 0.177341 0.403193 0.360259 0.76355 0.547354 0.706812 0.360641 0.623513 0.761659
0.549405 0.716861 0.0638358 0.922484 0.614619 0.379987 0.462063 0.438167 0.632022 0.982194 0.940338 0.679834 0.897151 0.209508 0.0893325 0.3039 1.13576 0.747918 0.238505 1.01837 1.00064 0.497473 0.854971 0.177236 1.18323 0.835845 0.511853 1.1052 0.882207 0.955826 0.346442 0.296524 0.980071 0.110205 0.504884 0.2441 0.651431 0.975061 1.01845 0.200761 0.581672 1.16567 0.936431 0.765462 0.0666506 1.09244 0.264156 0.906669 0.472347 0.441296 1.02254 0.786832 0.397651 0.629678 0.582761 0.762211 0.571355 0.332233 0.639633 0.866614 0.931261 0.408689 0.320696 0.21825 0.404802 0.47561 0.30352 0.207587 0.147259 0.606078 0.704442 0.668716 0.322603 0.583254 0.77423
0.412522 0.602697 0.267677 1.02436 0.648063 0.232166 0.658313 0.450349 0.636699 0.956128 1.00312 0.617849 0.957153 0.225921 0.293686 0.319062 1.04822 0.74515 0.182849 0.981193 1.26605 0.518018 0.85106 0.162866 1.26341 0.969883 0.674485 0.95984 0.961964 0.862726 0.478894 0.118453 0.954074 0.240994 0.534819 0.484531 0.602648 0.991947 0.945327 0.241196 0.429302 1.08331 1.0079 0.565389 0.0571598 0.985648 0.269846 1.04483 0.293185 0.505399 0.944566 0.853204 0.405959 0.556542 0.636959 0.838911 0.831098 0.228177 0.780603 0.832662 0.811925 0.399699 0.275948 0.324992 0.323756 0.531105 0.215395 0.191912 0.398774 0.551969 0.515433 0.836859 0.54038 0.72788 0.667379
0.255489 0.587627 0.333486 0.80086 0.600985 0.401647 0.412966 0.478917 0.541105 1.01986 0.85907 0.47485 1.07696 0.333656 0.108558 0.235976 1.04342 0.77403 0.300819 0.905291 1.08989 0.498866 0.791887 0.262318 1.08062 0.871987 0.493953 1.04235 1.08056 0.855912 0.328154 0.236576 1.02414 0.205308 0.55481 0.306317 0.692544 0.844246 1.02792 0.149613 0.414325 1.18186 1.03744 0.785139 0.168039 0.958461 0.328486 0.962998 0.404417 0.371624 0.916185 0.939006 0.31638 0.634634 0.449224 0.767502 0.629763 0.0818409 0.750312 0.876783 0.805868 0.524977 0.241327 0.247951 0.301141 0.606415 0.437593 0.252063 0.276173 0.61271 0.644433 0.642439 0.403301 0.741956 0.804311
0.348723 0.8027 0.0457298 0.867596 0.764597 0.2344 0.43787 0.397541 0.636576 0.911921 0.996629 0.495887 0.977791 0.30823 0.271146 0.23301 1.06233 0.723525 0.401007 0.860741 1.26223 0.507801 1.03229 0.0860991 1.2201 0.970281 0.633148 0.927657 0.937786 0.852867 0.437853 0.20348 0.830762 0.215368 0.650953 0.290796 0.656419 0.830372 0.946305 0.2056 0.294794 1.13973 1.13531 0.51541 0.0513601 1.00067 0.289484 1.06541 0.363262 0.513378 1.03333 0.792435 0.147824 0.55505 0.473398 0.705375 0.666045 0.0532847 0.806992 0.933638 0.959625 0.419375 0.473692 0.357948 0.160474 0.611155 0.225862 0.400421 0.146801 0.704977 0.66592 0.751273 0.457867 0.615592 0.637527
0.283566 0.772006 0.277589 1.02821 0.764501 0.454899 0.655623 0.339292 0.701905 1.09274 1.0541 0.5788 1.19208 0.277876 0.313107 0.248515 1.1382 0.617635 0.22515 0.805237 0.987413 0.499441 0.919668 0.250703 1.00523 1.00569 0.389297 0.994296 0.970646 0.822216 0.352591 0.336022 0.851576 0.282554 0.48979 0.507639 0.628493 0.830264 1.03672 0.241821 0.301341 1.09276 1.08913 0.775038 0.101207 0.861561 0.182761 1.17159 0.38959 0.494644 1.08481 0.835939 0.379714 0.501548 0.547307 0.811854 0.598233 0.262106 0.787698 0.958906 0.696363 0.54697 0.301586 0.459238 0.316113 0.62076 0.40943 0.295393 0.185662 0.670907 0.562827 0.760021 0.423506 0.747693 0.724145
0.337156 0.722975 0.182349 1.01264 0.627139 0.233062 0.583719 0.529374 0.487542 1.12384 0.897025 0.555199 1.1404 0.348426 0.36315 0.335576 1.0907 0.71331 0.449207 0.787508 1.14451 0.252866 1.0179 0.0917914 1.08625 0.977632 0.488033 1.06099 1.04474 0.839864 0.341514 0.271062 0.921275 0.280918 0.664627 0.340939 0.626677 0.851273 1.07628 0.206549 0.298969 0.96354 0.86411 0.679546 0.230578 0.877616 0.24111 1.07929 0.508355 0.391689 0.959169 0.976635 0.206302 0.529135 0.549659 0.924303 0.601165 0.21261 0.817314 0.940773 0.911549 0.454547 0.437689 0.446129 0.186775 0.710624 0.233642 0.275711 0.225571 0.69124 0.772543 0.765674 0.527452 0.806183 0.628103
0.508414 0.688354 0.183839 0.92966 0.599107 0.38509 0.453186 0.39032 0.692506 1.03646 1.05977 0.573628 1.04006 0.314349 0.120557 0.255904 0.93937 0.544158 0.420397 0.812125 1.07695 0.501231 1.06011 0.31385 1.25602 0.947259 0.376559 1.17914 1.03249 0.844779 0.459338 0.191985 1.03468 0.393138 0.611426 0.213591 0.587595 0.782709 0.894204 0.127105 0.52206 0.985905 1.13046 0.603229 0.0412139 1.1465 0.210261 1.11719 0.256662 0.418832 0.899047 0.78044 0.407732 0.581066 0.4561 0.677762 0.652832 0.0965225 0.70147 0.875083 0.863623 0.456708 0.262119 0.267296 0.373273 0.655279 0.412495 0.456867 0.1797 0.772216 0.595474 0.746008 0.423521 0.616109 0.675597
0.501477 0.569218 0.122379 0.888019 0.815325 0.340508 0.421538 0.373058 0.692946 1.04438 1.00529 0.642275 1.1517 0.457176 0.341911 0.16066 0.920564 0.721591 0.302003 0.839345 1.16979 0.359049 0.76959 0.250513 1.09446 0.932232 0.447998 1.13996 1.01001 0.715179 0.300785 0.124951 0.991692 0.141127 0.699111 0.346298 0.615088 0.947808 1.01669 0.178496 0.555434 0.994396 1.01345 0.596852 0.0577238 1.14872 0.140548 0.920242 0.399513 0.520088 1.08176 0.807788 0.144273 0.496165 0.709429 0.872931 0.858586 0.179892 0.566103 0.758441 0.773137 0.448735 0.314528 0.425474 0.16006 0.704451 0.321425 0.228765 0.215105 0.572014 0.714112 0.799606 0.504933 0.737066 0.776335
0.490022 0.55483 0.0702299 0.835542 0.641794 0.48402 0.470593 0.39649 0.58601 1.04918 0.919416 0.507252 1.01622 0.200702 0.252124 0.270483 1.01457 0.571263 0.465741 1.00061 1.1972 0.329645 0.817581 0.0918634 1.09661 0.798019 0.524588 0.894778 0.998469 0.974769 0.483715 0.277796 0.975297 0.376212 0.590463 0.250557 0.777928 0.787575 1.06214 0.184494 0.485817 0.906085 0.909463 0.698321 0.0472486 0.966581 0.275606 0.937545 0.512959 0.54965 1.14126 0.959284 0.38559 0.447364 0.666234 0.79492 0.585652 0.182799 0.609334 0.894651 0.932337 0.62531 0.385353 0.258041 0.26527 0.608338 0.159999 0.358769 0.324294 0.663979 0.554461 0.855935 0.566213 0.75353 0.737711
