25 75
1.03791 0.963322 0.195119 0.357008 0.789414 0.695038 0.192895 0.573176 0.592991 0.86469 0.947099 0.534732 0.449119 0.89936 0.505882 0.490391 0.473344 0.506236 0.722267 0.604771 0.807774 0.380625 0.316944 0.806861 0.183482 0.723715 0.546522 0.454751 0.798622 1.04608 0.351445 0.726986 0.552232 0.291838 1.1238 0.645685 0.993857 0.185432 0.446699 1.06433 0.836564 0.41322 0.32379 0.428044 0.26152 0.506505 0.446661 0.147972 0.794633 0.363288 0.339268 0.457 1.10677 0.441217 0.605946 0.750347 0.96201 0.981414 0.177605 0.749055 0.54627 1.21465 0.470328 0.899716 0.588886 0.710444 0.181583 0.303479 0.552219 0.944547 0.927893 0.343036 1.13881 0.701341 0.445276
1.13564 1.02255 0.117281 0.380676 0.931389 0.559073 0.442598 0.687543 0.505077 0.827094 0.833907 0.486125 0.617759 0.892973 0.451799 0.514912 0.681313 0.492164 0.769732 0.574313 0.832893 0.229119 0.48247 0.869473 0.105431 0.62803 0.466625 0.537219 0.725067 1.06969 0.352592 0.897195 0.70914 0.115061 0.896983 0.781212 0.895624 0.301156 0.525604 1.03314 0.65888 0.527189 0.557481 0.350574 0.381519 0.570892 0.574075 0.339589 1.00133 0.372365 0.566048 0.740884 1.07516 0.391365 0.683502 0.675858 0.904711 1.09855 0.187523 0.866724 0.666175 1.23348 0.25134 0.889009 0.584371 0.567779 0.236439 0.315713 0.378802 0.823503 0.829176 0.384942 0.927714 0.726621 0.591174
1.12975 0.979673 0.253143 0.431591 0.795585 0.625395 0.161621 0.7731 0.438114 0.971965 0.893864 0.293861 0.433435 0.748701 0.701101 0.529276 0.533029 0.321651 0.61887 0.604234 0.988192 0.213443 0.449594 0.761359 0.117007 0.644147 0.486007 0.5018 0.768351 1.10668 0.124746 0.826078 0.556221 0.217536 1.09044 0.582891 1.12575 0.314658 0.506776 0.965348 0.858805 0.524581 0.418385 0.503457 0.467473 0.54323 0.444333 0.19279 0.969934 0.31941 0.492621 0.55984 1.0054 0.565196 0.513241 0.688458 0.982193 1.13764 0.25832 0.873061 0.613878 1.11157 0.467195 1.02131 0.678805 0.440623 0.113778 0.575055 0.483295 0.902531 0.908655 0.338991 1.01256 0.642845 0.551356
0.949138 1.17976 0.218322 0.478156 0.953887 0.562782 0.25923 0.647271 0.666582 1.05497 0.902312 0.366088 0.622052 0.731153 0.670617 0.534468 0.624022 0.487881 0.68127 0.828793 0.907265 0.263781 0.369656 0.766737 0.294794 0.472089 0.62619 0.541773 0.87261 0.975149 0.124193 0.745052 0.651587 0.236932 1.0927 0.559257 0.972744 0.376466 0.483086 1.10949 0.864761 0.474663 0.471417 0.597015 0.276627 0.522801 0.657149 0.315789 0.832452 0.187938 0.437758 0.666016 0.91043 0.535695 0.574676 0.75379 0.867107 1.01589 0.167643 0.688534 0.718823 0.965561 0.280406 0.92392 0.517128 0.449074 0.316906 0.571303 0.496657 1.00249 0.885243 0.51696 0.964912 0.535626 0.431588
1.08505 1.0919 0.255003 0.403463 0.930428 0.685491 0.287944 0.611351 0.533443 0.821658 0.863793 0.32993 0.492869 0.930834 0.646818 0.477771 0.568259 0.581295 0.773378 0.740535 0.79959 0.314337 0.554074 0.762285 0.268901 0.552637 0.739532 0.459332 0.923275 1.03542 0.221433 0.771972 0.689111 0.350317 1.04536 0.576955 0.945537 0.244584 0.572873 0.916617 0.910097 0.59954 0.541769 0.642977 0.320811 0.337754 0.49797 0.359385 0.977799 0.226398 0.443428 0.509327 1.00183 0.527876 0.533946 0.545966 0.997518 1.08922 0.326926 0.815261 0.534861 1.05991 0.443795 0.813527 0.636215 0.600495 0.383612 0.47212 0.348601 0.837624 0.941239 0.325155 1.20192 0.53814 0.574963
1.14481 1.02371 0.191261 0.50403 0.846087 0.620824 0.354414 0.527656 0.57392 0.898087 0.813003 0.266175 0.490194 0.732234 0.449108 0.252635 0.418894 0.380678 0.799836 0.681928 0.925174 0.389998 0.346511 0.935519 0.30998 0.716656 0.734433 0.550531 0.89619 1.19959 0.37372 0.731298 0.517489 0.18377 1.06044 0.680199 1.08338 0.263151 0.530832 1.06408 0.663498 0.422526 0.484175 0.50636 0.332019 0.571631 0.38918 0.332329 0.951259 0.303023 0.391657 0.631218 0.889168 0.356131 0.518553 0.706588 1.13519 1.16805 0.0789434 0.725897 0.686705 1.00273 0.272462 0.910373 0.566611 0.615891 0.262966 0.358101 0.422699 0.874769 0.980111 0.364111 1.14801 0.657128 0.581286
1.03603 1.18606 0.24757 0.642248 0.785307 0.548001 0.266814 0.622002 0.681058 0.89969 0.956095 0.420468 0.455639 0.674371 0.437573 0.39185 0.397443 0.426128 0.854986 0.565216 0.778187 0.26581 0.457051 0.859035 0.327683 0.551999 0.591281 0.553525 0.900368 1.04909 0.294659 0.901065 0.707141 0.132108 0.965688 0.676756 1.08368 0.180418 0.585992 1.06631 0.751334 0.389811 0.533205 0.614961 0.489877 0.337991 0.558065 0.21555 0.769028 0.433951 0.481482 0.598372 1.08517 0.337044 0.70269 0.673642 0.968334 0.97953 0.18491 0.708631 0.635484 1.177 0.444198 0.74687 0.64299 0.547579 0.344218 0.516473 0.387927 0.990734 0.95479 0.50692 1.1495 0.551207 0.481839
0.911327 1.12949 0.220392 0.480898 0.720771 0.768241 0.175208 0.740171 0.574206 0.777495 0.99002 0.344868 0.396676 0.832566 0.547328 0.31012 0.619888 0.42181 0.867892 0.587938 0.958585 0.339663 0.547678 0.786163 0.206641 0.527813 0.70558 0.456025 0.860774 0.926673 0.373749 0.851516 0.651601 0.110906 1.04942 0.785539 0.85499 0.397615 0.473415 0.900872 0.886162 0.54292 0.495943 0.532892 0.325887 0.316968 0.593277 0.276541 0.889282 0.190246 0.510948 0.680897 1.01272 0.347201 0.459183 0.590072 1.09547 0.983727 0.31497 0.686727 0.662679 0.980505 0.231651 0.933396 0.650879 0.686533 0.108869 0.576379 0.618857 0.889873 1.03329 0.328643 1.17317 0.686777 0.388547
1.14303 0.992476 0.280754 0.496271 0.814009 0.594524 0.193359 0.750721 0.472071 0.970446 0.950283 0.277732 0.441357 0.815756 0.662479 0.395805 0.420461 0.477244 0.809045 0.593091 0.808318 0.271663 0.385312 0.926988 0.161936 0.502584 0.613998 0.426799 0.986072 1.03188 0.386753 0.974236 0.59019 0.147565 0.896532 0.829889 0.856992 0.186648 0.487609 0.84435 0.715341 0.561507 0.397766 0.640174 0.301358 0.525109 0.399966 0.231468 0.885696 0.219987 0.49007 0.444642 1.01139 0.36331 0.578794 0.579611 1.09382 1.06511 0.238984 0.877979 0.619639 1.13282 0.398824 0.981019 0.758251 0.505167 0.293142 0.431588 0.566771 0.763815 0.866997 0.309226 1.06918 0.52815 0.568995
1.03422 1.01076 0.250731 0.634728 0.834066 0.791551 0.239647 0.656825 0.663239 0.876001 0.986343 0.33987 0.59312 0.808814 0.624383 0.457518 0.670062 0.516624 0.816342 0.770506 0.930821 0.211485 0.459498 0.772153 0.241543 0.668283 0.498965 0.447823 0.758114 0.938429 0.209082 0.883708 0.682962 0.108708 0.869471 0.692434 1.04591 0.371556 0.429176 0.895928 0.937295 0.604134 0.517403 0.542653 0.527809 0.518647 0.662403 0.116857 0.924702 0.405742 0.400291 0.493469 0.994749 0.52083 0.597497 0.497595 0.932255 1.05033 0.232946 0.882308 0.777263 1.16927 0.407774 0.939296 0.765547 0.66016 0.388867 0.528166 0.413464 1.00045 0.967374 0.333892 1.0983 0.62385 0.579889
1.14303 1.15547 0.139396 0.562598 0.706052 0.83123 0.220441 0.678084 0.691325 0.865308 1.09866 0.484905 0.535551 0.707529 0.623941 0.479994 0.554903 0.579079 0.79447 0.72078 0.76309 0.447852 0.524346 0.982371 0.0837665 0.664871 0.747938 0.370002 0.75809 0.980722 0.284076 0.879056 0.586434 0.26745 1.00452 0.837605 1.03881 0.206208 0.519255 0.882239 0.649602 0.547645 0.412758 0.448168 0.468585 0.426974 0.441715 0.204104 0.875022 0.28007 0.444497 0.498809 0.930602 0.563733 0.505859 0.621216 1.10614 1.10933 0.214369 0.693527 0.598817 0.972562 0.496235 1.00078 0.6516 0.719422 0.19206 0.379543 0.572348 0.937686 0.933566 0.384548 1.06867 0.503168 0.39637
0.914787 1.1654 0.393497 0.371975 0.804429 0.826603 0.190386 0.53061 0.614861 0.865823 1.06388 0.309453 0.436448 0.888749 0.476878 0.402879 0.530896 0.547882 0.70875 0.754286 0.785961 0.23724 0.297184 0.859443 0.105198 0.573835 0.536957 0.573909 0.910285 1.11257 0.312964 0.812735 0.712135 0.0818452 1.05217 0.647692 0.888803 0.439824 0.50667 0.904111 0.783573 0.49126 0.380456 0.621846 0.252846 0.46794 0.630857 0.291479 0.770427 0.392619 0.482239 0.678861 0.915535 0.515823 0.451324 0.602326 1.00585 1.17296 0.228482 0.609625 0.715465 1.11203 0.391337 0.855384 0.790583 0.441498 0.274334 0.445366 0.42982 0.869353 1.02217 0.311228 1.17355 0.554378 0.392422
1.13641 1.11419 0.108896 0.405338 0.777129 0.71792 0.403878 0.708539 0.564727 1.00005 0.866538 0.397517 0.383516 0.692681 0.450612 0.30867 0.511695 0.383138 0.749166 0.696313 0.739806 0.463015 0.354448 0.956763 0.159958 0.622628 0.65136 0.554532 0.984042 1.07126 0.391338 0.802376 0.722491 0.328429 1.06145 0.543115 0.840094 0.263555 0.505954 0.873305 0.934107 0.482154 0.450701 0.375665 0.44463 0.338733 0.646126 0.388522 0.965286 0.416938 0.538414 0.544283 0.872037 0.516523 0.633273 0.735286 0.992466 0.999261 0.292608 0.802526 0.771873 1.02862 0.330783 1.00116 0.755535 0.492487 0.254127 0.531457 0.542747 0.868916 0.802827 0.492007 1.02626 0.668942 0.575416
0.937798 1.12058 0.338945 0.393353 0.886953 0.655046 0.291748 0.795995 0.406976 0.975754 0.910178 0.519127 0.583591 0.905863 0.618402 0.37955 0.668203 0.459646 0.76426 0.753956 0.903806 0.46063 0.302082 0.780131 0.0875858 0.482072 0.576627 0.573462 0.748065 1.14294 0.164844 0.920142 0.665361 0.230164 1.08921 0.74384 1.01788 0.394591 0.614769 0.982613 0.915988 0.504653 0.579935 0.444383 0.430843 0.558148 0.494051 0.338767 0.908406 0.195909 0.371747 0.500116 1.04355 0.334183 0.494284 0.614822 0.874329 1.16041 0.178701 0.624423 0.589559 1.20239 0.445412 1.00779 0.795132 0.634912 0.402141 0.370783 0.471694 0.915542 0.832445 0.323403 1.09351 0.745789 0.318834
0.951878 1.04628 0.105411 0.559791 0.94716 0.727174 0.349071 0.781612 0.414176 1.03116 0.998955 0.460125 0.65037 0.883259 0.611454 0.400943 0.49889 0.48044 0.824511 0.690796 0.906918 0.417144 0.439055 0.819398 0.233353 0.620323 0.611084 0.464813 0.776688 0.984477 0.332953 0.794872 0.633055 0.193172 0.910948 0.625929 1.10694 0.210631 0.434684 0.96173 0.915236 0.595155 0.363842 0.494234 0.461665 0.372717 0.485046 0.105378 0.974477 0.250445 0.46496 0.558446 0.980608 0.521273 0.604038 0.626493 0.992167 1.05519 0.1094 0.772769 0.595191 1.19776 0.36898 0.722382 0.582925 0.606183 0.274936 0.487864 0.447377 0.78831 0.95763 0.562971 1.10154 0.715273 0.543557
1.02175 1.1788 0.335259 0.357995 0.887704 0.575087 0.294189 0.690224 0.472381 0.774522 0.891318 0.414762 0.411889 0.659864 0.500062 0.446959 0.670262 0.570941 0.699792 0.755234 0.732902 0.481091 0.396609 0.951304 0.198501 0.677651 0.71571 0.488193 0.740232 1.05571 0.373259 0.825002 0.525184 0.332284 0.942044 0.54754 1.01645 0.229808 0.424234 0.871895 0.730867 0.510193 0.441267 0.47009 0.330687 0.388144 0.482499 0.112705 0.784819 0.44472 0.470173 0.654312 1.07774 0.56904 0.582283 0.581347 1.08685 1.08142 0.307361 0.759799 0.501705 1.10287 0.290625 0.992566 0.687556 0.537051 0.252646 0.479647 0.49774 1.02273 0.973201 0.413328 1.05253 0.557989 0.543489
1.04562 1.00394 0.198088 0.455679 0.67439 0.68822 0.196296 0.78557 0.502714 0.769004 0.812243 0.482251 0.626364 0.81969 0.562276 0.367897 0.447752 0.374588 0.617309 0.706771 0.861359 0.4719 0.556894 0.936052 0.14248 0.645316 0.477436 0.479564 0.917999 0.932828 0.168836 1.01106 0.708358 0.248092 1.05688 0.582441 0.94632 0.365329 0.591492 1.03699 0.645106 0.473403 0.578785 0.424878 0.456428 0.342367 0.630257 0.33811 0.822447 0.325285 0.496065 0.720662 0.896947 0.468528 0.68175 0.655162 1.10375 1.02537 0.258571 0.812327 0.736711 1.14378 0.249084 0.960778 0.69005 0.701392 0.325827 0.401948 0.561276 0.787117 0.990702 0.470351 1.04773 0.53909 0.376819
1.14492 1.22597 0.162503 0.572927 0.746956 0.785267 0.440566 0.783757 0.636549 0.902467 0.845339 0.357773 0.436325 0.699179 0.709955 0.440353 0.674843 0.381817 0.719615 0.810778 0.814924 0.402702 0.390055 0.886731 0.371289 0.599873 0.486207 0.358664 0.922479 1.16715 0.334789 0.894496 0.493233 0.127645 1.06495 0.784555 1.13293 0.24276 0.46454 1.06432 0.899399 0.624776 0.518335 0.370158 0.304553 0.344731 0.377709 0.329467 1.00709 0.304174 0.384069 0.506973 0.970909 0.525226 0.44892 0.690384 0.925967 1.05498 0.0895622 0.688888 0.714409 1.20183 0.496337 0.975863 0.550956 0.639674 0.177573 0.28371 0.399216 0.776896 0.921229 0.432228 1.11108 0.626243 0.584312
1.10406 1.21347 0.106122 0.577001 0.692977 0.703304 0.16408 0.587735 0.638249 0.998454 0.956847 0.450277 0.621753 0.866749 0.694499 0.491496 0.590078 0.533835 0.685307 0.636219 0.732779 0.348528 0.57401 0.928657 0.319656 0.764028 0.545277 0.405261 0.794406 1.16273 0.138744 0.877515 0.609153 0.146548 1.098 0.688551 1.00291 0.379242 0.601937 0.921705 0.906225 0.541099 0.360003 0.359493 0.303629 0.326251 0.536304 0.379425 0.90525 0.25553 0.426382 0.543844 1.02515 0.334356 0.597573 0.541058 1.11602 0.978758 0.157291 0.845841 0.578425 1.02143 0.345481 1.0177 0.517218 0.669922 0.16851 0.393352 0.346959 1.01716 0.945912 0.492195 1.09602 0.667782 0.373519
0.93853 1.0319 0.272132 0.427402 0.904219 0.792135 0.343189 0.665075 0.587581 0.862422 0.977782 0.393266 0.574234 0.850306 0.700368 0.436688 0.543312 0.383287 0.72073 0.767039 1.0099 0.323063 0.421382 1.01202 0.135693 0.635876 0.627534 0.523032 0.96471 0.92211 0.199072 0.83493 0.543061 0.128044 0.899896 0.826448 1.01413 0.453347 0.651979 0.852852 0.76864 0.580309 0.552229 0.554428 0.490161 0.433503 0.504017 0.306289 0.763054 0.33007 0.413781 0.529401 1.06451 0.531979 0.735709 0.640562 0.906703 1.04248 0.242978 0.74876 0.505203 1.02991 0.423777 0.789292 0.578492 0.559392 0.254683 0.372991 0.43114 0.988354 1.05484 0.549321 1.15449 0.724344 0.380169
1.09543 1.11695 0.191637 0.393112 0.752282 0.763765 0.453667 0.606644 0.440162 0.829953 1.01959 0.420381 0.573244 0.738745 0.647652 0.338612 0.48183 0.453849 0.674565 0.633806 0.905892 0.38729 0.439739 0.927912 0.115274 0.543129 0.643243 0.565593 0.797005 1.14006 0.180048 0.996533 0.508053 0.0982424 0.902921 0.740789 1.06836 0.425804 0.551083 0.884749 0.754445 0.387228 0.410391 0.609314 0.374005 0.558067 0.554076 0.338606 1.00211 0.183657 0.524159 0.556314 0.916888 0.317919 0.596017 0.572478 0.912373 0.898795 0.197726 0.788054 0.524857 1.25891 0.376401 0.839091 0.49908 0.681017 0.279646 0.484882 0.44634 0.796744 0.927386 0.432658 1.09641 0.689546 0.590993
0.975081 1.12055 0.226674 0.461656 0.822806 0.555734 0.276106 0.745135 0.448211 0.972233 0.959723 0.332391 0.625997 0.939471 0.58354 0.433016 0.576922 0.470318 0.657738 0.836449 0.971911 0.322427 0.385244 0.863071 0.212266 0.5418 0.564538 0.435804 0.778326 1.16978 0.287008 1.00407 0.570051 0.160501 1.11189 0.604445 1.11156 0.402186 0.572885 0.992222 0.761003 0.40174 0.463417 0.468149 0.328232 0.591225 0.500377 0.201784 0.808815 0.326407 0.434536 0.445805 0.989003 0.578907 0.517016 0.746361 1.06414 0.931581 0.127015 0.601742 0.628539 1.12105 0.502665 0.986167 0.610923 0.564361 0.229345 0.548261 0.457338 0.846674 0.919607 0.28974 1.20455 0.567056 0.499056
1.02376 1.04211 0.198165 0.38923 0.836647 0.709566 0.348533 0.676503 0.521087 1.02065 0.964164 0.375464 0.390865 0.917003 0.460557 0.309623 0.40146 0.369839 0.892322 0.648852 0.733401 0.397265 0.281682 0.755113 0.12741 0.749437 0.546745 0.433215 0.921282 1.17985 0.137124 0.866321 0.667025 0.202794 1.09708 0.748026 1.04975 0.237084 0.483539 0.943739 0.903705 0.479252 0.360503 0.409145 0.290015 0.43554 0.522903 0.328163 0.779198 0.165978 0.379788 0.607179 0.931855 0.363977 0.446811 0.740537 1.08855 1.16125 0.207437 0.644664 0.588693 0.970532 0.232766 0.855702 0.649517 0.467765 0.292771 0.451105 0.505602 0.797412 0.984097 0.539316 1.11326 0.544675 0.565909
0.94204 1.21221 0.103527 0.400776 0.673157 0.699447 0.299056 0.676484 0.652145 0.863018 0.93607 0.373939 0.623569 0.735136 0.450516 0.451573 0.639925 0.443349 0.627646 0.842996 1.00884 0.263769 0.316918 0.780034 0.156179 0.626806 0.540468 0.532585 0.985891 1.20421 0.337206 0.737294 0.551042 0.291697 0.972529 0.642325 1.01702 0.449312 0.674172 0.852227 0.929849 0.373791 0.363562 0.474344 0.475492 0.326715 0.40876 0.373383 0.905142 0.442863 0.303739 0.466233 0.943507 0.428025 0.641557 0.622509 1.06087 0.980397 0.121743 0.747943 0.73486 0.965589 0.432774 0.781559 0.708691 0.562023 0.334879 0.405311 0.59877 0.862005 1.04833 0.33021 1.10176 0.577444 0.475159
1.1324 1.21945 0.370911 0.413964 0.886856 0.603523 0.389758 0.669432 0.461423 1.00027 0.861102 0.358071 0.478056 0.772849 0.590112 0.424704 0.58763 0.541768 0.84159 0.653699 0.859614 0.47122 0.297323 0.96101 0.18204 0.521387 0.543802 0.567273 0.921682 0.957677 0.268427 0.758101 0.759426 0.295092 0.873658 0.828591 1.06592 0.36013 0.634076 0.8608 0.930212 0.669272 0.532875 0.47514 0.336582 0.435522 0.458715 0.0969291 0.936464 0.238392 0.325293 0.457756 1.04881 0.356409 0.678475 0.689528 1.03192 1.00158 0.12121 0.882059 0.632993 1.07327 0.467987 0.886268 0.634429 0.736808 0.264686 0.481401 0.368295 0.808924 1.02907 0.448304 1.19468 0.56555 0.392955
