25 75
0.51459 0.620086 0.625759 0.325517 0.943846 0.358417 0.134948 0.627956 0.362164 0.766966 0.965674 0.762494 0.954003 0.429875 0.775629 0.742542 0.959247 0.741533 0.205799 0.696558 0.857907 1.11539 0.461329 0.128539 0.138172 0.841153 0.555676 0.65465 0.181418 0.315169 0.519675 0.347892 1.01035 0.701146 0.755123 0.913388 0.840716 1.13324 0.179893 0.952571 0.14713 0.390072 0.876437 0.397586 0.998423 1.04712 1.03874 1.17046 0.600962 0.57923 0.260308 0.557259 0.138722 1.03742 0.502863 0.791396 0.995812 0.750218 0.364764 0.705495 0.550337 0.469929 0.244095 0.852282 0.577702 0.360976 0.738464 0.426602 0.992646 0.362327 0.827089 0.276461 0.70297 0.620057 0.759807
0.377622 0.844299 0.836583 0.422783 0.844222 0.242874 0.253653 0.706528 0.329794 0.866229 0.985104 0.617538 0.720059 0.596463 0.78334 0.866639 1.06232 0.509618 0.157437 0.796918 0.880882 1.05022 0.450749 0.134224 0.0394245 0.732797 0.637831 0.440251 0.37492 0.316961 0.560836 0.423797 1.0397 0.66223 0.876614 0.732527 0.709832 1.04184 0.428228 0.720764 0.290696 0.383193 1.04894 0.245217 0.915342 0.906064 0.827557 1.14707 0.684391 0.556074 0.414952 0.669971 0.263068 1.07688 0.255136 0.964731 0.793327 0.729523 0.0837433 0.850551 0.524455 0.257302 0.271818 0.7865 0.657119 0.551066 0.769116 0.2617 0.950303 0.218519 0.761935 0.177433 0.835677 0.445874 0.726651
0.466393 0.75666 0.582543 0.333606 0.853948 0.145542 0.242178 0.751515 0.21436 0.600129 0.988852 0.74101 0.746562 0.541597 0.827532 0.766159 1.05779 0.482835 0.165093 0.735898 1.07232 0.888808 0.565652 0.400635 0.166281 0.807736 0.574335 0.620163 0.424807 0.421571 0.773162 0.373556 1.16717 0.595982 0.87025 0.748982 0.582208 0.974525 0.427422 0.759353 0.26176 0.329714 0.842425 0.226616 0.97873 1.02262 0.969688 1.18413 0.483542 0.518804 0.227266 0.702571 0.302395 0.990897 0.376424 0.769915 1.01306 0.603524 0.310458 0.9409 0.427909 0.221084 0.382626 0.871506 0.586078 0.550163 0.87096 0.214458 1.01344 0.274913 0.672861 0.262069 0.846444 0.578732 0.774787
0.601855 0.622637 0.810086 0.257214 0.936589 0.230817 0.229709 0.84434 0.353956 0.649855 0.83495 0.646684 0.961943 0.410711 0.912033 0.834147 1.16259 0.454666 0.189531 0.606254 0.889202 0.931878 0.655948 0.218977 0.285199 0.698504 0.708103 0.58729 0.222764 0.440731 0.54763 0.44938 1.21613 0.689831 0.900009 0.8099 0.676983 1.01678 0.241536 0.829626 0.201597 0.25528 0.84562 0.462544 0.858482 0.99654 0.838012 0.972482 0.642027 0.507571 0.231219 0.807471 0.268734 1.18467 0.224977 0.823051 0.938325 0.740558 0.0701111 0.979042 0.371931 0.476661 0.103663 0.745159 0.665367 0.538641 0.909895 0.340319 1.02379 0.371671 0.629758 0.158218 0.787698 0.538646 0.697053
0.335935 0.718022 0.667149 0.463989 0.942777 0.149772 0.170446 0.722907 0.256558 0.619954 0.744479 0.712204 0.807385 0.576904 0.979279 0.827384 0.966581 0.597292 0.06568 0.702572 0.896029 1.09721 0.520631 0.191033 0.0828122 0.901005 0.52766 0.65891 0.218176 0.263774 0.705477 0.335323 1.12563 0.527816 0.948717 0.941249 0.800378 0.902023 0.272048 0.988705 0.164173 0.178191 0.832361 0.28014 0.889671 0.927177 0.835852 1.07643 0.593271 0.579807 0.194246 0.630209 0.0181178 0.971379 0.271758 0.756977 0.911866 0.708045 0.229889 0.869437 0.388466 0.200843 0.215216 0.690601 0.554176 0.599812 0.955839 0.41893 1.06985 0.283718 0.761196 0.0714248 0.627646 0.360434 0.645423
0.33139 0.608168 0.662374 0.417683 1.05332 0.178498 0.300776 0.719157 0.373451 0.85033 0.786997 0.638472 0.804065 0.461888 0.978544 0.706001 1.05017 0.607329 0.197376 0.69867 0.836637 0.988637 0.537924 0.124119 0.167421 0.761885 0.614586 0.580018 0.158654 0.328609 0.672652 0.415191 1.24558 0.665065 0.771879 0.927171 0.679322 0.980324 0.152135 1.00251 0.281394 0.383985 0.934484 0.426225 1.1397 0.896024 0.84243 1.17591 0.605551 0.573 0.356868 0.613413 0.0191484 1.17371 0.451743 0.828195 1.0218 0.577591 0.171812 0.715664 0.4014 0.319922 0.0961826 0.798475 0.831195 0.532532 0.833642 0.254503 1.09047 0.403433 0.708831 0.313517 0.895155 0.584353 0.733931
0.49523 0.637227 0.590525 0.263521 0.97065 0.340428 0.311391 0.576816 0.202303 0.652132 0.949399 0.557324 0.774741 0.536371 0.972656 0.714186 1.17074 0.562614 0.0757163 0.721619 1.06268 0.916634 0.497433 0.197001 0.0807798 0.79773 0.746005 0.434803 0.254929 0.468214 0.578797 0.380526 1.24403 0.485953 0.954362 0.930357 0.68006 1.04362 0.438443 0.938063 0.28353 0.317282 0.779411 0.324603 1.0053 0.857852 0.966442 0.926109 0.460469 0.430922 0.328096 0.570596 0.199354 0.926469 0.440903 0.844751 0.99072 0.800996 0.263397 0.997547 0.547782 0.35385 0.152068 0.679322 0.66063 0.446779 0.702576 0.228039 0.88977 0.146691 0.720144 0.214477 0.647245 0.409134 0.71482
0.444653 0.880172 0.62122 0.304242 0.851152 0.13368 0.144107 0.764342 0.168 0.653312 0.856414 0.823218 0.821949 0.53948 0.887762 0.917177 1.06027 0.52879 0.0675742 0.690887 0.902543 1.06149 0.68284 0.303913 0.135924 0.856834 0.714657 0.610865 0.298597 0.341867 0.784527 0.270418 0.986874 0.437957 0.964214 0.720357 0.854799 0.915195 0.307531 0.892627 0.424165 0.247505 0.933601 0.312148 0.958875 0.960881 0.81784 1.21835 0.723177 0.442508 0.405392 0.782414 0.0727314 1.0471 0.21654 0.941488 0.926191 0.666149 0.0667471 0.91702 0.641115 0.423128 0.121582 0.61927 0.696989 0.361234 0.800697 0.293136 0.880345 0.372732 0.711705 0.0873316 0.677795 0.456397 0.782086
0.347217 0.75565 0.58801 0.228331 1.02685 0.352468 0.166783 0.580753 0.173996 0.732248 0.737908 0.60243 0.792828 0.605826 0.853437 0.919966 0.971659 0.640475 0.277171 0.763612 0.921812 1.14541 0.483815 0.189649 0.179212 0.868504 0.573486 0.62565 0.450819 0.252022 0.622464 0.308132 1.25957 0.632182 0.697585 0.68528 0.588613 0.941375 0.429331 1.00186 0.355677 0.321795 1.05907 0.243223 1.14619 1.01743 1.07169 1.05753 0.465245 0.546826 0.393004 0.599277 0.265349 1.01386 0.228675 0.867809 1.00232 0.537187 0.135346 0.86178 0.458223 0.382264 0.263614 0.889171 0.640558 0.481396 0.721743 0.342099 1.0557 0.267008 0.841841 0.103223 0.867167 0.466496 0.780979
0.603946 0.696536 0.743172 0.395716 1.05452 0.123961 0.14712 0.634995 0.242236 0.678352 0.975806 0.728462 0.915205 0.585165 0.965708 0.858673 1.15075 0.529724 0.215855 0.695635 0.9367 1.15245 0.657572 0.265724 0.204887 0.926026 0.630863 0.641074 0.42632 0.426837 0.805338 0.375755 1.23661 0.566119 0.851992 0.772212 0.734865 1.14434 0.220696 0.841694 0.136594 0.297059 0.844175 0.181443 0.871989 0.876256 0.855699 1.0344 0.472304 0.677177 0.229622 0.638525 0.274419 1.06226 0.216753 0.859949 0.800832 0.52717 0.204959 0.88732 0.398302 0.456564 0.278617 0.869381 0.566225 0.402167 0.918723 0.233921 1.08378 0.232901 0.781199 0.227424 0.901816 0.403121 0.541206
0.507248 0.897519 0.684477 0.358884 0.900349 0.260104 0.243213 0.832421 0.353096 0.738875 0.814423 0.761747 0.756497 0.551294 0.776337 0.838096 1.08229 0.731955 0.101386 0.818898 1.07517 1.05457 0.498183 0.226329 0.231396 0.715263 0.737723 0.574475 0.248994 0.317493 0.551565 0.363872 1.08028 0.553008 0.906725 0.892945 0.834694 1.01471 0.170215 1.00882 0.243308 0.329535 1.01238 0.277899 0.849223 0.838713 0.913966 1.00793 0.545774 0.499501 0.288507 0.718811 0.226715 0.913339 0.386616 0.926272 1.01183 0.774137 0.146957 0.930357 0.648957 0.193174 0.296843 0.807438 0.714458 0.602466 0.922572 0.428485 0.910825 0.188585 0.870212 0.292376 0.790542 0.563954 0.759734
0.541481 0.702566 0.562443 0.433862 1.05462 0.184724 0.334749 0.852107 0.222811 0.621613 0.736259 0.703356 0.94415 0.55371 0.820591 0.861417 1.2285 0.741277 0.218637 0.546135 0.882838 1.06775 0.64079 0.336184 0.22347 0.799626 0.771028 0.549417 0.326176 0.377901 0.713245 0.219558 1.07394 0.585736 0.68546 0.866385 0.807296 0.96928 0.426461 0.918181 0.158551 0.278507 0.7699 0.286778 1.04416 1.09998 0.81225 0.956324 0.55655 0.463712 0.420498 0.605513 0.217146 1.08756 0.226903 0.952841 0.921133 0.677837 0.206803 0.730272 0.442466 0.438919 0.188603 0.8569 0.610499 0.469733 0.879731 0.253862 1.08608 0.415426 0.709802 0.0714045 0.761781 0.632525 0.655901
0.446513 0.733067 0.784881 0.496002 0.874314 0.351478 0.140775 0.772754 0.319016 0.635001 1.02129 0.664338 0.924957 0.437866 0.930777 0.937062 1.02233 0.478991 0.206945 0.801051 1.05231 0.938235 0.61511 0.13138 0.0453824 0.921931 0.768006 0.431738 0.249498 0.382064 0.686137 0.217553 1.09309 0.409427 0.963583 0.776986 0.751332 1.05159 0.338339 0.7652 0.367337 0.35551 1.01418 0.332927 0.927029 0.874273 1.06442 1.11893 0.521428 0.437202 0.444071 0.648721 0.0707981 1.02544 0.299917 0.871347 1.04832 0.683048 0.324174 0.912874 0.620553 0.292175 0.21611 0.74233 0.641222 0.350852 0.759279 0.437297 0.853337 0.319473 0.79521 0.246794 0.895866 0.502598 0.646753
0.340944 0.674534 0.627693 0.244438 0.883327 0.327498 0.110337 0.567833 0.244162 0.764814 0.766277 0.729072 0.850891 0.64362 0.922253 0.811016 1.02488 0.454784 0.119496 0.673418 1.00605 1.06618 0.504209 0.316295 0.271038 0.820271 0.627445 0.562302 0.318332 0.36648 0.757571 0.447882 1.10574 0.674699 0.747271 0.932955 0.611482 1.16725 0.386339 0.729209 0.415945 0.315095 0.861673 0.463455 1.00641 0.823528 1.03705 1.08231 0.516116 0.442246 0.319945 0.718553 0.0523393 1.16801 0.485461 0.790745 0.814069 0.644676 0.32233 0.928689 0.491947 0.230114 0.382686 0.872038 0.711984 0.392777 0.8834 0.434518 0.861241 0.330765 0.659183 0.260275 0.707386 0.555036 0.788233
0.359833 0.758368 0.713537 0.331492 1.02516 0.246356 0.312687 0.784726 0.226404 0.692936 0.875901 0.724875 0.83241 0.507273 0.703613 0.918609 1.2058 0.563352 0.261071 0.783175 0.894193 1.05759 0.498225 0.336855 0.183212 0.906713 0.627657 0.561274 0.33645 0.313942 0.546168 0.318938 1.20683 0.420461 0.76584 0.726477 0.577491 1.03783 0.437404 0.983275 0.40869 0.158998 0.814496 0.407262 0.902969 1.08983 0.868319 0.939029 0.521718 0.49725 0.267159 0.643311 0.247963 0.900452 0.235516 0.788089 0.790411 0.530339 0.301952 0.713621 0.465082 0.349254 0.322061 0.854565 0.788412 0.390002 0.690304 0.316654 1.09577 0.305298 0.616489 0.237794 0.821949 0.404948 0.677395
0.463161 0.657061 0.730225 0.39276 1.04368 0.238402 0.0811355 0.582849 0.0963226 0.6927 0.995554 0.611273 0.81806 0.630281 0.782597 0.879609 1.00023 0.559924 0.171179 0.578954 1.02372 1.12619 0.557801 0.190977 0.277252 0.705234 0.513011 0.484629 0.451334 0.348748 0.711946 0.338767 1.08911 0.480863 0.877817 0.776317 0.680048 0.930345 0.293029 0.801145 0.346358 0.15649 0.816314 0.259366 1.13925 0.953477 0.947805 0.993221 0.626193 0.518207 0.174035 0.597154 0.00574335 1.16657 0.359221 0.981821 0.930577 0.70355 0.232222 0.988995 0.642281 0.410546 0.308135 0.659533 0.634992 0.500847 0.679086 0.456837 1.04133 0.419783 0.885091 0.225646 0.626335 0.390486 0.63302
0.597606 0.768168 0.575388 0.374959 0.956731 0.352328 0.0965698 0.740341 0.0975846 0.745922 0.910739 0.590003 0.725753 0.589586 0.804019 0.888428 0.963801 0.684632 0.28858 0.753551 0.961705 0.988462 0.609886 0.162298 0.151805 0.748957 0.605378 0.654993 0.231292 0.283267 0.680621 0.319939 1.22253 0.428087 0.699464 0.744665 0.814594 0.902551 0.196723 0.741638 0.358639 0.319524 0.784677 0.40033 0.889486 1.07034 1.09655 0.98162 0.750472 0.525454 0.243522 0.591831 0.0685392 1.17017 0.413819 0.863893 0.810635 0.785245 0.323974 0.824148 0.533068 0.452596 0.375955 0.714516 0.584208 0.393208 0.73033 0.313681 1.06753 0.199977 0.856118 0.133486 0.777163 0.621162 0.678776
0.595763 0.672137 0.800017 0.258639 1.06639 0.340991 0.197872 0.719624 0.285454 0.817652 0.729782 0.685786 0.946665 0.446161 0.691587 0.856356 1.22968 0.570654 0.149839 0.765301 1.04038 1.03515 0.409939 0.33534 0.0403716 0.728582 0.78958 0.651156 0.188677 0.220277 0.573086 0.323717 1.19902 0.563494 0.802913 0.902074 0.798838 0.943366 0.353352 0.821503 0.146714 0.148214 0.965602 0.453107 1.09623 0.926467 0.984454 1.21586 0.49331 0.47188 0.242667 0.757147 0.0468303 0.908228 0.489112 0.798598 0.785758 0.66597 0.173745 1.0045 0.384407 0.206034 0.310709 0.821009 0.662332 0.425763 0.737664 0.457134 1.06558 0.206417 0.876369 0.266919 0.648652 0.361593 0.748153
0.336934 0.60556 0.645823 0.301533 0.960772 0.346348 0.253749 0.591644 0.101233 0.816064 0.755278 0.796457 0.939995 0.439155 0.724686 0.887344 1.09662 0.698656 0.281072 0.67298 0.999966 0.952028 0.531853 0.281185 0.123419 0.873296 0.614431 0.669586 0.260415 0.345544 0.663825 0.280421 1.06793 0.647846 0.868678 0.717311 0.837637 1.12517 0.423382 0.71828 0.149654 0.186827 1.01024 0.2171 1.03659 0.828678 1.00007 1.07371 0.665801 0.591373 0.162578 0.706608 0.221979 1.1439 0.419848 0.746921 0.780517 0.736725 0.196758 0.759643 0.501253 0.222682 0.130588 0.731703 0.736129 0.432465 0.702729 0.230602 0.871481 0.237541 0.797459 0.172114 0.704912 0.553385 0.548102
0.330841 0.835649 0.705208 0.302221 0.902344 0.266229 0.274444 0.603994 0.134359 0.743581 0.966397 0.825117 0.823405 0.487781 0.76804 0.929131 1.19079 0.704947 0.113009 0.716483 0.986111 0.9858 0.389279 0.306871 0.257521 0.754712 0.57374 0.465975 0.348939 0.378959 0.640823 0.420789 1.08784 0.623474 0.78693 0.872463 0.752571 0.909473 0.301568 0.784657 0.154157 0.373143 0.931964 0.317123 1.01688 0.831076 0.870829 0.946282 0.694497 0.554464 0.336559 0.615734 0.212237 1.00342 0.457239 0.779442 0.888341 0.651639 0.152588 0.942771 0.595915 0.446817 0.124078 0.791685 0.693146 0.499766 0.676159 0.334666 0.808151 0.272009 0.79221 0.274225 0.620865 0.554616 0.780368
0.575185 0.607468 0.561927 0.501642 0.96238 0.320828 0.0653253 0.844871 0.168609 0.597681 0.799742 0.677318 0.705369 0.585514 0.832965 0.863837 0.969208 0.716088 0.143574 0.616985 0.89507 1.09886 0.511158 0.30375 0.197679 0.764637 0.73241 0.476387 0.219503 0.366125 0.721117 0.325504 1.02924 0.600609 0.841699 0.895705 0.616931 1.12129 0.304483 0.917802 0.166671 0.375163 1.02196 0.293744 1.14624 1.07346 0.853206 0.987224 0.698894 0.573831 0.249191 0.597882 0.0589244 1.00142 0.433945 0.973248 0.92946 0.550062 0.342694 0.776216 0.384979 0.41912 0.221 0.838895 0.555394 0.331026 0.679318 0.222643 0.845608 0.202271 0.606921 0.32202 0.638402 0.563922 0.618682
0.394824 0.872244 0.637342 0.519684 1.05293 0.243391 0.0713981 0.598917 0.382038 0.701204 1.02024 0.618427 0.970152 0.636525 0.93513 0.915368 1.16719 0.740848 0.336207 0.708111 0.944784 1.05122 0.451946 0.334254 0.176819 0.701657 0.72783 0.4545 0.265613 0.366586 0.597747 0.188387 1.09948 0.431003 0.924351 0.757282 0.850096 0.908016 0.23098 0.8638 0.264267 0.423628 1.03989 0.467105 1.13394 0.874082 1.09651 0.938638 0.521912 0.549581 0.328232 0.52075 0.202764 0.947127 0.414167 0.985984 0.988203 0.729367 0.222598 0.959769 0.578911 0.413553 0.22369 0.667939 0.753324 0.480566 0.944933 0.2881 1.00982 0.285381 0.612187 0.112445 0.714916 0.33827 0.512131
0.545547 0.690017 0.572419 0.283779 0.865292 0.377111 0.0915332 0.847335 0.295866 0.627492 0.794239 0.555154 0.962665 0.636405 0.912742 0.769457 1.2057 0.697259 0.321481 0.595731 1.0193 1.0916 0.620496 0.231765 0.26371 0.85169 0.546455 0.592282 0.383969 0.356532 0.78409 0.42457 1.10729 0.432586 0.792445 0.927195 0.784468 1.04041 0.236959 0.890477 0.208636 0.213368 0.849387 0.447134 0.85871 0.811118 0.955271 1.02156 0.649973 0.596072 0.242947 0.519442 0.182002 0.930724 0.441581 0.837273 0.956435 0.623336 0.150052 0.91774 0.588874 0.304203 0.217813 0.794665 0.777543 0.396509 0.783489 0.248091 1.04791 0.232255 0.729758 0.0551026 0.62475 0.626573 0.522943
0.444905 0.802585 0.553603 0.423656 0.859649 0.259784 0.249156 0.785207 0.184592 0.755385 0.77358 0.711129 0.907586 0.569298 0.847288 0.76443 1.02569 0.661931 0.176048 0.749737 1.00621 1.03474 0.411565 0.303354 0.126537 0.682081 0.791215 0.669827 0.343318 0.473577 0.686544 0.262762 1.01017 0.487903 0.707307 0.773596 0.798664 1.09501 0.314922 0.861934 0.194762 0.271083 0.865917 0.370031 1.07635 0.846221 0.81457 0.942398 0.567902 0.44305 0.429705 0.749272 0.0263904 0.983836 0.431421 0.831289 0.903605 0.804313 0.0978241 0.837897 0.464786 0.416803 0.380919 0.791793 0.567251 0.448546 0.774804 0.291937 1.01847 0.29515 0.617669 0.226755 0.834261 0.408355 0.550293
0.45942 0.603192 0.8026 0.464173 1.05675 0.360012 0.125521 0.826086 0.248118 0.626559 0.934321 0.833873 0.818688 0.454927 0.934179 0.93195 0.938508 0.481987 0.29876 0.818456 1.03002 1.06504 0.533106 0.313291 0.237708 0.750288 0.780306 0.413118 0.319288 0.306576 0.615642 0.267962 1.23984 0.580544 0.748393 0.717505 0.722995 1.09046 0.379907 1.00604 0.369817 0.434322 0.833063 0.29386 0.931235 0.922219 0.825962 1.15459 0.491751 0.652481 0.298258 0.805202 0.0761892 1.13291 0.507841 0.769865 1.07145 0.71544 0.316777 0.973181 0.616316 0.21327 0.235256 0.769227 0.685892 0.433482 0.833172 0.206185 1.01689 0.253388 0.734456 0.157922 0.879904 0.390032 0.682926
