25 75
0.749246 0.401753 0.692107 0.673634 0.613406 0.571448 1.14301 0.314013 0.577833 1.1256 0.646948 1.03993 0.665777 1.0365 0.576289 0.088158 0.431836 1.07634 0.227691 0.908591 0.70318 0.176593 0.709946 0.535389 0.986761 0.602054 0.926838 0.809072 0.458515 0.922846 0.635236 0.931907 0.761912 0.832309 0.495593 0.659613 0.436088 0.963367 1.15091 0.248804 0.481085 0.740041 0.284098 0.453417 0.405114 0.404975 0.470043 0.21759 0.601292 0.367429 0.629309 0.806114 1.09355 0.421016 0.851413 0.100219 0.462441 0.283516 0.414365 1.19756 0.515324 0.677966 0.603849 0.434775 0.317013 0.631388 0.512397 1.10232 1.07982 0.737414 0.975014 0.800234 0.141803 0.825689 0.397455
0.657424 0.241811 0.735871 0.896301 0.742556 0.711739 1.04875 0.412379 0.441855 1.16591 0.749654 1.1348 0.455389 1.20723 0.370753 0.173963 0.520367 0.823426 0.243239 1.00112 0.731815 0.222546 0.638541 0.587032 1.01384 0.566977 0.868381 0.968583 0.576059 0.851546 0.76996 0.964364 0.806873 0.635607 0.712836 0.503529 0.650366 0.921052 0.980341 0.164644 0.489833 0.472836 0.0534355 0.413162 0.460783 0.508273 0.452577 0.241135 0.477353 0.407184 0.81732 0.806668 1.03935 0.546182 0.887835 0.0949864 0.652562 0.164153 0.341159 1.15627 0.480864 0.706341 0.764966 0.397237 0.318468 0.760155 0.604812 1.20582 0.881739 0.946549 0.89134 0.859033 0.186452 0.783769 0.313493
0.653205 0.108841 0.812604 0.752842 0.796505 0.743675 1.00834 0.359653 0.481348 1.10542 0.752846 1.02839 0.493956 0.94631 0.551079 0.253822 0.49968 0.852798 0.233638 1.07261 0.869963 0.232815 0.663124 0.413401 1.11588 0.599751 0.846695 1.0501 0.640576 0.689338 0.761891 0.698257 0.948984 0.628912 0.743459 0.458097 0.406228 0.957486 0.887773 0.253986 0.283295 0.531434 0.153564 0.489681 0.558068 0.295613 0.461261 0.114181 0.483394 0.422866 0.756348 0.872206 1.11693 0.457923 0.82131 0.337653 0.547281 0.0781218 0.486508 1.18319 0.589989 0.462407 0.544145 0.414378 0.244539 0.886571 0.663046 1.26772 1.01503 0.77281 0.853167 0.859539 0.295855 0.656435 0.335054
0.872022 0.332131 0.724175 0.734052 0.707307 0.481752 1.16032 0.462974 0.529307 1.04565 0.810391 1.05764 0.635187 1.13604 0.564146 0.135234 0.499347 1.098 0.226703 1.06791 0.763324 0.0934058 0.492103 0.34089 1.06395 0.58239 0.684841 1.01749 0.638106 0.692038 0.714334 0.944069 0.733334 0.678811 0.703261 0.43813 0.682321 0.893291 1.05175 0.390015 0.434241 0.766266 0.30529 0.614422 0.41155 0.541707 0.467611 0.226852 0.416788 0.236203 0.619433 0.70515 0.998044 0.460883 0.912647 0.28371 0.67089 0.199381 0.485559 0.991476 0.481724 0.686009 0.619289 0.427795 0.363811 0.768923 0.528418 1.15495 0.85184 0.948032 0.743367 0.639631 0.287018 0.810524 0.116426
0.844609 0.109123 0.629565 0.809104 0.679195 0.534868 0.99187 0.304967 0.344282 1.13221 0.543127 1.12301 0.599831 1.16564 0.475541 0.274313 0.370659 0.977409 0.187569 1.06385 0.766192 0.104609 0.45269 0.383194 1.01894 0.595528 0.720971 0.944383 0.605065 0.865635 0.724701 0.963163 0.793716 0.851143 0.538706 0.64656 0.637022 1.12097 1.08207 0.293258 0.439708 0.491209 0.324842 0.551226 0.408781 0.430983 0.436548 0.118318 0.544602 0.320068 0.610184 0.870499 1.10889 0.340032 0.701288 0.254713 0.460793 0.287996 0.491173 1.19449 0.637978 0.50753 0.514409 0.437107 0.450963 0.852387 0.494476 1.04215 0.920679 0.903684 0.936109 0.812569 0.126803 0.728268 0.368689
0.663445 0.12408 0.569837 0.762851 0.825139 0.597959 1.12058 0.500824 0.51756 1.12018 0.554507 0.857528 0.635514 1.03713 0.561278 0.0305323 0.567119 0.910713 0.153205 1.13455 0.873155 0.0793853 0.424113 0.556986 0.967691 0.602469 0.699291 1.00894 0.525907 0.95895 0.764814 0.815695 0.754408 0.883291 0.717335 0.410591 0.412164 0.926449 1.0611 0.423698 0.539779 0.764066 0.101861 0.520702 0.597272 0.516735 0.20532 0.121387 0.552661 0.266688 0.749653 0.79739 1.16392 0.533597 0.889636 0.249354 0.478751 0.0340756 0.393457 1.24892 0.529437 0.530734 0.752807 0.607851 0.482603 0.890317 0.386619 1.26107 0.892366 0.972617 0.850467 0.626997 0.152339 0.895205 0.123008
0.663065 0.214188 0.651903 0.640161 0.67546 0.660128 1.09961 0.25884 0.50603 0.956832 0.576879 1.14335 0.584945 0.945481 0.448509 0.0820988 0.410077 1.00645 0.189408 1.16811 0.724227 0.172463 0.500432 0.353745 0.978048 0.539115 0.787483 1.04164 0.651947 0.891485 0.705163 0.700166 0.795492 0.761505 0.629254 0.511789 0.618906 0.941425 1.11445 0.401503 0.371769 0.625532 0.193041 0.392456 0.565062 0.475266 0.44065 0.166943 0.45521 0.40865 0.558872 0.814179 1.07676 0.509721 0.954067 0.0550391 0.533003 0.292297 0.398942 1.03006 0.613058 0.692793 0.631803 0.350564 0.31038 0.643648 0.65289 1.22731 0.917898 0.873049 0.937633 0.869249 0.283021 0.895369 0.310294
0.755096 0.13734 0.552103 0.894704 0.643904 0.744937 1.22032 0.413096 0.505207 0.974574 0.6695 1.03284 0.570795 1.04917 0.650817 0.198695 0.533753 1.0511 0.347229 0.989408 0.900192 0.228876 0.649632 0.470488 1.1508 0.598149 0.964681 1.0679 0.609244 0.725056 0.611846 0.922602 0.795933 0.80125 0.523554 0.425959 0.611731 0.938768 1.15422 0.331045 0.517827 0.53982 0.261203 0.431511 0.400448 0.352695 0.277413 0.0587905 0.704405 0.359214 0.638922 0.852769 1.08295 0.466295 0.698764 0.217478 0.554355 0.287017 0.527139 1.05011 0.610269 0.657082 0.610415 0.611318 0.390364 0.636431 0.498446 1.09985 0.82203 0.894817 0.926161 0.811577 0.35446 0.659656 0.227905
0.804687 0.394112 0.682492 0.698314 0.575768 0.74726 1.23683 0.545882 0.547736 1.10352 0.618709 1.10947 0.532931 1.00538 0.47645 0.222005 0.39447 0.898855 0.143914 1.11559 0.965861 0.275812 0.553466 0.463107 0.95701 0.585695 0.796716 0.865053 0.505765 0.944417 0.520803 0.714495 0.7984 0.70482 0.754949 0.477049 0.510619 1.01479 0.894129 0.184587 0.428022 0.538114 0.291022 0.557532 0.606614 0.347351 0.426303 0.14781 0.681053 0.278466 0.674428 0.97434 0.937054 0.379299 0.713114 0.108221 0.682439 0.0827981 0.559515 0.983552 0.438789 0.56623 0.717257 0.503165 0.480197 0.799653 0.622025 1.28198 0.958164 0.717849 0.91621 0.69167 0.354822 0.856825 0.319548
0.905787 0.404808 0.755456 0.773971 0.765076 0.636262 1.18007 0.338584 0.332507 1.15084 0.632914 0.947267 0.436346 0.937106 0.488897 0.0666366 0.393507 0.956227 0.121297 0.992281 0.785731 0.149149 0.577886 0.539275 0.903078 0.441015 0.752715 0.78213 0.503306 0.922753 0.518487 0.912141 0.691581 0.865371 0.621214 0.59218 0.495149 0.874558 0.873044 0.279344 0.309052 0.485848 0.272494 0.487276 0.400728 0.379402 0.379167 0.234815 0.594748 0.307649 0.615745 0.939265 1.1841 0.536831 0.737507 0.0619491 0.643944 0.258048 0.472591 1.19029 0.418254 0.567862 0.551443 0.505279 0.209672 0.670296 0.645546 1.03232 0.825377 0.841124 0.783891 0.787933 0.162867 0.734255 0.401947
0.852094 0.333533 0.58479 0.881306 0.806294 0.631745 1.02568 0.313277 0.424325 1.04195 0.603954 1.05443 0.474286 1.12223 0.530111 0.246121 0.579061 1.11236 0.137201 0.928753 0.901967 0.257754 0.685103 0.397324 1.12648 0.610492 0.850334 0.988509 0.574592 0.921284 0.52164 0.693764 0.70824 0.691681 0.658224 0.658707 0.554678 1.00269 1.14085 0.370711 0.576134 0.577161 0.234786 0.497741 0.61189 0.515913 0.421571 0.243368 0.589019 0.276306 0.549642 0.747093 0.915024 0.430922 0.734777 0.120926 0.624727 0.313836 0.447488 1.04821 0.44953 0.500176 0.725602 0.53191 0.281599 0.668957 0.511119 1.21898 0.975267 0.678879 0.822121 0.825732 0.269669 0.782367 0.30363
0.68067 0.276413 0.569848 0.909277 0.670334 0.470129 1.16648 0.358547 0.574072 1.14337 0.559579 1.12954 0.436805 0.956758 0.454132 0.268506 0.440863 1.0524 0.296381 1.0368 0.84729 0.146134 0.569012 0.587207 1.02619 0.594473 0.939745 0.821084 0.481697 0.768037 0.537119 0.700705 0.78424 0.695744 0.694708 0.459315 0.414777 1.05195 0.88402 0.352103 0.370694 0.652024 0.234182 0.416632 0.462189 0.516589 0.431638 0.148657 0.57311 0.405686 0.798687 0.681176 1.13538 0.504308 0.779714 0.221093 0.513743 0.117979 0.544683 1.05571 0.396907 0.67191 0.526114 0.553065 0.488711 0.646514 0.612415 1.05047 1.04144 0.685534 0.972772 0.734996 0.288393 0.825854 0.3268
0.736353 0.142603 0.630396 0.626553 0.6289 0.725869 1.22903 0.448259 0.486077 1.12869 0.523564 1.12643 0.704792 1.08451 0.389604 0.15429 0.552427 0.88003 0.136922 1.06242 0.856752 0.20862 0.692885 0.56148 1.07727 0.523755 0.932509 0.795537 0.430359 0.948683 0.692221 0.923553 0.861819 0.872226 0.503214 0.667402 0.67804 1.1192 0.984168 0.366584 0.54554 0.66848 0.0569695 0.43325 0.549691 0.530538 0.413701 0.293981 0.653966 0.360614 0.637005 0.910026 0.971811 0.528384 0.660632 0.179488 0.638872 0.124182 0.38665 1.2348 0.411514 0.614396 0.60382 0.546982 0.479621 0.73102 0.414608 1.0685 1.06895 0.787272 0.877339 0.647257 0.163225 0.624836 0.298452
0.696933 0.195282 0.627994 0.654093 0.742714 0.605024 1.11128 0.440038 0.589919 1.03088 0.735076 1.03127 0.705229 1.20958 0.549866 0.0363411 0.580398 0.840479 0.319483 1.04332 0.75315 0.185544 0.492844 0.614519 0.976339 0.40904 0.669099 0.990863 0.535399 0.70278 0.658154 0.737671 0.725365 0.855665 0.573292 0.570435 0.487895 0.882177 1.0979 0.421458 0.359683 0.610494 0.101913 0.409214 0.352847 0.426504 0.468837 0.0157973 0.703242 0.204146 0.536566 0.894559 1.03833 0.558845 0.708751 0.22571 0.663405 0.211819 0.388679 1.00828 0.520699 0.674506 0.688977 0.537358 0.480139 0.81545 0.435996 1.06156 0.878415 0.826482 0.817426 0.657292 0.0971109 0.870507 0.181311
0.751305 0.145427 0.60877 0.694224 0.597535 0.548443 1.07133 0.350003 0.579446 1.18153 0.729369 0.964511 0.657348 1.12668 0.600127 0.244147 0.594501 1.07368 0.259054 1.03702 0.694541 0.0672871 0.630326 0.520611 0.993854 0.601878 0.706029 1.03852 0.589389 0.820927 0.713434 0.916314 0.678004 0.654566 0.758817 0.672386 0.547184 0.89724 1.06984 0.213971 0.494644 0.599877 0.0682228 0.627979 0.540668 0.421686 0.278185 0.246148 0.48275 0.392511 0.817796 0.945535 1.00519 0.351612 0.69475 0.200693 0.657888 0.0326555 0.342009 1.10108 0.630037 0.636713 0.688715 0.435466 0.358665 0.764216 0.422843 1.15821 0.971124 0.917811 0.908461 0.900013 0.194115 0.688399 0.151502
0.656689 0.347745 0.801827 0.878027 0.679061 0.627959 1.09794 0.274156 0.301017 0.99443 0.622604 1.1376 0.567256 1.12517 0.595684 0.0797633 0.507103 1.10588 0.299943 0.950424 0.763681 0.210957 0.421603 0.482512 1.1278 0.553459 0.796108 0.92721 0.447008 0.95695 0.617346 0.944884 0.850944 0.819893 0.571502 0.399257 0.54558 1.03713 1.07654 0.229905 0.283536 0.70051 0.200544 0.447891 0.377222 0.522222 0.222351 0.0561838 0.469249 0.204723 0.742587 0.880199 0.9303 0.399723 0.80405 0.19512 0.679232 0.307705 0.594528 1.14316 0.620561 0.597569 0.653007 0.378007 0.372636 0.784592 0.465435 1.01066 0.978411 0.69536 0.854151 0.788295 0.336375 0.727263 0.217643
0.824408 0.247634 0.7926 0.775653 0.711133 0.499 1.17017 0.262015 0.497414 1.15017 0.687073 1.10605 0.555304 1.08691 0.390553 0.107913 0.656276 1.02548 0.360072 0.925266 0.818025 0.229834 0.428516 0.336213 0.944158 0.487667 0.733934 0.858297 0.507406 0.813754 0.687833 0.77391 0.754035 0.806649 0.539973 0.535373 0.438213 0.877214 1.10331 0.31751 0.468535 0.471327 0.278339 0.43338 0.37693 0.269698 0.308762 0.178621 0.553337 0.488449 0.568185 0.917209 1.1391 0.398273 0.747397 0.159473 0.413974 0.247276 0.489221 1.19673 0.503243 0.559401 0.578347 0.499255 0.272565 0.636864 0.483084 1.14698 0.987162 0.831848 0.77725 0.796598 0.304283 0.863487 0.239063
0.787688 0.220656 0.649117 0.698273 0.83963 0.572443 1.09011 0.27672 0.509603 0.986655 0.70822 1.09295 0.476531 0.974336 0.594517 0.0844035 0.426334 0.823672 0.330324 1.09623 0.785727 0.16854 0.636073 0.474955 1.03005 0.446236 0.823915 0.84396 0.594739 0.817959 0.655241 0.899219 0.739232 0.631245 0.652982 0.482035 0.397611 1.14583 0.916542 0.295629 0.291138 0.715854 0.0560585 0.419667 0.330596 0.359627 0.202258 0.272769 0.702176 0.29749 0.721556 0.806943 1.09401 0.416097 0.898746 0.153087 0.61399 0.0965488 0.337335 1.03422 0.458636 0.492776 0.612836 0.355065 0.226055 0.708972 0.569412 1.19435 1.03642 0.765942 0.88734 0.821384 0.081968 0.640693 0.17327
0.645434 0.14162 0.720102 0.643181 0.813664 0.618674 1.16624 0.465648 0.400213 0.969851 0.800684 0.951457 0.558518 1.00565 0.55311 0.0955053 0.547373 0.959579 0.260167 1.17945 0.864937 0.242026 0.582587 0.512827 1.12698 0.55577 0.90371 0.884115 0.393845 0.941644 0.707219 0.737758 0.895671 0.662624 0.53208 0.427436 0.411907 1.11226 1.07796 0.153522 0.352591 0.597295 0.132396 0.435783 0.492892 0.326599 0.266722 0.0626334 0.440542 0.391176 0.639826 0.960236 1.13275 0.51659 0.709226 0.130954 0.463771 0.244459 0.383439 1.10653 0.524847 0.648767 0.712273 0.543031 0.291347 0.788739 0.494168 1.01248 0.868625 0.971237 0.930144 0.751478 0.0953237 0.817035 0.358465
0.798099 0.303938 0.708019 0.730243 0.639235 0.563598 0.97711 0.454814 0.493236 1.19606 0.525955 0.998641 0.434494 1.17159 0.362637 0.119371 0.651324 0.876704 0.175866 0.890203 0.815996 0.240961 0.568264 0.604742 1.10413 0.566144 0.908705 1.05097 0.617559 0.701529 0.588919 0.984245 0.717047 0.83456 0.729692 0.493173 0.612526 1.03324 0.888813 0.260294 0.27677 0.762163 0.329905 0.45087 0.366668 0.490225 0.376081 0.103887 0.705717 0.353813 0.692935 0.696261 1.10082 0.442342 0.939988 0.113065 0.555241 0.087907 0.429014 1.18102 0.4065 0.712053 0.574411 0.423534 0.385436 0.880512 0.40182 1.1549 0.947785 0.761082 0.773699 0.875473 0.177295 0.620885 0.245927
0.813756 0.258742 0.717663 0.883492 0.661666 0.707669 1.01461 0.530046 0.537386 1.09874 0.660319 1.02998 0.575758 0.991492 0.574352 0.139586 0.578211 0.914682 0.162776 1.02076 0.944683 0.228413 0.521004 0.428671 0.898865 0.446322 0.730175 1.06356 0.690586 0.735482 0.685633 0.74631 0.906859 0.641639 0.766996 0.646641 0.484504 1.0779 1.03322 0.210949 0.520366 0.480102 0.216033 0.635485 0.591242 0.449416 0.407351 0.294795 0.63621 0.322363 0.722992 0.905062 0.980432 0.420761 0.769502 0.116653 0.445079 0.25254 0.491595 1.2319 0.615923 0.594174 0.521175 0.348501 0.437792 0.705645 0.498651 1.1669 0.961924 0.714787 0.86859 0.905588 0.313798 0.615449 0.297942
0.884271 0.238782 0.573925 0.759997 0.579712 0.654764 0.968233 0.332609 0.541101 1.05147 0.765972 0.984811 0.558038 1.07421 0.622616 0.121188 0.492268 0.859965 0.113734 1.03087 0.749816 0.317492 0.464158 0.607136 1.13327 0.579 0.699025 0.981798 0.563637 0.689035 0.548404 0.734564 0.903424 0.64848 0.71432 0.60206 0.567338 0.899307 0.946535 0.194867 0.311398 0.57493 0.294181 0.579415 0.551751 0.364295 0.326841 0.187083 0.6454 0.252467 0.605541 0.880268 0.941019 0.570881 0.790672 0.0569706 0.501031 0.254464 0.349671 1.12612 0.605764 0.625928 0.665048 0.575035 0.242064 0.883163 0.407162 1.21166 0.846327 0.960951 0.795974 0.681867 0.211527 0.660935 0.388078
0.704946 0.324885 0.786811 0.868414 0.765333 0.61128 1.0955 0.417202 0.479418 0.992448 0.609046 1.06844 0.451753 1.15283 0.438387 0.0887689 0.404235 1.05498 0.151671 0.909307 0.81345 0.107038 0.545025 0.371848 0.956404 0.58028 0.87741 0.908834 0.421536 0.873972 0.519625 0.763618 0.727816 0.668017 0.772396 0.493299 0.491223 1.01062 1.01787 0.326418 0.531369 0.610138 0.253479 0.544085 0.596995 0.26774 0.388953 0.175594 0.597972 0.469348 0.808731 0.819223 1.09313 0.344888 0.912914 0.130237 0.542129 0.325925 0.604634 1.14852 0.549354 0.507721 0.727583 0.517733 0.425424 0.754955 0.668519 1.19873 0.969049 0.925083 0.747365 0.63666 0.141285 0.626669 0.319447
0.754414 0.268523 0.593399 0.643246 0.642731 0.46944 1.10387 0.297787 0.496357 0.952951 0.707325 0.977314 0.5511 1.16911 0.577221 0.198043 0.556993 0.876942 0.326919 1.09151 0.701055 0.308836 0.611431 0.549023 1.08196 0.582622 0.718598 0.907231 0.535621 0.935455 0.768101 0.959548 0.908649 0.775514 0.600949 0.529216 0.634247 1.04649 1.08262 0.288853 0.570608 0.485533 0.308565 0.416621 0.402408 0.471263 0.224361 0.0760712 0.422958 0.228912 0.528304 0.736321 1.02857 0.484247 0.697732 0.304975 0.415821 0.101396 0.604393 1.2233 0.646304 0.44063 0.497736 0.61713 0.287387 0.877721 0.639983 1.18847 0.821456 0.8266 1.01103 0.880361 0.354707 0.760127 0.28069
0.668943 0.267067 0.63144 0.649101 0.612772 0.520471 1.16164 0.41661 0.587825 1.05068 0.712144 0.964536 0.429327 1.12133 0.410712 0.16459 0.390073 1.05237 0.297725 1.02222 0.912196 0.30955 0.445043 0.434441 1.05103 0.609738 0.962368 0.860397 0.567277 0.663366 0.662227 0.827566 0.878371 0.737291 0.602765 0.585893 0.628874 0.956666 1.11221 0.336907 0.293936 0.690343 0.150923 0.618265 0.433564 0.392315 0.271891 0.204622 0.530052 0.441043 0.794044 0.943438 1.17545 0.423422 0.866448 0.0830237 0.517823 0.259658 0.407154 1.12465 0.506732 0.437858 0.639918 0.588035 0.385337 0.790915 0.443224 1.23098 1.02952 0.823246 0.750001 0.921009 0.170205 0.615405 0.403215
