25 75
0.744004 0.397866 0.410028 0.377994 0.985923 0.316814 0.558246 0.43966 0.970336 1.19414 0.856435 0.816631 0.102945 0.923977 0.109527 0.353999 0.916532 0.188312 0.499656 0.895613 0.805645 0.531811 1.1175 1.25142 0.423807 0.362124 0.766488 0.202221 0.984981 0.861521 0.741974 0.680748 0.326319 0.978359 0.912393 0.884256 0.768858 0.589529 0.207142 0.701767 0.174489 0.31962 0.433139 0.819456 1.00512 1.06741 0.164165 1.06715 0.667542 0.812297 0.463337 0.729981 0.89808 0.405904 0.859196 0.413591 0.938931 0.355262 1.039 0.428608 0.531819 0.740183 0.536299 1.0434 0.116093 0.579927 1.11034 0.124795 0.868981 0.894067 0.762973 0.254664 0.310228 0.659013 1.08249
0.765204 0.341895 0.342979 0.344358 0.944405 0.242961 0.68348 0.544939 0.749325 1.08944 0.925232 0.814258 0.133002 0.915455 0.0587411 0.40126 0.797144 0.131209 0.58191 1.0665 0.880853 0.580955 0.91391 1.217 0.561904 0.235895 0.77601 0.394545 1.08819 0.579588 0.998192 0.855628 0.321767 0.964696 1.08142 0.952357 0.733053 0.562166 0.149784 0.895549 0.1161 0.0901185 0.430823 0.625092 1.11659 0.966538 0.188601 1.04175 0.61084 0.679878 0.352503 0.725993 1.04943 0.27992 0.860966 0.274374 1.01552 0.216399 1.21675 0.356227 0.526364 0.753466 0.53749 0.892726 0.266208 0.735705 1.1152 0.282005 0.622382 0.905412 0.866308 0.105272 0.0790974 0.611032 1.07919
0.658974 0.477305 0.199025 0.352144 0.721614 0.223736 0.696684 0.28029 0.738621 1.07469 0.740161 0.822128 0.203159 1.13949 0.304116 0.441359 0.889466 0.142191 0.539451 1.08936 0.919641 0.4508 1.07395 1.23427 0.435471 0.328509 0.972622 0.249056 0.975147 0.722194 0.917586 0.724672 0.431218 0.902672 0.83804 0.774035 0.787593 0.458241 0.339977 0.625395 0.314425 0.0495154 0.670008 0.85374 0.956144 1.08432 0.13175 1.16361 0.52294 0.93504 0.226769 0.742844 0.89725 0.4934 0.904136 0.263701 1.08618 0.358871 1.19709 0.47805 0.575302 0.667308 0.394892 1.05851 0.269717 0.586153 1.09681 0.215821 0.659017 0.882995 0.7891 0.127223 0.060827 0.594027 1.04475
0.85172 0.416475 0.415041 0.27486 0.976643 0.341315 0.536582 0.31458 0.892647 1.14907 0.780351 0.878605 0.1222 0.944119 0.199656 0.588716 0.759374 0.141536 0.552126 1.06078 0.879991 0.446377 0.848141 1.10411 0.476156 0.243409 0.850807 0.240055 0.89023 0.597939 0.810164 0.796683 0.387502 0.951411 0.90561 0.819668 0.867007 0.468908 0.349137 0.869409 0.290733 0.19044 0.664482 0.786623 1.09287 0.929038 0.186629 1.23965 0.534714 0.750278 0.380274 0.953277 0.957129 0.283743 0.856881 0.464651 1.18848 0.228642 1.09292 0.327665 0.60677 0.665282 0.365818 0.875177 0.290259 0.653516 1.2399 0.19714 0.651555 0.942372 0.734 0.118501 0.344307 0.695563 1.01597
0.831886 0.347648 0.304395 0.387246 0.915002 0.197028 0.474883 0.463378 0.819996 1.23501 0.946307 0.864281 0.0630435 1.10972 0.24239 0.588235 0.755242 0.217365 0.707204 0.804802 0.797851 0.597374 1.02263 1.28195 0.458721 0.289276 0.750732 0.331066 0.932662 0.677221 0.832529 0.819828 0.312358 0.955886 1.10738 0.794641 0.82643 0.410625 0.128253 0.617081 0.102103 0.139187 0.596911 0.62718 0.954759 0.852233 0.0732738 1.13341 0.449594 0.696939 0.282655 0.699493 0.804072 0.416426 0.976638 0.257684 1.05882 0.176833 1.04394 0.2821 0.48921 0.553303 0.308797 0.893613 0.328937 0.57378 1.00014 0.10399 0.786806 0.837354 0.770916 0.352124 0.325278 0.649984 1.02301
0.814621 0.322564 0.419868 0.40474 0.701454 0.15599 0.463193 0.541952 0.928836 1.01951 0.969708 0.803412 0.255965 0.909733 0.0830936 0.446003 0.950849 0.373493 0.570945 0.990063 0.832333 0.392681 0.832369 0.990827 0.566787 0.357633 0.997262 0.452943 0.950372 0.872302 0.839629 0.774809 0.491045 0.730607 0.881702 0.974357 0.821855 0.641501 0.235885 0.686189 0.199445 0.325002 0.697013 0.660236 1.16928 1.04595 0.250112 1.03498 0.424327 0.775413 0.250374 0.758025 1.05198 0.303699 0.964546 0.211002 1.16332 0.192393 0.97847 0.265661 0.630596 0.74269 0.419759 1.06074 0.14713 0.497282 1.09473 0.102148 0.713664 0.892394 0.616629 0.357726 0.249428 0.583524 1.02127
0.797373 0.450661 0.209959 0.221783 0.922546 0.176321 0.497884 0.494258 0.795557 1.03783 0.796006 0.749964 0.258671 1.08366 0.188715 0.58425 0.684795 0.374058 0.702019 0.996755 1.00183 0.433525 1.09269 1.1162 0.404974 0.218312 0.870217 0.40178 1.11655 0.853524 0.737876 0.930711 0.235872 0.866617 0.956603 0.806582 0.776702 0.415201 0.227806 0.654655 0.326967 0.122727 0.495705 0.788732 1.17344 1.06533 0.306979 1.12227 0.590905 0.794683 0.23712 0.842485 0.964824 0.458316 0.870247 0.427102 0.956843 0.182806 1.11521 0.405147 0.353 0.632788 0.50352 1.09655 0.175965 0.576778 1.26707 0.168612 0.680478 0.705523 0.644532 0.254073 0.121341 0.460576 1.03836
0.633201 0.29956 0.398403 0.124263 0.816585 0.248622 0.621553 0.275435 0.941395 1.2538 1.01435 0.827262 0.330654 1.18659 0.164884 0.546899 0.84696 0.313734 0.492385 0.99525 0.898985 0.432948 1.05595 0.998374 0.473124 0.403739 0.983143 0.369941 0.954848 0.585301 0.743887 0.719222 0.222025 0.813989 0.979569 0.757327 0.8383 0.52807 0.288568 0.705597 0.265494 0.239744 0.68407 0.575629 0.946513 1.10569 0.202787 1.03727 0.565392 0.800109 0.364062 0.954379 0.942111 0.381312 1.08544 0.484442 0.96615 0.35983 1.19909 0.318661 0.635057 0.565751 0.437235 1.02185 0.262015 0.646151 1.17298 0.303229 0.646102 0.828529 0.64402 0.243856 0.189749 0.519298 1.0689
0.606004 0.434945 0.355463 0.269361 0.85966 0.184928 0.612837 0.311359 0.87768 1.24441 0.954736 0.864389 0.281137 1.0157 0.168057 0.404514 0.729036 0.391585 0.434617 0.990003 0.9476 0.413055 0.922646 1.17429 0.485642 0.180693 0.900569 0.289965 1.08137 0.707785 0.903476 0.798957 0.487053 0.703251 1.04652 0.772731 0.786379 0.382897 0.256598 0.686206 0.21393 0.14128 0.529819 0.784866 1.21542 0.836065 0.0273511 1.09321 0.68034 0.69432 0.312482 0.938264 0.849048 0.515931 0.854591 0.462506 1.11896 0.296447 1.12474 0.370739 0.445416 0.563436 0.560356 0.973175 0.132034 0.537861 1.02759 0.0331625 0.786645 0.753558 0.757946 0.153458 0.298779 0.649325 0.991481
0.604509 0.312854 0.21835 0.139091 0.802359 0.269923 0.578976 0.354501 0.955778 1.0715 0.847596 0.910926 0.0891181 1.02735 0.193704 0.382795 0.885036 0.32294 0.70363 0.908035 1.0077 0.630699 0.882401 1.17684 0.495837 0.404137 0.882864 0.480385 0.920171 0.707878 0.908564 0.684428 0.346643 0.74482 1.06767 0.740688 0.67001 0.402446 0.201924 0.868424 0.339393 0.134056 0.565837 0.725102 1.21739 0.88025 0.0509527 1.04782 0.460842 0.7384 0.431323 0.931469 0.80679 0.381686 0.906374 0.481877 0.896161 0.291494 1.23655 0.501665 0.369134 0.617322 0.282432 0.969353 0.129024 0.637756 1.25139 0.202954 0.831692 0.829191 0.812855 0.21279 0.14409 0.630707 1.08114
0.689866 0.258386 0.323551 0.35679 0.748532 0.284475 0.624825 0.411327 0.896925 1.26099 0.783944 0.726084 0.336313 1.12483 0.157888 0.349475 0.821246 0.373202 0.516499 0.805554 0.815534 0.393777 0.933709 1.04552 0.460947 0.393466 0.74044 0.343552 0.870369 0.779135 0.896123 0.825954 0.382154 0.97184 0.852669 0.754619 0.879407 0.640283 0.167953 0.81387 0.11021 0.137235 0.435034 0.664519 1.15741 0.91485 0.219197 1.04505 0.517971 0.696472 0.34186 0.870755 0.831132 0.367922 0.999544 0.394337 0.991481 0.269229 0.980513 0.488284 0.585643 0.495664 0.564994 1.03022 0.349808 0.653381 1.12568 0.195728 0.81896 0.88611 0.632916 0.281846 0.0750875 0.584484 1.1086
0.806778 0.305581 0.474326 0.356142 0.899047 0.378903 0.416489 0.414324 0.988144 1.16341 0.976011 0.718308 0.164094 1.05207 0.0806374 0.542676 0.758529 0.229487 0.53281 1.03894 0.986043 0.568806 0.989076 1.27534 0.53758 0.316778 0.874101 0.466871 1.00838 0.772261 0.804358 0.720405 0.399695 0.824536 0.851384 0.842457 0.642661 0.56731 0.248119 0.693227 0.301366 0.286619 0.484492 0.68131 1.13495 1.07081 0.196782 1.14366 0.624238 0.777376 0.312867 0.757306 0.824469 0.335648 0.838321 0.458834 1.05858 0.218899 0.959909 0.353813 0.394763 0.734725 0.434382 0.995411 0.284452 0.727781 1.13838 0.2643 0.614816 0.846738 0.707331 0.180704 0.322601 0.707572 1.10099
0.7126 0.315955 0.482823 0.114169 0.953177 0.125043 0.629163 0.359062 0.70954 1.1736 0.81408 0.627609 0.273637 1.13029 0.0100423 0.569917 0.823705 0.241571 0.493451 0.939823 0.80181 0.550132 0.83379 1.05514 0.669313 0.419649 0.961703 0.480027 0.946888 0.82309 0.94627 0.682338 0.454324 0.750298 0.951699 0.884579 0.888075 0.46353 0.26351 0.699522 0.100779 0.191259 0.484784 0.712267 0.944393 0.83296 0.0518803 1.16538 0.620876 0.897342 0.45548 0.887106 1.05799 0.51996 1.05416 0.19069 1.16158 0.207917 1.10815 0.337753 0.626187 0.633817 0.349008 1.06093 0.253499 0.530743 1.25452 0.23099 0.833807 0.805905 0.65176 0.331018 0.213961 0.463029 0.950889
0.724518 0.458281 0.271202 0.371301 0.777581 0.382287 0.679802 0.269734 0.868946 1.14337 0.892715 0.807952 0.123756 0.912421 0.0734966 0.443427 0.715924 0.232123 0.429546 1.08635 0.951586 0.524706 1.01355 1.02559 0.5354 0.13588 0.805682 0.38492 0.927249 0.686388 0.835576 0.737731 0.25396 0.936558 1.09388 0.875934 0.739246 0.464996 0.312507 0.73872 0.123096 0.279372 0.492654 0.738626 1.20029 0.956579 0.0975198 1.27623 0.450368 0.810358 0.339745 0.836707 0.876014 0.533446 0.946983 0.384971 1.12397 0.338438 1.06775 0.51523 0.584942 0.505925 0.479341 0.944549 0.247914 0.559635 0.97992 0.0626935 0.601027 0.974079 0.682722 0.397292 0.228512 0.429963 1.10363
0.795211 0.360683 0.365027 0.368647 0.784715 0.413087 0.643852 0.312375 0.767859 1.1162 0.783125 0.721266 0.131285 1.12269 0.240333 0.394213 0.875845 0.418352 0.423828 0.981228 0.972323 0.62411 0.880412 0.994078 0.569367 0.273831 0.801959 0.459816 1.05223 0.823611 0.897725 0.901893 0.203488 0.918859 1.07207 0.95226 0.778254 0.423754 0.151851 0.761418 0.188595 0.0546973 0.623356 0.663356 1.18268 0.888429 0.238722 1.02116 0.538342 0.897298 0.302799 0.690681 1.02987 0.301563 0.909074 0.47491 1.18111 0.289575 1.05092 0.247513 0.509954 0.49987 0.365864 1.10346 0.0827761 0.523802 1.24868 0.0321071 0.711973 0.977075 0.858174 0.234498 0.0839289 0.448762 0.877045
0.595854 0.421474 0.195569 0.114974 0.757917 0.137321 0.691183 0.505285 0.994365 1.1389 0.817859 0.72613 0.126491 1.00503 0.264201 0.379508 0.797521 0.322229 0.570408 0.889643 0.924485 0.394069 1.07585 1.16488 0.494752 0.20713 1.00838 0.315071 1.02103 0.628426 0.999889 0.693531 0.388348 0.750037 0.984822 0.815538 0.880557 0.407993 0.374696 0.723925 0.346382 0.282994 0.50787 0.743952 0.996338 0.861459 0.0889419 1.15679 0.510836 0.923671 0.241999 0.747992 0.972355 0.272723 1.00526 0.406525 0.897305 0.377339 1.17872 0.386126 0.533017 0.756581 0.34249 0.900941 0.107019 0.488506 1.09018 0.179213 0.781822 0.938734 0.841161 0.355671 0.100791 0.556607 0.90841
0.688404 0.463709 0.289397 0.16154 0.819131 0.302208 0.612241 0.457354 0.963396 1.20858 0.886109 0.847365 0.17216 0.925169 0.0654208 0.33841 0.735293 0.239828 0.581068 1.00919 0.825465 0.546617 0.927146 1.02029 0.499775 0.406836 0.809259 0.445488 1.15373 0.617087 0.895897 0.962867 0.249314 0.968673 0.977696 0.790218 0.718392 0.465505 0.273791 0.896778 0.123729 0.215023 0.495591 0.727031 0.996106 1.03624 0.279427 1.10804 0.510838 0.662099 0.385666 0.800823 0.844636 0.363906 0.909884 0.455025 1.18814 0.252269 1.24496 0.418754 0.553829 0.750607 0.52604 0.975571 0.308648 0.753005 1.09311 0.291304 0.7932 0.810454 0.599852 0.285222 0.320985 0.459192 0.917623
0.589714 0.2915 0.311472 0.155268 0.78827 0.414296 0.49705 0.332159 0.869493 1.22925 0.743325 0.771583 0.134536 1.19255 0.14136 0.478992 0.75764 0.129914 0.561307 1.07063 0.736884 0.421382 1.02208 1.25434 0.526029 0.183297 0.758728 0.36049 1.09841 0.800175 0.886392 0.744535 0.225028 0.81145 0.957994 0.829368 0.732881 0.389522 0.303743 0.872898 0.130161 0.0875017 0.498642 0.798438 0.976742 0.919423 0.028746 1.25242 0.705805 0.839152 0.508242 0.673955 0.808624 0.351361 0.955523 0.326761 1.15218 0.348938 1.20644 0.423576 0.519855 0.716206 0.30786 0.965809 0.292983 0.750712 1.01717 0.0992748 0.646649 0.951081 0.57532 0.260885 0.215752 0.594712 0.929332
0.83333 0.503369 0.227754 0.305039 0.736383 0.278233 0.452919 0.313961 0.968691 1.1868 0.983826 0.754376 0.218285 1.08694 0.100783 0.49541 0.74971 0.191418 0.610456 1.0214 0.870421 0.365407 1.07697 0.994335 0.456392 0.189041 0.920765 0.295731 0.941505 0.824337 0.747109 0.948671 0.246594 0.961423 1.11546 0.977258 0.719576 0.652204 0.133567 0.653894 0.264143 0.251301 0.48476 0.741097 1.21714 1.08066 0.0262526 1.04505 0.683938 0.928596 0.470859 0.698549 0.854321 0.532442 0.837454 0.208218 1.06375 0.172974 1.08526 0.408044 0.642517 0.612408 0.535529 1.02227 0.228797 0.574515 1.23154 0.0753641 0.793608 0.879477 0.575616 0.327524 0.192013 0.662176 1.14991
0.710969 0.38154 0.474604 0.382465 0.727759 0.207159 0.513644 0.358377 0.803085 1.23978 1.0206 0.795195 0.0796614 1.18085 0.0894051 0.425233 0.939604 0.173909 0.594656 0.960837 0.96974 0.368177 0.935352 1.02525 0.533813 0.228456 0.920138 0.204329 0.999335 0.762837 0.784586 0.828512 0.417366 0.992256 1.05707 0.954401 0.927482 0.359053 0.149032 0.753434 0.180724 0.0984774 0.610465 0.852086 1.09365 1.04843 0.110119 1.16673 0.45577 0.794325 0.407634 0.832195 0.898253 0.479448 1.05969 0.454603 0.956321 0.288646 1.07722 0.275938 0.601394 0.668272 0.362971 1.0708 0.223159 0.555385 1.22953 0.0172667 0.876524 0.814427 0.728118 0.215326 0.0667927 0.476507 0.897978
0.853272 0.312526 0.230407 0.403165 0.87231 0.177077 0.554067 0.389025 0.993237 1.17004 0.765829 0.645232 0.214461 0.992377 0.241041 0.332752 0.782623 0.343719 0.494736 0.906984 0.904964 0.587233 0.873856 0.99144 0.52662 0.355756 0.789397 0.322296 1.1444 0.741156 0.927591 0.833536 0.213228 0.933534 0.916442 0.872334 0.811563 0.41825 0.148156 0.661602 0.398551 0.0753281 0.492631 0.775471 1.07388 0.98839 0.0732123 0.996332 0.528199 0.667708 0.429697 0.767048 0.915122 0.375498 0.949726 0.266765 0.935624 0.259263 1.07895 0.430833 0.387357 0.692618 0.443075 0.881838 0.182725 0.621702 1.0384 0.216525 0.708993 0.905443 0.824822 0.248896 0.117244 0.506359 0.94987
0.718482 0.432073 0.273522 0.107237 0.896048 0.202761 0.671905 0.563104 0.824849 1.08522 0.846627 0.80838 0.316173 1.14702 0.287411 0.387342 0.833816 0.253842 0.56066 0.831632 0.857866 0.426342 1.06598 1.08581 0.505073 0.254098 0.898534 0.466431 1.12517 0.578336 1.00386 0.821153 0.279717 0.871847 0.902806 0.824211 0.718784 0.437776 0.368949 0.729929 0.235104 0.0931332 0.614814 0.635583 1.0119 0.928136 0.23595 1.25216 0.578009 0.676748 0.400775 0.802742 1.06279 0.286248 1.11584 0.338627 1.01632 0.401285 1.13333 0.441396 0.378767 0.676633 0.553996 1.05483 0.328277 0.592167 1.18705 0.204797 0.651035 0.999714 0.776417 0.308165 0.262248 0.592977 1.06768
0.644378 0.318902 0.436226 0.294526 0.735158 0.3816 0.597786 0.559177 0.787605 0.972101 0.858657 0.785317 0.229717 1.08978 0.299713 0.426635 0.795703 0.293619 0.66678 1.05292 0.921835 0.597255 1.09691 1.19654 0.65792 0.401275 0.958293 0.283824 1.07472 0.702714 1.0308 0.812488 0.235496 0.950572 1.05467 0.827531 0.864799 0.554995 0.333839 0.890319 0.214973 0.0877557 0.564545 0.82023 1.05125 0.862538 0.2826 1.07039 0.461544 0.767112 0.249329 0.737029 0.780353 0.357658 1.0455 0.324239 1.06799 0.35935 0.973163 0.373538 0.643048 0.474858 0.419001 1.06564 0.16878 0.494538 1.03471 0.294855 0.651691 0.85545 0.695874 0.157035 0.238167 0.71648 1.12915
0.584746 0.496997 0.36554 0.33631 0.855552 0.404236 0.417071 0.369459 0.751202 0.966072 0.943716 0.761162 0.239587 0.928123 0.0354324 0.414677 0.969839 0.400465 0.646808 0.877933 0.795675 0.603117 0.880898 1.27319 0.61409 0.180168 0.808289 0.412806 1.08902 0.65243 0.76404 0.935304 0.372236 0.885085 0.964684 0.743595 0.738658 0.52252 0.364045 0.693105 0.263564 0.270229 0.449359 0.818712 0.977519 1.01378 0.18534 1.18537 0.711172 0.745252 0.486966 0.884976 0.79347 0.53698 0.972873 0.435607 1.13728 0.29953 1.22669 0.445991 0.492906 0.626807 0.311019 0.882898 0.171372 0.760379 1.01344 0.227119 0.701027 0.762068 0.777445 0.132009 0.167288 0.52181 0.89634
0.827081 0.506827 0.402573 0.33355 0.891776 0.259677 0.437791 0.426825 0.867158 1.16255 1.01025 0.74032 0.153161 1.09857 0.185268 0.453073 0.918638 0.156531 0.426881 0.908641 0.971035 0.359692 0.825819 1.21283 0.625756 0.306236 0.818238 0.284662 1.03202 0.848881 0.8023 0.756747 0.224003 0.782103 0.855025 0.856751 0.724502 0.511415 0.106057 0.651107 0.341836 0.219224 0.485808 0.705072 1.057 0.887971 0.0279081 1.26344 0.653296 0.669182 0.226217 0.745071 0.815194 0.471238 1.08207 0.256212 0.958659 0.254362 0.970225 0.315695 0.645902 0.530012 0.53185 1.08224 0.182877 0.712245 1.21602 0.288425 0.77413 0.819081 0.637841 0.137569 0.230659 0.576293 1.01184
