25 75
0.834732 0.819696 0.428661 0.668705 0.179006 0.838032 0.782634 0.0878898 0.583438 0.576654 0.609096 0.884759 1.12169 0.95196 0.337606 0.6064 0.265885 0.667807 0.985946 0.735279 0.675423 0.13783 0.349132 0.871846 0.636081 0.202281 0.16472 0.5524 0.670879 0.182773 0.7013 0.293927 1.01085 0.30535 0.836984 0.712271 0.468529 0.988471 0.864162 0.104941 0.446787 0.4778 0.818398 0.910127 0.51609 0.357831 0.6458 0.695766 0.430631 0.120498 1.14418 0.154196 0.714968 0.66114 0.313838 0.834496 0.329257 1.06584 0.606514 0.619352 0.132987 0.286497 0.581778 0.702347 0.147942 1.02486 1.10658 0.474264 0.478974 0.350352 0.920566 0.984329 1.01623 0.508757 0.88307
0.91974 0.815785 0.248035 0.444699 0.146658 0.823845 0.591664 0.0519187 0.419994 0.451627 0.636483 1.05467 1.01505 1.07558 0.371423 0.531816 0.150245 0.65821 0.961578 0.750933 0.832518 0.241633 0.388947 0.828133 0.725025 0.190754 0.254349 0.514488 0.546935 0.12784 0.631107 0.226705 1.06934 0.230688 0.776428 0.697522 0.463584 0.818477 0.712543 0.208674 0.401428 0.49392 0.695013 0.799621 0.506161 0.354156 0.779415 0.62147 0.461392 0.119804 1.00235 0.361645 0.542393 0.685228 0.301171 0.997499 0.341769 1.11284 0.468956 0.601539 0.114314 0.309655 0.613636 0.783304 0.226218 0.922344 1.14659 0.320926 0.364239 0.371445 0.95246 0.865904 0.965441 0.420485 0.940839
0.68291 0.743924 0.185589 0.677899 0.333959 0.916382 0.638598 0.123824 0.634483 0.505799 0.620806 0.862814 1.11265 1.24027 0.173153 0.623216 0.231031 0.838838 0.79382 0.946255 0.664315 0.170668 0.604128 0.851026 0.607296 0.368515 0.115981 0.723882 0.42778 0.128858 0.726673 0.259465 1.15599 0.220721 0.922147 0.676839 0.287349 0.962971 0.957371 0.113824 0.539446 0.411819 0.792981 0.778988 0.435993 0.614323 0.68934 0.608764 0.468821 0.10702 1.04227 0.160913 0.632912 0.563292 0.178077 0.790337 0.29589 1.22369 0.599986 0.678338 0.12745 0.339836 0.34954 0.878887 0.0781196 0.998782 1.13305 0.338176 0.526717 0.251733 0.711929 1.03213 1.06624 0.550274 0.984975
0.877995 0.759649 0.235945 0.51477 0.15162 0.773844 0.782999 0.253664 0.696936 0.661904 0.649074 1.04135 0.86751 0.953549 0.332548 0.715182 0.0523282 0.795576 0.819512 0.954643 0.637463 0.209905 0.451655 0.755723 0.874052 0.333098 0.372097 0.551374 0.674104 0.24259 0.638823 0.274504 1.01219 0.165021 0.903883 0.864653 0.393852 0.930016 0.928108 0.21163 0.355261 0.276163 0.631845 0.796693 0.348941 0.474325 0.719374 0.547392 0.374739 0.19122 1.24315 0.402076 0.540619 0.544963 0.195833 0.837943 0.297572 1.21997 0.458345 0.757775 0.273154 0.329695 0.603526 0.980905 0.318044 0.816287 1.06813 0.302687 0.30472 0.380513 0.950658 1.02162 1.01402 0.54219 0.842113
0.800536 0.931438 0.376105 0.54032 0.136797 0.92079 0.688246 0.269996 0.436029 0.677253 0.4144 1.04581 0.884819 1.11046 0.402609 0.708112 0.184006 0.885329 0.895612 0.794483 0.728412 0.326875 0.452054 0.927327 0.873421 0.303785 0.130297 0.643842 0.586431 0.23863 0.536327 0.0871699 0.943774 0.160943 0.897533 0.791387 0.457434 0.854193 0.855114 0.121577 0.476879 0.312952 0.796192 0.962937 0.616842 0.594514 0.656753 0.51628 0.360754 0.288488 1.0406 0.297858 0.734415 0.768191 0.185391 0.95354 0.231004 1.21444 0.640115 0.563487 0.14103 0.243477 0.471328 0.708443 0.136381 0.947795 1.05487 0.457315 0.505301 0.261797 0.921383 0.848725 0.9561 0.391359 0.970384
0.78248 1.00515 0.192516 0.592181 0.35832 0.756119 0.744702 0.0440548 0.707103 0.61546 0.459395 1.02814 1.05388 1.25056 0.380636 0.509561 0.304193 0.738971 0.858228 0.850785 0.817891 0.194922 0.404179 0.894908 0.79577 0.194516 0.260336 0.699715 0.499733 0.343996 0.583499 0.244809 1.03848 0.321555 0.866468 0.649545 0.543014 0.956636 0.890903 0.133662 0.339739 0.384406 0.556299 0.731319 0.388629 0.51063 0.78367 0.661022 0.332892 0.173487 1.00721 0.262248 0.535477 0.690244 0.209705 0.911062 0.369198 1.23847 0.632421 0.635131 0.339121 0.26873 0.479639 0.752502 0.283109 0.930432 1.11951 0.436926 0.501353 0.146551 0.927577 0.798882 0.957521 0.377221 1.04167
0.970411 0.993376 0.196126 0.418753 0.191586 0.743259 0.676297 0.274005 0.478986 0.459335 0.545113 0.927713 1.15452 0.980542 0.285344 0.631027 0.0379071 0.871344 1.03074 1.00013 0.639155 0.318176 0.552545 0.776859 0.793418 0.347335 0.140345 0.723311 0.463947 0.379769 0.722762 0.283579 1.08971 0.169718 0.811689 0.71702 0.517094 0.832714 0.698126 0.140662 0.285567 0.391104 0.583926 0.833023 0.425629 0.387115 0.801434 0.598967 0.280923 0.255897 1.19196 0.329016 0.625179 0.765455 0.431016 0.99262 0.422149 1.13842 0.550597 0.585668 0.0669539 0.300085 0.46963 0.787425 0.140235 1.01496 1.12516 0.383168 0.30416 0.299409 0.849958 0.788722 1.04676 0.548731 1.0806
0.752303 0.751521 0.322239 0.386245 0.295729 0.70982 0.683386 0.171167 0.611629 0.523191 0.568137 1.04832 1.02373 1.18645 0.287383 0.637542 0.11642 0.801779 0.853635 0.94024 0.726441 0.321325 0.525706 0.87836 0.815024 0.19052 0.36227 0.500185 0.622381 0.393863 0.58032 0.252118 1.20127 0.24257 0.916903 0.876473 0.32014 0.917881 0.946905 0.111341 0.339215 0.376436 0.761052 0.858334 0.55766 0.471681 0.654596 0.437549 0.460321 0.277073 1.23824 0.386049 0.592572 0.73557 0.194407 0.883407 0.43105 1.24505 0.573898 0.747707 0.17634 0.176102 0.366498 0.766855 0.201507 0.80559 1.07262 0.463515 0.510243 0.25883 0.867359 0.789217 1.09306 0.486722 0.868497
0.723076 0.844069 0.223936 0.525073 0.133124 0.758641 0.719878 0.16517 0.712025 0.49295 0.480859 0.915579 0.868378 1.12959 0.236393 0.721508 0.260017 0.657563 0.924573 0.846802 0.622088 0.112022 0.514501 0.966127 0.775557 0.0942592 0.403089 0.576639 0.637858 0.190166 0.676091 0.251162 1.02572 0.0514351 0.821619 0.652385 0.462451 0.986215 0.954447 0.344466 0.506608 0.517126 0.714938 0.894205 0.398065 0.408205 0.679618 0.641786 0.398585 0.355607 1.16518 0.133981 0.68791 0.709389 0.240643 0.962931 0.415984 1.02666 0.622045 0.676376 0.277537 0.245842 0.407287 0.728642 0.0559281 0.868273 1.21749 0.33316 0.348356 0.285053 0.878992 1.01795 1.1094 0.5214 0.919227
0.712363 1.01358 0.226075 0.565207 0.250073 0.73294 0.74928 0.102883 0.615654 0.674133 0.657516 0.829372 0.858251 1.19946 0.339883 0.65788 0.0177543 0.911242 0.9918 0.735514 0.878097 0.354721 0.612664 0.691728 0.854024 0.333505 0.345258 0.69751 0.704005 0.351988 0.497984 0.27938 1.04849 0.133139 0.858773 0.645239 0.428549 0.988823 0.772999 0.218918 0.412512 0.302241 0.797786 0.991006 0.576889 0.597508 0.732187 0.460134 0.433213 0.14545 1.08643 0.171864 0.737454 0.839551 0.162455 0.796858 0.293671 1.01484 0.622826 0.658085 0.185063 0.0998296 0.436387 0.964513 0.243721 0.806281 1.01449 0.388352 0.466341 0.370981 0.833308 0.886929 1.13247 0.411654 1.07857
0.684839 0.978917 0.265777 0.497987 0.0911842 0.818226 0.720784 0.0722645 0.486739 0.469685 0.525033 0.93472 0.905811 1.18383 0.171389 0.580662 0.270954 0.810995 1.02399 1.00299 0.711276 0.185033 0.611424 0.898064 0.652863 0.237623 0.130206 0.566961 0.464399 0.339681 0.663958 0.144714 1.09027 0.268566 0.762508 0.828348 0.440751 0.92348 0.777086 0.2509 0.41754 0.301128 0.568961 0.779999 0.627375 0.436544 0.787956 0.455883 0.380481 0.191317 1.10348 0.321777 0.686669 0.59945 0.232585 0.718105 0.220692 1.25473 0.594613 0.569906 0.153728 0.267421 0.478283 0.921396 0.236234 0.848241 1.11252 0.40073 0.456481 0.254571 0.860335 0.876077 1.11867 0.507926 0.898998
0.876591 0.973128 0.340548 0.405783 0.315391 0.668935 0.761833 0.116515 0.570575 0.507522 0.454663 1.00965 0.862581 1.05365 0.263329 0.7223 0.149902 0.856238 0.825221 0.853565 0.682401 0.114471 0.509923 0.745295 0.852226 0.174061 0.161625 0.591242 0.56323 0.233891 0.503101 0.0987819 0.991406 0.0633583 0.951286 0.728009 0.385481 0.831532 0.940296 0.317315 0.562217 0.370997 0.750041 0.743516 0.561087 0.626589 0.796872 0.497806 0.416247 0.368943 1.20617 0.139485 0.52783 0.616913 0.18401 0.950292 0.177056 0.960847 0.645165 0.709809 0.0993094 0.154403 0.600433 0.779484 0.120239 0.887927 1.13408 0.476294 0.50236 0.319847 0.729034 0.777722 0.977321 0.325096 1.05186
0.693196 0.870738 0.380368 0.497379 0.165596 0.699916 0.606304 0.0951304 0.709738 0.604628 0.593667 1.02997 1.04179 1.23969 0.41112 0.620479 0.301891 0.888458 0.889482 0.991912 0.671387 0.260736 0.438917 0.780702 0.710328 0.375126 0.142561 0.523134 0.457172 0.342242 0.490012 0.0682889 0.98535 0.307339 0.784544 0.799366 0.450198 1.07426 0.958996 0.0823115 0.471564 0.511788 0.700228 0.897486 0.481763 0.594115 0.743154 0.44447 0.367786 0.107091 1.02428 0.20443 0.531982 0.758713 0.201066 0.954627 0.368068 1.15326 0.593617 0.557173 0.321389 0.139092 0.470769 0.7298 0.314158 0.915116 0.946704 0.321294 0.535478 0.177347 0.871246 0.803257 1.0652 0.412725 1.05133
0.772654 1.01262 0.438263 0.537958 0.310892 0.910684 0.755871 0.0304278 0.607649 0.519165 0.562575 0.937834 1.11987 0.959799 0.430224 0.617491 0.0811221 0.750424 0.971304 0.957886 0.850471 0.100167 0.341775 0.890396 0.673113 0.300913 0.282841 0.628073 0.59389 0.245293 0.764487 0.280267 0.974121 0.0595712 0.922053 0.681208 0.469035 1.00395 0.735016 0.215294 0.423563 0.282779 0.644794 0.993079 0.554971 0.399217 0.91469 0.536696 0.553768 0.213913 1.07349 0.417134 0.536983 0.739127 0.343785 0.969287 0.394716 1.20716 0.503836 0.627642 0.29499 0.268578 0.507801 0.919018 0.322047 0.81197 0.96595 0.333969 0.38336 0.173785 0.732972 0.971569 0.983782 0.550483 0.915655
0.766755 0.754841 0.283999 0.532807 0.371562 0.921677 0.627908 0.19253 0.709785 0.514169 0.456485 1.03224 0.892151 1.10269 0.192971 0.570914 0.196532 0.881417 1.04894 0.93077 0.733113 0.28615 0.524333 0.888073 0.783318 0.227306 0.239383 0.598326 0.555011 0.254393 0.719645 0.0242774 1.08107 0.229458 1.01021 0.777999 0.493199 1.00818 0.801857 0.0702282 0.38518 0.424246 0.814695 0.858425 0.50158 0.472342 0.843542 0.651601 0.352156 0.312111 1.05131 0.25602 0.727899 0.704933 0.396436 0.868606 0.366939 0.973628 0.39296 0.762893 0.29188 0.165373 0.544977 0.94928 0.302812 0.936899 1.17936 0.408063 0.37826 0.137191 0.77501 0.915303 1.18821 0.424402 0.930514
0.773567 0.935123 0.237985 0.544918 0.312609 0.797152 0.705014 0.1457 0.682509 0.489605 0.434013 0.987445 1.01537 0.955896 0.421096 0.606169 0.261747 0.661847 1.04562 0.73859 0.659627 0.23782 0.357604 0.729815 0.596692 0.17529 0.291689 0.484514 0.613221 0.341393 0.737503 0.262806 1.15918 0.282107 0.933937 0.651715 0.573108 1.07599 0.795272 0.246991 0.542795 0.361745 0.635318 0.885576 0.415251 0.545867 0.686627 0.628123 0.357387 0.133191 1.12952 0.191428 0.644935 0.628312 0.35184 0.809046 0.2334 1.13811 0.561744 0.590116 0.257865 0.116061 0.56724 0.864466 0.266984 0.833777 1.21583 0.364297 0.397195 0.354806 0.899409 1.0335 1.07169 0.371757 0.948059
0.960392 0.823635 0.26369 0.447785 0.221331 0.948702 0.595421 0.109311 0.664045 0.506542 0.537238 0.982035 1.03933 1.09026 0.442513 0.681506 0.044821 0.635412 1.03405 0.715248 0.685013 0.115678 0.504349 0.68165 0.636172 0.282387 0.225245 0.591172 0.676045 0.215191 0.766663 0.290153 0.998394 0.136059 0.745269 0.74843 0.308481 1.08032 0.73349 0.0758093 0.479577 0.341383 0.75141 0.838632 0.483386 0.573158 0.774587 0.697964 0.408914 0.351683 1.00718 0.36567 0.764146 0.611998 0.399002 0.73219 0.173427 1.05323 0.506744 0.534693 0.0722786 0.347649 0.389298 0.805623 0.0635863 0.835114 1.06407 0.429073 0.379502 0.389331 0.792634 0.924357 1.10681 0.481421 0.844094
0.904636 0.969716 0.409319 0.554503 0.350597 0.68545 0.826375 0.0402685 0.632323 0.700665 0.5119 0.974346 0.95655 1.0685 0.281488 0.76821 0.0266981 0.677484 1.04005 0.920102 0.644401 0.288735 0.394502 0.806671 0.813648 0.0902436 0.339385 0.54133 0.542546 0.312296 0.516365 0.187746 1.1721 0.0932203 0.785782 0.713964 0.311333 1.0355 0.805396 0.0920588 0.302422 0.370804 0.633461 0.851416 0.369714 0.583165 0.649825 0.517173 0.439139 0.343563 1.06011 0.270219 0.616811 0.730389 0.2468 0.965864 0.328829 1.18468 0.499331 0.782039 0.15586 0.0974294 0.464637 0.821378 0.133294 0.935446 1.12036 0.401025 0.536769 0.375355 0.839241 0.828157 1.01952 0.501768 0.86512
0.717998 0.856793 0.310278 0.484691 0.354926 0.827345 0.849777 0.291889 0.663678 0.494771 0.664517 0.792736 0.883994 1.00744 0.446413 0.750915 0.106353 0.849115 0.790244 0.899166 0.717421 0.202527 0.407131 0.901974 0.783747 0.113191 0.127131 0.638917 0.459899 0.295034 0.725649 0.166796 0.909914 0.147222 0.915454 0.863082 0.558665 0.976289 0.984762 0.317057 0.502064 0.326331 0.570567 0.837414 0.446709 0.643292 0.692242 0.671192 0.456426 0.101636 1.00506 0.209628 0.624852 0.55098 0.406926 0.837203 0.455159 1.23779 0.546086 0.642483 0.29648 0.291856 0.381221 0.916406 0.25689 0.89086 1.07611 0.291905 0.509438 0.288056 0.90633 0.767817 0.933757 0.353132 0.881001
0.799592 0.775005 0.344947 0.520571 0.0931944 0.723203 0.691349 0.0667692 0.591323 0.618979 0.640382 0.848695 1.02087 1.12833 0.332459 0.704989 0.272403 0.82992 0.912991 0.917496 0.813767 0.235146 0.582495 0.912879 0.796738 0.28116 0.349337 0.5134 0.645778 0.122006 0.735951 0.0608457 1.09553 0.235021 1.00189 0.849662 0.32231 0.943007 0.768798 0.246911 0.421953 0.329909 0.607586 0.955991 0.555894 0.421714 0.853735 0.464087 0.505147 0.166173 1.26308 0.237347 0.634383 0.606709 0.20686 0.841563 0.316271 1.155 0.512927 0.591084 0.0831943 0.157329 0.48622 0.852397 0.197513 0.822876 0.958455 0.475441 0.34622 0.111999 0.92456 0.877104 1.14908 0.456671 0.949792
0.8151 0.870812 0.300494 0.522621 0.352741 0.761872 0.70879 0.276451 0.51859 0.445359 0.567547 0.963895 1.03747 1.0121 0.23738 0.751458 0.197654 0.7723 0.898249 0.857445 0.601116 0.221331 0.587187 0.827543 0.8713 0.163731 0.396774 0.544995 0.685183 0.11819 0.566759 0.172609 1.12468 0.228242 0.846762 0.776685 0.465489 1.06922 0.847772 0.0552224 0.532941 0.461139 0.810059 0.861437 0.402621 0.540064 0.765311 0.593626 0.405598 0.141043 1.13174 0.199131 0.758661 0.831465 0.304523 1.00758 0.182502 1.00653 0.470063 0.660318 0.133318 0.209147 0.512825 0.923953 0.128993 0.833365 0.966379 0.492892 0.342452 0.335337 0.759331 0.87246 1.16599 0.578848 0.891417
0.778855 0.908669 0.25551 0.393761 0.378472 0.66405 0.665312 0.0471231 0.693521 0.665401 0.43982 1.01914 1.1209 1.21116 0.193773 0.522737 0.042049 0.846702 0.781301 0.817841 0.750384 0.169577 0.379089 0.748971 0.658544 0.0967057 0.268603 0.5054 0.446095 0.213366 0.575209 0.167669 0.906152 0.118565 0.954101 0.832217 0.34403 1.02902 0.869444 0.299668 0.442038 0.445893 0.731862 0.974361 0.441721 0.617132 0.708175 0.514185 0.514783 0.104943 1.06083 0.366482 0.574157 0.716003 0.193628 0.757031 0.280568 1.18689 0.396816 0.532021 0.196205 0.217723 0.442403 0.821319 0.259836 0.870331 1.05421 0.377077 0.503696 0.105988 0.9575 0.814508 0.959568 0.357798 0.850427
0.887917 0.871999 0.182423 0.663847 0.139204 0.742215 0.856517 0.179674 0.465122 0.515521 0.596893 0.794675 1.04832 1.07702 0.21215 0.697879 0.241491 0.634189 0.788316 0.842501 0.679312 0.148934 0.390596 0.777606 0.614987 0.155917 0.371338 0.563302 0.50344 0.297477 0.712267 0.253443 0.969804 0.336252 0.838933 0.788279 0.533809 1.06405 0.889291 0.322644 0.520149 0.435424 0.696823 0.828385 0.568277 0.393428 0.717561 0.562573 0.287552 0.198019 1.00346 0.41614 0.669033 0.70961 0.204627 0.856478 0.298306 1.23463 0.615219 0.721732 0.354538 0.126717 0.439348 0.720555 0.138156 1.0349 1.06517 0.519915 0.409207 0.157398 0.853432 0.974922 1.08893 0.505562 0.913562
0.856138 0.985922 0.355065 0.436498 0.0951289 0.930305 0.601432 0.231137 0.463818 0.413966 0.58022 0.901063 1.0246 0.983189 0.340004 0.613469 0.217815 0.679819 0.833868 0.775996 0.741537 0.198596 0.61762 0.809052 0.85072 0.14721 0.194788 0.655547 0.593826 0.345799 0.523645 0.209734 1.05816 0.0844024 0.752241 0.901851 0.401911 0.832346 0.722699 0.298227 0.528863 0.262048 0.644894 0.769831 0.529694 0.604581 0.814954 0.574957 0.364606 0.230261 1.1842 0.178299 0.689276 0.797379 0.350148 0.990597 0.315495 1.18253 0.546613 0.693211 0.137529 0.334574 0.437403 0.945167 0.158825 0.795001 1.07139 0.382579 0.466467 0.220156 0.88377 0.868323 1.08538 0.356923 0.981436
0.742976 0.727906 0.282848 0.478287 0.292666 0.750921 0.74981 0.0349814 0.434862 0.584305 0.508861 0.965355 1.02665 1.1552 0.179273 0.554375 0.0530277 0.786017 0.995981 0.831055 0.801811 0.227208 0.574085 0.900843 0.811593 0.117361 0.155807 0.680626 0.46525 0.250341 0.721948 0.0562415 1.03809 0.330677 0.778603 0.728093 0.508033 0.960397 0.935282 0.169933 0.573176 0.452258 0.596487 0.817736 0.474832 0.546541 0.902983 0.594955 0.434875 0.180431 1.08938 0.213771 0.52817 0.631418 0.310992 0.924969 0.324046 1.11051 0.630336 0.734894 0.257352 0.183722 0.560149 0.843939 0.148323 0.91186 1.05152 0.538319 0.573069 0.118949 0.731312 1.03377 1.05836 0.283937 1.08368
