25 75
0.934738 0.591245 0.584364 0.257224 0.402027 0.293031 0.980577 0.681035 0.548481 0.877059 0.806773 1.06382 1.00702 0.472438 0.38261 0.715237 0.512095 0.88669 0.684913 0.961192 0.179237 0.102453 0.991783 1.14718 0.775151 0.75621 1.06331 0.724777 0.692468 1.0066 0.343104 0.396546 0.200468 0.660975 0.482039 0.878249 0.783839 0.653718 1.00708 1.00084 0.809642 0.578403 0.59629 1.20423 1.02145 0.787875 0.342117 1.17971 0.484661 0.570711 0.635489 0.412345 1.03371 0.561641 0.269728 1.00299 0.273982 0.408268 0.296759 1.05142 0.794713 0.882599 0.512727 0.695755 0.506641 0.43849 0.43905 0.330203 0.95038 0.137761 0.729134 0.505281 0.464628 0.627269 0.390563
0.979242 0.37724 0.610625 0.191925 0.404576 0.303852 1.10924 0.49737 0.386754 0.94294 0.642954 1.09947 0.939534 0.458696 0.380126 0.797477 0.55395 0.864717 0.722935 1.01011 0.220305 0.273878 1.00261 1.15041 0.775336 0.686724 1.07365 0.658075 0.631677 1.12666 0.558371 0.348213 0.266189 0.636216 0.698958 0.601796 0.748946 0.570659 1.00252 1.14167 0.95185 0.747305 0.61309 1.2818 1.0707 0.798587 0.238224 0.983386 0.619868 0.655512 0.752916 0.534444 0.968274 0.771333 0.361475 0.939058 0.532736 0.454922 0.273761 1.03969 1.01058 0.962971 0.617938 0.629735 0.79237 0.359487 0.485431 0.135688 0.973584 0.180809 0.922321 0.424519 0.287896 0.603318 0.251169
1.02784 0.380142 0.489028 0.313578 0.417409 0.0992716 1.00203 0.495371 0.43952 0.975228 0.700837 0.968196 0.999095 0.555289 0.394548 0.566885 0.451095 0.964966 0.634846 0.917477 0.247805 0.170327 1.00274 1.16197 0.711184 0.825537 1.11825 0.735599 0.553427 0.992794 0.464302 0.25362 0.148096 0.669005 0.603405 0.669196 0.765633 0.732081 1.03226 1.16002 0.849583 0.769773 0.74924 1.09412 0.965023 0.564169 0.335356 0.97821 0.561158 0.677802 0.663957 0.37339 1.02608 0.797622 0.46339 1.19847 0.293794 0.495441 0.065139 0.881126 0.7757 0.948909 0.628561 0.676655 0.771998 0.37727 0.639838 0.195085 0.875198 0.382982 0.876704 0.60714 0.378371 0.55606 0.429783
0.825208 0.57434 0.415054 0.270562 0.414651 0.14822 0.968229 0.562083 0.376061 1.06035 0.827311 1.11851 0.952557 0.417586 0.461762 0.70599 0.372747 1.09202 0.800555 1.04291 0.202622 0.304581 0.988155 1.02405 0.579727 0.79943 0.996014 0.602755 0.617935 1.07103 0.360115 0.174977 0.23305 0.465556 0.510969 0.830424 0.649646 0.714309 0.919807 0.99919 0.999698 0.823808 0.530269 1.15047 1.07471 0.627678 0.339139 0.909723 0.640038 0.779198 0.570651 0.427678 1.00832 0.807034 0.376768 1.21606 0.412412 0.281084 0.255653 1.038 0.810805 0.792301 0.474079 0.576854 0.53718 0.354119 0.49607 0.213128 0.953451 0.377888 0.747583 0.584818 0.4058 0.518842 0.298751
0.828409 0.516472 0.671485 0.322487 0.27262 0.266176 0.932582 0.681983 0.377693 0.871382 0.867568 0.993548 1.02955 0.378629 0.431353 0.709578 0.392425 0.938887 0.58568 1.07123 0.223042 0.165111 0.880902 0.938987 0.60168 0.828784 0.944986 0.773731 0.608953 1.16572 0.519573 0.144236 0.173259 0.457989 0.523618 0.761615 0.664064 0.731725 0.969077 1.1858 0.955948 0.657002 0.769198 1.23828 1.23275 0.698588 0.236116 1.08288 0.61685 0.66374 0.571657 0.447685 1.07136 0.720607 0.307036 1.02292 0.503895 0.497127 0.233456 1.07312 0.99793 0.895147 0.391074 0.796691 0.642231 0.534264 0.36515 0.341481 0.913315 0.360992 0.899036 0.567769 0.280071 0.508182 0.207475
0.868132 0.34356 0.487169 0.179611 0.38006 0.253336 1.05667 0.579389 0.537877 0.777998 0.759314 1.15205 1.16405 0.497408 0.347619 0.76784 0.405181 0.984415 0.610478 1.12824 0.249601 0.0917957 1.00029 1.01515 0.620786 0.870161 0.983722 0.776796 0.692086 1.17701 0.455288 0.118428 0.323982 0.624311 0.656405 0.787559 0.856912 0.653789 1.03832 1.00584 0.72935 0.728803 0.699602 1.24302 1.13648 0.574002 0.368088 1.07555 0.74336 0.646708 0.606259 0.498284 1.12417 0.800097 0.272515 1.03748 0.348054 0.495021 0.0168326 1.03503 0.992405 0.833206 0.477356 0.66218 0.591149 0.405109 0.421661 0.258002 0.94265 0.350871 0.868771 0.591469 0.529196 0.498884 0.415058
0.977923 0.457199 0.427963 0.123973 0.534039 0.366546 0.907438 0.685439 0.430674 0.943312 0.610193 1.13658 1.0883 0.437013 0.369242 0.802946 0.392434 1.07274 0.834699 1.03026 0.342679 0.177246 1.02489 1.12268 0.760175 0.801654 0.957593 0.771315 0.676524 1.06107 0.393995 0.298078 0.131281 0.515834 0.746958 0.75755 0.782536 0.606485 1.16366 1.13035 0.859652 0.753919 0.690533 1.28901 1.1534 0.526415 0.431404 0.959017 0.651129 0.709298 0.784033 0.328707 0.955693 0.764939 0.451348 1.16684 0.415632 0.457175 0.0370426 0.986114 0.847781 0.877803 0.587903 0.69571 0.672066 0.613852 0.594061 0.315034 0.86964 0.199868 0.861868 0.600825 0.441395 0.654858 0.345465
0.841864 0.420382 0.672726 0.251966 0.423782 0.330751 0.972195 0.497726 0.643498 0.866102 0.650293 1.00259 1.01641 0.37452 0.217729 0.625322 0.461645 0.88147 0.791987 0.875258 0.272383 0.220903 1.11933 1.07656 0.705149 0.886303 0.963334 0.602206 0.506629 1.14339 0.574348 0.15907 0.260664 0.510198 0.492447 0.837908 0.868979 0.630934 1.19619 0.99552 0.992038 0.596301 0.663081 1.24416 1.22095 0.626392 0.34582 1.16253 0.561546 0.685166 0.600972 0.341073 0.917957 0.614461 0.447944 1.22773 0.286938 0.378363 0.0789 0.816458 0.785216 0.906964 0.391896 0.793808 0.537685 0.49585 0.467725 0.124363 0.944303 0.301372 0.853508 0.578107 0.337072 0.535763 0.364402
0.880972 0.432987 0.431683 0.333369 0.387841 0.297183 0.92483 0.604145 0.594422 1.00882 0.755949 0.998227 1.10661 0.543141 0.198071 0.578458 0.597136 1.03693 0.835187 0.875294 0.198134 0.113647 0.879222 0.898956 0.578192 0.723624 0.992871 0.67654 0.615085 1.11577 0.451471 0.334881 0.207958 0.497471 0.562397 0.728355 0.657018 0.684148 1.19192 0.977502 0.753692 0.680934 0.771911 1.23267 0.979615 0.765149 0.436308 1.17167 0.734986 0.632381 0.761826 0.323807 0.896086 0.817541 0.424584 1.20361 0.466455 0.276447 0.184524 0.878163 0.924831 0.900424 0.57103 0.634914 0.651133 0.614388 0.420778 0.365883 0.735156 0.412001 0.82379 0.556229 0.543889 0.630754 0.317397
0.945008 0.344851 0.451691 0.0814248 0.52612 0.180021 0.980048 0.450183 0.572848 0.949533 0.805917 1.00859 1.05094 0.40888 0.370746 0.794412 0.623952 0.996606 0.624107 0.868075 0.324796 0.115042 0.995694 1.05043 0.634433 0.637721 0.902998 0.784256 0.716291 0.954317 0.536046 0.254326 0.247205 0.495955 0.485809 0.785754 0.867677 0.475099 1.09177 0.967033 0.897365 0.787523 0.515785 1.21907 0.986251 0.702147 0.229458 0.978833 0.748873 0.607143 0.563366 0.420755 1.08472 0.79607 0.40734 1.20667 0.477829 0.34156 0.257763 0.985613 0.79785 0.85853 0.334573 0.605243 0.754202 0.468301 0.574978 0.186777 0.768485 0.328651 0.798495 0.529765 0.282184 0.639648 0.361384
0.817629 0.548592 0.411994 0.244079 0.506864 0.383304 0.994358 0.460564 0.651358 0.972181 0.569445 1.10807 0.966704 0.318701 0.252962 0.831691 0.47714 0.914577 0.592914 0.979627 0.277203 0.1989 0.901862 0.985356 0.637814 0.747881 1.02469 0.610822 0.534613 1.15157 0.393146 0.236638 0.161831 0.660667 0.727129 0.813921 0.806151 0.665254 0.93699 1.1152 0.783283 0.708779 0.647695 1.05386 1.10948 0.65546 0.353319 0.935441 0.708446 0.691209 0.554674 0.482438 1.09167 0.642184 0.263733 1.11934 0.514946 0.33182 0.134801 0.986876 0.875408 0.819392 0.340556 0.769361 0.658454 0.426098 0.356732 0.286911 0.809861 0.297895 0.863437 0.527306 0.447342 0.565246 0.372594
0.946765 0.605055 0.499485 0.0728426 0.536633 0.130832 1.06377 0.563351 0.602689 1.04127 0.802974 0.984422 0.93469 0.455233 0.344702 0.599686 0.541583 1.05718 0.655306 1.00328 0.118757 0.103421 1.02413 1.1729 0.588076 0.906242 0.873623 0.599421 0.51831 0.960404 0.463486 0.316217 0.0986726 0.584126 0.47677 0.872366 0.681169 0.660046 0.928554 1.16666 0.844009 0.769674 0.522175 1.22042 0.990284 0.691016 0.274138 1.15986 0.550012 0.578669 0.544364 0.363462 1.06312 0.692719 0.225388 1.03699 0.52628 0.227665 0.0436603 1.00343 0.750222 0.834352 0.486456 0.784255 0.68024 0.374517 0.394193 0.328843 0.855447 0.300602 0.722477 0.572258 0.482646 0.497367 0.281917
0.81853 0.507408 0.586681 0.0440303 0.562421 0.258871 1.13243 0.685553 0.409821 1.06074 0.6611 1.14158 1.12412 0.496112 0.207076 0.550723 0.494476 0.925533 0.775615 1.04326 0.282035 0.153772 1.09358 1.03422 0.62788 0.770473 1.09208 0.711862 0.462618 1.15425 0.497934 0.193533 0.26852 0.624791 0.533607 0.692449 0.798697 0.57655 1.13662 1.12661 0.96964 0.595346 0.513349 1.11171 1.14822 0.521349 0.261073 1.16676 0.550449 0.703168 0.585269 0.410951 1.03495 0.623319 0.314624 1.13407 0.558003 0.360113 0.20876 0.931171 0.973707 0.77859 0.583213 0.703874 0.646385 0.429612 0.427006 0.286128 0.685853 0.296506 0.748329 0.60315 0.343359 0.562838 0.153386
0.927123 0.397914 0.449742 0.237157 0.499667 0.128058 1.1147 0.492364 0.432776 0.990524 0.800202 0.973746 0.936478 0.411734 0.284443 0.780596 0.498132 0.835811 0.778557 1.10813 0.104133 0.222336 1.09572 0.99658 0.649077 0.902025 0.897291 0.698241 0.425969 1.15834 0.341655 0.358444 0.164738 0.559064 0.740335 0.746108 0.847419 0.667863 1.13923 1.17646 0.794754 0.805404 0.631733 1.18439 0.988811 0.617414 0.378868 1.08366 0.690885 0.516226 0.824466 0.511237 0.863482 0.784431 0.321823 1.04975 0.480339 0.478147 0.0503134 0.865864 0.808873 0.809925 0.437682 0.83424 0.634507 0.476945 0.602398 0.172116 0.946269 0.180795 0.937913 0.598419 0.481389 0.589521 0.348089
0.978546 0.450517 0.639419 0.0568592 0.273766 0.189775 0.993305 0.529856 0.543516 0.980945 0.745436 0.920598 0.930119 0.530105 0.23635 0.690888 0.355027 0.948542 0.650992 1.14368 0.129925 0.285956 1.02064 1.09431 0.586322 0.905501 0.86124 0.607136 0.457469 0.967317 0.459059 0.345663 0.0943337 0.50403 0.635962 0.871194 0.600301 0.503756 1.08755 1.25513 0.983437 0.781352 0.62607 1.29739 1.0962 0.602869 0.265009 1.11177 0.562154 0.52785 0.740238 0.469344 1.0515 0.564163 0.308482 0.939252 0.521941 0.282613 0.162451 0.811878 1.01451 0.893666 0.546259 0.682445 0.558818 0.396055 0.375179 0.349548 0.877059 0.132277 0.969849 0.531743 0.30726 0.583987 0.143368
0.890606 0.470349 0.38735 0.31549 0.325417 0.24734 1.00009 0.631262 0.609543 0.845463 0.598746 1.13338 1.05165 0.569763 0.289688 0.793345 0.408759 0.826173 0.757362 1.03245 0.331824 0.139972 0.928228 1.02864 0.787315 0.618671 0.958353 0.62226 0.462262 1.10238 0.448519 0.327571 0.215636 0.529083 0.715405 0.780822 0.886357 0.623191 1.0745 1.08962 0.843369 0.614891 0.780732 1.25252 1.11909 0.521316 0.186611 1.0576 0.570898 0.774321 0.770266 0.508852 1.05026 0.794693 0.465327 1.09237 0.42985 0.342761 0.0335529 0.854645 0.86562 0.855822 0.629761 0.638612 0.736815 0.400724 0.385782 0.284664 0.707684 0.257015 0.723047 0.481629 0.384598 0.533818 0.165812
0.983829 0.508373 0.524486 0.127437 0.490438 0.205223 1.03213 0.432341 0.55199 0.886442 0.657786 0.977358 1.06144 0.352624 0.359694 0.588263 0.565589 0.980302 0.606048 0.911518 0.254619 0.208342 1.02391 0.972808 0.592651 0.819458 1.03577 0.776321 0.562169 1.16703 0.433903 0.11291 0.19554 0.652426 0.590036 0.799388 0.811944 0.478398 0.992364 1.22944 0.867287 0.565691 0.788396 1.05239 1.12967 0.627369 0.276504 1.1508 0.62588 0.734712 0.709963 0.499437 0.908744 0.653619 0.365419 1.08124 0.259768 0.248429 0.0128484 0.846787 0.892744 0.981757 0.335082 0.705918 0.632187 0.591125 0.564074 0.224473 0.789994 0.252537 0.809261 0.444885 0.427774 0.625777 0.182389
0.956349 0.443 0.585357 0.0649127 0.542067 0.396176 1.07346 0.542222 0.533824 0.847363 0.861304 1.03499 1.05968 0.463442 0.361256 0.610327 0.484371 0.919568 0.686285 0.946805 0.19366 0.177729 1.06939 1.06701 0.720321 0.805009 0.942953 0.843508 0.48521 1.05464 0.304935 0.371737 0.0909946 0.612607 0.648802 0.827778 0.84392 0.620203 0.926813 1.1276 0.947366 0.789029 0.698479 1.19281 1.15869 0.512533 0.194119 1.17435 0.671658 0.692092 0.770818 0.529575 1.07701 0.843045 0.21688 1.03069 0.27423 0.237235 0.0391567 0.932761 0.942033 0.805265 0.509643 0.785429 0.771398 0.518698 0.623111 0.186063 0.84174 0.275003 0.934417 0.338991 0.363385 0.566324 0.381701
0.759089 0.446949 0.676042 0.213393 0.348048 0.279779 0.960872 0.676362 0.470445 0.988131 0.704816 1.05337 0.949982 0.321315 0.222239 0.694352 0.56689 1.09426 0.782274 0.961926 0.28324 0.273037 1.1552 0.916457 0.653746 0.654204 1.01027 0.745035 0.448561 0.963065 0.449092 0.240538 0.0877831 0.527661 0.514265 0.769997 0.869464 0.741989 0.968248 0.969964 0.940538 0.680255 0.552913 1.01366 0.972889 0.739467 0.274073 1.19826 0.523379 0.637381 0.675589 0.497143 1.05243 0.622705 0.345892 1.04129 0.479386 0.324939 0.24529 1.01853 0.917501 0.745919 0.488621 0.589894 0.599551 0.50007 0.543315 0.391028 0.824558 0.215984 0.953884 0.50887 0.52796 0.359436 0.355202
0.835862 0.558447 0.517034 0.301012 0.272578 0.281436 1.16928 0.574045 0.509897 1.00658 0.607114 1.01284 1.02162 0.337919 0.462728 0.592694 0.41325 1.08983 0.707055 1.07229 0.19095 0.318634 0.965038 1.06107 0.786412 0.80701 0.918164 0.57282 0.589227 1.09751 0.586899 0.308312 0.188399 0.434982 0.60803 0.807051 0.612579 0.490043 0.921323 1.09618 0.90927 0.658844 0.630496 1.04254 1.17854 0.531422 0.166422 0.940707 0.712442 0.596409 0.587592 0.42792 1.05544 0.644278 0.410762 0.946192 0.514972 0.466005 0.195489 0.861339 0.824149 0.838536 0.602851 0.55454 0.661082 0.363032 0.604153 0.334847 0.928949 0.272105 0.854079 0.5943 0.498372 0.533149 0.380129
0.906646 0.600417 0.572738 0.0871843 0.288276 0.362359 0.904886 0.664098 0.645115 0.949417 0.686957 1.04758 1.12186 0.320244 0.257459 0.587008 0.478537 1.03438 0.775557 1.13512 0.346436 0.245524 0.924317 1.10733 0.794303 0.734602 0.898906 0.625608 0.582713 0.936838 0.382755 0.306831 0.0885112 0.379381 0.588564 0.77117 0.868932 0.651577 0.985713 1.04051 1.0064 0.600651 0.680809 1.13623 1.06188 0.691093 0.356445 1.00082 0.615013 0.756157 0.74028 0.284283 1.12712 0.769429 0.383397 1.01429 0.50885 0.518702 0.112541 1.05356 0.801351 0.884016 0.550878 0.632857 0.649211 0.582551 0.558224 0.305267 0.688646 0.253278 0.8639 0.609924 0.369489 0.613132 0.158968
0.980068 0.385567 0.532609 0.121419 0.36471 0.318507 0.988179 0.483271 0.605248 0.875343 0.638059 0.885809 0.975722 0.501815 0.453829 0.757348 0.580369 1.09679 0.742892 1.06083 0.333549 0.173203 1.10047 0.975919 0.856928 0.856839 0.877997 0.767491 0.495594 1.0578 0.354777 0.125384 0.139274 0.574832 0.557086 0.852466 0.826722 0.489476 1.21047 1.03246 0.830843 0.84271 0.561225 1.13155 1.06199 0.531026 0.243656 1.18224 0.606093 0.59378 0.73901 0.405591 1.04233 0.668658 0.493269 1.208 0.260737 0.507705 0.121992 0.810964 0.948485 0.842669 0.423609 0.54534 0.51037 0.381024 0.464406 0.235898 0.83385 0.36657 0.949371 0.469481 0.547237 0.535227 0.21501
0.806541 0.37831 0.393171 0.168954 0.513523 0.171887 1.13708 0.431279 0.385986 0.8316 0.854625 0.998479 1.10553 0.516964 0.190569 0.758372 0.513656 1.01861 0.564669 0.935319 0.186242 0.248506 1.11541 1.09213 0.743466 0.899969 1.14772 0.713694 0.426669 1.21155 0.532326 0.156507 0.132491 0.57551 0.699532 0.881949 0.863269 0.638177 1.20119 1.1317 0.774238 0.792273 0.776721 1.05338 0.988818 0.743924 0.191839 0.912748 0.506978 0.630772 0.587219 0.443198 1.05486 0.785473 0.286616 1.22805 0.365974 0.408054 0.264709 0.940102 0.748929 0.869563 0.359204 0.720359 0.676241 0.378485 0.600108 0.418311 0.881648 0.344426 0.767998 0.344054 0.395783 0.642845 0.248443
0.78716 0.528428 0.662608 0.297809 0.34823 0.122941 0.99121 0.594301 0.619775 0.785714 0.798319 0.917648 1.09135 0.404024 0.373551 0.680444 0.633921 0.922625 0.652392 0.973063 0.203961 0.36871 1.01733 0.921619 0.581537 0.681416 0.856135 0.620569 0.588941 1.13246 0.489358 0.124597 0.0789918 0.595143 0.544077 0.618736 0.827703 0.587213 1.12562 1.19248 0.842254 0.697986 0.694886 1.29125 1.02851 0.524225 0.422526 1.19795 0.55327 0.562626 0.629932 0.36504 1.11108 0.79095 0.258413 1.13484 0.347518 0.283201 0.238386 0.864246 0.8622 0.826656 0.578915 0.735729 0.732841 0.487851 0.395181 0.208116 0.827085 0.214559 0.703738 0.620088 0.51515 0.405593 0.412917
0.850157 0.421352 0.527044 0.0897838 0.460616 0.304695 1.02292 0.48768 0.416227 0.892366 0.64429 0.913714 0.992685 0.381123 0.427884 0.582772 0.595766 1.01283 0.839745 0.896232 0.162216 0.204739 0.874449 0.949201 0.843931 0.762141 1.04591 0.628419 0.559819 1.07986 0.373822 0.281857 0.177292 0.46176 0.703151 0.657372 0.813184 0.707829 1.14982 0.957694 0.858424 0.569085 0.633704 1.17043 0.957097 0.778485 0.41374 1.16862 0.697796 0.507426 0.652052 0.47028 1.09613 0.818381 0.256965 1.14953 0.497992 0.433934 0.0470605 0.866427 0.830655 0.852368 0.486211 0.736631 0.687775 0.573227 0.421907 0.250265 0.851103 0.169227 0.951652 0.511105 0.509091 0.398816 0.328446
