25 75
0.1744 0.404024 0.335365 0.771728 0.709107 0.746994 0.999014 0.0232531 1.0036 0.932889 0.683054 0.864881 0.598775 0.150963 0.972503 1.14172 0.291788 0.433669 0.163878 0.667778 1.27991 0.727818 0.787678 0.110074 0.725284 0.713273 0.735836 0.55592 0.559281 0.30566 0.741182 0.475564 0.393446 0.348115 0.542486 0.333873 0.42577 0.248942 1.04404 1.03281 1.22797 1.00996 1.07183 0.142623 1.18562 1.00714 0.803041 0.9803 1.05105 0.835368 0.659054 0.903154 1.05116 0.545238 0.452717 0.373616 1.1811 0.796557 0.379749 0.496609 0.831874 0.258215 0.398512 0.457991 0.696299 0.618455 0.933684 0.344159 1.13237 0.540818 1.02476 0.767613 0.278324 1.16899 0.575138
0.422776 0.45642 0.204637 0.559025 0.816707 0.741828 1.01333 0.242082 0.991795 0.848294 0.667122 0.64103 0.602311 0.387288 1.05582 1.14374 0.274428 0.525536 0.274249 0.582977 1.17694 0.882372 0.921359 0.167245 0.713048 0.746505 0.703263 0.488627 0.447172 0.11927 0.727706 0.560867 0.535569 0.340002 0.735321 0.385109 0.198479 0.289761 0.956656 1.05913 1.24976 0.878074 1.08169 0.222686 1.15271 1.06515 0.867196 0.888568 0.788973 0.722892 0.795368 0.887216 1.08497 0.34825 0.529182 0.560374 0.963888 0.793257 0.551431 0.439419 0.82481 0.192322 0.402172 0.463567 0.667421 0.748248 1.04202 0.328657 1.15955 0.450642 0.970997 0.776053 0.491628 1.01461 0.524562
0.182884 0.286984 0.209484 0.794848 0.590547 0.696818 1.04644 0.144462 1.022 0.975069 0.633286 0.707973 0.666424 0.402531 0.962558 0.972319 0.298079 0.50278 0.175516 0.757569 1.07588 0.74067 0.820859 0.225246 0.905686 0.740997 0.861054 0.328034 0.523424 0.296684 0.64943 0.602684 0.535703 0.26654 0.68737 0.327251 0.477261 0.472621 0.959216 0.93163 1.17573 0.871618 0.929278 0.194907 0.919758 1.04769 0.728529 0.93302 0.827746 0.727181 0.604819 1.00996 1.13197 0.529168 0.544633 0.549091 1.21256 1.06839 0.404896 0.527555 0.884611 0.362137 0.220843 0.454516 0.529712 0.858521 1.1595 0.392163 1.18413 0.528036 0.953025 0.825809 0.218897 0.944874 0.668487
0.178269 0.509894 0.281543 0.772494 0.616241 0.697821 0.93022 0.229723 0.982213 1.02763 0.53553 0.681208 0.551412 0.149209 1.02601 0.927173 0.303732 0.457277 0.206844 0.86358 1.20962 0.853115 0.885176 0.180175 0.714068 0.664554 0.831731 0.525632 0.4478 0.190907 0.797286 0.504641 0.430141 0.269713 0.532643 0.47032 0.337456 0.285058 1.03163 1.01634 1.03829 0.868247 1.04538 0.190236 0.942761 0.912352 0.73605 0.746541 0.986032 0.797356 0.603683 1.05228 1.0036 0.556946 0.444728 0.437466 1.11804 0.933326 0.517094 0.299681 0.905076 0.212508 0.339553 0.448593 0.621666 0.612939 1.03439 0.455862 1.06539 0.521746 0.973218 0.701011 0.471959 1.07628 0.570265
0.239558 0.43359 0.212222 0.527425 0.566168 0.55617 0.959445 0.179665 0.87522 1.06533 0.666729 0.821037 0.615186 0.396671 1.08995 1.0361 0.327325 0.423171 0.186069 0.678643 1.05861 0.9034 0.897064 0.3094 0.776628 0.875666 0.656251 0.331456 0.44036 0.253267 0.653786 0.495678 0.595008 0.388254 0.491955 0.513679 0.285592 0.490236 0.935862 1.11233 1.06895 1.04238 1.00932 0.229289 0.95802 0.951147 0.888366 0.917673 1.01212 0.603586 0.533286 1.12294 1.09403 0.317118 0.539973 0.516805 1.00573 1.0068 0.542132 0.453118 1.10492 0.40466 0.417669 0.353418 0.567592 0.687514 0.894844 0.379702 1.10587 0.381974 0.905799 0.891948 0.407081 1.18845 0.537092
0.4107 0.261996 0.355536 0.710236 0.839831 0.727884 1.10233 0.0624242 0.969095 1.02095 0.725829 0.761226 0.650216 0.165173 1.08047 0.857833 0.484528 0.293017 0.231385 0.667518 1.21047 0.659041 0.905221 0.321773 0.757702 0.830987 0.816291 0.345204 0.668751 0.212158 0.790543 0.347205 0.37954 0.123591 0.725805 0.496206 0.286603 0.320652 0.826748 0.968035 1.11607 1.0635 0.855391 0.141846 1.04157 0.793589 0.797199 0.684574 0.99487 0.663982 0.792967 0.948336 0.970534 0.327839 0.398391 0.535767 1.18073 0.852476 0.420384 0.374525 1.02628 0.467557 0.41894 0.421007 0.42895 0.617051 1.12859 0.417559 1.15373 0.286252 0.918002 0.837978 0.473763 0.937965 0.656586
0.145101 0.34572 0.146043 0.593831 0.726534 0.755442 0.878131 0.15596 0.874706 1.02873 0.778469 0.867589 0.812483 0.181503 1.13884 1.07114 0.327165 0.298675 0.322172 0.618047 1.19832 0.635901 0.825384 0.301926 0.721493 0.604428 0.720689 0.48028 0.419708 0.18552 0.828422 0.507073 0.440994 0.170206 0.717784 0.402744 0.189767 0.427255 0.772403 1.13235 1.20123 1.07398 0.880875 0.0682283 1.16449 0.81724 0.891261 0.801839 1.0463 0.698754 0.609799 1.05566 0.901949 0.415511 0.480197 0.39872 1.02706 0.926262 0.493231 0.345576 0.974067 0.255677 0.475888 0.561203 0.635732 0.877862 1.07818 0.528562 1.05172 0.403406 0.953365 0.77043 0.447986 1.01841 0.642626
0.387451 0.392058 0.402291 0.778094 0.644261 0.794608 0.971843 0.0358585 1.13298 0.897093 0.806485 0.707391 0.570956 0.137419 1.14047 1.02788 0.260809 0.360741 0.137516 0.860444 1.08825 0.83214 0.675786 0.108868 0.879739 0.739377 0.81902 0.323934 0.632413 0.0928193 0.821879 0.472819 0.334782 0.160662 0.511746 0.349916 0.317896 0.429627 0.822802 0.959978 1.20849 0.986007 1.10581 0.296394 1.00417 0.811936 0.85007 0.888331 0.867463 0.858488 0.737902 0.985397 1.12215 0.330186 0.547811 0.540156 1.17454 0.942521 0.423521 0.44662 0.98106 0.446828 0.414231 0.456781 0.606056 0.760062 0.88735 0.505915 1.21285 0.405301 1.03072 0.656953 0.265806 0.981211 0.651797
0.198507 0.296778 0.269522 0.804094 0.690687 0.531932 1.1387 0.224488 0.945894 1.00138 0.740998 0.701011 0.666591 0.291804 0.970636 1.10726 0.476688 0.395724 0.0852166 0.621093 1.06856 0.674319 0.786227 0.308485 0.837859 0.650742 0.767518 0.285042 0.540259 0.0976678 0.733599 0.374263 0.440849 0.365465 0.620812 0.379042 0.458248 0.501931 0.794991 1.10761 1.22722 0.984529 0.918261 0.185314 1.05876 0.909812 0.913319 0.859919 1.02761 0.745351 0.780198 0.891267 0.999616 0.418577 0.352533 0.425639 1.19019 1.03644 0.639485 0.444545 1.0778 0.251483 0.501321 0.473284 0.662255 0.866415 0.907624 0.431597 1.19764 0.503882 0.928611 0.807173 0.215381 1.01029 0.604415
0.376064 0.33061 0.2946 0.63401 0.795122 0.723848 0.894817 0.150271 0.994651 0.939926 0.824462 0.916418 0.550379 0.265353 1.05654 0.893476 0.210413 0.419953 0.186346 0.812919 1.04571 0.872206 0.799473 0.330742 0.740878 0.857808 0.748768 0.308533 0.653177 0.336876 0.649845 0.435698 0.402498 0.278148 0.694017 0.452662 0.21685 0.281641 0.779665 0.877275 1.10976 1.10907 0.874363 0.074275 1.15716 0.877336 0.923454 0.960819 0.944951 0.816032 0.781857 1.15758 1.09305 0.525552 0.45766 0.508434 1.02778 1.0751 0.452195 0.584182 1.06894 0.251292 0.492292 0.413816 0.571557 0.713671 1.12869 0.391012 1.06047 0.441256 1.14417 0.928615 0.272972 1.19395 0.601336
0.338169 0.35411 0.353103 0.625 0.834977 0.721976 1.14378 0.304371 1.05695 0.868074 0.686305 0.719362 0.59535 0.350024 1.04844 0.968798 0.448466 0.482037 0.316046 0.808496 1.03541 0.884372 0.694232 0.194183 0.879943 0.830047 0.783143 0.38195 0.426306 0.191543 0.591728 0.531189 0.318669 0.354983 0.46575 0.324432 0.389332 0.48511 0.855318 1.14426 0.998658 1.06402 0.836494 0.339295 1.00464 0.835408 0.752204 0.790688 0.997484 0.621739 0.802034 0.916072 1.05431 0.298061 0.403576 0.354194 1.18326 0.934027 0.48674 0.396723 0.919662 0.284356 0.417388 0.45288 0.582463 0.669943 1.03625 0.337361 1.02793 0.420785 1.13438 0.704498 0.293651 0.9363 0.703503
0.389666 0.275565 0.176208 0.742803 0.670321 0.523083 1.1337 0.0923816 1.15536 1.12294 0.5746 0.892132 0.65605 0.242507 1.11346 0.942072 0.218625 0.441748 0.143717 0.56869 1.18977 0.644909 0.651894 0.0522152 0.969165 0.729257 0.821433 0.50158 0.449893 0.332364 0.670353 0.554381 0.438183 0.280219 0.538657 0.462823 0.412989 0.305974 1.00974 1.11681 1.17845 0.929395 0.987251 0.128208 1.21057 0.960632 0.999657 0.696848 0.865026 0.607318 0.594195 1.06492 1.12373 0.441348 0.338878 0.414082 0.968051 0.999173 0.547072 0.498221 0.964947 0.346703 0.381494 0.352315 0.692192 0.649535 1.15694 0.295432 1.09814 0.321008 0.87234 0.690997 0.431915 0.949965 0.690887
0.389019 0.279504 0.15067 0.524309 0.648359 0.651332 0.865163 0.0277136 0.970574 1.01802 0.682173 0.795406 0.646425 0.251243 1.12638 0.990305 0.475655 0.457886 0.270411 0.569257 1.13579 0.672096 0.936369 0.213366 0.747733 0.789793 0.681576 0.322475 0.413557 0.325857 0.647734 0.404783 0.498687 0.250032 0.699553 0.485992 0.239147 0.266773 0.926468 0.914363 1.08388 1.04146 0.979149 0.227123 0.927401 1.01167 0.818128 0.793331 1.07166 0.836491 0.574665 0.927609 1.0176 0.279411 0.568921 0.435284 1.21823 0.970643 0.484957 0.56843 0.998364 0.20975 0.396829 0.620334 0.651035 0.729014 0.942726 0.50226 0.968642 0.527228 0.95043 0.696488 0.294229 1.03294 0.620677
0.251869 0.384958 0.370465 0.814329 0.697047 0.525292 0.940864 0.215941 0.90483 0.852142 0.541593 0.807461 0.721998 0.353334 0.997075 0.968264 0.314081 0.508797 0.12088 0.671103 1.06208 0.807316 0.823421 0.271872 0.790273 0.821336 0.755732 0.539575 0.516278 0.231507 0.81197 0.433005 0.606238 0.131859 0.493375 0.312002 0.417146 0.313108 0.924382 0.938227 1.12573 1.05884 1.095 0.203959 0.933905 0.801312 0.804942 0.769407 0.992459 0.76629 0.616375 1.04582 1.11773 0.383107 0.608842 0.472951 1.04458 1.02121 0.461151 0.34086 1.05744 0.301003 0.350061 0.525007 0.569825 0.894173 0.896071 0.261465 1.1544 0.543596 1.01246 0.664516 0.377806 0.987099 0.64531
0.282694 0.528796 0.260224 0.646442 0.577695 0.518804 1.13977 0.226848 0.922004 0.957764 0.628051 0.839852 0.713594 0.156047 1.137 0.851004 0.219036 0.472255 0.232106 0.784485 1.11497 0.7772 0.659821 0.123699 0.903684 0.643331 0.707603 0.477613 0.612309 0.145134 0.704611 0.422881 0.432322 0.322302 0.63318 0.55137 0.230217 0.400353 1.06076 0.970494 1.26449 1.09111 0.968102 0.147219 0.926314 0.976881 0.733164 0.896123 0.840317 0.857486 0.653529 1.10735 1.0224 0.469316 0.539208 0.525798 1.20638 0.963131 0.362144 0.490442 0.926111 0.225555 0.404423 0.362219 0.548852 0.801639 1.03319 0.267678 1.01106 0.338514 0.870228 0.745335 0.488188 1.01648 0.622098
0.21087 0.359151 0.427955 0.659539 0.65664 0.597579 0.925776 0.0701722 1.062 1.02828 0.692876 0.758271 0.762135 0.322852 1.0853 0.984078 0.44001 0.460693 0.147022 0.652463 1.10935 0.733126 0.90667 0.172474 0.74885 0.676908 0.683909 0.560792 0.396787 0.213615 0.812381 0.577639 0.486189 0.398448 0.715806 0.297654 0.274362 0.334628 0.793238 1.1567 1.09483 0.879582 1.02352 0.201029 1.09662 0.820819 0.966863 0.96893 0.938282 0.783595 0.54035 0.890269 0.900327 0.493463 0.479158 0.57629 1.08296 0.833685 0.413272 0.516986 0.814018 0.278325 0.475999 0.444589 0.551549 0.665202 1.13828 0.509153 0.965093 0.469077 0.878351 0.890621 0.245838 1.14386 0.567649
0.218113 0.442044 0.1496 0.687627 0.695315 0.562385 1.15045 0.139494 1.14538 1.00673 0.571429 0.684429 0.653312 0.243357 1.2013 0.924762 0.430279 0.564281 0.141266 0.781533 1.01525 0.700289 0.764947 0.0985253 0.775176 0.833573 0.638807 0.358585 0.506191 0.313016 0.608633 0.428925 0.600643 0.319966 0.51597 0.419755 0.447777 0.43281 1.03406 1.09752 1.04262 1.02821 1.0738 0.215213 1.0098 0.987041 0.898704 0.798675 1.01027 0.757929 0.723476 1.00416 0.940737 0.297373 0.406735 0.538747 1.01005 1.01844 0.547611 0.479485 1.02965 0.450927 0.356596 0.602638 0.710051 0.696116 1.12542 0.279521 0.988037 0.317052 1.0953 0.865899 0.501481 1.20136 0.60021
0.296504 0.423016 0.178981 0.760652 0.809758 0.510914 1.08 0.304326 0.963319 1.05676 0.751724 0.741692 0.546248 0.148781 0.998694 0.896163 0.426404 0.311389 0.210195 0.740426 1.03048 0.888427 0.721945 0.334123 0.785474 0.601482 0.751417 0.552968 0.476208 0.237305 0.811979 0.37728 0.366957 0.14648 0.73976 0.398182 0.305881 0.2305 0.896131 0.905646 1.04295 1.0653 0.9937 0.0754507 1.18425 1.04953 0.913454 0.850752 0.824408 0.764022 0.553006 0.93727 1.07409 0.282079 0.613897 0.438446 0.984849 0.828924 0.407139 0.503774 1.01464 0.391708 0.378782 0.412127 0.714564 0.881032 0.933181 0.266025 1.0257 0.387423 1.11029 0.831962 0.503305 1.13501 0.521951
0.378429 0.446252 0.360551 0.819693 0.827899 0.596169 1.06712 0.0902965 1.06374 0.837277 0.654416 0.702252 0.733877 0.307749 1.24396 1.06314 0.399718 0.410149 0.318202 0.656152 1.27413 0.711357 0.877811 0.0640729 0.845375 0.655803 0.739985 0.333358 0.546679 0.122697 0.820289 0.605279 0.472574 0.349739 0.68325 0.390138 0.408686 0.458342 0.835743 0.894133 1.18335 0.934695 0.860609 0.174952 1.03238 0.998501 0.842902 0.747309 1.07082 0.764484 0.826741 0.977066 1.11529 0.321833 0.587942 0.470968 0.973316 1.00689 0.402823 0.496187 1.04329 0.326392 0.494912 0.495731 0.444845 0.897527 0.990947 0.311599 1.16982 0.273707 0.946981 0.723147 0.241582 1.05791 0.47636
0.218205 0.464794 0.267462 0.59235 0.803003 0.661487 0.978177 0.0494737 1.01406 0.912966 0.612217 0.692348 0.598902 0.184883 1.02958 0.913744 0.400875 0.381036 0.135349 0.619492 1.23503 0.786027 0.812196 0.312357 0.754745 0.782945 0.763858 0.29878 0.595751 0.0518145 0.858296 0.601852 0.477844 0.37255 0.553323 0.380081 0.287281 0.450823 1.0289 0.984205 1.15638 1.10942 1.04373 0.181031 0.922914 0.874648 0.987212 0.83544 0.992655 0.868451 0.593998 1.01557 0.900636 0.382933 0.42578 0.407586 1.14549 1.00589 0.391982 0.544274 0.819588 0.373677 0.363364 0.475304 0.512983 0.726525 1.11904 0.446445 1.09991 0.347513 0.957938 0.818658 0.281271 1.09049 0.458436
0.248143 0.340173 0.343389 0.741977 0.577749 0.499823 0.865998 0.234384 1.02324 0.950672 0.831195 0.728118 0.649548 0.231034 0.984255 0.970072 0.226747 0.3848 0.114582 0.573952 1.16773 0.772492 0.737043 0.267474 0.907744 0.760331 0.680936 0.472919 0.469749 0.106217 0.794376 0.56174 0.583883 0.271855 0.708227 0.280697 0.411247 0.302784 1.01427 1.06726 1.13525 0.938457 0.944769 0.172552 0.934609 0.848391 0.861478 0.859257 1.0059 0.880785 0.574615 0.919544 0.898398 0.396484 0.533402 0.350301 0.93944 1.02897 0.361314 0.392415 0.929007 0.361643 0.238524 0.610386 0.644223 0.781111 0.912136 0.490575 0.990261 0.429345 1.03203 0.685921 0.251391 1.15026 0.50659
0.299466 0.433118 0.341294 0.685169 0.707603 0.568462 0.879296 0.217723 1.00951 0.828977 0.584995 0.673019 0.809425 0.401828 1.0406 0.912153 0.378553 0.505733 0.1917 0.824599 1.0003 0.846291 0.715616 0.0927313 0.756232 0.784216 0.718583 0.451818 0.378209 0.18992 0.575396 0.345484 0.421293 0.354422 0.715472 0.485529 0.362395 0.347056 0.939598 0.865054 1.26267 0.911332 0.915363 0.239522 0.953163 0.946197 0.864816 0.906539 0.95759 0.58527 0.800132 1.05671 1.14944 0.424319 0.537431 0.558653 1.21056 0.960491 0.651604 0.339822 0.80954 0.329903 0.378064 0.573036 0.583289 0.758829 1.16827 0.253211 1.09962 0.524721 1.13752 0.936682 0.336562 1.03301 0.734926
0.327703 0.46209 0.363651 0.58188 0.843388 0.685239 0.993604 0.151932 0.909892 1.00878 0.789363 0.874447 0.703898 0.316322 1.05146 0.927159 0.471503 0.417089 0.302018 0.706825 1.19082 0.810301 0.674168 0.283424 0.73042 0.758667 0.839559 0.369764 0.449371 0.118106 0.765713 0.507253 0.531827 0.296498 0.70909 0.353055 0.339451 0.394933 1.02638 1.01334 0.994064 0.937627 1.11891 0.0459342 0.992901 0.913449 0.731392 0.904344 0.996525 0.594377 0.787023 1.04735 1.10825 0.540465 0.340269 0.456091 1.0728 0.841028 0.550194 0.420406 0.86934 0.404099 0.457409 0.5347 0.475138 0.778065 0.953667 0.308962 1.17414 0.550184 0.948717 0.731956 0.300519 1.04269 0.665182
0.221415 0.26939 0.385755 0.698836 0.70214 0.516826 0.896146 0.235797 1.12381 0.897002 0.779589 0.804095 0.562474 0.409561 1.04603 1.11879 0.458936 0.286148 0.274379 0.85824 1.00363 0.79403 0.696072 0.185459 0.787995 0.620267 0.655802 0.370729 0.386212 0.287687 0.814563 0.42141 0.50646 0.359267 0.608464 0.522768 0.258034 0.25229 0.944347 0.940413 1.14185 0.893573 1.10673 0.0907993 1.13747 0.921522 0.915343 0.85956 1.02446 0.853637 0.825776 1.1064 0.882624 0.354786 0.513919 0.42101 0.924155 0.895314 0.52801 0.331831 0.815176 0.321964 0.292516 0.509975 0.447015 0.744082 0.994508 0.265602 1.02954 0.529526 0.885043 0.812316 0.414735 0.963706 0.494128
0.239533 0.513797 0.291164 0.647177 0.566346 0.585002 1.13676 0.0324847 0.928494 0.968816 0.827423 0.933129 0.600345 0.431769 1.15624 1.01451 0.230594 0.54064 0.10985 0.747507 1.12307 0.875653 0.879351 0.228832 0.783835 0.578708 0.755906 0.493536 0.446603 0.14692 0.695762 0.446559 0.399194 0.17074 0.49191 0.536468 0.22898 0.422215 0.781798 0.94438 1.22914 1.13763 1.09245 0.169365 1.16609 1.03616 0.725465 0.742185 0.859709 0.648564 0.557533 0.889326 1.13788 0.342679 0.573018 0.381419 1.05742 0.922307 0.394161 0.557159 0.850716 0.246897 0.393261 0.467364 0.721972 0.701057 1.15821 0.472467 1.12035 0.329701 1.05076 0.721118 0.312109 1.16721 0.618932
