25 75
1.00735 0.9742 0.795494 0.862929 0.537665 0.984518 0.829136 0.739976 0.517536 0.524222 0.56388 0.341585 0.69104 0.763002 0.908868 0.059513 0.2329 1.00789 0.997859 0.486502 0.242514 0.595888 0.612336 0.93759 0.310522 0.935994 1.18668 1.10373 0.68496 0.797528 0.971754 0.0473112 0.843148 1.08343 0.572869 0.171545 0.853835 0.597806 1.00576 0.260395 0.378301 1.07344 0.848446 1.13977 0.51088 0.885245 0.163078 0.285934 0.965527 0.608635 0.302341 0.245973 1.06838 0.619204 0.884778 0.985889 0.816349 0.612297 1.01067 0.35194 0.728817 0.972263 0.66597 0.43321 1.03187 0.361874 0.278972 0.773298 0.746404 1.13206 0.491972 0.75659 0.871015 0.499496 0.944946
1.00787 0.930498 0.624762 0.647958 0.585336 0.842889 0.665253 0.591127 0.576023 0.463051 0.418394 0.165362 0.504648 0.780204 0.691207 0.232753 0.117468 0.844758 0.939151 0.426755 0.304221 0.54563 0.743216 0.699991 0.27038 1.00302 1.14269 1.08058 0.67249 0.688872 0.873896 0.274231 0.895836 0.887556 0.646449 0.341328 0.902055 0.388342 1.18267 0.253873 0.320169 1.03834 0.895496 0.971954 0.478551 0.889207 0.335733 0.230242 0.945701 0.45196 0.0927174 0.48606 1.04293 0.391624 0.804116 0.945137 0.760136 0.718865 1.11956 0.38233 0.900777 0.805662 0.806269 0.40361 1.03713 0.372386 0.260931 0.709765 0.606462 1.03207 0.296209 0.666405 0.778076 0.528723 1.01967
0.900701 1.14401 0.648406 0.80705 0.486621 0.891752 0.644099 0.548481 0.59292 0.589192 0.572801 0.340509 0.725766 0.645047 0.966559 0.21343 0.313464 0.759228 1.01991 0.560529 0.0773558 0.536954 0.726724 0.787825 0.0784293 0.990914 1.01814 1.05052 0.582088 0.704339 0.917304 0.23311 0.724077 0.952755 0.69071 0.311196 1.07221 0.645096 0.959869 0.382893 0.40004 0.979257 0.900649 1.05352 0.557699 0.918178 0.221724 0.241258 1.03591 0.5482 0.296564 0.321792 0.895948 0.464998 0.866622 0.750073 0.853162 0.759547 0.892 0.45195 0.852958 0.811074 0.659557 0.458535 1.14575 0.363146 0.185679 0.972375 0.552667 1.06702 0.492354 0.651531 0.814952 0.432574 0.986183
1.07257 1.05165 0.739585 0.746526 0.564548 0.846663 0.842449 0.680155 0.523818 0.374331 0.454442 0.191953 0.639169 0.633978 0.758431 0.104692 0.357284 1.00052 1.03305 0.585974 0.342409 0.532563 0.812139 0.857648 0.322208 0.769867 1.03258 1.21199 0.794447 0.685378 0.816103 0.293848 0.742354 0.8965 0.595693 0.330882 1.09256 0.636867 1.04031 0.182285 0.253295 1.18098 1.07071 1.07787 0.683758 0.950692 0.291758 0.235099 1.00421 0.452933 0.163617 0.386831 0.95374 0.580552 0.759781 0.758247 0.841116 0.716328 0.943466 0.500672 0.679672 0.971634 0.849797 0.286527 1.24976 0.529813 0.310216 0.850622 0.534165 1.16851 0.462196 0.546693 0.826308 0.613872 0.955772
0.97886 1.04773 0.71074 0.807206 0.408976 0.824296 0.671287 0.703765 0.666312 0.513577 0.476776 0.27747 0.739419 0.890575 0.69999 0.165618 0.232058 0.83981 0.868234 0.395739 0.0733332 0.494077 0.694619 0.751779 0.150431 0.934073 0.901951 1.07915 0.703892 0.618448 0.964611 0.0796211 0.686304 1.06341 0.639906 0.238436 1.00484 0.447894 1.21046 0.412378 0.236808 1.23887 0.969893 0.88659 0.6327 0.857085 0.228853 0.208257 0.934714 0.406583 0.0544373 0.361727 0.940309 0.431681 0.721264 0.912182 0.85139 0.795897 1.09376 0.374359 0.84771 0.94932 0.70441 0.346889 1.20477 0.428621 0.316969 0.951761 0.581872 1.02169 0.308906 0.712705 0.991741 0.415156 0.970059
0.994608 0.93569 0.617537 0.869139 0.376364 0.727466 0.853357 0.677415 0.663114 0.451653 0.410501 0.325978 0.668404 0.751393 0.941961 0.0802005 0.316123 0.883871 0.858899 0.647471 0.252668 0.593962 0.652162 0.947312 0.195285 0.94234 1.10532 0.98302 0.642448 0.788858 0.739662 0.264404 0.646144 0.913001 0.657874 0.345888 0.978595 0.51395 1.05599 0.150972 0.290126 0.966868 0.91723 1.03606 0.489885 0.944214 0.0619533 0.153303 0.888554 0.448151 0.152892 0.302707 0.869305 0.641534 0.830753 0.82914 0.859983 0.697856 1.04064 0.382558 0.82898 0.753066 0.737622 0.464368 1.12364 0.349957 0.284443 0.696252 0.493601 0.99709 0.26726 0.521862 0.903191 0.548006 1.1169
0.86263 0.990402 0.698807 0.883927 0.317165 0.939839 0.798352 0.631591 0.412548 0.482105 0.475582 0.104643 0.74381 0.70916 0.978892 0.214381 0.128954 0.780666 0.961651 0.409008 0.0761976 0.738617 0.820333 0.822234 0.251832 0.969118 1.20038 1.09972 0.665134 0.779398 0.741373 0.217156 0.903867 0.830163 0.650215 0.223496 1.03582 0.466532 1.06086 0.431669 0.286919 1.16345 1.01964 1.13736 0.678148 0.833123 0.339178 0.291893 1.10889 0.605187 0.136795 0.260657 0.967193 0.59737 0.886925 0.878384 0.736928 0.621117 1.00091 0.313357 0.720388 0.945041 0.754984 0.328346 1.17172 0.533339 0.378044 0.762251 0.494479 0.943825 0.47045 0.587733 0.941975 0.444219 0.913754
1.02416 1.09132 0.793651 0.89222 0.3075 0.837537 0.601256 0.545749 0.555484 0.586662 0.36661 0.19863 0.622745 0.737175 0.85628 0.0905045 0.165256 1.00884 0.99251 0.423837 0.194465 0.536277 0.836938 0.712867 0.175451 0.953123 1.06651 1.2157 0.539772 0.690877 0.958855 0.0458555 0.704434 0.991226 0.810337 0.224508 0.856461 0.447251 1.15563 0.330417 0.35206 1.06406 1.02002 0.961396 0.501795 0.781385 0.11848 0.0752334 1.17665 0.519602 0.245145 0.250361 0.937055 0.660072 0.975307 0.979199 0.889075 0.618489 1.03845 0.339425 0.899894 0.765384 0.807887 0.457292 1.22492 0.528509 0.290993 0.853128 0.602792 0.978807 0.499811 0.739213 0.771669 0.63865 1.01598
0.858246 0.965643 0.782764 0.742669 0.321059 1.00119 0.76943 0.549277 0.672142 0.65221 0.489064 0.0858456 0.497485 0.628438 0.81771 0.210355 0.154225 0.970284 1.0313 0.374876 0.238897 0.681317 0.728017 0.7484 0.290164 0.88949 1.03309 1.19047 0.536876 0.564304 0.714962 0.155918 0.714135 1.04214 0.61807 0.283824 0.933688 0.578429 0.957336 0.314605 0.304532 1.15061 1.06134 0.896822 0.671874 0.742175 0.332984 0.0402705 1.07967 0.542349 0.0425646 0.228248 0.906747 0.405789 0.88468 0.800323 0.884727 0.814788 1.05323 0.43373 0.632606 0.924342 0.752932 0.40962 1.24725 0.43455 0.149628 0.917294 0.486854 1.10859 0.359409 0.544919 0.840617 0.579088 0.993251
1.00686 1.02933 0.615849 0.699657 0.546341 0.960975 0.746581 0.588387 0.634825 0.54249 0.473028 0.316625 0.584168 0.876002 0.877092 0.037422 0.232255 1.02473 0.78829 0.39574 0.325419 0.622188 0.616654 0.842871 0.134268 0.872856 0.918197 0.984869 0.632505 0.529768 0.961452 0.155004 0.855808 0.797952 0.559485 0.278277 1.04848 0.480001 0.972013 0.328588 0.355065 1.11493 1.04953 0.931111 0.48514 0.892605 0.130101 0.210466 1.0253 0.574476 0.18368 0.320469 0.868181 0.520377 0.695163 0.89091 0.715264 0.710061 0.912706 0.40228 0.868745 0.894209 0.723941 0.365656 1.22491 0.475798 0.153875 0.845294 0.746277 1.21695 0.363359 0.706299 0.785328 0.440431 0.898508
0.83166 0.936677 0.881232 0.669996 0.526161 0.880276 0.813449 0.67489 0.459096 0.549708 0.490115 0.141157 0.690811 0.831444 0.779343 0.135334 0.321484 0.774881 1.04936 0.350806 0.300116 0.530921 0.811237 0.847292 0.242726 0.859102 1.05222 1.15671 0.504516 0.685024 0.926473 0.222792 0.858118 0.900837 0.790899 0.410865 1.10695 0.631519 1.02349 0.405056 0.213188 1.24353 0.903055 1.17713 0.495459 0.76399 0.180526 0.269522 0.909091 0.660945 0.0562892 0.228926 0.870576 0.555506 0.83773 0.918882 0.73262 0.811986 0.932134 0.53305 0.615284 0.775711 0.583677 0.233415 1.17181 0.581994 0.200106 0.979572 0.753853 1.18862 0.478351 0.597704 1.00825 0.383225 0.878246
0.830948 0.969962 0.776537 0.69389 0.313884 0.818116 0.562717 0.712595 0.540986 0.409674 0.439691 0.103118 0.650432 0.805721 0.736929 0.316477 0.223913 0.877172 0.874593 0.57411 0.241023 0.539961 0.793768 0.728494 0.158582 1.02282 1.07496 0.972785 0.758391 0.627705 0.906061 0.147384 0.7441 0.891403 0.564831 0.281826 1.00932 0.409046 1.11577 0.218712 0.448893 1.19678 0.87758 1.11809 0.671349 0.83614 0.234134 0.131681 1.02155 0.44904 0.0490842 0.391303 1.09534 0.650486 0.978851 0.752898 0.954672 0.846726 0.994433 0.484022 0.789801 0.901608 0.644166 0.367809 0.967799 0.351219 0.264664 0.97808 0.482922 1.19492 0.304421 0.592535 0.986601 0.554305 0.981215
0.89037 1.01757 0.842506 0.799761 0.389811 0.887369 0.682557 0.561283 0.684261 0.489953 0.355882 0.323027 0.499041 0.829566 0.867893 0.187495 0.357038 0.995366 0.918748 0.356682 0.0893622 0.673738 0.894847 0.769075 0.122311 1.02297 0.947718 1.0168 0.693658 0.627477 0.707088 0.0991325 0.673535 1.05762 0.659149 0.233176 0.908708 0.549414 0.997835 0.172039 0.42828 1.18385 0.909619 1.06818 0.637515 1.01292 0.142036 0.22251 1.15259 0.408399 0.0301011 0.385081 1.01498 0.424163 0.788824 1.03458 0.808954 0.624378 1.11243 0.319192 0.723918 0.719254 0.630551 0.327001 1.1931 0.580884 0.232016 0.689698 0.616868 1.06391 0.412812 0.497796 1.02063 0.482295 1.16472
0.832539 1.00186 0.758712 0.891288 0.426597 1.00639 0.677145 0.62295 0.661917 0.365963 0.321629 0.28674 0.715051 0.653291 0.791655 0.2982 0.161663 1.04558 0.830394 0.623826 0.248864 0.749976 0.619249 0.861468 0.153711 1.04643 1.09794 1.20683 0.633493 0.510501 0.71345 0.174238 0.774562 0.893228 0.624062 0.286495 0.96898 0.56028 0.976844 0.155473 0.249854 1.16517 0.981054 1.01066 0.47798 0.82749 0.180382 0.296375 1.11031 0.629651 0.0396678 0.207076 0.867697 0.392973 0.724732 1.04412 0.909479 0.756418 1.14147 0.434268 0.756594 0.725418 0.77378 0.309062 1.05365 0.444163 0.117529 0.866757 0.695638 0.954989 0.36107 0.69192 1.01362 0.415167 1.11944
0.90616 0.920525 0.790563 0.784657 0.391887 0.922551 0.579758 0.685242 0.66922 0.602907 0.507748 0.259585 0.721739 0.74101 0.977993 0.195899 0.3795 0.817536 0.830347 0.51971 0.344371 0.771687 0.790398 0.905936 0.118959 0.964485 1.19361 1.00063 0.622661 0.70016 0.735246 0.250617 0.703669 0.825673 0.684666 0.377017 0.899939 0.602662 1.19898 0.178834 0.305339 0.981338 0.876816 1.09472 0.481559 0.822448 0.299706 0.283471 1.09353 0.601196 0.116448 0.429793 0.799215 0.416671 0.729359 0.927519 0.984446 0.777652 0.886388 0.342752 0.757158 0.742698 0.806223 0.424382 1.00082 0.362892 0.17016 0.801088 0.596368 0.983077 0.472277 0.669904 0.992924 0.486939 1.10665
0.985605 0.936481 0.720683 0.852131 0.566269 0.740454 0.690999 0.808618 0.584214 0.572018 0.450238 0.177431 0.625731 0.656398 0.781509 0.0814655 0.133892 0.992364 0.895196 0.483402 0.188547 0.714401 0.680054 0.689163 0.102297 1.02029 0.922315 1.17157 0.744771 0.741549 0.879749 0.295142 0.723404 0.884191 0.765551 0.192515 1.01987 0.455568 1.02754 0.392978 0.416322 1.07612 0.852075 1.00025 0.579136 0.872747 0.150664 0.202368 1.0416 0.651573 0.204175 0.361641 0.940672 0.495513 0.720229 0.823794 0.734151 0.847764 0.95954 0.318618 0.908251 0.898933 0.76004 0.305973 1.07132 0.498418 0.359008 0.837549 0.671977 1.17896 0.439549 0.556771 0.834271 0.368819 1.09898
0.999747 1.0207 0.797221 0.860678 0.419487 0.730661 0.580876 0.692334 0.546918 0.470246 0.574297 0.222704 0.65202 0.779908 0.962712 0.248344 0.334778 0.987498 0.900723 0.636651 0.336615 0.631714 0.682183 0.759237 0.0795732 1.03161 1.08231 1.02924 0.766604 0.5633 0.782023 0.185649 0.850768 0.977368 0.780039 0.221722 0.908558 0.612303 0.997099 0.274317 0.432036 1.08988 1.06758 1.08529 0.418976 0.939836 0.245237 0.093078 0.8919 0.498373 0.219374 0.483 0.965824 0.457887 0.826832 0.92739 0.899494 0.649035 0.998923 0.575332 0.708956 0.844731 0.810043 0.191968 1.04613 0.495318 0.137944 0.90527 0.474872 1.14365 0.31306 0.744936 1.06797 0.451059 1.16626
0.969528 0.930515 0.779225 0.677949 0.544122 0.927541 0.66673 0.607854 0.62996 0.435977 0.499539 0.0942368 0.661654 0.785737 0.703378 0.132385 0.354881 1.00784 0.912708 0.601692 0.233447 0.718958 0.654448 0.732783 0.273478 0.768003 0.955389 1.04771 0.531781 0.509623 0.859254 0.281631 0.842839 0.960756 0.676051 0.303121 0.853962 0.525621 1.12385 0.263223 0.464006 0.958058 1.03143 0.936894 0.609936 0.861571 0.274254 0.238661 0.911007 0.568958 0.235264 0.245326 0.997158 0.440955 0.752327 0.874159 0.984119 0.737631 1.13208 0.455293 0.860303 0.954074 0.722878 0.39556 1.21217 0.470316 0.363187 0.918369 0.528118 1.08828 0.371835 0.756377 0.903415 0.467675 1.03351
1.05405 0.995933 0.770307 0.739674 0.563013 0.90379 0.769958 0.544038 0.405541 0.590644 0.456759 0.353992 0.736779 0.86101 0.891708 0.232031 0.186772 0.861714 0.887115 0.504405 0.271261 0.715827 0.700692 0.897633 0.0878245 0.86173 1.01425 1.01785 0.784207 0.504183 0.774301 0.250075 0.852596 0.851881 0.612813 0.148937 0.841115 0.633662 1.19317 0.271931 0.302984 1.04716 0.841792 1.09029 0.66858 0.742939 0.232014 0.314597 1.06103 0.643211 0.241838 0.23382 1.06863 0.656759 0.868988 0.936908 0.813545 0.640768 1.09857 0.608557 0.911608 0.715633 0.729023 0.184279 1.166 0.543977 0.256136 0.819387 0.696146 1.17418 0.434568 0.494546 1.06576 0.399886 1.0023
1.05224 0.923524 0.757674 0.718206 0.549652 0.847399 0.615767 0.560627 0.691816 0.402618 0.337701 0.146337 0.740481 0.740108 0.750508 0.147603 0.350966 0.903031 1.05768 0.53513 0.183383 0.700063 0.815017 0.748768 0.0407779 1.05952 0.974266 1.1715 0.6404 0.50594 0.755287 0.188449 0.791897 1.00084 0.674005 0.266652 0.889975 0.494103 0.935397 0.345461 0.483581 1.09298 0.977973 1.03049 0.625509 0.733314 0.355369 0.173814 0.951355 0.649519 0.0388736 0.479011 0.99251 0.626277 0.826469 0.948259 0.742307 0.675393 1.08928 0.570699 0.902531 0.782726 0.698216 0.296132 1.22368 0.369837 0.296503 0.804583 0.733266 1.04524 0.28546 0.493106 0.959372 0.589608 0.974298
0.848976 1.00409 0.887138 0.758618 0.455973 0.908848 0.665505 0.614337 0.459102 0.364132 0.545369 0.140965 0.597605 0.678923 0.733111 0.237715 0.153257 0.911899 0.918549 0.627445 0.275079 0.645429 0.745596 0.956792 0.327914 0.897916 0.964365 1.14933 0.767073 0.757148 0.945969 0.271906 0.805489 0.929673 0.665306 0.321171 0.87591 0.641698 1.21603 0.228894 0.423736 1.05094 0.82197 1.12898 0.590902 0.722418 0.239765 0.0441577 1.0728 0.527368 0.114015 0.490818 1.08208 0.625913 0.717672 0.991042 0.995593 0.734173 0.878258 0.469306 0.731466 0.754159 0.815918 0.184812 1.07538 0.360855 0.150268 0.717138 0.543034 1.14572 0.417646 0.519409 0.896187 0.380357 1.06096
0.826031 1.14145 0.862799 0.793091 0.456346 0.860145 0.587806 0.558456 0.590794 0.543047 0.5701 0.125884 0.676118 0.880875 0.882699 0.125323 0.195298 0.917376 1.07242 0.419705 0.245293 0.582908 0.661224 0.908479 0.0587052 1.03278 0.946113 1.2111 0.665686 0.564467 0.836924 0.094073 0.932609 0.87603 0.622504 0.392032 0.88978 0.432169 1.00322 0.278588 0.471667 0.999946 0.952034 1.13532 0.581742 0.772613 0.209255 0.222359 1.01261 0.455264 0.275379 0.242184 0.886136 0.428015 0.809767 0.908546 0.860492 0.856919 1.08127 0.482112 0.825475 0.896858 0.824876 0.384886 1.1765 0.509074 0.225561 0.693664 0.604814 1.0568 0.489079 0.729473 0.931907 0.436031 1.11167
0.89907 1.05649 0.769817 0.922545 0.583547 0.903316 0.719944 0.765274 0.45689 0.580988 0.52873 0.244584 0.585057 0.650551 0.752426 0.0629703 0.142284 0.801401 0.960445 0.378751 0.22113 0.590787 0.862312 0.960026 0.0593447 0.953236 0.977167 1.14444 0.692954 0.743247 0.965682 0.0905694 0.699432 1.00562 0.528848 0.209344 0.875938 0.459477 1.00011 0.308303 0.231404 1.12968 0.875238 1.11049 0.455444 0.924528 0.331891 0.2053 1.12516 0.555242 0.249119 0.366651 0.880419 0.481887 0.932085 0.797543 0.782748 0.759494 0.921524 0.32195 0.895859 0.743979 0.667262 0.360199 0.974725 0.386588 0.125634 0.869267 0.72041 1.21464 0.45886 0.688673 0.813526 0.495705 1.10308
0.814566 1.15198 0.628698 0.679465 0.500817 0.828272 0.820121 0.581805 0.41936 0.541234 0.36715 0.0917273 0.497112 0.836134 0.954707 0.196399 0.239909 0.784541 0.892677 0.630399 0.104559 0.744902 0.645101 0.925544 0.113978 0.896202 1.08426 1.25046 0.720617 0.757512 0.955681 0.272856 0.927113 0.92335 0.777632 0.250516 0.845959 0.505201 1.19954 0.195351 0.430767 0.971094 0.997868 1.13465 0.674641 0.892666 0.246644 0.112153 1.02959 0.618421 0.0932143 0.296168 1.0145 0.392769 0.840851 0.915583 0.863582 0.903918 1.0877 0.42369 0.699952 0.867018 0.851006 0.306855 1.13771 0.409438 0.399379 0.820947 0.700681 1.22599 0.516061 0.74668 0.814008 0.584911 1.16403
1.05577 0.925818 0.624247 0.846188 0.315574 0.976994 0.647689 0.725535 0.465671 0.382254 0.440923 0.134407 0.519667 0.736545 0.772037 0.0771155 0.197013 0.981444 0.849826 0.461927 0.344676 0.493692 0.659037 0.882625 0.0572095 0.787585 1.16874 1.22666 0.608025 0.692145 0.995007 0.027773 0.694443 0.839172 0.755851 0.230631 0.83641 0.406897 0.940312 0.318943 0.457268 1.07701 0.903532 0.991452 0.448325 0.902947 0.286275 0.0711625 1.01229 0.580474 0.0308478 0.354321 1.01618 0.50526 0.751673 0.74902 0.719441 0.653953 0.87432 0.461223 0.632413 0.833819 0.821444 0.263675 1.10857 0.492367 0.132786 0.727768 0.589131 1.10184 0.231494 0.543183 1.02427 0.516598 1.12964
