25 75
0.952949 0.125989 0.750082 0.489705 0.919645 0.245842 0.775468 0.526836 0.595408 1.00735 0.677289 0.595035 1.02169 0.726364 1.11904 0.0562207 0.602387 1.0167 0.409226 0.953205 0.847968 0.988695 0.696608 0.206365 1.02655 1.07713 0.58524 0.872266 0.875916 0.841392 0.641396 0.821453 0.176011 0.879875 0.322606 0.132219 1.19161 0.876326 0.519337 0.496181 0.749163 0.708291 0.336265 0.065554 0.363088 0.274563 1.10459 0.857283 1.15396 0.461556 0.446621 0.710522 0.408264 0.273768 0.495177 0.794751 0.344746 0.988921 0.53968 0.44856 0.395087 0.197698 0.507421 0.234661 1.07101 0.616306 0.925572 1.20122 0.976918 0.648471 0.66295 0.333837 0.809127 1.29579 0.672792
1.05608 0.302009 0.792258 0.476179 0.674507 0.25298 0.793648 0.801128 0.630765 0.910578 0.938505 0.570423 1.05604 0.732121 0.844225 0.261107 0.588358 1.1415 0.160829 0.801505 0.860278 1.08215 0.698364 0.217627 0.946955 0.845755 0.690952 0.819864 0.801017 0.730201 0.87706 0.802604 0.123773 1.07668 0.17697 0.275545 1.23515 0.919221 0.606692 0.450187 0.680396 0.780127 0.510345 0.31689 0.12932 0.318718 1.19658 0.873161 1.19583 0.300936 0.49507 0.748898 0.478552 0.436141 0.391755 0.914122 0.283992 0.865471 0.441694 0.496251 0.36098 0.385928 0.402525 0.164147 0.919515 0.493474 0.874605 1.0509 1.02175 0.582826 0.635475 0.266204 0.918569 1.24969 0.792589
0.947279 0.180877 0.87671 0.541293 0.800281 0.418847 0.694038 0.513777 0.765042 0.980049 0.880604 0.549724 1.14065 0.663923 1.1184 0.206963 0.697599 1.15365 0.21896 0.809886 0.896561 1.19512 0.704986 0.437114 1.05924 1.05584 0.427122 0.788598 0.692767 0.629517 0.814901 0.873489 0.0316416 0.986151 0.324835 0.219641 1.19932 0.891108 0.541477 0.422057 0.693762 0.787786 0.55295 0.16411 0.173876 0.137933 1.15666 0.832252 1.21223 0.24464 0.38454 0.835727 0.609111 0.196134 0.375048 0.787281 0.395141 0.802191 0.597122 0.500221 0.139152 0.13001 0.398577 0.0780925 1.0125 0.454549 0.897871 1.01354 0.846407 0.73839 0.692277 0.385809 0.851967 1.29069 0.894179
1.18005 0.279919 0.772337 0.588845 0.858669 0.241972 0.779289 0.587701 0.790713 0.917757 0.750718 0.541512 1.16976 0.683168 0.884001 0.0685645 0.478595 1.21791 0.179197 0.952687 0.974052 1.16921 0.894514 0.281323 0.884489 0.85664 0.702773 0.890507 0.731076 0.673429 0.776002 0.631434 0.0347899 1.00105 0.234736 0.284833 1.02276 0.731371 0.767485 0.378039 0.550343 0.519678 0.29312 0.246572 0.385209 0.175327 0.934667 0.65317 1.0313 0.414009 0.539692 0.763023 0.573759 0.288017 0.59657 1.03203 0.39386 0.796536 0.440415 0.518449 0.275275 0.122744 0.552843 0.232671 0.996213 0.479738 0.7431 0.998247 0.81606 0.571365 0.786825 0.140332 0.810868 1.22579 0.855186
1.05817 0.30442 0.833952 0.651361 0.920172 0.242649 0.641683 0.570936 0.66639 1.10883 0.657093 0.749167 1.16342 0.523621 1.02089 0.270755 0.49306 0.950582 0.157464 0.814163 1.05417 1.09993 0.727297 0.411588 0.862143 0.825409 0.435359 0.901195 0.721249 0.812598 0.746138 0.628033 0.201615 0.980103 0.300575 0.188571 1.20369 0.895056 0.773921 0.573914 0.706739 0.601316 0.384038 0.303984 0.254037 0.372359 1.08481 0.743554 1.01344 0.290276 0.532307 0.79233 0.650727 0.292084 0.485034 0.944571 0.322995 0.907759 0.692126 0.468002 0.361023 0.3649 0.542132 0.135691 0.989347 0.645908 0.771659 1.00771 0.834319 0.49564 0.739907 0.287617 1.03973 1.16433 0.862429
1.07078 0.137421 0.68793 0.537786 0.686553 0.455863 0.75241 0.513505 0.845437 1.08 0.756673 0.823475 1.12721 0.564467 1.12475 0.121781 0.531049 1.14293 0.400555 0.971292 0.858778 1.19625 0.924884 0.457567 0.978879 0.880894 0.667831 0.855531 0.905081 0.803051 0.620228 0.629967 0.110757 0.875693 0.225281 0.115627 0.996465 0.943884 0.737586 0.371446 0.633895 0.761313 0.263762 0.299285 0.18293 0.121349 0.992429 0.887975 1.21037 0.430692 0.412602 0.696289 0.611082 0.233121 0.357656 0.781039 0.27136 0.931585 0.431842 0.524009 0.263447 0.265835 0.678368 0.184144 0.861003 0.440883 0.680224 1.07697 0.843253 0.711137 0.637268 0.254592 1.03791 1.23246 0.841618
0.963462 0.270664 0.931764 0.375713 0.673413 0.391958 0.81556 0.725745 0.843286 1.04965 0.819924 0.707075 1.17409 0.509433 1.08707 0.118674 0.515608 1.10105 0.16494 1.01433 0.831263 1.22083 0.666705 0.342957 0.788483 1.01547 0.470476 0.883568 0.771075 0.840744 0.78387 0.671215 0.282629 1.12705 0.307633 0.182509 0.962486 0.914868 0.593791 0.354926 0.558061 0.662632 0.523916 0.334275 0.268574 0.0944528 1.1944 0.721931 1.11315 0.326106 0.375405 0.990286 0.670666 0.37655 0.43985 0.839007 0.372181 1.01427 0.671554 0.319809 0.296767 0.274269 0.647728 0.225569 0.936907 0.564516 0.831314 0.963565 0.905434 0.741869 0.614965 0.307883 1.00302 1.14528 0.805994
0.927887 0.124887 0.778327 0.661795 0.88885 0.202925 0.680723 0.562169 0.580506 0.900848 0.899138 0.549754 1.1939 0.452032 0.923657 0.20487 0.547118 1.17933 0.222324 0.905702 1.01629 1.12338 0.899774 0.319948 0.974567 1.10181 0.546544 0.657682 0.796192 0.668869 0.86921 0.710311 0.15208 1.04849 0.228689 0.11548 1.19663 0.896396 0.718418 0.455172 0.747442 0.62275 0.433646 0.0530773 0.400761 0.287348 1.18648 0.839596 1.20066 0.49389 0.352948 0.754003 0.648911 0.45239 0.595343 0.864483 0.261978 0.868942 0.585255 0.324377 0.261027 0.132898 0.635233 0.27698 0.906916 0.665185 0.83395 1.06708 0.844674 0.487595 0.566321 0.154168 0.864591 1.24607 0.734559
1.00561 0.186104 0.786422 0.532562 0.660018 0.209345 0.781864 0.688988 0.805508 0.962215 0.692809 0.814983 1.03511 0.54994 1.00008 0.279275 0.499962 0.939548 0.404514 1.02815 1.01648 1.2197 0.861703 0.399055 0.796004 0.901096 0.48103 0.80815 0.848445 0.818754 0.832496 0.667959 0.0248494 0.992303 0.346093 0.223583 1.07178 0.940804 0.722994 0.547432 0.79851 0.520502 0.34116 0.248956 0.383019 0.149211 1.05134 0.67939 1.05841 0.404033 0.365765 0.768594 0.592963 0.271331 0.439471 1.00864 0.214564 0.734359 0.484591 0.548924 0.36634 0.270395 0.49593 0.102243 0.88156 0.557246 0.679921 1.1926 0.984525 0.658336 0.627824 0.180378 0.799454 1.03804 0.813592
0.980314 0.319705 0.756232 0.386533 0.921549 0.429961 0.672518 0.711125 0.767741 1.07693 0.838435 0.75147 1.04586 0.724496 1.01441 0.163065 0.731882 1.1024 0.352559 0.997932 0.967755 1.15184 0.781237 0.442344 1.05791 1.08707 0.432799 0.860521 0.863314 0.755744 0.908153 0.714234 0.11187 1.00889 0.413282 0.376146 0.98481 0.673844 0.482304 0.445152 0.668472 0.656751 0.389759 0.10648 0.238413 0.325207 1.17689 0.792985 1.08518 0.345737 0.550939 0.815773 0.443223 0.445278 0.552015 0.949446 0.292498 0.761371 0.642324 0.332097 0.369494 0.120382 0.580097 0.0705942 0.9871 0.565785 0.643395 1.14561 1.06696 0.523997 0.652472 0.152376 0.866722 1.22976 0.794282
1.21968 0.249191 0.909229 0.405473 0.895861 0.296961 0.780678 0.739952 0.680854 0.917519 0.744882 0.768951 0.984738 0.549892 1.00051 0.139437 0.455 1.18034 0.349995 1.07399 1.02915 0.982661 0.871137 0.267338 0.985519 1.10244 0.641512 0.887258 0.767354 0.685137 0.631895 0.690283 0.0963612 1.09882 0.304129 0.281681 1.05599 0.719738 0.621831 0.499376 0.671862 0.655904 0.356567 0.22566 0.234221 0.0933083 1.08542 0.890887 1.02677 0.500976 0.493274 0.870695 0.411759 0.247359 0.338541 0.92461 0.407971 0.973214 0.531363 0.394457 0.179129 0.348675 0.614928 0.303208 1.13283 0.493326 0.874161 0.962653 0.867897 0.569535 0.723211 0.315801 0.889982 1.05691 0.719412
0.957096 0.33018 0.742374 0.416059 0.877721 0.340495 0.626648 0.607682 0.718648 1.01151 0.867422 0.584983 0.973486 0.50907 0.985724 0.282168 0.503991 1.00182 0.286566 0.938797 0.878333 1.0254 0.920744 0.430482 1.06009 1.02355 0.426636 0.790207 0.738534 0.844628 0.726485 0.578287 0.0269351 1.04091 0.264834 0.108402 1.07814 0.8949 0.530035 0.48533 0.676256 0.738772 0.475116 0.214653 0.38176 0.0946913 0.939798 0.723572 0.975946 0.283346 0.295532 0.76142 0.475746 0.294716 0.478217 0.935187 0.394066 0.857723 0.684826 0.380507 0.156995 0.337289 0.521154 0.303251 0.874751 0.468034 0.856894 0.953484 0.966829 0.52346 0.666723 0.331071 0.813662 1.04274 0.681548
1.16869 0.231659 0.747858 0.450937 0.829653 0.219751 0.721062 0.505208 0.79853 0.89069 0.901762 0.815832 1.19335 0.484771 0.878929 0.257476 0.562174 1.20834 0.358194 0.886202 0.795933 1.15102 0.720961 0.458574 0.877792 0.989716 0.466517 0.69531 0.805562 0.63086 0.869062 0.651581 0.192993 0.935341 0.374389 0.389403 1.08227 0.803959 0.767634 0.448678 0.716848 0.76831 0.352003 0.0593988 0.255878 0.171848 1.05658 0.89959 1.1315 0.356843 0.538597 0.91969 0.398959 0.293196 0.432125 0.896571 0.468685 0.763211 0.559318 0.570527 0.270921 0.150135 0.465316 0.311018 1.00987 0.400459 0.764405 1.09589 0.789818 0.711653 0.633473 0.198795 1.03411 1.07755 0.865453
1.188 0.185665 0.862636 0.563188 0.794261 0.36565 0.591603 0.784322 0.591055 0.963219 0.883868 0.570274 1.01145 0.736522 1.00506 0.298002 0.539009 0.991858 0.218915 0.791706 0.918862 0.952208 0.635126 0.378936 0.928656 1.07063 0.706867 0.711775 0.670245 0.622213 0.797011 0.870789 0.0958275 0.918018 0.285436 0.0956897 0.97475 0.695224 0.593996 0.557887 0.654495 0.681692 0.388042 0.14678 0.157704 0.110285 1.0108 0.645236 1.16491 0.365998 0.570208 0.74943 0.480711 0.197838 0.531924 0.801672 0.410264 0.746493 0.654549 0.591112 0.159481 0.216052 0.47545 0.1023 0.938013 0.434617 0.866404 0.928988 1.03631 0.606392 0.801081 0.361058 0.922625 1.10616 0.914723
1.10801 0.389997 0.833235 0.633008 0.77265 0.278526 0.573757 0.52582 0.752127 1.0814 0.82578 0.696825 1.01691 0.736245 1.05634 0.253611 0.641689 0.990795 0.347675 0.861306 0.94875 1.2036 0.72035 0.373313 0.877722 0.889046 0.543423 0.824269 0.718326 0.769841 0.841254 0.577217 0.0719264 0.870422 0.217777 0.211379 1.19483 0.833172 0.671582 0.347954 0.627993 0.729231 0.344033 0.123964 0.333765 0.24806 1.08586 0.880027 1.13817 0.255377 0.480998 0.919602 0.39683 0.238083 0.613803 0.848183 0.457554 0.861908 0.546298 0.334646 0.385872 0.275248 0.475962 0.163397 1.10952 0.499479 0.644824 1.14069 0.807515 0.665373 0.765254 0.312003 0.831794 1.0196 0.947347
1.10719 0.178861 0.765297 0.611614 0.869804 0.460382 0.753077 0.555992 0.763305 0.937695 0.79284 0.605845 1.12393 0.622452 1.06798 0.199904 0.613965 1.21653 0.246263 0.791597 1.03668 1.00558 0.835243 0.32842 0.795701 1.01344 0.436145 0.888652 0.694486 0.787487 0.685882 0.601355 0.121806 1.0719 0.402635 0.24463 1.15755 0.7001 0.743576 0.492505 0.519136 0.686068 0.461403 0.100078 0.365923 0.101007 1.13218 0.717612 1.14552 0.473166 0.464666 0.700665 0.442234 0.311144 0.399925 1.00765 0.421724 0.842091 0.627938 0.432365 0.239249 0.22825 0.481146 0.308822 0.86119 0.478361 0.913801 0.919319 0.806672 0.495671 0.730926 0.363623 0.928439 1.03122 0.90923
1.21088 0.311745 0.805654 0.562623 0.895347 0.465552 0.595446 0.757267 0.629294 0.928563 0.753534 0.661128 0.983326 0.739405 1.10005 0.30554 0.646166 1.10992 0.291825 0.787199 0.803908 1.0368 0.762512 0.336099 0.960714 0.905361 0.648315 0.81853 0.6823 0.808957 0.810365 0.698739 0.116455 0.914405 0.370627 0.310583 1.14253 0.783718 0.689456 0.51267 0.747307 0.758965 0.47609 0.246652 0.114506 0.0954458 1.00525 0.889181 1.18111 0.331475 0.56891 0.900941 0.644562 0.380669 0.331367 0.93783 0.328772 0.790184 0.629531 0.404244 0.239854 0.206477 0.521679 0.112584 1.01523 0.57299 0.900132 0.961355 1.00497 0.727581 0.684426 0.218904 1.07153 1.10451 0.92664
0.954129 0.211216 0.673522 0.42586 0.766186 0.425667 0.775414 0.791575 0.793982 1.05238 0.654265 0.567614 1.01285 0.51818 1.10239 0.215735 0.520711 0.991046 0.262388 1.04844 0.799527 1.18471 0.884686 0.406507 0.960541 1.05362 0.565702 0.676876 0.91323 0.736118 0.87534 0.814229 0.135197 0.98284 0.336345 0.291176 1.20129 0.760548 0.573525 0.341288 0.638225 0.604284 0.345088 0.274178 0.306595 0.202405 1.03912 0.660736 1.11349 0.295998 0.452105 0.927231 0.582259 0.409675 0.600003 0.952424 0.374002 0.981987 0.706788 0.439051 0.396193 0.262588 0.633094 0.119759 1.05326 0.688198 0.730458 1.0944 0.810628 0.514293 0.768192 0.265854 0.907388 1.14133 0.77538
1.21449 0.100133 0.863339 0.584215 0.757293 0.308764 0.691859 0.759318 0.566574 1.17185 0.791699 0.734246 1.13985 0.532783 0.96803 0.269293 0.640528 1.03505 0.272743 0.791917 0.974504 0.96843 0.888855 0.325058 0.970878 0.999624 0.58167 0.685741 0.837954 0.622338 0.740211 0.703432 0.119308 1.09755 0.259925 0.124128 1.23507 0.82452 0.77583 0.316365 0.549581 0.750513 0.339985 0.0745719 0.301975 0.366845 1.20971 0.865894 1.10208 0.27174 0.398686 0.745838 0.427511 0.338042 0.507812 1.03712 0.289389 0.940636 0.594133 0.496905 0.403457 0.363647 0.627585 0.163656 1.00989 0.668935 0.692861 1.15331 1.07704 0.570063 0.807279 0.208366 1.05271 1.20591 0.89726
1.12617 0.256974 0.710942 0.654526 0.798664 0.472635 0.747737 0.578847 0.798658 1.01368 0.737004 0.826028 0.960202 0.657637 0.975591 0.170317 0.530321 1.05244 0.241471 0.997642 1.00923 0.929185 0.693182 0.42633 1.02884 0.845969 0.453987 0.915819 0.772664 0.784363 0.761711 0.613742 0.00707343 0.876665 0.427594 0.298057 0.978073 0.931314 0.563705 0.327355 0.724038 0.512784 0.301376 0.110962 0.141484 0.27585 1.07259 0.847317 1.15601 0.496299 0.456993 0.860849 0.575496 0.412143 0.566085 0.75896 0.367274 0.93912 0.508456 0.366522 0.364758 0.231871 0.485725 0.273018 0.992238 0.597646 0.748902 0.929733 0.802463 0.679879 0.719341 0.253911 1.05929 1.10115 0.82405
1.06822 0.233139 0.736613 0.617243 0.872626 0.364636 0.738974 0.670485 0.596818 1.16997 0.937914 0.745071 0.983017 0.567076 1.0408 0.169998 0.444856 1.04374 0.429585 0.821161 0.921811 1.11884 0.75206 0.306931 0.971397 0.90618 0.565297 0.750453 0.929787 0.765058 0.684255 0.862669 0.14981 1.12046 0.256813 0.325557 1.05834 0.743679 0.573854 0.584346 0.796356 0.668454 0.525566 0.219734 0.218854 0.283774 1.20269 0.889301 1.24834 0.473899 0.564833 0.894425 0.655304 0.355278 0.469042 0.898693 0.405366 0.943973 0.655884 0.407101 0.193354 0.148903 0.626001 0.196038 1.01863 0.568128 0.683389 1.05353 0.877226 0.564339 0.847715 0.161616 0.919004 1.2597 0.924078
0.96376 0.311906 0.867094 0.486761 0.902037 0.47578 0.51682 0.621531 0.765229 0.969728 0.82467 0.718681 1.12333 0.564765 1.11762 0.276839 0.672145 1.0107 0.369745 0.879749 0.969424 1.04751 0.83642 0.344972 0.963959 1.05149 0.653208 0.787199 0.763993 0.736028 0.727624 0.650189 0.0365185 0.958209 0.288864 0.115356 1.25232 0.674516 0.538088 0.539251 0.785081 0.639812 0.321675 0.244066 0.257654 0.299852 1.1166 0.803014 1.1527 0.339695 0.290966 0.88595 0.587834 0.363195 0.326097 0.754618 0.46159 0.884986 0.50789 0.321658 0.139367 0.229292 0.542992 0.135105 0.879552 0.596887 0.739783 1.19817 1.06294 0.641371 0.640755 0.198949 1.0817 1.09674 0.937659
0.970495 0.0996334 0.8817 0.546836 0.839579 0.265838 0.683053 0.560637 0.850087 1.084 0.906503 0.698839 1.01306 0.719108 1.06686 0.0661717 0.598922 0.981961 0.430108 0.902831 1.05396 0.948786 0.718719 0.205631 0.984679 0.880334 0.435326 0.881546 0.675515 0.679073 0.795148 0.708778 0.148452 1.00728 0.304327 0.284843 0.965236 0.655789 0.531013 0.485119 0.672378 0.668389 0.532287 0.300139 0.291064 0.162085 1.04154 0.631672 0.961292 0.447506 0.359131 0.726011 0.56872 0.402953 0.354142 0.975916 0.316508 0.831157 0.485966 0.391522 0.309548 0.25426 0.48844 0.0614043 0.934188 0.394868 0.669455 1.02144 0.92361 0.556244 0.769944 0.14229 0.875232 1.12644 0.713136
1.0235 0.153376 0.793056 0.546484 0.944769 0.376388 0.634557 0.678097 0.624903 1.01913 0.884203 0.73996 1.19825 0.563698 0.9026 0.0554664 0.451361 1.17991 0.439284 0.846772 0.795664 1.10266 0.676111 0.485938 0.961513 0.899528 0.550647 0.651089 0.701252 0.823074 0.671368 0.717636 0.224906 1.1053 0.430475 0.35381 1.03069 0.698619 0.56448 0.500651 0.554768 0.595076 0.40972 0.271835 0.295788 0.25354 0.95739 0.899221 1.073 0.342049 0.321601 0.71454 0.644238 0.27534 0.321298 1.04058 0.454211 0.85288 0.576988 0.575181 0.179115 0.232978 0.478745 0.308018 0.925477 0.550093 0.700258 1.02869 0.82771 0.455531 0.836768 0.170951 0.88611 1.15061 0.771636
1.02074 0.36351 0.858614 0.606252 0.869221 0.360633 0.689361 0.798893 0.707175 0.882914 0.895199 0.677644 0.953117 0.468831 0.974253 0.154762 0.438139 1.1751 0.201413 0.792715 1.00986 0.958306 0.886425 0.291282 1.03016 0.929548 0.414138 0.908214 0.944941 0.778632 0.728405 0.868148 0.0535976 1.08935 0.204087 0.324419 1.03289 0.930381 0.5929 0.312755 0.535653 0.566008 0.533049 0.123722 0.341099 0.161366 1.11623 0.84075 1.03079 0.304382 0.294943 0.825341 0.550511 0.424222 0.353729 1.01848 0.485169 0.901033 0.447249 0.594348 0.162875 0.320434 0.554937 0.184673 1.14721 0.553972 0.660463 1.04166 0.792442 0.556541 0.703383 0.201596 0.967333 1.27547 0.670628
