25 75
0.794438 0.345718 0.561873 0.723061 0.188552 0.0401409 0.919547 0.639509 0.518309 0.396013 0.781264 0.566572 1.10344 0.955729 0.402127 0.264476 0.271415 0.822973 0.346368 0.0887422 0.8685 0.662109 0.449943 0.799309 0.760194 0.884056 1.02941 0.958655 1.14852 0.700693 0.780734 0.325227 0.0631175 1.0325 0.914597 0.828818 0.573223 0.550568 0.664507 0.647098 0.608741 0.879251 0.59176 0.068865 0.637344 0.651921 1.01318 0.63196 0.757229 0.774338 0.728845 0.559881 1.12821 0.760011 0.738299 0.401947 1.08926 0.750464 0.266406 0.044339 0.46292 0.0340839 0.269547 0.81646 0.421929 1.03153 1.00666 0.818594 0.407161 0.984806 0.245077 1.24788 0.229396 0.931432 1.01263
0.734619 0.400442 0.523129 0.639633 0.183218 0.0659314 0.94636 0.543452 0.790596 0.499664 0.839785 0.694013 0.885377 0.795625 0.374204 0.283345 0.460433 0.731944 0.346122 0.236822 0.871149 0.848274 0.444249 0.760562 0.598112 0.960803 0.94775 1.02796 1.08836 0.656526 0.695957 0.412842 0.114331 0.879296 0.874286 0.994511 0.385882 0.598133 0.825654 0.489973 0.496309 0.925979 0.405446 0.0512184 0.501147 0.502264 1.18037 0.713859 0.834862 0.498931 0.926181 0.409171 1.15032 0.639611 0.561975 0.381494 1.01749 0.857037 0.222255 0.125568 0.435264 0.282032 0.220294 0.913803 0.409518 1.18372 1.11591 0.88738 0.32795 1.20841 0.524408 1.17396 0.237932 0.971419 0.872565
0.684644 0.436922 0.536421 0.462027 0.216223 0.17055 0.87107 0.600765 0.750745 0.540307 0.778122 0.758711 1.08557 0.976727 0.460583 0.400804 0.204641 0.945165 0.296987 0.158698 0.658095 0.558929 0.40059 0.658441 0.808323 1.10868 1.1097 1.2125 1.00427 0.600668 0.819449 0.278486 0.0945747 1.10358 0.75684 0.781611 0.580516 0.792074 0.855714 0.512261 0.684713 0.842886 0.381516 0.140632 0.561311 0.404475 1.20841 0.683207 0.827485 0.585033 0.902274 0.518873 0.959402 0.489908 0.723237 0.275596 1.19593 0.876566 0.39885 0.142704 0.491939 0.220438 0.419373 0.743912 0.560277 1.19224 1.11715 0.789305 0.49561 1.01154 0.495234 0.992649 0.408339 0.940034 1.00832
0.750662 0.241321 0.46772 0.466328 0.213929 0.179543 1.0345 0.754626 0.628529 0.444856 0.708775 0.515643 0.867438 0.725068 0.392533 0.172894 0.299151 0.904272 0.497779 0.265176 0.650221 0.581313 0.499653 0.730852 0.675745 0.932316 1.19049 0.918085 0.989559 0.63131 0.597934 0.279505 0.31248 0.833934 0.735787 0.889316 0.515017 0.623972 0.612786 0.510136 0.487546 0.942789 0.396989 0.244049 0.699666 0.600345 1.22498 0.617388 0.77626 0.593245 0.797803 0.467132 0.880286 0.600791 0.547638 0.389745 1.16712 0.666716 0.158253 0.0294055 0.489481 0.187503 0.206903 0.710004 0.479169 0.970882 1.02952 0.906384 0.286697 1.12029 0.298433 1.17914 0.415134 1.15272 0.803392
0.691443 0.42754 0.65292 0.597698 0.0981814 0.0200722 0.866955 0.622558 0.63925 0.471868 0.972367 0.677893 1.01238 0.927629 0.557024 0.212836 0.42383 0.750483 0.558414 0.275071 0.669387 0.734042 0.327274 0.7066 0.753251 0.880445 1.13809 1.21346 1.06602 0.685908 0.706038 0.348145 0.134712 0.816966 0.834924 0.783227 0.41843 0.609583 0.594972 0.576487 0.738546 0.833115 0.599986 0.24747 0.510672 0.633781 0.990164 0.588074 0.590269 0.561506 0.740695 0.436669 0.944446 0.726114 0.646333 0.431606 1.04918 0.782727 0.377189 0.172093 0.598785 0.0446619 0.207357 0.712563 0.351672 1.22413 0.908513 1.00879 0.270268 0.962206 0.294347 1.02391 0.41061 1.05862 0.900438
0.642301 0.318884 0.693015 0.590506 0.188667 0.0985143 0.947869 0.696549 0.81073 0.447081 0.756629 0.61785 1.14763 0.88048 0.643362 0.293175 0.219215 0.798139 0.274066 0.0823649 0.604095 0.705452 0.444849 0.808415 0.673171 1.10912 1.13025 1.03748 0.969742 0.557697 0.575065 0.343708 0.205102 0.988432 0.912056 0.886527 0.464174 0.539845 0.563826 0.723452 0.741776 0.699903 0.575243 0.272622 0.465819 0.596 0.977134 0.745339 0.772452 0.635273 0.850112 0.66288 1.05476 0.588362 0.765996 0.556596 1.09718 0.67795 0.254878 0.203204 0.359732 0.208993 0.263929 0.73359 0.549019 1.04839 0.875871 0.788191 0.408271 1.07922 0.488901 1.25222 0.322886 1.12791 0.920025
0.743739 0.209797 0.640947 0.721983 0.0705421 0.290433 0.950471 0.674781 0.647315 0.43856 0.727797 0.605497 0.934221 0.784384 0.425328 0.192346 0.350308 0.776857 0.549312 0.35934 0.740993 0.856985 0.240485 0.82616 0.597878 0.931918 1.03203 0.926939 0.922511 0.532553 0.690899 0.365336 0.0771682 0.826163 0.72927 1.06985 0.578019 0.55045 0.84266 0.61 0.602062 0.838631 0.572537 0.289574 0.547166 0.503952 1.00123 0.588255 0.683493 0.615973 0.886726 0.409757 1.06855 0.523786 0.622469 0.546566 0.941239 0.795034 0.272479 0.149296 0.449076 0.178667 0.333124 0.91836 0.344671 0.982667 1.05426 1.04923 0.373 1.22231 0.433784 1.00524 0.259588 1.07559 0.846826
0.623618 0.150071 0.590676 0.559577 0.34336 0.147759 1.03844 0.58964 0.540141 0.491743 0.930063 0.758175 1.04583 0.841269 0.39829 0.262273 0.271071 0.973976 0.466157 0.101265 0.732317 0.603289 0.296358 0.732813 0.568155 0.926985 0.92035 1.14272 0.938087 0.730173 0.684278 0.414368 0.146477 0.86633 0.860396 0.978438 0.392981 0.548467 0.786623 0.548831 0.755045 0.910557 0.59427 0.134619 0.473151 0.639317 1.22522 0.842939 0.65866 0.639471 0.68438 0.502871 1.14161 0.593873 0.721414 0.512313 1.13233 0.921075 0.349812 0.212397 0.419732 0.200647 0.309457 0.782085 0.394131 1.07746 1.03563 0.849231 0.371707 1.04109 0.35611 1.14057 0.295744 1.16148 1.0488
0.593856 0.414646 0.479379 0.662644 0.242358 0.248845 0.863044 0.775625 0.692586 0.589258 0.741122 0.77925 0.920015 0.769657 0.520045 0.209408 0.4766 0.993135 0.36912 0.129765 0.732576 0.577824 0.314914 0.848703 0.805273 0.91496 0.902237 1.13009 1.17507 0.508129 0.548869 0.479154 0.129898 1.07703 0.679513 0.810759 0.485438 0.683013 0.629583 0.693066 0.686943 0.895236 0.650968 0.0886475 0.735873 0.536317 1.20808 0.682947 0.762865 0.629292 0.712029 0.576269 0.920004 0.571597 0.758288 0.435024 1.16704 0.729235 0.342785 0.301861 0.477605 0.0656126 0.455027 0.941604 0.437018 1.06209 1.05024 0.869659 0.291709 0.977423 0.385759 0.983725 0.290747 0.986267 0.945369
0.729728 0.264288 0.520759 0.517671 0.0599091 0.00950671 0.984346 0.554223 0.556246 0.444109 0.783352 0.652446 0.977966 0.904645 0.420052 0.343737 0.334267 0.725508 0.363538 0.317011 0.829629 0.616256 0.299842 0.75871 0.605459 0.996338 1.19034 0.956194 0.962247 0.576946 0.754434 0.412271 0.103138 0.966762 0.866884 0.92822 0.41551 0.510432 0.689777 0.734296 0.515816 0.869384 0.503889 0.222333 0.623381 0.565386 1.16187 0.694752 0.698342 0.614375 0.927256 0.677354 0.901179 0.614584 0.549864 0.439488 0.985789 0.896032 0.364022 0.130928 0.466984 0.106827 0.392253 0.872682 0.386578 1.05027 1.10944 0.875009 0.300053 1.19078 0.419015 1.01145 0.300466 1.01284 1.05442
0.597583 0.273492 0.687272 0.618522 0.120899 0.0164412 1.06047 0.799745 0.547357 0.425279 0.847311 0.570003 1.10063 0.741863 0.503127 0.349581 0.205414 0.938988 0.50507 0.141358 0.633285 0.57673 0.386599 0.703657 0.724821 0.971754 1.12051 0.928048 1.0027 0.72742 0.697045 0.299741 0.181288 1.04368 0.7556 0.833439 0.443508 0.611099 0.824455 0.590594 0.620721 0.800613 0.421616 0.0679004 0.726269 0.61022 1.22265 0.709855 0.677506 0.745453 0.921121 0.421293 1.10816 0.758095 0.712266 0.343026 1.07635 0.733697 0.395558 0.0193861 0.453815 0.30598 0.311227 0.665429 0.576667 1.09071 1.00393 0.953648 0.222408 1.06727 0.493365 1.01107 0.233176 1.03643 0.954862
0.883098 0.427078 0.684264 0.457337 0.115746 0.0409113 0.974945 0.54404 0.568147 0.457973 0.747472 0.682092 1.10879 0.837574 0.521686 0.415963 0.466359 0.811498 0.292461 0.290465 0.604668 0.745572 0.379791 0.60773 0.729008 0.916314 1.11766 0.98049 0.925834 0.685352 0.828892 0.206129 0.160165 1.08188 0.89654 1.04347 0.545707 0.696236 0.766579 0.600458 0.625523 0.91644 0.636951 0.265094 0.619226 0.533753 0.945678 0.794778 0.767103 0.692333 0.89928 0.563772 0.991052 0.648626 0.585435 0.404516 1.01422 0.884985 0.238916 0.118483 0.638903 0.0854952 0.361808 0.668367 0.496446 0.961737 1.12729 0.813847 0.372138 0.949007 0.366699 0.988648 0.446808 1.17477 0.937756
0.7903 0.371581 0.557559 0.497004 0.228133 0.217602 0.895142 0.704291 0.601995 0.425872 0.943141 0.720767 0.946918 0.7359 0.399533 0.276632 0.408876 0.949373 0.387254 0.239673 0.807682 0.759647 0.509586 0.749935 0.797876 0.967091 0.974025 0.974528 1.16598 0.735357 0.647213 0.282999 0.0922611 1.04091 0.960863 1.04087 0.627485 0.730983 0.85213 0.655495 0.775297 0.841277 0.546244 0.064479 0.69298 0.462017 1.10054 0.849333 0.654112 0.696308 0.913253 0.692597 1.02561 0.694364 0.624016 0.306861 1.09251 0.9044 0.288829 0.0887252 0.608567 0.180963 0.491799 0.704701 0.48612 1.03391 0.937704 0.886669 0.494099 0.996492 0.252718 1.19035 0.267028 1.07034 0.862174
0.759059 0.306222 0.58357 0.489229 0.241289 0.0394872 0.910342 0.67761 0.790946 0.480199 0.722754 0.768904 1.03266 0.877732 0.652162 0.231939 0.463239 0.750085 0.321661 0.0777628 0.751777 0.571697 0.310943 0.565362 0.684232 1.07453 1.1391 1.02566 1.00751 0.64117 0.603305 0.423968 0.16232 0.983556 0.758025 1.05852 0.458409 0.569441 0.669487 0.658054 0.717805 0.775365 0.603825 0.176274 0.612099 0.47854 1.17343 0.669169 0.748785 0.649648 0.825782 0.478999 0.885454 0.506944 0.814063 0.554009 0.967507 0.715293 0.353762 0.263798 0.483021 0.193568 0.356003 0.898104 0.558317 1.00289 1.11865 0.992744 0.378104 1.12306 0.503089 1.03575 0.334477 1.0744 1.08246
0.789491 0.422305 0.448064 0.579961 0.199695 0.26067 0.893424 0.675441 0.600344 0.544112 0.698227 0.556299 0.969816 0.754771 0.472223 0.209386 0.270991 0.816675 0.541445 0.266323 0.588408 0.655139 0.499182 0.72393 0.664053 0.911491 0.939846 1.03271 1.13899 0.654487 0.785574 0.436485 0.134663 0.904547 0.815427 0.876612 0.479942 0.500981 0.580412 0.468943 0.600089 0.845804 0.41397 0.339398 0.644421 0.542869 1.06957 0.58861 0.669862 0.692572 0.860367 0.575696 1.1094 0.675436 0.610042 0.482959 0.987898 0.761887 0.376986 0.0336894 0.480608 0.293419 0.300375 0.691556 0.528824 1.18054 1.08694 0.954332 0.421324 1.03333 0.275263 1.1729 0.318047 1.10012 0.787911
0.843164 0.179589 0.625708 0.639498 0.29432 0.193536 0.973049 0.810077 0.682513 0.429014 0.794595 0.752083 1.14455 0.759573 0.363586 0.35038 0.41035 0.974446 0.506075 0.368449 0.685236 0.790785 0.372149 0.66858 0.667108 1.04914 0.981269 1.07548 1.15669 0.627174 0.6696 0.224765 0.334619 1.00477 0.867747 1.03838 0.557281 0.62448 0.674101 0.658461 0.572891 0.901494 0.645553 0.235291 0.540528 0.623727 1.16261 0.636406 0.794898 0.527459 0.853452 0.500478 0.858955 0.55753 0.706594 0.392924 1.17445 0.860482 0.402489 0.0873418 0.374421 0.282358 0.291557 0.764417 0.557144 1.01072 0.917895 0.850102 0.334454 1.09658 0.396602 1.22035 0.356006 0.903264 0.992706
0.815339 0.356317 0.658448 0.731986 0.346269 0.257757 0.952145 0.744182 0.626483 0.348694 0.837116 0.614201 0.971482 0.807668 0.411636 0.21659 0.225314 0.993054 0.414431 0.160953 0.85739 0.600773 0.317104 0.678512 0.661868 1.02255 1.13492 0.968373 1.1193 0.449326 0.648778 0.300225 0.249402 0.813003 0.76608 1.02338 0.48529 0.747963 0.583335 0.473017 0.508389 0.756024 0.538475 0.121585 0.550644 0.391743 1.17262 0.697122 0.710204 0.725701 0.822789 0.579437 1.03442 0.489946 0.781723 0.262914 0.983438 0.76677 0.2995 0.291172 0.486892 0.166013 0.227166 0.892159 0.595993 0.986065 1.08735 0.927536 0.304873 1.03868 0.274437 1.13689 0.405795 1.17506 0.88671
0.843237 0.23975 0.456916 0.720795 0.171359 0.26216 0.998609 0.762735 0.687026 0.565895 0.849442 0.570161 0.944316 0.882696 0.422364 0.243626 0.372941 0.948817 0.319098 0.328306 0.702887 0.665597 0.242216 0.791175 0.621311 0.854785 0.976203 0.999982 1.10814 0.612084 0.583154 0.393662 0.227453 0.973693 0.92418 1.00591 0.645316 0.780327 0.701417 0.450904 0.697283 0.721792 0.507486 0.128286 0.500034 0.425196 0.994961 0.751372 0.72405 0.625046 0.73131 0.512992 0.903593 0.61657 0.668737 0.482182 1.04575 0.817864 0.418537 0.292711 0.370007 0.234886 0.238374 0.690952 0.346153 1.05329 1.01619 0.880744 0.338462 1.06789 0.268504 1.24492 0.40008 1.1718 0.816773
0.692799 0.289232 0.486484 0.673213 0.150279 0.0673158 0.807217 0.646099 0.539109 0.576482 0.827778 0.511907 1.03723 0.918263 0.453969 0.380668 0.462246 0.85476 0.386061 0.27315 0.723849 0.816899 0.288245 0.637333 0.831977 0.883769 1.03181 0.930956 0.955789 0.543585 0.563154 0.326996 0.201344 0.928328 0.905634 0.940742 0.425916 0.51332 0.846913 0.575202 0.767222 0.826127 0.613544 0.114944 0.70356 0.443915 1.19644 0.695763 0.736482 0.645712 0.668833 0.444955 1.06568 0.600892 0.774784 0.296932 0.941613 0.894064 0.215769 0.0476949 0.590527 0.0510647 0.234144 0.794402 0.511566 1.20743 0.850918 0.859886 0.246851 1.15083 0.50351 1.17444 0.266611 1.0614 0.957393
0.690596 0.330875 0.58621 0.734179 0.326357 0.212196 0.969966 0.669477 0.783744 0.527675 0.753841 0.702218 0.874873 0.845486 0.473825 0.191756 0.354335 0.88671 0.361196 0.100704 0.7389 0.69683 0.396665 0.704526 0.649924 0.904063 1.14805 0.920547 1.08722 0.603949 0.633995 0.256116 0.118764 0.958954 0.888262 0.808593 0.374478 0.549675 0.704275 0.716315 0.601684 0.675243 0.5403 0.276033 0.707409 0.605263 1.07699 0.764333 0.650413 0.661249 0.867413 0.616677 0.879525 0.664863 0.583005 0.345672 1.17369 0.841115 0.152384 0.252527 0.409243 0.172431 0.219225 0.832025 0.533758 1.14324 0.894277 1.01447 0.264757 1.1572 0.447103 1.0766 0.501248 1.01194 0.993082
0.802737 0.299468 0.668786 0.711807 0.343714 0.23039 1.00276 0.645161 0.734295 0.50611 0.826197 0.691604 1.05205 0.981318 0.454725 0.168503 0.500074 0.906961 0.374097 0.352776 0.654175 0.6615 0.424762 0.858922 0.620293 1.05471 0.94549 1.20498 1.19713 0.487988 0.706135 0.33744 0.154754 0.823128 0.752617 0.958989 0.641115 0.618043 0.665533 0.475541 0.575819 0.713096 0.563331 0.294755 0.705099 0.53428 1.04026 0.806014 0.783328 0.686384 0.8574 0.431115 1.00895 0.685855 0.751937 0.277412 1.12089 0.879485 0.309474 0.0532396 0.551185 0.18006 0.444388 0.911417 0.457065 1.02008 0.982276 0.895724 0.259068 1.16355 0.444982 0.980714 0.343917 1.07936 0.875009
0.808502 0.392906 0.53351 0.490869 0.194743 0.288585 1.01882 0.593265 0.634135 0.50568 0.79214 0.778186 0.926818 0.767261 0.548063 0.44954 0.274746 0.867491 0.400538 0.103045 0.690806 0.639195 0.442805 0.609836 0.662604 0.867638 1.15194 0.949121 1.09346 0.576683 0.594854 0.222922 0.201305 0.918536 0.877884 0.897257 0.559191 0.571674 0.85973 0.633679 0.661645 0.796803 0.508497 0.169842 0.619872 0.614229 0.99529 0.64108 0.669295 0.753274 0.776281 0.592565 1.02425 0.710736 0.749111 0.286531 1.01109 0.790596 0.366386 0.312047 0.62924 0.295963 0.402836 0.915721 0.614445 1.11924 1.06425 0.815312 0.299459 1.17467 0.310162 1.01122 0.441845 1.03499 0.946954
0.858893 0.216791 0.581873 0.540664 0.298433 0.163267 0.990409 0.625076 0.688829 0.45492 0.98543 0.554262 1.03434 0.986156 0.382092 0.323857 0.393767 0.918094 0.465364 0.182748 0.775988 0.829673 0.30058 0.653588 0.714284 0.938299 1.1732 1.11737 0.996186 0.616288 0.594976 0.427866 0.26108 0.976545 0.695621 1.00175 0.371999 0.600928 0.812504 0.580685 0.724933 0.784778 0.505655 0.236003 0.681644 0.630925 1.01719 0.775658 0.608708 0.70672 0.885814 0.695871 0.852929 0.646345 0.546822 0.301955 1.22441 0.875144 0.41766 0.110595 0.603423 0.0855262 0.220014 0.673847 0.439359 1.19551 1.08851 0.774675 0.479145 1.21741 0.365677 1.22808 0.344392 0.955816 1.05903
0.798628 0.427762 0.520991 0.533739 0.187614 0.106785 1.04517 0.762782 0.568738 0.506999 0.848745 0.681388 1.04775 0.97179 0.520545 0.329677 0.392311 0.793948 0.310036 0.363221 0.723953 0.722283 0.224152 0.596187 0.789349 0.889918 1.0073 1.19043 0.999238 0.482392 0.613105 0.208055 0.076178 0.820688 0.699976 0.80782 0.564336 0.647674 0.722372 0.720666 0.662695 0.862994 0.411459 0.296276 0.481546 0.409264 1.09708 0.764544 0.820015 0.60715 0.898722 0.435628 0.984063 0.742231 0.649619 0.450475 0.986187 0.890735 0.338443 0.205251 0.597019 0.0490234 0.316473 0.899425 0.352273 0.953776 0.85526 0.808302 0.476994 1.17287 0.290328 1.2546 0.310543 0.930391 0.854068
0.645792 0.154232 0.536417 0.664432 0.0820496 0.0106615 1.01626 0.656023 0.788429 0.440674 0.923868 0.600924 0.968432 0.855795 0.627536 0.370487 0.214977 0.790763 0.27211 0.110761 0.676042 0.850998 0.468581 0.607018 0.60472 0.93491 1.07244 1.02395 1.01592 0.517139 0.845002 0.419808 0.316257 1.01688 0.753735 1.03709 0.355269 0.550272 0.573682 0.511534 0.738633 0.821706 0.3913 0.293871 0.731367 0.546684 1.07808 0.60614 0.57368 0.492459 0.651374 0.632852 1.03618 0.655015 0.698216 0.430362 0.981074 0.662103 0.244071 0.149234 0.414825 0.0980002 0.298708 0.902302 0.568225 1.2223 1.04734 0.769801 0.468985 1.24458 0.29207 1.18108 0.272696 1.1448 0.928215
