25 75
0.933165 0.521881 0.291839 0.336677 0.870888 0.873942 1.1406 0.18882 0.869041 0.504875 0.650249 0.857141 0.966376 0.924762 0.678223 0.914053 0.700135 1.08594 0.379766 0.208489 1.24485 0.49763 0.31432 0.331337 0.860021 1.05212 0.907203 0.958265 1.01954 0.259384 0.963432 1.09386 0.582785 0.208747 0.730008 0.966729 0.249642 0.983626 0.96484 0.693461 0.664463 0.947545 0.996202 1.03528 0.717592 0.373103 0.853614 0.288921 0.980945 0.590894 0.896972 0.784975 0.83509 0.893985 1.11511 1.11999 0.519231 0.612212 0.260789 0.285506 0.90216 0.96006 1.0847 0.427577 0.169541 0.541326 0.207713 0.513231 0.233241 0.318216 0.848284 0.80517 0.244763 1.04586 0.979417
0.724004 0.67326 0.323424 0.153979 1.00206 0.886788 1.0342 0.18358 0.889099 0.409496 0.642781 0.635468 1.16539 0.803539 0.674123 0.785797 0.700723 0.986489 0.234658 0.311963 1.18865 0.569942 0.206771 0.276681 0.768747 1.06907 0.854597 1.04269 1.08655 0.125727 1.05093 1.23375 0.647353 0.265537 0.590306 1.09181 0.0472959 0.999967 1.23618 0.7923 0.605302 1.00219 1.06803 0.948332 0.831541 0.375075 0.975593 0.0773667 1.0112 0.369845 1.05425 0.817529 0.890846 1.05631 1.11212 1.05477 0.396794 0.644232 0.215581 0.317194 1.13845 1.1176 1.0503 0.442158 0.172175 0.434163 0.426352 0.626483 0.0583402 0.110681 0.899589 0.845464 0.276794 0.957248 1.05075
0.966892 0.591958 0.527854 0.169353 0.758237 0.927346 1.02129 0.280063 0.873737 0.671274 0.632075 0.813623 0.900469 1.04781 0.53781 0.965398 0.800151 1.05295 0.239592 0.125111 1.28448 0.526395 0.124946 0.343309 0.999132 1.10262 1.08593 0.933969 1.01035 0.223067 1.21462 1.18016 0.70651 0.255268 0.641767 1.02136 0.32772 0.990766 1.17194 0.895622 0.634529 1.09227 1.0834 0.877638 0.682913 0.414903 1.04235 0.32288 1.06531 0.454431 1.01482 0.890699 1.05272 1.05202 1.18308 0.843774 0.469435 0.525794 0.193876 0.312259 1.0798 0.979219 0.874101 0.500091 0.270305 0.455505 0.313744 0.447129 0.172022 0.252 0.72544 0.986291 0.289062 0.833708 1.09465
0.728202 0.515815 0.481646 0.356787 0.840811 0.936687 1.12127 0.138611 1.09631 0.513186 0.664868 0.612061 1.13403 0.926006 0.491887 0.909384 0.652101 0.894657 0.395733 0.304002 1.20239 0.594548 0.269552 0.510105 0.780401 1.23346 0.799501 1.1197 0.895692 0.123743 1.25572 1.1607 0.699783 0.181822 0.576574 1.19565 0.12836 1.05091 1.19239 0.775376 0.576506 1.07568 1.19551 0.999029 0.752721 0.467332 0.9297 0.202795 0.944268 0.570186 1.04295 0.699405 1.06306 1.07059 1.10656 1.04088 0.604576 0.532945 0.0605214 0.41212 1.04333 0.987969 1.01256 0.454765 0.154015 0.549559 0.353448 0.484721 0.315559 0.339423 0.93392 0.690247 0.166002 1.12276 1.105
0.929144 0.653631 0.386438 0.19025 0.769092 1.1298 1.27475 0.404014 1.08024 0.674005 0.661714 0.612409 1.15499 0.915244 0.422283 0.965503 0.815395 1.12102 0.178089 0.164334 1.1388 0.547045 0.221403 0.329362 0.905734 1.06113 0.938928 1.19763 0.976194 0.163378 1.11699 1.18518 0.797614 0.28665 0.658144 1.17813 0.0772095 0.987714 1.08539 0.819471 0.644595 0.960608 1.20624 0.743819 0.614268 0.481285 1.03398 0.226482 0.909419 0.584993 1.03566 0.800106 0.990505 1.03548 1.07802 1.00624 0.40023 0.405486 0.0941402 0.472389 1.06388 0.917887 1.13062 0.465128 0.103203 0.573231 0.294088 0.447996 0.180629 0.170541 0.96265 0.779018 0.342615 1.11619 1.02342
0.912734 0.449558 0.415742 0.199077 0.916408 0.940711 1.00342 0.277076 0.997636 0.613463 0.729685 0.898281 0.948979 0.945581 0.623755 0.770619 0.828096 0.842811 0.112236 0.143669 1.00369 0.610853 0.224451 0.289277 0.981188 0.968157 0.848447 1.22817 1.09416 0.281451 1.19489 1.12039 0.641625 0.341921 0.760222 1.002 0.113102 0.812105 1.14401 0.847042 0.737961 1.0877 1.09677 0.896681 0.566894 0.481366 0.886003 0.101049 0.975622 0.472913 1.0316 0.78679 1.04001 0.932836 0.978994 1.04823 0.445175 0.502509 0.104486 0.511678 1.14982 1.09684 0.88343 0.48358 0.247253 0.430616 0.378593 0.413719 0.267132 0.259705 0.733501 0.963279 0.194591 0.845025 0.974484
0.674241 0.690829 0.29433 0.0916172 0.95305 1.05305 1.04796 0.12753 0.809144 0.422203 0.809741 0.814766 1.0376 1.05069 0.625214 1.03155 0.73944 1.08754 0.377871 0.262532 1.05946 0.425321 0.321248 0.246618 0.940809 0.947587 0.839543 1.07538 1.096 0.0326857 1.10811 1.15233 0.621373 0.261296 0.697044 0.983726 0.118973 0.920521 1.23546 0.742959 0.736724 1.08373 1.23052 0.890638 0.684019 0.323415 0.873992 0.202619 1.00404 0.414482 0.935386 0.823489 0.839399 0.968198 1.13243 1.07833 0.377022 0.667604 0.186742 0.46978 1.10273 0.892957 0.870465 0.519855 0.151747 0.372099 0.232909 0.642736 0.160209 0.104599 0.779407 0.934144 0.230095 1.0074 1.0967
0.952956 0.628667 0.521235 0.177995 0.746036 0.934466 1.08371 0.147956 1.09783 0.640953 0.753474 0.792163 0.950482 1.05385 0.554161 1.03334 0.889851 1.0544 0.321604 0.168062 1.1615 0.487508 0.149439 0.497859 0.768599 1.10377 1.05965 1.1344 0.913572 0.130769 0.976446 1.18148 0.698122 0.194695 0.540129 1.16434 0.0829291 0.812981 1.1684 0.693406 0.846624 1.04849 1.25592 1.03217 0.657343 0.363477 0.909375 0.247019 0.846034 0.550907 0.949187 0.837262 0.953275 0.995896 0.970252 1.10581 0.441417 0.602535 0.161358 0.346295 0.998886 0.886598 0.910575 0.490134 0.27017 0.330136 0.383457 0.604478 0.132574 0.376401 0.836657 0.812902 0.352449 0.935026 0.978358
0.867454 0.641631 0.436269 0.323082 1.00917 0.906932 1.11358 0.175048 1.05514 0.641775 0.668217 0.855695 1.09678 0.915916 0.698074 0.912985 0.911688 1.10384 0.253762 0.11345 1.28974 0.623499 0.16425 0.344979 0.765166 1.08555 0.91654 1.03347 1.11882 0.101955 1.20086 1.02393 0.748262 0.247933 0.610063 1.04342 0.11285 0.92509 1.13704 0.657269 0.853118 1.07585 1.15375 0.975374 0.800717 0.550224 0.850573 0.158652 0.839458 0.37218 0.9848 0.688311 0.803757 1.01474 0.90728 1.01587 0.406029 0.390026 0.104 0.369626 0.915432 1.01358 0.942852 0.418673 0.0971251 0.389994 0.314038 0.563213 0.135303 0.293935 0.968277 0.976997 0.289859 1.00341 1.12606
0.824435 0.584402 0.440853 0.145549 1.00934 0.953196 1.07926 0.164731 0.819852 0.448115 0.56969 0.875481 1.15803 1.02672 0.666914 0.906473 0.727829 1.07939 0.147497 0.121131 1.09176 0.395706 0.273156 0.414504 0.742813 1.20263 0.963982 1.08578 1.00757 0.00713789 1.12195 1.21123 0.607737 0.393209 0.670314 1.11274 0.0528881 0.94621 1.22449 0.829252 0.755672 0.975225 1.27886 1.00531 0.606877 0.528809 0.985192 0.19889 1.0541 0.609027 0.974249 0.747488 1.03893 0.983673 0.997668 1.05957 0.599898 0.424637 0.119207 0.382704 0.955766 1.10802 1.03252 0.652027 0.126206 0.530217 0.447162 0.651014 0.0956594 0.164397 0.700103 0.75941 0.325574 0.841414 1.1449
0.83825 0.580285 0.364392 0.286889 1.01794 1.11863 1.0265 0.308613 0.865428 0.439067 0.763519 0.671908 0.96696 1.04161 0.619232 0.97642 0.950349 0.923265 0.17253 0.13148 1.23961 0.591463 0.302503 0.469579 1.01451 1.03462 0.887462 1.22313 1.03218 0.0270456 1.18019 1.00259 0.73368 0.321016 0.474626 0.964981 0.292783 0.803926 1.10477 0.672023 0.635719 1.10043 1.13854 0.862169 0.663129 0.393937 0.893149 0.15489 0.895659 0.558058 0.94753 0.755103 0.907366 0.999538 1.07534 1.04851 0.328132 0.422146 0.195228 0.466495 1.12858 0.951059 1.02881 0.433963 0.153141 0.458973 0.298509 0.409322 0.119203 0.1875 0.951751 0.885862 0.278754 0.881337 0.998546
0.861652 0.637775 0.436621 0.153639 0.925409 0.996316 1.01425 0.39093 0.910809 0.427014 0.560381 0.824978 1.09283 1.07381 0.434956 0.897883 0.905098 1.12292 0.11344 0.268923 1.20235 0.475628 0.286851 0.315496 0.835222 1.23037 1.07363 1.11226 1.0511 0.295708 1.11674 1.14793 0.593721 0.396278 0.741483 1.1074 0.245348 0.897729 1.21277 0.762921 0.723079 1.19162 1.18749 0.977203 0.781575 0.486426 0.876593 0.0642488 1.04722 0.636045 1.05504 0.829197 0.867522 0.988627 1.11972 0.940503 0.622596 0.649546 0.308705 0.371479 1.02488 0.968694 0.867946 0.599517 0.0918665 0.45167 0.261496 0.399971 0.133141 0.261592 0.990242 0.700162 0.126548 1.10707 1.11264
0.862981 0.559106 0.439439 0.25128 0.988615 1.11611 0.988481 0.295434 1.08458 0.529129 0.590845 0.775396 1.09844 0.818893 0.626432 0.838095 0.743809 0.977049 0.303377 0.277067 1.0926 0.531159 0.294313 0.443926 1.02853 1.18851 1.00042 1.18914 1.1409 0.274936 1.19052 1.16801 0.715457 0.240324 0.588119 1.0499 0.0755229 0.781937 1.23919 0.745006 0.722046 1.01965 1.14758 0.992738 0.606482 0.580413 0.905246 0.201866 0.989784 0.61979 0.975143 0.783214 1.04139 0.955026 1.16038 1.12274 0.521653 0.49652 0.252815 0.337757 0.906583 1.0676 0.935699 0.52912 0.0289421 0.440416 0.264576 0.415468 0.109424 0.154423 0.905195 0.970851 0.260254 0.980206 0.92016
0.747389 0.502132 0.422743 0.187727 0.785278 1.04763 1.0536 0.23738 1.01005 0.450783 0.672802 0.618105 0.936622 0.973818 0.60094 0.814117 0.940325 0.929708 0.331527 0.0728295 1.24682 0.38337 0.0752323 0.491176 0.852702 0.97477 1.06537 1.15753 1.02491 0.20847 1.17387 0.987574 0.60243 0.319476 0.668355 1.11953 0.0913534 1.01516 1.09646 0.755303 0.603813 0.986952 1.20943 0.931434 0.829804 0.558697 0.973164 0.148649 0.950468 0.626879 1.06045 0.772879 0.972113 0.879831 0.905965 1.0766 0.424809 0.535447 0.121489 0.468725 1.13103 1.01399 0.936642 0.621673 0.10971 0.596384 0.26057 0.464253 0.222381 0.293678 0.972377 0.698272 0.220858 0.861597 1.20231
0.72148 0.694209 0.522163 0.313526 0.947418 0.988105 1.1804 0.346414 0.903289 0.524865 0.747846 0.753932 1.03663 0.975149 0.46029 0.891632 0.657717 0.973503 0.155353 0.313736 1.19442 0.488521 0.16143 0.520735 0.861976 1.17706 1.08807 0.968453 1.16495 0.068447 1.11658 1.1327 0.59321 0.296055 0.616356 1.07278 0.217483 0.869161 1.22213 0.750069 0.796075 0.952784 1.10732 0.889338 0.675571 0.412357 0.816405 0.169297 0.87688 0.432425 0.850165 0.764008 1.00365 1.15172 1.15456 0.900385 0.39803 0.669692 0.137024 0.41595 0.96911 0.993354 1.10285 0.589083 0.176276 0.390605 0.271624 0.666651 0.276708 0.11987 0.953103 0.819436 0.244878 1.06916 1.18077
0.921895 0.53559 0.53895 0.12866 0.93568 1.15016 1.20969 0.324525 1.0277 0.587413 0.748729 0.668195 1.00829 0.790595 0.588938 0.875025 0.836563 0.884004 0.379322 0.178313 1.22247 0.51153 0.286682 0.48306 1.03609 1.113 0.856294 1.06656 0.941519 0.184567 1.15767 1.10828 0.834033 0.216495 0.498718 0.991882 0.0489095 0.965285 1.02142 0.719329 0.744394 1.13182 1.06889 1.02586 0.763076 0.327972 0.853213 0.180239 0.898193 0.587274 0.96509 0.823279 1.01744 1.04298 1.17592 0.899391 0.56713 0.55526 0.321 0.26338 0.928213 1.06798 1.09936 0.642251 0.312273 0.398193 0.301204 0.472101 0.0492269 0.193574 0.83713 0.805744 0.213393 1.06098 1.0864
0.843087 0.450066 0.47296 0.347827 0.970417 0.866427 1.24885 0.329064 0.891719 0.584424 0.758024 0.864197 0.953759 0.801173 0.702861 0.870157 0.918676 0.928293 0.197386 0.06596 1.25901 0.572004 0.240978 0.301655 1.03172 1.03712 0.893519 1.10177 0.986603 0.162937 1.10485 1.17604 0.554235 0.230462 0.694604 1.22411 0.115171 1.03594 1.06151 0.91197 0.690929 1.18176 1.23735 0.790467 0.642074 0.311968 0.843397 0.258837 0.810597 0.62823 0.885438 0.665559 0.895975 1.09037 1.16351 1.01324 0.521429 0.426406 0.232469 0.222384 0.880396 1.0555 1.12017 0.555426 0.026903 0.401214 0.241946 0.433984 0.0950245 0.231678 0.948216 0.959014 0.194156 0.911995 1.14151
0.91777 0.609784 0.416799 0.0849183 0.879572 0.885565 1.19039 0.222913 0.828104 0.533758 0.557152 0.867084 1.15153 0.846995 0.491146 0.75068 0.909928 0.897342 0.369291 0.247433 1.02315 0.556849 0.12442 0.452801 0.953424 0.951931 0.873457 1.00541 1.03292 0.277629 1.18035 1.05466 0.832216 0.385299 0.629069 1.1857 0.174518 0.928766 1.15147 0.727694 0.762558 1.13858 1.26548 0.768309 0.793387 0.484802 1.08958 0.213782 0.968775 0.422948 1.04052 0.605053 0.888568 0.964646 1.19043 0.845418 0.4052 0.466045 0.0613001 0.416214 1.01691 0.929467 0.912346 0.570489 0.147342 0.498682 0.32546 0.568507 0.0448963 0.385837 0.838022 0.882625 0.185777 1.03169 1.17379
0.755782 0.591539 0.419512 0.259782 0.925477 0.8644 1.06857 0.283143 0.833311 0.618172 0.740274 0.623229 0.891778 0.964175 0.597274 0.862759 0.860961 1.05051 0.140884 0.324454 1.13374 0.575065 0.277699 0.437951 0.737032 1.13408 0.828146 1.20217 0.901518 0.100693 0.989608 1.21499 0.750821 0.298657 0.560141 1.08589 0.235108 0.858707 0.999275 0.759061 0.811275 1.05981 1.26442 0.850625 0.63078 0.578944 0.895374 0.114978 0.97628 0.54714 0.968981 0.708503 0.901302 1.04039 0.996741 1.06306 0.409335 0.416286 0.111097 0.489808 0.986131 0.856819 0.914946 0.654452 0.196649 0.394853 0.241852 0.603439 0.0944774 0.22719 0.779701 0.722282 0.221368 1.10624 0.947996
0.740217 0.619136 0.470213 0.211584 0.745119 0.924913 1.13467 0.407801 1.04242 0.540563 0.734988 0.820897 0.989265 1.02271 0.69333 1.02579 0.764187 0.908266 0.306953 0.211431 0.994184 0.640984 0.217877 0.356463 0.978778 0.961189 1.04778 1.04909 1.00997 0.257448 1.25091 1.12553 0.591542 0.263304 0.548096 1.1098 0.226542 0.815375 1.08269 0.867168 0.678306 1.08041 1.12649 1.0103 0.655106 0.568062 0.939645 0.140262 0.938724 0.536399 1.00622 0.712781 1.07387 0.939319 0.909041 1.13226 0.458593 0.537866 0.068987 0.479482 1.02224 0.992392 0.887625 0.562416 0.0316766 0.374663 0.360157 0.636624 0.290655 0.354109 0.706638 0.687082 0.178606 1.05787 1.1247
0.934748 0.733103 0.506573 0.168255 0.802111 1.12771 1.0533 0.181743 0.849829 0.474956 0.584586 0.631441 1.06358 0.87547 0.617073 0.789894 0.892963 1.07562 0.362824 0.346901 1.23552 0.656871 0.160122 0.409824 0.754478 1.04394 0.880665 1.08846 0.969781 0.0920157 0.985309 1.15134 0.755341 0.224187 0.703013 1.20944 0.239887 0.794368 1.02503 0.804154 0.688731 0.975375 1.02537 0.752537 0.779303 0.454348 0.981636 0.140435 0.898189 0.535671 1.00557 0.59593 0.895346 0.988343 1.18347 0.920365 0.409606 0.565993 0.225225 0.293517 1.12095 1.12528 1.00928 0.511216 0.111973 0.552581 0.29693 0.56884 0.134162 0.189764 0.989416 0.769919 0.299948 0.930587 1.11363
0.793394 0.645732 0.259598 0.303073 0.973909 1.0002 1.05786 0.218621 0.822879 0.617667 0.819148 0.792023 1.15937 0.942648 0.604477 0.894479 0.765595 1.08513 0.147291 0.281019 1.11998 0.535455 0.226921 0.392294 0.771179 1.19194 1.05932 1.01802 0.893925 0.227177 0.989281 1.17386 0.562334 0.40833 0.694191 0.96735 0.161598 1.05282 1.2355 0.707754 0.647662 1.14172 1.02843 0.746322 0.545186 0.535085 0.932292 0.138255 0.833121 0.502641 0.812591 0.612876 0.826144 1.06619 1.03225 0.920137 0.459932 0.484668 0.194694 0.459814 0.913625 0.956977 0.863599 0.424909 0.080068 0.417278 0.403793 0.505808 0.161602 0.114609 0.782656 0.958976 0.298652 0.906314 1.16977
0.727188 0.566104 0.466199 0.307803 1.03049 0.860332 0.997766 0.233263 0.957365 0.668609 0.566363 0.88971 1.17676 0.787204 0.565903 0.749965 0.709327 1.10979 0.328422 0.305507 1.19885 0.497644 0.104216 0.477468 0.799957 0.99527 1.08579 0.945745 1.15683 0.0106018 1.18768 1.11165 0.643584 0.257582 0.712235 0.959389 0.248291 1.04369 1.23665 0.622377 0.853104 1.04022 1.23205 0.97666 0.657338 0.376673 0.884545 0.305623 1.09341 0.426732 0.838834 0.842842 1.05131 0.979055 0.973546 1.02357 0.395513 0.444725 0.180146 0.323398 1.15529 0.847629 0.989638 0.447966 0.216964 0.390323 0.271714 0.419955 0.200605 0.30691 0.994039 0.759801 0.0937919 1.05075 1.00069
0.930727 0.625792 0.320263 0.211947 0.816097 1.14156 1.01889 0.246411 0.954491 0.477132 0.783673 0.673005 1.07178 0.873859 0.681132 0.863604 0.767777 0.839835 0.223114 0.193178 1.0003 0.479844 0.153106 0.339282 1.00692 1.21078 1.08879 0.969541 0.889675 0.274597 1.13706 1.12088 0.723702 0.414323 0.616044 1.23326 0.313006 0.974338 0.97537 0.784314 0.597332 1.06569 1.18003 0.777556 0.77987 0.375742 0.897623 0.0952045 0.913546 0.662615 0.893842 0.747984 0.955541 1.08935 1.06518 0.936688 0.376377 0.387304 0.245363 0.400954 0.940434 0.909205 0.979831 0.536697 0.207245 0.429756 0.207967 0.615527 0.132648 0.154001 0.986153 0.804858 0.191742 1.11704 0.9812
0.856728 0.512353 0.251865 0.133203 0.855839 1.1298 1.00668 0.327016 1.05343 0.585523 0.824083 0.85544 1.1507 0.838862 0.671466 0.928341 0.87545 0.887643 0.25877 0.158353 1.1687 0.445609 0.165807 0.273404 0.914192 1.12588 0.889187 1.00403 1.10159 0.207721 1.13754 1.20334 0.746067 0.210022 0.539521 1.08909 0.156409 1.02536 0.971723 0.754204 0.766549 0.986727 1.06738 0.838053 0.806626 0.321019 1.0555 0.114306 0.93415 0.391545 0.891659 0.852895 0.784433 0.895922 1.19731 1.02201 0.539543 0.668255 0.167051 0.389065 0.938865 1.04125 1.01504 0.486594 0.205067 0.385333 0.313675 0.596016 0.0880323 0.324688 0.880173 0.900897 0.340235 0.912588 0.910724
