25 75
0.660549 1.10683 1.0139 0.232284 0.404296 0.193117 1.22006 0.414063 0.941631 1.17252 0.575083 0.579775 0.676309 0.253192 0.964626 0.545045 0.553191 0.816675 0.971371 0.745694 0.742523 0.51212 1.03137 0.722523 0.593125 0.865398 0.742644 0.47259 0.747813 0.795697 0.939983 0.278339 0.251862 1.25213 0.849368 0.39381 1.1205 0.464961 0.705607 0.655606 0.358919 0.795991 1.03676 0.448644 0.70329 0.443668 0.794418 1.15143 1.02723 0.916368 0.613558 0.775568 0.984115 0.841279 0.926774 0.623947 1.09494 0.377862 0.987487 0.706656 0.820264 0.549379 1.05327 0.44255 0.142665 0.491704 0.257221 1.04762 0.477338 0.602666 0.81389 0.0801107 0.258191 0.228853 0.67627
0.580125 0.945133 1.09575 0.208447 0.193621 0.150031 1.18461 0.409501 0.919498 0.962739 0.562849 0.546992 0.632114 0.312415 0.950187 0.340701 0.51854 0.798903 0.984056 0.58296 0.72234 0.597065 1.13972 0.732331 0.449815 0.823238 0.755715 0.369776 0.761132 0.901698 1.16389 0.0903716 0.352131 1.17075 0.817294 0.56853 1.00838 0.34392 0.655057 0.602053 0.419748 0.909968 1.01309 0.373083 0.564971 0.409807 0.958179 1.13997 0.891839 1.19073 0.773768 0.681738 0.923365 0.805843 1.13562 0.763984 1.04502 0.307756 0.954728 0.483139 0.778299 0.577342 0.998525 0.691477 0.144059 0.386364 0.216083 0.942672 0.453328 0.440394 0.970121 0.196188 0.276559 0.113152 0.600546
0.667288 1.18803 0.867777 0.183314 0.279492 0.32992 1.16748 0.667709 0.845273 1.05162 0.665013 0.487775 0.79056 0.224661 0.818696 0.341047 0.63439 0.910046 0.827417 0.767914 0.894528 0.479566 0.99945 0.576316 0.536477 0.716711 0.759094 0.373751 0.754465 0.79363 0.982452 0.204567 0.175691 1.04752 0.756854 0.49595 0.887283 0.471053 0.562905 0.461523 0.412673 0.876078 0.834068 0.573753 0.57844 0.333447 1.0848 1.11803 0.974657 1.05667 0.625635 0.613384 0.849366 0.659907 1.06113 0.668129 1.27021 0.202631 0.757844 0.590374 0.92803 0.605842 1.02389 0.599268 0.377196 0.67283 0.360376 0.909047 0.444101 0.548738 0.996081 0.345461 0.407227 0.309115 0.571876
0.775073 1.05458 0.919837 0.17635 0.379194 0.235461 1.14797 0.491622 0.920969 0.932197 0.548517 0.376186 0.755755 0.074716 1.02095 0.473083 0.428218 0.788217 1.0368 0.630258 0.855314 0.654909 1.13517 0.746785 0.538606 0.740903 0.747313 0.332037 0.673025 0.906374 1.18784 0.142132 0.0917499 1.08532 0.751823 0.340499 1.07474 0.28418 0.681803 0.650085 0.470803 0.717997 0.942713 0.627969 0.60548 0.496521 0.904954 1.02296 1.07694 0.951949 0.604868 0.840112 0.960447 0.794749 1.05603 0.684026 1.27164 0.267455 0.933669 0.595044 0.816715 0.590678 0.963724 0.650941 0.30597 0.467215 0.382897 0.810984 0.520638 0.60684 0.956879 0.290103 0.271666 0.282286 0.655458
0.651495 1.21306 0.826336 0.278723 0.165201 0.379195 1.04676 0.558556 0.751502 0.997438 0.768606 0.517477 0.71418 0.193434 0.812551 0.470885 0.619606 0.841858 0.885549 0.757346 0.888822 0.716026 1.24255 0.479 0.607239 0.90789 0.679857 0.37088 0.789971 0.724661 1.22482 0.219405 0.324116 1.09711 0.764596 0.45968 0.851068 0.243526 0.681972 0.504407 0.381484 0.871462 0.950697 0.420641 0.730192 0.210464 0.985011 1.10276 0.961154 1.18914 0.665508 0.620898 1.00793 0.709525 0.968059 0.881157 1.24268 0.160403 0.811671 0.566398 0.956106 0.691564 1.17069 0.477764 0.406711 0.642669 0.337376 0.880675 0.481845 0.468349 0.897049 0.0855365 0.246661 0.312939 0.564134
0.562988 1.00402 1.01797 0.196888 0.306538 0.287438 1.05827 0.469496 0.972322 1.19228 0.766062 0.522431 0.814179 0.347228 1.01269 0.474253 0.479571 0.916034 1.0368 0.695938 0.726945 0.649857 1.23599 0.620908 0.396936 0.811563 0.857245 0.466399 0.75618 0.87268 1.01889 0.098799 0.305107 0.987271 0.919239 0.483394 0.926335 0.4231 0.665684 0.575938 0.426576 0.80721 1.00983 0.436893 0.651645 0.417214 0.891389 1.09395 0.907994 0.907697 0.684428 0.67478 0.937979 0.860862 0.973042 0.845846 1.03359 0.348764 0.860224 0.611425 0.806635 0.573117 0.992632 0.457943 0.363328 0.562797 0.297309 0.815657 0.338724 0.624592 1.05282 0.149235 0.383209 0.184342 0.731022
0.51914 1.02453 0.959485 0.15051 0.42544 0.229321 1.04143 0.608973 0.995758 1.00988 0.569656 0.611591 0.690798 0.1376 0.869594 0.381901 0.699982 0.856612 0.983104 0.757988 0.724277 0.65381 1.12168 0.680056 0.412899 0.827462 0.845963 0.570581 0.808133 0.662933 0.995724 0.279807 0.284676 1.17576 0.826102 0.331111 1.08175 0.426825 0.604015 0.468904 0.29033 0.969715 0.892101 0.52183 0.713768 0.310287 1.06187 1.19622 1.04248 0.986835 0.828608 0.798326 0.947732 0.625098 1.0434 0.807703 1.07643 0.324699 0.840251 0.517428 0.714223 0.517894 1.05978 0.534336 0.422335 0.586523 0.427702 1.02505 0.249383 0.546154 1.10207 0.258356 0.437854 0.251033 0.65538
0.639947 0.94775 0.80573 0.153511 0.208989 0.342027 0.981893 0.415431 0.950256 1.08993 0.673411 0.45201 0.818651 0.303185 0.959614 0.43436 0.605155 0.7708 1.01991 0.5536 0.892554 0.717723 1.08005 0.741675 0.588241 0.743373 0.775909 0.440648 0.565342 0.83367 1.19479 0.262076 0.180347 1.14576 0.839486 0.556683 1.12696 0.363849 0.680866 0.579414 0.326503 0.768108 1.00047 0.615291 0.612275 0.469669 0.881589 1.08202 1.00196 1.18564 0.744744 0.679063 0.898769 0.881438 1.07364 0.714193 1.1813 0.235687 0.909131 0.705624 0.915402 0.760568 0.95715 0.509295 0.412102 0.558199 0.394756 0.788739 0.389354 0.592789 1.00181 0.0751107 0.419472 0.246959 0.656153
0.694262 0.971662 0.83313 0.17044 0.417207 0.331306 1.22079 0.624436 0.798036 0.963749 0.672245 0.432613 0.662818 0.0697705 0.917306 0.268924 0.545975 1.00517 0.832805 0.557327 0.737524 0.59382 1.19861 0.528707 0.615586 0.779794 0.759323 0.276993 0.690407 0.745351 1.10245 0.189073 0.349581 1.1878 0.832316 0.535989 0.952574 0.490563 0.732193 0.473741 0.51198 0.851326 0.95679 0.625533 0.630233 0.456556 0.870758 1.1707 1.10472 0.991289 0.812728 0.76809 0.841167 0.84707 0.961742 0.736562 1.15742 0.111878 0.879471 0.644261 0.838981 0.498417 1.13582 0.568111 0.427786 0.488593 0.356245 0.825809 0.506728 0.560413 1.00702 0.22491 0.428285 0.17398 0.696893
0.670027 1.16519 0.899209 0.344757 0.277283 0.382442 1.05147 0.562598 0.96953 1.07938 0.606744 0.419772 0.762908 0.352495 0.944062 0.420987 0.67147 1.01744 0.801568 0.563579 0.850573 0.564111 1.16263 0.651551 0.442603 0.771556 0.8473 0.43425 0.706973 0.815106 0.97659 0.264035 0.2826 1.20682 0.780258 0.355208 1.03335 0.403285 0.736694 0.576386 0.471563 0.729177 0.816246 0.541393 0.728065 0.229477 0.831036 1.09688 0.974311 0.894402 0.694486 0.675962 0.986905 0.712884 1.13715 0.816223 1.11142 0.159124 0.787281 0.731347 0.722864 0.59462 1.11003 0.726901 0.142924 0.57985 0.427259 1.05184 0.50496 0.586526 1.05024 0.11945 0.424609 0.206059 0.737615
0.56615 1.06718 1.09951 0.296388 0.280833 0.242638 1.2106 0.602062 0.733108 1.00339 0.804693 0.545132 0.634185 0.184227 0.882515 0.357821 0.679785 0.892113 0.812038 0.693569 0.883226 0.479691 1.08827 0.471938 0.618551 0.80646 0.941789 0.434452 0.786909 0.685929 0.967766 0.199402 0.121411 1.26265 0.963076 0.356465 0.914296 0.278669 0.597762 0.512982 0.420431 0.92471 0.831577 0.615416 0.727955 0.415011 0.802724 0.998054 1.00628 1.07418 0.701406 0.763772 1.03373 0.732204 1.14062 0.595369 1.25143 0.108877 0.823267 0.62327 0.682454 0.581732 1.04598 0.467482 0.42746 0.505158 0.318356 0.787543 0.328655 0.687519 0.816195 0.350892 0.406338 0.328921 0.726185
0.605712 1.0648 0.953005 0.328675 0.375077 0.146629 1.23424 0.421629 0.774502 1.03583 0.669826 0.540045 0.845859 0.178788 0.954479 0.417819 0.50363 0.775478 0.913003 0.694342 0.76816 0.464808 1.26902 0.720012 0.515984 0.76269 0.781605 0.523913 0.646334 0.812754 1.08718 0.17444 0.263196 1.0869 0.983617 0.406821 0.956692 0.271238 0.802597 0.536442 0.319689 0.878456 0.937007 0.484581 0.788351 0.473383 0.810694 1.17866 1.13912 1.13779 0.754682 0.595223 0.95727 0.689212 0.983502 0.764102 1.12004 0.327183 0.764657 0.621093 0.747593 0.761721 0.974409 0.53733 0.223415 0.628632 0.238012 1.04668 0.276296 0.641898 0.849064 0.170977 0.184975 0.248019 0.599237
0.728108 0.944841 1.00179 0.146506 0.159486 0.153909 1.01386 0.589821 0.85089 1.18157 0.507128 0.455391 0.809568 0.242921 0.934831 0.412459 0.582965 1.03739 0.783621 0.749791 0.833758 0.610983 1.21203 0.472599 0.477686 0.914712 0.824809 0.327993 0.699765 0.941434 0.959248 0.205335 0.195792 1.08652 0.705878 0.386558 1.05981 0.455702 0.719363 0.627085 0.455926 0.911128 0.783182 0.609299 0.665698 0.352437 1.00659 1.16035 0.884581 0.964813 0.736603 0.793254 1.01858 0.798912 1.19602 0.82294 1.26734 0.35611 1.00834 0.706297 0.942426 0.661937 1.11507 0.471337 0.246612 0.543107 0.211871 0.903547 0.452923 0.618768 0.851693 0.173277 0.330074 0.267195 0.710735
0.707264 0.956365 1.00788 0.202945 0.325639 0.232116 1.24864 0.617711 1.02256 0.912217 0.626179 0.632261 0.625697 0.231533 0.910979 0.497006 0.715311 0.820611 0.986043 0.614154 0.891872 0.530869 1.16251 0.719506 0.404254 0.963651 0.834649 0.549703 0.552287 0.748027 1.19201 0.163803 0.342298 1.16327 0.913098 0.567195 1.0243 0.372678 0.663472 0.501938 0.470843 0.885755 0.857691 0.420034 0.647852 0.360743 0.971625 1.11045 1.03861 1.15544 0.575483 0.834794 0.882339 0.771658 1.00007 0.608387 1.11424 0.328104 0.866558 0.622686 0.746809 0.726905 1.06399 0.596115 0.395303 0.586713 0.429837 0.957055 0.392589 0.395458 0.850231 0.32958 0.400807 0.162122 0.733394
0.780038 0.973884 0.881787 0.268195 0.147818 0.262655 0.96104 0.640753 1.01008 1.11089 0.550499 0.376009 0.751907 0.0809543 0.796469 0.263998 0.681895 1.00527 0.906895 0.492453 0.669671 0.511399 1.07013 0.743661 0.391571 0.727647 0.930188 0.488384 0.691632 0.940399 1.10616 0.0956538 0.348756 1.2537 0.902945 0.501835 1.0896 0.273263 0.646389 0.458327 0.517481 0.83679 0.881898 0.534285 0.773291 0.35942 0.998777 1.17714 1.12969 1.02343 0.741915 0.824071 0.943987 0.620279 1.09066 0.817844 1.11835 0.324293 1.00048 0.574355 0.888387 0.596372 1.04593 0.562316 0.14447 0.536033 0.182665 1.02628 0.228819 0.552078 0.953038 0.245467 0.185402 0.235883 0.771557
0.742514 0.971274 0.807395 0.278324 0.142074 0.386971 1.03498 0.530467 0.797397 0.991955 0.603488 0.546352 0.872023 0.268998 0.799443 0.36177 0.601583 0.793052 0.813932 0.627437 0.880026 0.739322 1.21869 0.52553 0.686034 0.78766 0.747274 0.284333 0.553767 0.819206 1.02645 0.29859 0.216861 1.20365 0.828302 0.38147 0.988489 0.312877 0.551903 0.45621 0.37418 0.781692 1.00195 0.655607 0.76696 0.382674 0.828011 1.19439 1.00951 1.15787 0.599355 0.759288 0.950573 0.624983 0.913117 0.704619 1.26592 0.106905 0.959595 0.75203 0.715948 0.770353 1.00669 0.574928 0.376463 0.544684 0.206535 1.04223 0.226304 0.569945 0.909944 0.319248 0.233998 0.0650503 0.690762
0.61603 0.966004 0.904342 0.283891 0.134567 0.125481 1.19423 0.449092 0.786234 1.07252 0.610228 0.523196 0.855261 0.11422 1.05507 0.554475 0.426214 0.769592 0.939125 0.762961 0.824981 0.625176 0.980526 0.66255 0.642863 0.703427 0.953703 0.461008 0.692298 0.791551 0.988865 0.151329 0.241647 0.972642 0.766594 0.459977 0.851146 0.342291 0.764768 0.411683 0.525899 0.721955 0.9157 0.448838 0.733655 0.27519 0.801998 1.0014 1.00348 1.03374 0.584512 0.801635 0.839168 0.68563 1.01148 0.835564 1.04862 0.133844 0.903327 0.499022 0.705896 0.58076 1.02209 0.604754 0.42491 0.54392 0.192491 0.873234 0.397931 0.470779 0.953902 0.254529 0.288349 0.356253 0.561635
0.647449 1.08661 1.02222 0.228572 0.161546 0.332706 1.04054 0.415103 0.859593 1.05596 0.522668 0.634507 0.73556 0.105422 1.01205 0.413309 0.682628 0.860995 0.877294 0.680791 0.688977 0.618789 1.15938 0.593615 0.441116 0.752892 0.868086 0.567369 0.770019 0.692622 1.17063 0.261785 0.31842 1.12475 0.824319 0.45656 1.11449 0.263412 0.7145 0.519356 0.458618 0.960241 0.910982 0.497603 0.840755 0.259179 1.05001 1.01014 1.03338 1.14506 0.712491 0.649165 0.979355 0.662474 1.05841 0.880265 1.14071 0.0939131 0.921239 0.745006 0.7612 0.686587 0.997907 0.57809 0.21411 0.391949 0.26225 0.843964 0.331534 0.484822 1.09685 0.231173 0.344827 0.095678 0.768952
0.577835 1.0314 0.927236 0.240747 0.394967 0.196242 1.09329 0.451388 0.888137 1.06765 0.661654 0.48771 0.800645 0.175354 1.03794 0.444366 0.609712 0.885943 0.905855 0.757246 0.671648 0.714064 1.2314 0.653726 0.53166 0.912757 0.753701 0.368196 0.794243 0.894299 1.01232 0.0880284 0.31351 1.16291 0.865169 0.384692 0.893041 0.470509 0.791725 0.490891 0.539064 0.843691 0.865235 0.381289 0.761881 0.329625 1.00076 1.13318 0.885183 1.00956 0.814042 0.710902 1.03489 0.848746 1.11552 0.764718 1.10458 0.246079 0.932104 0.727627 0.744395 0.570236 1.11656 0.591746 0.248675 0.642673 0.21423 0.914763 0.464776 0.570396 0.919495 0.200734 0.216476 0.183631 0.657065
0.790438 0.99966 0.853176 0.171524 0.238874 0.217707 1.20781 0.404055 0.912975 0.968515 0.564495 0.580551 0.691578 0.194093 0.912496 0.559128 0.611678 0.931444 0.822043 0.5241 0.881116 0.704544 1.26585 0.705188 0.393557 0.917627 0.693794 0.493101 0.824227 0.936111 1.1896 0.118237 0.220781 1.23082 0.70263 0.367711 1.11919 0.31688 0.742688 0.458865 0.345224 0.722222 1.01114 0.579686 0.841536 0.382837 0.987565 1.07651 1.12806 1.09194 0.772381 0.747393 0.912857 0.847577 0.978815 0.610886 0.97609 0.37374 0.800975 0.569146 0.892341 0.73917 0.908979 0.464148 0.417543 0.614393 0.426832 0.845568 0.234941 0.504978 1.04216 0.218152 0.290136 0.327854 0.530344
0.613773 0.971873 0.94214 0.20615 0.293888 0.311119 1.21124 0.626329 0.82885 1.06922 0.791252 0.452667 0.663145 0.314206 1.00646 0.451694 0.580383 1.00582 0.781995 0.698219 0.66663 0.471919 1.11049 0.699833 0.665085 0.884575 0.682569 0.57605 0.549673 0.831578 0.943743 0.106037 0.327112 1.09903 0.700987 0.489309 1.03574 0.438579 0.576158 0.41753 0.328306 0.86305 1.03943 0.605232 0.650783 0.496871 0.912495 0.999246 1.13338 1.13309 0.63652 0.702584 1.02723 0.712603 1.00199 0.782402 1.01257 0.183151 0.893977 0.574981 0.689567 0.778248 1.01166 0.574435 0.331908 0.607764 0.317333 0.764317 0.254454 0.615311 0.978804 0.152926 0.189664 0.125002 0.574698
0.554047 0.99627 0.834518 0.255815 0.368233 0.108726 1.01305 0.434715 0.898148 1.15124 0.62375 0.605979 0.664846 0.356746 0.907573 0.374665 0.531902 0.780279 0.820247 0.701618 0.89746 0.729804 0.977332 0.59584 0.629538 0.903846 0.798069 0.351899 0.615659 0.847409 1.22811 0.180595 0.302794 0.974022 0.778693 0.372642 0.834023 0.330597 0.571484 0.608792 0.400286 0.775697 0.8563 0.627638 0.753091 0.40332 0.903919 1.16604 1.08551 1.16273 0.699013 0.694538 0.823708 0.870341 1.08348 0.635899 1.18798 0.373188 0.904306 0.540391 0.961699 0.661404 0.900542 0.692629 0.27241 0.396944 0.331384 1.04972 0.292696 0.616208 0.905108 0.319833 0.284323 0.126556 0.646734
0.763447 1.20297 0.948733 0.374336 0.304075 0.17134 1.0096 0.629067 0.75686 1.02511 0.800173 0.365508 0.686007 0.190487 0.851925 0.463197 0.462442 0.984982 1.02437 0.707467 0.886844 0.680439 1.10638 0.750857 0.672221 0.81231 0.854418 0.395637 0.699288 0.688527 1.14419 0.0909761 0.300442 1.15004 0.778186 0.337053 1.06378 0.453785 0.602353 0.690929 0.336936 0.977384 1.05776 0.405978 0.62817 0.457727 1.06463 1.03382 1.02657 1.10666 0.775398 0.840021 1.06879 0.739852 0.99444 0.686743 1.23475 0.229087 1.0409 0.497025 0.78025 0.596623 1.05734 0.539886 0.19059 0.43982 0.220623 0.976141 0.473181 0.573754 0.888324 0.219526 0.398778 0.20133 0.715105
0.641127 1.10476 0.983714 0.394963 0.207447 0.15149 0.998292 0.641805 0.984762 0.98655 0.646033 0.632348 0.734229 0.0693111 0.882754 0.341198 0.489123 0.774747 1.02854 0.713057 0.847568 0.704768 1.09216 0.630277 0.399727 0.762066 0.833298 0.575733 0.71764 0.737838 1.16072 0.248505 0.185734 1.1883 0.798407 0.429886 1.00929 0.397884 0.671723 0.520217 0.555328 0.770453 0.813224 0.431224 0.672803 0.343684 1.06848 1.19197 0.869685 0.983473 0.66584 0.812685 0.946876 0.702666 1.18683 0.831175 1.24477 0.139105 0.894196 0.622859 0.872949 0.657173 1.10727 0.714765 0.154026 0.551349 0.173488 0.891877 0.521897 0.641811 0.877699 0.219696 0.419596 0.171469 0.703364
0.716763 1.08179 1.081 0.124576 0.131854 0.156698 1.08342 0.690395 0.995892 1.0468 0.617489 0.583304 0.848147 0.291511 0.973575 0.261694 0.689735 1.00724 0.856025 0.493465 0.70027 0.486834 1.10397 0.751336 0.559888 0.797931 0.932439 0.547338 0.723929 0.815992 1.19092 0.345105 0.120585 0.992725 0.823317 0.421106 0.907808 0.242995 0.535366 0.628693 0.366851 0.903947 0.81081 0.575338 0.587497 0.376541 0.921187 1.11835 1.05233 0.933991 0.558367 0.771522 1.03055 0.823569 0.978752 0.778663 1.10922 0.0978357 0.980327 0.752265 0.688411 0.49338 1.07767 0.637931 0.279447 0.496835 0.391852 1.04773 0.405234 0.508642 0.904086 0.265469 0.292339 0.310901 0.6751
