25 75
1.12825 0.964367 1.05797 0.363833 0.718187 0.548963 0.438488 0.335048 0.968655 0.827941 0.928689 0.742272 0.73137 1.18683 0.577983 0.838633 0.640085 0.931086 0.97993 1.06499 1.12235 0.928736 0.202485 0.795396 0.263799 0.347272 0.0351054 0.466725 0.833803 0.132165 0.477036 0.717397 0.428137 0.306546 0.404476 0.705938 0.691734 0.737858 0.427696 0.992891 0.190677 0.912516 1.09156 0.970127 0.368595 0.467073 0.875211 0.774657 0.519872 0.892117 0.750452 0.256409 0.463645 0.275454 1.02634 0.889613 0.20314 0.592387 0.662111 0.622672 0.842581 0.681637 1.08908 0.723381 0.917115 0.653642 0.189128 1.16547 0.443404 0.210998 0.982495 0.36273 0.0554066 0.632914 0.1899
0.955693 0.881569 0.937535 0.187263 0.964278 0.523316 0.376036 0.207023 1.18581 1.02601 0.905159 0.76415 0.874063 1.05652 0.66045 0.81671 0.668852 1.12579 0.902906 1.23019 1.05825 1.0086 0.433237 0.770483 0.293726 0.170938 0.277169 0.348111 0.644482 0.310796 0.702577 0.797681 0.438661 0.588376 0.415851 0.656096 0.762753 0.747039 0.457199 1.05136 0.177672 0.999757 1.00728 1.14004 0.497116 0.524188 0.934755 0.778322 0.524381 1.01589 0.698137 0.242661 0.33857 0.251628 1.24049 0.855891 0.155094 0.528776 0.624973 0.503135 0.850346 0.522242 0.942508 0.524219 0.715495 0.575885 0.145879 0.957479 0.322349 0.105632 1.04898 0.384715 0.108869 0.668866 0.202158
0.90599 0.734449 1.07478 0.239365 0.883442 0.721634 0.522561 0.353172 1.00485 0.796486 0.781212 0.621164 0.772294 1.1366 0.72024 0.93436 0.410777 1.15192 1.00538 1.03171 1.17018 1.1314 0.478748 0.752133 0.272572 0.222798 0.167345 0.511708 0.900691 0.241086 0.514818 0.902098 0.427047 0.545992 0.635586 0.49325 0.790095 0.677479 0.422464 0.961047 0.242264 1.03442 0.887793 0.934228 0.492684 0.424017 0.771171 0.904221 0.415737 0.937509 0.64437 0.203179 0.205457 0.173204 0.970818 0.823592 0.311305 0.557118 0.719831 0.373352 0.914468 0.52845 0.944685 0.619569 0.943619 0.545161 0.185657 0.982727 0.406921 0.06925 0.852073 0.482425 0.201769 0.523032 0.332812
0.973326 0.95047 1.01787 0.412263 0.684253 0.55412 0.290178 0.258728 0.95738 0.998993 0.761544 0.642175 0.688766 1.02312 0.600538 0.734282 0.651399 1.07001 1.14216 1.21214 1.12097 1.11776 0.381663 0.995816 0.156973 0.0864109 0.281295 0.42191 0.647269 0.27487 0.470099 0.821223 0.31531 0.453702 0.394604 0.56971 0.54225 0.677617 0.622883 0.978887 0.0773672 1.03396 0.906376 0.947383 0.382531 0.580282 0.934314 0.833981 0.582589 1.04775 0.913974 0.367746 0.35783 0.301255 1.03752 0.878598 0.289912 0.488945 0.624604 0.428754 0.94722 0.668845 0.862094 0.772589 0.985918 0.610618 0.0817378 0.957989 0.4315 0.284843 0.869589 0.361078 0.093324 0.663626 0.0638707
0.987196 0.833746 0.988381 0.280484 0.871772 0.690689 0.347511 0.294952 1.13182 0.778708 0.738515 0.684561 0.706027 1.21225 0.636647 0.828278 0.662797 0.945548 0.942611 1.21879 1.05372 0.99784 0.493977 0.800901 0.289808 0.307204 0.0722659 0.470944 0.901829 0.324288 0.641513 0.79329 0.294822 0.291425 0.600956 0.568093 0.703984 0.715465 0.639068 1.10178 0.271055 0.90658 0.893034 0.955484 0.295562 0.476397 0.904607 0.650063 0.592716 0.951808 0.913974 0.226385 0.18304 0.0381101 1.25269 0.742323 0.112499 0.567896 0.62015 0.454477 0.78344 0.598795 0.974956 0.675871 0.75352 0.641544 0.125099 1.15189 0.440008 0.0246865 0.901413 0.498945 0.191931 0.654401 0.148404
0.990505 0.823543 0.835289 0.134289 0.810728 0.467521 0.521863 0.279384 1.06414 0.854778 0.916524 0.833488 0.612949 1.00592 0.452227 0.757067 0.562985 1.12965 1.06648 1.19387 1.13265 0.931 0.357095 0.750177 0.447338 0.13701 0.227069 0.619907 0.683292 0.0938737 0.685256 0.781989 0.421395 0.380025 0.514352 0.639481 0.601074 0.906441 0.640402 1.01568 0.196711 0.960521 0.910873 1.05476 0.448177 0.432532 0.824463 0.813757 0.589212 0.837526 0.795889 0.336321 0.182779 0.122323 1.21122 0.894022 0.196788 0.446148 0.523282 0.532677 0.802917 0.7352 1.06129 0.630949 0.924412 0.571306 0.0875116 1.14641 0.459105 0.255103 0.803098 0.503298 0.121582 0.560607 0.0944105
1.09266 0.820907 0.817211 0.361764 0.836876 0.553101 0.272952 0.32647 1.0228 0.833458 0.922323 0.883615 0.738402 1.08883 0.61335 0.865481 0.638858 0.932668 1.10082 0.985771 1.11901 0.855737 0.371756 0.996097 0.203143 0.100939 0.165342 0.36032 0.664628 0.125668 0.665256 0.75758 0.42244 0.346688 0.399723 0.733486 0.779519 0.704404 0.446102 0.885821 0.243579 0.910246 0.981247 1.01728 0.336517 0.609656 0.724371 0.82991 0.387104 0.978511 0.796503 0.424151 0.408442 0.285566 1.09479 0.910285 0.219385 0.680282 0.773135 0.430854 0.894089 0.463814 0.91558 0.518508 0.90193 0.544118 0.0498215 1.09447 0.465595 0.303168 0.846695 0.433093 0.252595 0.788917 0.236098
1.02753 0.779502 0.967863 0.36658 0.796831 0.60196 0.448084 0.222156 1.17746 0.962497 0.951086 0.793067 0.66967 1.13426 0.568678 0.857147 0.586926 1.10794 0.889599 1.06675 1.06562 0.937908 0.483759 0.870839 0.247572 0.220563 0.0981718 0.563787 0.883869 0.104054 0.48443 0.754957 0.296208 0.572685 0.64406 0.557922 0.610903 0.922466 0.34298 1.06695 0.242777 1.04124 1.08273 0.988975 0.400391 0.479416 0.735067 0.681629 0.451022 0.966799 0.848655 0.197143 0.264106 0.0858266 0.982506 0.837604 0.189967 0.524652 0.58254 0.440993 0.963195 0.614151 1.02949 0.526775 0.996188 0.548405 0.152783 1.01287 0.393 0.19918 1.07296 0.518254 0.0917324 0.533531 0.165133
0.890347 0.946038 0.897301 0.210188 0.94528 0.640153 0.350554 0.187316 1.1094 0.893895 1.01673 0.859377 0.865632 1.2052 0.736108 0.737168 0.466463 0.942603 1.17261 1.20623 1.11318 0.925344 0.270621 0.820663 0.197716 0.13666 0.175921 0.43359 0.738695 0.103653 0.438969 0.812426 0.323529 0.579148 0.568024 0.723138 0.77924 0.810058 0.423419 0.915719 0.334166 0.907163 0.835747 1.02586 0.521066 0.478512 0.81872 0.659938 0.466525 0.807049 0.646637 0.329977 0.455855 0.0661101 1.13988 0.934191 0.137824 0.389562 0.768011 0.589316 0.70119 0.547018 0.813563 0.671942 0.720607 0.708925 0.23458 1.11455 0.331602 0.113238 1.03446 0.393666 0.275465 0.691014 0.0986275
0.995099 0.970787 1.08387 0.297083 0.916327 0.72761 0.354926 0.26302 1.09301 0.829102 0.788823 0.737612 0.638004 1.04114 0.520395 0.834629 0.683988 1.11048 0.925763 1.00941 0.955518 0.98043 0.330059 0.951768 0.251681 0.323001 0.21484 0.353349 0.781502 0.0412256 0.486317 0.672992 0.210178 0.557496 0.653025 0.656171 0.756397 0.86589 0.632867 0.962858 0.212605 1.06264 0.982897 1.08548 0.461491 0.495253 0.657572 0.657254 0.422228 0.886647 0.668129 0.188175 0.453714 0.214788 1.11532 0.842571 0.106529 0.395967 0.569027 0.536871 0.932497 0.718221 0.940329 0.700324 0.970787 0.648179 0.220596 1.23197 0.30644 0.21889 1.07543 0.546226 0.0892403 0.574744 0.146902
1.07803 0.967676 0.987714 0.394346 0.798929 0.62624 0.397175 0.362997 1.10851 0.901097 0.992045 0.802672 0.882529 1.16291 0.46228 0.918043 0.589188 1.03829 0.955555 1.09731 1.05956 1.02583 0.412445 0.817492 0.178507 0.311146 0.322722 0.378071 0.886284 0.114174 0.65041 0.847377 0.252244 0.346517 0.429457 0.678176 0.716992 0.746135 0.512308 0.834068 0.280581 1.05994 1.05765 1.11554 0.351509 0.717684 0.807335 0.865126 0.354128 0.915744 0.930023 0.178601 0.317884 0.322769 1.14312 0.885124 0.138862 0.676842 0.528087 0.550424 0.733987 0.633911 0.886942 0.49068 0.940301 0.6074 0.226994 1.08948 0.516746 0.284963 0.807282 0.339623 0.244722 0.698074 0.205742
0.982564 0.843241 1.05421 0.394181 0.930526 0.489499 0.376293 0.346585 1.13466 0.741932 0.841077 0.70205 0.612814 1.22588 0.614054 0.801195 0.654575 1.1562 1.0003 1.18432 1.01903 1.12286 0.351595 0.97972 0.313412 0.334265 0.214249 0.47879 0.896455 0.0767609 0.701193 0.8294 0.283349 0.416491 0.594954 0.617812 0.543766 0.88661 0.599924 0.831471 0.334937 1.14475 0.880993 1.00971 0.315776 0.515796 0.66887 0.748347 0.41369 1.01717 0.705307 0.267482 0.374954 0.19581 1.16891 0.80669 0.167709 0.667477 0.676808 0.475151 0.93082 0.495519 0.845319 0.716447 0.862415 0.653775 0.303585 1.12621 0.283584 0.0700053 0.981161 0.507461 0.130876 0.671096 0.046376
1.07482 0.991945 0.89306 0.153206 0.862059 0.721779 0.455734 0.350985 1.05992 0.760249 1.00046 0.653746 0.640347 1.20636 0.672236 0.975525 0.443246 1.16881 0.983306 1.02245 0.980432 0.922891 0.244016 0.82844 0.158918 0.0852061 0.105072 0.449811 0.716498 0.205549 0.460385 0.748823 0.41132 0.41536 0.609238 0.723152 0.516494 0.675506 0.454014 0.96521 0.0955119 1.10201 1.07009 1.20316 0.289501 0.678443 0.690481 0.679929 0.441941 0.87994 0.769892 0.217522 0.341849 0.202433 1.20349 0.781281 0.295625 0.477298 0.74865 0.41599 0.940614 0.68656 1.07332 0.542228 0.891965 0.481584 0.297737 1.08955 0.344319 0.0482554 0.799085 0.477486 0.0304285 0.553175 0.267904
1.10166 0.73412 0.908784 0.168751 0.773372 0.585953 0.24965 0.299035 1.17411 1.01959 0.923865 0.699861 0.797362 1.02446 0.475825 0.783795 0.505631 0.931568 0.896792 1.08796 1.24964 1.10188 0.40456 0.967956 0.370181 0.30261 0.141364 0.340779 0.76132 0.152196 0.52491 0.903255 0.182315 0.437638 0.507179 0.746403 0.617061 0.920611 0.473104 1.09744 0.279468 1.02393 1.09083 1.04455 0.452186 0.706649 0.666598 0.723133 0.387769 0.996079 0.765005 0.411346 0.415089 0.152604 1.02324 0.923944 0.155025 0.502557 0.694913 0.474709 0.96451 0.691703 0.864793 0.542957 0.757443 0.566416 0.120815 1.22139 0.495982 0.0649941 0.860354 0.553957 0.0065799 0.795615 0.168896
0.871447 0.808471 0.919168 0.322232 0.941948 0.734777 0.266864 0.242106 0.96967 1.02169 0.957581 0.635781 0.602714 1.14867 0.485123 0.777912 0.688037 0.976684 1.00068 1.11057 0.971516 0.95706 0.22608 0.762237 0.231453 0.105196 0.10137 0.524546 0.918743 0.280662 0.55896 0.876953 0.173865 0.57565 0.657871 0.754871 0.709724 0.902625 0.48537 0.943202 0.109188 1.10056 0.84482 1.1721 0.333426 0.536376 0.809871 0.73261 0.430253 0.836838 0.878862 0.168724 0.238134 0.226932 1.02034 0.893009 0.241785 0.599284 0.577196 0.404352 0.829936 0.641211 1.03741 0.664524 0.934993 0.74755 0.302974 0.989386 0.522322 0.140404 1.07094 0.601727 0.193624 0.635558 0.247474
1.1267 0.887716 0.828818 0.414666 0.934896 0.667043 0.352963 0.388376 1.0799 0.819949 0.852354 0.862046 0.747803 1.07483 0.733465 0.844608 0.428475 1.17562 1.07865 1.18699 1.00647 0.891545 0.448952 0.81006 0.405606 0.245059 0.0671968 0.500159 0.868893 0.0843613 0.708467 0.866274 0.334637 0.436129 0.497863 0.505357 0.589022 0.717548 0.44262 1.11181 0.127503 1.0126 1.04971 1.16174 0.531919 0.695725 0.767185 0.810455 0.402578 1.01421 0.871917 0.183201 0.338897 0.119724 1.22346 0.843461 0.283145 0.589369 0.601512 0.630754 0.710201 0.531879 0.825641 0.75467 0.7611 0.66662 0.20121 1.12027 0.456323 0.24935 1.01965 0.491793 0.0796868 0.636436 0.0712638
1.13055 1.01598 1.02319 0.139764 0.920958 0.526881 0.44577 0.406638 1.10044 0.997713 0.990703 0.779091 0.840171 1.0398 0.542223 0.837342 0.496704 1.04681 1.12712 1.07278 1.1571 1.00076 0.410859 0.878867 0.294258 0.279607 0.0494067 0.399151 0.627829 0.301068 0.461376 0.808772 0.1584 0.468829 0.453264 0.657759 0.715227 0.76041 0.508824 1.0526 0.124601 1.07214 1.10713 0.999066 0.422686 0.622375 0.93956 0.836855 0.512865 0.850966 0.782502 0.208582 0.256812 0.252828 1.18406 0.824539 0.281123 0.407691 0.557449 0.470227 0.681463 0.643666 0.822362 0.499897 0.896125 0.619671 0.235651 1.03172 0.267305 0.151864 1.01419 0.3284 0.298243 0.590544 0.0509498
1.05169 0.952777 1.0926 0.18823 0.924699 0.520576 0.357468 0.403954 1.17305 1.01284 0.983019 0.717038 0.845551 0.97897 0.598499 0.902181 0.484156 1.09012 0.978153 0.978758 1.02678 0.955414 0.49341 0.967113 0.315697 0.0630069 0.13173 0.580426 0.922923 0.308821 0.533455 0.861766 0.310693 0.584123 0.648939 0.466505 0.683135 0.866388 0.422668 0.97404 0.197597 0.945303 0.95929 1.19147 0.363473 0.473171 0.74934 0.81102 0.611098 0.992717 0.68214 0.187263 0.271026 0.0481747 1.14995 0.812948 0.336531 0.478668 0.523339 0.560433 0.947015 0.462955 0.92553 0.739327 0.914325 0.660592 0.277227 1.00407 0.35371 0.233205 0.877378 0.501074 0.231497 0.67606 0.0497763
1.00356 0.932779 0.965841 0.316795 0.741016 0.609995 0.265622 0.412812 1.00172 1.00531 0.790124 0.891277 0.735267 1.0312 0.702421 0.793884 0.493134 1.09136 1.15117 1.1102 0.965737 0.989132 0.394442 0.893487 0.347362 0.0812525 0.119919 0.484128 0.845737 0.118407 0.443212 0.773728 0.414666 0.324136 0.594137 0.700788 0.76703 0.944572 0.381548 0.865507 0.119329 1.1165 1.11717 1.01299 0.328062 0.491498 0.916268 0.861084 0.410504 0.9366 0.756203 0.381776 0.425707 0.274099 1.13391 0.693948 0.213225 0.546251 0.657421 0.570019 0.93751 0.677358 0.935495 0.50211 0.829853 0.534934 0.23853 1.23295 0.371203 0.23643 1.06691 0.592949 0.217656 0.752057 0.0751219
0.916501 0.755711 1.0169 0.409717 0.879111 0.552744 0.303234 0.126925 1.05467 0.792169 0.863687 0.798895 0.797443 1.03729 0.655321 0.974627 0.69731 1.14674 0.891537 1.24374 1.22861 1.05566 0.326663 0.874235 0.299331 0.0952972 0.0975359 0.53885 0.846356 0.157892 0.657577 0.775966 0.290961 0.306337 0.433833 0.713443 0.751557 0.688062 0.528095 0.932477 0.0929134 1.06877 1.04124 1.02417 0.341979 0.457878 0.769839 0.612633 0.408777 1.05793 0.806218 0.269885 0.178782 0.0381965 1.07021 0.750598 0.215508 0.474512 0.680406 0.365229 0.811266 0.690332 1.07746 0.739151 0.721872 0.461917 0.239268 1.15508 0.267071 0.0564393 1.0252 0.328044 0.149763 0.590299 0.335711
1.0369 0.825176 0.972135 0.135848 0.91325 0.700912 0.47747 0.120942 1.20468 0.969354 0.906914 0.6513 0.859932 0.969539 0.635006 0.852449 0.640708 1.10357 1.08974 1.11232 1.22502 1.0613 0.311409 0.981893 0.415752 0.257535 0.122235 0.404562 0.696295 0.140428 0.698657 0.797603 0.348848 0.570749 0.566437 0.57457 0.598805 0.935034 0.368034 1.10335 0.149081 0.901861 0.984183 1.02951 0.321456 0.687484 0.942234 0.839047 0.543686 0.963367 0.821269 0.351897 0.274448 0.131362 0.975156 0.768553 0.339399 0.417691 0.793727 0.565407 0.838288 0.586236 0.986426 0.600673 0.967043 0.620713 0.0932446 1.18604 0.504788 0.198092 0.840088 0.343616 0.217441 0.765183 0.196541
1.05997 0.911084 0.824393 0.315448 0.980683 0.732183 0.244411 0.312699 0.982269 0.803713 0.860971 0.845496 0.59966 1.02513 0.546433 0.908662 0.641001 0.960827 1.07721 1.15247 0.990102 0.976252 0.366521 0.880327 0.171394 0.256908 0.193765 0.385408 0.752241 0.248553 0.602826 0.827333 0.364712 0.477503 0.677586 0.493974 0.693793 0.70291 0.428576 0.951841 0.301325 1.01877 0.836432 0.980525 0.443173 0.616952 0.774686 0.711647 0.56647 0.915683 0.835167 0.33356 0.178682 0.115 1.24607 0.869056 0.0694465 0.50366 0.757991 0.441099 0.910191 0.491169 1.04813 0.714689 0.913927 0.471862 0.308291 1.06773 0.451212 0.132794 1.03864 0.3477 0.150648 0.545422 0.158477
1.02418 0.98906 0.837675 0.291741 0.848824 0.762356 0.25421 0.411873 0.941105 0.860173 0.848247 0.683298 0.740077 1.01559 0.615631 0.696515 0.495066 1.11538 0.988399 1.20151 1.12647 1.0691 0.259639 0.720851 0.395599 0.180995 0.197093 0.617571 0.66039 0.0832409 0.467579 0.744666 0.323334 0.502152 0.540839 0.563262 0.52717 0.918969 0.571883 0.835573 0.201256 0.920024 1.02563 1.11136 0.370991 0.5047 0.705732 0.70982 0.506281 1.04203 0.773852 0.255003 0.364752 0.114037 0.976243 0.747251 0.0645159 0.657654 0.675059 0.470358 0.81691 0.607844 0.83667 0.655555 0.764312 0.729419 0.131965 0.993892 0.355552 0.251397 0.793504 0.458745 0.137637 0.589423 0.264447
0.916039 0.974767 0.841597 0.332588 0.966127 0.73984 0.330154 0.192923 1.22024 0.79624 1.03219 0.891718 0.607051 1.02562 0.597058 0.713349 0.585407 0.968556 1.15284 1.02106 0.962856 1.08232 0.291636 0.804493 0.184497 0.32896 0.129486 0.378103 0.911439 0.265815 0.641686 0.797694 0.285515 0.537539 0.640464 0.613324 0.752294 0.769321 0.418538 0.963274 0.197206 1.04388 1.09751 1.09799 0.518871 0.503952 0.885915 0.806516 0.351624 0.777478 0.68753 0.372466 0.358455 0.296417 1.13332 0.742042 0.106744 0.491686 0.547821 0.495746 0.829847 0.49495 0.89666 0.589063 0.714277 0.714486 0.176583 1.18432 0.393303 0.268164 0.801755 0.363409 0.127288 0.535657 0.297043
0.844652 0.761549 0.894879 0.207912 0.870026 0.636242 0.452841 0.203975 1.2121 0.944839 0.940923 0.865702 0.697726 1.02784 0.673211 0.861849 0.643188 0.994519 1.00996 1.20081 1.17381 0.891734 0.279411 0.99581 0.326015 0.269325 0.216783 0.522925 0.680532 0.164309 0.495004 0.70951 0.37005 0.554147 0.463628 0.48615 0.639295 0.758471 0.544247 0.869853 0.0606295 0.925931 0.943408 0.965276 0.351172 0.474996 0.700707 0.656582 0.455024 0.808472 0.817142 0.260741 0.406499 0.0283026 1.19966 0.711865 0.287545 0.553888 0.639485 0.581179 0.923963 0.560727 1.07102 0.736168 0.9945 0.602208 0.326159 0.98126 0.33914 0.198462 1.00512 0.565528 0.292095 0.546561 0.152473
