25 75
0.562433 0.167668 0.916735 0.586992 0.44084 1.10219 1.02858 0.593055 0.823326 0.378453 0.18847 0.543105 0.878126 0.334764 0.65215 0.0838966 1.04695 0.867011 0.750336 0.387288 1.15779 0.501007 0.0592587 0.637836 0.913511 1.00282 0.526137 1.05433 0.520452 0.0320694 0.838673 0.581266 0.950307 0.1316 0.546312 1.01556 0.803888 0.731286 0.664377 1.00193 0.89966 0.972759 0.7373 0.256574 1.14616 0.436813 0.517596 0.504662 0.813174 0.416297 1.25761 0.635591 0.943037 1.08688 0.451394 0.351696 0.666614 0.572954 1.15659 0.243986 0.065663 0.426317 0.394042 0.997195 0.339123 1.17955 0.943766 1.10572 0.298464 0.265972 0.652871 0.681627 0.962541 0.570709 0.632258
0.640062 0.285485 0.818795 0.565689 0.604755 1.06897 1.03925 0.74629 0.727353 0.500486 0.2641 0.498326 0.89237 0.265272 0.702084 0.21914 0.85994 0.67929 0.67865 0.295216 1.15438 0.411312 0.258475 0.536044 0.639945 0.937417 0.594693 0.777888 0.412898 0.292232 0.741237 0.378038 0.955628 0.10583 0.414436 0.8686 0.561292 0.807048 0.807103 1.10977 0.859104 0.941342 0.604947 0.199015 0.993557 0.396611 0.398211 0.473419 1.03591 0.546217 1.18356 0.370319 0.890385 0.981709 0.592475 0.271556 0.896753 0.536323 1.06218 0.258309 0.244378 0.500446 0.615953 0.903751 0.414603 1.16498 0.934331 1.0144 0.0799298 0.1322 0.613997 0.581345 0.694923 0.67215 0.673074
0.650186 0.161039 0.822649 0.472132 0.596297 0.98724 0.860184 0.799182 0.743407 0.378932 0.226294 0.521819 0.963246 0.45373 0.766809 0.16697 0.81953 0.829651 0.830265 0.212087 1.05272 0.590329 0.0783361 0.667039 0.78548 0.914183 0.557292 0.837496 0.265235 0.238346 0.652691 0.56311 0.943097 0.163895 0.353902 0.829301 0.583968 0.654627 0.868387 0.898188 0.745246 0.859846 0.619265 0.356845 1.03735 0.458 0.522391 0.350972 1.02995 0.419641 1.1051 0.468103 0.946234 1.05001 0.551555 0.1483 0.825356 0.58475 1.04758 0.0454288 0.203535 0.573695 0.470841 0.815979 0.161618 1.00367 0.958838 1.08075 0.269789 0.244236 0.602121 0.704887 0.842461 0.764698 0.670946
0.644177 0.336873 0.889222 0.516484 0.517941 1.06805 0.803079 0.830126 0.878852 0.470293 0.295484 0.69943 1.0273 0.483472 0.710047 0.25168 0.812516 0.698836 0.579798 0.188483 0.970197 0.545039 0.120924 0.765634 0.923097 0.891115 0.624504 0.965403 0.513402 0.0879526 0.77721 0.536957 0.953938 0.0990411 0.335958 0.969693 0.621731 0.898798 0.731096 0.932849 0.790683 0.936678 0.785244 0.301544 1.04391 0.190638 0.332673 0.473537 0.886707 0.553311 1.08358 0.388022 0.812509 1.05594 0.589765 0.382297 0.842423 0.670625 0.991324 0.260269 0.330096 0.674407 0.443454 0.771278 0.297545 0.994842 0.872117 0.921566 0.233031 0.191783 0.774737 0.722246 0.952109 0.750962 0.691437
0.692892 0.211947 0.875156 0.55821 0.501965 1.07304 0.801942 0.821087 0.89213 0.471959 0.448065 0.472627 0.8908 0.465521 0.825274 0.167497 1.0461 0.594409 0.550012 0.206339 1.03529 0.374819 0.327093 0.543612 0.8305 0.872239 0.558759 1.04339 0.38669 0.144677 0.854729 0.308363 1.10899 0.314072 0.377186 0.798964 0.602442 0.714151 0.663353 0.919744 0.613362 0.962467 0.621216 0.425351 0.858206 0.402278 0.469211 0.333458 0.830472 0.470528 1.20237 0.457068 0.830078 0.91844 0.440239 0.14216 0.850611 0.576019 1.09 0.189457 0.145278 0.605183 0.325445 0.817271 0.426905 1.17042 0.917022 1.06061 0.263087 0.287906 0.538555 0.546991 0.8574 0.733683 0.638691
0.599626 0.126092 0.928649 0.703962 0.511289 0.987321 1.03556 0.615531 0.836645 0.347192 0.313213 0.470637 1.06899 0.333748 0.614099 0.270304 0.859533 0.653411 0.756183 0.2545 1.21608 0.348219 0.278676 0.619927 0.645151 0.937672 0.388498 1.05933 0.477515 0.050371 0.640605 0.371783 0.901812 0.363674 0.28465 0.883682 0.709019 0.885786 0.759966 0.926176 0.871003 0.845125 0.694232 0.32069 0.896813 0.267731 0.233813 0.366954 0.994942 0.380398 1.02972 0.634724 0.924073 0.926839 0.374197 0.174303 0.730464 0.787416 1.03693 0.109166 0.180476 0.56121 0.447143 0.942755 0.406497 0.95879 1.09863 1.0252 0.242607 0.134524 0.663978 0.593475 0.944879 0.601827 0.759179
0.617136 0.401499 0.750153 0.727675 0.370891 0.9709 1.08212 0.635555 0.838019 0.389403 0.361892 0.563737 0.947693 0.381889 0.667717 0.217872 0.95957 0.748503 0.577822 0.37573 1.21338 0.550271 0.0680039 0.560411 0.683243 0.74712 0.50362 0.988673 0.438773 0.172848 0.602269 0.490929 1.06531 0.295167 0.552336 0.836729 0.673479 0.870824 0.733265 0.991516 0.630155 1.0985 0.682685 0.455674 1.11514 0.358996 0.292811 0.422675 0.823272 0.565134 1.13609 0.614432 0.853141 1.03729 0.377894 0.386937 0.852984 0.700641 0.94898 0.312253 0.185579 0.635369 0.478172 0.929336 0.293638 0.965113 0.933081 0.888764 0.133645 0.156442 0.6486 0.725319 0.9458 0.77457 0.765608
0.752549 0.229887 0.803173 0.762422 0.470375 1.03431 0.865819 0.652253 0.690567 0.459224 0.272789 0.454447 1.09878 0.337778 0.663767 0.146321 0.87075 0.774282 0.733284 0.20976 1.0195 0.605079 0.0799783 0.695323 0.752007 0.999759 0.523355 0.788622 0.482337 0.0749937 0.795284 0.48893 1.03642 0.281493 0.493438 0.860649 0.649604 0.704875 0.820575 0.883367 0.816136 0.836691 0.624536 0.37056 1.13183 0.305066 0.515975 0.26709 1.0864 0.557589 1.01486 0.632131 0.82118 0.986654 0.506113 0.180758 0.673289 0.540937 1.06403 0.159098 0.329776 0.495064 0.417017 0.821267 0.338792 1.02015 0.985646 0.91332 0.377141 0.293066 0.727155 0.528347 0.846276 0.63958 0.69523
0.520672 0.144988 0.711179 0.556907 0.622836 0.906386 0.981486 0.536953 0.768354 0.490408 0.347429 0.419106 0.920387 0.222918 0.637514 0.169664 1.04061 0.802761 0.828941 0.396227 1.22169 0.579755 0.125458 0.80034 0.716396 0.978567 0.551608 0.951714 0.402809 0.186899 0.701337 0.59088 1.07312 0.312268 0.283824 1.06416 0.615107 0.874006 0.844757 0.953544 0.841261 0.88374 0.557865 0.439393 0.944185 0.277782 0.418803 0.436607 1.02306 0.625175 1.08226 0.593289 0.709639 1.07264 0.462225 0.18187 0.768266 0.589564 1.01276 0.0712261 0.210972 0.48862 0.542951 0.734461 0.326146 1.19285 0.981823 0.984761 0.120876 0.219418 0.526349 0.703918 0.954067 0.639021 0.74386
0.582247 0.150318 0.938646 0.570188 0.445417 1.05963 0.822411 0.616111 0.673993 0.551585 0.193616 0.503218 0.888721 0.341447 0.540119 0.306852 0.90009 0.892131 0.598832 0.41391 1.22482 0.546986 0.208549 0.524055 0.87368 0.888399 0.568881 0.970605 0.23172 0.138899 0.702878 0.405329 1.0041 0.322485 0.436271 0.986871 0.675945 0.808405 0.820344 0.862567 0.662071 1.08094 0.803426 0.388964 0.90056 0.35643 0.337889 0.400072 0.877357 0.511732 1.07468 0.505874 0.729688 0.85533 0.474604 0.298151 0.813418 0.66801 1.06544 0.208263 0.269154 0.549253 0.523976 0.885897 0.243399 1.03644 0.833324 1.13 0.373353 0.213992 0.601252 0.571115 0.938458 0.586443 0.708531
0.663554 0.403795 0.731106 0.676336 0.455358 1.09071 0.979884 0.812229 0.788995 0.641182 0.283199 0.557684 0.870719 0.461901 0.696234 0.323593 0.833358 0.735781 0.826494 0.361227 1.22154 0.608261 0.314874 0.518653 0.71139 0.777432 0.632541 1.04375 0.471498 0.152745 0.817176 0.437478 1.11348 0.222972 0.458885 0.965244 0.674673 0.755795 0.865092 0.819837 0.630978 0.930369 0.764458 0.421014 1.03963 0.364858 0.262169 0.481055 1.04243 0.521005 1.10905 0.440681 0.847726 0.941966 0.55951 0.337006 0.704232 0.540277 0.933767 0.111713 0.312028 0.665227 0.374101 1.00461 0.380187 1.08383 0.899716 0.984345 0.244486 0.344182 0.598865 0.444917 0.955033 0.744003 0.676894
0.612857 0.274031 0.959445 0.538199 0.620682 1.00119 0.894681 0.798547 0.838371 0.569584 0.325329 0.445428 1.10545 0.29046 0.734775 0.203148 0.863675 0.608975 0.774872 0.222618 1.14531 0.525344 0.259084 0.509297 0.905052 0.932314 0.585487 1.03407 0.451373 0.240816 0.779197 0.322985 1.14119 0.290093 0.432557 0.783301 0.755385 0.86231 0.846614 0.843449 0.746192 1.11736 0.552781 0.238213 1.1156 0.452499 0.296242 0.510312 0.975634 0.512622 1.24607 0.483776 0.993174 0.87979 0.43027 0.183924 0.625349 0.543339 0.963506 0.103325 0.135962 0.539696 0.402163 0.966143 0.190691 1.10913 0.932371 1.10807 0.316466 0.141071 0.729741 0.567463 0.950754 0.788356 0.804501
0.681753 0.181243 0.974866 0.485879 0.467064 0.983238 0.880775 0.832958 0.679449 0.557971 0.195414 0.521782 1.12208 0.37389 0.74673 0.248543 0.976924 0.861955 0.742642 0.358722 0.989183 0.537644 0.299506 0.627432 0.896434 0.730063 0.425268 0.923072 0.38303 0.0241287 0.880167 0.49395 0.887519 0.166069 0.43628 0.797656 0.734029 0.708963 0.794892 0.897886 0.827658 1.02085 0.770087 0.173487 1.02894 0.376024 0.487986 0.500208 0.856573 0.597061 1.00939 0.520354 0.798236 1.00719 0.426596 0.351011 0.816617 0.787166 1.17143 0.241072 0.294932 0.599434 0.340472 0.800345 0.425669 1.1742 0.900709 0.962236 0.0930267 0.266004 0.755722 0.481469 0.738491 0.518677 0.861589
0.706571 0.275696 0.848005 0.540925 0.441703 1.05443 0.979033 0.788247 0.730469 0.570571 0.411257 0.515471 1.09387 0.435554 0.602149 0.290378 0.836053 0.865555 0.661147 0.379229 0.988014 0.570705 0.080355 0.618906 0.898653 0.96945 0.57997 1.01286 0.285491 0.142704 0.664813 0.42961 0.995172 0.283049 0.451911 1.01984 0.625406 0.827395 0.634948 0.928448 0.713224 1.06684 0.56633 0.329065 1.14857 0.207855 0.366657 0.458077 0.962878 0.448507 1.2598 0.350492 0.933021 0.852643 0.411172 0.168602 0.656655 0.766481 0.96708 0.241043 0.289384 0.511905 0.528273 0.924842 0.373138 1.15807 1.10447 0.920598 0.311267 0.187095 0.700087 0.716673 0.980737 0.793594 0.614894
0.580962 0.354672 0.806136 0.602892 0.611519 1.07842 0.908459 0.639558 0.785691 0.486963 0.3293 0.639993 1.04802 0.376116 0.764281 0.276812 0.91307 0.612964 0.819663 0.447226 1.16702 0.469748 0.251469 0.743794 0.862868 0.870982 0.466454 0.883434 0.269313 0.269171 0.61462 0.515187 0.877034 0.194285 0.542051 1.06789 0.524089 0.794545 0.720875 0.933158 0.791523 1.0863 0.713748 0.39165 1.06124 0.394334 0.445664 0.521154 0.998341 0.527649 1.08255 0.560741 0.864251 1.01388 0.481504 0.138823 0.788531 0.60504 0.926411 0.28889 0.124327 0.423191 0.44361 0.905517 0.398803 1.12193 0.965077 0.949761 0.26591 0.322753 0.665183 0.472325 0.772687 0.688223 0.821748
0.751517 0.368399 0.853977 0.729001 0.63761 1.11917 0.887956 0.59628 0.761028 0.457748 0.271283 0.632739 1.1049 0.345786 0.821667 0.241673 0.969281 0.809384 0.543373 0.182102 1.00263 0.581312 0.333738 0.769574 0.774167 0.769418 0.609836 0.848426 0.406486 0.0451068 0.670384 0.314291 1.11778 0.368435 0.532066 0.903454 0.578192 0.94313 0.686008 1.01666 0.773642 1.04476 0.744925 0.293573 0.931757 0.372362 0.47612 0.372921 1.07319 0.495076 1.10972 0.621645 0.90305 0.877852 0.383912 0.209429 0.905177 0.762168 1.19766 0.272398 0.141987 0.588889 0.381894 0.963039 0.326024 0.932375 1.10722 1.068 0.245653 0.118787 0.774395 0.70784 0.834759 0.605696 0.705527
0.63114 0.366851 0.690105 0.706713 0.544636 0.980297 1.04139 0.720893 0.797524 0.57719 0.306471 0.417742 0.916852 0.268519 0.534372 0.362255 0.793601 0.644507 0.822569 0.192812 1.11249 0.329636 0.0851894 0.517414 0.872308 0.773228 0.414373 0.920969 0.406148 0.21754 0.842721 0.314136 1.12891 0.38587 0.53554 0.892519 0.61714 0.80293 0.805926 1.04393 0.617555 1.09983 0.608972 0.359173 0.997816 0.217848 0.258982 0.451048 0.939926 0.404394 1.13738 0.362285 0.791789 0.953818 0.574937 0.301047 0.812713 0.772466 0.951623 0.239113 0.120612 0.695697 0.427609 0.800623 0.338419 0.988082 1.06912 1.08737 0.35501 0.0842697 0.729681 0.528366 0.798054 0.523083 0.86266
0.724542 0.39264 0.843849 0.563586 0.433499 1.12854 0.847128 0.599379 0.809899 0.619261 0.289121 0.477456 0.864 0.396285 0.550898 0.26838 0.999354 0.836338 0.759058 0.272335 1.15696 0.410545 0.300987 0.68176 0.723769 0.783563 0.388155 0.834897 0.430845 0.0143373 0.692802 0.435067 1.08069 0.152906 0.318057 0.943946 0.623692 0.934106 0.637165 0.994322 0.858519 0.994935 0.655266 0.264974 1.13472 0.235743 0.36372 0.323106 1.0815 0.345796 1.08489 0.454001 0.744978 1.04535 0.425303 0.127148 0.634851 0.732498 0.940809 0.203933 0.179528 0.545914 0.537371 0.768692 0.1504 1.07455 0.851338 1.08149 0.275315 0.0595542 0.711071 0.505037 0.748684 0.700961 0.752146
0.729761 0.392954 0.938354 0.601131 0.649824 0.994164 1.07846 0.710819 0.794874 0.50352 0.439303 0.500111 1.07338 0.499286 0.748919 0.173157 1.04608 0.794004 0.592604 0.42634 1.25579 0.524784 0.289289 0.637828 0.670424 0.86116 0.479597 0.870617 0.477586 0.14229 0.830491 0.444958 0.917587 0.330477 0.310776 1.04717 0.689106 0.662185 0.653933 0.873152 0.751474 0.941698 0.789989 0.278312 0.887935 0.325334 0.486232 0.288946 0.904786 0.487927 1.03657 0.500011 0.765901 0.879696 0.326947 0.252042 0.874685 0.611851 0.959577 0.0578897 0.342988 0.429586 0.383383 0.751105 0.400837 1.16908 0.953777 1.16619 0.193828 0.0770908 0.586814 0.446428 0.89605 0.747495 0.645684
0.537699 0.384339 0.711637 0.69323 0.639867 0.924772 0.900408 0.598824 0.762498 0.642926 0.343478 0.58218 0.97197 0.333425 0.633329 0.237915 0.903219 0.831099 0.660266 0.182856 1.24228 0.594167 0.260796 0.677419 0.933336 1.001 0.410573 0.824602 0.339573 0.294502 0.631475 0.405489 0.982108 0.33212 0.475526 0.846209 0.628074 0.889973 0.725915 0.906433 0.792115 1.12177 0.709457 0.332044 0.977053 0.470319 0.326608 0.51457 1.00475 0.358437 1.10666 0.471462 0.97683 1.0809 0.461821 0.226371 0.832036 0.698317 1.1845 0.0912744 0.325918 0.502883 0.355035 0.772234 0.4062 1.09074 0.828379 1.1005 0.182283 0.323277 0.601127 0.454174 0.822236 0.594279 0.844658
0.715169 0.154194 0.805247 0.568268 0.493684 1.17028 1.06344 0.822819 0.64569 0.519425 0.353911 0.583619 0.968936 0.503272 0.610033 0.153696 0.986257 0.614535 0.690194 0.237739 1.06457 0.51345 0.238789 0.78871 0.766147 0.850555 0.340659 1.00162 0.331689 0.275864 0.612394 0.48787 0.962411 0.205696 0.393668 0.841546 0.812874 0.812651 0.747967 0.82168 0.888598 1.10932 0.535163 0.324221 1.08709 0.413543 0.305021 0.498648 0.834716 0.367633 1.21028 0.410031 0.987605 0.967222 0.490108 0.129199 0.667917 0.575191 1.10781 0.178414 0.178531 0.444606 0.526748 0.978422 0.443482 1.18022 0.8449 1.13206 0.181098 0.240002 0.686609 0.52868 0.795224 0.759605 0.720552
0.724087 0.175861 0.836406 0.672537 0.547734 0.904054 0.857107 0.56452 0.682134 0.430674 0.193024 0.694028 1.07617 0.215159 0.727201 0.0961101 1.04271 0.851898 0.569294 0.255937 1.22967 0.474062 0.193918 0.61998 0.82999 0.867425 0.53665 1.00311 0.447447 0.301482 0.605631 0.452293 0.987442 0.242162 0.557255 1.05303 0.803008 0.89727 0.882029 1.06851 0.663428 0.847159 0.648645 0.331163 1.00057 0.413731 0.507535 0.435618 1.05936 0.549903 1.20939 0.364158 0.778728 1.05081 0.347225 0.23942 0.715147 0.629877 1.12242 0.144525 0.252706 0.439457 0.477931 0.990573 0.265327 1.07787 0.809843 1.14028 0.205276 0.337626 0.730482 0.502657 0.738866 0.614016 0.870302
0.747832 0.208472 0.683415 0.664856 0.625819 0.928569 0.849792 0.758214 0.838973 0.369741 0.360402 0.534621 0.913434 0.291824 0.56588 0.222288 1.03238 0.72042 0.535638 0.342714 0.970212 0.384252 0.293217 0.730709 0.661847 0.895038 0.354262 1.0428 0.466887 0.235055 0.618665 0.553744 0.92646 0.331662 0.41322 1.04581 0.572929 0.861693 0.725797 1.04042 0.85563 1.00161 0.594422 0.262359 0.996198 0.386316 0.238986 0.290275 0.802248 0.556248 1.14464 0.523314 0.914333 1.12166 0.568002 0.261049 0.721456 0.610101 0.96654 0.0504477 0.083581 0.434681 0.602178 0.831751 0.442092 0.910879 0.851425 0.930097 0.195737 0.321364 0.715242 0.577488 0.770796 0.718296 0.693748
0.721074 0.148664 0.937926 0.704994 0.421348 1.04929 1.01108 0.624028 0.910303 0.542648 0.461407 0.61396 0.927457 0.372791 0.623017 0.22324 1.00804 0.609336 0.718249 0.311272 1.18451 0.466587 0.142896 0.754607 0.77723 0.995743 0.432208 0.814047 0.299371 0.243724 0.634939 0.564575 0.852806 0.15525 0.537903 0.940914 0.618688 0.804312 0.715289 1.04739 0.841331 0.835121 0.809258 0.274463 0.889345 0.237782 0.503549 0.535667 1.00042 0.590993 1.09984 0.372078 0.85455 0.853277 0.572347 0.194369 0.819566 0.582228 1.14346 0.0559047 0.181977 0.66435 0.523879 0.912714 0.424437 0.957981 0.94885 0.935279 0.295639 0.242224 0.753506 0.564201 0.777193 0.725035 0.621444
0.510739 0.169943 0.774949 0.759719 0.621048 1.00546 0.952697 0.667309 0.909593 0.377692 0.309975 0.644424 0.879107 0.491128 0.714476 0.329442 1.04188 0.60747 0.703824 0.389516 1.08953 0.513689 0.0669846 0.62686 0.767429 0.867047 0.39652 0.941594 0.363499 0.259673 0.592684 0.538559 0.943382 0.367691 0.356378 1.00745 0.532193 0.794805 0.856133 0.871734 0.68876 1.10224 0.70839 0.265593 1.07565 0.31991 0.400375 0.373348 0.883993 0.328512 1.05321 0.582323 0.737455 1.13126 0.418483 0.360349 0.865164 0.732038 0.957777 0.296662 0.317181 0.598245 0.485262 0.981418 0.363283 1.15251 0.865578 1.01467 0.270054 0.323193 0.743761 0.529703 0.961384 0.697393 0.778216
