25 75
0.763406 0.862343 0.787127 1.01385 0.989445 0.579426 1.08611 0.355301 0.601522 0.412697 0.0985322 1.04858 0.514095 0.825472 0.530921 0.664449 0.217484 0.630184 0.24639 0.822985 0.66524 1.17603 0.796217 0.156913 0.808044 0.603663 0.569614 0.651734 0.66256 0.322413 1.1069 0.625631 1.06069 0.322693 0.479538 0.996892 0.904345 0.650407 0.432993 0.827355 0.820008 0.58999 0.977982 0.127521 0.833761 0.241945 0.848054 0.508944 0.734087 1.15485 0.807644 0.893329 0.336522 0.0705945 0.236167 0.926733 0.586104 0.686386 0.313503 1.28485 1.06072 1.09037 0.0425975 0.572623 0.619815 0.868376 0.891042 0.130841 0.86887 0.553983 0.147338 1.19836 0.917129 1.02246 0.76209
0.730129 0.695459 0.657449 1.04825 0.991091 0.595572 1.09838 0.483439 0.62485 0.229362 0.271903 0.925549 0.446518 0.903748 0.404996 0.40635 0.357433 0.546844 0.307252 0.799344 0.81032 1.01425 0.658513 0.228922 0.855506 0.606581 0.553483 0.509771 0.600503 0.334962 1.02295 0.713907 0.993351 0.404425 0.302039 1.05964 1.00964 0.596738 0.551692 0.911115 0.893684 0.567154 0.804614 0.197278 0.898016 0.182863 0.813072 0.574136 0.64104 0.925864 0.72253 0.895551 0.440701 0.312637 0.363739 0.905818 0.716478 0.723936 0.360535 1.07223 1.08626 1.00446 0.114201 0.788911 0.692221 0.606664 0.842647 0.105015 0.886911 0.453407 0.150546 1.13041 1.11845 1.10605 0.758418
0.755313 0.867072 0.922039 1.0346 0.917159 0.364433 1.1922 0.548125 0.723936 0.243585 0.0817173 1.09927 0.42718 0.676409 0.479414 0.622803 0.244726 0.660649 0.306984 0.831014 0.686396 1.12212 0.655471 0.301365 0.631026 0.847681 0.633249 0.571219 0.791468 0.493466 1.09031 0.882567 1.16319 0.231219 0.368607 0.903221 0.919447 0.657048 0.477516 0.975062 0.761897 0.610375 0.742879 0.170167 0.924196 0.272256 0.863987 0.526409 0.675573 0.973083 0.859462 0.656 0.386267 0.0867712 0.2183 0.85048 0.529097 0.799953 0.368181 1.05135 1.04092 1.10619 0.15165 0.551433 0.5025 0.884224 0.796366 0.301992 0.761291 0.413964 0.371274 1.03572 1.06393 1.0507 0.606572
0.693583 0.831061 0.80532 0.839456 1.15696 0.563981 1.22611 0.472593 0.792458 0.377596 0.134927 0.919699 0.388668 0.715241 0.591428 0.573107 0.284988 0.648417 0.493491 0.734 0.795063 0.985116 0.732363 0.283223 0.835613 0.824293 0.73472 0.587231 0.821784 0.505388 0.974332 0.869253 0.96143 0.239074 0.254223 0.789068 0.808698 0.498192 0.387584 0.915095 0.624602 0.835387 0.951646 0.343588 0.836077 0.262833 0.956986 0.517165 0.799094 1.0105 0.694303 0.756469 0.581 0.186079 0.415889 0.950678 0.649659 0.694562 0.263083 0.997704 0.888525 0.908876 0.229477 0.724053 0.72158 0.793869 0.749359 0.152156 0.880944 0.492888 0.227297 1.16886 0.985069 1.03913 0.608721
0.830482 0.805624 0.910561 0.82412 0.943528 0.51581 1.15045 0.393617 0.744486 0.203674 0.023222 0.912068 0.436594 0.771005 0.548355 0.507448 0.325686 0.523192 0.250073 0.749315 0.688961 1.17668 0.575606 0.0617366 0.888368 0.616053 0.684624 0.49086 0.83327 0.337497 1.22077 0.670221 1.17526 0.321592 0.477065 0.872244 0.915039 0.509379 0.406095 0.915786 0.906291 0.585665 0.945241 0.310436 0.81298 0.202529 0.72853 0.695509 0.736877 1.02734 0.817569 0.863868 0.496034 0.0384935 0.363089 0.988568 0.476859 0.703937 0.412111 1.1491 0.991847 1.05574 0.165986 0.590273 0.428923 0.877498 0.801427 0.164059 0.95331 0.348915 0.325287 1.23168 0.928511 1.1065 0.847631
0.690039 0.96812 0.629675 1.05198 0.946577 0.428647 1.07223 0.517637 0.793024 0.279634 0.312347 0.99199 0.488238 0.768288 0.637459 0.602772 0.0842376 0.704638 0.322225 0.920144 0.715154 1.26387 0.567702 0.212662 0.805808 0.702864 0.720039 0.616355 0.704517 0.309903 1.13764 0.741608 1.14304 0.437176 0.406429 0.854416 0.985815 0.605164 0.375826 1.0279 0.879899 0.831141 0.876975 0.376216 0.930664 0.129909 0.965766 0.610907 0.849432 1.0607 0.843535 0.913042 0.599908 0.15099 0.401102 1.02434 0.55171 0.838073 0.265092 1.09075 1.12871 1.05088 0.284018 0.638653 0.723225 0.716307 1.0013 0.338803 0.869997 0.33538 0.209612 1.10556 1.01271 1.21361 0.743204
0.927332 0.842549 0.743171 0.952662 0.944659 0.504457 1.0623 0.418819 0.787282 0.311186 0.151109 1.06755 0.553371 0.956969 0.66781 0.462627 0.0780294 0.658498 0.212158 0.917626 0.752079 1.052 0.545666 0.13318 0.898966 0.722072 0.78122 0.63757 0.706491 0.275738 0.960761 0.743301 1.02377 0.186759 0.251743 0.867071 1.00774 0.70908 0.549479 1.04301 0.647196 0.723891 0.730787 0.256268 0.787431 0.356803 0.981368 0.518624 0.748547 0.941616 0.879438 0.823629 0.597665 0.194308 0.336805 1.08759 0.559195 0.606367 0.255045 1.15123 1.01908 0.931662 0.198731 0.807961 0.544005 0.642136 0.917567 0.244276 0.701678 0.464929 0.19468 1.03743 0.963098 1.16372 0.638654
0.743843 0.970215 0.857286 0.962973 1.09989 0.497003 1.17135 0.333295 0.706189 0.182874 0.0385941 0.972263 0.509511 0.720861 0.657311 0.651956 0.240939 0.71046 0.226202 0.69546 0.722811 1.13293 0.610771 0.173481 0.689024 0.699202 0.548683 0.656316 0.744393 0.429854 1.05642 0.736326 1.0121 0.220044 0.429317 1.00413 1.03759 0.682418 0.599481 0.871555 0.699536 0.6157 0.737101 0.237717 0.994433 0.156231 0.926074 0.70047 0.720064 1.09203 0.777854 0.834981 0.468292 0.189052 0.408282 0.862207 0.707424 0.665034 0.504686 1.02766 0.901269 0.869218 0.0138445 0.63633 0.675085 0.814339 0.911045 0.236305 0.834694 0.565226 0.251066 1.17025 0.943271 1.06836 0.759055
0.886847 0.942981 0.781164 0.81404 1.20324 0.574083 1.06695 0.600806 0.780963 0.31468 0.150402 0.996829 0.442376 0.704389 0.420196 0.472245 0.172774 0.461865 0.236948 0.782386 0.882233 1.12298 0.612355 0.0245923 0.643235 0.63412 0.759151 0.499666 0.708197 0.324572 1.18145 0.720553 1.13153 0.387575 0.399618 0.995207 1.01393 0.675319 0.605512 0.784421 0.869485 0.568799 0.786931 0.402781 0.775435 0.408825 1.00382 0.594073 0.797347 0.947246 0.788288 0.910832 0.517426 0.319578 0.377818 0.833151 0.661038 0.759848 0.290292 1.20322 0.918563 1.11817 0.16326 0.522842 0.476391 0.647679 0.735094 0.270055 0.967666 0.468823 0.373288 1.04331 1.11001 1.12672 0.78258
0.670501 0.688072 0.90227 1.04181 1.01888 0.562432 0.956237 0.510706 0.770416 0.428904 0.135078 0.97753 0.641641 0.860965 0.613367 0.490638 0.334006 0.724971 0.244495 0.876549 0.841929 0.985789 0.744886 0.295911 0.650763 0.67137 0.507363 0.728219 0.708249 0.275596 0.998976 0.651525 0.952612 0.286609 0.479907 1.05015 0.886533 0.740256 0.387115 0.887044 0.851507 0.664643 1.01575 0.172473 0.736611 0.174033 0.935814 0.57248 0.774414 0.92201 0.844029 0.621791 0.570367 0.252899 0.410223 1.08922 0.661376 0.587171 0.320394 1.06384 1.10217 1.08568 0.0934059 0.570774 0.701193 0.743698 0.946152 0.0456971 0.837885 0.492261 0.394352 1.2299 0.894463 1.21951 0.664284
0.898367 0.767897 0.769382 0.925275 0.972878 0.601326 1.13625 0.335746 0.696085 0.354925 0.0830029 0.968037 0.491625 0.693706 0.568162 0.562116 0.173682 0.746952 0.303742 0.703192 0.808365 0.989247 0.702814 0.178482 0.81697 0.652954 0.554289 0.480514 0.699748 0.248706 1.19676 0.793466 0.946014 0.263154 0.472156 0.869018 1.04971 0.62585 0.479411 0.910616 0.670554 0.560214 1.01625 0.136054 1.0053 0.199808 0.741475 0.701459 0.815312 1.06242 0.778146 0.787955 0.625534 0.144059 0.406356 0.969319 0.63347 0.818495 0.292333 1.19496 0.89719 0.923948 0.194872 0.550653 0.555345 0.740262 0.82074 0.0991196 0.920686 0.393558 0.16807 1.08994 1.02016 1.08775 0.637266
0.752084 0.849011 0.881229 0.956681 0.922836 0.627281 1.18198 0.337087 0.725372 0.18977 0.182592 1.03251 0.53021 0.723385 0.544962 0.469937 0.33865 0.588875 0.39082 0.760395 0.858705 1.04776 0.532419 0.18002 0.739809 0.768682 0.782898 0.644689 0.860025 0.261299 0.974113 0.83282 0.921134 0.24879 0.275497 0.824703 0.824533 0.492976 0.526874 0.943221 0.839632 0.693547 0.917695 0.181545 0.904632 0.396361 0.932581 0.690874 0.876612 1.12965 0.908152 0.692942 0.55626 0.0398438 0.191078 0.845471 0.522598 0.604654 0.51681 1.10511 1.10214 1.0357 0.0948999 0.68373 0.666417 0.688149 0.878376 0.211021 0.865751 0.3374 0.373037 1.12802 1.01835 0.995068 0.75965
0.892919 0.977554 0.710151 0.844085 0.986414 0.644298 1.20811 0.341935 0.564571 0.30268 0.178778 1.03163 0.593591 0.957762 0.399519 0.501599 0.323998 0.522543 0.477461 0.735089 0.723094 1.0633 0.731136 0.229723 0.897007 0.733022 0.552767 0.624479 0.663667 0.506849 1.1646 0.865093 1.1594 0.218436 0.440938 0.777768 1.07736 0.612795 0.563908 0.819605 0.676421 0.633235 0.9559 0.156115 0.948775 0.354289 0.924756 0.544276 0.668031 1.11109 0.732837 0.689966 0.328044 0.180181 0.126483 1.11217 0.595686 0.702124 0.384444 1.21457 1.04489 0.943719 0.0944233 0.786717 0.528963 0.825672 0.904872 0.103273 0.706646 0.59038 0.300035 1.16543 1.13341 1.13198 0.678347
0.905707 0.696782 0.695069 1.03848 1.16009 0.460493 1.16644 0.581882 0.767872 0.381982 0.222456 1.02435 0.448236 0.711418 0.54909 0.69136 0.114452 0.455645 0.32178 0.700815 0.638964 1.10533 0.638055 0.248312 0.827139 0.79472 0.656178 0.541778 0.590421 0.273357 1.24843 0.910923 0.898453 0.218584 0.415563 0.810761 0.826392 0.593353 0.487025 0.817159 0.78276 0.64846 0.891137 0.331096 0.824543 0.241034 0.777698 0.450566 0.645954 1.15258 0.910756 0.823202 0.492956 0.270805 0.277467 0.874793 0.680922 0.775237 0.260433 1 0.898506 1.11397 0.276023 0.59073 0.697435 0.671648 0.94664 0.223583 0.850072 0.607709 0.250005 1.22247 0.889799 0.962847 0.759175
0.917596 0.777413 0.78775 0.810378 1.03869 0.377908 0.991264 0.344703 0.566723 0.30444 0.248692 0.970897 0.661676 0.93881 0.530314 0.540606 0.273918 0.621134 0.45958 0.860139 0.849777 1.05901 0.807918 0.0498958 0.884172 0.607511 0.790428 0.664332 0.761522 0.32508 1.14205 0.780646 1.09159 0.212792 0.401749 1.04493 0.86164 0.660278 0.575129 0.800883 0.653585 0.574633 0.861088 0.335659 0.74808 0.207718 0.808571 0.457434 0.639919 1.17638 0.702153 0.853213 0.401166 0.112949 0.118667 1.07676 0.654505 0.835079 0.394612 1.00313 1.00928 1.03794 0.200611 0.537791 0.634154 0.84047 0.936969 0.0783249 0.861077 0.346781 0.219163 1.15763 0.887489 1.08446 0.84734
0.719333 0.865314 0.922577 0.932498 1.08458 0.487313 1.02278 0.384748 0.730098 0.471865 0.248833 0.925554 0.52671 0.792919 0.63462 0.678192 0.243011 0.717692 0.492413 0.958195 0.832602 1.20771 0.654984 0.240923 0.878259 0.714341 0.638116 0.561994 0.864652 0.382207 1.12966 0.866403 1.14103 0.17616 0.470959 0.88045 0.972296 0.665901 0.376738 0.929577 0.700162 0.639197 0.857104 0.203517 0.98261 0.313017 0.747351 0.408779 0.82433 1.05447 0.794818 0.693175 0.34697 0.240405 0.225246 0.981479 0.610071 0.769324 0.295313 1.22047 1.12404 0.910944 0.2917 0.675467 0.591893 0.614657 0.908979 0.0916929 0.704337 0.511294 0.172594 1.22143 0.960474 0.979375 0.63167
0.724999 0.841353 0.855639 0.853012 0.994847 0.500522 1.11344 0.575683 0.53603 0.466891 0.135885 1.11195 0.434351 0.780866 0.494767 0.61874 0.2351 0.488212 0.305304 0.875863 0.889706 1.13313 0.758787 0.0433066 0.869464 0.713309 0.530554 0.715026 0.814811 0.500826 1.21982 0.641657 1.03545 0.429509 0.363711 0.916478 1.0544 0.63545 0.54319 1.03343 0.835564 0.597553 0.723573 0.269771 0.826383 0.307136 0.958414 0.555416 0.766176 0.95222 0.797437 0.793455 0.580266 0.123094 0.277852 1.12433 0.609469 0.650755 0.468663 1.113 1.02067 0.929647 0.0709886 0.634474 0.455407 0.671847 1.01732 0.282129 0.85135 0.414547 0.414464 1.12755 0.896439 0.966196 0.80337
0.804481 0.709011 0.673154 0.808668 1.08496 0.409035 1.11297 0.344498 0.601388 0.290955 0.165399 0.952195 0.550288 0.773433 0.433604 0.652433 0.162878 0.722358 0.501355 0.781239 0.886091 1.07256 0.530966 0.283128 0.858771 0.722449 0.778191 0.559746 0.715193 0.4071 1.25433 0.737364 1.10479 0.328566 0.346796 1.0314 0.937145 0.536316 0.478742 1.06886 0.85067 0.811481 0.805196 0.31811 0.766605 0.217325 0.705865 0.691708 0.767304 0.895006 0.659541 0.677711 0.444011 0.0322005 0.149266 0.95217 0.66569 0.846493 0.339378 1.0979 1.12715 0.894151 0.229072 0.590065 0.720601 0.650543 0.819084 0.13615 0.93858 0.39659 0.35797 1.06724 0.968786 1.13288 0.675445
0.86831 0.865652 0.896729 0.825255 0.955499 0.38966 1.07653 0.560569 0.510772 0.472438 0.0462911 1.06324 0.498927 0.767404 0.395111 0.434088 0.109489 0.694888 0.242343 0.989454 0.681537 1.1347 0.722588 0.0922918 0.719048 0.749332 0.644746 0.687251 0.586847 0.368694 1.17305 0.648061 0.902028 0.314863 0.440193 0.88674 1.01105 0.631911 0.602839 0.876844 0.825699 0.808746 0.83019 0.277847 0.839816 0.421469 0.789372 0.687679 0.70864 0.87896 0.746744 0.780853 0.518863 0.243155 0.346047 1.06285 0.576984 0.811676 0.281355 1.19364 0.935314 0.940461 0.197226 0.60192 0.69855 0.706936 0.948265 0.189819 0.743305 0.56617 0.360181 1.03878 1.16253 1.12651 0.709307
0.740882 0.844738 0.654525 0.861464 1.02741 0.373375 1.10739 0.383689 0.584233 0.266511 0.288982 0.956604 0.541659 0.76094 0.556003 0.543108 0.121056 0.625842 0.31002 0.696772 0.693552 1.0329 0.66481 0.0342685 0.619958 0.828891 0.671564 0.712243 0.67365 0.28653 1.24201 0.711864 0.929594 0.285115 0.47572 0.764113 0.86941 0.735308 0.390429 0.869849 0.906085 0.644936 0.907038 0.144036 0.730443 0.238036 0.900436 0.691325 0.84075 1.02699 0.826101 0.706239 0.355332 0.0550561 0.378467 1.12246 0.462808 0.837792 0.374341 1.23202 1.01636 1.02471 0.208844 0.563408 0.593802 0.757141 0.813311 0.0819861 0.832353 0.495827 0.383571 1.17174 1.02496 1.11304 0.578053
0.689959 0.718858 0.756016 1.08027 1.07615 0.459688 1.06101 0.3656 0.509468 0.475936 0.151849 1.0763 0.637422 0.663451 0.549647 0.674832 0.195693 0.55109 0.477043 0.95684 0.85049 1.10028 0.760875 0.117019 0.731352 0.787395 0.612346 0.556894 0.670349 0.476845 1.1434 0.760537 1.08457 0.35725 0.492868 0.98855 1.02597 0.773999 0.593064 0.997146 0.718422 0.698654 0.793303 0.204575 0.763961 0.322604 0.853637 0.460447 0.647091 0.941277 0.696361 0.713544 0.599476 0.234282 0.394378 0.960303 0.506875 0.839882 0.510863 1.13857 1.03588 1.02061 0.0806243 0.754451 0.591834 0.860553 0.85854 0.119162 0.874137 0.338643 0.326954 1.17913 1.04725 1.03876 0.585619
0.806095 0.868379 0.875275 0.87511 1.18412 0.374663 1.09462 0.390196 0.602195 0.399989 0.0578073 1.0809 0.632557 0.67281 0.660149 0.587268 0.341435 0.723226 0.333481 0.843438 0.787282 1.18217 0.603057 0.0733804 0.890588 0.764244 0.62183 0.488016 0.864923 0.454208 1.06535 0.746766 1.02816 0.291507 0.310735 0.959883 1.0685 0.609461 0.386543 0.821016 0.855028 0.723397 0.880139 0.168106 0.988104 0.382724 0.881103 0.518129 0.773652 1.07314 0.757633 0.80892 0.397375 0.0969029 0.294207 0.926077 0.670363 0.737315 0.364046 1.18369 0.853339 0.936434 0.267807 0.603327 0.72183 0.611957 0.750521 0.279583 0.836591 0.371371 0.198594 1.15845 1.00828 1.21015 0.622545
0.785459 0.815015 0.84439 1.04171 1.18201 0.385017 0.99498 0.436927 0.507733 0.343694 0.119093 1.03168 0.607293 0.742785 0.543688 0.647226 0.347193 0.458371 0.427077 0.729184 0.832267 1.05796 0.746952 0.25048 0.781733 0.626288 0.596781 0.750441 0.757121 0.493684 1.02843 0.708164 0.987699 0.338016 0.46535 1.01552 0.794225 0.59744 0.408154 1.07804 0.782311 0.828686 0.878925 0.394903 0.981164 0.330517 0.875169 0.607966 0.637483 1.0855 0.811227 0.6503 0.39148 0.0352739 0.361042 0.990099 0.578298 0.669666 0.428003 1.13754 1.14845 0.948733 0.0573353 0.631441 0.71169 0.618663 0.825297 0.296659 0.807636 0.563252 0.213471 0.977614 1.06071 1.02749 0.783072
0.944066 0.785107 0.752592 1.05573 1.05563 0.359716 1.03342 0.354322 0.790547 0.475484 0.0748181 1.09465 0.507809 0.931613 0.609641 0.550046 0.152413 0.745478 0.382046 0.794534 0.861377 1.0612 0.764902 0.11232 0.715593 0.694251 0.65535 0.714274 0.727085 0.466598 1.00346 0.817166 0.949907 0.248967 0.495297 1.02928 0.988596 0.590921 0.497328 0.933056 0.628354 0.66991 0.834402 0.215158 0.785463 0.421666 0.731174 0.699899 0.773901 0.903358 0.907584 0.721136 0.580605 0.186175 0.343469 0.926114 0.523567 0.868262 0.272721 1.28364 0.909771 0.912945 0.144777 0.703011 0.570898 0.805814 0.745396 0.227755 0.946219 0.400953 0.388278 1.05051 1.03475 1.14697 0.67302
0.757317 0.842461 0.855081 1.02011 1.17764 0.414708 1.09394 0.35606 0.528791 0.274055 0.28153 1.08202 0.517875 0.743304 0.62743 0.432094 0.0861943 0.603947 0.344599 0.921652 0.742022 1.11313 0.770213 0.116326 0.708455 0.841372 0.504114 0.532316 0.863645 0.310107 1.06013 0.752088 1.11834 0.403538 0.383317 0.969327 0.816789 0.630803 0.520191 0.825089 0.88844 0.754863 0.797427 0.272318 0.781436 0.374046 0.812336 0.544017 0.693836 0.95326 0.850432 0.751751 0.48501 0.128558 0.375624 1.11275 0.435355 0.69442 0.451594 1.02174 0.852811 0.834215 0.12993 0.585326 0.437591 0.710681 0.782674 0.056136 0.920907 0.410387 0.26363 1.04084 1.06628 0.996475 0.577123
