25 75
0.363346 0.477804 0.489481 0.300714 1.2124 0.533106 0.165187 0.82714 0.703514 0.366944 0.43893 0.985198 0.49437 0.501658 0.26956 0.662111 0.452565 0.694044 0.338598 1.16698 0.379946 0.605921 0.509381 0.827866 0.508708 0.380666 1.20604 0.721326 0.549172 0.927741 0.585999 0.853442 0.931636 1.14578 0.347902 0.0670353 0.522958 0.529418 0.254541 0.73455 0.851769 1.10786 0.759391 0.962929 0.722861 1.07399 0.950141 0.642096 0.0269984 0.796432 0.841863 0.901402 0.714383 0.478615 0.57942 0.346934 0.764691 0.376098 0.378091 0.966255 0.551822 0.912225 0.88572 1.16936 0.920107 0.841161 0.542789 0.933877 0.931221 1.00634 0.602282 0.667149 0.0641168 0.227648 0.392945
0.325928 0.54865 0.58624 0.175136 1.19602 0.642751 0.249982 0.815789 0.593742 0.502577 0.571092 1.14119 0.264155 0.476342 0.453509 0.619652 0.622529 0.916346 0.384156 1.07553 0.335664 0.533821 0.484378 0.585032 0.590519 0.304239 1.05399 0.672747 0.543845 0.814188 0.433885 0.916968 0.875199 1.03792 0.516522 0.297164 0.561839 0.579267 0.375512 0.743385 0.903164 1.05443 0.711998 1.14961 0.627194 0.814444 0.869633 0.620021 0.284208 0.803533 0.940368 1.11464 0.769419 0.564441 0.368506 0.211179 0.683312 0.351303 0.462757 0.968559 0.68156 0.860546 0.912326 1.01716 1.10453 0.643187 0.43253 0.787071 0.93072 1.03174 0.322864 0.583135 0.273784 0.343623 0.376519
0.335363 0.477824 0.60302 0.355057 1.26937 0.450132 0.364979 0.942491 0.708247 0.372719 0.474779 0.950744 0.329486 0.349559 0.222798 0.564493 0.477194 0.848647 0.385628 1.00768 0.32436 0.380721 0.385743 0.677463 0.778858 0.480711 1.14309 0.681976 0.360116 0.741648 0.552814 0.920631 0.94958 0.895094 0.52983 0.185563 0.414377 0.642728 0.492976 0.948279 0.658616 1.05348 0.721718 1.0242 0.731132 0.803308 0.977796 0.567172 0.170747 0.832801 0.881738 0.920959 0.746457 0.404063 0.38921 0.124061 0.790392 0.586867 0.358264 1.06444 0.649964 0.997005 1.01125 1.00981 0.873285 0.807579 0.544014 0.881979 1.04592 1.02871 0.409405 0.644987 0.174468 0.386994 0.366386
0.41311 0.558412 0.594267 0.267696 1.26055 0.671818 0.311505 1.04737 0.656353 0.592661 0.447636 1.06599 0.359529 0.243768 0.331526 0.569082 0.483553 0.727183 0.361792 1.0372 0.216526 0.593484 0.559002 0.746273 0.48813 0.373272 1.14585 0.907115 0.390615 0.968077 0.503713 1.01559 0.92751 1.11135 0.424403 0.131402 0.279853 0.680862 0.438053 0.965667 0.635558 1.01763 0.888053 1.18065 0.799045 1.06177 0.824929 0.561798 0.125781 0.65561 0.970601 0.961176 0.613692 0.585213 0.513431 0.364779 0.778826 0.352755 0.318904 1.01343 0.687784 1.06798 1.06821 1.03804 1.00551 0.730326 0.496013 0.809855 1.12854 1.00132 0.494899 0.537697 0.323178 0.261603 0.515965
0.360932 0.359777 0.667534 0.155429 1.04904 0.645374 0.258921 1.01355 0.57784 0.467524 0.322276 1.08986 0.319638 0.324294 0.395182 0.543952 0.516936 0.820817 0.346808 0.902747 0.366379 0.447579 0.360365 0.739746 0.594068 0.505309 1.14783 0.626788 0.555138 0.988579 0.472933 0.819536 0.888682 0.922457 0.635536 0.235068 0.344834 0.570836 0.526633 0.794914 0.733294 1.08713 0.835898 0.999501 0.736733 1.00163 0.696504 0.577206 0.31513 0.860671 1.06599 1.10314 0.865935 0.515976 0.491059 0.338043 0.748136 0.370608 0.339578 0.876924 0.619616 0.946805 0.879187 1.15293 1.0268 0.93303 0.436797 0.850888 1.11574 0.974165 0.485704 0.738494 0.331743 0.186847 0.447495
0.205454 0.34109 0.45385 0.171791 1.25128 0.611381 0.285255 1.07887 0.490654 0.577933 0.391612 1.1192 0.481651 0.495018 0.33885 0.70687 0.449799 0.78178 0.445951 1.1469 0.234943 0.509961 0.502653 0.746668 0.772662 0.254237 1.06317 0.73313 0.450352 0.895092 0.517549 1.03312 0.893537 1.06992 0.477873 0.139776 0.533157 0.641663 0.249154 0.827285 0.887019 0.824624 0.784387 1.06157 0.85179 1.0342 0.70536 0.449258 0.128094 0.807683 0.941962 0.849454 0.607355 0.654652 0.58978 0.116367 0.858939 0.455753 0.225798 0.969548 0.53232 0.999418 0.96963 1.07746 0.992407 0.847634 0.562718 0.893517 0.873031 1.06177 0.548853 0.586428 0.273002 0.263617 0.34108
0.379733 0.336817 0.473992 0.336818 1.10919 0.48007 0.126995 0.991176 0.698093 0.619229 0.412684 1.16486 0.439125 0.3872 0.438772 0.588753 0.435793 0.876277 0.356549 1.05932 0.257909 0.389416 0.53083 0.74215 0.5246 0.488604 1.04346 0.911016 0.388229 0.722859 0.605716 0.960206 0.948693 1.12568 0.40205 0.197933 0.537588 0.610967 0.522723 0.811626 0.775464 0.907708 0.856254 1.11 0.859757 1.01776 0.806554 0.704389 0.0974676 0.869814 0.931285 0.853451 0.864546 0.608965 0.354921 0.370398 0.713164 0.565072 0.439652 0.79091 0.528226 0.934674 0.831848 1.23708 1.09713 0.657926 0.547961 0.770827 1.10175 0.908311 0.308542 0.473786 0.321199 0.140223 0.42889
0.242556 0.510227 0.407997 0.261872 1.02576 0.629578 0.195597 0.982757 0.736003 0.578469 0.337122 0.983019 0.326439 0.354036 0.375361 0.708646 0.613906 0.760381 0.545431 1.0494 0.354117 0.352516 0.500548 0.817214 0.686378 0.295287 1.04946 0.716649 0.474802 0.950891 0.671652 0.858655 0.756783 0.857907 0.581441 0.190866 0.314815 0.681402 0.513559 1.01108 0.723362 0.878286 0.942501 1.15122 0.84752 0.84855 0.922513 0.699791 0.249199 0.870949 0.952453 1.07561 0.752404 0.511065 0.52779 0.15308 0.714877 0.523921 0.435274 0.921484 0.775166 0.899852 0.862347 1.19665 0.929219 0.674567 0.423755 0.96457 1.10191 1.12672 0.420294 0.759381 0.197215 0.177109 0.363263
0.219059 0.396658 0.499062 0.34249 1.19619 0.541032 0.196803 0.86929 0.72178 0.388155 0.4569 1.10497 0.343747 0.364422 0.248714 0.582949 0.550271 0.681161 0.296306 1.09385 0.115728 0.433516 0.426156 0.75735 0.615319 0.408921 1.06438 0.78484 0.34613 0.797183 0.419241 1.0606 0.692536 0.980951 0.508737 0.191374 0.498884 0.697421 0.36717 0.914075 0.647375 1.02084 0.906219 1.12424 0.674171 1.08629 0.954978 0.68972 0.178799 0.869279 0.971418 1.11825 0.728176 0.472011 0.376057 0.183608 0.647199 0.579089 0.222468 0.86056 0.578636 0.991341 0.82099 1.22483 0.86858 0.879308 0.424368 0.964069 1.00391 1.12484 0.424224 0.467231 0.0774605 0.109331 0.342542
0.402129 0.343608 0.519714 0.299319 1.24693 0.46154 0.315377 1.01475 0.454777 0.591561 0.378985 1.07817 0.34136 0.485551 0.361695 0.681652 0.465142 0.783206 0.451027 1.01249 0.27642 0.599746 0.297609 0.595017 0.513728 0.271717 0.952239 0.800493 0.515492 0.854576 0.400732 0.951477 0.851535 0.97486 0.35767 0.0106446 0.319981 0.54061 0.484972 0.908798 0.689747 0.841186 0.67144 1.06731 0.561007 0.855203 0.811094 0.652148 0.265584 0.810537 0.950908 0.986111 0.641809 0.425034 0.425788 0.257644 0.776486 0.576423 0.31241 0.984118 0.585795 1.12102 0.860832 1.10004 0.929962 0.790365 0.330333 0.894321 0.906237 1.09242 0.446947 0.506232 0.17851 0.363776 0.479275
0.387989 0.341331 0.514497 0.230809 1.23146 0.485124 0.18181 1.04935 0.693376 0.50418 0.56549 1.06787 0.38406 0.323428 0.456627 0.496264 0.522733 0.924495 0.544209 1.17092 0.0968294 0.434799 0.315512 0.5827 0.576514 0.473207 1.04521 0.684772 0.458974 0.982557 0.497932 0.836507 0.707429 0.894104 0.621676 0.253532 0.317014 0.663957 0.444254 0.743341 0.864852 1.07052 0.743631 1.06565 0.563292 1.04773 0.918427 0.684298 0.106283 0.6974 1.06888 1.04542 0.851767 0.48173 0.652368 0.266329 0.765746 0.556708 0.511396 0.969782 0.552832 1.13108 1.10085 1.05854 1.00306 0.753893 0.560872 0.922265 1.0949 0.910238 0.536745 0.521501 0.25495 0.220732 0.442088
0.299558 0.3984 0.552483 0.260811 1.07047 0.513333 0.417676 0.852816 0.700984 0.59335 0.453224 1.08731 0.383184 0.342482 0.266151 0.655427 0.569736 0.687593 0.475622 1.16501 0.254345 0.391709 0.50128 0.715701 0.515895 0.346839 1.19862 0.617899 0.447271 0.833596 0.559198 1.03471 0.903476 0.902038 0.59892 0.111228 0.47077 0.641946 0.352535 0.930894 0.780384 1.03907 0.893227 1.14817 0.655574 0.951518 0.869448 0.605032 0.193552 0.718174 0.794012 0.974374 0.805195 0.565616 0.596268 0.277814 0.92366 0.633282 0.320284 0.847942 0.572614 1.08338 0.836509 1.11326 0.911315 0.663462 0.351596 0.836352 0.878094 0.904384 0.337065 0.67699 0.24315 0.278563 0.337462
0.373661 0.424065 0.506013 0.339805 1.00062 0.407586 0.189843 1.05002 0.63964 0.480257 0.458797 1.16852 0.480666 0.246939 0.299297 0.518387 0.495777 0.886837 0.376955 1.12995 0.152763 0.374887 0.499637 0.573869 0.490927 0.502053 1.03751 0.622989 0.486287 0.83252 0.553641 0.961072 0.761817 0.940851 0.43239 0.0969193 0.481584 0.434117 0.272637 0.734287 0.797839 1.07272 0.800288 1.13767 0.566487 0.800361 0.909895 0.573461 0.0761861 0.813487 0.86748 0.953832 0.849564 0.530975 0.378013 0.197208 0.863961 0.420438 0.480732 0.792842 0.530606 1.09444 1.09066 1.09073 1.05411 0.645805 0.460469 0.915351 1.04837 0.957874 0.500212 0.4951 0.160912 0.339118 0.528026
0.254084 0.470803 0.550237 0.279788 1.05089 0.511128 0.172278 0.931644 0.623101 0.402754 0.403256 0.914169 0.4961 0.318975 0.246945 0.580254 0.445233 0.935979 0.462056 1.0012 0.173599 0.402824 0.525754 0.600738 0.720696 0.514242 0.94113 0.883961 0.601723 0.977895 0.431126 0.941481 0.704005 0.991585 0.467292 0.0837659 0.559923 0.52681 0.441653 0.864003 0.647565 0.862116 0.907668 1.09416 0.672191 1.01163 0.729531 0.712211 0.114358 0.9045 0.913027 0.952101 0.70761 0.58655 0.500457 0.224482 0.666031 0.415594 0.361035 0.999582 0.557515 0.920234 0.851125 1.2853 1.068 0.722288 0.339173 0.761144 1.02588 1.14413 0.460067 0.650763 0.264033 0.379468 0.448489
0.184982 0.509981 0.624295 0.159713 1.1301 0.39369 0.164952 0.953674 0.666338 0.430639 0.425435 1.0001 0.449088 0.246082 0.424465 0.487603 0.574744 0.828554 0.361766 0.941631 0.324141 0.399167 0.441083 0.576421 0.77717 0.297925 1.06231 0.711545 0.532745 0.819928 0.492686 0.931835 0.925786 0.857579 0.575507 0.212674 0.386374 0.543877 0.401298 0.945018 0.75669 0.886616 0.871151 0.968885 0.78602 0.918243 0.878755 0.553255 0.106604 0.782777 1.04734 0.993633 0.680003 0.418768 0.373607 0.21902 0.889416 0.41604 0.504968 0.898102 0.749844 1.1059 0.965852 1.16844 1.06539 0.844411 0.58106 0.986333 1.04667 0.998743 0.461341 0.563596 0.103549 0.246997 0.447666
0.347595 0.423195 0.589765 0.197817 1.12623 0.587107 0.399143 0.867748 0.671359 0.400594 0.500894 0.903189 0.270132 0.488823 0.501904 0.545492 0.596281 0.863809 0.383755 0.984247 0.379352 0.615583 0.429087 0.631318 0.489409 0.401973 1.12589 0.66841 0.402615 0.901182 0.554015 0.904916 0.76478 0.870181 0.613352 0.0823117 0.412434 0.450143 0.524702 0.996658 0.787216 0.831534 0.741429 1.2577 0.642743 1.00729 0.889574 0.576132 0.0382311 0.696408 0.859225 1.05502 0.783205 0.454048 0.610553 0.181653 0.840613 0.515194 0.363833 0.877783 0.638234 0.940506 0.82955 1.16335 1.11354 0.881439 0.536785 0.720828 1.05403 1.04324 0.416582 0.653222 0.25202 0.273576 0.476349
0.19893 0.353476 0.439876 0.225538 1.00214 0.442145 0.171273 0.926803 0.655499 0.40841 0.459917 1.11112 0.368853 0.382865 0.378576 0.572431 0.695754 0.761261 0.493158 0.959723 0.29433 0.473784 0.489372 0.765343 0.541607 0.454758 1.02178 0.67467 0.353693 0.782239 0.519409 0.955533 0.970107 0.912724 0.361256 0.123612 0.31238 0.693045 0.341328 0.982437 0.783214 0.858818 0.723659 1.04579 0.726859 0.837364 0.858693 0.598065 0.286407 0.675364 0.795637 0.979409 0.835366 0.521667 0.358636 0.235797 0.82314 0.473362 0.348906 0.85864 0.703658 1.1527 1.07383 1.02966 1.0534 0.670985 0.507475 0.745512 1.04908 0.891215 0.32681 0.727081 0.0783696 0.237932 0.554563
0.372979 0.496793 0.528443 0.226542 1.23844 0.646232 0.325227 0.793563 0.69267 0.639602 0.459105 1.15583 0.426043 0.272013 0.452017 0.586365 0.504613 0.866684 0.290397 0.930115 0.130123 0.573004 0.299505 0.835765 0.505904 0.292697 1.10343 0.661657 0.377646 0.809061 0.53914 0.902941 0.776533 1.03714 0.58097 0.201379 0.362598 0.500743 0.411603 0.898348 0.618432 1.02943 0.657521 1.03348 0.589892 0.871869 0.888781 0.681527 0.113827 0.667802 1.01001 0.953723 0.650046 0.462388 0.654799 0.294598 0.869551 0.507296 0.401302 0.993642 0.751621 0.938197 0.847444 1.28202 1.11381 0.727305 0.556256 0.839614 0.870932 1.05566 0.404469 0.625063 0.310361 0.167754 0.534259
0.330845 0.543701 0.411883 0.0973197 1.20049 0.456083 0.17475 1.06296 0.577147 0.603133 0.451589 1.1355 0.342257 0.378926 0.391947 0.70025 0.58731 0.945911 0.491604 0.936657 0.256356 0.643686 0.479028 0.547136 0.769262 0.519488 1.0676 0.89301 0.508019 0.809111 0.402044 0.87472 0.876062 1.00028 0.458037 0.0158955 0.443111 0.407686 0.452233 0.899764 0.818371 0.896108 0.851168 1.03649 0.615526 0.966075 0.941574 0.628914 0.266581 0.806562 0.840676 0.987049 0.697104 0.613251 0.489203 0.385165 0.851784 0.519405 0.222116 0.84712 0.546423 1.05734 1.08156 1.21789 0.878772 0.711515 0.555201 0.84372 1.07161 0.868629 0.597386 0.625121 0.137857 0.234489 0.430327
0.246128 0.528739 0.662243 0.332136 1.26822 0.577733 0.320735 0.988118 0.460595 0.374983 0.590681 1.03309 0.358206 0.40252 0.404635 0.598857 0.523594 0.929243 0.28763 0.959717 0.333338 0.381537 0.461437 0.742185 0.571721 0.524192 1.18684 0.677122 0.53072 0.923541 0.571465 0.845263 0.941551 0.960436 0.452571 0.243749 0.480581 0.468219 0.37408 0.815476 0.681213 0.974413 0.802001 1.24353 0.578947 0.813172 0.725266 0.653227 0.261139 0.635418 0.960782 1.05994 0.711598 0.679463 0.477898 0.293834 0.654786 0.587117 0.405152 0.78655 0.816454 1.061 0.921849 0.991689 0.83976 0.676146 0.318629 0.758182 1.08854 1.09092 0.382174 0.704936 0.338736 0.319842 0.51771
0.38747 0.343871 0.561265 0.0812662 1.0994 0.664858 0.178065 0.969018 0.518351 0.621359 0.345606 1.11692 0.343114 0.298652 0.244153 0.545017 0.557735 0.748253 0.486332 1.09313 0.297563 0.521648 0.413033 0.539587 0.553314 0.529772 1.15727 0.816522 0.44283 0.985318 0.470721 0.773655 0.694464 0.899565 0.571347 0.109819 0.342426 0.496342 0.514116 1.02677 0.71222 1.02349 0.675814 1.20193 0.709175 0.91474 0.845882 0.642429 0.312022 0.703261 0.86739 1.01167 0.642421 0.441167 0.400347 0.403693 0.849734 0.61759 0.309277 1.06541 0.779746 1.07586 0.992963 1.2329 0.872732 0.838807 0.478717 0.777253 0.905586 1.14083 0.322871 0.58634 0.114776 0.377506 0.371937
0.21094 0.479045 0.502933 0.207864 1.2326 0.60889 0.143456 0.843367 0.476999 0.591344 0.551191 1.07826 0.423033 0.243061 0.48459 0.467018 0.580249 0.763107 0.380194 0.940788 0.232214 0.477884 0.54013 0.828994 0.589326 0.400886 1.197 0.652444 0.404563 0.920869 0.639001 0.912712 0.71171 1.06162 0.518463 0.0549507 0.263396 0.408548 0.417986 0.739654 0.803506 0.8179 0.864325 1.01758 0.85726 0.875813 0.692583 0.70717 0.26804 0.6574 0.888554 1.06318 0.712391 0.569757 0.428938 0.334763 0.786834 0.578145 0.48332 1.00455 0.56413 1.12601 0.98918 1.28006 0.84132 0.796071 0.541925 0.986486 0.947008 0.867322 0.549092 0.642411 0.196968 0.346677 0.311796
0.419107 0.291039 0.647319 0.270514 1.2162 0.531936 0.13753 0.837527 0.458321 0.632895 0.370377 1.12823 0.520287 0.411267 0.412564 0.596029 0.513694 0.803153 0.286883 1.14993 0.364038 0.583609 0.448455 0.738351 0.7421 0.355646 1.08001 0.642319 0.41079 0.823739 0.426331 0.815691 0.956417 0.859117 0.45529 0.297391 0.555266 0.571339 0.455234 1.00885 0.760734 1.05952 0.903716 1.06649 0.736885 0.840425 0.699261 0.638018 0.175149 0.879775 0.817645 0.850684 0.768003 0.468572 0.625461 0.133295 0.64502 0.491348 0.363195 1.0287 0.788383 0.927806 0.972855 1.02792 0.908416 0.738136 0.402894 0.761 1.08846 1.01186 0.541798 0.595627 0.197891 0.28953 0.391881
0.374026 0.485488 0.436837 0.18897 1.01844 0.47265 0.400678 0.975114 0.693341 0.459429 0.463226 1.19325 0.515858 0.317699 0.380302 0.553694 0.544788 0.819375 0.384949 0.904684 0.100046 0.579792 0.515179 0.682448 0.739526 0.424712 0.954807 0.629689 0.335217 0.842727 0.622436 1.05731 0.683979 1.04182 0.519222 0.0583844 0.468481 0.484162 0.451758 0.771359 0.871663 0.90949 0.685902 1.21584 0.595391 0.879005 0.810132 0.653403 0.198393 0.829644 0.988836 1.08358 0.628162 0.693906 0.614041 0.255829 0.905082 0.610375 0.448766 0.823827 0.721875 1.09819 0.898306 1.15166 0.906661 0.805301 0.588851 0.697988 1.10169 1.13824 0.316431 0.758995 0.326411 0.253809 0.285219
0.326614 0.342592 0.611956 0.328802 1.24465 0.435574 0.190554 0.81794 0.705987 0.601989 0.372379 0.918789 0.363637 0.29103 0.305716 0.572867 0.538571 0.669996 0.356391 0.931975 0.378632 0.465703 0.3282 0.541773 0.514424 0.36038 1.12125 0.906704 0.619305 0.927435 0.511478 0.947726 0.978471 0.951087 0.40394 0.072518 0.324083 0.576634 0.296253 0.953982 0.680665 1.03143 0.922241 1.13558 0.671386 1.01079 0.909191 0.656316 0.292489 0.744943 0.843166 1.08461 0.727281 0.666933 0.612478 0.221166 0.93222 0.365414 0.25367 0.959153 0.63845 1.01478 0.938192 1.01709 1.05235 0.682687 0.350217 0.899229 1.02221 1.10395 0.328657 0.728784 0.317021 0.272969 0.369066
