25 75
0.457189 0.823508 0.533999 1.11034 0.875011 0.873398 0.937598 0.605115 0.576902 0.62746 0.658063 0.947383 1.23559 0.287485 0.647585 0.810826 0.296347 1.07046 0.573903 0.981855 0.538421 0.987404 0.630103 1.11198 0.714498 0.181189 1.02226 0.652581 0.95003 0.741571 0.395428 0.401327 0.437505 0.875675 0.156531 0.526832 0.826642 1.14917 0.893123 0.881282 0.93653 0.359696 0.797062 1.01315 0.944653 0.619894 0.371415 0.678146 0.17029 1.03119 0.913212 0.207361 0.149168 0.260858 0.349552 0.621479 0.935574 1.10517 0.49399 1.15194 0.816017 0.792036 0.585493 0.46947 1.16919 1.08908 0.396733 0.570147 0.549497 0.563768 0.803654 0.877036 1.03922 1.12471 0.500547
0.196354 0.742717 0.406872 1.131 0.722216 0.918844 1.02974 0.563684 0.566413 0.706797 0.504144 0.891607 1.15818 0.140746 0.63704 0.810075 0.111077 1.0154 0.548513 1.19797 0.50997 0.833861 0.501074 1.06357 0.838069 0.0614981 0.989256 0.764101 0.92884 0.594176 0.681525 0.532294 0.490407 0.925299 0.328838 0.641822 0.886437 1.02751 1.02547 0.728595 1.03458 0.303866 0.893856 1.00894 1.14206 0.586204 0.355802 0.82723 0.316367 0.94687 0.6295 0.392004 0.241316 0.360626 0.40294 0.668001 0.71509 0.828482 0.384369 1.13188 0.882062 0.717382 0.576827 0.427464 1.11325 0.913372 0.287473 0.608916 0.50828 0.648698 0.861111 0.899828 1.26651 1.10171 0.561892
0.416008 0.747518 0.430738 1.16314 0.910734 0.947632 1.13749 0.666676 0.517298 0.579281 0.466775 1.06565 1.02108 0.113536 0.601472 0.582256 0.33235 1.04068 0.388177 1.00672 0.613879 0.962976 0.598396 0.959749 0.659727 0.0688864 1.12873 0.869846 0.980084 0.769591 0.629126 0.535483 0.597376 1.1586 0.164555 0.514073 0.78361 1.11354 0.955465 0.831138 0.894006 0.323231 0.69704 1.04371 1.08768 0.654309 0.61201 0.891831 0.143463 1.08225 0.844681 0.246365 0.30577 0.471441 0.526966 0.845547 0.781306 0.930209 0.36817 1.09938 0.874644 0.8207 0.631236 0.315253 1.221 1.10996 0.359015 0.585231 0.376912 0.635095 0.905822 0.947812 1.22291 1.02878 0.53323
0.312598 0.769553 0.510701 1.14138 0.664721 0.937077 1.03212 0.629168 0.581943 0.786411 0.444766 1.04396 1.14974 0.113376 0.605568 0.724977 0.138655 0.822437 0.665469 1.0584 0.455861 1.04406 0.736253 1.01116 0.754986 0.111109 1.23193 0.673426 0.925739 0.751395 0.528403 0.485092 0.6168 1.15492 0.276061 0.508552 0.802399 1.05804 0.952243 0.721232 0.90885 0.384198 0.797927 1.14971 1.09175 0.751457 0.618636 0.80912 0.201947 1.04046 0.827974 0.217106 0.252705 0.485831 0.26947 0.767812 0.74381 1.07575 0.291373 1.2145 0.880421 0.764546 0.590525 0.217932 1.27482 1.0107 0.25075 0.566031 0.670058 0.525311 0.809365 0.748069 1.18438 1.10628 0.728913
0.408592 0.867773 0.428894 1.02761 0.837443 0.879162 0.878502 0.672526 0.649878 0.69896 0.502322 0.968999 1.11549 0.15526 0.591351 0.745904 0.115222 0.871023 0.453737 0.920055 0.669471 1.09532 0.582518 1.00889 0.713627 0.0724233 1.24917 0.845693 0.974563 0.529413 0.397704 0.536176 0.576498 1.04357 0.34723 0.497478 0.798157 0.996088 0.913717 0.961094 1.08857 0.206996 0.914741 1.06455 1.03976 0.752623 0.461165 0.857272 0.124201 1.0281 0.658548 0.163422 0.171709 0.434301 0.503638 0.726677 0.71975 0.810829 0.509281 1.2388 0.934325 0.814294 0.53786 0.491554 0.97943 1.16351 0.324056 0.696748 0.395395 0.630116 0.937719 0.794518 1.22069 1.05291 0.662857
0.362311 0.76253 0.411199 1.17715 0.851045 0.81836 1.12558 0.723289 0.605092 0.614106 0.610668 0.791874 1.06605 0.149368 0.576859 0.667937 0.113242 1.03472 0.3914 1.08216 0.651915 0.835446 0.665176 1.1103 0.654049 0.0425407 1.08687 0.726092 0.897429 0.511207 0.659908 0.307507 0.46324 0.974762 0.171365 0.413043 0.672196 0.923117 0.844201 0.758378 0.969143 0.296099 0.733737 1.09958 0.97342 0.782709 0.439149 0.746938 0.328681 1.16151 0.66792 0.419874 0.206681 0.335308 0.403903 0.829395 0.800362 0.903145 0.263702 1.25322 0.833863 0.757039 0.460801 0.382056 1.08204 1.11048 0.463806 0.627308 0.525585 0.387365 0.974356 0.832162 0.987346 1.19197 0.517079
0.336701 0.842717 0.453016 0.966739 0.830149 0.972983 1.04187 0.669894 0.500953 0.62375 0.500683 0.970635 1.15523 0.052246 0.734918 0.539252 0.146075 1.09067 0.377244 0.942311 0.726208 1.05184 0.635584 1.00923 0.594854 0.141661 1.14574 0.829681 1.00446 0.512631 0.679926 0.431126 0.54181 0.879584 0.0894879 0.619435 0.733355 1.13481 0.850378 0.787023 0.807469 0.387908 0.635681 1.21031 1.08148 0.814085 0.37448 0.867528 0.216809 1.128 0.841062 0.205967 0.401334 0.285304 0.371846 0.826917 0.802291 1.00621 0.471923 1.10437 1.04683 0.82137 0.626668 0.337876 1.12391 1.17744 0.461484 0.62751 0.635231 0.630997 0.877659 0.766795 1.05488 1.04651 0.637338
0.249511 0.918664 0.536732 1.08713 0.905503 0.835625 0.929995 0.632042 0.529642 0.757021 0.371991 0.929036 1.13645 0.0301325 0.831965 0.806866 0.236695 1.08276 0.654572 1.02541 0.643165 0.945199 0.509601 1.19876 0.84292 0.0868402 1.25629 0.65799 0.968783 0.755035 0.640917 0.536477 0.6585 1.04584 0.0986775 0.522637 0.82943 0.938143 0.868863 0.872719 1.06045 0.436581 0.849535 0.966697 1.06312 0.606158 0.362703 0.836664 0.278727 1.12078 0.752463 0.34257 0.238427 0.349838 0.442423 0.658804 0.922011 0.945949 0.394545 1.20795 0.985816 0.871299 0.474473 0.274685 1.07367 0.950216 0.345759 0.688884 0.537731 0.446108 1.00407 0.973989 1.11756 1.25827 0.606407
0.431528 0.876251 0.492015 1.19545 0.748897 0.733667 1.03497 0.472742 0.672456 0.742313 0.471392 0.848786 1.11577 0.217155 0.618084 0.725348 0.21943 0.955108 0.665707 0.988203 0.690133 1.11771 0.592419 1.02416 0.7855 0.200353 1.02365 0.855389 0.816026 0.612334 0.397125 0.424354 0.605383 1.01098 0.15914 0.701851 0.722552 0.880275 1.0499 0.887698 0.985919 0.433946 0.672048 0.922267 1.1988 0.687701 0.357742 0.694387 0.173653 1.09859 0.915804 0.327703 0.338721 0.460871 0.373234 0.834057 0.9637 0.965281 0.48139 1.13449 0.865842 0.859347 0.47611 0.331002 1.0323 1.12216 0.241015 0.57988 0.542122 0.617202 1.07595 0.71767 0.994649 1.01242 0.493102
0.294254 0.836753 0.341682 1.0689 0.691971 0.742306 1.13192 0.493527 0.617894 0.534865 0.444823 1.04402 1.00223 0.0867124 0.71567 0.54576 0.227174 1.0896 0.670814 1.0074 0.580293 0.931461 0.671077 1.1183 0.624212 0.221869 1.12247 0.799755 0.80799 0.789324 0.632543 0.306589 0.561978 0.995818 0.356192 0.662076 0.900031 0.948044 0.891682 0.886872 0.898749 0.43505 0.642522 0.936272 1.01267 0.620225 0.397702 0.874781 0.274569 1.16882 0.713001 0.27396 0.265243 0.486133 0.484685 0.681707 0.754042 0.873069 0.229468 1.11516 0.846648 0.863586 0.703378 0.471381 1.22383 1.20345 0.307747 0.61138 0.516193 0.417083 1.02442 0.959302 1.24339 1.16357 0.471459
0.302981 0.668611 0.545547 1.17058 0.802831 0.93247 1.05317 0.694727 0.556752 0.744645 0.417013 1.06114 1.25646 0.134802 0.558816 0.542975 0.137327 1.05536 0.628652 1.06953 0.53202 1.11939 0.547836 1.00477 0.862736 0.192759 1.25666 0.661302 1.03361 0.748186 0.631266 0.398192 0.429232 0.974877 0.351256 0.467267 0.900558 1.10617 1.0545 0.908483 1.01493 0.290734 0.623786 1.03991 1.02841 0.664446 0.59958 0.851051 0.244144 1.01388 0.686846 0.444408 0.192166 0.365188 0.405989 0.733398 0.883337 1.09335 0.265883 1.06705 0.87924 0.736374 0.581765 0.256495 1.04598 1.02031 0.237322 0.765998 0.632764 0.504581 0.839551 0.808627 1.06174 1.08916 0.533974
0.234077 0.679029 0.50496 0.950095 0.89138 0.737562 0.913326 0.540672 0.604872 0.771158 0.421514 0.995306 1.19444 0.221216 0.537426 0.79685 0.20108 0.991595 0.622202 1.08121 0.4923 1.05488 0.476197 1.18256 0.652475 0.0517136 1.26072 0.834299 0.923326 0.55176 0.658888 0.275115 0.681842 1.13472 0.297332 0.505091 0.660668 0.935472 0.899451 1.01082 0.948852 0.372606 0.801144 1.07483 1.03035 0.754629 0.552673 0.846748 0.324061 0.924081 0.692755 0.334536 0.374919 0.457148 0.46409 0.586852 0.853464 0.857396 0.374225 1.00984 0.955548 0.781907 0.466572 0.479051 1.26503 1.1022 0.466852 0.579722 0.646829 0.545298 0.846001 0.895723 1.14117 1.00881 0.62131
0.450296 0.916656 0.44924 1.23424 0.70807 0.910525 1.02291 0.514888 0.616154 0.714623 0.547008 0.799301 1.22006 0.0649652 0.632044 0.700119 0.13198 0.966252 0.447704 0.982819 0.634897 1.10227 0.661955 1.16059 0.877034 0.198217 1.24104 0.889223 1.01549 0.603637 0.602919 0.520715 0.677789 1.0765 0.0875585 0.556861 0.719965 0.930595 0.787968 0.731922 0.96673 0.204208 0.66731 0.994293 0.934111 0.629745 0.568116 0.855227 0.271284 0.873787 0.885637 0.426062 0.241897 0.242085 0.408313 0.768104 0.959006 1.10277 0.370753 1.17273 0.952621 0.957506 0.524428 0.440543 1.10164 1.19541 0.285613 0.674941 0.66997 0.422716 1.05328 0.809193 1.15806 1.151 0.654591
0.341428 0.779128 0.377897 1.03689 0.827648 0.795849 1.13758 0.555478 0.622379 0.639304 0.51492 0.865435 1.19853 0.140301 0.668367 0.619714 0.220254 1.09869 0.475373 1.07006 0.676065 1.12343 0.55453 1.15614 0.815782 0.283313 0.985485 0.858191 0.966031 0.694268 0.451663 0.442492 0.547521 1.1077 0.360342 0.678513 0.886757 0.872216 0.87787 0.845525 0.889704 0.425844 0.896977 1.11659 1.08837 0.544923 0.415908 0.637052 0.102786 1.11995 0.920503 0.182414 0.264608 0.263834 0.368935 0.76726 0.999795 0.951619 0.498887 1.26685 1.06752 0.950899 0.598747 0.313347 1.20922 1.162 0.41238 0.676377 0.450928 0.528023 1.00144 0.759182 1.11786 1.10438 0.649451
0.230923 0.774954 0.428944 1.01723 0.65234 1.00786 0.874846 0.610288 0.5116 0.653355 0.414817 0.927138 1.1175 0.0199753 0.819529 0.686559 0.280926 0.933651 0.475217 1.1099 0.660965 1.02357 0.566941 1.06311 0.838759 0.322113 1.20593 0.779438 0.924127 0.504528 0.534459 0.453751 0.690474 0.937183 0.257624 0.675447 0.830297 0.973762 1.00561 0.718351 0.846855 0.439867 0.688599 1.0063 0.937433 0.652966 0.367457 0.713952 0.267458 0.983597 0.904638 0.259329 0.202779 0.507212 0.518424 0.768846 0.880047 0.874142 0.427758 1.12209 0.834456 0.845181 0.415696 0.266946 1.16258 1.03787 0.422274 0.565661 0.601076 0.393008 1.00392 0.727934 1.16527 1.15965 0.627484
0.221696 0.743137 0.438616 0.995455 0.796699 0.851637 0.856672 0.483573 0.536644 0.620042 0.566553 1.05391 1.09254 0.292266 0.639656 0.8181 0.389584 0.876305 0.545242 1.1397 0.728135 0.996454 0.612169 1.07847 0.678874 0.0740428 1.25155 0.656677 1.04755 0.656434 0.434259 0.347035 0.688871 1.02588 0.125019 0.502081 0.744708 0.944861 0.900413 0.929657 0.870763 0.392649 0.727252 1.12478 1.15893 0.643343 0.55079 0.654968 0.322075 0.911944 0.697204 0.321224 0.242812 0.274596 0.493362 0.807665 0.879834 1.00413 0.243787 1.12112 1.01661 0.872293 0.615359 0.422452 1.24606 1.17894 0.402299 0.804444 0.559613 0.520274 0.863318 0.91032 1.21334 1.14878 0.526273
0.23863 0.849118 0.471088 0.974206 0.735313 0.970845 1.00373 0.498256 0.77394 0.545898 0.637041 1.06626 1.21534 0.28575 0.799989 0.589245 0.348846 0.898725 0.651875 0.970702 0.460182 1.02846 0.57137 0.971646 0.660818 0.174909 1.16152 0.722245 1.02755 0.66548 0.576146 0.428338 0.48538 1.04818 0.146087 0.628018 0.887967 0.985756 0.978865 0.779157 1.04332 0.224011 0.643035 1.09172 1.1339 0.617224 0.607639 0.788623 0.0589055 1.13055 0.761037 0.422173 0.34895 0.295795 0.324243 0.583168 0.835361 0.821216 0.427516 0.986168 0.842233 0.808137 0.65802 0.377716 1.19072 0.969663 0.302246 0.558082 0.474762 0.535349 0.807149 0.855177 1.03344 1.02595 0.576768
0.396742 0.698114 0.453887 1.12827 0.770781 0.872609 0.974803 0.719569 0.599213 0.500418 0.58446 0.810822 1.04928 0.164552 0.652871 0.823164 0.340552 1.075 0.516513 1.07106 0.464475 0.998075 0.621253 0.972188 0.743431 0.188467 0.984688 0.86988 0.867621 0.551012 0.44765 0.497352 0.430024 0.927728 0.211209 0.530941 0.832559 1.01004 0.994102 0.946536 1.06904 0.424895 0.723946 0.985987 1.05446 0.725591 0.55717 0.823728 0.0543962 1.13685 0.785254 0.233951 0.346459 0.242222 0.36812 0.645219 0.959831 1.06372 0.391084 1.17952 0.841557 0.904743 0.539422 0.475447 1.13573 1.18871 0.20701 0.824988 0.609739 0.535942 0.943644 0.73605 1.24389 1.25613 0.659542
0.435681 0.69636 0.507063 1.04206 0.747289 0.848055 1.12862 0.482648 0.631688 0.753728 0.403312 0.817724 1.24149 0.126259 0.591904 0.760168 0.171984 1.03143 0.375129 0.977794 0.647399 1.0884 0.761165 1.02027 0.82867 0.313173 1.04405 0.856919 0.914396 0.702001 0.582238 0.322179 0.48525 1.10981 0.145255 0.676809 0.830915 0.876727 0.982369 0.740974 0.889508 0.17248 0.815122 1.05287 1.13744 0.812489 0.437825 0.663513 0.258808 1.13627 0.833387 0.149219 0.366839 0.449209 0.455117 0.621952 0.719318 1.01986 0.337593 1.17034 0.971461 0.851211 0.439778 0.327804 1.06299 1.00648 0.216381 0.796635 0.554986 0.520305 0.969351 0.897056 1.15459 1.22491 0.711406
0.280041 0.684278 0.329783 1.14284 0.653093 0.769368 0.943789 0.758256 0.603668 0.778799 0.389772 0.778411 1.10871 0.105778 0.66312 0.762936 0.123622 0.910178 0.646013 1.21523 0.599209 1.00646 0.473737 1.12683 0.875429 0.289591 1.23903 0.79588 1.02652 0.633861 0.672271 0.466933 0.588565 0.92189 0.0983269 0.519446 0.755985 1.13269 0.952112 0.906853 0.829074 0.316273 0.742937 0.985992 0.959456 0.783359 0.361059 0.629396 0.340022 0.907268 0.843496 0.204802 0.109949 0.513967 0.397618 0.623189 0.988898 0.824957 0.285306 1.05918 0.870171 0.71265 0.541974 0.392024 1.16735 1.06375 0.253607 0.830356 0.636254 0.625803 0.799559 0.789345 1.27131 1.00342 0.695237
0.340711 0.689973 0.3468 1.20901 0.746061 0.984887 0.994291 0.497934 0.708761 0.516229 0.622396 0.94588 1.20927 0.310121 0.560301 0.694108 0.302135 0.93046 0.572528 1.01284 0.67321 0.854789 0.497224 0.978409 0.861178 0.19631 1.24032 0.826651 0.945208 0.706234 0.523887 0.367311 0.623079 0.946554 0.277871 0.422466 0.664619 1.0366 0.971153 0.724723 0.950336 0.173454 0.714844 1.15218 1.04338 0.588058 0.495912 0.874493 0.191194 0.89147 0.877865 0.221648 0.253987 0.250317 0.331612 0.852511 0.804212 0.901446 0.3941 1.23019 1.09241 0.866502 0.600685 0.363763 1.02057 1.04802 0.461102 0.597013 0.581101 0.557222 1.058 0.890656 1.06507 1.08736 0.480758
0.446683 0.865572 0.544625 1.05518 0.725781 0.795825 0.953848 0.615933 0.739188 0.501949 0.630294 0.988546 1.21617 0.111447 0.832479 0.592824 0.201658 1.01962 0.471834 1.1084 0.620031 1.01433 0.745482 1.14973 0.808688 0.253977 1.04575 0.879574 1.03783 0.631724 0.472474 0.349472 0.641301 1.12121 0.106658 0.43702 0.728109 0.884234 0.97099 0.799811 0.976301 0.457675 0.877033 1.17819 1.06715 0.75051 0.473428 0.627282 0.202753 1.12406 0.832408 0.364861 0.162664 0.430002 0.490588 0.620003 0.817071 0.826327 0.29166 1.07768 1.07472 0.685384 0.489245 0.424689 1.26795 1.14043 0.363061 0.697628 0.379458 0.651496 0.806078 0.773888 1.08076 1.06002 0.519816
0.212568 0.781274 0.558089 0.954292 0.894508 0.797596 1.09955 0.474254 0.672566 0.725546 0.48995 0.857966 1.29253 0.10619 0.605232 0.607205 0.369695 0.920163 0.651505 1.19443 0.611243 0.908261 0.474338 1.01204 0.681313 0.299359 1.1972 0.823362 0.95047 0.526356 0.428019 0.512205 0.615882 1.16253 0.203606 0.649283 0.859078 1.1243 0.942755 0.91352 0.815314 0.417688 0.823004 1.02726 1.16912 0.664008 0.337012 0.820732 0.106491 0.874713 0.867835 0.424903 0.181234 0.393054 0.50977 0.808424 0.722435 1.05973 0.220091 1.02003 1.10294 0.920858 0.700802 0.48978 0.992249 1.14338 0.439706 0.62413 0.391428 0.497004 0.847166 0.904985 1.13428 1.06407 0.711757
0.427795 0.699532 0.557643 1.02669 0.754344 0.973218 0.9268 0.519799 0.509885 0.734806 0.486016 0.834604 1.13636 0.166566 0.749588 0.663956 0.218006 0.936603 0.471588 1.15461 0.49174 0.984234 0.591245 1.00525 0.869971 0.282434 1.09322 0.75091 0.926239 0.67003 0.436647 0.253852 0.465506 1.07817 0.104359 0.698527 0.832728 0.906222 0.893176 1.00141 1.02473 0.30504 0.730438 1.11803 0.918781 0.785644 0.573087 0.807184 0.0929632 1.06567 0.690738 0.251284 0.291843 0.335444 0.465369 0.649083 0.825689 1.01419 0.464073 1.07387 1.04098 0.716271 0.690984 0.242539 1.02516 1.19376 0.382523 0.778877 0.621823 0.549113 0.967949 0.706462 1.15441 0.999265 0.710996
0.46912 0.787995 0.431339 1.09686 0.902915 0.949849 0.95148 0.60079 0.505859 0.668038 0.577542 0.988244 1.12392 0.202352 0.645864 0.777924 0.260533 0.908041 0.467907 1.1729 0.596207 0.995735 0.639195 1.13427 0.645284 0.0553677 1.16762 0.848454 0.92838 0.782012 0.614346 0.506344 0.562162 1.1684 0.127621 0.516064 0.892729 1.13786 0.911862 0.966339 0.861164 0.187353 0.724849 1.01652 1.1676 0.617511 0.503795 0.794217 0.0555153 0.87765 0.702605 0.303142 0.108803 0.512876 0.522828 0.723412 0.985535 0.974579 0.501344 1.02128 1.02933 0.879905 0.516522 0.464263 1.02001 1.15988 0.298902 0.807108 0.510578 0.522854 0.974694 0.853289 1.04702 1.05294 0.629783
