25 75
0.32718 0.368192 0.554749 1.17294 0.400041 0.491037 0.362491 1.0285 0.869295 1.11286 0.519719 0.474333 1.16837 1.07007 0.215651 1.18117 1.24241 0.7208 0.411468 0.393974 0.437644 0.5132 0.245992 0.245698 1.09579 0.617338 0.552954 0.958136 0.290146 0.403646 1.05936 0.759781 0.922558 0.860695 0.727787 0.861863 1.09439 0.548741 0.164923 0.489933 1.09284 0.911628 0.966179 0.140256 1.08087 0.177483 0.87306 1.02068 0.417346 0.781564 0.655145 0.537055 0.407036 0.865574 0.460389 0.240373 0.788634 0.65003 0.101573 0.663503 0.903914 0.601079 0.145318 0.537876 0.869794 0.287004 0.748259 0.838072 0.253114 1.06243 0.87611 0.392804 0.931332 0.717745 0.338594
0.527902 0.217807 0.439183 1.25964 0.521323 0.538584 0.5194 0.776148 1.00928 1.1645 0.351247 0.338338 1.20544 1.18515 0.508888 1.1127 1.23644 0.85833 0.346229 0.28647 0.450757 0.703576 0.520308 0.257158 0.901942 0.566665 0.669511 0.701264 0.146063 0.55089 1.08775 0.722397 0.833098 0.917708 0.738205 0.889549 1.17828 0.409093 0.11911 0.667978 0.959711 0.952654 1.03045 0.401674 0.908979 0.0421899 0.829878 0.954272 0.347197 0.735668 0.684049 0.681976 0.569062 0.794732 0.3917 0.103051 0.838386 0.739354 0.121406 0.750849 1.05919 0.547984 0.393232 0.426356 1.03741 0.248578 0.727631 0.810954 0.377612 1.19954 0.956335 0.577863 1.14708 0.70142 0.463623
0.484421 0.395341 0.331744 1.25305 0.560794 0.591102 0.468682 1.01414 1.1369 0.945629 0.558806 0.399175 1.1677 1.14889 0.297864 1.05904 1.05493 0.943247 0.583926 0.229413 0.553861 0.721678 0.442266 0.214975 1.11629 0.592593 0.518779 0.956606 0.236663 0.58836 1.06301 0.657636 0.795621 0.966654 0.625523 1.06331 1.18203 0.536 0.333092 0.78081 1.02429 0.83502 1.04119 0.121993 1.02043 0.0800167 0.696052 0.934107 0.549517 0.524775 0.564978 0.411464 0.41483 0.87979 0.249057 0.196367 0.9559 0.793115 0.17183 0.7668 0.818684 0.613215 0.283485 0.453734 0.963723 0.157514 0.770932 0.803981 0.324657 1.15931 0.708275 0.654813 1.19905 0.687537 0.385934
0.436283 0.396706 0.567703 1.13329 0.452013 0.648816 0.378033 1.01782 0.95867 1.0729 0.535192 0.350827 1.21916 1.15858 0.35294 1.09017 1.00731 0.823914 0.587191 0.23848 0.376554 0.54606 0.442389 0.291851 1.07573 0.382663 0.719268 0.940744 0.0460602 0.430713 1.07956 0.651222 0.818961 0.84581 0.712345 0.909964 1.007 0.558722 0.264461 0.711666 1.08938 1.03073 1.15203 0.340152 0.957023 0.114464 0.939882 0.989035 0.483029 0.533287 0.563525 0.548082 0.391593 0.686761 0.410857 0.0937695 0.706331 0.740733 0.201006 0.637549 0.832429 0.719205 0.296588 0.489123 1.00444 0.208667 0.708587 0.829584 0.16881 1.22645 0.735029 0.59701 0.915302 0.756197 0.420545
0.459567 0.258663 0.343445 1.16261 0.41493 0.483562 0.473393 0.777041 1.05718 1.01543 0.330159 0.279733 1.07468 1.11358 0.239382 0.950598 0.966838 0.791263 0.387765 0.360768 0.4302 0.672025 0.318275 0.159091 1.15175 0.594584 0.563032 0.81179 0.15261 0.452809 1.26246 0.622476 0.735473 0.941062 0.695928 1.00514 1.00224 0.408208 0.287059 0.54728 1.07711 1.02968 1.10116 0.343236 1.01729 0.00980527 0.850585 1.17683 0.339518 0.721206 0.684981 0.429783 0.467224 0.905634 0.26335 0.321844 0.842691 0.639469 0.343131 0.605881 1.07628 0.57575 0.321471 0.459262 0.972591 0.176646 0.662102 0.928359 0.214606 1.03195 0.78662 0.636562 1.18545 0.89183 0.560881
0.578206 0.413764 0.536179 1.25175 0.548248 0.378765 0.523064 1.00849 0.859472 0.937108 0.575375 0.218581 1.01829 1.19534 0.343938 1.1986 1.19656 0.835448 0.475445 0.231558 0.302799 0.647701 0.358074 0.0815699 1.02694 0.579895 0.752136 0.900956 0.302715 0.587804 0.999981 0.657406 1.00312 0.853567 0.73543 1.08868 1.26498 0.415841 0.199186 0.720299 0.950819 1.01229 1.10696 0.110102 0.995083 0.0217625 0.862141 0.939395 0.402631 0.519262 0.469371 0.47317 0.433837 0.665537 0.464114 0.251828 0.90309 0.612999 0.113908 0.566772 0.793202 0.774191 0.313011 0.365909 1.01179 0.29706 0.794442 0.932515 0.19472 1.01569 0.824069 0.542485 1.01901 0.919735 0.494457
0.499994 0.228104 0.436777 1.2584 0.545031 0.373695 0.33442 0.965473 0.980679 1.00038 0.430078 0.305493 1.08239 1.2275 0.40714 1.20769 1.00114 0.889237 0.453793 0.470976 0.357573 0.621109 0.252613 0.185265 1.02117 0.500918 0.759767 0.707898 0.0137387 0.497512 1.0291 0.597343 0.881711 1.01778 0.656846 1.13291 1.11108 0.484368 0.217982 0.534114 0.966772 1.02969 0.992367 0.295816 1.0013 0.249422 0.944041 1.04052 0.408029 0.518223 0.537107 0.582995 0.549024 0.757994 0.459031 0.239328 0.784763 0.700378 0.141928 0.630226 1.03517 0.649975 0.193445 0.62703 0.806258 0.171612 0.646452 0.770868 0.238093 1.11395 0.766412 0.491489 0.996242 0.756456 0.431594
0.421391 0.302308 0.356916 1.02264 0.4657 0.421735 0.525207 0.811261 0.950073 0.997966 0.354176 0.397352 1.17755 1.01238 0.472992 0.990124 1.19748 0.880319 0.522528 0.437715 0.530464 0.708411 0.373358 0.19238 1.11309 0.463417 0.487224 0.863918 0.0181424 0.4582 1.10983 0.656638 0.788672 0.869253 0.618421 1.01138 1.13848 0.4118 0.292055 0.710831 1.09319 0.883425 1.18458 0.174315 1.03415 0.261044 0.909398 1.15451 0.532637 0.508659 0.572438 0.505898 0.428337 0.857891 0.470262 0.302406 0.838979 0.841356 0.142297 0.741848 1.01102 0.729138 0.307593 0.404567 0.924494 0.0693172 0.644989 0.749824 0.369674 0.99143 0.963688 0.380652 1.15392 0.867476 0.350184
0.585116 0.335831 0.41423 1.17584 0.602741 0.506944 0.558115 0.930061 1.1145 1.08635 0.324032 0.382097 1.26403 1.16686 0.228807 1.07513 1.0845 0.885851 0.537396 0.342981 0.398473 0.528773 0.233323 0.240084 1.01657 0.619347 0.753679 0.817009 0.233231 0.390555 1.16246 0.703813 0.784612 0.903009 0.711463 0.869908 1.14984 0.594401 0.123348 0.72882 1.03107 0.940368 1.14238 0.291933 0.795506 0.0947708 0.858366 1.18088 0.43375 0.684877 0.660151 0.594195 0.474743 0.892907 0.306296 0.123861 0.672204 0.64537 0.374211 0.609721 1.07058 0.707602 0.399609 0.395409 0.985765 0.221362 0.756006 0.783345 0.29237 1.17207 0.849982 0.55059 1.00322 0.676897 0.480061
0.560499 0.28765 0.417479 1.16922 0.384794 0.441613 0.302996 0.814617 0.953543 1.17208 0.285831 0.462578 1.12525 1.21942 0.291525 1.05531 1.01187 0.94041 0.568805 0.488796 0.373438 0.674603 0.244408 0.210599 1.03979 0.4638 0.495398 0.788217 0.0308726 0.357228 1.10233 0.767396 0.834283 1.01011 0.644484 1.08547 1.15657 0.415869 0.240844 0.546455 0.96101 0.957086 1.17395 0.312665 1.02744 0.0831893 0.74951 1.13071 0.34474 0.610077 0.550606 0.616824 0.472688 0.670096 0.428753 0.345445 0.805762 0.742756 0.142593 0.710696 0.863903 0.585484 0.227977 0.579784 0.947354 0.285155 0.743149 0.886932 0.20917 0.979557 0.917271 0.585092 0.939148 0.825036 0.411228
0.5159 0.440493 0.347332 1.1569 0.463796 0.631751 0.502633 0.969204 0.966385 0.994784 0.55142 0.457998 1.12992 1.21167 0.281848 0.94714 1.02645 0.864224 0.437353 0.510473 0.553991 0.739516 0.310954 0.107509 1.13483 0.439903 0.558637 0.886873 0.251375 0.462847 1.22638 0.680768 0.839985 1.05348 0.702839 0.950632 1.03578 0.517966 0.211294 0.612109 1.03277 1.02852 1.01102 0.370507 1.02642 0.111588 0.697162 1.13881 0.363256 0.785663 0.5549 0.587711 0.47259 0.707511 0.394061 0.08395 0.799756 0.575943 0.123757 0.640053 0.92816 0.709305 0.257426 0.447521 0.984967 0.160907 0.589888 0.945371 0.299911 1.22506 0.77663 0.521063 1.06619 0.840052 0.279064
0.337698 0.368048 0.471366 1.25774 0.595455 0.533797 0.468675 0.859167 0.975708 1.02248 0.55886 0.404498 1.17954 0.963355 0.295498 1.12471 1.0774 0.972805 0.495258 0.237131 0.523612 0.682243 0.39098 0.234076 0.951312 0.502402 0.679772 0.931417 0.241134 0.328167 1.22742 0.805355 0.975792 0.967578 0.649442 1.09897 1.14141 0.542254 0.275527 0.508169 1.16664 1.00895 1.19988 0.126363 0.833379 0.289656 0.893502 0.943871 0.455166 0.783396 0.496113 0.648409 0.434597 0.799525 0.283296 0.241486 0.891472 0.840833 0.219707 0.540378 0.821874 0.550027 0.185028 0.548683 0.800016 0.13825 0.677185 0.748655 0.31178 1.23707 0.977597 0.389246 1.10703 0.693595 0.384566
0.573557 0.31781 0.433528 1.01263 0.48171 0.561044 0.335852 1.00704 1.06347 1.04031 0.284634 0.38301 1.04766 1.22944 0.365333 1.02981 1.19465 0.833511 0.453765 0.515138 0.503207 0.493956 0.511289 0.331593 1.13035 0.486851 0.65092 0.818102 0.166654 0.547264 1.20256 0.657683 0.844113 0.955747 0.56466 1.09504 1.14339 0.586186 0.32797 0.679195 1.17358 0.922367 1.03505 0.385834 0.996086 0.176146 0.757016 0.903937 0.501089 0.72784 0.668875 0.595517 0.456763 0.854195 0.353791 0.169481 0.941971 0.573605 0.158093 0.836173 0.828126 0.597767 0.409487 0.521054 0.998669 0.212756 0.767281 0.932559 0.225139 1.18489 0.737756 0.464312 1.04938 0.768065 0.451579
0.366129 0.289181 0.547396 1.02165 0.537933 0.615708 0.38588 0.769321 0.945616 0.948364 0.345582 0.324484 1.17423 1.01414 0.262564 1.15925 1.20615 0.890134 0.479372 0.334934 0.436698 0.561004 0.266709 0.262287 0.970586 0.546504 0.647728 0.831827 0.210633 0.446963 1.10995 0.868182 0.76091 1.05026 0.745821 0.960187 1.25094 0.572272 0.358573 0.564567 1.20616 0.797217 0.984602 0.122843 1.08069 0.0247317 0.722884 1.05611 0.514076 0.766677 0.429863 0.687441 0.4297 0.840514 0.482404 0.284541 0.725004 0.63779 0.36197 0.553331 0.955203 0.596792 0.420865 0.391376 1.01854 0.132921 0.722016 0.872829 0.115744 1.23167 0.744865 0.37408 1.15315 0.75458 0.306493
0.459538 0.361626 0.387066 1.20836 0.553056 0.426904 0.345963 0.830108 0.977099 0.931982 0.544429 0.475371 1.02882 0.97824 0.438791 1.03565 1.25126 0.94704 0.48819 0.486843 0.531644 0.635135 0.466325 0.125179 1.10121 0.417169 0.480861 0.784775 0.0159209 0.515444 1.02089 0.673779 0.787578 0.842806 0.647235 1.14161 0.991241 0.55197 0.199156 0.745614 1.17711 0.889409 1.24292 0.287866 0.935579 0.140929 0.837704 1.08191 0.335031 0.746596 0.470361 0.638521 0.445383 0.666727 0.477038 0.342774 0.911953 0.864996 0.362062 0.734947 1.07464 0.710647 0.127931 0.368533 0.849945 0.0361057 0.76307 0.763047 0.0945652 0.96549 0.843883 0.642358 0.995861 0.963099 0.311504
0.346529 0.209572 0.509357 1.10672 0.455162 0.521254 0.474273 1.05617 1.04716 1.16096 0.372988 0.419531 1.11682 1.11491 0.448607 1.14906 1.16505 0.894543 0.369065 0.245926 0.306146 0.613217 0.236394 0.342464 1.05362 0.460211 0.495022 0.990712 0.154437 0.485273 1.17942 0.666369 1.01559 0.898996 0.763391 1.03034 1.15856 0.617275 0.354011 0.756172 1.143 0.895804 1.01087 0.172006 0.994611 0.0311774 0.758512 0.908914 0.440577 0.753228 0.529853 0.493646 0.549575 0.911275 0.403563 0.12582 0.670886 0.668088 0.187302 0.748295 0.952756 0.75312 0.170132 0.51857 0.790383 0.0973355 0.648979 0.770717 0.259449 1.03799 0.839597 0.557596 0.980026 0.712139 0.561709
0.360146 0.271622 0.378435 1.00397 0.477498 0.506719 0.335237 0.867037 0.98311 0.91979 0.33586 0.273021 1.22663 1.22893 0.332125 1.12907 0.980034 0.699998 0.396913 0.434152 0.394305 0.677895 0.471639 0.251532 0.990853 0.441889 0.682533 0.796732 0.193349 0.402242 1.26495 0.6449 0.826468 1.05652 0.709401 1.06564 1.09715 0.407381 0.387343 0.754684 1.17022 0.737211 1.14337 0.155825 1.03119 0.230663 0.748987 1.17024 0.568332 0.760104 0.435502 0.581445 0.372017 0.80168 0.484594 0.103496 0.811905 0.806202 0.200149 0.602008 0.80495 0.653472 0.335273 0.548917 0.828844 0.191875 0.675597 0.696532 0.100808 1.25024 0.806503 0.440113 1.15068 0.844647 0.564418
0.400172 0.366312 0.342213 1.15255 0.519251 0.442527 0.574272 0.853741 1.07198 0.915904 0.552587 0.337754 1.20485 0.945713 0.256499 0.949656 1.12639 0.865123 0.301788 0.477143 0.475662 0.639636 0.513889 0.251048 1.09707 0.502322 0.534843 0.965777 0.0215827 0.400893 1.02059 0.792523 1.02405 0.970013 0.595468 1.07408 1.27352 0.43797 0.133907 0.718408 0.942498 0.822563 1.17689 0.286189 0.815654 0.180816 0.72755 1.07134 0.622906 0.718912 0.55234 0.640966 0.396369 0.834686 0.219094 0.080801 0.944854 0.621871 0.20513 0.740996 0.898454 0.609247 0.366437 0.414823 0.986619 0.116333 0.58178 0.759863 0.260681 1.0053 0.869128 0.514418 1.02924 0.858302 0.372928
0.57571 0.159381 0.521363 1.0125 0.609909 0.505149 0.440742 0.855851 0.984468 1.14792 0.372482 0.333018 1.15347 1.19563 0.484884 1.18855 0.965958 0.855253 0.442634 0.294392 0.370968 0.743689 0.457046 0.0922141 1.09135 0.51539 0.535135 0.702874 0.0843279 0.576786 1.21063 0.658435 0.912969 0.806048 0.763716 0.866565 1.0065 0.490998 0.284894 0.579498 1.12511 0.936712 1.26005 0.357844 0.879732 0.293185 0.849132 0.957638 0.600172 0.756408 0.551934 0.574978 0.530468 0.761026 0.313365 0.320461 0.688847 0.673701 0.283606 0.59811 1.08857 0.70252 0.413891 0.504978 0.784639 0.0462289 0.738695 0.970634 0.120223 1.20833 0.743488 0.494642 0.935332 0.715529 0.387423
0.48922 0.282591 0.529567 0.973697 0.486364 0.554778 0.403266 0.905313 1.03767 1.075 0.30159 0.28421 1.24261 1.09804 0.310968 1.18169 1.12429 0.998842 0.481607 0.274822 0.505911 0.715954 0.49632 0.138896 1.02056 0.429863 0.733325 0.77559 0.210954 0.53011 0.989797 0.876991 0.882002 0.818242 0.740437 1.04188 1.15022 0.50665 0.250157 0.576873 1.20642 0.793691 1.0111 0.293545 1.01646 0.255151 0.769729 1.17481 0.379235 0.726701 0.671894 0.470137 0.569161 0.9251 0.420704 0.225226 0.946961 0.631048 0.180331 0.578239 1.06098 0.701299 0.287091 0.536353 1.06169 0.0656868 0.764165 0.969906 0.374725 1.1637 0.904105 0.471095 0.917824 0.828409 0.545005
0.436175 0.224869 0.47676 1.24516 0.444364 0.547645 0.345627 1.03383 1.03579 1.09893 0.538558 0.261003 1.10745 1.22274 0.405527 1.09332 1.08058 0.973841 0.579537 0.453233 0.516056 0.578868 0.395974 0.302471 1.10785 0.614906 0.589729 0.909562 0.202072 0.517039 1.16549 0.718126 0.734464 1.03249 0.77419 0.872505 1.19839 0.538117 0.240796 0.535929 1.03985 1.03362 0.989091 0.364452 0.806203 0.0161163 0.950658 0.955083 0.547894 0.615777 0.653476 0.467713 0.32135 0.631815 0.40242 0.0779372 0.80896 0.774311 0.316815 0.566421 1.03748 0.744362 0.192229 0.513139 0.799729 0.126564 0.82597 0.852832 0.31196 0.958961 0.968183 0.543423 1.20264 0.911285 0.565464
0.35631 0.433605 0.494354 1.26847 0.636738 0.393113 0.416958 0.812007 0.925194 1.0175 0.385918 0.504297 1.09003 1.10372 0.344038 1.13551 1.04718 0.751699 0.434463 0.381117 0.309677 0.513349 0.466387 0.102212 1.12676 0.371467 0.679484 0.92517 0.0260605 0.479673 1.14674 0.768276 0.917924 0.886679 0.75427 0.957399 1.23652 0.419128 0.130185 0.696029 0.959973 0.902321 1.22256 0.31455 0.895261 0.198296 0.781615 1.03286 0.405044 0.532619 0.643788 0.689142 0.558436 0.834755 0.229939 0.124661 0.884252 0.777558 0.129246 0.554229 0.997411 0.573133 0.352043 0.596208 0.940907 0.1567 0.744466 0.74969 0.241569 1.14696 0.907545 0.634942 1.18728 0.933054 0.335313
0.346655 0.326129 0.476584 1.10224 0.511304 0.649745 0.49743 0.920572 0.861509 0.99281 0.532801 0.502793 1.0808 1.1772 0.33088 1.22829 1.15903 0.836885 0.549803 0.245224 0.45565 0.604527 0.521981 0.20863 1.16138 0.44142 0.582209 0.901826 0.0641513 0.518371 1.01484 0.715572 1.02043 0.977189 0.584657 0.867729 1.20697 0.404018 0.343207 0.601671 1.05445 0.944601 1.15097 0.275528 1.02306 0.0352714 0.856103 0.951022 0.463036 0.707426 0.665453 0.616204 0.588021 0.908867 0.198698 0.124037 0.663081 0.808752 0.124113 0.63172 0.901253 0.787675 0.362261 0.546504 0.958492 0.00509224 0.748435 0.776206 0.248358 1.24802 0.902085 0.499203 0.975436 0.775146 0.473782
0.489821 0.30743 0.411451 1.10236 0.381914 0.598273 0.47635 0.890997 1.0076 0.96587 0.480861 0.441832 1.14742 1.0733 0.336144 1.09132 1.04993 0.797521 0.446165 0.225327 0.387793 0.697187 0.297885 0.218377 1.16698 0.513459 0.520098 0.759583 0.247295 0.598776 1.13723 0.748857 0.921467 0.898565 0.574472 1.06294 1.11189 0.573326 0.150982 0.603422 0.99539 0.952006 0.982765 0.345513 1.05033 0.211984 0.744969 0.903405 0.376675 0.691526 0.420561 0.404682 0.418084 0.755166 0.2738 0.285033 0.937296 0.64054 0.336212 0.682064 0.845983 0.648467 0.206849 0.48709 0.945009 0.276964 0.692967 0.922527 0.224438 1.07731 0.751668 0.401299 1.18696 0.937986 0.346812
0.347165 0.327301 0.324359 1.21447 0.488622 0.63251 0.592243 0.866048 1.08937 1.12709 0.554188 0.214996 1.26189 0.94783 0.471263 1.0558 1.07256 0.892513 0.292932 0.344095 0.401249 0.653587 0.253932 0.262191 0.981371 0.582325 0.471863 0.8699 0.287239 0.577895 1.21936 0.845803 0.771121 0.810311 0.524744 0.921688 1.05932 0.455133 0.114671 0.744471 0.954765 0.793697 1.10692 0.149931 1.018 0.268657 0.911011 1.15844 0.526418 0.728803 0.424875 0.624007 0.439653 0.908575 0.469015 0.183029 0.879071 0.651664 0.39436 0.577696 0.915499 0.71561 0.218244 0.565251 0.860616 0.051085 0.739352 0.829603 0.221175 1.14822 0.752905 0.446372 0.927821 0.840501 0.470311
