25 75
1.01977 0.860065 0.910607 0.358963 0.541891 0.772465 1.07137 0.135542 0.720502 0.882425 0.700217 0.653425 0.422888 0.581986 0.391192 0.382567 0.642154 1.0402 0.884048 0.494937 0.970939 0.426049 0.497253 0.72314 0.418055 0.755048 0.691749 1.11137 0.699457 1.03886 0.24158 0.637719 0.968176 0.91255 0.194021 0.773241 0.250302 0.722771 0.356487 0.827617 0.449495 1.02483 0.36764 0.943027 0.440524 1.21189 0.683528 0.601428 0.332461 0.466104 0.964026 0.365876 1.09664 0.942513 1.00574 0.204901 0.745823 0.353224 0.737077 0.155144 0.766597 0.537341 0.309046 0.193926 0.491533 0.67427 0.546429 0.696032 0.658736 0.694767 0.489058 0.383261 0.933648 1.13949 0.494414
0.988705 1.06938 0.786625 0.127837 0.287171 0.768266 1.20531 0.225977 0.774766 0.941893 0.660417 0.582331 0.36982 0.752282 0.359602 0.306473 0.634679 1.25244 0.779177 0.517585 1.1111 0.460149 0.495485 0.538065 0.342388 0.826631 0.740583 1.16764 0.696436 1.04681 0.333856 0.584968 1.04573 0.819804 0.21776 0.757756 0.347927 0.712631 0.604712 0.848076 0.576101 1.00459 0.463078 0.956944 0.296982 1.10435 0.743359 0.595918 0.172675 0.613061 0.975958 0.223902 1.03999 1.04424 1.20191 0.342193 0.690157 0.471732 0.814214 0.263533 0.856793 0.495962 0.478063 0.224605 0.69409 0.702195 0.756423 0.605178 0.387039 0.421701 0.57517 0.183088 1.14059 1.25951 0.228464
0.918101 1.06678 0.737629 0.24995 0.358624 0.762641 1.16221 0.211558 0.615018 1.0115 0.639833 0.639447 0.212541 0.555856 0.332164 0.480645 0.694104 1.12355 0.808477 0.53983 0.931168 0.484733 0.350351 0.496765 0.619879 0.873858 0.741877 1.24912 0.771855 0.888053 0.371017 0.509214 0.980846 0.869423 0.349695 0.870725 0.508498 0.747658 0.508874 0.90514 0.317344 0.977525 0.364455 1.17643 0.552625 1.14918 0.754207 0.583184 0.229837 0.683509 1.03445 0.34982 1.01207 0.938477 1.25807 0.207771 0.724024 0.395967 0.819228 0.0968907 0.741339 0.632848 0.504226 0.158905 0.658551 0.724623 0.609953 0.491908 0.639914 0.666583 0.710855 0.154416 1.01283 0.971352 0.304287
0.818886 1.07816 0.752112 0.242795 0.516286 0.905958 1.05238 0.104837 0.648948 1.02252 0.64833 0.652857 0.359881 0.651146 0.536511 0.481119 0.608236 1.01007 0.601903 0.442008 1.13886 0.311394 0.391177 0.494174 0.599317 0.9374 0.85047 1.01829 0.707269 0.976229 0.278374 0.566671 0.964453 1.03989 0.198315 0.88338 0.445441 1.00516 0.577759 0.798026 0.505889 0.958158 0.432657 0.909012 0.368935 1.22186 0.771398 0.571449 0.201927 0.611543 0.9084 0.224158 0.869174 1.0891 1.18353 0.295877 0.678639 0.293452 0.89328 0.0937999 0.706867 0.561007 0.399531 0.306953 0.474866 0.823641 0.66866 0.487657 0.673308 0.550114 0.714458 0.432816 1.11535 1.00855 0.491994
0.934299 0.988299 0.888009 0.197486 0.521075 0.921727 1.10158 0.321657 0.739309 0.953644 0.623349 0.712337 0.387395 0.49339 0.316106 0.386817 0.724697 0.985407 0.602568 0.552406 0.871985 0.42029 0.432988 0.687316 0.419875 0.893757 0.750027 1.09701 0.700286 0.958197 0.14 0.500693 0.845027 0.899768 0.201632 0.647746 0.316208 0.815508 0.420134 0.839598 0.499451 0.964229 0.356295 1.03702 0.520261 1.13557 0.767709 0.660918 0.370616 0.533632 0.996237 0.363229 1.00383 1.17075 1.2222 0.285632 0.539364 0.385057 0.761349 0.363226 0.707326 0.679049 0.312619 0.236988 0.587951 0.873207 0.522265 0.489196 0.577865 0.58741 0.54127 0.440696 0.924108 1.15609 0.281155
0.911497 1.03028 0.959796 0.282774 0.381085 0.949429 1.01442 0.232457 0.757612 0.910761 0.44006 0.810935 0.265591 0.472161 0.472489 0.295146 0.669133 1.13184 0.718793 0.59153 0.967564 0.489846 0.415725 0.578974 0.400995 0.906156 0.866818 1.23864 0.867092 1.11127 0.300656 0.65012 1.05628 0.974936 0.0694773 0.621575 0.284723 0.911445 0.54456 0.676778 0.381538 0.770247 0.268749 1.16916 0.305333 1.19893 0.708265 0.418768 0.358992 0.572544 0.805149 0.388585 0.930584 1.04033 1.26765 0.164216 0.527357 0.294403 0.628171 0.349342 0.689445 0.718128 0.495949 0.189367 0.428999 0.862899 0.492185 0.628341 0.390126 0.474249 0.558846 0.367802 1.04146 1.17581 0.504126
0.937314 0.970503 0.97143 0.116265 0.373367 0.819486 1.05775 0.317561 0.739267 0.99077 0.676991 0.842819 0.241449 0.6869 0.282105 0.460157 0.658017 1.04834 0.809761 0.511433 1.01201 0.289973 0.456918 0.665115 0.605975 0.941727 0.875686 1.13947 0.814546 0.916863 0.415479 0.575023 0.98763 0.974862 0.224752 0.769355 0.295887 0.832104 0.555796 0.931939 0.370717 0.934379 0.440325 0.907313 0.324853 1.18285 0.927379 0.654037 0.148016 0.68886 0.88232 0.249751 1.09356 0.98866 1.19695 0.137884 0.590478 0.520199 0.632616 0.113164 0.884458 0.664771 0.31971 0.269349 0.546727 0.77142 0.598523 0.527413 0.610599 0.492819 0.50207 0.266971 0.902798 1.24055 0.32493
0.983851 1.00115 0.867829 0.268916 0.507166 0.972293 1.12589 0.313791 0.721267 0.837516 0.480919 0.625829 0.302483 0.716175 0.343401 0.513143 0.654175 1.165 0.726167 0.358567 0.856147 0.278803 0.293251 0.465738 0.353133 0.984706 0.739928 1.08233 0.731039 1.0555 0.361895 0.637062 0.90896 0.848498 0.130076 0.652474 0.239166 0.720801 0.419926 0.666946 0.437148 0.962668 0.20247 0.912994 0.522167 1.11361 0.709556 0.551588 0.232432 0.545202 0.873036 0.333766 1.01989 1.13245 0.987305 0.280589 0.563837 0.267192 0.707188 0.31887 0.973468 0.673171 0.494259 0.202065 0.449471 0.843465 0.557391 0.71444 0.565575 0.432451 0.524591 0.239647 1.16791 1.10965 0.448449
0.896891 0.937406 0.93729 0.138412 0.285676 0.900544 0.993017 0.232 0.557568 1.0246 0.528267 0.571405 0.229942 0.614424 0.440283 0.512788 0.766553 1.21101 0.846371 0.440496 0.871613 0.249988 0.387659 0.683329 0.558883 0.834718 0.611422 0.985936 0.964074 0.921017 0.241017 0.452176 0.98285 1.02598 0.103292 0.63787 0.481223 0.916055 0.31617 0.685861 0.320319 1.0376 0.325206 1.08081 0.34024 1.02597 0.859683 0.373054 0.195398 0.639088 0.929649 0.196266 0.852928 1.16541 1.00268 0.0783191 0.630302 0.376391 0.820324 0.133732 0.939533 0.482721 0.386885 0.139868 0.589778 0.679613 0.681725 0.570236 0.509349 0.626223 0.515358 0.264997 1.11349 1.14297 0.336651
0.856899 1.09529 0.907505 0.19208 0.366148 0.807483 1.08254 0.290352 0.608172 1.08216 0.693985 0.779699 0.375891 0.689297 0.450066 0.424844 0.615715 1.00695 0.635574 0.389768 1.1113 0.269726 0.346525 0.430566 0.349299 0.953576 0.741961 1.2629 0.780221 1.09479 0.375838 0.688922 0.840451 1.05935 0.326688 0.770281 0.323229 0.72682 0.420032 0.831754 0.362464 0.957734 0.367418 0.985262 0.500826 1.10558 0.841282 0.479697 0.120231 0.696633 1.01595 0.327463 1.0497 1.0024 0.984272 0.116925 0.703553 0.358534 0.717492 0.287368 0.755304 0.547065 0.528631 0.0895433 0.662805 0.822597 0.58493 0.619604 0.579967 0.667549 0.489466 0.331557 1.14318 0.983403 0.486239
0.795568 1.11431 0.788729 0.248579 0.569392 0.880022 1.11524 0.322488 0.650592 0.96409 0.650761 0.790545 0.32558 0.522422 0.317789 0.530379 0.673787 1.09367 0.8909 0.43176 0.908091 0.402073 0.47758 0.67578 0.393967 0.932356 0.682219 1.0684 0.783294 1.02295 0.264029 0.551115 1.04951 1.02168 0.237459 0.706921 0.3369 0.858695 0.509223 0.712804 0.491736 1.00865 0.407289 1.048 0.388921 1.08173 0.760428 0.6147 0.353771 0.696357 0.74492 0.367232 0.863509 0.995685 1.2019 0.165359 0.620951 0.552824 0.59787 0.170893 0.693106 0.611893 0.436972 0.28994 0.616151 0.648552 0.633814 0.72224 0.668712 0.427289 0.579692 0.206032 0.92172 1.0924 0.230001
0.911302 1.02382 0.942227 0.352827 0.438279 0.875464 1.05866 0.0994884 0.539675 0.888362 0.501652 0.809574 0.323951 0.5635 0.302257 0.441527 0.694623 1.00251 0.823127 0.375456 0.968646 0.519305 0.506935 0.517877 0.357256 0.772698 0.640198 1.06535 0.744218 1.12507 0.266507 0.487929 0.84201 0.88167 0.290392 0.82014 0.332777 0.85401 0.339906 0.795742 0.415923 0.769058 0.391409 1.20287 0.449422 1.05599 0.882189 0.413375 0.381303 0.586712 0.795902 0.313943 0.848288 1.13063 1.00895 0.311211 0.708871 0.341653 0.821993 0.283384 0.944567 0.473592 0.433049 0.136187 0.710089 0.708897 0.601607 0.627882 0.478275 0.651936 0.533928 0.233071 1.07905 1.02494 0.444547
0.810528 1.02113 0.826692 0.305787 0.539656 0.962885 1.0106 0.172707 0.610296 1.11298 0.423448 0.565806 0.344037 0.616253 0.392888 0.49989 0.804998 1.0774 0.669824 0.477824 1.07275 0.430996 0.320508 0.522548 0.493861 0.939737 0.821835 1.11268 0.782594 0.901708 0.261737 0.569522 1.01708 0.873925 0.355751 0.77936 0.443135 0.942209 0.568495 0.826791 0.38202 0.983786 0.436669 0.991522 0.341494 1.15221 0.673879 0.418367 0.114526 0.624286 1.02275 0.416725 0.932734 0.947435 0.994415 0.31271 0.623582 0.347801 0.613289 0.161482 0.744489 0.664451 0.357263 0.0977993 0.561366 0.65583 0.612468 0.600663 0.649786 0.531923 0.644431 0.276056 0.955311 1.22073 0.322025
0.816525 0.882235 0.838452 0.3397 0.43172 0.76298 1.0086 0.114131 0.523972 1.08957 0.551733 0.739208 0.271198 0.619612 0.374139 0.296617 0.707253 1.21751 0.860444 0.633424 0.871368 0.490369 0.426525 0.645086 0.534875 0.955867 0.787144 1.04804 0.836354 0.959733 0.355725 0.573755 0.931907 1.0017 0.147455 0.722122 0.263376 0.822883 0.604046 0.741652 0.405662 0.911332 0.314344 1.03109 0.429475 1.14229 0.769555 0.573096 0.301871 0.719026 0.948951 0.249462 1.12224 1.04525 1.08621 0.158193 0.765568 0.328694 0.651976 0.157304 0.806235 0.603405 0.355224 0.0985883 0.431992 0.650388 0.774959 0.515528 0.414957 0.519926 0.454151 0.159359 1.03162 1.12945 0.320023
0.855109 1.07541 0.840108 0.104689 0.490357 0.884317 1.22376 0.279755 0.608453 0.856758 0.41934 0.833184 0.235207 0.507699 0.296825 0.339345 0.710063 1.07201 0.663918 0.566969 1.00733 0.479289 0.53359 0.716224 0.430909 0.993118 0.670053 1.16465 0.717164 1.1415 0.378795 0.579462 1.00777 0.856138 0.325499 0.606749 0.386969 0.786668 0.526009 0.823869 0.33541 0.851685 0.419493 1.01107 0.347335 1.21328 0.842626 0.652875 0.165373 0.605412 0.786445 0.209496 1.0555 0.984259 1.27009 0.268575 0.759846 0.496747 0.896993 0.313183 0.730743 0.544342 0.525859 0.207923 0.485204 0.826975 0.507881 0.540962 0.493719 0.705995 0.546479 0.359456 0.940553 1.21101 0.401389
0.918747 1.08824 0.838561 0.261441 0.438838 0.734109 1.1634 0.228763 0.714438 1.04269 0.550926 0.779109 0.457208 0.472043 0.306415 0.423405 0.833278 0.976292 0.693001 0.474307 0.936343 0.349567 0.31736 0.662573 0.432396 0.860105 0.735725 1.21148 0.70536 1.08299 0.282035 0.483976 0.868535 0.831074 0.168372 0.865881 0.414135 0.73953 0.340659 0.761776 0.551978 0.840526 0.414001 1.05746 0.534602 1.02695 0.936554 0.412626 0.283017 0.533913 0.919 0.189101 0.975461 0.979078 1.21902 0.131416 0.73687 0.487341 0.852406 0.135303 0.936276 0.64014 0.27952 0.242413 0.65261 0.681046 0.78287 0.687393 0.600892 0.41768 0.712228 0.15971 1.10304 1.02779 0.27028
0.960974 0.869456 0.797142 0.116495 0.28469 0.721921 1.18559 0.134675 0.68407 1.0179 0.662326 0.816017 0.202594 0.64845 0.336867 0.559889 0.842833 1.05767 0.801689 0.408551 1.01443 0.302725 0.361883 0.628691 0.35392 0.870316 0.660018 1.18433 0.942527 0.919848 0.290143 0.561226 0.832679 0.898677 0.264015 0.703527 0.399044 0.860816 0.509263 0.735988 0.523305 0.946774 0.45563 0.958328 0.542492 1.22084 0.740762 0.389568 0.243716 0.501991 0.785596 0.320776 0.84493 1.11947 1.04517 0.132394 0.488794 0.342007 0.801585 0.181877 0.764457 0.609025 0.262163 0.133185 0.431509 0.791524 0.713968 0.479907 0.473329 0.588824 0.667398 0.389647 0.9814 1.20849 0.370019
0.730707 1.11655 0.909866 0.350491 0.317015 0.779988 1.14382 0.252575 0.531261 1.03888 0.529617 0.640227 0.266079 0.462785 0.517943 0.279542 0.681757 1.20892 0.645647 0.380424 0.994016 0.251476 0.468605 0.586852 0.379267 0.968016 0.886868 1.25288 0.779296 0.91851 0.130486 0.618779 1.08736 0.978595 0.206612 0.590469 0.279586 0.918214 0.517071 0.886642 0.534799 0.974929 0.305268 1.06105 0.274408 1.05102 0.951978 0.636421 0.194323 0.614082 0.924229 0.1818 1.09145 0.942969 1.11345 0.0863753 0.694002 0.377694 0.788523 0.125326 0.791833 0.613814 0.298761 0.0759899 0.451841 0.782353 0.710675 0.575384 0.46633 0.51768 0.739156 0.311926 0.907969 1.24757 0.276904
0.750724 0.829639 0.879802 0.358091 0.421116 0.941487 0.998271 0.198517 0.796624 0.86263 0.454808 0.660562 0.231475 0.557858 0.452078 0.518056 0.666049 1.13972 0.807502 0.562099 1.07669 0.477232 0.440011 0.651752 0.611159 0.753674 0.896447 1.23664 0.863259 0.920975 0.159008 0.651779 1.06143 0.847894 0.0684428 0.793457 0.26575 0.880161 0.496901 0.716377 0.389461 0.822357 0.271766 0.945531 0.341938 1.17905 0.904269 0.365495 0.181326 0.682199 0.827236 0.168552 1.07103 0.966296 1.00935 0.240585 0.500967 0.517101 0.83387 0.378324 0.686817 0.528738 0.315777 0.0516184 0.630747 0.689057 0.778165 0.646373 0.496071 0.645292 0.500786 0.216881 0.949247 1.1282 0.509612
1.00312 1.00373 0.68718 0.377348 0.280697 0.969587 1.18317 0.246886 0.64876 0.857179 0.479102 0.78616 0.22481 0.725246 0.38263 0.518076 0.713696 1.25187 0.846062 0.562792 1.00148 0.351732 0.294484 0.570757 0.537561 0.989555 0.741926 1.25647 0.762151 1.0065 0.398829 0.400879 0.869644 0.931322 0.261595 0.853674 0.244796 0.710352 0.447028 0.67444 0.389362 1.02825 0.325906 1.04431 0.2956 1.15095 0.776904 0.51776 0.322752 0.627936 0.916496 0.291997 1.10984 1.08706 1.25674 0.133629 0.654085 0.277158 0.716424 0.139654 0.899966 0.492392 0.386029 0.0403259 0.667314 0.607907 0.551064 0.610868 0.574825 0.629154 0.732237 0.221317 1.08268 1.20994 0.287274
0.778392 0.932169 0.831846 0.15071 0.288389 0.747122 1.14927 0.227942 0.576486 0.951011 0.64079 0.721299 0.249682 0.67747 0.408132 0.401595 0.637553 1.23407 0.830792 0.416298 0.950352 0.411 0.509016 0.51207 0.604296 0.767436 0.702333 1.13677 0.883093 0.952195 0.357745 0.635472 0.922991 0.793287 0.30059 0.802337 0.2447 0.79093 0.356204 0.763763 0.553458 1.04438 0.31059 1.09169 0.559946 1.10408 0.85698 0.616111 0.32201 0.484734 0.935437 0.398537 0.938682 1.13168 1.26879 0.152924 0.589778 0.409858 0.646402 0.218687 0.735174 0.670475 0.427305 0.0909951 0.56384 0.887259 0.772249 0.708948 0.570067 0.526687 0.562616 0.441687 0.893987 1.11253 0.312776
0.735881 1.09895 0.944214 0.0865215 0.503945 0.972502 1.0825 0.320903 0.674433 1.00599 0.468788 0.751044 0.43584 0.728257 0.396187 0.377344 0.861025 0.98412 0.767195 0.45622 1.14609 0.40604 0.414938 0.564939 0.485437 0.948269 0.673444 1.05999 0.798736 0.960127 0.313616 0.667015 0.986806 0.854216 0.166703 0.620895 0.39702 0.957065 0.574864 0.723315 0.386835 0.84885 0.289463 1.10108 0.279961 1.00783 0.892752 0.478945 0.168866 0.567536 0.863701 0.266034 1.06348 0.974337 1.18767 0.13854 0.543252 0.468931 0.732969 0.224547 0.718631 0.441053 0.363166 0.22079 0.505619 0.885426 0.52089 0.6729 0.602584 0.57575 0.465387 0.438435 1.09835 1.18723 0.357941
0.883044 0.951417 0.784198 0.178833 0.285362 0.719786 1.13618 0.0698329 0.729361 0.931007 0.627526 0.677787 0.297107 0.691202 0.538351 0.289153 0.898441 1.093 0.876646 0.375879 0.866064 0.394994 0.334752 0.630151 0.570711 0.811008 0.755232 1.04153 0.817286 1.17901 0.41845 0.49528 0.867932 1.07796 0.212024 0.865982 0.326524 0.935839 0.442032 0.917543 0.448189 1.04461 0.201958 0.984648 0.413557 1.029 0.863118 0.649217 0.313137 0.52467 0.809172 0.301085 0.852597 0.951862 1.24654 0.271488 0.629947 0.529897 0.613129 0.314218 0.861632 0.545538 0.459795 0.277313 0.692092 0.793442 0.654903 0.584392 0.540077 0.522081 0.462695 0.345639 1.17979 1.08667 0.245335
0.977322 0.828356 0.862306 0.248139 0.338072 0.766927 1.22601 0.24899 0.749539 1.10585 0.460213 0.742866 0.365704 0.477401 0.415374 0.30591 0.699334 1.01784 0.790797 0.526119 1.03102 0.360932 0.354307 0.579313 0.374625 0.900323 0.651109 1.1519 0.762928 0.944569 0.125637 0.586176 1.03016 0.964941 0.263267 0.696266 0.47292 0.74531 0.50015 0.856249 0.423418 0.903973 0.226922 0.911784 0.54895 1.07697 0.73565 0.432542 0.247511 0.667979 1.02527 0.377724 1.10764 1.09203 1.26015 0.262954 0.64738 0.515601 0.722659 0.300263 0.837994 0.515572 0.374696 0.201445 0.511469 0.667063 0.504195 0.69868 0.485266 0.445333 0.715804 0.446018 0.884863 0.964862 0.32996
0.770275 1.05748 0.84238 0.262448 0.354793 0.688471 1.15038 0.125426 0.555823 0.844585 0.494782 0.725314 0.201284 0.661643 0.38874 0.467945 0.691632 0.973955 0.798957 0.492793 0.942203 0.23623 0.529084 0.653984 0.555097 0.848283 0.79811 1.04248 0.711456 0.890975 0.170576 0.489451 0.955893 1.05892 0.157748 0.723066 0.408918 0.980628 0.350676 0.752874 0.36053 0.854014 0.424611 0.988835 0.477699 0.985854 0.881512 0.379107 0.287123 0.662534 0.744888 0.295823 1.12276 1.12195 1.19779 0.267816 0.582534 0.343198 0.685244 0.0835616 0.862484 0.621132 0.274005 0.183374 0.628524 0.714247 0.553275 0.56686 0.410724 0.525377 0.47367 0.397356 0.951309 1.04155 0.225788
