25 75
1.2103 0.779677 0.835223 0.91983 1.05264 0.265172 0.54169 0.544639 1.04271 0.568235 0.195878 0.96064 1.12716 0.482494 0.527834 0.257887 0.780301 0.800182 0.774908 0.478152 0.0908889 0.295048 0.941219 0.6736 0.4175 1.14259 1.12958 1.20405 0.511545 1.15077 0.793568 0.698984 1.03274 0.580399 0.750271 1.11287 0.667752 0.602097 0.245339 0.231556 0.491852 0.844817 0.70078 0.888237 0.9557 0.99792 0.763819 0.0696956 0.72945 0.531503 0.495633 1.1509 0.676913 0.363038 1.00306 0.232552 0.189384 0.89533 0.604142 1.02009 0.302946 1.07889 0.855243 0.440429 0.706098 0.886242 1.21348 0.703125 1.12446 0.425398 0.453413 0.290984 0.902037 0.535087 0.474651
1.04386 0.966064 0.623326 0.986962 0.875551 0.326794 0.524483 0.456162 1.27774 0.670376 0.284649 0.722902 1.23307 0.353666 0.478264 0.174835 0.812633 0.729339 0.694342 0.447627 0.122047 0.0990392 1.07442 0.699711 0.326107 1.03299 1.04809 1.22745 0.58095 1.02298 0.917285 0.598099 1.02734 0.750931 0.716269 1.12322 0.719524 0.684489 0.330718 0.468099 0.574715 0.853383 0.590173 1.07129 0.861771 1.12554 0.752116 0.115162 0.609705 0.502126 0.461989 1.11576 0.379855 0.331588 0.977008 0.323332 0.230727 1.00704 0.783681 1.00793 0.205446 0.908349 0.9846 0.302836 0.563503 0.836343 1.18835 0.787535 1.19502 0.389126 0.409986 0.172238 0.929408 0.565688 0.439533
1.08491 0.965234 0.793861 0.924797 0.887643 0.389286 0.570326 0.361622 1.04834 0.662836 0.327277 0.792543 0.972707 0.305266 0.490659 0.179367 0.715925 0.825425 0.726771 0.682474 0.29349 0.159656 1.04095 0.791935 0.312294 1.16104 1.03128 1.17789 0.414841 1.03194 0.874058 0.675985 1.07459 0.58056 0.536486 1.21314 0.688363 0.600261 0.327318 0.270372 0.609264 0.751399 0.696421 1.02954 1.06583 1.13974 0.819932 0.184717 0.50638 0.693782 0.451096 0.997643 0.552848 0.45118 1.0506 0.120689 0.341726 1.0619 0.555378 1.20292 0.248794 1.06027 0.831007 0.551598 0.671374 0.612624 1.02386 0.977014 1.25275 0.536937 0.428546 0.313099 0.811079 0.463766 0.526318
0.95472 0.771099 0.56954 1.0916 1.0575 0.231589 0.502444 0.448807 1.20873 0.6275 0.228847 0.78437 0.992835 0.389315 0.434701 0.173102 0.771208 0.719397 0.877505 0.495607 0.13245 0.0448402 0.9427 0.823613 0.444721 0.949072 0.926723 1.02492 0.574467 1.17507 0.904902 0.63828 0.934017 0.684401 0.505612 1.06338 0.747978 0.605165 0.245782 0.398896 0.432954 0.932782 0.633527 1.11789 0.872075 1.09732 0.90424 0.181656 0.645668 0.645402 0.398386 0.93822 0.468563 0.380751 1.01621 0.29328 0.142998 1.10793 0.569463 1.16485 0.225648 1.01668 0.719226 0.297707 0.657398 0.707409 1.19857 0.800388 1.09784 0.493044 0.365332 0.281833 0.814301 0.436435 0.602582
1.06122 0.977953 0.671055 0.996027 1.15515 0.246407 0.692427 0.619443 1.17906 0.568063 0.197055 0.942723 1.20318 0.484596 0.515727 0.0930981 0.636802 0.588752 0.873316 0.691929 0.341657 0.211813 1.09533 0.769362 0.245083 1.17709 0.901791 1.27684 0.618945 1.01232 0.960269 0.493524 1.17214 0.519165 0.553814 1.14855 0.606943 0.466163 0.0903139 0.451342 0.407722 0.886086 0.620948 1.14231 0.869242 0.967602 0.754706 0.258306 0.716388 0.515686 0.501526 0.973694 0.547006 0.169668 1.01683 0.250344 0.405546 0.941974 0.666574 1.15077 0.307009 1.07271 0.754857 0.452912 0.755811 0.639087 1.04258 0.971932 1.0651 0.538114 0.30589 0.446721 0.828729 0.594066 0.622801
0.947918 0.781476 0.650032 0.929875 0.922515 0.452958 0.746636 0.527909 1.14437 0.600894 0.221251 0.779964 1.11517 0.387459 0.49202 0.298373 0.586732 0.607992 0.648297 0.697406 0.249949 0.100187 1.09975 0.883438 0.268995 1.22357 0.990791 1.22165 0.540146 1.205 0.845496 0.612097 1.03888 0.709224 0.733567 1.13905 0.723748 0.57914 0.246199 0.455907 0.572364 1.01863 0.752494 1.06113 1.06265 1.01996 0.763365 0.143956 0.565878 0.595982 0.406535 1.0924 0.423363 0.316104 1.0863 0.156557 0.169024 0.979323 0.742556 1.00363 0.18781 1.06139 0.993285 0.535539 0.531721 0.684499 1.15482 0.980924 1.23439 0.636927 0.302344 0.275269 0.964683 0.335738 0.435472
1.16126 0.916911 0.676126 1.0405 1.00828 0.258784 0.647328 0.505667 1.02868 0.426755 0.175304 0.79875 1.14263 0.42335 0.672589 0.204516 0.583609 0.768379 0.738582 0.623602 0.242491 0.124239 0.994311 0.800115 0.378538 1.20044 0.886116 1.24603 0.54951 0.940723 0.968651 0.542401 0.936725 0.672055 0.646061 1.1959 0.605409 0.490803 0.281549 0.405029 0.412443 0.855791 0.622462 0.950877 0.907945 1.02676 0.841091 0.0631047 0.521386 0.590524 0.382639 1.18545 0.47043 0.293582 1.08326 0.304517 0.329904 1.07997 0.68454 1.16922 0.196369 1.09789 0.988204 0.541274 0.643813 0.615083 1.0306 0.701543 1.2388 0.545044 0.310751 0.184667 0.86115 0.416174 0.448604
1.20584 0.739405 0.774619 1.03108 1.13801 0.307801 0.609676 0.571683 0.998032 0.615867 0.302893 0.908581 1.1859 0.41463 0.639459 0.249549 0.57013 0.640836 0.637341 0.649205 0.219714 0.172113 1.05257 0.77592 0.191851 1.12262 1.02715 1.11209 0.484398 1.10284 0.962533 0.764754 0.920106 0.785725 0.756169 1.03912 0.552063 0.47897 0.151089 0.428242 0.59126 0.761502 0.74008 1.11261 0.935336 1.09267 0.79999 0.276861 0.596706 0.694702 0.569822 1.203 0.578911 0.256726 1.07923 0.1877 0.260089 0.904915 0.610986 1.23317 0.311927 1.03237 0.775495 0.315925 0.713915 0.619503 1.2538 0.916528 1.24689 0.577739 0.434877 0.201647 0.791604 0.528514 0.488441
1.11927 0.769183 0.860211 1.16401 1.05718 0.377257 0.644527 0.507734 1.19491 0.527104 0.310523 0.915894 1.04224 0.582698 0.661414 0.125801 0.563422 0.583523 0.709782 0.545443 0.149208 0.292628 1.00943 0.796839 0.305913 1.06933 0.901016 1.01289 0.468334 1.11382 0.944682 0.74556 0.954884 0.741665 0.656255 1.05152 0.521642 0.630657 0.273629 0.309941 0.515089 0.837516 0.882131 1.12898 0.803844 0.904734 0.783488 0.333747 0.677697 0.458119 0.333288 1.22882 0.665343 0.365981 1.06851 0.263139 0.29845 0.952787 0.636205 1.1151 0.29475 1.13641 0.880319 0.576513 0.668102 0.886107 1.02777 0.88902 1.24294 0.598085 0.426969 0.34344 0.889426 0.339941 0.448301
1.12011 0.850669 0.727604 1.04406 1.1185 0.369618 0.686012 0.46716 1.05012 0.510402 0.250589 0.73605 1.09445 0.529528 0.548448 0.0801236 0.62141 0.809076 0.826634 0.450876 0.264215 0.0531264 0.855704 0.677339 0.409561 1.08463 0.881371 1.17154 0.420596 1.06974 0.88924 0.678584 1.17122 0.545168 0.518615 0.957054 0.554655 0.52831 0.256703 0.306206 0.422744 1.02906 0.734319 1.00975 1.04122 1.01123 0.864159 0.183702 0.645875 0.628449 0.397099 1.11557 0.462034 0.192021 0.860082 0.341608 0.344951 1.16765 0.707794 1.11995 0.136616 1.04241 0.81699 0.305161 0.504567 0.83099 1.28964 0.9218 1.08985 0.567169 0.281488 0.336185 0.871546 0.561685 0.392466
1.14815 0.718024 0.745196 0.985638 1.10664 0.491628 0.730377 0.568429 1.18906 0.471188 0.359362 0.843551 0.981495 0.334576 0.47292 0.297381 0.544594 0.78645 0.747325 0.663962 0.0835312 0.0990092 0.951338 0.758209 0.422544 1.07037 0.916259 1.25368 0.656706 1.20287 0.808507 0.727948 1.15184 0.587565 0.677529 1.03993 0.677434 0.583569 0.242772 0.414281 0.49749 1.03614 0.638561 1.05331 0.828231 0.983138 0.939237 0.242038 0.757204 0.476263 0.337616 1.09796 0.505264 0.344587 0.999413 0.228169 0.16611 1.08399 0.554661 1.05703 0.158272 0.915245 0.731935 0.465162 0.626398 0.849776 1.2287 0.959451 1.21275 0.55865 0.356073 0.36283 1.04302 0.39776 0.657257
0.944248 0.722632 0.74722 0.958681 0.888525 0.36135 0.761297 0.369203 1.25275 0.492101 0.3674 0.910127 1.21152 0.325147 0.462946 0.16 0.80812 0.596445 0.863973 0.574954 0.0994594 0.288561 1.00157 0.789133 0.235261 1.03994 1.11566 1.01245 0.563762 0.941643 0.844395 0.602346 1.12936 0.715992 0.499683 1.08791 0.5778 0.699722 0.307133 0.392594 0.386695 0.785975 0.751282 0.958096 0.978674 1.12499 0.666292 0.181779 0.710427 0.487966 0.335651 1.18237 0.656831 0.25577 0.974781 0.254288 0.179514 1.03812 0.730814 1.1508 0.143878 1.04417 0.927096 0.558034 0.504446 0.81444 0.997848 0.702377 1.19838 0.414988 0.251477 0.413828 1.03982 0.553172 0.439933
1.22548 0.885902 0.63711 0.992756 1.06304 0.299612 0.639964 0.521745 1.10611 0.418392 0.141438 0.690462 1.25561 0.535498 0.427347 0.217208 0.671688 0.613144 0.636478 0.589569 0.289132 0.0955957 0.979858 0.871228 0.224676 1.15882 0.91045 1.158 0.658214 1.20372 0.760182 0.594324 1.07836 0.607262 0.577492 1.19183 0.745469 0.676184 0.171386 0.490771 0.365886 0.978197 0.705484 0.964344 0.850169 1.04093 0.65866 0.218922 0.487932 0.641842 0.587556 1.11607 0.572698 0.286903 1.01461 0.0781811 0.335296 1.01343 0.66087 1.00698 0.321707 0.917448 0.958745 0.530949 0.57759 0.858764 1.00477 0.941901 1.1184 0.404605 0.409257 0.29326 0.818685 0.382964 0.609139
1.14904 0.727539 0.596056 1.08887 1.07843 0.523953 0.633541 0.392099 1.09222 0.589752 0.244276 0.940536 1.12097 0.403016 0.500733 0.0193057 0.664057 0.823144 0.745819 0.471046 0.235607 0.085036 0.866549 0.837629 0.297101 0.97676 0.908243 1.03789 0.449114 0.984365 0.812398 0.773701 1.17718 0.53533 0.750337 1.11513 0.516839 0.625444 0.0897823 0.393053 0.335859 0.829242 0.658316 1.01179 0.854916 1.13759 0.790216 0.270842 0.480525 0.415452 0.559521 1.12854 0.495848 0.374033 0.960904 0.127267 0.229005 0.913962 0.561225 1.11543 0.15499 0.94386 0.964029 0.568608 0.59464 0.662954 1.26295 0.982873 1.01432 0.555509 0.427093 0.413121 0.958936 0.562282 0.420906
1.19248 0.993711 0.578309 0.959358 1.08944 0.29333 0.63088 0.619138 1.04428 0.506066 0.293234 0.696687 1.02629 0.329575 0.635164 0.0508176 0.700433 0.649406 0.827604 0.648281 0.350955 0.248087 1.14895 0.713276 0.457776 1.20103 0.983441 1.28679 0.496239 1.20893 0.884608 0.732741 1.15999 0.522672 0.698776 0.955752 0.557293 0.543 0.103984 0.284397 0.432643 1.01655 0.615101 0.86866 0.975954 1.08984 0.855523 0.079211 0.491194 0.687457 0.578958 1.08247 0.561799 0.432602 1.05036 0.231606 0.201339 1.13817 0.763467 1.03843 0.337332 1.0345 0.728276 0.450216 0.498204 0.783013 1.16242 0.759263 1.1486 0.50868 0.288544 0.32389 1.01671 0.44212 0.605453
1.10102 0.724998 0.664715 1.19803 1.15441 0.429956 0.61596 0.452339 1.1887 0.515328 0.110987 0.879497 1.25212 0.565826 0.570749 0.163167 0.766997 0.787159 0.739216 0.733336 0.264685 0.280441 1.09202 0.725642 0.223522 1.00082 1.01909 1.1911 0.395579 0.954528 0.959648 0.538086 1.13603 0.518737 0.522042 0.991617 0.716733 0.490943 0.18036 0.305984 0.537484 0.962827 0.807583 0.9436 1.02479 0.89775 0.727256 0.256372 0.739577 0.509256 0.471469 1.07479 0.671474 0.258658 1.12433 0.140455 0.331284 1.11486 0.741248 1.02659 0.264247 1.00105 0.930879 0.442296 0.742107 0.716965 1.21342 0.767343 1.15532 0.394818 0.287288 0.279366 0.873029 0.395126 0.527448
1.14961 0.815792 0.610682 0.972617 1.07124 0.264678 0.548136 0.320029 1.05675 0.513938 0.266314 0.687812 1.2462 0.342357 0.700683 0.0830438 0.590311 0.797281 0.904921 0.505512 0.295101 0.244064 0.944644 0.91528 0.252761 0.98096 1.06633 1.1095 0.686141 1.10159 0.854834 0.714559 0.991373 0.519142 0.660639 1.07459 0.652145 0.552977 0.171883 0.250107 0.490381 0.920875 0.749361 0.880062 1.06427 1.04194 0.877572 0.225006 0.494562 0.592593 0.39872 1.23331 0.511296 0.235492 0.949209 0.261017 0.387953 1.09721 0.62961 1.08657 0.379267 0.868451 0.78828 0.391564 0.647392 0.667035 1.0407 0.720636 1.12288 0.512549 0.236722 0.259836 1.05455 0.58334 0.444324
0.994497 0.845691 0.7582 0.979319 0.992012 0.306452 0.739488 0.588288 1.25775 0.618482 0.113802 0.743659 1.27027 0.388559 0.713319 0.160357 0.5901 0.773648 0.674372 0.717006 0.18804 0.249475 0.858723 0.874569 0.343145 1.10607 0.890847 1.29292 0.545513 0.970012 0.998553 0.601299 1.02847 0.751204 0.632376 1.22248 0.719762 0.720244 0.205455 0.234474 0.514287 0.814933 0.788788 0.873276 0.914321 1.02757 0.8535 0.146944 0.587938 0.467084 0.436008 1.12282 0.456341 0.246056 1.12813 0.0788937 0.246651 1.02117 0.747885 0.97795 0.265698 1.00252 0.969972 0.402183 0.561788 0.871249 1.25417 0.772162 1.27292 0.536826 0.403395 0.351972 0.961292 0.454117 0.463636
0.954288 0.784706 0.632453 1.04478 0.987667 0.319154 0.742274 0.579053 1.27861 0.455711 0.234162 0.802875 1.09327 0.468111 0.430103 0.00838072 0.768429 0.558453 0.650527 0.628791 0.371743 0.133954 1.00988 0.762493 0.197029 1.14811 1.01719 1.15604 0.429446 0.968819 0.733449 0.566789 1.11546 0.586368 0.530314 1.22193 0.611232 0.67047 0.343683 0.286668 0.471831 0.956542 0.744612 1.05607 0.785994 1.06131 0.796898 0.167265 0.60788 0.620028 0.553907 0.997117 0.41869 0.396452 1.13646 0.216496 0.172163 1.01378 0.5319 1.11301 0.244382 1.07315 0.719642 0.55953 0.472719 0.834972 1.19577 0.90609 1.23504 0.439091 0.275289 0.45213 0.774743 0.585459 0.489652
1.2068 0.834092 0.56288 1.08511 1.01331 0.330093 0.594342 0.351217 1.07258 0.647509 0.166487 0.89455 1.02187 0.492743 0.542741 0.124182 0.725871 0.809102 0.717521 0.483943 0.182043 0.111896 0.867037 0.705957 0.363032 1.08591 0.9454 1.15066 0.470519 1.13455 0.766419 0.6375 0.965637 0.73606 0.53773 1.03264 0.526678 0.700771 0.219388 0.430329 0.544636 0.894803 0.853989 1.07747 0.905428 1.16898 0.809973 0.298433 0.696614 0.518441 0.309212 0.947775 0.656348 0.325245 1.09614 0.356536 0.20206 0.982589 0.597684 1.16377 0.162383 1.1553 0.837848 0.567246 0.686495 0.891303 1.29295 0.779557 1.16724 0.613154 0.364262 0.173681 0.854345 0.349878 0.446261
1.01073 0.778846 0.582789 0.998967 0.928714 0.299895 0.542324 0.325387 1.03618 0.635553 0.298265 0.789044 1.17426 0.374784 0.534492 0.185572 0.624492 0.793444 0.862017 0.618438 0.170341 0.314385 0.867795 0.689521 0.25109 1.1516 0.938015 1.03658 0.531306 1.2064 0.983347 0.656109 1.0878 0.706352 0.666475 1.16599 0.611837 0.683538 0.146173 0.453364 0.620526 0.760484 0.774237 1.04523 0.883165 0.957363 0.913324 0.181804 0.488019 0.447189 0.548894 1.21136 0.664078 0.24165 0.892687 0.259979 0.219405 1.00026 0.6845 1.01961 0.229748 1.15082 0.919475 0.511647 0.556673 0.854878 1.17983 0.791493 1.06033 0.388465 0.261571 0.450322 0.976405 0.460634 0.493721
0.946649 0.891081 0.685653 1.02917 1.03205 0.498938 0.527292 0.532546 0.997588 0.610046 0.271015 0.816446 0.976647 0.461703 0.57059 0.0813653 0.737079 0.75791 0.782026 0.724909 0.272671 0.273293 0.881733 0.945441 0.405489 1.07753 0.92586 1.22035 0.612793 1.13413 0.934797 0.566625 0.919038 0.574574 0.504417 1.07387 0.702331 0.571316 0.194436 0.304283 0.38024 0.796138 0.801514 0.903393 0.968916 1.10568 0.851163 0.199482 0.765707 0.495041 0.495716 1.21277 0.523726 0.440715 1.10744 0.368203 0.218158 0.997069 0.531519 0.940141 0.1253 1.15026 0.859695 0.572956 0.715333 0.71523 1.15601 0.74237 1.10181 0.396894 0.402776 0.432279 0.813855 0.595473 0.427246
1.0762 0.717541 0.755757 0.972968 0.979399 0.283991 0.506895 0.42855 1.14208 0.490796 0.29098 0.836536 1.01861 0.38761 0.482664 0.0980721 0.581693 0.640566 0.864517 0.703649 0.276026 0.241877 1.03802 0.842667 0.223971 0.949749 0.953992 1.26239 0.56018 1.18417 0.742618 0.541256 1.105 0.518576 0.646362 1.0627 0.5523 0.688764 0.27601 0.350006 0.523345 1.0316 0.820465 0.991161 0.880263 0.921963 0.90019 0.304865 0.594791 0.659903 0.454022 1.01573 0.536726 0.325715 1.12394 0.184865 0.330053 0.933131 0.658815 1.20171 0.242809 0.898035 1.00581 0.481852 0.466182 0.62647 1.12086 0.892935 1.14889 0.637344 0.385389 0.268644 0.797124 0.564461 0.633241
1.03739 0.868662 0.799522 1.04624 0.936746 0.313546 0.512471 0.54881 1.07674 0.681368 0.243019 0.876023 1.08596 0.3762 0.434889 0.0487014 0.627394 0.574764 0.668347 0.629043 0.263301 0.146539 0.987139 0.737241 0.37706 1.09804 1.00652 1.12859 0.516173 1.00725 0.953836 0.698262 1.01246 0.710982 0.760124 1.02345 0.75722 0.494722 0.082362 0.203926 0.587461 0.866138 0.679828 0.888114 1.00287 0.920977 0.751053 0.0570035 0.692099 0.506328 0.308467 1.22743 0.554824 0.309122 0.957746 0.292224 0.206882 0.886736 0.801013 1.02105 0.129707 1.07647 0.898006 0.443947 0.478574 0.784199 1.08894 0.99963 1.16693 0.644416 0.530911 0.315618 1.02065 0.546564 0.501522
0.96893 0.899688 0.768499 1.06384 1.12793 0.340485 0.731225 0.574324 1.11274 0.536834 0.303661 0.746109 1.25187 0.567908 0.613554 0.0450626 0.577767 0.595206 0.711117 0.679138 0.318237 0.0289537 1.12075 0.807699 0.33208 1.08085 0.881562 1.26519 0.649897 1.04741 0.916825 0.775806 1.1498 0.683771 0.584963 1.21072 0.715328 0.675756 0.105963 0.254005 0.44647 0.801694 0.6851 1.06216 1.08212 0.967195 0.915528 0.209338 0.662872 0.441365 0.598697 1.00668 0.410664 0.336246 0.892001 0.147033 0.402007 1.14326 0.539309 1.23106 0.277261 1.12458 0.928038 0.306844 0.637065 0.721212 1.06654 0.920292 1.18962 0.4473 0.493287 0.29349 1.05453 0.566307 0.498872
