25 75
0.499036 0.732372 0.498358 0.567168 0.688347 0.541291 1.02157 0.702837 0.76307 0.240273 0.789771 0.293763 0.281983 0.734537 0.74475 0.49636 0.559571 0.573685 0.92226 0.381247 0.161309 0.624731 0.74873 1.1059 0.830029 0.973932 0.148635 0.746498 0.354128 0.915576 0.778764 0.414424 0.708955 1.16357 0.507267 0.361519 0.331798 0.305056 0.547364 1.0554 0.794005 0.467357 0.900427 0.389896 0.603157 0.779045 0.316601 0.59775 1.1063 1.10405 0.0573415 0.193045 0.961632 0.330886 0.395111 0.9263 0.662248 0.805151 0.820578 0.454189 0.180443 0.292176 0.865575 0.856564 0.421468 0.724609 0.314275 0.796786 0.554865 0.432116 0.85954 1.19104 1.19264 0.255922 0.284558
0.680644 0.728586 0.488192 0.524899 0.752474 0.43422 1.27241 0.712725 0.823055 0.25013 0.549393 0.395241 0.135647 0.916877 0.548816 0.525493 0.662804 0.748945 0.7079 0.525105 0.0948773 0.54517 0.607759 1.19722 0.660229 0.71073 0.319131 0.828487 0.112994 0.984021 0.926178 0.273087 0.819978 1.0626 0.492472 0.236763 0.40476 0.0270566 0.434943 1.10669 0.835584 0.327056 1.12019 0.293648 0.736672 0.853437 0.392869 0.4513 1.0295 0.966092 0.111734 0.334124 0.983939 0.175234 0.223002 1.08253 0.669602 0.837158 0.798627 0.506515 0.326827 0.32304 0.93534 0.817425 0.465433 0.806765 0.309875 0.836694 0.801111 0.419066 0.904283 1.09708 1.10626 0.29563 0.266103
0.573807 0.812198 0.584619 0.583645 0.957183 0.435564 1.18446 0.64537 0.678933 0.141961 0.692382 0.246165 0.128938 0.708574 0.495134 0.377968 0.671421 0.792464 0.770863 0.379259 0.141487 0.772123 0.739769 1.09652 0.690026 0.942933 0.0477785 0.591111 0.101318 0.987024 0.703154 0.223104 0.650405 1.04146 0.572748 0.366402 0.396221 0.1894 0.644445 1.05903 0.74617 0.356446 0.890756 0.364873 0.763555 0.598003 0.422251 0.623137 0.911793 1.08762 0.184274 0.188482 0.887522 0.165675 0.313975 0.922378 0.626658 0.784143 0.801709 0.431253 0.0588593 0.473174 0.785843 0.619499 0.385547 0.645833 0.326995 0.897425 0.688017 0.554861 0.995964 1.07972 1.08794 0.252738 0.426101
0.606986 0.861997 0.407437 0.49123 0.84076 0.395178 1.20235 0.619846 0.76652 0.312672 0.713701 0.453219 0.284654 0.739976 0.456399 0.295147 0.624066 0.607152 0.923843 0.521117 0.227362 0.720547 0.782491 1.20045 0.921755 0.751802 0.0902925 0.834323 0.213712 0.9527 0.768657 0.382614 0.612003 1.17099 0.438409 0.481353 0.501431 0.130581 0.566654 1.07488 0.590625 0.380447 1.13387 0.343454 0.822564 0.837001 0.440599 0.659609 0.876162 0.983057 0.280481 0.242444 1.01397 0.258402 0.274124 0.890618 0.550191 0.97948 0.85934 0.447017 0.223913 0.436751 0.954201 0.660895 0.563011 0.902785 0.358592 0.966423 0.657997 0.42279 0.912463 1.08702 1.23572 0.151956 0.424575
0.617103 0.585694 0.426267 0.711405 0.827672 0.395137 1.27246 0.549234 0.807986 0.284773 0.581202 0.453299 0.298627 0.661956 0.748272 0.244236 0.511679 0.54637 0.795745 0.601936 0.155421 0.603965 0.573971 0.986366 0.788256 0.74702 0.228114 0.614816 0.152182 1.03431 0.839406 0.41603 0.690564 1.25338 0.393286 0.444957 0.54047 0.0551312 0.60598 1.01096 0.600175 0.349417 1.10949 0.361501 0.576465 0.773257 0.353712 0.438027 0.895652 1.07334 0.0211956 0.44243 1.08344 0.429608 0.445152 0.92049 0.542306 0.955609 0.823965 0.548442 0.301206 0.303028 0.932559 0.759256 0.431655 0.66852 0.263018 0.917343 0.69385 0.303607 1.02822 1.00572 1.02732 0.198655 0.419595
0.457458 0.801176 0.298064 0.687492 0.9036 0.378541 1.08055 0.629511 0.675303 0.102624 0.665016 0.458721 0.24089 0.730509 0.509486 0.416941 0.528069 0.572198 0.791073 0.544167 0.184845 0.835544 0.716142 1.22724 0.695365 0.769631 0.0974983 0.603406 0.232088 0.930543 0.765621 0.344465 0.860889 1.23575 0.466908 0.424711 0.527652 0.20583 0.510418 1.23264 0.837851 0.377812 1.13074 0.438282 0.728815 0.666231 0.383499 0.679797 1.08379 1.24007 0.17041 0.320724 1.07065 0.306851 0.402452 0.955946 0.436794 0.855082 0.834687 0.412085 0.132291 0.491135 0.975673 0.62111 0.625095 0.698225 0.344665 0.763596 0.625137 0.283752 1.0129 0.933998 1.19779 0.106718 0.438442
0.629931 0.74187 0.446582 0.59611 0.744338 0.522796 1.09655 0.475207 0.90928 0.263961 0.807198 0.470219 0.222829 0.848651 0.7252 0.298034 0.545801 0.622237 0.767598 0.627019 0.287036 0.63849 0.760944 1.10841 0.872011 0.941831 0.0557323 0.782474 0.206933 1.02286 0.855962 0.312125 0.664613 0.964321 0.430077 0.369811 0.459281 0.0475767 0.603386 0.989726 0.83069 0.31992 0.917722 0.380492 0.705337 0.860657 0.345684 0.480099 1.10455 0.976961 0.201288 0.35944 0.909599 0.378275 0.441088 1.09516 0.518875 0.826354 0.950414 0.463316 0.303272 0.465097 0.822847 0.691638 0.530106 0.896107 0.164357 0.973126 0.737271 0.447315 0.955271 1.1594 1.19348 0.132171 0.426503
0.501831 0.846917 0.5353 0.655152 0.82165 0.632406 1.02486 0.54612 0.736017 0.0898095 0.690164 0.2467 0.114925 0.713399 0.463922 0.260503 0.478091 0.832207 0.763296 0.600515 0.210874 0.808791 0.618922 1.23136 0.928051 0.98133 0.163172 0.753846 0.112886 1.05427 0.681615 0.484895 0.887809 1.16179 0.43931 0.423225 0.339171 0.0479469 0.524248 1.14031 0.789363 0.510874 1.07823 0.27984 0.648565 0.715203 0.277446 0.55558 0.994436 1.14709 0.211953 0.348036 0.990008 0.343579 0.377721 0.973919 0.574806 0.793422 0.691541 0.401643 0.144261 0.342049 0.78578 0.615555 0.582045 0.78365 0.303501 0.890354 0.763763 0.407718 1.00375 0.95006 1.24191 0.158277 0.490857
0.467683 0.572381 0.528778 0.703725 0.710308 0.660909 1.08253 0.519837 0.668511 0.251405 0.631414 0.486084 0.21626 0.712617 0.680356 0.362371 0.518239 0.687716 0.781002 0.448472 0.0681152 0.72842 0.80868 1.22141 0.796921 0.901574 0.186649 0.632582 0.272283 0.989585 0.756663 0.49227 0.755833 1.15791 0.552148 0.342188 0.377404 0.261302 0.670711 1.0488 0.759923 0.359442 1.0442 0.315536 0.685743 0.724223 0.441677 0.598482 1.09985 1.06869 0.317647 0.368565 0.997048 0.431722 0.42558 1.01022 0.504777 0.988982 0.7259 0.52504 0.0840669 0.491792 0.930569 0.686311 0.354696 0.818804 0.214529 0.886973 0.638942 0.311939 0.915874 0.949696 1.15871 0.23411 0.287442
0.660448 0.608923 0.563112 0.777097 0.847405 0.420924 1.00592 0.434431 0.892561 0.196742 0.575716 0.356422 0.153587 0.885877 0.493934 0.265872 0.451457 0.820136 0.912824 0.56932 0.296191 0.678643 0.75218 1.19816 0.820645 0.882115 0.109587 0.5807 0.298708 1.0861 0.837516 0.477079 0.732343 1.04593 0.348525 0.502046 0.362231 0.101634 0.616684 1.18543 0.583666 0.34307 0.931498 0.216201 0.857683 0.745821 0.538436 0.661281 1.06336 1.1243 0.271938 0.292555 1.06767 0.179232 0.455293 0.845927 0.582816 0.840033 0.751432 0.387352 0.169244 0.313732 0.993833 0.808301 0.603992 0.809413 0.310168 0.732747 0.63307 0.414344 0.956785 1.16368 1.00486 0.242606 0.341069
0.725212 0.608748 0.296164 0.661347 0.850572 0.540538 1.16306 0.698683 0.857937 0.0510277 0.525102 0.211693 0.285357 0.670514 0.722061 0.283383 0.668513 0.726111 0.966021 0.558515 0.0696677 0.834876 0.594574 1.13447 0.71516 0.933794 0.0608716 0.60578 0.353903 0.999943 0.799742 0.247644 0.649762 1.2081 0.362083 0.272992 0.416729 0.0912031 0.603356 1.16894 0.754407 0.533326 1.12441 0.373842 0.717832 0.858412 0.446989 0.467003 1.10707 1.23923 0.133872 0.404952 0.823852 0.288546 0.341204 1.04398 0.443209 0.985156 0.722382 0.58578 0.185465 0.371528 0.767786 0.584921 0.399659 0.891861 0.235815 0.83917 0.726997 0.305759 0.879228 1.18238 1.16956 0.176881 0.435596
0.735073 0.617106 0.333248 0.613233 0.782107 0.469233 0.982116 0.592089 0.775606 0.0527155 0.817163 0.368882 0.149944 0.879964 0.565347 0.531736 0.699934 0.639412 0.760065 0.606939 0.0798879 0.726408 0.597333 1.06138 0.73626 0.789965 0.0339818 0.694551 0.0910073 1.08464 0.665749 0.390082 0.7956 1.07453 0.4764 0.291123 0.377619 0.0974795 0.570815 1.06814 0.839192 0.326772 0.929609 0.193912 0.810401 0.720523 0.493641 0.469813 1.15599 1.20279 0.0397571 0.42966 0.861672 0.34164 0.384586 1.10841 0.554986 0.789872 0.721556 0.530541 0.0584124 0.404489 0.868882 0.617199 0.550436 0.765167 0.163834 0.841864 0.777743 0.418361 0.782126 0.954693 1.12032 0.303425 0.231508
0.591481 0.601688 0.323582 0.646638 0.794435 0.388512 1.19785 0.539919 0.905294 0.0761546 0.671277 0.408998 0.100562 0.640659 0.636398 0.377034 0.671894 0.612794 0.943298 0.386687 0.0849599 0.771912 0.802734 1.04835 0.852735 0.77076 0.0381564 0.783779 0.273717 1.05528 0.95583 0.494316 0.680617 1.21271 0.57864 0.300544 0.476717 0.171993 0.57225 1.12386 0.675585 0.297715 0.933277 0.185516 0.580377 0.691534 0.510312 0.60321 0.895609 1.13396 0.276441 0.312607 0.856943 0.281505 0.478574 0.92153 0.601197 0.999444 0.831523 0.38064 0.058153 0.232331 0.921614 0.851404 0.474755 0.776787 0.298262 0.961074 0.654963 0.366367 1.00688 1.09129 1.26327 0.0887633 0.336342
0.504423 0.738941 0.496179 0.554901 0.791744 0.507849 1.22766 0.43406 0.691182 0.0585027 0.532673 0.308606 0.220195 0.634838 0.53659 0.440586 0.668986 0.738963 0.762109 0.543283 0.118719 0.649341 0.731238 0.98252 0.724603 0.740063 0.0453519 0.647217 0.203833 1.09981 0.681085 0.387148 0.597397 1.04088 0.584126 0.479587 0.543792 0.0752055 0.649339 1.05148 0.664977 0.343833 0.953603 0.455405 0.662962 0.606534 0.305257 0.587159 0.88091 0.98212 0.0734636 0.333825 1.01548 0.375045 0.292575 1.11789 0.383977 0.862329 0.831439 0.477741 0.309525 0.489498 0.859949 0.744361 0.543091 0.675166 0.241263 0.739043 0.625771 0.507312 0.867123 1.00055 1.27269 0.108044 0.254114
0.505 0.795283 0.571593 0.538879 0.971339 0.629466 0.985066 0.653916 0.867497 0.0957834 0.595271 0.463463 0.301483 0.7444 0.475066 0.343149 0.506085 0.749567 0.757607 0.459988 0.0701022 0.721793 0.666152 1.11269 0.750273 0.779806 0.304764 0.638198 0.339537 1.00645 0.882869 0.49496 0.806259 0.996706 0.464131 0.330604 0.355402 0.232471 0.444316 1.16162 0.6583 0.474103 0.944232 0.265581 0.636808 0.69019 0.498105 0.537474 0.964688 1.16875 0.0995029 0.409525 0.890125 0.228961 0.448344 0.84732 0.443428 0.961052 0.804423 0.435927 0.0470268 0.279533 0.875034 0.826685 0.616017 0.719073 0.0809115 0.959023 0.702138 0.438987 0.876367 0.995578 1.28103 0.144406 0.24357
0.597733 0.825823 0.486916 0.539592 0.899383 0.567496 1.1986 0.626885 0.90846 0.241174 0.712633 0.464643 0.336908 0.760735 0.720811 0.492859 0.506897 0.831376 0.891392 0.507614 0.324383 0.650962 0.755006 1.04087 0.650386 0.788713 0.240404 0.662096 0.313793 1.06595 0.752346 0.274247 0.633163 1.0978 0.348264 0.238878 0.363369 0.0711147 0.584321 1.11419 0.847452 0.481469 1.06026 0.308724 0.838231 0.600745 0.291559 0.589631 0.934757 1.14304 0.0902292 0.325985 0.929671 0.361309 0.303119 1.09142 0.442992 0.993429 0.954679 0.478667 0.164605 0.505401 0.81463 0.857928 0.618211 0.656246 0.130119 0.842333 0.771174 0.288087 0.932422 1.07537 1.1909 0.307469 0.3927
0.546124 0.622766 0.544872 0.617415 0.742277 0.384676 1.02643 0.522751 0.64701 0.186855 0.749924 0.364914 0.207168 0.679639 0.553203 0.522749 0.713618 0.608745 0.939017 0.464624 0.318994 0.801841 0.554834 1.19711 0.744633 0.827915 0.0676652 0.731957 0.181332 0.886567 0.723802 0.44226 0.79878 1.16731 0.576007 0.48737 0.574778 0.135882 0.647014 1.25199 0.618796 0.513125 1.00362 0.331851 0.799602 0.770211 0.487965 0.635353 0.902925 1.24157 0.209499 0.193652 0.988262 0.410911 0.248161 0.885439 0.56564 0.800993 0.722205 0.505832 0.262328 0.508938 1.00272 0.786875 0.628457 0.734855 0.186234 0.985235 0.69003 0.53949 0.953513 1.18207 1.24895 0.0386099 0.462965
0.652667 0.676079 0.575778 0.752096 0.870885 0.595189 1.26459 0.433263 0.818744 0.247395 0.586912 0.422574 0.186119 0.701364 0.750273 0.374942 0.45396 0.764559 0.775851 0.40281 0.338896 0.726067 0.828591 1.20799 0.796403 0.941825 0.18154 0.859226 0.192403 1.00321 0.918236 0.286742 0.671587 1.24387 0.576469 0.47268 0.410683 0.156867 0.618358 0.979774 0.770244 0.438677 1.15092 0.315522 0.696689 0.693888 0.524146 0.63352 0.911351 1.06695 0.125358 0.15864 0.967143 0.25668 0.37104 0.965899 0.522313 0.821954 0.830989 0.609499 0.284875 0.386243 0.888887 0.847915 0.50913 0.693506 0.173027 0.826922 0.73199 0.401254 0.921044 1.18006 1.00113 0.10503 0.39969
0.614426 0.806545 0.409845 0.778725 0.944071 0.438377 1.12755 0.48835 0.858742 0.0763441 0.763697 0.303711 0.305586 0.749079 0.559799 0.246735 0.605674 0.796562 0.718442 0.579052 0.241044 0.650806 0.56532 1.11751 0.927385 0.925817 0.314306 0.624784 0.24942 0.9645 0.789938 0.255302 0.811134 1.17987 0.586535 0.492033 0.392857 0.0671619 0.622095 0.990827 0.566536 0.421515 1.09141 0.314416 0.599799 0.658009 0.298579 0.455581 0.871576 1.04221 0.280393 0.401708 1.09108 0.339195 0.379753 1.03197 0.388957 0.743577 0.94221 0.669732 0.19664 0.287658 0.83222 0.777272 0.649617 0.713926 0.100548 0.795869 0.705847 0.507988 0.753344 1.11799 1.02711 0.320109 0.359025
0.732508 0.568969 0.537866 0.553862 0.923921 0.539559 1.13598 0.437558 0.872074 0.284976 0.644555 0.443677 0.195702 0.659737 0.584001 0.522391 0.519891 0.647405 0.922042 0.547428 0.317393 0.630399 0.711771 0.997602 0.940979 0.796946 0.166057 0.782284 0.22616 0.962693 0.88349 0.460487 0.65118 1.18433 0.542359 0.514576 0.351216 0.172064 0.430041 1.20782 0.704488 0.437637 1.00869 0.347158 0.601483 0.877551 0.455229 0.577429 0.905695 1.08233 0.152103 0.35554 1.00322 0.137403 0.213604 0.953302 0.441752 0.842263 0.733838 0.426544 0.265377 0.274388 0.98438 0.607489 0.40073 0.685873 0.0979272 0.976428 0.607452 0.453334 0.831563 0.95032 1.24922 0.203858 0.432386
0.595701 0.654426 0.505747 0.721207 0.799976 0.598308 1.00022 0.703484 0.904513 0.0557564 0.819135 0.419164 0.0683924 0.889585 0.508169 0.498846 0.438196 0.588206 0.775496 0.513389 0.21321 0.753212 0.71202 1.222 0.837384 0.963818 0.0978517 0.80166 0.176982 1.06272 0.742008 0.397944 0.807797 1.05317 0.578558 0.287968 0.384431 0.0706526 0.428237 1.03023 0.697245 0.533021 1.01278 0.455501 0.616879 0.737394 0.516819 0.528469 0.90458 1.23546 0.0416616 0.282546 0.906724 0.428401 0.245222 0.935182 0.418062 0.911283 0.79139 0.573288 0.152183 0.239897 1.01131 0.744777 0.450037 0.85532 0.254026 0.856701 0.73787 0.311619 0.876615 0.966593 1.08169 0.247802 0.213331
0.517515 0.757706 0.514869 0.565136 0.827274 0.629965 1.09847 0.506631 0.814507 0.131029 0.770398 0.500493 0.0459129 0.837614 0.728987 0.400377 0.470299 0.614455 0.770556 0.564683 0.31378 0.61053 0.672768 1.05093 0.765571 0.754602 0.259874 0.831461 0.0883712 0.814087 0.931642 0.332748 0.673925 0.979807 0.522542 0.390083 0.3834 0.119484 0.454797 1.0121 0.847422 0.357759 1.07632 0.42189 0.64311 0.696953 0.368488 0.559285 1.14918 1.15714 0.0793635 0.370219 1.00369 0.310441 0.371329 0.941659 0.556361 0.771972 0.896375 0.544726 0.113137 0.315342 0.977216 0.730227 0.411447 0.800032 0.164174 0.962882 0.771369 0.386218 0.919799 1.16541 1.28499 0.210465 0.332186
0.532483 0.633988 0.414217 0.564815 0.690579 0.567081 1.12195 0.575363 0.91286 0.0841234 0.601157 0.385517 0.304656 0.923275 0.625257 0.39808 0.626749 0.809887 0.785319 0.510752 0.358677 0.800994 0.683058 1.19508 0.740116 0.776886 0.193185 0.85081 0.144827 0.859338 0.959621 0.237695 0.673433 1.24473 0.30829 0.360063 0.484786 0.10265 0.488948 1.21806 0.573835 0.328857 0.989517 0.415569 0.804509 0.688024 0.306034 0.598785 1.06809 1.17344 0.0810372 0.321884 0.988001 0.29664 0.3446 1.10197 0.549777 0.932946 0.83539 0.405486 0.172572 0.370855 0.947056 0.622213 0.591654 0.747785 0.300855 0.988589 0.793031 0.402356 1.00056 1.00749 1.16033 0.317754 0.377309
0.607192 0.689574 0.369887 0.732605 0.774027 0.557839 1.23935 0.706902 0.899985 0.258293 0.810883 0.405836 0.151047 0.814643 0.736054 0.511792 0.586428 0.718647 0.759304 0.374496 0.261545 0.597646 0.723873 1.22197 0.839893 0.879962 0.256092 0.622716 0.29878 0.922329 0.903474 0.326423 0.879124 1.15871 0.514634 0.403478 0.39478 0.18426 0.651818 0.999756 0.817623 0.336511 1.06851 0.445425 0.839971 0.876683 0.328233 0.506669 1.08338 1.10334 0.0250823 0.2554 1.04563 0.386935 0.409445 0.910703 0.395814 0.843685 0.829593 0.631586 0.0947778 0.23459 1.01265 0.763044 0.567063 0.929876 0.186486 0.752982 0.73624 0.546081 0.998166 1.0774 1.15011 0.104458 0.453937
0.538638 0.606159 0.302377 0.489067 0.93147 0.416097 1.14056 0.516889 0.844429 0.137484 0.709196 0.264422 0.107212 0.918727 0.659602 0.302572 0.657729 0.672329 0.750575 0.58093 0.0892724 0.780243 0.676337 1.2126 0.68043 0.801192 0.230903 0.660034 0.32828 1.06563 0.687917 0.388988 0.721445 1.02204 0.377769 0.355442 0.463474 0.0857217 0.494119 0.983237 0.628179 0.387391 1.16286 0.237545 0.823875 0.810671 0.31668 0.44141 0.921329 0.962114 0.314704 0.278456 0.9305 0.231223 0.423547 0.930302 0.521967 0.83909 0.766644 0.676443 0.228674 0.448951 0.969255 0.685529 0.640849 0.689181 0.0909952 1.01783 0.719384 0.490646 0.997316 1.22169 1.24288 0.236443 0.357848
