25 75
0.533554 0.312928 0.605126 0.0428511 0.579434 0.677238 0.897308 1.12427 1.03916 0.393554 0.823896 0.302776 1.16678 0.619455 0.626212 0.732458 0.767112 0.700635 1.14874 0.543155 0.163285 0.269961 0.425727 0.354743 0.427615 0.294753 0.623705 0.89799 0.949263 0.249217 0.941674 1.03103 0.312982 0.481635 0.609453 0.454478 0.73678 0.441598 0.865959 0.633682 0.0932915 0.525933 0.785029 0.8723 0.938629 0.235733 0.537811 0.713078 1.00256 1.12454 0.236556 0.269712 0.969485 0.843059 0.968714 0.928338 0.168572 0.685162 0.628335 0.724832 0.120101 0.623053 0.891961 0.991872 0.692162 0.853017 0.815719 0.841938 0.486316 0.764385 0.491845 0.598622 0.578028 0.536686 0.663105
0.659404 0.298579 0.666161 0.0387808 0.690016 0.682285 0.763299 1.19717 0.884809 0.221721 0.809154 0.281005 0.986375 0.499832 0.492481 0.862845 0.681044 0.573565 1.01684 0.486052 0.275599 0.364938 0.257508 0.498708 0.253684 0.266579 0.548941 0.710836 1.08707 0.3498 0.929231 1.17403 0.137333 0.633116 0.405028 0.41907 0.716536 0.612099 1.08835 0.602669 0.304212 0.465456 0.90983 0.952571 0.727672 0.217961 0.498124 0.972878 0.828294 1.17181 0.163772 0.20967 0.885188 0.609292 0.951044 1.0332 0.175861 0.774677 0.752591 0.992186 0.21697 0.52895 0.956985 1.13123 0.675289 0.735742 1.01919 0.924183 0.489872 0.828621 0.395892 0.362707 0.53884 0.632589 0.777281
0.616778 0.156924 0.548383 0.248118 0.783939 0.857389 1.0408 1.13749 0.748406 0.285182 0.834942 0.263226 1.14165 0.398159 0.467691 0.719296 0.571183 0.798962 0.932824 0.488321 0.274722 0.455329 0.342726 0.48623 0.296364 0.438809 0.575152 0.909901 1.13814 0.397726 0.91869 1.14016 0.132611 0.626776 0.344256 0.440714 0.647509 0.415363 1.03201 0.82721 0.19769 0.479468 0.864457 0.852491 0.97227 0.097508 0.671644 0.869151 0.960313 0.977253 0.216615 0.31727 0.895684 0.809224 0.850344 1.16711 0.172133 0.738776 0.489929 0.754868 0.270529 0.790048 0.987133 0.90468 0.61572 0.861716 0.76748 0.915288 0.515495 0.880266 0.499883 0.48672 0.524328 0.636804 0.74651
0.543566 0.327138 0.442828 0.0304708 0.632261 0.755231 1.03754 1.25812 0.850747 0.302118 0.71636 0.27666 1.11698 0.410662 0.386436 0.757227 0.536274 0.683486 1.02986 0.496908 0.272477 0.376011 0.398811 0.361108 0.344837 0.302099 0.526333 0.686471 1.11236 0.184058 0.919032 1.05329 0.302244 0.72604 0.491993 0.511323 0.603059 0.339555 1.13745 0.802811 0.114509 0.630129 0.652728 0.916007 0.966229 0.040951 0.477381 0.827657 0.932101 1.22104 0.264474 0.382024 0.965182 0.606111 0.995634 1.03667 0.195383 0.730679 0.490416 0.771991 0.304549 0.595786 1.10883 0.985779 0.432279 0.844602 1.0049 0.737209 0.512018 0.789229 0.329587 0.579063 0.589312 0.562454 0.761336
0.651384 0.14104 0.450875 0.297251 0.594054 0.753045 0.895729 1.21633 0.978752 0.410466 0.691983 0.11316 0.921487 0.390558 0.465561 0.995892 0.539595 0.629331 1.0456 0.441906 0.199224 0.200237 0.389691 0.389474 0.252855 0.292915 0.704351 0.761185 1.05485 0.170939 0.964254 1.09568 0.198713 0.559736 0.345219 0.501668 0.854489 0.62983 1.00849 0.686459 0.166847 0.606026 0.835055 1.00949 0.788143 0.0268222 0.587192 0.87194 1.11586 1.02122 0.137741 0.417337 0.929934 0.813156 0.886754 0.896897 0.0727998 0.537795 0.615852 0.895491 0.158004 0.697041 1.02685 0.862077 0.641945 0.912152 1.02674 0.934464 0.479759 0.918298 0.488687 0.455913 0.560164 0.587224 0.75944
0.473722 0.27032 0.662363 0.267588 0.727634 0.664368 0.792989 0.998805 0.866784 0.270886 0.653111 0.248635 0.918694 0.614455 0.474076 0.944897 0.589812 0.611872 0.937563 0.488792 0.283478 0.435066 0.482384 0.337196 0.395026 0.401861 0.685041 0.793997 0.90093 0.239018 1.19418 1.01554 0.309676 0.708233 0.404591 0.448021 0.706541 0.63435 1.04618 0.741828 0.330406 0.618477 0.650888 1.02874 0.755864 0.040268 0.752643 0.968347 0.978202 1.02376 0.198781 0.35214 0.958288 0.855384 0.706666 0.88058 0.0261943 0.61767 0.511009 0.804711 0.239363 0.560378 0.901336 1.11389 0.543052 0.795661 0.860354 0.740865 0.591392 0.873187 0.490398 0.391432 0.605162 0.512909 0.658012
0.396188 0.432883 0.553909 0.0252938 0.744259 0.775948 1.02416 1.04364 0.805678 0.369338 0.841665 0.0546856 1.08546 0.369239 0.399903 0.893477 0.748477 0.59527 0.913275 0.560026 0.114796 0.254534 0.266881 0.498465 0.247764 0.16899 0.606126 0.860835 1.1068 0.290266 1.12244 1.22499 0.167788 0.618966 0.488906 0.56637 0.631299 0.540124 1.15084 0.82722 0.138031 0.55227 0.656216 0.863011 0.849185 0.120153 0.632378 0.754819 1.11158 1.00402 0.39012 0.284729 1.13872 0.73289 0.988533 1.08841 0.135291 0.705266 0.589883 0.797515 0.303958 0.621296 1.11123 0.949075 0.692909 0.844944 1.04003 0.849748 0.388954 0.778847 0.559978 0.578895 0.492293 0.383398 0.83858
0.518155 0.394715 0.423135 0.273784 0.586436 0.81058 1.03448 1.16772 0.964428 0.297108 0.715298 0.291511 0.896312 0.55014 0.501415 0.933679 0.568392 0.564332 1.13135 0.429245 0.270544 0.299332 0.391922 0.405405 0.198774 0.33261 0.584837 0.893293 0.948938 0.366686 1.0107 1.28531 0.294137 0.687193 0.483232 0.656944 0.803942 0.535391 0.911966 0.739164 0.172178 0.46131 0.813565 1.03016 0.754004 0.17062 0.737387 0.886583 1.05256 1.133 0.292271 0.333534 1.0485 0.669302 0.982569 0.914274 0.0238351 0.695956 0.690724 0.825794 0.280238 0.70206 1.05496 1.00506 0.719064 0.903761 0.779747 0.84457 0.557243 0.735127 0.574895 0.463515 0.664409 0.630058 0.737834
0.612458 0.200244 0.656257 0.0884974 0.534961 0.668981 0.987438 1.25447 0.924799 0.168248 0.670875 0.275646 0.938909 0.37179 0.35909 0.730621 0.738807 0.803587 1.04495 0.483975 0.238003 0.211084 0.381377 0.507745 0.281902 0.197949 0.713447 0.766802 1.0278 0.420829 0.932146 1.1338 0.151861 0.728134 0.618657 0.486336 0.791909 0.624984 1.0452 0.604187 0.321273 0.50747 0.855655 1.02757 0.861895 0.264968 0.489716 0.975771 0.995088 1.08251 0.382664 0.404523 0.951123 0.758837 0.755332 1.17587 0.126915 0.577492 0.712705 0.826995 0.12767 0.556691 1.13023 0.957638 0.704144 0.786219 0.939453 0.670067 0.588028 0.906991 0.588627 0.62494 0.521951 0.419799 0.805782
0.5615 0.352041 0.647187 0.0504065 0.601255 0.71152 0.986315 1.12884 0.963727 0.409504 0.584786 0.309161 0.912578 0.623259 0.345888 0.806366 0.742925 0.82355 1.04891 0.564721 0.1378 0.407491 0.410184 0.492708 0.319023 0.292497 0.726838 0.836029 1.06455 0.174496 1.05948 1.24794 0.21324 0.662654 0.42949 0.631825 0.78047 0.591931 0.873194 0.8425 0.321751 0.668732 0.687119 0.975995 0.709555 0.214679 0.502754 0.796195 1.0253 1.16746 0.305384 0.371233 1.13237 0.768213 0.825848 0.909906 0.141636 0.669145 0.558105 0.849769 0.125362 0.815135 0.899408 0.858817 0.434328 0.76586 0.979386 0.706508 0.502941 0.767318 0.427058 0.504049 0.466402 0.433647 0.694281
0.53345 0.221114 0.649598 0.128738 0.779502 0.877108 0.761348 1.09802 1.02033 0.237163 0.843238 0.303441 1.09276 0.384815 0.479276 0.942072 0.524855 0.680252 1.00946 0.715547 0.176555 0.284284 0.533016 0.319243 0.354469 0.250612 0.537667 0.625426 1.13246 0.434335 1.04743 1.20748 0.296018 0.683384 0.384982 0.465035 0.825977 0.451351 0.96632 0.810084 0.0970185 0.544199 0.744411 1.05109 0.761808 0.167114 0.755616 0.835134 0.983954 1.13159 0.121411 0.363568 0.987003 0.56481 0.954092 1.0529 0.0206315 0.638287 0.745576 0.824929 0.303065 0.597836 1.00691 0.901662 0.723879 0.909904 0.965496 0.866358 0.338614 0.840367 0.38807 0.436479 0.695216 0.401503 0.698343
0.564574 0.417892 0.607995 0.0894019 0.79969 0.775538 0.774182 1.10231 0.983741 0.17475 0.830576 0.211942 1.01869 0.523212 0.487281 0.830448 0.609712 0.67425 1.09735 0.444937 0.149637 0.258651 0.526783 0.477335 0.348229 0.302835 0.686587 0.863477 0.961153 0.240236 0.943007 1.22366 0.15995 0.485488 0.355089 0.415855 0.607987 0.581273 0.99565 0.7449 0.308636 0.513228 0.919657 0.944925 0.875338 0.0420684 0.743623 0.883396 1.06306 1.17899 0.210628 0.44274 1.1488 0.708423 0.912807 1.15372 0.0555941 0.754458 0.572449 0.8028 0.316579 0.787786 1.0642 1.14581 0.460538 0.733293 0.855895 0.892102 0.349726 0.840299 0.447672 0.446989 0.602515 0.466358 0.648102
0.383319 0.248244 0.424331 0.251458 0.729409 0.62296 0.903102 1.0301 0.990362 0.297908 0.673915 0.277137 0.93741 0.615953 0.389184 0.897498 0.773876 0.75726 1.09474 0.497361 0.315552 0.279389 0.434118 0.252539 0.23173 0.212214 0.525306 0.748581 1.00912 0.366441 1.02055 1.19855 0.187077 0.517867 0.439352 0.409633 0.801777 0.415421 0.974274 0.586977 0.181746 0.506762 0.778457 0.936751 0.770017 0.157108 0.659597 0.831936 0.856357 0.977855 0.406096 0.355349 1.04175 0.577997 0.989982 1.09607 0.0865309 0.709232 0.676437 0.781223 0.320288 0.581064 1.04793 1.15107 0.67053 0.854054 0.809935 0.652733 0.470978 0.84876 0.559803 0.521244 0.501189 0.383008 0.679117
0.581565 0.245935 0.666454 0.0890765 0.651395 0.794777 0.803002 1.02019 0.813648 0.418935 0.585888 0.308421 0.901078 0.565782 0.615472 0.881698 0.503199 0.560999 1.09886 0.489959 0.331023 0.227538 0.253862 0.353191 0.341741 0.246145 0.571723 0.884197 1.163 0.229642 1.01473 1.22308 0.160733 0.724533 0.354644 0.443344 0.677986 0.516724 0.954031 0.684269 0.153296 0.58041 0.806585 1.00799 0.869735 0.256238 0.477016 0.923467 1.0347 1.12294 0.323165 0.305758 0.880035 0.795631 0.977353 1.04854 0.0364719 0.702154 0.618629 0.779138 0.213494 0.59585 0.939686 1.13268 0.605959 0.684892 0.914574 0.728091 0.525291 1.00031 0.346253 0.521188 0.574126 0.415428 0.753654
0.56787 0.387279 0.504617 0.274649 0.656763 0.685405 0.981252 1.21527 0.891121 0.276134 0.635283 0.183459 1.12556 0.390443 0.38383 0.954566 0.620773 0.605569 1.03133 0.698511 0.144224 0.240017 0.34722 0.350173 0.231104 0.325992 0.64358 0.729413 1.1269 0.397954 1.14293 1.11237 0.154092 0.55316 0.353629 0.545164 0.885802 0.391216 1.1559 0.828812 0.326815 0.699182 0.830218 0.994373 0.852763 0.288254 0.649471 0.822305 0.971829 1.09485 0.38051 0.207293 1.06171 0.638332 0.864147 1.10179 0.13163 0.531969 0.669212 0.950407 0.105188 0.698377 0.89959 1.00422 0.715683 0.717123 0.903283 0.900023 0.539816 0.959727 0.484834 0.454999 0.467815 0.572294 0.639693
0.436247 0.14327 0.543901 0.165198 0.759596 0.834261 0.963104 0.990054 0.949206 0.352698 0.634787 0.145054 1.01075 0.503899 0.541959 0.897968 0.768166 0.719363 0.945999 0.537982 0.0935357 0.162807 0.314349 0.458186 0.18345 0.282434 0.74577 0.710896 0.989899 0.293572 1.1996 1.01122 0.364185 0.463475 0.344541 0.68383 0.641403 0.619479 0.998582 0.77957 0.213279 0.685849 0.785505 0.966592 0.72239 0.122751 0.582072 0.801744 1.1055 1.09762 0.338853 0.40603 1.08561 0.73881 0.704469 0.886018 0.0810558 0.636008 0.622019 0.835686 0.17418 0.536029 0.97609 1.02542 0.526483 0.621658 0.780307 0.7608 0.515196 0.975361 0.357961 0.384708 0.69054 0.382019 0.679949
0.636058 0.411424 0.653032 0.217848 0.62139 0.592542 0.809043 0.981108 0.848933 0.164925 0.856163 0.309109 1.02708 0.453516 0.482285 0.984059 0.777295 0.7734 0.952784 0.4921 0.159957 0.413765 0.301455 0.36123 0.411108 0.164483 0.666861 0.871118 1.09931 0.236382 0.991518 1.00774 0.332609 0.683589 0.636041 0.521833 0.717919 0.474863 1.12317 0.611207 0.172445 0.681634 0.852964 0.944385 0.770021 0.136857 0.704275 0.839848 1.07334 1.187 0.361165 0.334478 0.975705 0.75668 0.991037 1.17816 0.161472 0.668509 0.702686 0.905266 0.160658 0.63312 1.04599 0.872184 0.654356 0.76235 1.00959 0.872911 0.35433 0.958342 0.528317 0.387202 0.717 0.373059 0.636461
0.645089 0.181409 0.405988 0.0698153 0.621351 0.763434 1.02525 1.03627 0.780581 0.179559 0.723092 0.1055 1.0218 0.544496 0.416869 0.710031 0.748317 0.541053 1.00464 0.640164 0.222098 0.303568 0.468952 0.256599 0.198135 0.449405 0.701717 0.809213 0.903754 0.442356 0.932994 1.27099 0.366765 0.725244 0.5965 0.505193 0.642897 0.357219 0.912661 0.838854 0.277053 0.530564 0.675172 0.981777 0.832422 0.08324 0.550021 0.8904 0.941851 0.989283 0.255308 0.486536 0.853529 0.75171 0.722672 0.964891 0.00809321 0.543377 0.707682 0.780277 0.215129 0.780613 1.07629 1.02976 0.479676 0.777058 0.798562 0.717221 0.549868 0.927042 0.476849 0.627703 0.556705 0.589718 0.745479
0.507912 0.189292 0.616363 0.113378 0.758091 0.745429 0.965847 1.13886 0.913492 0.165439 0.797337 0.0672375 1.09318 0.464515 0.564075 0.731272 0.76266 0.551471 0.937447 0.691573 0.286653 0.284802 0.332871 0.402365 0.312675 0.424066 0.583476 0.800973 1.01399 0.255823 1.03483 1.00675 0.121233 0.535079 0.440297 0.462724 0.805059 0.632457 0.904023 0.857166 0.218531 0.618898 0.711609 0.961718 0.765638 0.135091 0.473768 0.825815 1.09691 1.13691 0.305353 0.48675 1.04294 0.597264 0.847319 1.10228 0.108237 0.559666 0.669748 0.995724 0.260912 0.820147 0.91432 1.11303 0.723375 0.631344 0.998885 0.773575 0.577507 0.754241 0.496387 0.58746 0.695382 0.481548 0.852879
0.543441 0.374738 0.611455 0.0514171 0.567455 0.714553 0.903961 0.976841 0.927618 0.276157 0.823636 0.157473 0.947921 0.612824 0.546171 0.8188 0.629768 0.825892 0.884052 0.600464 0.210245 0.347393 0.439911 0.316323 0.374762 0.374099 0.779183 0.727752 0.986666 0.365471 1.05383 1.00863 0.295061 0.588461 0.52334 0.58459 0.632715 0.459354 1.15481 0.768101 0.0693575 0.635268 0.754999 1.09504 0.818408 0.301166 0.572606 0.739437 1.10848 1.14654 0.214761 0.441445 0.993738 0.856313 0.871323 1.02046 0.13721 0.540542 0.778079 0.745906 0.172974 0.584279 0.912245 1.05624 0.667066 0.799802 0.966643 0.918714 0.446981 0.982431 0.531329 0.381486 0.657855 0.388438 0.709518
0.561602 0.277232 0.484871 0.159143 0.615198 0.788886 1.05558 1.00512 0.757479 0.210647 0.751675 0.297081 0.916907 0.382029 0.56213 0.894792 0.633973 0.795912 0.983517 0.689564 0.2679 0.191449 0.268048 0.396555 0.45038 0.240424 0.621446 0.774777 1.06631 0.33681 1.17601 1.25284 0.283742 0.657463 0.486385 0.527091 0.628174 0.500614 0.896276 0.636352 0.219091 0.552908 0.710371 0.808195 0.828577 0.115353 0.525727 0.89617 0.862042 1.20585 0.373851 0.459308 1.15101 0.792209 0.705851 0.935469 0.240602 0.676168 0.702374 0.82194 0.114087 0.575206 0.912909 1.06823 0.654263 0.713358 1.03663 0.926634 0.387263 0.871205 0.401514 0.648718 0.550295 0.517204 0.775963
0.540728 0.389693 0.439079 0.226268 0.518698 0.875004 0.811483 1.00524 0.935148 0.351554 0.854327 0.185277 0.960516 0.578684 0.60433 0.926072 0.738254 0.686037 0.875528 0.474955 0.196144 0.342851 0.255667 0.405521 0.422222 0.384025 0.811766 0.699924 1.01823 0.459053 1.07044 1.17237 0.12819 0.468031 0.572388 0.538032 0.824822 0.518737 0.864724 0.644492 0.277289 0.577843 0.634085 0.861392 0.92798 0.128407 0.565285 0.883185 1.01755 1.00612 0.153413 0.242326 0.965954 0.745603 0.85465 1.11679 0.170731 0.66236 0.540227 0.895829 0.174807 0.539796 1.06156 0.999365 0.484397 0.798144 1.02243 0.843643 0.326869 0.947015 0.488289 0.405291 0.516864 0.555881 0.708688
0.672057 0.377156 0.654458 0.296997 0.591559 0.784434 0.894846 1.25246 1.00482 0.318626 0.852141 0.246263 1.11447 0.619384 0.449798 0.836532 0.750961 0.56611 1.10243 0.442227 0.289082 0.286211 0.371108 0.501598 0.222031 0.223301 0.584582 0.788095 1.13982 0.339275 1.14417 1.27924 0.350431 0.619028 0.504154 0.454715 0.671048 0.445118 0.922505 0.723467 0.321699 0.426137 0.761055 0.826975 0.983368 0.193403 0.479925 0.761078 0.950351 1.11543 0.41104 0.458542 1.02607 0.634731 0.704524 1.11311 0.255347 0.561413 0.636976 0.789433 0.230865 0.791165 1.10072 0.885008 0.508689 0.804431 0.994017 0.68747 0.552566 0.995453 0.375005 0.572283 0.463196 0.512371 0.864433
0.547921 0.177305 0.568334 0.249263 0.754419 0.855842 0.805127 1.15837 1.02247 0.316661 0.674813 0.254805 0.89683 0.354658 0.605877 0.843135 0.632712 0.534197 1.00536 0.660239 0.129633 0.253447 0.534096 0.40436 0.289396 0.346982 0.818322 0.791204 0.948236 0.339373 1.08578 1.15505 0.372441 0.504871 0.443181 0.586318 0.734635 0.581315 0.908521 0.783083 0.0693506 0.545791 0.782335 1.00824 0.81462 0.264488 0.761068 0.781426 0.828018 1.12997 0.316059 0.369191 1.09587 0.68811 0.929287 1.12127 0.167097 0.707328 0.568278 0.94783 0.217215 0.75889 0.941952 0.995799 0.546316 0.644957 1.01103 0.664588 0.459702 0.806235 0.50714 0.628165 0.728556 0.588077 0.711681
0.627657 0.373038 0.439159 0.184445 0.574981 0.601469 0.995172 1.17149 0.814297 0.395626 0.856704 0.322216 1.16409 0.371346 0.429158 0.888716 0.639746 0.710961 0.941583 0.424659 0.343838 0.192722 0.338324 0.484312 0.389671 0.268814 0.687343 0.733926 1.13276 0.253036 0.991188 0.987897 0.373529 0.597456 0.448204 0.456359 0.669826 0.377143 0.948356 0.589382 0.0447711 0.428384 0.874382 0.896483 0.755681 0.313212 0.568834 0.71264 1.00833 0.970359 0.265395 0.433394 0.860992 0.577963 0.819075 0.939267 0.0804152 0.821 0.627608 0.831856 0.176572 0.524589 1.04206 0.957878 0.559522 0.7176 1.00221 0.918777 0.545853 0.920128 0.515685 0.44762 0.586899 0.559298 0.722759
