25 75
0.74649 0.790164 0.812254 0.994718 0.760602 0.757936 0.623481 0.313101 0.310446 0.205666 0.83115 0.556771 0.875361 0.723351 1.20758 0.543509 0.244987 0.213549 0.193135 1.03346 0.85502 0.350149 1.04673 0.628018 1.10667 1.00796 0.88521 0.61285 0.668881 0.725965 0.188861 0.19138 0.46953 0.267825 0.718381 0.0310621 0.330416 0.753571 1.14353 0.365941 0.455283 0.364848 0.280742 0.630648 0.936064 0.309045 0.396833 1.00626 0.885123 0.301914 0.188315 0.332519 1.04127 0.924541 0.211992 0.582701 0.183259 1.01675 0.336338 0.519666 0.714349 1.07801 0.529957 0.748269 0.979786 0.270533 1.28621 0.482428 0.597452 1.13946 0.0786292 0.445318 0.414569 0.250448 0.900997
0.774301 0.905562 0.865947 0.966147 0.805537 0.854531 0.574067 0.337573 0.367439 0.0476793 1.0181 0.492737 0.889095 0.6565 1.12552 0.300286 0.403567 0.224493 0.0386998 0.946355 0.574012 0.261212 1.18111 0.59828 0.966765 1.11551 0.888479 0.491839 0.435084 0.94342 0.195054 0.145621 0.494411 0.294158 0.829167 0.105387 0.284359 0.921416 0.97894 0.185261 0.310536 0.172498 0.239186 0.715913 0.867229 0.394431 0.109563 1.1668 1.12831 0.24258 0.23244 0.212392 1.08856 1.07566 0.24633 0.503242 0.301944 1.14969 0.126837 0.523534 0.969297 0.847736 0.5396 0.767373 0.990534 0.27393 1.07365 0.49458 0.58673 1.128 0.0371988 0.59713 0.291847 0.206258 0.998086
0.731827 0.751605 0.831126 1.04023 0.892884 0.84611 0.524378 0.305553 0.415677 0.0900874 0.827741 0.521037 0.819575 0.862716 1.12777 0.548954 0.185965 0.426481 0.314305 0.896475 0.720036 0.498286 1.25809 0.408658 1.02628 0.992872 0.935848 0.517098 0.474317 0.901722 0.35303 0.381613 0.587938 0.340472 0.81323 0.124783 0.265453 0.861953 1.0626 0.219158 0.30266 0.306035 0.323787 0.599991 0.741333 0.375868 0.113071 0.960077 0.977643 0.246825 0.321657 0.222729 1.03264 1.00648 0.263819 0.557271 0.347033 1.21986 0.119133 0.511568 0.896069 0.963721 0.634128 0.553759 1.12812 0.336992 1.22915 0.536533 0.817594 1.05521 0.146404 0.551537 0.463825 0.204348 0.936327
0.722695 0.804089 0.91576 1.06951 0.774593 0.788402 0.573436 0.312625 0.310423 0.236492 0.966514 0.540094 0.940432 0.662591 1.05128 0.397943 0.136593 0.207343 0.324594 0.938006 0.783251 0.442145 1.16877 0.632466 1.03337 1.15632 1.08101 0.512512 0.654083 0.933476 0.188341 0.206711 0.535057 0.271673 0.829031 0.270089 0.236574 0.677269 1.22446 0.393489 0.269567 0.162038 0.418283 0.685505 0.858511 0.49596 0.111843 1.08112 0.868523 0.294714 0.218636 0.442411 1.02439 0.996413 0.240864 0.442002 0.266752 0.998196 0.25644 0.751494 0.755725 0.885289 0.476615 0.746258 1.10945 0.300616 1.28241 0.587754 0.687013 1.13202 0.210539 0.550602 0.401181 0.303067 0.863428
0.585526 0.882256 0.767108 1.00878 0.833322 0.756416 0.539339 0.222195 0.472708 0.119233 0.827445 0.576327 0.946253 0.806581 0.968624 0.536486 0.244656 0.187149 0.0878511 0.792877 0.77197 0.466502 1.19307 0.541592 1.00678 1.23597 1.17069 0.622848 0.692291 0.95679 0.291858 0.116037 0.661281 0.370337 0.707457 0.0702089 0.29695 0.880046 1.00771 0.156764 0.443763 0.27573 0.440368 0.549626 0.728026 0.341793 0.233996 0.932302 1.12533 0.239304 0.134752 0.215138 1.02452 0.938214 0.286391 0.633654 0.297709 1.19113 0.256963 0.717609 0.977934 0.965022 0.592876 0.734971 1.05457 0.152349 1.08095 0.679696 0.875584 1.14907 0.210353 0.581066 0.27437 0.482452 0.838953
0.553061 0.837612 0.643146 0.989444 0.773843 0.876777 0.60135 0.333856 0.365622 0.0966997 0.884982 0.612102 0.968493 0.67989 1.20438 0.512303 0.244065 0.440429 0.24769 0.983378 0.775741 0.372941 1.16616 0.631082 0.998496 1.25865 0.9659 0.57545 0.578455 0.980585 0.317542 0.26309 0.495916 0.310389 0.876697 0.32205 0.203711 0.900171 1.00496 0.180381 0.433339 0.431638 0.449323 0.658694 0.865566 0.455161 0.298192 0.908373 0.949167 0.268402 0.314971 0.228005 1.122 0.821923 0.0642534 0.424056 0.258184 1.07436 0.343173 0.601329 0.791881 0.885742 0.568387 0.687595 1.03481 0.128352 1.10203 0.565809 0.731404 1.18138 0.137123 0.416151 0.227575 0.271819 0.957469
0.654948 0.963566 0.80892 1.21765 0.783584 0.935274 0.691361 0.442684 0.346024 0.126855 0.943752 0.608666 0.969749 0.776463 1.17267 0.577601 0.418745 0.437605 0.0384695 0.964501 0.598318 0.328779 1.2596 0.369961 1.16079 0.999779 0.962407 0.628934 0.645742 0.902642 0.334224 0.20698 0.430384 0.405914 0.628043 0.315113 0.222527 0.853576 1.01891 0.3745 0.351413 0.208722 0.334733 0.58779 0.812781 0.265098 0.192999 0.913793 0.963627 0.323153 0.206951 0.415954 1.19528 1.08077 0.169739 0.505454 0.258191 1.01661 0.0759246 0.594314 0.944334 1.02501 0.420162 0.572092 1.19459 0.121993 1.2088 0.651576 0.584731 1.09564 0.161959 0.422853 0.384151 0.405659 0.958972
0.575724 1.00834 0.666245 1.12406 0.885937 0.868548 0.625354 0.312249 0.416136 0.218805 1.06725 0.643357 0.786087 0.876136 1.20423 0.314767 0.186469 0.334443 0.199784 0.847322 0.752166 0.483439 1.28838 0.458245 0.904459 1.05126 0.960868 0.476785 0.608082 0.971454 0.146723 0.376284 0.506272 0.17038 0.906927 0.149601 0.177552 0.780066 1.01365 0.37367 0.38838 0.26166 0.420038 0.610879 0.849394 0.512993 0.258459 0.948111 0.878708 0.297581 0.106804 0.255158 0.931985 0.820963 0.0561916 0.652624 0.35581 0.991973 0.28224 0.632739 0.992244 0.917256 0.484221 0.788153 0.964889 0.409706 1.01504 0.504469 0.776116 1.15993 0.124262 0.526939 0.348701 0.331789 0.784809
0.699593 0.95676 0.824015 1.22717 0.970747 0.853728 0.566592 0.301464 0.294608 0.0985065 1.07729 0.775448 0.94207 0.795462 1.02934 0.356006 0.34894 0.291955 0.239569 0.890805 0.617802 0.256444 1.10008 0.654763 0.953108 1.06549 0.896452 0.642507 0.546583 0.951961 0.10773 0.113845 0.56896 0.189074 0.641942 0.0424249 0.122757 0.77505 1.07307 0.302911 0.338747 0.264724 0.393024 0.524626 0.970139 0.432936 0.157651 0.991232 1.00368 0.292846 0.371693 0.379481 1.03355 0.965885 0.103461 0.544766 0.307043 1.18213 0.12931 0.75315 0.789498 0.906369 0.376291 0.570716 1.21849 0.26962 1.1178 0.493096 0.64548 1.16698 0.243456 0.330221 0.449485 0.328426 0.8478
0.50651 1.03439 0.849935 1.10184 0.752617 0.931764 0.696784 0.394619 0.416254 0.257375 0.831965 0.756014 0.763656 0.877389 1.03786 0.422951 0.14705 0.192914 0.231293 0.827057 0.592069 0.417526 1.1082 0.422977 0.957909 0.998172 0.883954 0.433942 0.435458 0.851246 0.195521 0.139679 0.494151 0.332056 0.632625 0.254324 0.168256 0.902536 1.20744 0.35055 0.534171 0.204083 0.243587 0.578155 0.952983 0.521838 0.126937 1.10515 1.09298 0.277177 0.142851 0.395044 0.93191 0.926748 0.0485281 0.442364 0.379691 1.02388 0.244303 0.712756 0.739691 0.825721 0.589438 0.758074 1.06437 0.23738 1.10342 0.636202 0.873514 0.999845 0.307828 0.410144 0.247038 0.341117 0.966288
0.753079 0.951863 0.751284 1.01759 0.758192 0.723679 0.688991 0.427362 0.421466 0.289298 0.833534 0.654511 0.749917 0.883855 1.19925 0.560372 0.192456 0.245612 0.0795672 0.870041 0.747015 0.503495 1.11432 0.594177 1.02291 1.20746 0.961849 0.55416 0.695283 0.797416 0.370124 0.206838 0.604012 0.328586 0.702578 0.134263 0.237906 0.957748 1.05655 0.254276 0.278498 0.177197 0.43088 0.574522 0.881789 0.431493 0.328774 1.09456 1.03986 0.4745 0.146929 0.401797 0.942464 1.06888 0.27166 0.586658 0.333548 1.05266 0.155662 0.535392 0.992608 1.0181 0.400294 0.700239 1.20355 0.149347 1.23422 0.632424 0.714304 1.00928 0.277246 0.585953 0.413606 0.449432 0.767164
0.484682 0.837927 0.694526 1.13836 1.00226 0.928971 0.723342 0.357885 0.209912 0.124284 0.939403 0.684107 0.938412 0.809312 1.14559 0.576826 0.134602 0.345143 0.0851408 0.872946 0.60187 0.419843 1.13986 0.470765 0.971366 1.09283 0.955382 0.684562 0.506164 0.824864 0.128186 0.392032 0.508984 0.278344 0.839585 0.129027 0.397034 0.771588 0.979119 0.152024 0.294243 0.41554 0.323225 0.666743 0.952026 0.478528 0.249463 1.05806 0.876534 0.365953 0.236537 0.353017 1.16789 0.869334 0.271715 0.576181 0.405306 1.1118 0.337509 0.787332 0.848427 0.937432 0.360104 0.618614 0.965952 0.241047 1.12624 0.594991 0.785263 1.10089 0.285591 0.360483 0.323165 0.318064 0.805279
0.589146 1.0254 0.638616 1.1851 0.848182 0.917098 0.60073 0.382645 0.367702 0.262517 0.8176 0.738477 0.903137 0.767578 0.969058 0.309031 0.181304 0.185052 0.318794 0.957917 0.691057 0.442088 1.1767 0.6015 0.990514 1.13001 1.10484 0.462131 0.544307 1.00917 0.208675 0.321139 0.462716 0.419861 0.663361 0.26736 0.182008 0.808358 1.21209 0.356413 0.52999 0.364208 0.457924 0.547403 0.794883 0.255929 0.393583 1.00104 1.0825 0.292179 0.252712 0.255368 0.946704 0.890738 0.234422 0.479201 0.359099 1.05699 0.0614919 0.512425 0.89387 0.940078 0.566892 0.701187 1.20543 0.183289 1.1125 0.699136 0.613699 0.939903 0.134294 0.430973 0.349139 0.211199 0.873161
0.773492 1.04272 0.730653 1.1931 0.977235 0.84095 0.557228 0.422523 0.229436 0.202062 0.85735 0.783196 0.734992 0.713302 1.03083 0.400706 0.174035 0.351573 0.31259 1.01899 0.845362 0.236903 1.0863 0.490726 0.935734 1.09531 0.936899 0.686955 0.503868 0.759334 0.144155 0.301861 0.39931 0.424277 0.832864 0.291305 0.215635 0.805872 1.20402 0.195784 0.317493 0.429862 0.433974 0.554691 0.763896 0.232587 0.152113 1.0903 0.924349 0.415106 0.355771 0.323398 1.20492 0.828506 0.230204 0.472874 0.322745 1.1184 0.320636 0.545462 0.929328 0.797593 0.356228 0.746915 0.988606 0.241225 1.22122 0.670241 0.669109 1.07347 0.0866368 0.619538 0.352118 0.40411 0.989457
0.610462 1.00165 0.725567 1.06082 0.887165 0.791844 0.754828 0.219848 0.199425 0.12176 0.862457 0.584201 0.824254 0.664968 1.20654 0.307651 0.215338 0.405605 0.270018 0.871992 0.631156 0.385996 1.01576 0.524724 1.0131 1.09023 1.10211 0.614617 0.723821 0.777005 0.223677 0.191625 0.41573 0.17386 0.72989 0.186476 0.292023 0.967759 0.996179 0.272302 0.422412 0.398732 0.312613 0.654358 0.78747 0.34031 0.32768 1.04402 0.882056 0.247183 0.152331 0.24019 1.00558 1.05976 0.296439 0.669661 0.365695 1.15052 0.0879314 0.684677 0.85616 0.880598 0.380972 0.606362 1.02597 0.364942 1.24142 0.564697 0.76044 0.96018 0.170094 0.416029 0.428642 0.370368 0.897348
0.540902 0.939318 0.829845 1.26107 0.939615 0.816852 0.635894 0.330943 0.448177 0.244079 1.06537 0.666626 0.973882 0.591924 0.950022 0.448907 0.318456 0.324742 0.283181 0.778184 0.782514 0.35824 1.07695 0.403657 0.884275 1.23219 1.16837 0.725773 0.598512 0.837796 0.228965 0.188011 0.410535 0.297066 0.861127 0.271464 0.221937 0.789736 0.99718 0.357916 0.258751 0.232962 0.418403 0.621312 0.786345 0.4454 0.305971 1.0226 1.0778 0.309996 0.369158 0.43504 1.09834 0.838239 0.167913 0.59024 0.146484 1.09318 0.0599613 0.589686 0.8606 0.985236 0.63177 0.621252 1.13428 0.401077 1.19091 0.464605 0.601126 1.11575 0.326168 0.357533 0.273113 0.376297 0.991699
0.670202 0.983391 0.72874 1.21868 1.00708 0.797724 0.645627 0.299034 0.271354 0.274566 0.938154 0.568712 0.966418 0.76669 0.91481 0.32348 0.333638 0.430541 0.093608 0.745434 0.708343 0.503854 1.15369 0.635384 0.942514 1.15067 1.14414 0.570826 0.460203 0.85098 0.0868398 0.32334 0.664861 0.368098 0.759868 0.20074 0.274657 0.854528 1.1825 0.318172 0.245784 0.218434 0.218879 0.496012 0.921758 0.497323 0.171998 0.972518 1.15824 0.282986 0.157794 0.319856 1.09711 0.965454 0.224882 0.470052 0.135632 1.10616 0.107703 0.567106 0.864392 1.0433 0.625839 0.579431 1.03945 0.237842 1.00683 0.675857 0.87942 1.13428 0.180232 0.423506 0.327188 0.250458 0.93852
0.676591 0.81953 0.798328 1.11932 0.758498 0.802015 0.773234 0.201459 0.352763 0.0846328 1.0276 0.6427 0.896272 0.875786 1.17301 0.458114 0.19138 0.287765 0.097627 0.940155 0.731902 0.428299 1.10103 0.569755 1.06039 1.19241 1.14497 0.630945 0.593279 0.96952 0.200747 0.340391 0.606898 0.306974 0.74353 0.0375711 0.336249 0.898786 1.22008 0.145693 0.379441 0.344835 0.442386 0.67056 0.785316 0.289702 0.202197 0.930574 1.02305 0.264029 0.127508 0.452279 0.943843 1.03817 0.257429 0.485677 0.197657 1.23266 0.134862 0.601933 0.964832 0.981756 0.588765 0.724861 0.930401 0.406422 1.28355 0.745307 0.818857 0.978799 0.134042 0.626352 0.339628 0.212806 1.03647
0.690897 0.886524 0.75932 1.19424 1.03287 0.826353 0.541064 0.365215 0.247327 0.150482 0.89362 0.681858 0.894991 0.59701 1.11862 0.590096 0.355791 0.444082 0.126459 0.979131 0.694792 0.310483 1.28842 0.588904 0.977091 1.19644 1.14564 0.658083 0.603668 0.928843 0.281353 0.282086 0.578759 0.292041 0.713986 0.254429 0.176121 0.779001 1.16194 0.262349 0.487386 0.152235 0.505969 0.506925 0.727142 0.481962 0.11276 1.1201 0.876637 0.48494 0.38545 0.351466 1.15219 0.823993 0.170509 0.436638 0.206069 1.18921 0.288381 0.610165 0.90639 0.988664 0.419662 0.69313 1.13218 0.392269 1.16216 0.576751 0.839181 1.19047 0.0699919 0.574203 0.397503 0.235867 0.944012
0.722364 0.902231 0.641431 0.972899 0.943457 0.797928 0.529174 0.35326 0.210758 0.0585037 0.914443 0.561963 0.888817 0.60561 0.923788 0.442749 0.12842 0.370146 0.153958 0.763068 0.819861 0.245268 1.05973 0.571546 1.00016 1.2737 1.11165 0.433346 0.589139 0.92373 0.205099 0.194254 0.493696 0.341401 0.810558 0.281736 0.408128 0.776013 1.20028 0.373044 0.263783 0.14521 0.271756 0.542036 0.86814 0.249008 0.212095 1.08197 1.04065 0.437574 0.238763 0.252727 1.03346 1.02303 0.28744 0.536633 0.340129 1.15422 0.198536 0.702685 0.892222 0.994007 0.520511 0.782444 0.976114 0.399591 1.08172 0.476353 0.617081 1.01775 0.10168 0.509912 0.431819 0.244972 0.864808
0.546786 0.856153 0.825972 1.23018 0.80613 0.783087 0.51406 0.349823 0.480934 0.0502315 0.965616 0.78631 0.998457 0.695951 1.15333 0.322034 0.196421 0.297786 0.0339372 0.863218 0.619684 0.427327 1.0004 0.604408 0.938099 1.16471 1.13956 0.610718 0.602831 0.769245 0.356812 0.101335 0.550468 0.38733 0.844217 0.309147 0.196806 0.683286 1.11512 0.110361 0.468069 0.400806 0.327088 0.662128 0.936451 0.389123 0.124916 0.940952 1.06803 0.335357 0.102917 0.347152 0.927955 0.902303 0.135914 0.562144 0.249271 1.14213 0.196013 0.777816 0.982361 0.82521 0.630966 0.538477 1.01109 0.134479 1.09324 0.746533 0.754445 1.01039 0.221849 0.389633 0.308842 0.314706 0.80533
0.746916 0.899598 0.751209 1.11525 0.91389 0.705585 0.634378 0.279574 0.262485 0.0444406 1.02417 0.615846 0.846897 0.705678 0.999233 0.314989 0.169298 0.315035 0.322339 0.891134 0.84478 0.412888 1.28278 0.417311 1.11366 1.19211 0.927263 0.447722 0.455734 0.856727 0.376863 0.127771 0.571795 0.301367 0.881108 0.162909 0.375707 0.961503 1.23628 0.261715 0.322387 0.413864 0.243353 0.518603 0.761519 0.53017 0.331042 0.999879 1.02115 0.233805 0.108369 0.343883 1.10942 1.00543 0.212725 0.499052 0.327674 1.19996 0.291111 0.766221 0.98608 0.890145 0.39297 0.528983 1.02638 0.16278 1.27147 0.658502 0.680861 0.978767 0.225494 0.352058 0.412431 0.307088 0.97544
0.701933 1.0433 0.754287 1.02106 0.960698 0.689453 0.635496 0.311429 0.44216 0.0819904 1.0878 0.632578 1.00148 0.730545 0.963508 0.538147 0.227809 0.221949 0.0542215 0.856894 0.709921 0.392484 1.20497 0.529968 0.955916 1.2702 1.05771 0.554519 0.68717 0.832177 0.141168 0.274648 0.398468 0.234419 0.683276 0.229519 0.243476 0.861804 0.944799 0.372152 0.469539 0.426301 0.509152 0.529173 0.856748 0.35735 0.316009 1.08796 1.15984 0.27588 0.133375 0.272451 1.01053 0.952756 0.175436 0.469447 0.245941 1.19851 0.237576 0.719642 0.779896 0.822436 0.477165 0.695238 1.07333 0.40929 1.11375 0.511227 0.711496 1.00715 0.216065 0.625097 0.241198 0.231108 1.04379
0.604259 0.77946 0.669626 1.1483 0.824095 0.847839 0.632931 0.476565 0.338578 0.0485639 0.864742 0.58908 0.718387 0.630873 1.20633 0.585246 0.160937 0.193576 0.172312 0.902882 0.586768 0.38852 1.11653 0.443608 1.05187 1.06612 1.16297 0.725011 0.683108 0.957877 0.187507 0.340945 0.395598 0.137214 0.678051 0.26633 0.297273 0.678722 1.19325 0.191451 0.3483 0.397921 0.375035 0.579251 0.870798 0.321563 0.195564 1.18759 1.03914 0.232584 0.10665 0.255151 1.09566 0.970486 0.214239 0.38971 0.394566 1.19271 0.27458 0.648418 1.01314 0.996553 0.571698 0.785535 1.17675 0.223848 1.25501 0.57198 0.782671 1.11248 0.18361 0.596587 0.343133 0.431058 0.897137
0.766378 0.936434 0.887212 1.07836 0.846373 0.687843 0.686654 0.2276 0.360661 0.210982 1.04809 0.591685 0.821068 0.689948 1.17505 0.473168 0.235084 0.397801 0.123974 0.964778 0.635716 0.378795 0.991335 0.513305 0.931361 1.16326 1.0518 0.514221 0.457651 0.749797 0.127878 0.244571 0.456414 0.278926 0.75571 0.0392529 0.39944 0.69449 1.20968 0.208263 0.348534 0.153976 0.328889 0.534092 0.821704 0.367035 0.352611 0.903316 1.02438 0.46593 0.210274 0.266794 0.932787 0.903607 0.270104 0.475861 0.134593 1.15281 0.0826834 0.552681 0.881009 1.0293 0.627216 0.766128 1.16986 0.34 1.18704 0.65062 0.624174 1.22481 0.169228 0.382965 0.293563 0.261511 1.03075
