25 75
0.332126 1.04482 0.67982 0.499102 1.05141 0.292541 0.770049 0.438601 0.541822 0.311041 0.320187 0.771686 0.468763 0.465485 0.73348 1.16172 0.413018 0.487043 0.819674 0.6394 0.86203 0.518417 1.18951 0.69141 0.59171 0.701773 1.10047 0.92447 0.408913 0.888449 0.937194 0.314391 0.562121 0.496822 0.0509371 0.759995 0.643572 0.66992 0.300965 0.717386 0.284917 0.861301 0.693905 0.59272 0.960517 1.02622 0.528103 0.344869 0.16229 1.2801 0.958924 0.523358 0.516053 0.534147 0.812548 0.840502 0.699883 0.248223 1.06074 0.990821 0.306724 1.25874 0.659017 0.36935 0.319939 0.530974 0.974981 0.320787 0.812205 1.00219 0.771915 1.01965 0.347947 0.452485 0.11775
0.366217 1.04518 0.804302 0.746857 1.09205 0.289373 0.814681 0.317753 0.506627 0.294701 0.379194 0.780422 0.555493 0.308352 0.4594 1.21118 0.628738 0.631016 0.987182 0.480379 0.858542 0.577667 1.17467 0.658862 0.42695 0.807369 1.04784 0.978256 0.233587 0.703699 1.03158 0.469848 0.471278 0.458005 0.3436 0.986612 0.83854 0.861766 0.179044 0.840103 0.124271 0.672876 0.547498 0.724637 1.21185 1.0053 0.327597 0.24587 0.283439 1.25719 1.05411 0.718651 0.444648 0.641946 0.731159 0.944769 0.814142 0.350031 1.16496 0.966587 0.527528 0.980253 0.531392 0.224012 0.304469 0.629482 0.907205 0.459409 0.629541 0.909464 0.938046 0.963844 0.435591 0.500586 0.224182
0.226491 0.951467 0.685817 0.587437 1.24234 0.408296 0.980276 0.415892 0.488072 0.166059 0.298604 0.685189 0.540841 0.531699 0.635685 1.02846 0.469103 0.554286 0.998669 0.474762 0.82441 0.560682 1.00163 0.467019 0.416338 0.574678 0.971876 0.995541 0.248566 0.91902 1.12296 0.271402 0.426285 0.543677 0.147266 0.835753 0.769445 0.724498 0.298501 0.61213 0.317989 0.665278 0.43014 0.54439 1.10255 0.927024 0.396547 0.468222 0.0929449 1.24216 0.931528 0.642615 0.705189 0.448532 0.600132 0.949529 0.905546 0.297436 1.03282 1.03246 0.297701 1.11921 0.602625 0.110736 0.315163 0.739193 0.854955 0.51722 0.828129 1.0215 0.847009 0.765328 0.241492 0.661873 0.115982
0.366281 1.09599 0.809033 0.63921 1.09466 0.272315 0.827022 0.307994 0.583922 0.290775 0.264955 0.806692 0.669961 0.453451 0.468055 1.17528 0.580323 0.405426 0.850718 0.576475 0.969323 0.509777 1.03308 0.540888 0.439399 0.790419 0.91985 0.906249 0.499989 0.85885 1.12598 0.282757 0.437678 0.661653 0.252606 0.830457 0.872017 0.891821 0.10443 0.679256 0.250769 0.872718 0.438527 0.613005 1.05583 0.891388 0.55303 0.249491 0.188537 1.00932 0.999726 0.77852 0.663772 0.643723 0.816505 1.0434 0.973562 0.388463 1.15851 0.923216 0.235913 1.00223 0.741388 0.315544 0.19135 0.649422 0.944249 0.382745 0.782796 0.825125 0.827818 0.88956 0.280725 0.514514 0.118785
0.388804 0.945592 0.590437 0.582257 1.14719 0.265125 0.994563 0.37226 0.679838 0.220846 0.211636 0.674374 0.497778 0.510769 0.726379 1.10966 0.500423 0.608005 0.73414 0.547665 0.794143 0.558627 1.11816 0.541842 0.509067 0.665631 0.935185 0.762817 0.270379 0.704783 0.964843 0.259782 0.489043 0.672701 0.268505 0.8686 0.639058 0.806734 0.327131 0.847607 0.345135 0.80703 0.607433 0.601799 0.995212 0.999703 0.330353 0.220594 0.326426 1.18812 0.960008 0.617393 0.635692 0.551408 0.55989 1.03378 0.707374 0.240547 1.08153 0.866339 0.452808 1.11285 0.551626 0.0850053 0.450692 0.672979 1.04683 0.310736 0.743165 1.09822 0.832877 0.889371 0.265966 0.5801 0.116696
0.316481 1.00167 0.666312 0.711958 1.14872 0.189624 0.705962 0.430766 0.484767 0.150782 0.129421 0.718906 0.482527 0.537712 0.575075 0.998666 0.477646 0.445539 0.931837 0.452451 0.876388 0.592182 1.06577 0.57309 0.360829 0.810635 0.916223 0.871255 0.374422 0.850953 0.899166 0.44635 0.569143 0.703489 0.10718 0.962395 0.831386 0.90951 0.345809 0.856776 0.082438 0.925532 0.596191 0.720863 1.12354 0.843692 0.384074 0.329625 0.175771 1.0378 0.919461 0.755643 0.438205 0.632042 0.695182 0.882577 0.841804 0.209996 1.06479 0.928881 0.499668 1.20679 0.625695 0.307354 0.282455 0.576682 0.962746 0.298279 0.651957 1.04266 0.966609 0.762165 0.446364 0.56228 0.379427
0.249506 1.1727 0.660071 0.784495 1.02571 0.470918 0.923609 0.43803 0.47678 0.344847 0.245151 0.843843 0.571652 0.436504 0.638412 1.06991 0.623272 0.568832 0.913261 0.553889 0.903764 0.617838 1.27878 0.608156 0.572122 0.789984 0.971311 0.76 0.464377 0.770191 1.02273 0.491757 0.447845 0.666897 0.241667 0.776745 0.84413 0.931003 0.312205 0.710137 0.266345 0.810305 0.647775 0.507883 1.1525 0.889934 0.405818 0.45833 0.329828 1.09724 0.859029 0.663687 0.627179 0.497428 0.831506 0.984231 0.879093 0.43406 1.08835 0.996378 0.504769 1.11801 0.516985 0.24135 0.414796 0.526751 0.802079 0.438934 0.798096 1.05174 0.942407 0.845837 0.246198 0.566878 0.217756
0.226685 1.12107 0.84147 0.580993 0.997213 0.459377 0.972063 0.212416 0.521233 0.191275 0.210741 0.729415 0.651397 0.542369 0.732872 1.1271 0.577309 0.427544 0.917614 0.472615 0.994874 0.509949 1.06518 0.48779 0.423614 0.573319 0.855983 0.912654 0.302118 0.752001 1.09668 0.247598 0.356278 0.476839 0.18992 0.775329 0.656984 0.715424 0.165427 0.618034 0.198802 0.685783 0.529874 0.626862 1.1684 0.837702 0.363128 0.397465 0.158429 1.06575 0.915522 0.559848 0.48949 0.504564 0.570377 1.08327 0.902096 0.46479 1.04142 0.924055 0.40598 0.970293 0.625867 0.361608 0.292034 0.767585 1.04607 0.53666 0.767816 0.930797 0.836756 0.802922 0.337563 0.7268 0.104141
0.201642 1.19246 0.783111 0.534601 1.15898 0.456477 0.79458 0.369166 0.589578 0.161611 0.340348 0.656868 0.544257 0.301688 0.601728 0.916775 0.652286 0.672155 0.787802 0.522209 0.729106 0.637679 1.08494 0.745337 0.542294 0.528608 0.944585 0.990837 0.392982 0.907746 1.00972 0.383659 0.391902 0.555234 0.295881 0.820314 0.648592 0.756264 0.325974 0.814175 0.313374 0.889 0.572322 0.508705 1.02412 1.05264 0.539307 0.369031 0.256903 1.08951 1.04636 0.625068 0.702652 0.675572 0.588412 0.92768 0.745016 0.347011 1.22444 0.899749 0.426626 1.08249 0.727006 0.277075 0.395662 0.651663 0.902663 0.485546 0.673205 1.07544 0.99515 1.00236 0.340876 0.622467 0.278456
0.170713 1.14387 0.787092 0.673238 1.05164 0.467337 0.854874 0.466351 0.603875 0.394026 0.150655 0.869942 0.683976 0.334851 0.463979 0.959724 0.506851 0.442657 0.853446 0.513657 0.715439 0.661476 1.27689 0.554534 0.588229 0.539924 0.833011 0.747347 0.244873 0.778865 0.889787 0.3089 0.612675 0.496376 0.301983 0.854656 0.904287 0.951566 0.380999 0.843968 0.16236 0.648411 0.691365 0.648957 1.04676 1.06966 0.311331 0.354443 0.248743 1.14743 0.996665 0.633531 0.464671 0.615395 0.783504 0.897484 0.763109 0.450095 0.987885 0.882056 0.521828 1.0753 0.52258 0.282099 0.212274 0.79012 1.03475 0.440567 0.73781 1.06295 0.918153 1.00222 0.419228 0.672437 0.147773
0.200439 0.969109 0.698124 0.597983 1.15137 0.175906 0.970943 0.224409 0.701693 0.220871 0.3822 0.690611 0.616844 0.327102 0.45741 0.997167 0.69651 0.547877 0.799972 0.448045 0.782906 0.449129 1.28287 0.547196 0.329647 0.600897 0.89069 0.993386 0.344762 0.929562 1.10818 0.209501 0.615146 0.699946 0.122548 1.02194 0.70103 0.665526 0.38414 0.765957 0.177244 0.723579 0.656285 0.65081 1.13501 1.10998 0.278391 0.478559 0.195644 1.27635 0.889624 0.611159 0.671682 0.640879 0.804907 0.900941 0.932518 0.340093 1.11038 1.03206 0.531629 1.16454 0.574827 0.0991292 0.328528 0.665355 0.899183 0.326056 0.756356 0.892629 0.788513 0.821055 0.220406 0.606254 0.167206
0.141912 0.97453 0.788235 0.683336 1.1724 0.371657 0.738531 0.306615 0.694652 0.164269 0.192923 0.576305 0.468913 0.276397 0.654095 1.11149 0.68371 0.631701 0.829582 0.483985 0.901864 0.507559 1.05554 0.650168 0.315807 0.790894 0.916707 0.873459 0.455995 0.71794 0.942282 0.231717 0.349574 0.496994 0.325332 0.927302 0.754417 0.752546 0.157549 0.724962 0.169103 0.747867 0.640882 0.734081 1.19748 0.999756 0.522999 0.207494 0.0866825 1.0698 0.974589 0.58628 0.537371 0.453452 0.762353 0.8677 0.833037 0.375496 0.968148 1.02059 0.402674 1.19124 0.734228 0.362927 0.27783 0.762738 0.929526 0.493302 0.798416 0.934755 1.04232 0.908836 0.484358 0.605838 0.293981
0.268469 0.94822 0.623954 0.651985 1.27475 0.392356 0.727717 0.245625 0.732624 0.120168 0.124512 0.662611 0.594843 0.54051 0.71275 1.20898 0.499169 0.526355 0.990171 0.635209 0.937611 0.381305 0.994766 0.704891 0.493463 0.681808 0.97473 0.984936 0.274988 0.742557 0.864665 0.318566 0.62615 0.695539 0.0806788 0.830298 0.737579 0.89749 0.148758 0.66914 0.22911 0.781482 0.569914 0.584104 0.98323 0.974824 0.488136 0.470649 0.103434 1.13979 0.857744 0.633059 0.696395 0.684324 0.599207 0.949353 0.95922 0.248997 0.981591 0.983579 0.431867 1.05796 0.771156 0.0814977 0.263936 0.745321 0.948465 0.550834 0.762116 1.02989 1.04433 0.806371 0.403932 0.499344 0.173146
0.155511 1.06154 0.608087 0.562228 0.997368 0.279244 0.903184 0.298858 0.623241 0.3562 0.369665 0.68057 0.706389 0.369426 0.566722 0.941413 0.588586 0.477321 1.00566 0.666897 0.794093 0.654211 1.27188 0.687384 0.514799 0.618146 1.06301 0.889677 0.330815 0.97046 0.940951 0.386704 0.384091 0.640781 0.206722 1.01858 0.8042 0.828122 0.347719 0.840485 0.0840266 0.755518 0.625367 0.505789 1.13142 1.04716 0.42662 0.192605 0.0416001 1.05171 0.951437 0.707484 0.467632 0.650486 0.708116 1.04275 0.935412 0.494406 0.979931 0.85315 0.328568 1.18966 0.598173 0.370733 0.280663 0.670193 1.03626 0.44612 0.629673 0.859317 0.891279 0.851397 0.502225 0.66731 0.259638
0.424651 1.20075 0.802065 0.499407 1.27121 0.316424 0.986011 0.348618 0.751116 0.165459 0.179038 0.663141 0.58315 0.348127 0.683216 0.991199 0.437559 0.399794 0.912611 0.44585 0.879691 0.53391 1.14931 0.529242 0.474367 0.799055 0.893342 1.01871 0.476182 0.816582 1.11896 0.390324 0.492709 0.496006 0.331731 0.881369 0.630936 0.774636 0.108082 0.742766 0.341472 0.924002 0.646787 0.649526 1.12932 1.0649 0.409166 0.441748 0.0403315 1.14945 0.878224 0.590787 0.6961 0.603478 0.813898 1.03186 0.837331 0.299374 1.08513 0.938361 0.521296 1.21356 0.538968 0.0764397 0.245475 0.725328 0.866915 0.38906 0.699524 0.956062 0.790156 1.01284 0.359797 0.445997 0.09803
0.377196 1.10487 0.764359 0.768223 1.21246 0.310662 0.924979 0.218004 0.750109 0.37647 0.252822 0.775373 0.445757 0.562659 0.689115 1.1482 0.639585 0.636324 1.03115 0.70165 0.904609 0.56769 1.05982 0.628492 0.358375 0.72011 0.880226 0.998008 0.372131 0.775792 0.943763 0.284911 0.349416 0.438109 0.15019 1.00945 0.902586 0.66684 0.364997 0.848749 0.0759432 0.749795 0.647061 0.723528 0.982601 1.10245 0.39964 0.482854 0.184822 1.19041 0.921745 0.699028 0.614369 0.488284 0.662422 0.875589 0.971983 0.389415 1.23864 1.01196 0.388114 1.09735 0.554447 0.117667 0.406707 0.72707 1.04775 0.289123 0.767157 0.889902 0.892623 0.972978 0.470511 0.646974 0.172149
0.407834 1.04088 0.577452 0.514146 1.19934 0.470937 0.929862 0.353541 0.542413 0.140382 0.157815 0.722107 0.566295 0.561331 0.590986 1.20012 0.545967 0.612201 0.805567 0.492324 0.974212 0.559294 1.26228 0.480028 0.337406 0.676772 0.928543 0.943868 0.454253 0.764279 1.04443 0.453353 0.400351 0.597829 0.25344 0.849384 0.857835 0.941128 0.225947 0.856425 0.125067 0.790044 0.609681 0.499595 0.988331 0.994233 0.47881 0.379069 0.242592 1.02304 0.918378 0.698095 0.550991 0.598343 0.697448 0.827657 0.980708 0.300838 1.08997 0.999412 0.521082 0.967187 0.691157 0.101991 0.444937 0.565477 0.961906 0.446191 0.721475 0.861358 0.932964 0.832187 0.258252 0.454409 0.370752
0.410081 1.14566 0.817263 0.525928 1.17653 0.348576 0.848663 0.242802 0.675031 0.373926 0.361109 0.860689 0.511077 0.560542 0.719737 0.954496 0.687682 0.465045 0.828673 0.548119 0.761525 0.593406 1.07434 0.511715 0.357692 0.729029 0.883119 0.992561 0.460114 0.68618 0.867122 0.423129 0.465976 0.565244 0.0624334 0.801301 0.685958 0.724284 0.359276 0.791138 0.339566 0.755793 0.494391 0.470525 1.17879 0.826876 0.413466 0.370851 0.0838089 1.25278 1.13087 0.624768 0.655479 0.515806 0.678292 1.00335 0.701102 0.265492 1.09924 0.832044 0.382924 1.23799 0.690071 0.352791 0.319839 0.79324 0.784582 0.280865 0.851078 1.01427 0.872352 0.90432 0.382156 0.504974 0.351018
0.344248 0.977038 0.738581 0.614299 1.06937 0.414852 0.986842 0.210325 0.574674 0.34824 0.416644 0.683471 0.669442 0.337981 0.736383 1.0095 0.443178 0.665162 0.791933 0.69141 0.996612 0.509333 1.13501 0.731491 0.608867 0.818401 1.04791 1.01639 0.493418 0.699572 0.863628 0.339393 0.526263 0.695207 0.34632 1.04029 0.754895 0.776117 0.102284 0.845607 0.315986 0.665191 0.715409 0.691656 1.08357 0.985192 0.552714 0.203617 0.0393187 1.2537 0.901245 0.805595 0.710203 0.679361 0.574921 0.913312 0.813161 0.387178 1.13235 1.01757 0.342685 1.08998 0.631337 0.112335 0.168523 0.576122 0.964108 0.316925 0.830067 0.956525 0.77977 0.985304 0.47844 0.509419 0.320681
0.381026 0.95161 0.593161 0.563808 1.02582 0.353426 0.955836 0.464406 0.556766 0.164873 0.191096 0.695509 0.58886 0.434984 0.714867 1.06813 0.462445 0.443588 1.03337 0.585834 0.973399 0.385056 1.14364 0.749977 0.607403 0.626769 1.11403 0.892587 0.430436 0.965403 0.97679 0.307196 0.516222 0.671035 0.287257 0.832602 0.903788 0.753235 0.175033 0.846638 0.245839 0.917291 0.560849 0.713448 0.990037 0.961748 0.557884 0.269702 0.0744662 1.1675 1.02408 0.622396 0.586513 0.544551 0.576591 0.910836 0.777336 0.318812 1.02895 0.9355 0.383439 1.03706 0.785258 0.159909 0.332216 0.545472 1.0072 0.397979 0.813843 0.830209 1.06667 0.913199 0.509372 0.61588 0.256756
0.362801 0.932725 0.789716 0.622881 1.25862 0.224414 0.761592 0.231031 0.545226 0.192983 0.287565 0.625567 0.495317 0.549391 0.605118 1.19999 0.667367 0.67048 0.898228 0.563338 0.753384 0.392893 1.26628 0.707775 0.595251 0.690966 0.920496 0.745293 0.303235 0.677746 0.851773 0.241456 0.39394 0.691799 0.263852 0.797985 0.855032 0.713737 0.230608 0.721723 0.136956 0.727135 0.418871 0.737179 1.08485 1.09364 0.262365 0.35356 0.267985 1.0377 1.05693 0.775668 0.672399 0.491997 0.681901 0.843408 0.87812 0.481602 1.17556 1.00247 0.477461 1.25341 0.526457 0.215389 0.306691 0.665566 0.846071 0.535818 0.826269 0.816147 0.845183 0.891996 0.234557 0.719867 0.377438
0.267597 1.10288 0.618405 0.76926 1.2507 0.213764 0.816233 0.340699 0.585695 0.224842 0.382433 0.835463 0.569926 0.551389 0.547291 1.01802 0.411282 0.462969 0.992435 0.524677 0.748138 0.617198 1.16744 0.508189 0.385407 0.800562 0.946114 1.02198 0.461696 0.762035 0.998559 0.371423 0.450559 0.422109 0.150278 0.809815 0.75588 0.875442 0.300383 0.728448 0.113813 0.645684 0.702155 0.535818 1.08619 0.947347 0.260884 0.413308 0.120144 1.06666 1.10469 0.540394 0.576563 0.692134 0.675028 1.01255 0.957085 0.209695 1.0706 0.834733 0.403437 1.0498 0.574425 0.261804 0.326608 0.54751 0.943795 0.48848 0.743905 0.922858 1.0502 0.960471 0.470117 0.546929 0.146915
0.420631 1.02565 0.840871 0.547994 1.13411 0.188674 0.948764 0.461506 0.482705 0.280598 0.265469 0.584102 0.525709 0.474989 0.544697 1.06723 0.480342 0.469505 0.791799 0.492321 1.00117 0.434113 1.22174 0.504652 0.56844 0.755927 0.942404 0.790809 0.249358 0.825915 0.921453 0.365354 0.500838 0.620418 0.279578 1.03856 0.719747 0.745097 0.176416 0.854025 0.047418 0.824262 0.51398 0.676138 1.0789 0.819097 0.357574 0.432763 0.0962812 1.22557 0.838869 0.592776 0.447895 0.647315 0.849683 0.926435 0.771962 0.306615 1.17724 0.914982 0.465098 1.22839 0.574226 0.370069 0.259222 0.720762 0.920467 0.275841 0.835265 0.892319 1.00135 1.03175 0.286581 0.697159 0.161155
0.270729 1.06031 0.665594 0.497931 1.21534 0.415157 0.776041 0.311135 0.729045 0.230954 0.185879 0.610911 0.614445 0.493435 0.539017 0.954014 0.439857 0.586489 1.01861 0.550238 0.861583 0.516647 1.21117 0.544593 0.402118 0.799644 0.911407 0.81697 0.380799 0.819236 1.1176 0.480292 0.489193 0.604387 0.14686 0.79702 0.802595 0.82865 0.344497 0.615189 0.163743 0.939517 0.580816 0.742784 1.17631 0.974696 0.426362 0.228997 0.298069 1.012 1.10054 0.666063 0.461691 0.713377 0.854873 1.01441 0.746934 0.434793 1.2027 0.848897 0.434756 1.03778 0.587122 0.086328 0.20103 0.674427 0.939874 0.528622 0.908013 0.938246 1.04784 0.977044 0.265559 0.54815 0.303774
0.424668 1.05603 0.624777 0.73962 1.07264 0.372143 0.730973 0.347646 0.494904 0.197111 0.142749 0.65148 0.540818 0.387357 0.656899 1.05597 0.58206 0.592077 1.00335 0.613695 0.75381 0.571519 1.10721 0.491728 0.344959 0.573017 1.05797 0.781984 0.457278 0.834395 1.12885 0.344526 0.622108 0.553046 0.137953 0.878786 0.81294 0.687335 0.375621 0.612614 0.25354 0.714329 0.634927 0.66657 1.05228 0.956345 0.374591 0.443044 0.0380435 1.18719 1.12116 0.543686 0.69111 0.620228 0.724002 0.957317 0.845203 0.213005 1.12029 0.781588 0.487171 1.24732 0.574157 0.332393 0.34455 0.737219 0.869131 0.439913 0.769952 0.962591 0.912425 0.848985 0.361149 0.504059 0.28113
