25 75
0.491277 1.0096 0.889492 0.490892 0.0132936 0.0822886 0.959251 0.646035 0.784076 0.375042 0.601334 0.670756 0.950453 0.450105 0.899427 0.336139 0.567678 0.459812 0.480127 0.258187 0.700466 0.729374 1.06163 0.8874 1.02002 0.437358 0.292144 0.664332 0.60646 1.09381 0.71328 0.578699 0.61738 1.0269 0.239095 0.992501 0.755848 0.187426 0.379573 1.21246 0.402976 0.36367 0.979243 0.106361 0.762697 1.14936 0.724904 0.879507 0.975666 1.15715 0.613348 1.08527 0.0805253 1.0332 0.352616 1.06154 0.783187 0.336505 0.159374 0.886186 1.1952 0.299838 0.376543 1.0495 0.279837 0.984885 1.07903 0.373428 0.882166 0.994692 0.471531 1.05382 0.446958 0.455989 0.39725
0.293539 1.07285 0.907729 0.460702 0.0167925 0.189159 0.740319 0.651619 0.610709 0.155034 0.611822 0.842332 0.898335 0.274387 1.10991 0.47164 0.467792 0.399507 0.28835 0.100708 0.67022 0.681109 1.05712 0.811003 1.25269 0.223239 0.326935 0.5631 0.503201 1.211 0.664399 0.620838 0.717402 1.01926 0.352828 1.06191 0.650183 0.0949022 0.26494 0.966638 0.30176 0.283634 0.911299 0.27663 0.671436 1.15803 0.831136 0.761565 1.11451 1.00593 0.459464 0.967523 0.26948 0.758985 0.416446 0.956276 0.501582 0.222632 0.40766 0.752517 1.11346 0.297877 0.599132 1.07911 0.328043 1.06827 1.05207 0.600213 0.72062 0.972662 0.720471 1.0134 0.222351 0.355844 0.376643
0.450205 0.86434 1.01697 0.432016 0.166644 0.162349 0.888079 0.782209 0.84703 0.344003 0.597157 0.658789 0.990075 0.371336 0.972664 0.275405 0.549805 0.244695 0.383933 0.193609 0.771251 0.437389 0.963569 0.788942 1.05371 0.294821 0.225755 0.548202 0.593733 1.04267 0.654599 0.560464 0.623087 1.07489 0.263954 1.26533 0.697912 0.309415 0.26289 1.1419 0.162709 0.191427 1.15684 0.088171 0.544563 0.890668 0.879674 0.77769 0.994267 1.15305 0.447723 1.05256 0.249286 0.818628 0.305096 1.09439 0.793037 0.356003 0.214744 0.79975 1.09005 0.307434 0.617854 1.00353 0.348087 1.18834 0.993312 0.414535 0.917737 1.03921 0.694616 1.02043 0.479539 0.347526 0.407243
0.548474 0.872428 0.870917 0.445025 0.0843064 0.172067 0.712734 0.634425 0.757178 0.169515 0.489465 0.777834 0.911827 0.251136 1.17027 0.39578 0.447186 0.2704 0.419066 0.196981 0.951545 0.702344 1.18934 0.942742 1.0674 0.327794 0.484941 0.461954 0.632173 0.953944 0.646011 0.500547 0.780964 1.12393 0.446245 1.23848 0.627247 0.0866979 0.195148 0.979051 0.138217 0.181529 1.1482 0.360125 0.663474 0.9808 0.715759 0.86239 1.13096 1.07176 0.566607 1.12762 0.123478 0.777624 0.223158 1.03441 0.764349 0.17128 0.318164 1.03868 1.01753 0.254348 0.646256 0.822051 0.542914 1.04579 1.02676 0.437163 0.822328 0.835098 0.623796 1.08141 0.457539 0.308421 0.404101
0.573325 1.00157 0.961131 0.454348 0.0344502 0.331405 0.852426 0.589292 0.824262 0.191957 0.396277 0.745364 0.914236 0.424399 0.979552 0.263814 0.709719 0.348715 0.551016 0.336923 0.943915 0.697954 1.12931 0.87953 1.01785 0.373976 0.397705 0.614659 0.382219 1.23234 0.802673 0.797141 0.525447 0.938744 0.329001 1.17092 0.652732 0.320959 0.185812 0.999284 0.403081 0.280083 1.16559 0.20687 0.745355 0.90096 0.697647 0.603523 1.09255 0.953333 0.4581 1.13404 0.284165 1.03772 0.346744 1.00668 0.608288 0.26516 0.379553 0.940962 1.15681 0.358067 0.588017 0.989774 0.448222 1.16022 1.2322 0.409655 0.828595 1.0024 0.692447 0.953095 0.470482 0.380497 0.607289
0.529268 0.824036 0.939409 0.4447 0.0583408 0.368271 0.917645 0.609743 0.596671 0.221813 0.498346 0.824084 1.0169 0.418 0.971883 0.433998 0.495201 0.487574 0.363056 0.291361 0.761204 0.672382 1.05548 0.745795 1.18422 0.306736 0.36884 0.458845 0.485931 1.22697 0.549 0.519728 0.610484 1.17872 0.457184 1.08845 0.790175 0.328023 0.1624 1.08954 0.341048 0.30255 1.05142 0.278696 0.796553 0.894686 0.851414 0.880494 0.979019 0.986128 0.528288 1.04787 0.239051 0.804289 0.413123 1.05609 0.638604 0.352721 0.227186 0.905904 1.10697 0.283938 0.407943 1.07988 0.538028 1.08405 1.16297 0.55911 0.724752 0.984137 0.653084 0.935541 0.347006 0.330272 0.619062
0.355064 1.0799 0.87558 0.395648 0.135487 0.266497 0.984136 0.66823 0.85108 0.249719 0.406857 0.923569 0.948227 0.516747 1.1454 0.258973 0.510439 0.528977 0.366936 0.31765 0.834648 0.572541 1.09778 0.762817 1.10546 0.277176 0.251853 0.533287 0.452588 1.2318 0.696143 0.758413 0.783964 0.968936 0.271097 1.18768 0.762112 0.163751 0.23638 1.14566 0.324207 0.414244 1.03744 0.329954 0.705866 1.03609 0.670813 0.701206 0.967111 1.14339 0.588017 1.07267 0.189788 0.948417 0.382494 0.980319 0.552304 0.353887 0.393451 0.796023 0.9807 0.238458 0.530194 0.866284 0.509825 1.17538 1.14413 0.393402 0.817576 0.903457 0.720952 0.940834 0.443063 0.571102 0.625739
0.432102 1.10153 0.994871 0.353858 0.0816509 0.358461 0.821617 0.764391 0.631497 0.166242 0.460267 0.870738 0.975869 0.54971 1.04477 0.461421 0.594111 0.240198 0.553076 0.162851 0.852302 0.604129 1.00445 0.880937 1.22051 0.373035 0.25543 0.506796 0.55284 1.07549 0.723514 0.632706 0.599532 1.03627 0.286446 1.24583 0.849432 0.238052 0.312474 0.968942 0.36936 0.351217 0.992181 0.0853708 0.644104 1.16622 0.664423 0.706695 0.967955 0.967585 0.516507 1.14471 0.314069 0.771752 0.268186 0.978124 0.723759 0.311006 0.112413 0.772595 1.20005 0.419791 0.560234 0.942977 0.351263 1.11641 1.0738 0.54305 0.725838 1.10415 0.71254 1.02858 0.434201 0.331692 0.611798
0.447655 1.03637 0.868152 0.563089 0.288994 0.335421 0.691769 0.570751 0.777236 0.180491 0.574763 0.916044 1.04543 0.390729 0.97789 0.263003 0.560931 0.357174 0.524951 0.23951 0.833003 0.527308 1.13908 0.86454 1.15855 0.365466 0.282535 0.664095 0.431567 1.19751 0.725603 0.609918 0.626632 1.10579 0.353229 1.15978 0.770409 0.355056 0.151873 1.17885 0.299936 0.354642 1.08699 0.344731 0.53937 0.943522 0.741306 0.767465 0.918691 0.989522 0.654488 0.96672 0.293944 1.02219 0.445978 1.11146 0.643169 0.423904 0.393798 0.877306 1.02491 0.389233 0.468607 0.91047 0.539657 1.22948 1.16251 0.534116 0.695345 0.98612 0.656886 0.900734 0.306852 0.355493 0.61971
0.419157 0.848477 0.989625 0.531639 0.233884 0.274652 0.739179 0.555289 0.569319 0.352833 0.605308 0.814746 0.831268 0.298203 1.04768 0.332467 0.55553 0.302605 0.462136 0.128095 0.890878 0.646856 1.00392 0.792461 1.27474 0.462688 0.379076 0.505062 0.405858 1.22097 0.745534 0.625697 0.568801 0.971108 0.446521 1.18457 0.630341 0.2113 0.271064 1.06297 0.387483 0.331231 1.06258 0.191096 0.749523 1.17021 0.708209 0.842861 0.99735 1.05002 0.65879 0.912267 0.0469544 0.985792 0.367035 1.03475 0.535466 0.218564 0.266938 0.810604 0.974217 0.483196 0.521095 0.843911 0.295255 1.14182 1.04697 0.344275 0.935077 1.04149 0.576288 0.959504 0.278093 0.333767 0.548481
0.368032 0.99915 0.971963 0.343315 0.0805068 0.236785 0.704714 0.572766 0.798994 0.393087 0.57487 0.670796 0.837788 0.489315 1.09442 0.229934 0.458494 0.501755 0.486667 0.276308 0.783571 0.690585 1.08772 0.800375 1.06132 0.360426 0.378173 0.470132 0.611582 1.01388 0.608604 0.571663 0.724741 1.23099 0.272296 1.1754 0.694305 0.127779 0.382685 1.14767 0.248317 0.234836 0.893153 0.187866 0.552335 1.14216 0.786516 0.605941 0.899436 1.00229 0.643507 1.04004 0.0880068 0.758253 0.413826 0.904849 0.648337 0.424543 0.129842 0.822085 0.948155 0.40792 0.41073 0.929948 0.385657 1.17523 1.07043 0.612925 0.838959 0.885725 0.501605 0.94717 0.456703 0.412951 0.412551
0.515962 0.823941 1.04469 0.469776 0.176797 0.125091 0.866828 0.648946 0.654153 0.291137 0.527831 0.925365 0.95872 0.34862 1.02047 0.266175 0.619617 0.462878 0.393387 0.311432 0.711887 0.576817 1.18485 0.840899 1.16366 0.329215 0.232255 0.416615 0.502558 1.17303 0.568057 0.651186 0.620839 0.955879 0.291605 1.08405 0.820066 0.268344 0.299417 1.00869 0.128692 0.212992 1.0383 0.165617 0.796173 1.13238 0.764315 0.839945 0.951463 1.14028 0.468518 1.08195 0.0303885 1.03981 0.167896 0.96128 0.637883 0.153165 0.279765 0.815824 1.07578 0.504396 0.663383 0.801612 0.407581 1.25058 1.16565 0.351114 0.89877 1.05173 0.638716 0.798015 0.299258 0.364263 0.415467
0.500335 1.06218 0.878719 0.488553 0.24581 0.133961 0.752176 0.618099 0.707783 0.227477 0.499971 0.642505 1.03849 0.55024 1.00799 0.180106 0.6505 0.413099 0.426487 0.0783838 0.674826 0.559585 1.03096 0.748508 1.24174 0.344075 0.308096 0.431129 0.619227 0.948751 0.800901 0.641745 0.57982 1.12307 0.323689 1.05879 0.705518 0.291405 0.194442 1.09427 0.403071 0.323251 0.983973 0.177611 0.562151 1.17574 0.82401 0.732066 1.10826 0.927434 0.590216 1.16506 0.100984 1.04807 0.239909 1.16105 0.591047 0.366936 0.112349 0.970559 1.15194 0.423946 0.550941 0.881238 0.443731 1.23441 1.06427 0.498917 0.923664 0.849084 0.496654 0.890669 0.35291 0.465081 0.366675
0.487153 0.957639 0.859047 0.387489 0.165569 0.330437 0.692304 0.600381 0.649365 0.450284 0.661824 0.672187 0.866252 0.50173 1.01804 0.322377 0.45067 0.382097 0.406593 0.0638413 0.911159 0.706262 1.11643 0.901866 1.04679 0.330145 0.420846 0.476558 0.420285 1.05249 0.728039 0.55966 0.648948 1.06073 0.377794 1.02935 0.848932 0.358656 0.121403 1.19802 0.179897 0.430571 1.16648 0.108089 0.789915 1.06126 0.852381 0.614575 1.02908 0.925766 0.431118 1.02651 0.128421 0.806773 0.347937 1.00188 0.767887 0.149761 0.389939 0.786125 1.08416 0.481798 0.552072 0.838653 0.386692 1.09146 0.978555 0.462883 0.728559 0.954314 0.461279 0.86651 0.441638 0.48348 0.377949
0.530335 1.05178 1.00496 0.413883 0.0744671 0.0927652 0.92906 0.719436 0.860044 0.288053 0.530138 0.824778 0.934334 0.441931 1.02023 0.227026 0.713297 0.506152 0.444819 0.343435 0.722637 0.43194 1.0074 0.76398 1.05974 0.228751 0.258088 0.532994 0.621645 0.995767 0.765785 0.670341 0.61096 1.20413 0.442771 1.12405 0.630091 0.0803477 0.194635 1.04974 0.249943 0.270304 0.901976 0.240798 0.766602 1.00961 0.770445 0.618924 1.01714 0.987836 0.405487 0.995019 0.324146 0.904126 0.219738 1.12423 0.657921 0.434124 0.126725 0.863711 1.02538 0.329688 0.666446 1.05435 0.532762 1.18566 1.16109 0.626452 0.90575 0.965 0.610103 0.79917 0.442066 0.398359 0.509563
0.320609 1.02001 0.828753 0.475214 0.223755 0.178972 0.911703 0.652369 0.622559 0.400516 0.656373 0.653894 0.93597 0.311465 0.999371 0.214284 0.438972 0.261881 0.371077 0.348032 0.952989 0.643923 1.19381 0.859853 1.2151 0.372485 0.447807 0.59514 0.525734 1.21891 0.633282 0.684313 0.708801 1.16945 0.444374 1.26438 0.820584 0.247901 0.305259 1.11094 0.194182 0.397995 0.916214 0.118865 0.514944 0.897025 0.861011 0.61445 1.08407 1.0973 0.581537 0.890477 0.0989912 1.0046 0.229931 0.929104 0.701835 0.168676 0.313015 0.902902 0.952573 0.493116 0.633157 0.932428 0.341988 1.14939 1.18078 0.473074 0.911596 0.874914 0.629518 0.816688 0.257611 0.34216 0.373512
0.378866 1.07495 1.09916 0.48349 0.219565 0.0872142 0.862846 0.634721 0.581623 0.300159 0.49289 0.707989 0.903057 0.431494 0.969105 0.351109 0.519138 0.330057 0.46267 0.278293 0.964286 0.493423 1.00128 0.703168 1.08678 0.280777 0.277664 0.442944 0.648661 1.2015 0.539078 0.768857 0.54246 0.961702 0.188415 1.2025 0.792911 0.317874 0.144392 0.972058 0.157645 0.370797 1.06172 0.370371 0.724805 1.08509 0.874604 0.685914 1.04109 0.89398 0.404228 0.909228 0.233074 0.838102 0.232579 0.981531 0.689151 0.416971 0.24868 0.881024 1.1311 0.244766 0.54816 0.964806 0.363325 0.983971 1.18665 0.47505 0.834026 0.868517 0.671642 0.912111 0.449147 0.397309 0.385824
0.486426 1.09908 1.04719 0.407918 0.145256 0.0991965 0.775297 0.74059 0.826952 0.3019 0.44195 0.816888 1.01549 0.464125 1.05423 0.409372 0.630804 0.2528 0.557531 0.0628061 0.748222 0.538915 1.01204 0.716227 1.00606 0.391385 0.442538 0.377606 0.448536 1.13048 0.791952 0.606945 0.515828 1.11705 0.225999 1.02351 0.848182 0.115298 0.336839 1.07802 0.215836 0.392129 0.90528 0.324001 0.787907 1.1865 0.656991 0.834149 1.02966 1.14013 0.472494 0.910245 0.0765727 0.961812 0.322019 1.05915 0.544952 0.277887 0.332923 0.935302 1.20088 0.327813 0.50499 0.900135 0.461776 1.2529 1.04832 0.586914 0.770643 0.895586 0.607212 0.818265 0.427198 0.307427 0.39183
0.375005 0.991927 0.87613 0.320739 0.110206 0.0913586 0.898236 0.607636 0.696239 0.262381 0.430381 0.738102 0.902496 0.414306 0.903346 0.299439 0.484029 0.527005 0.369477 0.260577 0.787959 0.729713 1.13449 0.865426 1.03596 0.418885 0.297603 0.47137 0.462142 1.0391 0.782161 0.610908 0.771985 1.10129 0.299686 1.05357 0.810405 0.173359 0.136442 1.13905 0.296794 0.152521 0.918042 0.255654 0.670002 0.928255 0.612793 0.744141 1.10609 1.16033 0.64751 1.08167 0.187422 0.926954 0.372883 1.1535 0.578714 0.167528 0.242978 0.839484 1.15344 0.258904 0.54424 1.05081 0.397165 1.00309 0.986013 0.499411 0.696272 1.01438 0.54477 0.93189 0.471517 0.531807 0.340074
0.585334 0.86895 1.05301 0.490184 0.135221 0.198349 0.735991 0.734534 0.857528 0.150932 0.507155 0.9064 0.818164 0.468372 1.18116 0.471173 0.541034 0.310986 0.374019 0.209578 0.735136 0.469932 1.10144 0.780127 1.26516 0.235664 0.265495 0.589161 0.399248 1.12688 0.714123 0.63876 0.526271 1.04978 0.340615 1.00511 0.810027 0.314365 0.189029 1.11822 0.187478 0.291129 0.894221 0.241244 0.694847 0.978616 0.68498 0.68591 1.11389 0.968202 0.59295 1.12822 0.160198 0.969157 0.287684 1.02613 0.769488 0.446513 0.200658 1.0182 1.11342 0.330195 0.635069 0.978502 0.30954 1.19826 1.19646 0.554941 0.740654 0.919406 0.606799 0.893908 0.397983 0.56731 0.537029
0.433129 0.973388 0.927119 0.426852 0.232785 0.161996 0.867021 0.603051 0.691231 0.366047 0.581745 0.845432 1.04838 0.491962 0.922735 0.473988 0.467465 0.245345 0.520161 0.233583 0.752328 0.59086 1.0273 0.801591 1.21323 0.373778 0.226839 0.553571 0.357122 1.17392 0.678602 0.710973 0.608077 1.13684 0.370668 1.02041 0.783734 0.316943 0.261828 1.25892 0.20447 0.213235 1.09057 0.24127 0.558019 1.1459 0.855062 0.763022 0.974014 0.971041 0.482074 1.03211 0.0329102 0.937971 0.344194 1.0804 0.724475 0.428194 0.319288 0.846093 0.995688 0.426273 0.404845 0.989558 0.537836 1.16939 1.20585 0.502461 0.700275 1.07153 0.469253 1.07902 0.303883 0.358899 0.533507
0.583617 1.1058 0.897366 0.553489 0.180125 0.120636 0.883144 0.528132 0.675204 0.449027 0.562589 0.662201 0.918155 0.381544 1.12026 0.329756 0.644696 0.441587 0.553553 0.0829084 0.870322 0.695952 1.19999 0.854551 1.23984 0.286271 0.201033 0.62964 0.641333 1.00908 0.759878 0.665015 0.750867 1.16066 0.325345 1.09128 0.618936 0.0848048 0.160405 1.11004 0.318573 0.199237 1.11375 0.249585 0.753574 0.911061 0.77895 0.718176 0.957281 1.06792 0.629551 1.11141 0.271013 0.917028 0.320102 1.11944 0.655106 0.351798 0.194326 1.02744 0.951974 0.337217 0.649474 0.999049 0.43162 1.27908 1.02799 0.529025 0.667345 1.10227 0.675651 0.871054 0.447618 0.37899 0.391059
0.562899 1.11866 0.891469 0.447348 0.276572 0.282913 0.88861 0.617677 0.63778 0.281252 0.627951 0.848301 0.975084 0.267639 1.17548 0.265539 0.634144 0.34789 0.422374 0.096604 0.671445 0.511327 0.990349 0.960073 1.1526 0.441621 0.370507 0.465369 0.36746 1.08602 0.672169 0.693262 0.552968 1.0315 0.418681 1.21606 0.770019 0.137062 0.176658 1.13103 0.376214 0.231326 0.957054 0.09222 0.650153 1.18243 0.824248 0.729374 0.984629 0.964817 0.5049 0.93245 0.130534 1.0166 0.282296 0.948249 0.500044 0.33299 0.304847 0.883796 1.17326 0.488773 0.435627 0.876551 0.341734 1.22749 1.22332 0.494178 0.677284 1.081 0.533344 0.994618 0.444576 0.596298 0.378255
0.536508 0.871634 1.00945 0.58399 0.169911 0.155713 0.843477 0.588923 0.691456 0.203706 0.502292 0.769277 0.869437 0.534613 1.13557 0.365971 0.463367 0.477413 0.455892 0.125537 0.762763 0.472734 0.983008 0.730028 1.17976 0.217507 0.272222 0.561037 0.397312 1.19325 0.667712 0.793126 0.576648 1.19139 0.286453 1.17278 0.894207 0.247652 0.128179 1.10078 0.139346 0.13466 1.06927 0.0893023 0.518218 1.11638 0.612665 0.852787 1.04895 1.05874 0.50433 0.953343 0.181044 0.968524 0.313484 1.04628 0.640553 0.175483 0.30781 0.854304 1.02702 0.360313 0.622468 0.856657 0.450286 1.18649 1.06393 0.42672 0.738456 0.88481 0.680923 0.841178 0.489066 0.447268 0.406406
0.412173 0.861443 0.874063 0.446122 0.297704 0.251695 0.750107 0.716362 0.617496 0.358787 0.455872 0.79736 0.864636 0.398381 1.05871 0.352564 0.450636 0.401055 0.285567 0.273876 0.73613 0.556404 1.03724 0.709797 1.15612 0.366181 0.235175 0.453259 0.459323 0.978159 0.761534 0.773489 0.695575 1.18733 0.326875 1.23181 0.878845 0.121963 0.118959 1.15262 0.156792 0.38213 1.11193 0.288854 0.614509 0.963482 0.74781 0.600672 1.08005 0.908092 0.436789 0.986498 0.264532 0.847283 0.422471 1.04443 0.782812 0.34293 0.381462 0.998126 1.12022 0.361246 0.412012 1.00792 0.420486 1.00677 1.03692 0.416603 0.656517 0.940641 0.577691 0.980847 0.486627 0.314248 0.416717
