25 75
0.468041 0.43796 0.347991 0.993958 0.0740068 0.383878 0.847329 0.885958 0.232279 0.500153 0.28255 0.662521 0.884638 1.14616 0.572985 0.762695 1.09308 0.652642 0.838463 1.16038 0.811592 0.905704 0.975535 0.345838 0.600348 0.724236 0.706448 0.669975 1.16779 0.446972 0.612989 0.872441 0.944034 0.0928458 0.289732 0.323229 0.176662 0.66704 0.59878 0.933173 0.294498 0.568113 0.743561 0.414984 0.220025 0.923732 0.72069 0.900361 0.539982 0.328834 0.788707 0.665901 0.476604 0.530865 0.595729 0.377789 1.17467 0.538118 0.530237 0.461586 0.972668 0.825283 0.700155 0.873277 0.989612 0.206086 0.596993 0.303433 0.192436 0.874878 0.222397 0.768256 0.355703 0.594131 0.370323
0.319723 0.480572 0.0864439 0.939471 0.311076 0.329785 0.903896 0.843356 0.268249 0.574031 0.271806 0.663588 0.765747 1.08403 0.623175 0.686755 1.23116 0.63568 0.959698 1.152 0.701774 1.11313 0.897348 0.120732 0.719934 0.524852 0.637351 0.841552 1.03196 0.455277 0.65946 0.857661 0.865179 0.118798 0.367403 0.173469 0.333331 0.397401 0.80804 1.04445 0.270265 0.521591 0.675766 0.314922 0.297501 1.02675 0.53754 0.959523 0.252641 0.254055 0.702129 0.721574 0.427026 0.511713 0.789544 0.57537 0.925671 0.750481 0.531051 0.558161 1.05034 0.787942 0.760907 0.903423 0.849331 0.116768 0.464968 0.500303 0.0651268 1.06124 0.273239 0.641604 0.438141 0.82459 0.341892
0.34761 0.496939 0.176266 1.01107 0.221587 0.446227 0.839591 0.820327 0.0491096 0.333514 0.282314 0.785259 0.658033 0.959374 0.418015 0.705887 1.24477 0.673156 0.767496 0.953852 0.77192 0.892104 0.896154 0.309764 0.544289 0.45368 0.561363 0.729954 1.06549 0.189869 0.776662 0.837008 1.05926 0.317663 0.477539 0.359169 0.2518 0.485295 0.714617 0.925139 0.374341 0.481906 0.639433 0.504674 0.258333 0.935099 0.635863 0.749121 0.393222 0.405924 0.537764 0.632951 0.318123 0.592129 0.718182 0.452302 1.19529 0.485249 0.378893 0.627501 0.978216 0.803432 0.773814 1.03428 0.909788 0.365221 0.444688 0.312966 0.102581 1.06796 0.310957 0.845253 0.541911 0.796803 0.360124
0.528903 0.559488 0.351279 0.865935 0.243801 0.37515 0.812304 0.914399 0.0121892 0.342603 0.489776 0.748653 0.839354 0.928485 0.381127 0.804701 1.04729 0.638048 0.920826 1.04277 0.681378 0.940276 0.929477 0.0725573 0.782269 0.541331 0.521129 0.681136 1.12429 0.245014 0.60171 0.882257 0.958169 0.189152 0.440358 0.258968 0.237213 0.501465 0.681718 0.939562 0.139088 0.721103 0.649913 0.339071 0.15022 0.969489 0.456361 0.848994 0.304854 0.369072 0.741768 0.686129 0.343101 0.49475 0.813698 0.493386 1.15075 0.479646 0.363226 0.61171 0.89929 0.853448 0.575511 0.911524 0.839695 0.324952 0.608664 0.484538 0.0597946 0.947676 0.303807 0.749083 0.486473 0.701642 0.334309
0.448042 0.50598 0.282301 0.956443 0.331172 0.397432 0.631846 1.0122 0.218239 0.334586 0.255681 0.73282 0.911275 0.964928 0.359217 0.844171 1.02856 0.421185 0.885785 1.00705 0.635627 1.00732 0.822598 0.258977 0.575723 0.553763 0.62713 0.656385 1.04574 0.32968 0.551137 0.830509 1.1383 0.142094 0.444902 0.369747 0.308532 0.560174 0.691235 0.969743 0.146284 0.486458 0.791019 0.432109 0.188436 1.00149 0.717108 0.754326 0.514498 0.406116 0.791662 0.645812 0.358032 0.553383 0.619355 0.321288 1.1178 0.691802 0.33976 0.647946 0.996239 0.634385 0.725394 1.09919 1.00874 0.318239 0.692003 0.445014 0.0495544 1.01035 0.223147 0.873834 0.586243 0.750194 0.294499
0.364101 0.371122 0.075034 0.780748 0.130966 0.30777 0.900399 0.955407 0.0664563 0.370525 0.320244 0.700724 0.767811 0.961166 0.586154 0.933775 1.13386 0.458403 0.86748 1.12084 0.741175 0.987161 0.865226 0.330523 0.606269 0.468284 0.712312 0.711448 1.19629 0.45718 0.712185 0.727836 0.899003 0.2702 0.388977 0.353389 0.148564 0.36799 0.793278 0.972091 0.222496 0.505024 0.744027 0.456265 0.234726 1.06176 0.557991 0.829522 0.5214 0.395486 0.759878 0.665943 0.561185 0.706859 0.780592 0.533861 1.07013 0.754294 0.362323 0.44296 1.04175 0.645713 0.642179 0.964375 1.08243 0.32251 0.631197 0.418256 0.102664 1.06995 0.0480503 0.615189 0.465779 0.629584 0.309843
0.359111 0.394692 0.133058 0.904914 0.240455 0.562056 0.764554 1.06553 0.192845 0.518864 0.47223 0.786279 0.804507 1.15998 0.474859 0.87472 1.26386 0.569935 0.879041 0.962022 0.650146 1.11431 1.06779 0.173086 0.647239 0.587343 0.763265 0.664906 1.03074 0.466765 0.772125 0.749804 1.09707 0.256447 0.201633 0.373622 0.219916 0.593589 0.753094 1.12434 0.125352 0.560457 0.836377 0.52287 0.313467 0.817311 0.646235 0.715175 0.444815 0.326662 0.730113 0.601675 0.548671 0.735498 0.632946 0.474726 1.14261 0.659545 0.501331 0.540039 1.06341 0.704736 0.828659 0.984684 1.11503 0.329954 0.473426 0.275055 0.0841648 0.956687 0.243784 0.599367 0.353123 0.60562 0.368239
0.326263 0.455829 0.297747 1.01096 0.0953453 0.337484 0.814258 0.887073 0.0913558 0.40273 0.481835 0.795561 0.786491 1.05187 0.484535 0.831147 1.24686 0.475207 0.995363 1.04986 0.818 1.08908 1.02469 0.209968 0.756625 0.589401 0.525675 0.844699 1.08248 0.354789 0.78753 0.957602 1.09456 0.287027 0.248111 0.163197 0.385448 0.632152 0.587922 1.07576 0.230403 0.666738 0.873659 0.531684 0.17245 0.97067 0.542684 0.715362 0.427347 0.33362 0.827128 0.46589 0.556762 0.613491 0.772059 0.49513 0.973645 0.656678 0.349375 0.601968 0.794986 0.843489 0.632254 1.13853 0.895749 0.306566 0.443826 0.480144 0.0759156 0.830648 0.192118 0.841875 0.389732 0.800716 0.470215
0.526981 0.54429 0.278776 0.90389 0.0720825 0.55504 0.713198 0.822053 0.0264934 0.317103 0.20071 0.811615 0.64137 1.09927 0.612952 0.92056 0.99612 0.456807 0.967278 1.23547 0.752659 1.01398 1.04778 0.280161 0.785307 0.615985 0.747585 0.740188 0.972445 0.402672 0.585495 0.817864 1.01033 0.0838578 0.295796 0.295974 0.372009 0.657238 0.775839 0.918837 0.252305 0.514241 0.709879 0.342607 0.175333 0.974985 0.575669 0.685958 0.36445 0.321109 0.638027 0.626434 0.28923 0.560499 0.845278 0.375214 0.998013 0.636283 0.368075 0.573826 1.03596 0.671919 0.842616 1.04295 0.904343 0.215554 0.685625 0.333977 0.0892284 1.00698 0.284669 0.635747 0.56851 0.612908 0.413139
0.377078 0.405412 0.357757 1.0186 0.0678655 0.447188 0.713395 0.997047 0.251162 0.376749 0.40917 0.816202 0.686557 1.17549 0.367307 0.856119 1.10273 0.57112 0.996036 1.09171 0.892693 0.997184 0.893791 0.127126 0.592456 0.515518 0.540931 0.77702 1.08105 0.421571 0.621277 0.991715 1.09691 0.217263 0.313821 0.174796 0.157833 0.368699 0.667011 1.03154 0.374697 0.487628 0.71889 0.374511 0.24249 0.863148 0.619628 0.74686 0.322422 0.176694 0.786512 0.546793 0.451841 0.686139 0.647791 0.425287 1.00504 0.660389 0.302425 0.622166 0.815264 0.711106 0.703574 1.02903 0.874386 0.250619 0.665058 0.328432 0.12962 0.879335 0.193014 0.629545 0.559265 0.816413 0.490251
0.520193 0.444261 0.129412 1.00131 0.329399 0.304836 0.78019 0.98509 0.256742 0.513642 0.317855 0.745055 0.655129 0.982826 0.571337 0.942185 1.04906 0.675151 0.99748 1.05355 0.784945 1.06991 1.06585 0.194319 0.595391 0.71551 0.544058 0.726145 1.05818 0.325984 0.58987 0.7921 1.01946 0.229275 0.464783 0.383791 0.372387 0.49644 0.620048 0.881679 0.374441 0.526903 0.78387 0.379823 0.1225 0.996313 0.741569 0.893384 0.358938 0.379763 0.828816 0.565117 0.419068 0.600772 0.823393 0.592417 1.17765 0.510942 0.365241 0.500309 1.05511 0.702647 0.577582 1.03189 0.931593 0.169081 0.563718 0.512348 0.335218 0.91956 0.138027 0.749633 0.587164 0.827429 0.407976
0.393811 0.517356 0.0820354 0.853824 0.133524 0.418705 0.842418 1.05652 0.12849 0.569081 0.210709 0.861584 0.766258 1.07574 0.556551 0.702401 1.15127 0.47117 0.885675 1.04295 0.883527 1.06261 0.802687 0.266097 0.583372 0.591328 0.790666 0.767593 1.11305 0.264824 0.648157 0.72195 1.11624 0.340328 0.456077 0.297785 0.271352 0.490499 0.845684 1.07508 0.134606 0.68624 0.849239 0.535852 0.111768 0.868388 0.649171 0.892947 0.538905 0.269303 0.776558 0.512598 0.47518 0.551123 0.714852 0.599403 0.965286 0.617749 0.254966 0.698415 0.989789 0.782779 0.61529 1.04064 0.973929 0.281683 0.616739 0.365898 0.134086 0.994341 0.0489555 0.593137 0.509509 0.686712 0.385614
0.28631 0.54324 0.213575 1.03291 0.191548 0.403599 0.778928 0.859635 0.213984 0.501766 0.469189 0.782234 0.836673 0.957514 0.444662 0.933222 1.00297 0.534931 0.923878 1.06401 0.733304 1.15059 0.809468 0.112101 0.657196 0.539072 0.670708 0.670126 1.14 0.438849 0.759348 0.894707 0.911612 0.184579 0.419414 0.320228 0.263461 0.490571 0.752213 0.869411 0.226763 0.490726 0.8333 0.336248 0.0892338 0.858406 0.580702 0.960688 0.325218 0.281126 0.799629 0.445481 0.387914 0.539414 0.779136 0.563434 0.968576 0.632194 0.512411 0.518964 0.91011 0.714522 0.777735 0.933725 1.02331 0.0960506 0.652442 0.398934 0.0652855 0.834815 0.0889966 0.618198 0.333512 0.675638 0.575494
0.32694 0.495179 0.235161 0.841622 0.27535 0.565949 0.831459 0.973336 0.0608362 0.517843 0.373296 0.654757 0.904527 0.923552 0.461748 0.950622 1.14207 0.449837 0.929226 1.12566 0.872065 0.921078 1.00175 0.30403 0.570624 0.593971 0.533594 0.854624 1.16578 0.182009 0.55316 0.73472 0.999479 0.0652792 0.236301 0.192474 0.286486 0.420172 0.853672 1.15441 0.183376 0.580439 0.747532 0.395304 0.203734 1.0379 0.704656 0.882989 0.530245 0.417478 0.779733 0.568809 0.380387 0.660018 0.815468 0.586166 1.11324 0.466531 0.546269 0.606005 0.922295 0.846161 0.749601 0.999562 0.870315 0.135063 0.681451 0.497826 0.344299 1.03463 0.0316854 0.66035 0.366912 0.571219 0.544993
0.470303 0.393156 0.1078 0.827755 0.195893 0.581366 0.710249 0.965904 0.26733 0.566564 0.27261 0.63724 0.835883 0.998916 0.535924 0.752549 1.12386 0.453161 0.854165 1.1248 0.752497 0.908074 0.822515 0.153002 0.703089 0.733412 0.532476 0.730476 1.13757 0.253254 0.745952 0.825718 0.89397 0.261901 0.332458 0.329253 0.130689 0.45014 0.683838 0.924917 0.318425 0.565456 0.710373 0.433667 0.284538 0.968293 0.599244 0.835355 0.29518 0.236136 0.819395 0.641002 0.40841 0.543042 0.805219 0.439207 1.20965 0.490809 0.408352 0.694566 0.823189 0.86313 0.750798 1.09822 1.01971 0.119251 0.470201 0.421126 0.331868 1.10835 0.273743 0.718449 0.582681 0.666361 0.408248
0.34319 0.491444 0.236611 0.793879 0.222272 0.476089 0.865419 0.90448 0.202347 0.556488 0.299048 0.851229 0.829309 0.953562 0.326827 0.849196 1.17319 0.606305 0.910668 0.951348 0.844659 0.895303 0.873694 0.0803127 0.757704 0.627043 0.544805 0.620952 1.134 0.220111 0.551398 0.8515 1.01393 0.334352 0.270569 0.382481 0.32041 0.378479 0.75536 1.16485 0.274331 0.566349 0.848546 0.37237 0.185951 1.01413 0.706367 0.875715 0.503394 0.329396 0.676959 0.617554 0.47287 0.581584 0.60367 0.464075 1.05879 0.64221 0.357069 0.497768 0.797142 0.638474 0.828533 1.07513 0.92716 0.274453 0.705473 0.398949 0.0725916 0.937484 0.242444 0.81192 0.448437 0.634115 0.470323
0.44783 0.618675 0.234247 1.01211 0.0969729 0.570459 0.622042 0.857021 0.118649 0.390471 0.351186 0.68404 0.806081 1.02676 0.577484 0.957123 1.05328 0.449041 0.919805 0.972068 0.60615 1.09392 0.970352 0.327109 0.82222 0.674674 0.609713 0.651694 1.12836 0.211764 0.554754 0.910154 1.13493 0.248451 0.272924 0.346361 0.125838 0.495232 0.84449 1.00328 0.225282 0.464958 0.74683 0.571553 0.33705 0.81693 0.536859 0.73943 0.528352 0.152908 0.595905 0.522545 0.278621 0.602291 0.73674 0.442366 1.18964 0.700849 0.380926 0.712302 0.905714 0.766497 0.733876 1.07458 0.933296 0.235603 0.522196 0.551966 0.20709 0.899596 0.0431373 0.746791 0.618742 0.696147 0.368851
0.443859 0.506349 0.0721274 0.766978 0.314881 0.38714 0.879756 0.782077 0.0900094 0.40976 0.452056 0.768678 0.891294 1.07159 0.471864 0.904086 1.12018 0.677402 0.983254 1.19736 0.715834 1.14489 0.822824 0.115185 0.577005 0.571866 0.551354 0.664754 1.07983 0.470067 0.559569 0.778555 1.04753 0.261736 0.440896 0.296014 0.232215 0.37321 0.630189 0.931454 0.156175 0.553645 0.887124 0.450341 0.26817 0.889714 0.450803 0.779192 0.536416 0.3947 0.712905 0.734871 0.335833 0.649252 0.838095 0.530205 1.01257 0.511395 0.263315 0.631575 0.840303 0.628164 0.580984 1.13332 0.898157 0.366916 0.616675 0.349881 0.203463 0.900443 0.158726 0.653026 0.525677 0.573834 0.57498
0.507215 0.463643 0.106648 0.893443 0.237413 0.409326 0.857486 1.0199 0.0253181 0.521947 0.276272 0.904076 0.703853 1.1528 0.43458 0.857667 1.04708 0.584022 0.854237 1.10693 0.614073 1.14131 0.899657 0.29206 0.727998 0.49775 0.525035 0.698163 0.962161 0.345989 0.598223 0.857365 1.11281 0.149135 0.268855 0.247143 0.115944 0.518789 0.879265 0.955486 0.198171 0.685863 0.681306 0.52212 0.327584 0.872506 0.590122 0.665748 0.522742 0.416282 0.549441 0.524455 0.479686 0.642742 0.85298 0.379737 1.1259 0.668406 0.442924 0.680705 0.810891 0.88231 0.663767 0.990367 0.902697 0.118616 0.727236 0.407122 0.263816 1.0301 0.192284 0.615531 0.560514 0.607148 0.406476
0.502376 0.632729 0.293123 0.797997 0.347431 0.402786 0.701074 1.0284 0.048219 0.507421 0.474775 0.827293 0.910342 1.16862 0.457654 0.719331 1.07207 0.545567 0.863914 1.20094 0.776019 1.1418 0.996982 0.258984 0.735388 0.439941 0.631951 0.641101 1.0382 0.235908 0.55679 0.739031 1.10664 0.277045 0.429074 0.134122 0.360584 0.629579 0.696283 1.12707 0.293527 0.489637 0.898377 0.350919 0.232158 0.936779 0.620127 0.820102 0.428322 0.415399 0.709752 0.714388 0.506397 0.58364 0.867352 0.36869 1.12052 0.621905 0.416299 0.529973 0.793901 0.617837 0.836621 0.94156 0.929411 0.245374 0.633805 0.496399 0.160538 0.960791 0.106958 0.725235 0.491583 0.741363 0.41265
0.274995 0.498721 0.216101 0.897912 0.209652 0.465501 0.649668 0.872988 0.151845 0.452807 0.381664 0.875804 0.744862 1.02766 0.362433 0.973955 1.00279 0.566173 0.832597 1.22637 0.78009 0.882021 0.876734 0.165951 0.76011 0.571943 0.536067 0.712183 1.11111 0.339396 0.74096 0.726525 1.03265 0.326446 0.213864 0.144696 0.220361 0.527971 0.669201 1.16242 0.213365 0.49638 0.777103 0.582765 0.257527 0.927852 0.589037 0.736919 0.267966 0.271178 0.566339 0.585256 0.474948 0.657352 0.681427 0.39298 1.12665 0.572957 0.403439 0.626007 0.930948 0.673052 0.863926 0.927745 1.05519 0.318911 0.492902 0.469165 0.160883 0.889618 0.28561 0.679959 0.386938 0.701792 0.399354
0.392223 0.359858 0.206561 0.929412 0.155865 0.370901 0.617661 0.851414 0.299746 0.433305 0.369549 0.814534 0.850897 1.17171 0.482569 0.789347 1.19031 0.669431 0.880166 0.986539 0.729868 1.09869 0.85772 0.181943 0.816373 0.610516 0.516711 0.710003 1.11151 0.410705 0.767554 0.727035 1.05039 0.239078 0.411946 0.347521 0.191187 0.402309 0.614441 1.01407 0.181354 0.685998 0.64767 0.376298 0.131388 0.987267 0.603874 0.668444 0.421784 0.412873 0.748121 0.566168 0.401096 0.742058 0.623924 0.593809 1.18573 0.53183 0.454355 0.615155 0.800371 0.872402 0.576948 0.985975 0.980796 0.341248 0.474436 0.364802 0.345958 1.08067 0.0837521 0.805806 0.613191 0.650507 0.358361
0.254301 0.633943 0.35536 0.769342 0.325326 0.416431 0.847271 0.849525 0.231061 0.340098 0.297497 0.803316 0.797227 1.07035 0.537783 0.791978 1.12761 0.413459 1.00631 1.0289 0.631379 0.89044 0.843205 0.269535 0.583269 0.503818 0.546512 0.670125 1.18191 0.282456 0.623197 0.818066 0.950625 0.199221 0.341178 0.334548 0.146134 0.388531 0.728736 0.962189 0.124735 0.624247 0.694775 0.42242 0.185993 0.995784 0.652091 0.858679 0.401001 0.275639 0.816823 0.523483 0.376923 0.557061 0.6923 0.384939 1.01732 0.552925 0.473575 0.67829 0.826794 0.847891 0.664718 1.06802 1.11839 0.303633 0.44773 0.272543 0.240468 0.870265 0.204219 0.614916 0.566832 0.756705 0.536102
0.477589 0.561884 0.168537 0.74432 0.11423 0.545405 0.661285 1.05688 0.039008 0.568334 0.481934 0.66469 0.859002 1.08822 0.424559 0.688205 1.01014 0.429398 0.930834 1.20836 0.903201 0.930364 0.959937 0.320727 0.732594 0.733059 0.586456 0.722089 1.10922 0.287946 0.807201 0.730581 0.944131 0.0744081 0.459083 0.377646 0.284152 0.370828 0.800453 1.03953 0.305867 0.584933 0.719081 0.325869 0.172592 0.907037 0.684918 0.914298 0.528046 0.304305 0.53863 0.488911 0.284731 0.49914 0.626769 0.534992 1.15675 0.692742 0.519819 0.530456 0.789178 0.673881 0.794234 0.869082 1.10318 0.198364 0.464934 0.33142 0.1626 1.10316 0.140785 0.596086 0.479646 0.567685 0.332032
0.375464 0.596125 0.180842 0.935264 0.206573 0.301742 0.889449 0.842876 0.0539586 0.392733 0.373472 0.673369 0.84617 1.20576 0.421441 0.692479 1.17553 0.64702 1.00645 1.03473 0.853069 1.04596 1.04966 0.23724 0.539129 0.533452 0.786908 0.820602 1.12578 0.363402 0.67572 0.967956 0.887586 0.256296 0.207931 0.245702 0.170321 0.542142 0.779802 0.910077 0.301567 0.609889 0.904163 0.388227 0.277185 0.788939 0.667965 0.707783 0.31111 0.292741 0.660355 0.495622 0.327867 0.590865 0.790647 0.508002 0.964265 0.65103 0.26749 0.548872 0.954614 0.786608 0.765143 0.855044 0.974106 0.331529 0.458499 0.295428 0.249992 0.992984 0.130892 0.62046 0.542946 0.625078 0.419698
