25 75
1.02536 0.667089 0.680593 1.2367 0.893314 0.939062 0.39363 0.921121 1.17105 0.830164 0.943574 0.523945 0.92406 0.844173 1.1184 0.846641 1.06555 0.600704 0.217497 0.59676 0.476773 0.60322 0.487085 0.6316 0.327284 0.746415 0.288882 0.963263 0.350188 0.699662 0.53569 1.11082 0.57473 0.297715 0.749569 0.837223 1.16197 0.561298 0.681765 1.06613 0.325931 1.08732 0.54506 1.02867 0.369051 0.517737 0.607826 0.289367 0.951486 0.889256 0.737173 0.330822 0.192322 1.21638 0.287316 0.0991968 0.346208 0.452096 0.690633 0.0629972 0.245567 1.18869 0.0559842 0.615199 0.160074 1.0017 0.463088 0.37043 0.736442 0.42398 0.742654 0.213082 0.502538 0.546838 0.135838
1.05288 0.810152 0.579217 1.15093 1.04517 1.06896 0.546421 1.00865 1.02247 0.698109 1.04844 0.565916 0.63611 0.990104 1.07927 0.850718 0.945239 0.694214 0.225427 0.384474 0.439108 0.866856 0.22783 0.64745 0.363011 0.782446 0.257854 0.793936 0.437597 0.718256 0.50614 0.974962 0.380013 0.148532 0.682207 0.78245 1.13829 0.74672 0.771097 1.05116 0.310223 1.0547 0.749985 0.85095 0.192568 0.510712 0.734982 0.241909 0.795837 0.744746 0.769935 0.457232 0.36126 1.08195 0.269763 0.315041 0.234117 0.274015 0.891224 0.0726663 0.195992 1.13872 0.201015 0.640821 0.111635 0.989195 0.658454 0.544882 0.558957 0.429062 0.683728 0.247579 0.457324 0.530577 0.197984
1.19116 0.69976 0.654786 1.27718 0.876916 0.824575 0.304859 0.891273 0.950485 0.826157 1.17961 0.655838 0.777715 0.849365 0.969905 0.873253 0.958396 0.67215 0.154831 0.40821 0.340587 0.766621 0.282183 0.442929 0.399708 0.765132 0.489402 0.72051 0.258953 0.663773 0.660518 1.2522 0.478122 0.150468 0.581552 0.789481 1.034 0.638012 0.762957 1.10304 0.386759 0.975085 0.767523 0.877338 0.277188 0.440594 0.659056 0.10143 0.744209 0.792407 0.856348 0.60454 0.231099 1.05285 0.270296 0.141058 0.298097 0.254532 0.743527 0.0915461 0.179721 1.19297 0.0884737 0.713459 0.183843 1.04101 0.718656 0.561683 0.500664 0.372432 0.852781 0.361826 0.404277 0.577126 0.145942
1.03544 0.937558 0.461937 1.28847 0.957726 0.955989 0.576338 0.96393 1.07241 0.892654 1.17249 0.567171 0.709194 1.00469 1.13161 1.00341 0.815162 0.606951 0.40257 0.554741 0.457489 0.80463 0.422466 0.549505 0.470103 0.623376 0.35504 0.92826 0.275041 0.675836 0.550473 1.13072 0.56507 0.062843 0.536438 0.803302 1.28382 0.592073 0.851966 1.24843 0.395952 1.04703 0.499228 0.886216 0.161207 0.4759 0.825842 0.16971 0.906622 0.765328 0.814297 0.492639 0.158029 1.2321 0.338435 0.147814 0.396472 0.531467 0.69477 0.26622 0.387583 1.07891 0.0783923 0.793425 0.14603 1.00323 0.733645 0.428139 0.631581 0.374571 0.861258 0.324714 0.388672 0.443754 0.276516
1.2009 0.845243 0.652548 1.23504 1.05703 1.01682 0.434567 1.01181 1.08316 0.699737 1.16653 0.741038 0.845982 0.879503 1.07767 0.836866 1.05711 0.682624 0.379504 0.444467 0.402433 0.689568 0.35493 0.590854 0.260731 0.788328 0.244397 0.779524 0.437748 0.736457 0.535403 1.13699 0.516485 0.0827067 0.656974 0.808478 1.10637 0.604521 0.842777 1.13057 0.421341 0.964436 0.527286 0.983059 0.24816 0.455831 0.810296 0.264447 0.935889 0.961614 0.742541 0.423514 0.367912 1.16068 0.3308 0.249117 0.325411 0.352462 0.833306 0.237624 0.336999 0.920603 0.0762519 0.568307 0.170802 0.854463 0.549486 0.459352 0.583752 0.47203 0.730832 0.32644 0.341658 0.415173 0.0778746
1.21355 0.772023 0.597242 1.2568 1.10185 1.07037 0.298496 0.906854 1.14007 0.671439 1.03566 0.52579 0.816165 1.04832 1.09271 0.897572 0.847544 0.857872 0.356599 0.446342 0.317745 0.751818 0.358726 0.415514 0.535713 0.812793 0.242825 0.760821 0.342694 0.613648 0.511966 0.964627 0.337611 0.095728 0.467011 0.759527 1.03743 0.535134 0.803048 1.26293 0.31762 1.08399 0.771589 0.968899 0.41709 0.444588 0.59016 0.171827 0.940921 0.926542 0.722725 0.460778 0.393018 1.16196 0.312342 0.288986 0.347057 0.311438 0.606852 0.299516 0.408692 0.934185 0.331211 0.706929 0.281762 0.886613 0.628262 0.417094 0.573262 0.283153 0.934988 0.120159 0.489447 0.582509 0.183838
1.19965 0.870801 0.550818 1.21243 1.11094 0.831272 0.393161 0.965534 1.0915 0.629125 1.20816 0.698164 0.75841 0.988391 1.18573 1.06792 0.920821 0.864183 0.389945 0.437127 0.421501 0.621258 0.328267 0.419192 0.517784 0.582782 0.42052 0.707865 0.432118 0.499856 0.572964 1.16803 0.355622 0.018629 0.636941 0.830154 1.05046 0.626853 0.894715 1.27779 0.375948 0.977554 0.558647 1.00642 0.225109 0.444055 0.706831 0.158202 0.857804 0.697425 0.83302 0.603502 0.398228 1.25269 0.100367 0.289897 0.123231 0.366925 0.644321 0.26899 0.312674 0.962982 0.145247 0.695727 0.327805 1.03097 0.553257 0.546069 0.501341 0.341899 0.833804 0.347792 0.248756 0.485952 0.123718
0.980945 0.773761 0.513969 1.00533 0.834217 0.861018 0.460653 1.12529 0.927426 0.644473 0.949254 0.651356 0.790987 0.899339 1.08219 0.939826 0.900715 0.748044 0.156993 0.534959 0.496875 0.643017 0.469572 0.570107 0.499335 0.705901 0.453884 0.714389 0.273325 0.739306 0.599705 1.10791 0.562943 0.0246868 0.686322 0.783727 1.0715 0.768271 0.907956 1.02824 0.472638 1.16213 0.61918 0.900163 0.203639 0.656168 0.798722 0.221632 0.937017 0.87351 0.755627 0.382973 0.256995 1.20502 0.262321 0.307517 0.331875 0.54715 0.775112 0.149236 0.406964 1.01524 0.0993614 0.614051 0.288775 0.931437 0.602828 0.592093 0.635763 0.491697 0.813118 0.0862921 0.496786 0.360068 0.218377
1.17449 0.714553 0.481729 1.04427 1.09298 0.990275 0.307129 1.02108 1.06353 0.644305 1.04986 0.789477 0.866874 1.02883 1.06757 0.915698 0.800941 0.870699 0.19914 0.434994 0.390368 0.896922 0.437271 0.641036 0.469587 0.622392 0.430704 0.943461 0.393779 0.623911 0.728064 1.02594 0.592765 0.159136 0.657246 0.823934 1.06135 0.730303 0.917307 1.02639 0.298831 1.04534 0.747822 0.955949 0.396457 0.637966 0.755752 0.104086 0.797005 0.923715 0.777691 0.605976 0.276102 1.04095 0.217664 0.215253 0.215774 0.261908 0.626567 0.107963 0.237788 0.99051 0.264768 0.549879 0.326644 1.01418 0.551612 0.367513 0.699428 0.392785 0.836878 0.161324 0.358242 0.390079 0.150006
0.95219 0.818841 0.450074 1.03377 1.01279 0.928428 0.519189 0.958995 0.988608 0.897548 1.05865 0.747023 0.761446 0.824358 1.16601 1.02686 1.0787 0.814834 0.252809 0.390876 0.472 0.86018 0.300066 0.653153 0.41657 0.767821 0.483211 0.956443 0.380506 0.734045 0.533435 0.959891 0.371833 0.0933082 0.526812 0.696689 1.2739 0.536609 0.644163 1.17455 0.370073 0.983825 0.643363 0.969655 0.140171 0.643845 0.592587 0.302703 0.846396 0.894644 0.717441 0.441686 0.228756 1.00448 0.0493302 0.103924 0.186798 0.331752 0.770288 0.127553 0.400939 1.11144 0.0876149 0.789755 0.385857 0.798713 0.486039 0.378227 0.615119 0.452869 0.734446 0.178222 0.252645 0.594901 0.127701
1.00579 0.772021 0.498901 1.14731 0.982032 0.886456 0.340729 0.863686 1.1092 0.614997 1.17774 0.790474 0.818947 0.920131 1.03393 0.78067 0.858578 0.58816 0.165587 0.37828 0.380519 0.838905 0.386315 0.438769 0.294663 0.658227 0.29564 0.927911 0.272066 0.509541 0.569131 1.05029 0.592136 0.0457049 0.486613 0.896144 1.20969 0.807655 0.662629 1.19716 0.516788 1.1674 0.67961 0.948814 0.361413 0.427131 0.599326 0.184466 0.854931 0.836852 0.854546 0.558426 0.195146 1.22771 0.254786 0.225898 0.203515 0.409329 0.712634 0.0519469 0.35494 0.923784 0.0869258 0.798038 0.263475 0.815475 0.621999 0.481418 0.74584 0.315895 0.928277 0.340018 0.295992 0.442535 0.189127
1.19 0.74813 0.617904 1.25731 0.899634 1.07502 0.473436 1.04151 1.00126 0.819103 1.21857 0.719555 0.705315 0.957929 0.947584 0.858542 0.980011 0.825634 0.256637 0.412352 0.474837 0.633451 0.221681 0.507648 0.412273 0.644324 0.429307 0.771554 0.30763 0.63912 0.738601 0.993046 0.592037 0.225374 0.472103 0.78801 1.27846 0.666524 0.75594 1.22039 0.561449 1.08092 0.665629 0.939986 0.172619 0.494441 0.662815 0.178438 0.847882 0.768238 0.761159 0.589001 0.381264 1.19697 0.207145 0.185933 0.25596 0.255818 0.681932 0.150268 0.239156 1.1874 0.32509 0.558684 0.216224 0.9791 0.470599 0.374224 0.747459 0.374619 0.720888 0.150888 0.487777 0.476185 0.0211255
1.14724 0.873486 0.542994 1.08367 0.957624 1.06535 0.362121 1.0955 0.949561 0.611282 1.1163 0.563048 0.717853 0.912137 1.11353 0.937817 0.936617 0.688753 0.243249 0.514859 0.493744 0.73071 0.388196 0.589912 0.43268 0.544752 0.292214 0.77823 0.187643 0.615849 0.617235 1.08035 0.368534 0.0285033 0.593823 0.781656 1.2347 0.766781 0.676672 1.25063 0.388124 1.0491 0.746078 0.932538 0.165448 0.476147 0.817404 0.21896 0.788087 0.834962 0.797251 0.331472 0.230067 1.05174 0.101315 0.302486 0.347857 0.256867 0.774907 0.187063 0.354197 1.14008 0.179217 0.673329 0.297717 0.881112 0.729692 0.55266 0.69406 0.261477 0.948443 0.218987 0.462035 0.352072 0.0841798
1.11037 0.675555 0.503697 1.25003 0.865834 1.04587 0.542741 0.862209 1.17635 0.674075 1.09595 0.570925 0.703611 1.0311 1.24044 0.938953 0.847931 0.654969 0.138901 0.599176 0.483905 0.815511 0.326457 0.576723 0.251145 0.761945 0.25966 0.877073 0.44285 0.586954 0.596752 1.10545 0.336294 0.262633 0.686276 0.77725 1.0233 0.578385 0.679112 1.12204 0.429129 1.03885 0.507516 1.02277 0.421566 0.651465 0.673027 0.291247 0.816944 0.820984 0.938035 0.405131 0.376839 1.11848 0.162446 0.220373 0.186706 0.496427 0.757046 0.152614 0.36164 1.09506 0.0506709 0.529872 0.366219 0.792523 0.492325 0.412575 0.507609 0.362016 0.719266 0.298616 0.235786 0.487224 0.177669
1.01242 0.789118 0.686531 1.24075 1.03393 0.837265 0.469426 0.987902 1.15478 0.701922 0.94893 0.810319 0.762951 0.874574 1.13752 0.794691 0.959208 0.60913 0.180414 0.664263 0.57464 0.69992 0.321541 0.623958 0.433964 0.756731 0.395547 0.774302 0.364037 0.561008 0.4859 1.03516 0.521621 0.0918233 0.720268 0.861453 1.27141 0.69926 0.706577 1.24281 0.570662 1.22252 0.625399 1.09706 0.16661 0.467964 0.628888 0.380848 0.884647 0.958574 0.659985 0.558797 0.333737 1.16829 0.201282 0.210165 0.231588 0.409784 0.758615 0.115643 0.153008 0.92853 0.0713207 0.705596 0.181356 0.806402 0.528897 0.355225 0.681294 0.478389 0.704822 0.343476 0.503699 0.594775 0.00948468
1.10332 0.892609 0.434071 1.02416 1.10015 0.972251 0.470102 1.07801 0.926716 0.708074 1.11518 0.637687 0.664363 1.00022 1.00099 0.819967 1.03436 0.640841 0.318118 0.590686 0.531326 0.76495 0.322268 0.63711 0.268636 0.726013 0.476477 0.792175 0.243945 0.632441 0.650075 1.21888 0.508785 0.0830997 0.697306 0.842495 1.06263 0.580232 0.761145 1.27451 0.40266 1.01394 0.701966 0.836035 0.32452 0.622914 0.693235 0.111134 0.974667 0.705707 0.694339 0.567172 0.173653 1.05465 0.238327 0.273589 0.106523 0.385882 0.689115 0.192691 0.110537 1.17516 0.0867854 0.724627 0.15809 0.877568 0.60414 0.472422 0.491141 0.308614 0.948405 0.289823 0.23027 0.606031 0.263499
1.1664 0.824173 0.528073 1.10994 0.935567 0.875158 0.556255 1.1387 1.15386 0.813326 1.03957 0.607085 0.907934 0.773398 1.21565 0.92843 1.02706 0.668403 0.155221 0.537016 0.419961 0.729119 0.407082 0.657232 0.286518 0.780435 0.244801 0.767108 0.258601 0.748901 0.758601 1.02213 0.515915 0.163464 0.590598 0.837532 1.29533 0.586841 0.713846 1.14412 0.402392 1.11602 0.762892 0.835323 0.379985 0.590095 0.635162 0.24947 0.846338 0.783272 0.681069 0.585179 0.16983 1.18784 0.275169 0.17258 0.338695 0.261426 0.721558 0.138901 0.255935 1.07374 0.143499 0.655857 0.280175 0.934096 0.525838 0.621972 0.652953 0.461213 0.875859 0.2149 0.361524 0.48274 0.195967
0.981651 0.821833 0.644441 1.00032 1.07359 1.08511 0.33757 0.958351 1.07581 0.824209 1.03941 0.765294 0.802704 1.05213 1.11756 1.00023 0.791946 0.751147 0.295978 0.459643 0.415244 0.730606 0.365103 0.583856 0.261158 0.805677 0.28746 0.812805 0.169627 0.575079 0.655256 1.1745 0.352727 0.0336039 0.747266 0.842868 1.04286 0.809017 0.756246 1.24073 0.543709 0.976308 0.611768 0.982431 0.160123 0.509574 0.746167 0.342634 0.790119 0.753828 0.827508 0.479223 0.436038 1.2714 0.17629 0.32944 0.380822 0.385923 0.651942 0.271265 0.270181 1.10772 0.201443 0.77718 0.240795 0.848936 0.636776 0.633507 0.723602 0.265153 0.778162 0.0875034 0.425003 0.553033 0.189322
1.22698 0.797388 0.462219 1.2472 1.09883 1.0966 0.374821 0.968048 1.10565 0.858991 1.08466 0.731079 0.756696 0.887344 0.977136 0.970187 0.914109 0.810654 0.140051 0.511286 0.476632 0.742441 0.331497 0.494544 0.383726 0.543045 0.356499 0.784381 0.414725 0.659184 0.687326 1.25336 0.436854 0.307408 0.625502 0.752005 1.24037 0.67092 0.720356 1.24985 0.44441 1.21478 0.772621 0.980365 0.247271 0.523283 0.732875 0.275177 0.972851 0.826016 0.796479 0.600764 0.193824 1.0619 0.0986424 0.283012 0.239542 0.430624 0.826478 0.193466 0.297569 1.03406 0.174503 0.600698 0.348989 0.972627 0.528887 0.571914 0.594662 0.515666 0.670285 0.339547 0.513271 0.575518 0.155214
1.1167 0.860917 0.593641 1.21452 0.86682 1.06666 0.384447 0.881511 1.15454 0.730339 1.08014 0.53998 0.752367 0.801907 1.20086 1.0647 0.997587 0.81591 0.324115 0.531245 0.452185 0.797165 0.382043 0.523808 0.259979 0.765621 0.412086 0.91449 0.45027 0.648163 0.481523 1.23045 0.483373 0.211918 0.679192 0.750754 1.06993 0.627337 0.72394 1.26455 0.522301 1.19979 0.694145 0.872242 0.200855 0.536995 0.848392 0.222821 0.998502 0.721636 0.941612 0.506397 0.257152 1.10295 0.165018 0.089853 0.204764 0.541142 0.830948 0.0309675 0.377969 1.05881 0.276311 0.68757 0.284257 0.933598 0.486671 0.469116 0.754601 0.524223 0.750043 0.257099 0.257846 0.416668 0.110122
1.16246 0.677321 0.566173 1.26172 1.06277 1.0194 0.568253 1.05562 0.923028 0.64202 1.15505 0.769945 0.709038 1.02978 1.08664 0.936231 0.838453 0.689547 0.195629 0.577889 0.564098 0.781802 0.299808 0.612902 0.514917 0.591715 0.425139 0.974967 0.407266 0.497406 0.645317 1.02448 0.439158 0.261872 0.643836 0.742836 1.00906 0.665803 0.885721 1.13784 0.300041 1.09281 0.784194 1.08321 0.224188 0.385691 0.686036 0.2796 0.970418 0.862829 0.672449 0.580979 0.372456 1.12168 0.0958266 0.250758 0.12887 0.299766 0.859821 0.30898 0.155191 0.93393 0.0507654 0.637916 0.303724 0.794721 0.596944 0.558534 0.611946 0.287689 0.723036 0.322498 0.399632 0.470151 0.0790877
1.03274 0.672616 0.514146 1.09823 0.988849 1.09573 0.30705 1.13545 0.941291 0.881618 1.21474 0.62147 0.892084 0.970657 1.03075 1.01625 0.79466 0.812354 0.13415 0.636787 0.434751 0.64322 0.424228 0.581545 0.427763 0.794918 0.233426 0.804644 0.422517 0.540695 0.647508 1.02784 0.401353 0.244949 0.588273 0.7419 1.10451 0.693466 0.785626 1.09851 0.498967 1.18857 0.579621 0.977668 0.15011 0.442969 0.733525 0.354432 0.956113 0.733166 0.724522 0.621332 0.359527 1.26213 0.198077 0.0713411 0.13889 0.416438 0.892126 0.299872 0.155631 1.16698 0.249251 0.521434 0.386694 0.811732 0.463405 0.485851 0.502278 0.50182 0.831641 0.150823 0.316639 0.623323 0.232629
1.0969 0.802394 0.492221 1.20151 1.07714 1.07047 0.306496 1.02921 1.07591 0.702737 1.05241 0.725681 0.736834 0.939532 1.13577 0.778288 0.855575 0.643021 0.218102 0.542196 0.37586 0.662819 0.492824 0.519502 0.328781 0.765404 0.279806 0.788327 0.42536 0.563102 0.626225 1.13927 0.395651 0.113318 0.723105 0.787961 1.21634 0.740873 0.690824 1.11432 0.472015 1.14434 0.726642 0.974772 0.331109 0.377517 0.876902 0.183165 1.01556 0.677584 0.700669 0.589819 0.281917 1.11411 0.295809 0.0845982 0.179654 0.526782 0.781156 0.247176 0.387657 1.10156 0.179579 0.767658 0.321802 0.803703 0.735409 0.529178 0.596503 0.305889 0.898851 0.184629 0.465627 0.466119 0.252681
0.964087 0.885181 0.463284 1.23655 0.841538 0.946775 0.526034 1.0968 1.15642 0.769719 1.01176 0.764502 0.770588 1.06253 1.05561 1.03438 1.08763 0.631034 0.162639 0.429774 0.388968 0.724417 0.250969 0.659286 0.292278 0.629074 0.342045 0.837324 0.345779 0.495686 0.473587 1.17732 0.580524 0.147856 0.4717 0.77259 1.28196 0.80807 0.722267 1.13547 0.531395 1.04608 0.746165 0.966532 0.434786 0.592437 0.684603 0.142374 0.83218 0.815444 0.768012 0.340518 0.301663 1.25391 0.071843 0.319531 0.135126 0.292493 0.774125 0.10625 0.266848 1.15663 0.224012 0.755551 0.366318 1.04247 0.680583 0.488313 0.632256 0.369287 0.750602 0.15249 0.243993 0.581796 0.279743
1.0011 0.8355 0.650393 1.18398 0.837284 1.03415 0.541872 0.903895 1.03641 0.803717 1.2275 0.590584 0.671462 1.007 1.22562 1.06145 1.00342 0.703015 0.234511 0.473419 0.538552 0.710411 0.457215 0.619134 0.423313 0.545242 0.22935 0.947735 0.413558 0.731732 0.550062 1.22761 0.548419 0.0204008 0.561283 0.910869 1.14689 0.80639 0.676089 1.15044 0.533827 1.06664 0.596743 0.927659 0.146673 0.620053 0.692991 0.342442 0.903567 0.722045 0.70553 0.555993 0.298325 1.25238 0.139585 0.20485 0.170677 0.392878 0.728746 0.319332 0.319184 1.04972 0.0523261 0.567544 0.363211 0.84252 0.600512 0.515932 0.645401 0.283411 0.817405 0.139966 0.220494 0.41631 0.279164
