25 75
0.284626 0.719963 0.165562 0.297372 0.63916 0.605808 0.836047 0.277305 0.470729 0.516024 0.710502 0.467017 0.867329 0.593704 0.777492 0.414908 0.184173 0.179412 0.986764 0.528412 0.676297 0.598411 0.446028 0.57316 0.982128 0.302507 0.849625 1.10239 0.444322 0.281095 0.140302 0.443948 0.137383 0.877756 1.10075 0.417762 0.414457 0.223702 0.146208 0.507979 0.822316 0.344619 0.243273 0.0421978 0.777693 0.276007 0.975326 1.05562 0.671265 0.762634 0.963067 1.02788 0.409586 0.884997 0.339683 0.339287 0.111528 0.337598 0.901493 0.927056 0.951568 0.990314 1.05238 1.05442 0.270002 0.0452968 0.157375 0.219773 0.710478 1.13407 0.394802 0.337169 0.979251 0.685366 0.186768
0.311261 0.917232 0.25472 0.235833 0.804499 0.71097 0.71366 0.508296 0.430757 0.583005 0.807886 0.238496 0.985773 0.411358 0.883942 0.466584 0.225766 0.0586042 0.955503 0.625426 0.688713 0.646845 0.273729 0.586888 0.932177 0.195607 1.03001 1.02503 0.273946 0.469268 0.101293 0.481681 0.208055 0.778946 1.16575 0.432297 0.576508 0.103204 0.119445 0.398403 0.985526 0.274024 0.260724 0.133762 0.799076 0.409346 0.980657 0.972468 0.757943 0.787425 1.07675 1.04303 0.193704 1.01362 0.429685 0.526157 0.119381 0.393977 0.896775 0.939437 0.71923 0.967237 1.16124 1.06416 0.160876 0.205345 0.0988461 0.07936 0.525685 0.986172 0.420563 0.600492 0.989984 0.767187 0.334803
0.433319 0.94682 0.223627 0.245029 0.806201 0.688663 0.884988 0.479652 0.498496 0.69505 0.790851 0.386095 0.826537 0.578644 0.64549 0.258007 0.0979179 0.170235 0.940212 0.563211 0.716617 0.6244 0.382004 0.517968 0.891352 0.232094 1.0831 0.973364 0.39187 0.205447 0.332635 0.556735 0.106566 0.919075 1.2416 0.37795 0.466181 0.322363 0.290863 0.561084 0.788895 0.252239 0.344598 0.0338578 0.866279 0.444403 0.960269 0.936074 0.710434 0.548838 0.997516 1.16579 0.393551 0.880596 0.248606 0.610113 0.291121 0.14625 0.785026 0.967034 0.781207 1.21112 1.04814 1.08136 0.15815 0.0595866 0.289433 0.201812 0.622315 0.92601 0.464805 0.423462 0.987308 0.728686 0.259524
0.449253 0.816674 0.325332 0.28358 0.583873 0.567976 0.717565 0.282923 0.569637 0.705002 0.574877 0.399115 0.80131 0.346973 0.727807 0.39796 0.112563 0.148662 1.04157 0.613422 0.709981 0.735248 0.239146 0.496495 0.962715 0.256272 1.03059 1.07119 0.275613 0.490774 0.0928732 0.484974 0.309011 0.783775 1.20475 0.388396 0.516718 0.241101 0.317817 0.616904 0.863789 0.54077 0.33547 0.154565 0.851749 0.354788 0.868041 0.853221 0.713623 0.651867 1.05507 1.00643 0.398783 0.992319 0.382585 0.350549 0.14634 0.340065 0.768122 0.954262 0.948869 1.12184 1.02868 1.06135 0.437963 0.203668 0.292941 0.0735189 0.692679 0.897006 0.436023 0.446578 1.06467 0.765373 0.20097
0.480678 0.89587 0.391579 0.195824 0.703891 0.460978 0.700464 0.423168 0.618749 0.642571 0.744549 0.356745 0.840586 0.516121 0.654609 0.485252 0.324799 0.222732 0.908809 0.47058 0.691505 0.589218 0.397515 0.370515 0.921422 0.181722 0.842162 1.10881 0.426364 0.330024 0.105441 0.371815 0.287524 0.894627 1.23683 0.359685 0.466498 0.102387 0.10958 0.367093 0.899513 0.384195 0.134332 0.0469751 0.786987 0.209344 0.833757 0.893802 0.492703 0.703025 1.02649 1.10768 0.198583 1.15544 0.273551 0.430097 0.239044 0.368366 0.883422 0.851875 0.762413 0.992652 1.22958 0.933475 0.299962 0.190662 0.14203 0.0587804 0.564172 0.926307 0.531024 0.404141 1.11341 0.841744 0.341784
0.516128 0.995312 0.272237 0.0714468 0.59268 0.685684 0.87494 0.535911 0.652104 0.601008 0.698938 0.230696 0.988636 0.405386 0.593812 0.218865 0.220327 0.0779351 0.874097 0.712705 0.487815 0.539277 0.305689 0.503681 0.943111 0.318044 0.999629 1.17221 0.330727 0.236493 0.171394 0.387807 0.125939 0.823895 1.21998 0.595521 0.600453 0.251483 0.265884 0.331904 0.772891 0.328346 0.234357 0.208287 0.771327 0.204463 0.989685 1.04237 0.596592 0.67038 1.17077 1.16631 0.197064 1.07615 0.407369 0.396226 0.356229 0.353851 0.639427 1.04969 1.00017 1.20235 1.15518 1.18961 0.182506 0.28034 0.173857 0.102918 0.679335 1.00718 0.564816 0.381269 1.0546 0.601253 0.293087
0.321079 0.969103 0.298588 0.0516566 0.551055 0.588844 0.76824 0.558992 0.659543 0.507168 0.590835 0.48614 0.830972 0.54716 0.591317 0.40252 0.0769008 0.0812447 0.973098 0.53898 0.554167 0.739178 0.44067 0.355988 0.91983 0.313097 1.01783 1.09157 0.289972 0.34105 0.229691 0.388284 0.226805 1.04999 1.13244 0.594897 0.377921 0.0444025 0.108023 0.452031 0.921006 0.253652 0.195377 0.120378 0.753686 0.203255 1.1036 1.02832 0.557147 0.684106 1.18019 0.990874 0.383909 1.07058 0.265185 0.563233 0.136042 0.367591 0.825372 0.995981 0.725484 1.18885 1.041 1.10554 0.440534 0.318814 0.219835 0.150174 0.536114 0.974763 0.628819 0.596714 0.974321 0.619101 0.35033
0.312592 0.865451 0.350914 0.185578 0.696596 0.563418 0.733738 0.316302 0.576428 0.772518 0.78116 0.337642 0.831289 0.391787 0.841156 0.321906 0.258336 0.137101 0.873124 0.414106 0.57747 0.71128 0.31724 0.516608 1.03129 0.316966 0.922926 0.963277 0.524054 0.235364 0.0810899 0.408975 0.0519857 0.828457 1.05048 0.358292 0.49973 0.105529 0.284074 0.49315 0.862014 0.465097 0.137695 0.0968863 0.680924 0.295097 0.950857 0.848123 0.580934 0.679448 1.17014 1.12582 0.342719 0.911078 0.225535 0.422399 0.192956 0.190337 0.907498 0.943514 0.849807 1.24778 0.951948 0.986128 0.323689 0.260524 0.101252 0.0719563 0.756822 1.04735 0.531697 0.602936 1.11371 0.768343 0.184899
0.378028 0.789363 0.132031 0.176295 0.600891 0.443554 0.88662 0.38462 0.641101 0.654227 0.804288 0.430494 1.00252 0.519311 0.806408 0.31346 0.32646 0.293754 0.866907 0.503869 0.563313 0.730705 0.302067 0.491163 1.05042 0.449695 1.02159 0.992045 0.482044 0.401066 0.133456 0.428693 0.242227 1.01583 0.99933 0.535935 0.33642 0.0713183 0.214224 0.562703 0.918146 0.294893 0.294289 0.322217 0.865107 0.250984 0.865915 0.8672 0.630508 0.757622 1.18827 1.02249 0.447987 0.942611 0.315545 0.596219 0.10944 0.382312 0.637954 0.829765 0.851271 1.22112 1.21383 0.978995 0.380639 0.0946083 0.277621 0.252244 0.68905 1.04615 0.420526 0.588566 0.965099 0.765658 0.218008
0.483852 0.866595 0.218493 0.282172 0.69028 0.588135 0.851716 0.297215 0.656941 0.531395 0.712186 0.317821 0.792989 0.465697 0.83908 0.349384 0.154846 0.29034 1.04269 0.445297 0.543937 0.648139 0.318023 0.593149 1.11422 0.205289 0.975028 0.964407 0.513494 0.420475 0.207582 0.638104 0.208125 0.919164 1.12325 0.551394 0.591074 0.164647 0.196028 0.433892 1.06142 0.516172 0.350485 0.154358 0.695904 0.483919 1.10727 0.822213 0.749855 0.597356 1.21165 1.14326 0.375254 0.895621 0.415563 0.507205 0.186224 0.350715 0.750671 0.893571 0.799867 1.02269 0.987258 1.10708 0.316345 0.140328 0.170076 0.0607183 0.599845 1.14625 0.507673 0.559424 1.14383 0.716779 0.186934
0.371438 0.71202 0.398915 0.204741 0.607695 0.715991 0.764288 0.536079 0.496379 0.726702 0.609874 0.21149 0.716111 0.495068 0.789454 0.41304 0.261825 0.046249 1.01918 0.447114 0.580512 0.545969 0.436264 0.609402 1.04963 0.222211 0.866161 1.07204 0.270979 0.32047 0.331869 0.441216 0.317683 0.771838 1.14677 0.357851 0.570916 0.0457195 0.236773 0.347764 0.842943 0.241555 0.192749 0.16216 0.828819 0.429105 1.06593 1.01487 0.654772 0.592311 1.15261 0.941852 0.452072 1.15688 0.294181 0.563592 0.373405 0.277965 0.621613 0.83039 0.776678 1.15684 1.21231 1.11943 0.373815 0.325263 0.334289 0.343013 0.651362 0.916083 0.612996 0.383503 1.08663 0.770407 0.210471
0.337666 0.872108 0.400293 0.215521 0.757402 0.640713 0.729626 0.407557 0.581188 0.556821 0.677379 0.271249 0.922598 0.542874 0.592748 0.256456 0.079428 0.125221 1.02633 0.577545 0.459604 0.694926 0.212644 0.576012 1.07396 0.342361 0.869218 1.19018 0.513394 0.228081 0.236807 0.378883 0.036346 0.817974 1.24957 0.356132 0.397682 0.240027 0.22991 0.594568 0.99723 0.381828 0.217713 0.0743096 0.761893 0.378748 1.12606 0.937208 0.72048 0.606605 1.13147 0.964911 0.398791 1.1597 0.297725 0.489629 0.280516 0.411907 0.894779 0.878291 0.771615 1.216 1.22746 0.994313 0.238896 0.215126 0.235461 0.0941099 0.672797 0.946233 0.668478 0.401054 1.16955 0.637084 0.413774
0.501552 0.989473 0.286263 0.145893 0.639643 0.687262 0.806667 0.50033 0.399632 0.754131 0.684597 0.343239 0.911093 0.444392 0.794275 0.202167 0.090021 0.246048 0.911983 0.544965 0.616163 0.765966 0.383965 0.617736 1.03399 0.266896 1.0249 0.975904 0.268247 0.250211 0.275183 0.382604 0.0221139 0.875621 1.24791 0.543304 0.497027 0.298435 0.152542 0.442849 0.795433 0.391335 0.396374 0.181547 0.944887 0.266751 0.858916 0.877045 0.507113 0.657372 0.979588 1.10116 0.196798 0.954061 0.437637 0.544319 0.313821 0.230931 0.805451 0.790917 0.898159 0.977805 1.13991 1.11571 0.405619 0.243066 0.129477 0.265372 0.537674 0.982032 0.581628 0.58454 0.980814 0.793134 0.207975
0.319653 0.709505 0.267631 0.0589401 0.574344 0.559378 0.753814 0.386867 0.607128 0.549813 0.679511 0.340879 1.00317 0.370723 0.712162 0.281522 0.177524 0.274413 1.05881 0.572218 0.468505 0.737968 0.45434 0.566744 1.03583 0.291857 1.05489 1.14172 0.415519 0.354009 0.149856 0.366151 0.146806 0.841222 1.09583 0.363966 0.425031 0.0900607 0.236837 0.628775 0.821266 0.318693 0.171828 0.144538 0.820718 0.4316 1.00893 0.85572 0.609477 0.814575 1.0227 0.937881 0.173471 1.02483 0.294614 0.60456 0.278822 0.306442 0.888502 0.917996 0.847988 1.11221 1.03872 1.11267 0.287291 0.293854 0.188053 0.188925 0.631413 0.976124 0.544326 0.315639 1.13343 0.84047 0.394412
0.372491 0.970106 0.377082 0.246743 0.612804 0.535068 0.849634 0.447665 0.440291 0.550206 0.803724 0.247287 0.794649 0.50792 0.860258 0.365482 0.214325 0.102258 0.918894 0.507549 0.644466 0.614626 0.400326 0.647327 1.10261 0.38128 1.0885 0.973911 0.412876 0.22297 0.0943813 0.36413 0.218959 1.0186 1.19177 0.473568 0.5459 0.0461406 0.212754 0.359955 1.04273 0.283393 0.30673 0.310596 0.711886 0.465725 0.922534 0.886378 0.476268 0.739304 1.08878 1.0296 0.394519 1.09171 0.430832 0.450695 0.134601 0.38895 0.633008 0.872428 0.775526 1.06639 1.1446 1.17746 0.42707 0.127478 0.284372 0.0639065 0.553287 1.05826 0.432058 0.57788 1.0708 0.832642 0.369426
0.552407 0.817678 0.249428 0.288636 0.56734 0.437827 0.822761 0.415701 0.652857 0.522633 0.654797 0.453227 0.892031 0.366256 0.632527 0.339902 0.288014 0.221121 1.10333 0.632185 0.72782 0.738791 0.256045 0.541914 1.16573 0.359131 0.906896 0.982266 0.505831 0.252382 0.272176 0.361715 0.28702 0.900938 1.05815 0.437203 0.518226 0.130465 0.162894 0.483617 0.992432 0.410154 0.13557 0.0896852 0.710638 0.447439 0.844848 0.805467 0.740139 0.552671 1.00129 1.04232 0.255663 1.14912 0.219603 0.43295 0.3403 0.391555 0.876782 0.932162 0.889848 1.11466 1.11021 1.12767 0.359601 0.0995134 0.0964912 0.209621 0.463077 1.02892 0.462122 0.33099 1.071 0.606032 0.405
0.511029 0.752462 0.264728 0.166716 0.77336 0.439359 0.834851 0.335902 0.428867 0.771822 0.796555 0.225324 0.937442 0.38262 0.870437 0.400478 0.0724944 0.0600307 0.961653 0.636575 0.585559 0.675146 0.368228 0.629077 1.15396 0.46365 0.889525 0.96199 0.410341 0.279076 0.18567 0.631138 0.0580142 0.808741 1.08158 0.359983 0.324043 0.281876 0.326552 0.594235 0.943456 0.497268 0.226788 0.21931 0.940038 0.454838 0.926778 0.912317 0.760198 0.823049 1.05732 1.09917 0.239056 1.12785 0.27331 0.535549 0.358036 0.271307 0.752505 0.911244 0.906101 1.17732 1.23388 0.991696 0.236056 0.152652 0.287601 0.150089 0.632788 1.01869 0.511408 0.311815 0.92123 0.824555 0.422187
0.473268 0.842951 0.318683 0.193825 0.588186 0.461949 0.836887 0.480324 0.481025 0.772854 0.780123 0.390682 0.949986 0.590164 0.62559 0.411951 0.166816 0.0244418 1.09794 0.654608 0.698363 0.540131 0.423574 0.560039 1.05947 0.393689 0.890391 1.14418 0.279116 0.224438 0.0810357 0.428087 0.232721 0.791124 1.00616 0.356978 0.420663 0.053493 0.319027 0.412792 0.903458 0.288969 0.337216 0.148755 0.715779 0.429752 0.906774 0.787165 0.479875 0.693683 1.18012 1.03698 0.229464 1.13731 0.242821 0.586283 0.189785 0.146395 0.729657 0.92895 0.769545 1.10464 1.00008 0.931202 0.419711 0.0614698 0.120683 0.257045 0.570593 1.07836 0.571556 0.482072 1.19819 0.872926 0.250458
0.541137 0.861084 0.357565 0.0464419 0.668422 0.657698 0.874987 0.57056 0.38601 0.514856 0.626758 0.373397 0.799776 0.490923 0.616557 0.381133 0.231089 0.0862636 0.947867 0.497753 0.545185 0.748435 0.243632 0.367541 1.13272 0.421639 0.987819 1.07148 0.384321 0.338511 0.181242 0.406483 0.282434 0.860794 1.23067 0.420688 0.374731 0.14076 0.0921004 0.504235 0.986672 0.387015 0.215043 0.301642 0.88205 0.191136 1.08969 0.862077 0.763859 0.776592 1.20851 0.951775 0.317119 0.985944 0.357454 0.490595 0.307285 0.268191 0.68681 0.86763 0.885025 0.970132 1.09564 1.10195 0.361778 0.29878 0.26745 0.340096 0.558304 1.11875 0.433605 0.335123 1.14932 0.646605 0.468273
0.368501 0.858987 0.415564 0.0531842 0.828716 0.644723 0.865062 0.519629 0.611501 0.613423 0.772473 0.353201 0.920872 0.320498 0.775098 0.235631 0.28319 0.1164 1.08486 0.686499 0.55889 0.523646 0.307463 0.634083 0.887218 0.206791 0.796394 1.14558 0.288485 0.366133 0.150591 0.656456 0.276022 0.813661 1.18423 0.615942 0.57654 0.306867 0.108399 0.405432 0.893106 0.270779 0.379429 0.0569743 0.767198 0.418603 1.09602 1.0737 0.725207 0.60929 1.07632 0.983186 0.436998 0.90175 0.410859 0.431964 0.364786 0.349938 0.660628 0.809501 0.774963 1.06384 1.06781 1.16392 0.342712 0.229657 0.100936 0.181502 0.678868 0.899389 0.634285 0.331154 0.936614 0.704566 0.387566
0.550509 1.00541 0.380579 0.230178 0.588157 0.492483 0.643441 0.446739 0.421691 0.739738 0.611782 0.407244 0.8192 0.579946 0.82472 0.262066 0.205761 0.299058 1.04593 0.474478 0.654464 0.525807 0.406599 0.470655 0.988565 0.288417 1.01677 1.03207 0.24044 0.307237 0.0765629 0.43516 0.254084 1.04067 0.996252 0.553837 0.487042 0.15937 0.318812 0.506516 0.93473 0.536288 0.259937 0.225792 0.892073 0.206181 0.968772 1.00937 0.7581 0.700003 1.00066 1.1164 0.199061 1.1431 0.373952 0.571898 0.311795 0.348054 0.733304 0.857535 0.949327 1.09368 1.19258 0.905583 0.192677 0.149371 0.109458 0.0572847 0.656241 1.13649 0.482041 0.577317 1.14556 0.784862 0.395969
0.489678 0.794202 0.359917 0.273561 0.655175 0.687932 0.856411 0.434142 0.61198 0.69255 0.737621 0.489332 0.987634 0.536475 0.808799 0.329713 0.283076 0.0739422 1.0999 0.5663 0.709936 0.674202 0.472809 0.544959 0.99969 0.37032 0.888943 1.08323 0.516825 0.22837 0.298864 0.595044 0.297289 0.990482 1.05028 0.47329 0.448612 0.222562 0.170835 0.340742 1.00508 0.497263 0.375344 0.240006 0.727369 0.334697 0.923063 1.06199 0.706831 0.693617 1.08533 0.90861 0.465614 1.04874 0.425418 0.588106 0.268376 0.378963 0.83934 0.937713 0.717848 1.15445 1.10051 1.14895 0.256088 0.328921 0.226706 0.13726 0.475711 0.97915 0.625301 0.505823 1.16354 0.813281 0.381517
0.392211 0.949989 0.147595 0.14751 0.783978 0.486121 0.674477 0.494079 0.520244 0.59213 0.600954 0.36854 0.91975 0.43562 0.624856 0.42206 0.135838 0.024953 1.04995 0.434562 0.65075 0.782398 0.50789 0.607545 1.18192 0.362675 0.863711 0.955545 0.511865 0.453471 0.20786 0.626536 0.22605 0.789524 1.03053 0.368734 0.491123 0.140922 0.325714 0.41695 1.0409 0.425506 0.147628 0.144671 0.784559 0.287257 0.918089 0.864535 0.563288 0.621101 1.01898 0.945189 0.317315 1.10624 0.423098 0.521853 0.21711 0.278937 0.688306 1.06077 0.958806 1.24637 1.09066 0.916775 0.424879 0.0817436 0.254638 0.170638 0.582383 0.992803 0.424204 0.332114 1.17072 0.846536 0.239526
0.55735 0.860024 0.334048 0.175834 0.57342 0.538551 0.651194 0.554351 0.585444 0.574985 0.523505 0.317335 0.980783 0.342509 0.59314 0.3858 0.26084 0.163138 0.891486 0.589512 0.573951 0.550081 0.414539 0.418577 1.08623 0.292653 1.0507 1.07515 0.477181 0.437077 0.325071 0.380642 0.176846 0.775877 1.22801 0.376339 0.389856 0.250746 0.332727 0.563001 0.848278 0.269405 0.327164 0.225301 0.726505 0.449123 1.01336 1.07399 0.760624 0.712078 0.93462 1.06338 0.390248 1.113 0.39788 0.580643 0.295326 0.243013 0.765267 0.817965 0.874477 1.07469 0.960329 1.07291 0.195297 0.0837957 0.17713 0.266219 0.622756 0.958613 0.570342 0.569782 0.949825 0.842275 0.35086
0.466412 0.913981 0.135698 0.163098 0.828358 0.707209 0.844077 0.317032 0.438101 0.651859 0.534932 0.391744 0.809216 0.456999 0.591616 0.432191 0.197019 0.290505 0.917781 0.649131 0.712485 0.722723 0.409455 0.56855 0.983608 0.26949 0.91735 1.20802 0.44608 0.327541 0.273135 0.614377 0.0915354 0.837463 1.22684 0.429452 0.344694 0.124748 0.17661 0.492244 0.91354 0.502885 0.371694 0.306242 0.819454 0.442998 0.835659 0.94298 0.607586 0.672819 1.18605 1.03711 0.397255 0.926098 0.215448 0.578854 0.17842 0.410037 0.897886 1.02011 0.999213 1.20216 1.23389 1.13296 0.231548 0.131384 0.0955506 0.253061 0.481696 0.991563 0.438865 0.597258 1.09229 0.620123 0.205985
