25 75
0.786857 0.622393 0.42132 0.610888 0.108726 1.17366 0.639628 0.138874 0.31736 0.216895 0.304957 0.638807 0.932061 0.674346 0.358043 1.09384 0.879797 0.377656 0.100376 1.1871 0.590834 0.398499 1.0711 0.953867 0.217183 1.15451 0.383408 0.889923 0.382046 0.242829 0.861543 0.556114 0.855688 0.647672 0.831423 0.579977 1.19101 0.956323 0.843825 1.06187 0.961098 0.960003 0.479909 0.771807 0.617406 0.3249 0.238397 0.39253 0.659993 0.185392 0.168692 0.802861 0.625877 0.572773 0.893975 0.341779 0.749473 0.317108 0.127903 0.966542 1.08179 0.679123 0.98913 0.937612 0.502529 0.634602 0.75315 0.439451 0.630303 0.187655 1.02838 1.04253 0.792277 0.464975 0.975082
0.665816 0.798813 0.604115 0.824102 0.0300307 1.19821 0.708667 0.297035 0.166323 0.326086 0.49605 0.49061 0.807608 0.60565 0.355549 0.985963 1.01771 0.423304 0.314788 1.24815 0.818112 0.347399 0.948235 0.931182 0.40519 0.947299 0.158442 0.923524 0.475123 0.437767 1.11168 0.581667 0.957623 0.578209 0.779617 0.560097 1.02279 0.996207 0.914076 1.17589 0.832701 1.07673 0.641762 0.686507 0.570415 0.363382 0.403728 0.51201 0.846294 0.114455 0.301336 0.854657 0.712634 0.63156 0.99815 0.0521435 0.724297 0.330886 0.117164 0.750902 0.804866 0.694379 1.1251 1.07274 0.656605 0.422102 0.686888 0.445552 0.512399 0.092061 0.857057 1.09865 0.701843 0.3878 0.786523
0.493484 0.831059 0.406278 0.691789 0.0317376 1.09038 0.689235 0.371418 0.188965 0.213115 0.376558 0.475631 0.974244 0.700429 0.455268 0.932587 0.903502 0.334363 0.30038 1.10106 0.848445 0.281547 0.981999 0.978985 0.291513 0.963354 0.359731 0.839278 0.540536 0.353661 0.946336 0.351954 0.838588 0.754179 0.625733 0.49989 0.976787 0.715034 0.75442 1.08418 0.839721 1.04692 0.497303 0.730328 0.646416 0.340914 0.346505 0.318002 0.641233 0.0892952 0.410885 0.857244 0.721527 0.573073 0.800964 0.309156 0.56759 0.322208 0.329805 0.765992 1.0235 0.668834 1.14523 1.12287 0.631734 0.488878 0.69548 0.506576 0.622009 0.164838 0.902512 0.919246 0.663961 0.6444 0.828953
0.50937 0.695042 0.633337 0.861645 0.14151 1.12452 0.569641 0.104937 0.340541 0.254085 0.308207 0.584025 0.74758 0.681443 0.589426 0.870952 0.916448 0.309113 0.155282 1.16047 0.792477 0.233684 0.888889 0.789872 0.155945 0.961199 0.270327 0.930961 0.457329 0.495999 0.981224 0.498847 0.931283 0.592087 0.571767 0.561603 1.16566 0.749438 0.914911 0.9573 0.932645 1.02994 0.420349 0.88316 0.575482 0.457338 0.361856 0.283213 0.883625 0.344189 0.215059 0.90889 0.746586 0.555263 0.867179 0.168509 0.673909 0.426566 0.130295 0.847195 0.881647 0.676701 1.01215 0.996797 0.495238 0.54068 0.584686 0.388256 0.513082 0.183686 1.0357 1.02635 0.745697 0.65244 0.887832
0.639375 0.710622 0.470667 0.783925 0.174322 1.13326 0.60991 0.16689 0.348419 0.322738 0.56294 0.663494 0.833732 0.833283 0.571573 0.858656 1.06152 0.298797 0.309588 0.977651 0.758336 0.364799 1.04476 0.888291 0.256959 0.978814 0.367005 0.754878 0.476161 0.276353 1.00167 0.354272 1.03735 0.753329 0.791571 0.647396 1.22738 1.00856 0.975746 1.04716 0.795402 1.12181 0.486888 0.707507 0.452391 0.316547 0.395525 0.381974 0.615208 0.154147 0.393877 0.991217 0.7206 0.516662 0.961674 0.150471 0.684126 0.494691 0.171743 0.906248 0.970376 0.579128 1.26172 1.13532 0.464962 0.493016 0.623054 0.554844 0.550507 0.107308 0.84818 0.984008 0.921287 0.414055 0.857779
0.62685 0.860544 0.512067 0.715508 0.244537 0.984952 0.592268 0.293873 0.24125 0.142695 0.563611 0.484474 0.822913 0.709555 0.401358 0.989833 0.978212 0.349057 0.370689 1.19816 0.752995 0.447362 1.10524 0.859276 0.188895 0.976388 0.267588 0.910071 0.427421 0.370769 1.05132 0.561092 0.839534 0.844031 0.563104 0.58483 1.05071 0.894936 0.951338 1.15124 0.811513 0.974924 0.481986 0.823836 0.459792 0.456583 0.300531 0.497613 0.637408 0.366285 0.192618 0.871158 0.508344 0.690907 0.879328 0.29838 0.521161 0.288755 0.232111 0.839435 0.803793 0.538959 1.21124 1.15073 0.478446 0.604401 0.624843 0.514715 0.497111 0.171092 0.825702 1.03364 0.722501 0.630973 0.778382
0.699112 0.704365 0.505038 0.721278 0.0606399 1.03102 0.534441 0.141817 0.0740597 0.136151 0.329739 0.583074 0.694447 0.852695 0.466234 0.852977 1.05319 0.422967 0.146432 1.13566 0.736506 0.525816 0.995672 0.974678 0.214855 1.0878 0.371807 0.870224 0.397787 0.247451 1.13286 0.343438 0.986797 0.669468 0.667418 0.75226 1.12087 0.89797 0.733427 0.955294 0.940605 0.980192 0.574545 0.695778 0.448803 0.518432 0.49494 0.272642 0.8508 0.134555 0.178042 1.04869 0.673785 0.525406 0.981852 0.0499712 0.518866 0.378639 0.229797 0.746831 0.981759 0.501786 1.04807 1.04953 0.69689 0.522028 0.656037 0.434041 0.609929 0.339849 0.830944 1.06543 0.758144 0.672638 1.02063
0.693206 0.593784 0.555519 0.800572 0.205931 1.22972 0.596641 0.262708 0.269973 0.174824 0.459043 0.489427 0.855057 0.678121 0.350803 1.02434 1.07796 0.395705 0.0784568 1.16337 0.593995 0.505288 0.95903 1.01342 0.160401 0.862973 0.356972 0.96449 0.532565 0.338954 0.994663 0.348869 1.09679 0.641023 0.840664 0.760402 1.03375 0.987103 0.947621 1.19289 0.887286 1.06467 0.657001 0.686171 0.433955 0.549943 0.509046 0.488087 0.694584 0.190158 0.310541 0.882908 0.708787 0.453722 0.857275 0.158043 0.590193 0.38013 0.167418 0.770524 0.868987 0.600811 1.08818 1.11139 0.705749 0.431652 0.48913 0.354986 0.728372 0.0698042 0.947465 1.08352 0.744161 0.455294 1.05144
0.620941 0.803059 0.569435 0.821134 0.0855486 1.10551 0.751624 0.130811 0.333524 0.170005 0.350629 0.719447 0.959222 0.841038 0.383025 0.996626 0.844534 0.434397 0.320497 1.22832 0.767334 0.420283 0.876261 1.0787 0.340928 0.895159 0.206468 1.02612 0.348005 0.457764 0.888462 0.319659 1.00814 0.717295 0.751604 0.583346 1.16547 0.7523 0.850033 1.12231 0.989249 0.915843 0.581796 0.787704 0.514044 0.440908 0.290842 0.472219 0.612062 0.241009 0.382483 0.821922 0.58913 0.698755 0.790128 0.14352 0.626653 0.269858 0.180689 0.81135 0.821646 0.649615 1.13305 0.981753 0.628808 0.627441 0.512979 0.453492 0.730843 0.245406 0.953451 1.03216 0.662044 0.420986 0.777204
0.72507 0.720459 0.450619 0.823082 0.144537 1.00166 0.673787 0.115936 0.20404 0.283476 0.596498 0.518522 0.962399 0.686981 0.441388 1.10347 1.0441 0.331639 0.347889 1.10781 0.799903 0.328881 1.07301 1.07945 0.158421 0.878037 0.382546 0.756272 0.532591 0.446827 1.04314 0.303441 0.839248 0.68814 0.610606 0.747305 1.06261 0.762105 0.90393 1.02972 0.999139 0.980851 0.400518 0.776058 0.427708 0.35073 0.296884 0.35976 0.642863 0.230274 0.315191 0.823654 0.700142 0.502315 0.833551 0.0790388 0.493097 0.312137 0.200094 0.836676 0.809778 0.568349 1.17817 1.15424 0.595295 0.666653 0.54911 0.45591 0.639836 0.342602 0.91073 1.01357 0.66087 0.605873 0.855903
0.508786 0.840971 0.370079 0.633654 0.158832 1.03777 0.531295 0.333754 0.305554 0.230826 0.561781 0.641599 0.837246 0.744377 0.550605 0.942336 0.926091 0.279929 0.0930508 1.10465 0.551848 0.440232 1.0986 0.98907 0.323155 1.01078 0.126685 0.900861 0.354197 0.444543 0.859978 0.530522 0.83961 0.774102 0.584917 0.714344 1.19642 0.776332 0.743914 1.11264 0.870178 1.02914 0.502917 0.683033 0.557601 0.466975 0.393362 0.291432 0.613359 0.29937 0.218772 0.781504 0.573653 0.412901 0.990649 0.142205 0.695802 0.442271 0.323488 0.798238 0.885588 0.493376 1.02986 1.14835 0.524594 0.665091 0.528645 0.406867 0.599982 0.283137 0.999542 0.891488 0.740909 0.649066 0.981278
0.530668 0.795936 0.491797 0.853806 0.16218 1.25483 0.572488 0.251456 0.200205 0.248764 0.566607 0.531546 0.975673 0.564188 0.406122 1.12748 1.09457 0.219215 0.0939028 1.09508 0.725578 0.393038 1.05021 0.839629 0.318714 1.12164 0.323492 0.776418 0.530049 0.472506 1.01024 0.590674 1.12018 0.602488 0.572515 0.670976 1.0767 0.860477 0.726098 1.14136 0.912542 0.953521 0.454699 0.824498 0.503574 0.479906 0.490294 0.381045 0.788508 0.248348 0.18329 0.997882 0.510876 0.564074 0.910015 0.121089 0.55192 0.350436 0.28783 0.90208 0.830265 0.754998 1.13833 1.08202 0.485965 0.6594 0.595504 0.334278 0.501245 0.127805 0.979468 1.17881 0.833069 0.555975 1.02974
0.678972 0.879409 0.537472 0.622662 0.298151 1.02132 0.689125 0.244082 0.217632 0.204992 0.423638 0.75815 0.902778 0.683561 0.350616 0.923207 1.00729 0.182275 0.255278 1.14493 0.824565 0.273126 0.996449 0.854413 0.34645 1.04253 0.303645 1.02025 0.549288 0.399552 0.878412 0.496027 1.07591 0.692017 0.634055 0.65661 1.2211 0.966881 0.706205 1.00723 1.00703 0.93315 0.40613 0.607687 0.473706 0.391305 0.352593 0.387292 0.634402 0.201607 0.322908 1.02912 0.653385 0.54512 0.890002 0.22169 0.579136 0.308486 0.2586 0.799288 0.830032 0.735644 1.03404 1.05321 0.564109 0.40405 0.577424 0.421554 0.458284 0.0732081 0.941699 0.886036 0.6645 0.389211 0.980068
0.549497 0.779231 0.533506 0.800122 0.0416874 1.03941 0.638499 0.258878 0.190275 0.295336 0.462421 0.695218 0.743757 0.559859 0.546646 1.03356 0.86942 0.433377 0.0773465 1.0136 0.793566 0.26605 0.915686 0.813385 0.257593 0.970057 0.118199 0.840837 0.339797 0.44756 1.04635 0.468985 0.880624 0.712045 0.796609 0.576942 1.16723 0.931502 0.803286 1.20151 0.802427 1.01066 0.647258 0.624277 0.639723 0.373384 0.482802 0.545181 0.80681 0.174757 0.188828 0.928231 0.525166 0.598322 0.934062 0.138603 0.735969 0.270126 0.133915 0.892482 1.0919 0.542028 1.24856 1.16782 0.607246 0.545684 0.742506 0.518636 0.470919 0.253552 1.02776 1.01453 0.79963 0.446708 1.02136
0.646795 0.616934 0.46537 0.820017 0.130538 0.984814 0.681176 0.0935613 0.113287 0.240982 0.330206 0.5517 0.716901 0.697184 0.523318 0.902602 0.959193 0.227504 0.210338 1.11807 0.700527 0.282561 0.953762 1.07665 0.25087 1.03324 0.321681 0.764002 0.364947 0.307357 1.02252 0.324116 1.11094 0.83371 0.575454 0.659859 1.16738 0.851724 0.988894 1.13317 0.854221 1.11953 0.559196 0.761308 0.568393 0.419609 0.407538 0.354085 0.758265 0.341741 0.211122 0.887626 0.547523 0.477371 0.946374 0.270599 0.553793 0.253677 0.140634 0.947018 0.9735 0.592254 1.02258 0.947331 0.640597 0.48392 0.604733 0.527102 0.720291 0.178813 0.896295 0.978947 0.904989 0.613369 0.82766
0.508527 0.770032 0.580389 0.619462 0.0539034 1.26049 0.649205 0.25429 0.251249 0.105425 0.439848 0.660996 0.763157 0.805068 0.437081 1.1315 0.860689 0.430667 0.275714 1.2118 0.759969 0.26726 1.0006 0.939285 0.164021 0.993263 0.154223 0.818627 0.60644 0.35604 1.00038 0.520379 0.846307 0.733015 0.750219 0.497113 1.19545 0.83813 0.977512 1.14581 0.873536 1.07299 0.508468 0.739771 0.573089 0.488872 0.494082 0.539151 0.865647 0.257643 0.262739 0.924542 0.71966 0.69099 0.740919 0.210542 0.735302 0.439216 0.227243 0.789709 0.853331 0.775098 1.20273 1.06339 0.497296 0.484534 0.70849 0.476141 0.694734 0.156394 0.91965 1.17514 0.878193 0.483815 0.810469
0.783994 0.866073 0.653419 0.651754 0.111128 1.23203 0.586042 0.292755 0.27743 0.0813329 0.341096 0.536753 0.874116 0.614092 0.434477 1.09776 0.934603 0.167625 0.229085 0.987262 0.689512 0.302187 1.00802 0.988261 0.160892 1.1298 0.254043 0.980125 0.539531 0.471339 1.0385 0.519201 0.977737 0.659734 0.847743 0.587543 1.00726 0.99242 0.954069 1.157 1.01505 0.92177 0.446537 0.603746 0.44598 0.39121 0.385011 0.510337 0.620622 0.214306 0.278174 0.902937 0.640997 0.553238 0.76483 0.300217 0.480843 0.410802 0.263878 0.712535 0.903444 0.728575 1.27392 1.16711 0.541419 0.656845 0.520598 0.472453 0.553115 0.210251 0.919153 1.14358 0.697637 0.625493 0.925873
0.666559 0.771911 0.362512 0.76151 0.221571 1.20031 0.544215 0.205124 0.230367 0.0743004 0.432001 0.668988 0.947155 0.679148 0.542696 1.14659 0.936214 0.253355 0.217633 1.22474 0.601367 0.270338 0.873514 0.879577 0.374108 0.940535 0.110007 0.885051 0.612975 0.403953 0.921173 0.505177 0.966351 0.589405 0.825798 0.561263 1.04728 0.822394 0.729016 1.00703 1.03175 1.0318 0.476046 0.609946 0.525808 0.375113 0.453174 0.324794 0.881585 0.33233 0.2303 0.888963 0.517545 0.504479 0.826189 0.241598 0.495075 0.252225 0.274907 0.854038 0.878691 0.493249 1.03937 0.938638 0.635894 0.415801 0.739214 0.524679 0.614421 0.073396 1.01726 1.16375 0.913712 0.412225 0.891981
0.759548 0.736373 0.638206 0.773475 0.141782 1.17591 0.550626 0.229101 0.286818 0.290822 0.491764 0.647256 0.867605 0.556069 0.49401 0.878031 0.908842 0.370102 0.330723 1.23086 0.588018 0.465073 1.01877 0.859617 0.278336 0.959683 0.255016 1.04777 0.436168 0.467318 0.888334 0.396997 0.892986 0.715034 0.614135 0.735473 1.13283 0.939556 0.850485 1.14875 0.928745 1.06418 0.579962 0.770728 0.657212 0.475307 0.46516 0.395972 0.720479 0.0968423 0.368942 0.89616 0.732862 0.510657 0.780367 0.0995095 0.712786 0.318034 0.289824 0.942494 0.850092 0.652363 1.0579 0.939154 0.458256 0.506662 0.599275 0.371583 0.66518 0.207225 0.797333 1.00772 0.930149 0.52756 1.0305
0.715363 0.688353 0.575153 0.903544 0.120148 1.04354 0.601904 0.10578 0.312069 0.179574 0.309435 0.482238 0.731016 0.562638 0.520838 1.09767 0.99128 0.349007 0.237301 1.13476 0.651266 0.408894 0.84708 0.855647 0.195758 1.06234 0.273013 0.871664 0.371415 0.353585 0.892334 0.409735 0.921552 0.744274 0.677896 0.723971 0.981543 0.908838 0.821185 1.05766 0.89465 1.06082 0.67812 0.685725 0.485045 0.523459 0.297366 0.317087 0.75678 0.202 0.362669 1.03419 0.752803 0.445874 0.956507 0.295726 0.744708 0.445577 0.296561 0.914474 0.924113 0.742099 1.24446 1.01794 0.536484 0.53182 0.524274 0.529779 0.467337 0.265756 0.934206 1.17274 0.690301 0.527249 1.03593
0.680313 0.864517 0.517227 0.624162 0.278948 1.21915 0.549607 0.095999 0.254764 0.294225 0.436761 0.588312 0.82287 0.570485 0.396719 1.0493 1.0082 0.341165 0.262098 0.988691 0.630039 0.491432 1.10573 1.05389 0.294128 1.11758 0.148682 1.03068 0.437305 0.354795 1.10974 0.476473 0.884642 0.849312 0.794031 0.716896 0.988491 0.96935 0.741602 0.917854 0.905791 1.02986 0.606582 0.648691 0.574409 0.344197 0.276999 0.512538 0.697089 0.118324 0.393369 0.853927 0.785312 0.626324 0.953902 0.23575 0.506414 0.367618 0.132564 0.917084 0.855839 0.514868 1.20578 1.18449 0.617117 0.574985 0.767335 0.388941 0.462196 0.0764772 1.08514 1.1411 0.951456 0.517389 0.963441
0.641865 0.594845 0.388507 0.618252 0.160705 1.01338 0.617951 0.171741 0.115137 0.202615 0.452181 0.724525 0.828166 0.707007 0.441186 0.944402 1.0468 0.401094 0.314577 1.14514 0.842281 0.265624 0.917583 0.808711 0.173185 0.892656 0.374865 0.81047 0.486309 0.234275 0.943911 0.579533 0.882653 0.707283 0.668532 0.525349 1.21359 0.732319 0.841819 0.990024 0.884411 0.913151 0.615879 0.832067 0.574842 0.561558 0.455456 0.32011 0.630862 0.16396 0.360032 0.95294 0.719524 0.475883 0.888198 0.314118 0.638477 0.448286 0.355966 0.954704 1.05402 0.647704 1.01816 1.03466 0.515706 0.455076 0.691468 0.386435 0.740601 0.191535 0.938001 0.931017 0.685771 0.521781 1.03769
0.710825 0.796174 0.431335 0.909754 0.0454098 1.06703 0.652521 0.375262 0.304045 0.283799 0.359208 0.637324 0.779106 0.732669 0.560627 0.994105 1.01216 0.161462 0.341197 1.1932 0.570467 0.287176 0.98725 0.863084 0.162202 1.03418 0.279732 0.842399 0.496208 0.308733 1.07614 0.445313 1.06344 0.777101 0.557878 0.613397 1.26409 0.767572 0.723898 0.967953 0.929129 0.924704 0.561009 0.780166 0.492764 0.498758 0.240856 0.292361 0.894269 0.232222 0.250429 0.959958 0.650586 0.437984 0.781621 0.204145 0.66546 0.431611 0.355415 0.677687 0.87829 0.604752 1.10899 0.983773 0.577412 0.549369 0.660812 0.458061 0.626914 0.141439 0.908404 1.12467 0.783326 0.57398 0.796159
0.691008 0.843652 0.490679 0.715351 0.109992 1.1385 0.706353 0.221136 0.330094 0.253352 0.465605 0.630791 0.824598 0.75696 0.355088 0.872227 0.924486 0.447288 0.0851642 1.20635 0.666426 0.387338 0.928196 0.803902 0.142506 1.15109 0.264221 0.839485 0.336583 0.342955 1.02097 0.552908 0.978873 0.650297 0.768036 0.503547 1.25404 0.986234 0.959321 1.00833 0.819464 0.929025 0.441503 0.7707 0.547086 0.298936 0.339455 0.365284 0.628152 0.267363 0.169283 0.942845 0.706982 0.594819 0.834744 0.178224 0.582154 0.441166 0.352316 0.787099 1.02102 0.601954 1.21917 0.985723 0.58578 0.548473 0.572217 0.368016 0.73681 0.133919 0.887853 0.983241 0.900227 0.562865 0.945413
0.630094 0.757632 0.614028 0.745282 0.0923582 1.21181 0.600314 0.0863718 0.0679091 0.304388 0.332218 0.695827 0.89865 0.577436 0.435257 1.04197 0.99549 0.313979 0.305931 1.06376 0.754251 0.468654 1.08324 0.993044 0.135163 1.02577 0.229409 0.941393 0.591168 0.439033 1.0753 0.339961 0.936986 0.838454 0.818726 0.473211 1.2121 0.855314 0.920793 1.06676 0.887736 1.01229 0.509021 0.61866 0.428538 0.463846 0.365882 0.528403 0.710593 0.193776 0.219901 0.909341 0.72171 0.4061 0.929016 0.311898 0.478656 0.358855 0.143466 0.840805 0.935867 0.652478 1.19176 1.02633 0.622128 0.561615 0.516118 0.319857 0.621396 0.0976313 0.808397 1.01539 0.762384 0.592913 0.778759
