25 75
1.17331 0.470716 0.301144 0.223779 0.595224 0.997322 0.160303 0.457442 0.0855285 0.645579 0.667058 0.779704 0.898603 1.19074 0.893718 0.947451 0.656341 0.337226 0.877029 0.157761 1.12633 1.0603 1.01875 0.31342 0.91504 1.1095 0.654615 0.712496 1.02885 0.144112 0.422284 0.354615 0.67448 0.3849 0.888099 0.982255 0.260368 0.81583 0.222828 0.376844 0.658558 0.715068 0.730589 0.586078 0.175405 0.608562 1.00187 1.01444 0.567905 0.149848 0.557238 1.16685 1.10293 0.501751 0.842074 0.580025 0.611681 0.590489 0.992971 0.218284 0.428448 1.07677 0.73953 0.0570293 1.25102 0.891708 1.16482 0.744388 0.571465 1.10746 0.361971 0.187171 0.401371 0.718239 1.1834
1.11059 0.609109 0.454064 0.215835 0.788791 1.15181 0.308358 0.600189 0.038913 0.803458 0.679811 0.890803 0.840062 1.12882 0.891818 1.20986 0.919324 0.385812 1.08764 0.295056 0.846596 1.0327 0.944297 0.27683 0.958231 1.07008 0.809446 0.741425 1.02031 0.150609 0.332334 0.416027 0.454279 0.57339 0.76705 1.02296 0.11284 0.87501 0.281394 0.476886 0.697285 0.698955 0.683581 0.427363 0.329097 0.412997 1.21096 1.14727 0.414848 0.347733 0.332017 1.09539 0.991691 0.545929 0.646516 0.473556 0.616369 0.77749 0.857702 0.2942 0.518193 0.959894 0.637211 0.115351 1.12307 1.08822 1.01024 0.7135 0.57327 1.14647 0.501159 0.0564064 0.326351 0.683117 0.969094
1.04553 0.554379 0.44589 0.22267 0.766803 0.913579 0.192722 0.650338 0.241912 0.686672 0.777797 0.982397 0.742429 1.0096 0.722902 1.00562 0.737489 0.30756 0.934106 0.316618 1.12637 0.945503 0.985377 0.567325 0.935672 0.998542 0.661109 0.614627 1.13912 0.33502 0.29413 0.154501 0.55474 0.436255 0.945812 0.896685 0.227613 0.901767 0.341436 0.459289 0.696513 0.863844 0.66307 0.390227 0.117016 0.44226 1.18941 0.945386 0.58333 0.0891795 0.455903 0.955982 1.22487 0.747941 0.893992 0.354526 0.55853 0.562243 1.05202 0.128865 0.640665 1.04305 0.693186 0.282653 1.2429 0.899714 0.943677 0.708432 0.768233 1.16056 0.371855 0.16258 0.479992 0.701201 0.958615
1.19416 0.466371 0.318424 0.371767 0.730243 1.16192 0.327528 0.514043 0.155703 0.680875 0.657184 0.827439 0.713271 1.0513 0.825322 1.0973 0.767582 0.306639 0.967633 0.14908 1.05036 0.871924 1.07955 0.562293 0.891896 0.999402 0.704189 0.716711 1.1178 0.210012 0.293685 0.414368 0.5646 0.438151 0.822377 0.834114 0.163783 1.03303 0.426078 0.455808 0.547696 0.625544 0.696564 0.412549 0.320991 0.513172 1.25613 1.06887 0.66963 0.124091 0.398213 1.03794 1.0633 0.500957 0.896428 0.395432 0.519937 0.512565 0.983913 0.274894 0.613987 1.08753 0.784025 0.235464 1.23684 0.986117 1.09142 0.75047 0.651497 1.1989 0.420076 0.131886 0.497241 0.896751 1.05842
1.22945 0.382864 0.425246 0.41805 0.810062 0.87707 0.183722 0.513287 0.168421 0.822009 0.616859 0.948791 0.717093 1.12196 0.738622 0.961475 0.683272 0.489145 0.820825 0.280816 0.850174 1.01184 0.867336 0.28454 1.03512 0.976546 0.622808 0.68324 1.16003 0.281037 0.428093 0.285116 0.525545 0.568614 0.895661 0.957127 0.19703 1.07409 0.240742 0.340914 0.671608 0.667338 0.704821 0.300441 0.297605 0.466975 0.999911 1.02526 0.449729 0.180283 0.397953 1.08377 1.2479 0.496526 0.719511 0.546788 0.571317 0.544879 1.11335 0.294511 0.415422 1.09818 0.534694 0.00970913 1.26834 0.987576 1.07361 0.983316 0.577919 1.03242 0.510395 0.279097 0.487799 0.890326 1.15171
0.948772 0.547342 0.311314 0.397098 0.823726 0.886207 0.214389 0.591796 0.108883 0.879185 0.773584 0.838949 0.793537 1.07189 0.923388 1.04693 0.797911 0.414398 1.01752 0.167422 0.846209 0.999224 1.11184 0.365753 0.987949 1.13831 0.774164 0.618193 0.925973 0.272167 0.233484 0.295292 0.571073 0.359765 1.02794 0.833939 0.214602 1.08953 0.423172 0.333718 0.642041 0.792368 0.725194 0.417994 0.111624 0.489684 1.13513 0.92308 0.415242 0.0988818 0.310965 1.16924 0.993486 0.60903 0.877044 0.618339 0.630327 0.747155 0.910832 0.379092 0.470523 1.06001 0.52642 0.223924 1.06037 0.932009 1.01818 0.752416 0.624237 1.22788 0.397876 0.237627 0.465258 0.870616 1.15707
1.07978 0.390148 0.222001 0.244431 0.605558 0.914866 0.315787 0.69154 0.115641 0.842702 0.746037 0.789011 0.914436 1.05046 0.84095 1.14812 0.685619 0.365512 0.871862 0.148809 1.04727 0.891702 0.982625 0.335418 0.951863 0.962314 0.762668 0.676837 1.07951 0.199617 0.32024 0.192277 0.419429 0.354699 0.923901 0.898765 0.0241247 0.989612 0.416964 0.551919 0.811534 0.727704 0.765049 0.448645 0.304576 0.450995 1.06384 1.19191 0.420304 0.27517 0.471734 1.04595 1.11388 0.767054 0.902424 0.580578 0.604886 0.634697 1.07025 0.379381 0.406271 1.0613 0.642763 0.294371 1.01903 0.800783 0.902758 0.781968 0.749026 1.07827 0.389776 0.224028 0.36558 0.811211 1.0433
0.972599 0.612502 0.45138 0.490731 0.705493 0.87727 0.396159 0.413366 0.320927 0.837527 0.747973 0.89328 0.834459 1.19246 0.782345 1.20223 0.664469 0.298715 0.994425 0.161221 0.894863 0.981561 0.97964 0.543704 0.971123 1.02246 0.851401 0.719018 1.02689 0.194038 0.324769 0.320343 0.612659 0.536169 0.968597 0.983115 0.225373 0.953707 0.321302 0.449248 0.616097 0.796412 0.578883 0.300099 0.186394 0.581646 1.27615 1.16136 0.632376 0.242528 0.490084 1.07648 1.00869 0.578446 0.780637 0.593174 0.69936 0.724653 1.01675 0.0949177 0.438369 1.16451 0.78535 0.178004 1.19381 1.00858 1.10002 0.945537 0.782299 1.06543 0.628583 0.114022 0.441067 0.699263 1.18911
1.15019 0.562726 0.280326 0.395534 0.728659 1.00591 0.181862 0.612493 0.0747349 0.900558 0.601878 0.799715 0.857938 1.18464 0.846415 1.17393 0.908912 0.229394 0.912119 0.166081 0.980948 0.972268 0.902887 0.305133 0.976299 0.910231 0.773466 0.610035 1.09854 0.21465 0.340733 0.380569 0.470734 0.431255 0.866909 0.94363 0.246914 0.889148 0.360883 0.392338 0.698288 0.608708 0.782904 0.335992 0.283602 0.564793 1.22859 0.970412 0.618071 0.268547 0.331629 1.17388 1.15442 0.496769 0.746453 0.553101 0.633411 0.558061 1.08863 0.131249 0.487798 1.12228 0.796457 0.172896 1.19421 1.0546 1.11136 0.852019 0.567349 1.06902 0.581138 0.107629 0.51785 0.951238 1.02163
1.15958 0.617201 0.271973 0.424562 0.844931 0.974398 0.29164 0.420449 0.273549 0.659462 0.632362 0.877992 0.922706 1.11397 0.859404 1.09102 0.668768 0.411954 0.914032 0.196463 0.917255 1.14423 1.06405 0.440006 1.01754 1.14653 0.616085 0.740115 0.928305 0.26213 0.333503 0.338826 0.464392 0.498898 0.770466 1.02722 0.230176 1.05256 0.314673 0.330235 0.624756 0.812116 0.770511 0.466115 0.210425 0.659653 1.11837 0.937763 0.550781 0.175186 0.319033 1.14237 1.14352 0.530835 0.826619 0.434066 0.656137 0.617425 1.13371 0.290257 0.4341 1.09283 0.593576 0.269045 1.03873 1.00423 0.899801 0.748285 0.622248 0.960812 0.490702 0.238634 0.521312 0.928423 1.01545
1.09708 0.381436 0.27279 0.470226 0.884499 1.12242 0.158562 0.487516 0.163357 0.7912 0.862202 0.779497 0.946386 1.07016 0.970759 1.04856 0.750458 0.493364 0.793095 0.0795508 0.880663 1.10695 1.06501 0.413342 0.90861 1.09704 0.765569 0.908127 0.981581 0.108959 0.241998 0.346758 0.568707 0.470503 0.95011 0.955675 0.193894 0.828229 0.306805 0.511562 0.767439 0.599903 0.586871 0.507183 0.0881277 0.407042 1.22063 1.11135 0.379359 0.301366 0.33454 1.19506 1.11423 0.666893 0.909065 0.352416 0.498089 0.716157 0.857117 0.142909 0.422429 0.96254 0.553411 0.170284 1.06407 1.01534 1.07494 0.711866 0.672302 0.961029 0.616469 0.239128 0.354299 0.879376 1.06533
1.12725 0.332549 0.269899 0.394937 0.66598 1.1034 0.417003 0.418052 0.0639483 0.888884 0.750922 0.865586 0.742907 1.24631 0.856454 1.01231 0.867601 0.285345 1.04511 0.280091 0.909799 0.925825 1.06988 0.347979 1.00287 1.01787 0.807426 0.665764 0.89686 0.278714 0.450776 0.288466 0.522989 0.570039 1.01397 0.849835 0.271046 0.958373 0.317103 0.308071 0.554175 0.814478 0.703648 0.527944 0.35488 0.397909 1.08502 1.04867 0.621257 0.129857 0.4792 1.13405 1.23342 0.681394 0.818964 0.443 0.681048 0.728506 0.878412 0.140868 0.568555 1.15208 0.5292 0.118282 1.22154 1.05908 0.937177 0.722443 0.760997 1.17772 0.602997 0.214679 0.408865 0.677314 1.2102
1.07544 0.507249 0.208035 0.287277 0.621965 1.11117 0.276111 0.424703 0.17042 0.780847 0.76219 0.744375 0.84124 1.17549 0.788813 1.03588 0.647001 0.32087 0.998168 0.112005 0.934764 1.10605 0.845637 0.524448 0.897837 0.87962 0.746989 0.889705 0.898682 0.255356 0.514262 0.375277 0.65471 0.55165 0.846125 0.894703 0.200944 1.08675 0.361944 0.311923 0.699756 0.779816 0.815333 0.415081 0.352395 0.595541 0.999107 0.969997 0.563035 0.154879 0.357104 0.922096 1.03465 0.640844 0.72031 0.499453 0.514272 0.618801 0.899002 0.133662 0.551627 1.02671 0.52817 0.028884 1.10435 0.855283 1.06558 0.823449 0.831904 1.19847 0.373192 0.0395371 0.289146 0.921025 1.11004
1.07396 0.457587 0.420957 0.498362 0.607139 1.13919 0.268386 0.538734 0.0501501 0.692012 0.831291 0.957654 0.953677 1.18483 0.76682 1.02906 0.822088 0.506352 1.02932 0.2745 0.923521 1.06319 1.0469 0.386977 0.87846 1.13238 0.809336 0.691279 0.988141 0.285086 0.36875 0.354435 0.451861 0.462911 0.770259 0.907855 0.122221 1.06381 0.448465 0.357773 0.668114 0.633457 0.633337 0.309187 0.308653 0.555437 1.25983 0.944532 0.57414 0.200677 0.552369 1.15921 1.02686 0.690363 0.884645 0.494157 0.652863 0.741105 0.995593 0.178749 0.399495 0.881565 0.639249 0.177973 1.01984 0.894608 0.936118 0.758618 0.583666 1.08071 0.564067 0.0129199 0.484521 0.902212 1.06193
0.996776 0.330034 0.204555 0.495829 0.753406 1.00895 0.370542 0.618075 0.045161 0.830865 0.836602 0.901478 0.833142 1.05046 0.801094 1.00966 0.84915 0.358034 1.00365 0.0681788 1.11477 0.997894 0.926396 0.387384 1.09101 1.0015 0.589466 0.675668 0.921803 0.35418 0.33807 0.138866 0.668252 0.578996 0.789943 0.894412 0.0915279 0.99372 0.416727 0.485572 0.656985 0.628995 0.814057 0.347675 0.271744 0.564159 1.16645 0.994724 0.414243 0.322096 0.449076 1.16332 1.05855 0.500393 0.68631 0.579764 0.482085 0.694909 1.05078 0.358684 0.385412 1.06036 0.634315 0.141634 1.00648 0.849414 1.16916 0.898142 0.767898 0.963685 0.633792 0.213857 0.253212 0.952471 0.9182
1.17806 0.579463 0.304422 0.243798 0.618917 1.01963 0.352047 0.614952 0.0940148 0.687976 0.741112 0.776574 0.859705 1.23594 0.893876 0.912468 0.845201 0.359501 0.892027 0.138457 0.915316 0.88069 0.890496 0.53019 1.01157 0.879434 0.674229 0.792626 1.15923 0.336266 0.337184 0.310405 0.663615 0.523765 0.987269 1.03333 0.00922399 0.840868 0.420452 0.449555 0.632253 0.73602 0.61338 0.596437 0.129471 0.590119 1.11508 1.13699 0.470973 0.310666 0.322759 0.931772 1.20604 0.649579 0.74123 0.642617 0.632067 0.538462 0.920947 0.201081 0.566285 1.06714 0.584373 0.0752235 1.19599 0.963701 1.17133 0.985198 0.613259 1.06479 0.526023 0.29435 0.491448 0.750287 1.14829
1.16364 0.594235 0.466498 0.36882 0.680347 1.04766 0.165202 0.68076 0.265953 0.704019 0.860318 1.03478 0.901903 0.980371 0.927055 1.0141 0.725839 0.462118 0.869904 0.317073 1.07237 1.07639 0.980671 0.47157 0.844321 1.08396 0.830248 0.813943 0.986253 0.0822365 0.270351 0.167494 0.599107 0.539439 0.932429 0.835997 0.174786 0.891107 0.287034 0.497079 0.727538 0.575343 0.652149 0.449902 0.352908 0.550792 1.0698 1.01708 0.574123 0.324084 0.531707 1.08885 1.04107 0.670916 0.943823 0.407378 0.481672 0.628076 0.965684 0.337243 0.498852 1.12422 0.74166 0.183224 1.18636 0.839113 1.1198 0.965331 0.582105 1.23301 0.401086 0.170901 0.275505 0.932784 1.0755
1.18038 0.613664 0.356121 0.250206 0.600329 1.16192 0.349708 0.547973 0.261803 0.735021 0.685986 0.858193 0.777068 1.24923 0.786816 0.992734 0.686105 0.233988 1.00587 0.236594 0.977136 1.13384 1.04943 0.571539 1.01545 1.1481 0.790865 0.903014 1.02561 0.371251 0.457528 0.175538 0.603795 0.417106 0.784498 0.985894 0.179334 0.924481 0.219899 0.408005 0.781056 0.651211 0.74228 0.57987 0.0919969 0.580414 1.24141 0.994905 0.605997 0.342375 0.393731 1.02035 1.25496 0.624877 0.807537 0.427102 0.676584 0.63285 0.930778 0.285426 0.631639 1.0255 0.632699 0.21935 1.02485 1.06345 1.00446 0.910014 0.728909 1.01152 0.593363 0.0361933 0.535912 0.876497 0.949386
1.01335 0.454225 0.408204 0.223052 0.756074 1.00372 0.429987 0.583976 0.122256 0.807876 0.617216 0.83248 0.892342 1.01943 0.914214 1.15058 0.847437 0.343104 0.794362 0.128229 0.912282 1.00361 0.890394 0.342399 1.12783 1.00329 0.664618 0.897008 0.906258 0.238456 0.297617 0.390514 0.462273 0.422856 0.770078 0.855185 0.127143 0.8595 0.359054 0.539575 0.826639 0.593506 0.630889 0.446809 0.313466 0.429722 1.15021 1.212 0.395276 0.186747 0.385568 1.20387 1.09157 0.717175 0.812484 0.550076 0.677879 0.764178 0.989067 0.312731 0.490082 0.914673 0.576073 0.211668 1.16378 0.96883 0.960867 0.718015 0.719387 1.20624 0.390974 0.112545 0.396065 0.940907 1.19415
1.21165 0.416275 0.204184 0.343228 0.754541 1.06792 0.160715 0.585123 0.0900806 0.822244 0.650526 0.931531 0.794515 1.08627 0.907433 0.945823 0.87893 0.244944 0.984862 0.35029 0.915293 1.01298 0.880552 0.323433 0.990992 0.881067 0.812523 0.878157 1.03324 0.109051 0.382364 0.127792 0.708762 0.425209 0.903656 0.965727 0.124057 0.854531 0.25219 0.550819 0.752055 0.68643 0.597972 0.371509 0.21186 0.446213 1.26457 0.96881 0.626731 0.114648 0.320649 1.19107 1.17813 0.752594 0.697208 0.542054 0.507225 0.680493 0.859413 0.169267 0.382957 0.966236 0.657778 0.202433 1.02992 1.0588 0.961962 0.761091 0.573535 1.1793 0.436977 0.176228 0.443732 0.765867 1.14411
1.05964 0.476102 0.398155 0.380685 0.716079 1.12703 0.441686 0.418418 0.255615 0.683789 0.747961 0.859443 0.889523 1.13979 0.688499 1.16689 0.672461 0.345623 0.960008 0.253369 0.855192 1.05523 0.93687 0.571763 0.920418 0.974874 0.76777 0.681944 0.956531 0.341166 0.446568 0.397065 0.627637 0.552585 1.02276 0.987303 0.18325 1.02102 0.386091 0.530926 0.618846 0.732864 0.783187 0.450199 0.333171 0.555569 1.22633 1.07529 0.391056 0.246569 0.348495 1.09432 1.03383 0.560998 0.738587 0.443559 0.566417 0.654002 1.11333 0.289267 0.425559 1.122 0.533015 0.249946 1.16707 0.995745 0.97207 0.761618 0.578034 1.09845 0.519658 0.0681872 0.318268 0.834965 1.08868
1.1667 0.396379 0.234023 0.3227 0.814394 1.04849 0.186766 0.527824 0.254043 0.770673 0.592269 0.923307 0.824902 1.11284 0.945682 1.16541 0.864306 0.48381 0.990501 0.334811 0.842064 1.15276 0.911494 0.507123 0.932221 0.928719 0.639571 0.831058 1.00975 0.188752 0.296031 0.343103 0.547478 0.576988 0.964483 0.945902 0.164996 0.861975 0.437823 0.285245 0.824627 0.798745 0.762599 0.357921 0.302396 0.50122 1.25936 1.09594 0.385332 0.0850975 0.408351 1.13804 1.27502 0.682425 0.829093 0.55861 0.715203 0.631809 0.968181 0.343332 0.55265 1.02638 0.749981 0.185077 1.26777 0.887553 1.01835 0.883799 0.815924 1.13483 0.637041 0.0429357 0.399303 0.670503 1.04539
0.968986 0.582491 0.191187 0.257278 0.612598 1.04879 0.362309 0.457122 0.149864 0.8888 0.8862 0.75267 0.837723 1.22362 0.878207 1.1669 0.67328 0.329917 0.82046 0.093091 1.02738 1.08102 1.06665 0.526544 0.964344 0.881758 0.578308 0.654301 1.08737 0.238732 0.433265 0.15704 0.669396 0.442345 0.78331 1.03697 0.17027 0.865312 0.354576 0.518596 0.598035 0.686365 0.726329 0.594102 0.328848 0.577806 1.27473 0.989478 0.45578 0.26347 0.470447 1.09419 1.17861 0.51169 0.73269 0.445009 0.629628 0.671761 0.870708 0.272932 0.36545 0.906573 0.702127 0.288888 1.15479 1.08067 1.10163 0.760981 0.760623 1.23921 0.389831 0.190479 0.450737 0.707108 1.13175
0.998287 0.456122 0.240386 0.363606 0.717654 0.878417 0.356357 0.54263 0.0488929 0.691499 0.811232 0.936332 0.961438 1.12168 0.816429 1.01074 0.84355 0.465171 0.854604 0.0847427 0.869977 1.02526 0.997904 0.320794 0.887849 1.12251 0.737901 0.874049 0.944981 0.117971 0.476375 0.279234 0.62513 0.424218 0.85011 0.981172 0.0610198 1.09926 0.222166 0.426674 0.563268 0.711926 0.641406 0.549635 0.298602 0.562592 1.25679 1.10539 0.561594 0.123958 0.548527 0.912796 1.17329 0.6527 0.895634 0.561091 0.645271 0.536583 0.944119 0.23784 0.426503 1.12807 0.593677 0.282754 1.19466 1.04189 1.11546 0.975237 0.616258 1.11926 0.37631 0.107956 0.305326 0.86244 1.08312
1.19185 0.359438 0.396084 0.467847 0.739829 1.10047 0.213386 0.434912 0.217391 0.834114 0.698409 0.861632 0.879681 1.24125 0.921482 0.971288 0.776971 0.312686 1.05992 0.242178 1.02195 1.00717 1.04612 0.397266 0.99648 1.00227 0.793453 0.654207 1.16485 0.183992 0.416337 0.265845 0.666863 0.581445 0.848976 1.09958 0.0375107 1.10485 0.463597 0.550794 0.544214 0.678768 0.719204 0.532396 0.301651 0.475853 1.05486 1.17981 0.55536 0.192423 0.298626 1.17818 1.0861 0.741532 0.78194 0.412434 0.570365 0.513487 0.927805 0.363489 0.409569 0.994928 0.644332 0.296973 1.18964 0.920281 1.16576 0.723336 0.682862 1.10882 0.611038 0.177119 0.535829 0.893804 1.093
