25 75
0.475154 0.61738 0.907006 1.04866 0.561344 0.373726 0.589816 0.766594 0.135704 0.203488 0.827042 1.05067 0.254903 0.804017 0.269543 0.139813 0.185005 0.74733 0.947089 0.469296 0.630219 0.412016 0.130081 0.0963642 0.553811 0.966456 0.661516 1.06277 1.10945 0.877753 0.700059 0.533023 0.0969244 0.765031 0.898346 0.439785 0.206187 0.374961 1.1459 1.2677 0.221706 1.17791 1.0264 0.98863 1.09423 0.975861 0.474507 0.563813 0.393741 0.86586 0.773041 0.369819 0.489227 0.935826 0.990592 0.959315 0.979915 0.809478 0.562752 1.05492 0.72563 0.269514 0.861934 0.489784 1.00594 0.237564 0.696337 0.788354 0.208398 0.912976 0.368521 1.00218 0.613796 0.934074 0.519903
0.667786 0.728754 0.872474 0.924297 0.575962 0.378997 0.705256 0.810188 0.261815 0.186748 0.831123 0.869294 0.336733 0.8687 0.279826 0.227411 0.354136 0.926233 0.880286 0.505409 0.487053 0.388898 0.136894 0.229469 0.465032 0.984253 0.725934 1.11196 0.86408 0.7433 0.747909 0.743991 0.317469 0.735377 0.840482 0.319601 0.456239 0.488581 1.02125 1.15573 0.22201 1.13948 1.11885 1.11614 0.97697 1.16055 0.729911 0.676474 0.224394 0.819817 0.767585 0.525698 0.316706 0.770062 1.01339 1.17109 0.834994 0.762738 0.679867 1.10689 0.769165 0.114425 0.878133 0.63961 1.00889 0.171648 0.560419 0.844013 0.157044 1.07978 0.393901 0.904329 0.684959 1.08629 0.453804
0.424216 0.611319 0.839026 1.19375 0.606459 0.55472 0.666235 0.853487 0.226076 0.324531 1.00961 0.913304 0.156518 0.666646 0.407446 0.107484 0.227248 0.769881 0.822853 0.528967 0.543632 0.262314 0.130528 0.0588258 0.570793 0.852685 0.59835 0.969526 0.98974 0.710376 0.603917 0.671947 0.168146 0.689333 0.803464 0.40078 0.236536 0.583321 1.07161 1.12586 0.350873 1.02769 1.134 0.999257 1.0021 1.02447 0.600762 0.673334 0.285024 0.916028 0.693661 0.518444 0.196083 1.03382 1.02547 1.21501 0.76701 0.851119 0.498613 1.0043 0.643565 0.109703 0.830752 0.444718 1.19207 0.3122 0.580424 0.79456 0.389417 1.07991 0.408711 0.993715 0.51555 1.11769 0.678148
0.588073 0.677886 1.10289 1.17106 0.612407 0.576615 0.628501 0.849115 0.0923889 0.250466 0.93298 1.11415 0.391901 0.656762 0.404032 0.256245 0.242694 0.728656 1.04913 0.673154 0.585998 0.317191 0.170631 0.213809 0.498526 1.01644 0.627033 0.947444 1.09783 0.83133 0.719083 0.467927 0.224227 0.734041 0.730842 0.24132 0.351529 0.589565 1.01583 1.10158 0.144002 1.07114 0.9474 1.19825 0.9936 1.06523 0.48477 0.643498 0.187671 0.919961 0.654608 0.519917 0.252689 0.816272 0.890144 0.988518 0.787166 0.825585 0.661729 1.05657 0.606966 0.158353 0.806574 0.477651 1.082 0.432503 0.590213 0.742507 0.203303 1.15135 0.208665 1.02014 0.697132 1.13492 0.491544
0.566609 0.708732 0.835926 0.951633 0.646071 0.463 0.611843 0.822239 0.238258 0.379793 0.819359 0.969992 0.116834 0.692367 0.307489 0.0700225 0.133371 0.974496 0.838875 0.600687 0.656622 0.424337 0.198435 0.121523 0.548271 1.03108 0.559772 1.10334 0.906126 0.872663 0.574671 0.566876 0.235212 0.761153 0.799024 0.479622 0.46961 0.56024 1.02495 1.06953 0.143459 0.996281 0.999359 1.09416 0.980373 0.969462 0.60828 0.586214 0.31286 0.765142 0.798469 0.603212 0.281388 0.780295 0.809632 1.13598 0.94763 0.904594 0.691299 0.945264 0.696657 0.29458 0.760119 0.596243 0.937148 0.372766 0.574451 0.782742 0.140465 1.00468 0.252094 1.09964 0.492768 1.19807 0.41939
0.54712 0.736817 1.01186 1.104 0.6692 0.49837 0.618391 0.916738 0.31269 0.133022 0.845574 1.01174 0.391792 0.64983 0.250231 0.279824 0.354956 0.880931 0.983524 0.460451 0.474712 0.159095 0.176398 0.0152469 0.442125 0.962844 0.827171 1.14986 0.945597 0.974904 0.555706 0.757158 0.0568754 0.518591 0.687536 0.496091 0.479906 0.583654 1.17757 1.04417 0.326473 1.20022 1.18938 1.01331 1.23798 1.09959 0.686921 0.778925 0.271589 1.03979 0.757359 0.468421 0.302504 1.00187 1.02727 1.21293 0.888384 0.773167 0.70184 0.95165 0.700526 0.201887 0.83124 0.543097 1.20929 0.43229 0.550672 0.666549 0.140966 1.174 0.38355 1.03994 0.723306 0.979177 0.559476
0.666479 0.652644 0.877612 1.00624 0.630699 0.317095 0.576286 0.908702 0.146463 0.320025 0.790953 1.08571 0.254027 0.807418 0.236204 0.111657 0.243786 0.767871 1.07317 0.499723 0.62681 0.145799 0.0846196 0.158206 0.472884 1.13013 0.721014 0.97111 0.964599 0.959775 0.689346 0.592707 0.178282 0.774737 0.674056 0.31008 0.309665 0.553699 1.12673 1.12564 0.134685 1.0417 1.06369 0.918147 1.13386 1.13658 0.478996 0.648671 0.184245 0.969265 0.74902 0.641975 0.355347 0.862118 0.836424 1.18075 1.01278 0.777833 0.529186 0.995522 0.600664 0.166861 0.939475 0.539182 0.982055 0.363481 0.673489 0.722791 0.265888 0.937278 0.247114 1.10851 0.524301 0.961751 0.447774
0.587948 0.764034 0.939116 1.05518 0.632994 0.342395 0.674883 0.793594 0.125775 0.144964 0.844721 0.92388 0.323461 0.868892 0.379535 0.0525931 0.120575 0.727529 0.870711 0.56334 0.581157 0.188324 0.341518 0.297697 0.715062 0.985793 0.759724 1.10771 1.05415 0.929458 0.594449 0.585976 0.263832 0.694193 0.878296 0.41226 0.314925 0.646014 1.14344 1.22496 0.250611 1.16389 0.929109 0.98248 1.26262 1.08309 0.731713 0.588646 0.37495 0.914772 0.63544 0.588285 0.478518 0.939997 0.86551 1.17395 0.854319 0.75625 0.771854 1.08836 0.892595 0.107455 0.767442 0.449246 1.09071 0.435066 0.466835 0.747748 0.431719 1.01262 0.225468 0.956184 0.473857 1.21822 0.684301
0.613383 0.672764 1.02763 0.963277 0.523475 0.579076 0.782294 0.84 0.206327 0.248835 0.957427 0.95087 0.400618 0.735488 0.285831 0.209769 0.133678 0.97852 0.833459 0.483171 0.419456 0.147651 0.358489 0.0332965 0.533847 0.830779 0.694845 0.981382 1.10047 0.835827 0.761394 0.513212 0.188135 0.511811 0.900715 0.331244 0.474826 0.644256 1.12718 1.03214 0.213338 0.983908 1.06489 1.16858 1.2129 1.06142 0.72927 0.537802 0.384155 0.874982 0.74705 0.432069 0.356786 0.993564 0.820657 1.03027 0.760864 0.792427 0.603607 1.0525 0.704843 0.128311 0.936869 0.558119 1.09962 0.42704 0.623952 0.843113 0.385099 1.04134 0.212271 0.975407 0.611019 0.939098 0.61154
0.58434 0.687881 0.889042 1.06913 0.617807 0.545701 0.560298 0.818628 0.0863415 0.34396 1.04187 0.924335 0.346 0.785958 0.450788 0.180366 0.198836 0.901429 1.00462 0.512849 0.419432 0.403121 0.318475 0.246525 0.613978 0.945824 0.821453 0.939037 1.1226 0.861683 0.687865 0.660885 0.119462 0.606898 0.689087 0.220456 0.345288 0.351028 1.10611 0.983381 0.257079 1.01578 1.0983 1.15996 1.16801 0.874973 0.587072 0.736776 0.390846 0.808608 0.678933 0.410476 0.37903 0.967539 0.97365 1.19628 0.914781 0.943967 0.534333 1.17946 0.615446 0.310157 1.03261 0.562591 1.03123 0.418767 0.431221 0.622453 0.387879 0.92673 0.388239 0.955674 0.69809 1.03114 0.653812
0.54655 0.518792 1.07216 0.934733 0.702349 0.343362 0.663309 0.722453 0.242765 0.236916 1.01227 1.13137 0.163572 0.760088 0.422143 0.222094 0.342347 0.76872 0.834192 0.50014 0.445124 0.414539 0.275419 0.208168 0.640461 1.10743 0.650115 0.929966 1.07419 0.858306 0.503899 0.642151 0.31205 0.661761 0.852527 0.443904 0.465422 0.566483 1.02283 1.02155 0.233572 1.10583 0.985882 1.09438 1.05644 1.08858 0.563292 0.738575 0.319465 1.02391 0.724208 0.401894 0.441527 0.9629 0.901262 0.955589 0.858038 0.745953 0.610275 1.04782 0.82946 0.296476 0.980196 0.493306 0.948006 0.26697 0.488444 0.665579 0.208637 1.13109 0.254573 1.01499 0.52766 1.18217 0.631032
0.66415 0.747808 0.901422 1.0992 0.654209 0.517911 0.612749 0.76458 0.254944 0.347147 0.800956 1.02819 0.117976 0.918575 0.211448 0.020194 0.320031 0.991655 1.00351 0.455611 0.534483 0.282366 0.293551 0.069306 0.660837 0.964592 0.560156 1.00534 0.861231 0.702855 0.666014 0.574441 0.246066 0.675954 0.89459 0.245614 0.265038 0.600594 1.09422 1.24714 0.378815 1.00361 1.15384 1.19328 1.2388 1.089 0.543519 0.72908 0.313079 1.03509 0.595998 0.577007 0.324587 0.822979 1.08627 1.06009 0.991413 0.843742 0.712399 1.01202 0.650254 0.274791 0.772251 0.499724 1.08998 0.379144 0.637467 0.865323 0.325992 1.10856 0.412359 1.00505 0.47584 1.18212 0.450137
0.651317 0.65156 1.03653 1.00977 0.648109 0.563732 0.604876 0.993512 0.325247 0.323284 0.888095 1.07552 0.157123 0.889292 0.477656 0.0955307 0.201856 0.757013 0.927034 0.452552 0.436882 0.416644 0.371953 0.304346 0.479113 1.03793 0.784384 1.04245 0.913704 0.732234 0.646928 0.661395 0.0478585 0.598842 0.868245 0.282035 0.453064 0.636281 0.972231 1.09616 0.230175 1.19815 1.1776 1.00244 1.139 1.12768 0.682309 0.745942 0.365976 0.907087 0.54931 0.46018 0.347388 0.748374 0.859978 1.1887 0.979453 0.829883 0.587807 1.08583 0.718843 0.226972 0.748892 0.64462 0.92997 0.198199 0.599975 0.812131 0.16262 1.11986 0.313822 0.976194 0.688908 1.03242 0.575885
0.665162 0.641972 1.01146 1.1954 0.578273 0.485727 0.73969 0.850789 0.0729184 0.417642 1.06021 1.09802 0.281675 0.679296 0.226189 0.18111 0.235693 0.771744 0.997888 0.487324 0.607607 0.391391 0.333068 0.269805 0.666576 1.09632 0.570043 1.12132 0.83751 0.937737 0.609627 0.624885 0.0594281 0.781057 0.749023 0.506016 0.204578 0.607263 1.21369 1.0667 0.311491 1.20452 1.19979 0.940559 1.0932 1.02192 0.706321 0.60313 0.171879 0.966316 0.663356 0.494379 0.354662 0.867316 0.878099 1.13799 0.885757 0.874162 0.744611 1.0133 0.808358 0.339429 0.83041 0.412922 1.01001 0.217501 0.490645 0.672545 0.33821 0.907637 0.289212 1.00569 0.743417 1.19035 0.634221
0.414455 0.515303 0.957936 1.04983 0.594018 0.521353 0.643221 0.723548 0.289996 0.285961 1.00258 0.855575 0.106775 0.684929 0.363755 0.138671 0.163182 0.815008 1.01824 0.483631 0.505436 0.214525 0.0868642 0.0268582 0.70492 0.85204 0.670384 1.06361 0.97899 0.78286 0.603019 0.601419 0.268972 0.551806 0.807795 0.371815 0.216737 0.350454 1.17433 1.22362 0.310757 1.08911 0.979369 1.15732 1.17089 1.11245 0.674502 0.663507 0.228104 0.968907 0.590295 0.405771 0.485522 0.759187 1.07218 1.03702 0.781166 0.795724 0.63318 0.929617 0.824937 0.108223 0.745339 0.439004 0.972419 0.189695 0.421908 0.642292 0.347492 0.937102 0.258961 1.12446 0.504809 1.08578 0.627857
0.539839 0.651877 0.838392 0.978197 0.711547 0.470294 0.781999 0.966021 0.114644 0.349046 0.926843 1.02605 0.248423 0.865472 0.449763 0.218942 0.123263 0.818427 0.93451 0.522761 0.443545 0.168442 0.353405 0.290756 0.540549 0.940754 0.775151 0.907898 1.1098 0.890887 0.589312 0.668058 0.248053 0.773884 0.951225 0.301247 0.353161 0.642248 1.01275 1.11874 0.196148 0.947789 1.1941 0.91408 1.12985 0.986999 0.528953 0.783474 0.457276 0.935741 0.580051 0.512562 0.224122 0.979162 0.921807 1.22507 0.780885 0.896577 0.753801 1.16211 0.896168 0.126766 1.00013 0.371924 1.18412 0.260742 0.435376 0.719466 0.308562 0.983962 0.197179 0.922494 0.702083 1.11621 0.574743
0.640021 0.703769 1.10758 1.00354 0.620768 0.41667 0.771192 0.778288 0.0297339 0.273404 1.01758 1.05809 0.291367 0.728918 0.276901 0.0872725 0.178922 0.795231 0.918007 0.584022 0.425034 0.212762 0.289202 0.0232789 0.510261 1.01549 0.792037 0.983046 1.09724 0.86097 0.50896 0.596857 0.0989021 0.571697 0.692308 0.237171 0.404831 0.574431 1.06507 1.14366 0.310066 1.03377 1.17037 0.956137 1.20586 0.990481 0.657031 0.770656 0.407678 1.04422 0.587725 0.4141 0.261269 0.910893 0.825276 1.19062 0.746156 0.983304 0.501995 0.965225 0.801668 0.270161 0.996533 0.453737 1.08248 0.392415 0.646976 0.751582 0.262107 0.960894 0.399267 1.01307 0.52523 1.18642 0.493139
0.529003 0.59822 0.970336 1.03261 0.703298 0.458475 0.764441 0.802416 0.254656 0.38342 0.824555 0.99627 0.162426 0.911496 0.410401 0.15741 0.265303 0.900772 0.994624 0.446417 0.492839 0.355003 0.322848 0.0227765 0.593661 1.11286 0.761987 0.981689 0.971965 0.896129 0.638895 0.555639 0.193195 0.658454 0.881518 0.446225 0.340375 0.610958 1.06877 1.22365 0.324069 1.17855 0.994863 1.0948 1.08967 1.1564 0.526609 0.510658 0.167563 0.931595 0.662617 0.492234 0.270083 0.7798 1.00662 1.19678 0.76305 0.958012 0.584844 1.20847 0.707732 0.245566 1.01407 0.438054 0.944678 0.235715 0.447312 0.603133 0.149113 1.15712 0.170378 1.01758 0.716692 1.02271 0.582069
0.569636 0.641705 0.918013 0.928202 0.447218 0.576415 0.675258 0.888891 0.250567 0.145152 0.877493 1.03662 0.269853 0.681525 0.234426 0.0612434 0.23645 0.806737 0.896305 0.431498 0.471155 0.415009 0.116951 0.0786699 0.673946 0.979663 0.683869 1.13479 1.07388 0.905027 0.664298 0.600505 0.318391 0.502237 0.688006 0.484327 0.470211 0.428684 1.09299 1.10412 0.200475 1.03597 1.01293 0.947638 0.968851 1.13429 0.531474 0.60826 0.38186 0.839244 0.71567 0.404059 0.21301 0.863394 0.798598 1.22114 0.774109 0.840045 0.736263 0.997515 0.757384 0.106679 0.971588 0.570027 1.06012 0.388512 0.621935 0.88255 0.323695 0.970436 0.394768 0.991 0.657441 1.22612 0.409786
0.545375 0.640406 0.889358 1.05574 0.478772 0.348614 0.633168 0.926968 0.190015 0.166335 0.921772 1.13399 0.176214 0.742987 0.397897 0.0942289 0.362886 0.969795 1.00833 0.457706 0.661167 0.395378 0.316651 0.208106 0.530705 0.971167 0.71157 1.14795 0.973485 0.786843 0.584108 0.468707 0.292779 0.747191 0.926792 0.305041 0.322945 0.531388 1.16577 1.21183 0.325343 0.965556 1.01626 0.938261 1.13188 0.928388 0.466805 0.499872 0.412286 0.771884 0.800102 0.4743 0.392703 0.798884 0.885565 1.10797 0.968166 0.793608 0.549085 1.06667 0.62392 0.347699 0.870731 0.555022 1.02331 0.385826 0.408126 0.699705 0.232499 0.918409 0.30394 0.902914 0.692293 1.1834 0.692247
0.501876 0.51662 0.854581 1.19757 0.674962 0.298552 0.639446 0.849273 0.310548 0.24534 0.963197 1.1381 0.202088 0.720016 0.417163 0.172119 0.320571 0.923282 0.792162 0.495452 0.569277 0.178289 0.104343 0.141919 0.662904 0.896398 0.685588 1.0018 0.925631 0.8991 0.531716 0.496884 0.276657 0.59349 0.730019 0.44976 0.471553 0.518264 1.23529 1.22969 0.190484 0.947742 1.16468 1.17669 1.20549 0.952263 0.489398 0.650032 0.431451 0.814903 0.763759 0.627601 0.400101 0.887468 0.884439 1.06111 0.816317 0.736843 0.726381 1.04334 0.66354 0.362854 0.801101 0.362238 1.11527 0.25763 0.413273 0.811093 0.388678 0.981984 0.145687 0.896906 0.711661 0.95603 0.512149
0.471634 0.613425 1.02801 1.02648 0.591795 0.43256 0.77455 0.947643 0.147289 0.150796 1.08329 1.11899 0.327584 0.779098 0.290801 0.0201173 0.323517 0.777329 0.831547 0.677924 0.628418 0.426765 0.200658 0.169511 0.573948 1.07048 0.666376 1.1761 0.907141 0.780431 0.636966 0.48014 0.172862 0.607025 0.93823 0.395884 0.362957 0.647714 1.15743 1.00856 0.258856 0.954178 1.09424 1.06766 1.14208 1.01356 0.490922 0.661802 0.409609 0.760212 0.747306 0.464859 0.252376 0.961121 1.0805 1.10657 0.779629 0.983593 0.483553 1.04079 0.7361 0.333495 0.842721 0.353713 1.15222 0.246949 0.577662 0.644912 0.341638 0.939905 0.291538 1.01173 0.739614 0.965833 0.644544
0.479194 0.615663 0.984474 1.1484 0.564147 0.441695 0.564711 0.941009 0.109003 0.311784 0.864641 1.13556 0.332184 0.812424 0.244613 0.314512 0.150926 0.978954 0.968179 0.520693 0.631109 0.17332 0.360838 0.0159962 0.466179 1.04147 0.603419 1.00509 1.12271 0.760412 0.691879 0.707313 0.211165 0.63707 0.912107 0.499634 0.230517 0.42364 0.989906 1.00197 0.217474 1.1861 1.09639 1.09655 1.1337 1.13794 0.723209 0.772249 0.161536 0.90244 0.79309 0.597434 0.388335 0.778622 0.993259 0.979518 0.836643 0.961138 0.514991 1.06253 0.746158 0.181805 0.8023 0.552717 1.12668 0.302068 0.5657 0.817895 0.310273 0.992243 0.168135 0.883125 0.695844 0.938763 0.694911
0.494239 0.762439 0.960786 1.08808 0.586868 0.507806 0.580685 0.731831 0.224667 0.384006 0.912524 1.01031 0.172063 0.755346 0.451551 0.274043 0.348145 0.965804 0.934615 0.54782 0.574573 0.370963 0.317705 0.231386 0.638409 0.985227 0.775617 1.18088 0.964511 0.826554 0.602473 0.687567 0.303142 0.769528 0.841186 0.321922 0.446114 0.367057 1.12527 1.15669 0.147987 1.08696 0.949878 1.18984 1.02016 1.09941 0.457473 0.665705 0.408352 1.04624 0.779488 0.619327 0.418727 0.876666 0.833833 0.953071 0.815715 0.891344 0.531819 0.941941 0.871537 0.300255 1.0149 0.409916 1.06841 0.167458 0.413551 0.780374 0.176101 1.17963 0.2984 1.01138 0.511178 1.14683 0.473317
0.463472 0.671722 0.864694 0.949951 0.453937 0.367324 0.649691 0.881909 0.265971 0.393321 0.787761 1.04025 0.272245 0.92037 0.23693 0.237077 0.123839 0.979401 1.01309 0.446616 0.459736 0.135069 0.247212 0.159569 0.643752 0.920339 0.807167 0.990104 0.91753 0.805024 0.596297 0.621776 0.243333 0.610284 0.810661 0.379629 0.201196 0.436288 1.1214 1.03463 0.377753 0.938325 1.04352 1.04104 1.12135 1.04913 0.582456 0.706374 0.248568 0.991345 0.611173 0.490154 0.42818 0.823296 1.01739 1.11509 1.02717 0.852083 0.589009 1.02454 0.742022 0.35933 0.977283 0.415211 1.17602 0.22461 0.563667 0.718553 0.186807 1.02877 0.266603 1.07983 0.747825 1.04652 0.606307
