25 75
1.11906 0.677131 0.916091 0.66429 0.182358 0.096541 0.021938 0.93655 0.216194 0.116091 0.566581 0.90903 0.945008 0.445478 0.330062 0.46248 0.961572 0.412179 1.16433 1.15171 0.417206 1.02109 0.773246 0.150779 0.795082 1.02583 0.0317832 0.989261 0.881177 1.02093 0.35306 0.610253 0.704896 0.604954 0.365099 0.401225 1.24322 0.691815 0.976321 1.07396 0.993673 1.14803 0.550226 0.589766 0.502865 0.628621 0.892202 0.990697 1.17703 0.699801 0.287081 0.235378 0.483898 0.187902 0.320534 0.910343 0.878499 0.637489 0.789021 0.227327 1.0214 0.847581 0.69304 1.16985 0.480496 0.955602 1.02001 0.827132 0.87973 1.00154 0.686722 0.269338 0.944983 0.651279 0.815355
0.982507 0.641254 0.847137 0.487986 0.312511 0.14711 0.217005 1.09771 0.402844 0.240101 0.564474 0.980106 1.14077 0.469794 0.198422 0.408144 0.768304 0.390719 0.980837 1.23929 0.302822 1.03329 0.70375 0.0689247 0.791038 0.820686 0.198095 1.10394 1.06542 1.2388 0.383771 0.633118 0.711802 0.651618 0.211145 0.472012 0.976442 0.616228 0.887363 1.17735 1.04992 1.20471 0.435805 0.658698 0.438582 0.683562 0.767738 1.09013 1.03166 0.681377 0.441537 0.278931 0.248335 0.190696 0.39573 0.860122 0.847932 0.612221 0.908602 0.154183 0.96727 0.608012 0.686502 1.10828 0.487169 0.815725 1.03235 0.758081 0.880305 1.13835 0.426603 0.475659 0.814797 0.730743 1.05992
1.06107 0.742718 0.874401 0.584007 0.145749 0.0334432 0.166855 1.04638 0.241105 0.341597 0.603981 0.888989 1.05174 0.386178 0.367132 0.537246 0.95969 0.419523 1.18507 1.015 0.17093 1.0076 0.619891 0.0217039 0.831815 0.935351 0.218027 1.01675 1.04607 1.08524 0.444079 0.584804 0.892741 0.444781 0.359047 0.50954 1.12129 0.479683 0.930103 1.0591 1.11186 1.22473 0.621664 0.729172 0.424595 0.520449 0.895879 0.90008 1.20412 0.701458 0.320622 0.317868 0.477665 0.365123 0.179418 0.881688 0.940554 0.549679 0.870056 0.15433 0.822079 0.74777 0.671011 1.01757 0.386188 0.760046 0.90044 0.916837 0.745061 1.21436 0.655271 0.434863 0.723116 0.596269 0.910555
1.01054 0.823576 0.806119 0.440075 0.224359 0.149086 0.0812862 1.0137 0.251445 0.24936 0.48775 0.955597 1.19131 0.278467 0.204245 0.417345 0.803917 0.577592 1.19111 1.20695 0.298407 0.841512 0.680298 0.121892 0.728262 0.858628 0.0801469 1.10899 1.04417 1.14963 0.280826 0.676871 0.946889 0.677331 0.259014 0.585352 1.1373 0.66392 0.723424 1.1943 0.906773 1.20957 0.621481 0.576643 0.524051 0.618681 0.818677 1.00212 1.26236 0.664785 0.279203 0.403457 0.467239 0.120028 0.190607 0.855966 0.919588 0.55842 0.994108 0.261495 0.975904 0.737743 0.547907 1.06302 0.333741 0.999609 0.968816 0.924416 0.689393 1.24012 0.555774 0.521183 0.696602 0.731572 1.00541
1.07728 0.647745 0.855973 0.388084 0.131869 0.140131 0.211559 1.01249 0.427847 0.288216 0.499241 0.980405 0.972637 0.280123 0.290604 0.462605 0.892574 0.546709 1.21673 1.15711 0.225433 0.864857 0.691091 0.267527 0.614309 1.05195 0.169544 1.18551 0.904267 0.991583 0.389635 0.668032 0.73952 0.59084 0.136988 0.540983 1.09905 0.598094 0.930081 1.02919 1.0532 1.03997 0.601831 0.731659 0.371481 0.723197 0.722913 1.10348 1.077 0.841767 0.384974 0.406747 0.41479 0.233153 0.375913 0.889305 0.843349 0.769529 0.835674 0.182646 0.757733 0.693154 0.54918 1.17901 0.449056 0.971165 1.17724 0.700305 0.650287 1.08034 0.630413 0.455884 0.881339 0.567937 0.865837
1.15216 0.714373 0.911053 0.593962 0.239407 0.311528 0.250426 0.983844 0.421103 0.184783 0.543497 0.894548 1.04561 0.423759 0.266753 0.411734 0.766725 0.354937 0.946686 1.24731 0.179925 0.841115 0.63484 0.0232243 0.723836 1.04585 0.242791 1.13445 1.07529 1.17492 0.408845 0.620375 0.783457 0.593958 0.33462 0.638016 0.95568 0.682662 0.876591 1.04518 0.907025 1.26084 0.526385 0.73033 0.429254 0.620676 0.739306 1.01883 1.09371 0.802823 0.169657 0.264415 0.303892 0.300755 0.250737 0.990002 0.958914 0.565455 0.835029 0.123179 0.929887 0.840588 0.781581 1.11629 0.440148 0.88391 0.972264 0.859571 0.752181 1.03968 0.430936 0.41494 0.673916 0.77061 1.03333
1.20821 0.865286 0.999264 0.594979 0.037141 0.256712 0.108769 1.02328 0.416642 0.111411 0.44141 0.962998 0.936385 0.508177 0.220274 0.263933 0.887345 0.33286 1.12718 1.05612 0.163634 1.09752 0.670352 0.0754366 0.848038 0.913412 0.244426 1.15557 0.977259 1.22997 0.504181 0.436392 0.860309 0.468804 0.170637 0.537725 0.976451 0.471296 0.739441 1.08361 1.05196 1.05408 0.481374 0.782416 0.563322 0.632847 0.764049 1.10245 1.22603 0.769027 0.420652 0.244044 0.403934 0.326889 0.386934 0.817647 1.00371 0.73974 1.04215 0.209649 0.864184 0.575033 0.631893 1.24779 0.395135 0.999338 0.943338 0.708925 0.65689 1.19825 0.554586 0.417754 0.73526 0.763535 1.02965
0.996958 0.757143 0.99833 0.433718 0.323687 0.252457 0.058969 0.977581 0.195631 0.277062 0.630692 0.92818 1.08485 0.296932 0.317204 0.472507 1.02166 0.507158 0.960707 0.961124 0.220018 1.0672 0.733912 0.261218 0.582964 0.850813 0.137022 1.16908 1.09912 1.22359 0.451911 0.450675 0.767561 0.710222 0.076495 0.631135 1.11692 0.617256 1.00263 1.12859 1.04332 1.13925 0.54124 0.572857 0.466624 0.791984 0.89653 0.931282 1.15364 0.794012 0.153112 0.427687 0.399547 0.331844 0.323775 0.793018 0.830017 0.561573 0.811942 0.342712 0.922318 0.554734 0.555974 1.19658 0.239823 0.893088 1.16711 0.759898 0.72764 1.16323 0.557933 0.462933 0.919937 0.799605 0.928609
1.06801 0.851925 1.06368 0.595707 0.318003 0.192774 0.270001 1.05313 0.290849 0.265788 0.688789 0.96126 1.07515 0.347152 0.358882 0.396237 0.918348 0.475108 1.124 1.14492 0.342593 0.871414 0.825806 0.315058 0.646145 0.935043 0.0768637 1.23445 1.00296 1.02636 0.408729 0.429864 0.667797 0.52657 0.238143 0.653063 1.13311 0.534799 0.848845 0.983837 1.08949 1.21907 0.523546 0.823938 0.463532 0.677126 0.826256 1.06946 1.12264 0.844515 0.183875 0.169153 0.318925 0.243964 0.19472 0.878926 0.851938 0.78252 0.900568 0.38051 0.827086 0.559422 0.773141 1.06176 0.227417 1.03714 0.947548 0.939934 0.676368 1.0911 0.671932 0.33743 0.723405 0.651317 0.989462
1.02174 0.663052 0.895682 0.62956 0.316948 0.301064 0.23592 1.03415 0.32829 0.387517 0.538841 0.820257 1.11896 0.316722 0.352345 0.399309 0.792444 0.46908 1.01499 0.972947 0.202817 1.07578 0.77705 0.262149 0.615819 1.03191 0.302564 1.11166 0.975173 1.23519 0.31925 0.646814 0.945512 0.560754 0.36413 0.523174 1.02269 0.694353 0.931548 1.12491 1.02459 1.05987 0.44082 0.688886 0.376895 0.574548 0.809792 0.871021 1.17517 0.742204 0.262828 0.274271 0.293302 0.359221 0.286961 0.816369 1.02515 0.770521 0.78713 0.243233 0.770675 0.789406 0.596643 1.15003 0.395833 0.902066 1.06205 0.71155 0.669761 1.12023 0.605072 0.528532 0.930227 0.57662 1.03071
1.17931 0.644801 1.01114 0.400849 0.238004 0.0612723 0.263623 0.889489 0.347088 0.368737 0.597033 0.77892 0.952442 0.248593 0.211396 0.482256 0.79729 0.489813 1.02151 1.17212 0.433525 1.09491 0.813142 0.105195 0.820538 0.973889 0.170697 1.24021 0.949588 1.08461 0.42143 0.635341 0.663915 0.730867 0.295785 0.662606 1.11906 0.445529 0.801654 0.99631 1.10078 1.10619 0.422 0.702784 0.349185 0.750319 0.990982 1.09466 1.22589 0.659871 0.23815 0.227331 0.211444 0.124817 0.226705 1.01123 1.09796 0.544186 0.943723 0.184834 0.871965 0.692889 0.648983 1.04384 0.49931 0.920445 1.08675 0.922489 0.859095 1.17919 0.516107 0.310437 0.933395 0.793497 0.862233
1.22781 0.753609 0.934897 0.408839 0.234657 0.140899 0.0882867 1.02434 0.424411 0.291787 0.498752 0.747063 1.17773 0.383417 0.236319 0.334856 0.815744 0.487685 0.99441 1.02793 0.346143 0.90491 0.860302 0.15308 0.829235 0.80593 0.284633 1.02388 1.02044 1.11811 0.210482 0.454586 0.851243 0.701262 0.159916 0.466614 0.971671 0.675048 1.00471 1.17986 1.12013 1.17602 0.422006 0.554912 0.355264 0.635702 0.842365 0.924416 1.032 0.728507 0.273444 0.279136 0.500434 0.308858 0.292927 0.903977 0.831227 0.566008 0.904825 0.37821 1.03402 0.584311 0.597798 0.987139 0.464054 1.04112 1.01033 0.803071 0.682404 1.14399 0.63002 0.317929 0.922881 0.770697 1.01543
1.06677 0.7649 0.964351 0.583933 0.273781 0.287376 0.015769 1.06086 0.257798 0.278041 0.544064 0.848996 1.02559 0.429374 0.331699 0.485639 0.826304 0.545151 0.986981 1.16444 0.386357 1.04045 0.776865 0.191677 0.794326 0.791716 0.102913 1.03029 0.872745 1.22302 0.484752 0.584398 0.850496 0.533457 0.182768 0.567233 0.979709 0.690508 0.842617 1.21043 0.967806 1.23548 0.638333 0.796636 0.600639 0.566177 0.933167 1.06932 1.07309 0.633125 0.156477 0.359051 0.280406 0.255634 0.248799 0.773935 1.07774 0.575068 0.900091 0.302642 1.02495 0.797326 0.655281 1.01247 0.28307 0.953103 1.05784 0.701692 0.873459 1.18454 0.522159 0.459895 0.898695 0.564353 0.956908
1.04557 0.662253 0.790711 0.413964 0.135887 0.211734 0.276408 0.934387 0.343184 0.399805 0.425452 1.00842 1.05337 0.451391 0.288773 0.393819 0.939969 0.575513 1.08643 1.15945 0.385338 1.04924 0.692156 0.187575 0.667475 1.08294 0.23416 1.13578 1.09803 1.27675 0.417264 0.654168 0.886498 0.652911 0.0988428 0.431716 1.06195 0.62954 0.90848 0.966277 1.07229 1.0592 0.6426 0.712089 0.498922 0.596952 0.799297 0.922365 1.11903 0.807386 0.144295 0.439562 0.451026 0.153479 0.135939 1.00122 1.03021 0.536391 0.870139 0.151379 0.853325 0.575739 0.674868 1.07275 0.245423 0.876266 1.15397 0.959952 0.625325 1.17985 0.490977 0.331485 0.761036 0.617473 0.869689
1.1521 0.905247 1.051 0.40014 0.115535 0.298189 0.280036 1.07073 0.197446 0.17004 0.689994 0.784878 0.940834 0.361647 0.22234 0.341566 0.964763 0.499565 0.963221 1.24805 0.181879 1.03619 0.741167 0.21412 0.697218 0.801679 0.12123 1.12485 1.0477 1.28253 0.437903 0.494247 0.798339 0.475591 0.239979 0.538083 1.02869 0.641039 0.894419 1.13959 0.945831 1.2247 0.395163 0.654466 0.455491 0.735813 0.873035 1.09717 1.21245 0.910134 0.256744 0.374655 0.327221 0.247104 0.314826 1.01449 1.02784 0.790294 0.916748 0.317439 1.00363 0.610007 0.554332 1.04489 0.432999 0.768475 1.13737 0.94531 0.759787 1.11414 0.672821 0.344521 0.794257 0.713133 0.86072
1.2303 0.882572 0.788032 0.580929 0.256862 0.0428314 0.0487242 0.993203 0.381341 0.14672 0.550757 0.823689 0.954463 0.484758 0.42393 0.5109 1.01288 0.438506 1.23349 1.02871 0.197757 0.883003 0.86583 0.207518 0.592276 0.863134 0.160803 1.07532 1.12219 1.01844 0.391956 0.556993 0.790274 0.729037 0.123964 0.588592 1.22989 0.579828 0.924804 1.16012 1.03333 1.03231 0.386997 0.646632 0.554064 0.757873 0.786651 0.926806 1.03341 0.853966 0.162595 0.306377 0.471017 0.287733 0.228013 0.918908 0.903208 0.763795 0.865837 0.376515 0.879857 0.756078 0.780433 1.11959 0.254046 0.886245 1.03055 0.810245 0.750715 1.11925 0.6829 0.291693 0.860923 0.526667 1.04836
1.15537 0.712314 0.980233 0.518653 0.159579 0.287772 0.00392712 1.1227 0.240146 0.191545 0.660966 0.884361 1.06329 0.34293 0.292208 0.519639 0.845486 0.313503 1.17376 1.11778 0.256728 1.02638 0.839907 0.195367 0.654886 0.928916 0.123935 1.05407 1.06804 1.15537 0.369871 0.625231 0.77845 0.453884 0.157946 0.531212 1.03789 0.720766 0.913274 1.03875 1.13901 1.22703 0.59321 0.824431 0.344112 0.521795 0.933343 0.929007 1.08994 0.839974 0.351111 0.163989 0.428132 0.133999 0.136868 0.921643 0.942804 0.628018 0.943494 0.28505 1.04791 0.607293 0.551186 1.15048 0.398307 0.839159 1.18362 0.895887 0.647035 1.2531 0.51918 0.312317 0.885408 0.752013 0.946808
1.07967 0.843789 0.852552 0.537245 0.150862 0.0670991 0.202727 1.05748 0.411922 0.115469 0.582723 0.956476 1.09134 0.260358 0.360919 0.418573 0.796154 0.341884 1.16379 1.02092 0.428888 0.941313 0.642748 0.125653 0.580055 0.797265 0.0242749 1.17956 0.924218 1.0345 0.446391 0.47984 0.852952 0.612551 0.28833 0.63225 1.24095 0.623537 0.999239 1.0156 0.940627 1.07755 0.476205 0.62766 0.385858 0.777632 0.833227 0.946805 1.14283 0.7254 0.423829 0.377886 0.50491 0.160904 0.120496 0.965962 0.951697 0.607884 1.03886 0.228314 0.823377 0.848449 0.779962 1.04218 0.261702 0.808966 0.95454 0.828074 0.895433 1.13884 0.563274 0.48468 0.819832 0.560123 0.975412
1.07121 0.72518 0.867342 0.506266 0.148607 0.151585 0.208383 1.10235 0.325124 0.156058 0.434032 0.90548 0.911029 0.493466 0.302537 0.256419 0.907669 0.300123 1.17867 1.11355 0.365478 0.989821 0.669383 0.274294 0.719504 0.795386 0.310269 1.08589 0.956572 1.19589 0.264761 0.635811 0.739586 0.698687 0.271853 0.50143 1.13098 0.52586 0.773318 1.10992 1.15232 1.25028 0.40735 0.685656 0.602913 0.684822 0.880931 1.02183 1.14171 0.767656 0.395308 0.250286 0.305529 0.223259 0.185032 0.946062 0.822362 0.647559 1.01915 0.313155 0.777175 0.680733 0.726963 1.04074 0.406555 0.780397 0.97155 0.74304 0.872053 1.09804 0.620588 0.40683 0.722388 0.813273 0.901699
1.20635 0.835638 0.92096 0.581289 0.0416828 0.121634 0.089198 1.03948 0.206449 0.377317 0.483653 0.752242 0.952839 0.336955 0.455564 0.477444 0.882707 0.324946 1.23532 1.0217 0.400325 1.0273 0.726341 0.251907 0.714439 0.939832 0.263804 1.10705 1.07232 1.21358 0.433594 0.600019 0.776613 0.707874 0.165713 0.58675 1.15048 0.465486 0.966318 0.9829 0.961728 1.13981 0.658826 0.718547 0.475322 0.630251 0.787881 1.06605 1.21459 0.65631 0.319325 0.410015 0.295717 0.322446 0.295769 0.818755 0.873464 0.543951 0.913997 0.390248 1.00616 0.764239 0.75466 1.2655 0.246251 0.80382 1.02003 0.726668 0.610343 0.991086 0.513866 0.535255 0.953096 0.754609 0.952273
1.10956 0.717684 0.901232 0.444938 0.0568511 0.314033 0.127907 1.09631 0.323508 0.392846 0.628283 0.879533 1.18723 0.401022 0.400783 0.385203 0.763763 0.518235 1.02463 1.08077 0.442944 0.963461 0.644513 0.265469 0.628935 0.910083 0.147519 1.10451 0.870346 1.08949 0.36742 0.536659 0.916312 0.589932 0.0965123 0.438771 1.21762 0.619322 0.877272 0.997171 1.13344 1.17309 0.657917 0.632337 0.368954 0.52014 0.729085 1.06061 1.127 0.901011 0.372233 0.246209 0.409226 0.141738 0.390926 0.970096 0.963593 0.603806 0.828938 0.293329 0.799128 0.742176 0.752425 0.98228 0.484304 1.00086 1.12796 0.888681 0.710693 1.09856 0.422171 0.413539 0.681758 0.648639 0.992508
1.06132 0.718688 1.04073 0.50346 0.25476 0.0446161 0.0832398 0.89076 0.378362 0.187142 0.706187 1.03292 0.976859 0.409336 0.357885 0.511152 1.01148 0.389862 1.22101 1.04638 0.192125 0.905454 0.773043 0.0543033 0.597149 1.02264 0.231234 1.105 1.07135 1.06554 0.504081 0.547821 0.694836 0.532218 0.160888 0.695359 1.02162 0.5001 0.91657 0.97723 0.904927 1.23593 0.559762 0.684661 0.410615 0.62925 0.866526 1.1133 1.22381 0.866418 0.297545 0.420136 0.361831 0.199432 0.151634 0.966682 0.857366 0.518779 0.817262 0.371686 0.957429 0.67818 0.545369 1.06641 0.464734 0.91912 1.05605 0.678783 0.699463 1.0055 0.613199 0.491336 0.89386 0.610497 1.03587
1.03021 0.700504 0.909933 0.478112 0.249717 0.27411 0.124972 0.970101 0.440031 0.346054 0.584924 1.02711 1.01801 0.25275 0.332203 0.460036 0.778386 0.318439 1.14674 1.1239 0.204223 1.01637 0.706178 0.157586 0.765378 0.956471 0.0700342 1.07868 0.947039 1.11022 0.284061 0.479923 0.698029 0.672227 0.103234 0.684363 1.05796 0.527547 0.78096 1.1699 1.08478 1.05368 0.387922 0.659281 0.497879 0.691938 0.833754 0.985725 1.17751 0.733404 0.288917 0.182398 0.440445 0.162164 0.269411 0.758442 0.949329 0.566597 0.790841 0.112719 1.03653 0.691952 0.559413 1.05602 0.21739 0.909492 1.10302 0.795151 0.891777 1.11566 0.422625 0.449075 0.898875 0.803496 1.05219
0.99637 0.790387 0.806303 0.603484 0.123854 0.241305 0.0895049 0.921709 0.236609 0.125828 0.430865 0.758957 0.92898 0.528768 0.491299 0.552001 0.932434 0.355315 1.09745 1.15625 0.249428 0.912042 0.891302 0.109298 0.786656 0.95878 0.121384 1.23935 1.13261 1.04638 0.261122 0.568089 0.813485 0.490866 0.265363 0.499533 1.15443 0.528093 0.750999 1.2113 0.963273 1.24842 0.518654 0.787829 0.360941 0.726079 0.911513 1.05422 1.27324 0.786625 0.309668 0.165621 0.31626 0.204414 0.300137 0.922259 1.1099 0.78974 0.87003 0.36266 0.847227 0.73499 0.796818 1.17412 0.268937 0.754041 0.901684 0.885339 0.893567 1.08654 0.403584 0.498789 0.906265 0.615558 0.900292
0.978195 0.788165 0.967919 0.519411 0.103261 0.280242 0.143549 0.992593 0.252125 0.211795 0.676337 0.858193 1.08422 0.36946 0.237348 0.365154 0.840365 0.516104 1.03203 1.16263 0.326754 1.07413 0.666999 0.141979 0.674563 0.97404 0.0639841 1.2065 0.92427 1.27138 0.469376 0.692064 0.761144 0.463737 0.216927 0.500209 1.20063 0.553802 0.957871 1.01872 1.02482 1.11166 0.423697 0.800213 0.388444 0.668681 0.867781 1.04714 1.27798 0.645514 0.375278 0.400105 0.249182 0.0794955 0.127869 0.745054 1.0814 0.786471 0.899017 0.235931 0.765108 0.666432 0.695699 1.16938 0.402214 0.975838 1.12983 0.942553 0.61638 1.14974 0.554791 0.425629 0.948904 0.561311 0.833691
