25 75
0.780027 0.930358 0.515163 0.977691 0.44393 0.793926 0.914481 0.319696 0.517946 0.126193 0.908733 0.340264 0.496365 0.875024 0.792473 0.40583 0.223073 0.24733 0.331828 0.765872 0.785973 0.238386 0.237464 0.967456 0.444824 0.404395 0.15895 1.03154 0.384906 0.446599 0.247134 0.907981 0.670065 0.408725 0.64612 0.42477 0.634738 0.913546 0.378037 0.901238 0.795248 0.534372 0.351381 0.600827 0.588697 0.488137 0.656459 0.931353 0.141122 0.0843384 0.40209 0.897933 0.39468 0.894016 0.720558 0.417137 0.485507 0.178666 0.828613 0.224727 0.608224 0.753364 0.671343 0.446735 0.986017 1.15391 0.579565 0.575259 0.181 0.188558 0.179153 0.876246 0.620979 0.618916 0.407919
0.856992 0.946529 0.61648 0.877393 0.54841 0.882922 0.908803 0.17865 0.567032 0.165316 0.900872 0.542419 0.359427 1.0205 0.731903 0.280538 0.359724 0.181829 0.263077 0.772283 0.875816 0.227556 0.262027 1.06044 0.452975 0.456951 0.105738 1.10282 0.174717 0.415663 0.410011 0.911688 0.395088 0.160229 0.800275 0.412928 0.629532 1.01051 0.611386 0.855588 0.948535 0.270297 0.241577 0.629315 0.647043 0.488256 0.617768 0.708893 0.200598 0.0895582 0.415715 0.858888 0.592265 0.985747 0.89808 0.369596 0.344201 0.25846 0.622713 0.230338 0.690406 0.700837 0.656103 0.516754 0.931833 1.04881 0.745228 0.569185 0.121951 0.296583 0.453719 0.773192 0.702093 0.637143 0.562588
0.896532 0.907617 0.529374 0.814609 0.437283 0.761647 0.917546 0.346578 0.428236 0.260512 1.05886 0.473438 0.378576 0.839522 0.615811 0.430128 0.320722 0.0637851 0.203012 0.817426 0.844442 0.352532 0.302367 0.882595 0.520762 0.323162 0.0998905 1.01232 0.235465 0.442458 0.320771 0.994845 0.410401 0.320214 0.704316 0.433722 0.545231 0.996177 0.427013 0.926486 0.761453 0.344797 0.35856 0.465847 0.549117 0.400671 0.683951 0.736973 0.209846 0.283119 0.445425 0.972801 0.633257 0.987107 0.894482 0.512028 0.559447 0.238719 0.822385 0.115416 0.504919 0.903834 0.768977 0.3072 1.00267 1.06841 0.557989 0.445929 0.279573 0.184719 0.282219 0.810335 0.666553 0.564902 0.366563
0.786467 0.904664 0.367374 1.02737 0.549943 0.883243 0.988668 0.268634 0.618598 0.31736 0.987844 0.35109 0.498269 0.938529 0.661848 0.264025 0.207051 0.0308036 0.0877929 0.827869 0.996948 0.445077 0.172389 0.802775 0.327678 0.296154 0.154286 1.02962 0.26366 0.418325 0.316935 0.914038 0.639971 0.369381 0.623472 0.335069 0.740642 0.952083 0.477842 0.803952 0.683194 0.348428 0.439854 0.445318 0.587633 0.473863 0.598036 0.816573 0.332896 0.207457 0.338404 1.04352 0.493372 1.0031 0.728453 0.303855 0.384093 0.185363 0.72119 0.306778 0.630201 0.680702 0.693074 0.25957 0.769964 0.999402 0.748025 0.526909 0.123551 0.319116 0.456007 0.919941 0.778075 0.384316 0.560315
0.610985 0.960991 0.655045 0.993977 0.48138 0.709996 1.011 0.199664 0.539609 0.334938 0.899656 0.57573 0.357509 0.871186 0.657584 0.145757 0.442438 0.0131467 0.274513 0.745852 0.914045 0.360598 0.223871 0.818837 0.360245 0.214417 0.168882 0.910264 0.22863 0.370425 0.233351 0.977749 0.524188 0.186919 0.575131 0.416183 0.718758 0.986426 0.373147 0.854762 0.827536 0.532703 0.268241 0.454617 0.431362 0.475638 0.613724 0.861135 0.0497586 0.224898 0.327097 0.938331 0.383917 0.863789 0.825225 0.407499 0.517717 0.452719 0.695458 0.28639 0.655496 0.803938 0.867098 0.503647 0.792749 1.13929 0.811978 0.605518 0.277797 0.149339 0.32824 0.749791 0.763009 0.483791 0.601662
0.819819 0.919707 0.60486 0.921997 0.487446 0.637144 0.953856 0.144176 0.39567 0.197346 1.01115 0.548162 0.628415 0.864832 0.751153 0.389729 0.24633 0.262239 0.235725 0.720375 1.00845 0.424489 0.363989 0.849136 0.484419 0.297446 0.24801 0.937531 0.353482 0.349442 0.421924 0.844576 0.593328 0.173631 0.654536 0.328389 0.788154 0.979158 0.398248 0.843182 0.885389 0.271307 0.193638 0.59508 0.663402 0.463439 0.603453 0.863451 0.17266 0.0993893 0.484881 0.842653 0.552263 0.890023 0.666562 0.36499 0.352108 0.390384 0.730907 0.109843 0.535194 0.746038 0.627393 0.484674 0.847364 1.18052 0.572653 0.657494 0.0570834 0.0923737 0.434028 0.829454 0.852764 0.645665 0.448979
0.718521 1.00574 0.571152 1.05778 0.410042 0.779597 0.911767 0.393658 0.614808 0.187345 1.03806 0.339852 0.599124 0.981907 0.599007 0.244174 0.284724 0.209331 0.212145 0.73061 0.796477 0.184101 0.31006 0.97964 0.306967 0.493521 0.109193 0.925688 0.420565 0.420108 0.225988 0.901734 0.599892 0.189495 0.723749 0.503012 0.64595 1.07136 0.521284 0.710313 0.739962 0.474089 0.345581 0.562991 0.510327 0.306369 0.707857 0.976166 0.156087 0.06504 0.568998 0.97709 0.406079 0.783747 0.696826 0.235612 0.44961 0.36749 0.667169 0.150079 0.653765 0.771038 0.668493 0.50509 0.73242 1.10179 0.764718 0.525733 0.112638 0.153567 0.359611 0.839228 0.767352 0.454623 0.511281
0.603963 0.889566 0.408466 0.798543 0.466491 0.628359 0.97958 0.386802 0.440983 0.172103 0.907155 0.53315 0.35068 1.04628 0.693689 0.296166 0.349757 0.283899 0.249571 0.669356 0.990608 0.330398 0.389172 0.804024 0.301369 0.494217 0.235163 0.907386 0.172427 0.379991 0.214965 0.81918 0.592669 0.256463 0.557517 0.459869 0.646997 0.921343 0.536346 0.948647 0.75778 0.509777 0.492323 0.622712 0.631246 0.564519 0.815352 0.738099 0.249078 0.0918995 0.565233 1.07484 0.571257 0.79015 0.660663 0.505584 0.557545 0.180421 0.663914 0.303434 0.579469 0.912232 0.655948 0.294789 0.98879 1.06779 0.627384 0.434263 0.0749655 0.253387 0.351839 0.986849 0.6502 0.633579 0.588585
0.72581 0.98699 0.622595 1.01061 0.358295 0.714457 0.804869 0.172908 0.508474 0.334937 0.926151 0.511851 0.364939 0.808232 0.576284 0.273969 0.43238 0.143213 0.34533 0.871415 0.945704 0.26048 0.351236 1.07477 0.334495 0.412381 0.0839438 0.858519 0.441133 0.203191 0.413437 0.776719 0.680193 0.15077 0.599484 0.493798 0.597758 1.00778 0.633651 0.732648 0.709326 0.442677 0.343513 0.5329 0.669752 0.293156 0.557653 0.83894 0.218911 0.0745651 0.381049 0.793429 0.421378 0.822777 0.808559 0.316381 0.358356 0.229965 0.569508 0.215573 0.592834 0.840256 0.697489 0.40104 0.844766 0.984102 0.791335 0.587764 0.158508 0.193498 0.421861 1.01052 0.646052 0.491938 0.340855
0.879143 0.974821 0.519731 1.05002 0.448971 0.900736 0.828344 0.366092 0.489316 0.157152 1.08869 0.60154 0.442622 0.967061 0.598824 0.261762 0.223581 0.115083 0.213739 0.815091 0.727098 0.422171 0.103896 0.920609 0.454423 0.436905 0.282689 0.86284 0.435916 0.40482 0.171762 0.957275 0.436173 0.394056 0.652911 0.307192 0.764399 1.03835 0.431696 0.869401 0.896248 0.497317 0.231019 0.731629 0.654014 0.414515 0.70998 0.794624 0.112872 0.176398 0.317862 0.865701 0.488925 0.908373 0.766939 0.502005 0.535728 0.160351 0.819707 0.354143 0.521696 0.915485 0.897107 0.420411 1.01613 1.01444 0.757419 0.552782 0.164076 0.122251 0.332709 1.00329 0.798248 0.500894 0.36484
0.808101 0.909738 0.666456 0.959609 0.537659 0.642547 0.855331 0.210606 0.497648 0.11729 1.04114 0.470537 0.493122 0.905398 0.732462 0.292823 0.169991 0.119102 0.158539 0.685704 0.799113 0.279859 0.273297 0.978833 0.419569 0.382827 0.28461 0.906625 0.241201 0.211093 0.223862 0.751347 0.524885 0.170064 0.567226 0.420498 0.739455 1.01449 0.361835 0.762197 0.787512 0.440509 0.233696 0.718975 0.693372 0.436131 0.773381 0.742921 0.217728 0.148464 0.448255 0.803622 0.627296 0.823172 0.689866 0.334443 0.363808 0.272342 0.56269 0.0896482 0.63307 0.914241 0.877926 0.319452 0.959199 1.15806 0.630316 0.385225 0.290819 0.255872 0.344567 0.824005 0.809335 0.456879 0.389593
0.606952 0.832936 0.607857 0.855312 0.443633 0.744092 0.828221 0.207764 0.569271 0.140612 1.03114 0.426841 0.465076 0.980531 0.569281 0.378445 0.21082 0.167095 0.253799 0.632172 0.782732 0.421501 0.273027 1.01397 0.42595 0.240242 0.231368 1.1269 0.3618 0.465683 0.419783 1.03901 0.511447 0.311032 0.576126 0.296723 0.663757 0.790476 0.478557 0.74342 0.838631 0.441301 0.462794 0.577016 0.514655 0.389666 0.566836 0.954268 0.274885 0.220633 0.518829 0.82018 0.398365 1.00627 0.893188 0.345941 0.521231 0.438906 0.821257 0.176854 0.676793 0.749562 0.885977 0.31954 0.856741 1.03664 0.588771 0.460015 0.10522 0.242877 0.386585 0.830687 0.653375 0.52999 0.566872
0.692206 0.926899 0.571174 0.916312 0.443061 0.715785 0.976241 0.368718 0.543636 0.0851343 0.945398 0.457925 0.525324 1.03078 0.625792 0.27136 0.315929 0.036676 0.278719 0.730472 0.875656 0.392764 0.290342 1.02606 0.289077 0.455558 0.276988 0.860577 0.411507 0.388698 0.232209 0.952714 0.542736 0.196458 0.76762 0.252943 0.626656 0.99023 0.429868 0.76797 0.700874 0.287765 0.396228 0.647181 0.465161 0.511013 0.659604 0.753547 0.119111 0.309547 0.474859 1.01834 0.410977 0.869268 0.927251 0.302894 0.584876 0.4575 0.718986 0.0975701 0.690272 0.800731 0.631599 0.339525 0.836066 0.999344 0.751843 0.621081 0.194552 0.119074 0.347641 0.915061 0.572505 0.439144 0.611756
0.863211 0.80751 0.371566 0.808098 0.498563 0.826542 0.842189 0.273599 0.592395 0.206494 0.961846 0.326256 0.387804 1.04425 0.648055 0.3854 0.301389 0.225627 0.125705 0.824426 0.821995 0.282859 0.379799 0.864785 0.274836 0.208117 0.222959 1.12982 0.30089 0.407915 0.279867 0.779457 0.492475 0.301922 0.589265 0.407414 0.803667 1.04417 0.607498 0.969617 0.873463 0.370023 0.214216 0.726579 0.64172 0.470533 0.81902 0.93327 0.142087 0.21061 0.477243 0.96342 0.608015 0.824179 0.793893 0.488833 0.359132 0.194126 0.637808 0.127743 0.756086 0.884464 0.71974 0.352057 0.882483 0.968138 0.691231 0.380401 0.0325435 0.296594 0.204624 0.864412 0.740823 0.55925 0.352173
0.622934 0.912574 0.371747 1.05199 0.376534 0.790991 0.942004 0.334038 0.45697 0.234143 0.841939 0.523844 0.509206 0.893864 0.749959 0.237466 0.282631 0.0782866 0.304593 0.666435 0.769406 0.31131 0.185703 0.921054 0.354199 0.415716 0.185101 0.90252 0.358428 0.25059 0.41399 0.846995 0.431511 0.226556 0.745729 0.235964 0.703489 1.0647 0.443588 0.809143 0.884981 0.272195 0.236638 0.448931 0.643121 0.303826 0.680588 0.71134 0.104633 0.338397 0.39189 0.930759 0.371141 0.988058 0.893475 0.420536 0.608381 0.424706 0.569442 0.271726 0.684021 0.892905 0.6707 0.345683 0.969315 0.9789 0.711937 0.63269 0.314194 0.144854 0.417338 0.882174 0.580498 0.598432 0.576636
0.83265 0.90561 0.651589 1.06053 0.37258 0.672334 0.921646 0.249566 0.565139 0.148004 1.12346 0.587865 0.409329 1.04945 0.572612 0.292296 0.344877 0.242763 0.0946576 0.895537 0.812545 0.425159 0.350717 0.880423 0.335014 0.28569 0.304918 0.993809 0.29506 0.236228 0.268202 0.935645 0.433373 0.127142 0.616643 0.234792 0.68808 1.02657 0.471065 0.77892 0.839834 0.344137 0.195317 0.484494 0.583658 0.389811 0.700294 0.964387 0.266862 0.106485 0.395098 0.976622 0.558529 0.999013 0.670902 0.447549 0.508101 0.300916 0.696327 0.155565 0.625609 0.729171 0.719576 0.385968 0.823938 1.12506 0.697619 0.368371 0.136618 0.33416 0.312199 0.974506 0.768722 0.599737 0.525813
0.691185 0.790727 0.616639 0.847613 0.415325 0.662984 0.78765 0.143502 0.383494 0.127392 1.01801 0.51434 0.392545 0.799592 0.522444 0.238943 0.283494 0.23374 0.172702 0.732648 0.87088 0.186134 0.231012 1.03049 0.504717 0.206255 0.0742538 1.08904 0.42454 0.470108 0.161664 0.78678 0.62933 0.140323 0.516155 0.395103 0.771608 1.0375 0.348537 0.853509 0.911808 0.4712 0.355164 0.617934 0.4514 0.452743 0.648324 0.718053 0.147437 0.245268 0.381766 0.835944 0.57395 1.0026 0.825327 0.249666 0.368789 0.206713 0.569684 0.201461 0.582356 0.778019 0.734857 0.488124 0.883734 1.1544 0.700504 0.661272 0.269709 0.151321 0.307259 0.886015 0.821589 0.519956 0.377047
0.763922 1.03363 0.665206 1.05826 0.331391 0.736493 0.776576 0.411301 0.550826 0.107886 1.11251 0.581134 0.617055 0.946335 0.604071 0.312375 0.400273 0.257057 0.0875982 0.706102 0.952052 0.404428 0.342132 0.933227 0.315182 0.278195 0.190558 0.877276 0.33962 0.44011 0.153939 0.871037 0.558111 0.188093 0.699956 0.363434 0.670551 1.02106 0.423431 0.822062 0.820959 0.361123 0.485566 0.608103 0.506288 0.532801 0.846947 0.824697 0.186787 0.250492 0.538218 0.845912 0.57846 0.771282 0.801047 0.257157 0.481339 0.355821 0.550119 0.0611031 0.505517 0.711592 0.874845 0.283961 0.848799 1.13865 0.623131 0.542621 0.256974 0.15154 0.300636 0.826445 0.657668 0.606365 0.403617
0.697366 1.03929 0.478235 1.02268 0.565259 0.65092 0.790896 0.242027 0.349624 0.326933 0.936127 0.579955 0.48833 0.861924 0.597741 0.248539 0.356933 0.136203 0.237681 0.70054 0.935061 0.260668 0.27266 0.9054 0.402506 0.355323 0.186914 1.10748 0.338794 0.40493 0.287214 1.02513 0.524118 0.117353 0.572688 0.325939 0.642852 0.822343 0.620183 0.929563 0.696711 0.360575 0.289735 0.55327 0.453212 0.559034 0.558622 0.962163 0.205553 0.164599 0.353694 0.970449 0.469375 0.99341 0.71741 0.386654 0.520667 0.286975 0.7292 0.301327 0.557467 0.87542 0.904045 0.43762 0.890145 1.0185 0.627599 0.383288 0.162296 0.23237 0.191902 1.01339 0.716752 0.415716 0.45754
0.731286 0.923158 0.557752 1.09577 0.398379 0.78665 0.912746 0.133905 0.549528 0.103709 0.867963 0.585301 0.404423 0.839683 0.754704 0.175335 0.381614 0.0898998 0.108835 0.620503 0.948879 0.418488 0.243774 0.944947 0.432233 0.28327 0.332675 1.06431 0.304638 0.216428 0.224414 0.985336 0.430002 0.38218 0.668945 0.335144 0.56462 0.898664 0.526573 0.930868 0.914123 0.495726 0.357382 0.456053 0.65321 0.494974 0.763302 0.794917 0.0564122 0.173322 0.404064 1.08022 0.473083 0.801282 0.653343 0.231534 0.54177 0.416253 0.619381 0.222695 0.621084 0.783774 0.683943 0.449921 0.810476 1.1996 0.51613 0.657845 0.106948 0.338125 0.419556 0.955199 0.829118 0.631571 0.59509
0.879755 0.859373 0.509478 0.935938 0.426585 0.705119 0.840088 0.25866 0.557034 0.286881 1.12279 0.580454 0.598537 0.937325 0.705993 0.372305 0.39266 0.301948 0.249439 0.863713 0.725114 0.184871 0.353574 1.0189 0.481355 0.483274 0.141763 0.932251 0.340947 0.393754 0.346202 0.906168 0.542192 0.236243 0.638237 0.443103 0.791557 0.915743 0.576699 0.884051 0.866879 0.402467 0.26638 0.622297 0.584847 0.552047 0.810085 0.943593 0.173218 0.0570029 0.384346 0.791676 0.363216 0.807327 0.876229 0.506155 0.526801 0.209972 0.635316 0.275216 0.661424 0.852704 0.851425 0.365327 0.912371 1.03348 0.544923 0.384275 0.149397 0.241778 0.207501 0.782159 0.801839 0.396885 0.599209
0.611697 0.808574 0.590106 0.932429 0.32747 0.702396 0.795838 0.175623 0.605499 0.312472 1.02684 0.38626 0.508121 0.961267 0.689956 0.307139 0.345168 0.207877 0.32726 0.640469 0.815846 0.227339 0.384507 0.904157 0.319246 0.332107 0.308003 0.857516 0.289606 0.360756 0.296097 0.861199 0.45305 0.238402 0.784614 0.33963 0.533209 0.970201 0.558405 0.784591 0.753235 0.315527 0.415065 0.661485 0.688892 0.331726 0.60439 0.757752 0.197878 0.0518501 0.509719 0.838398 0.598391 0.928203 0.661166 0.353876 0.361512 0.245982 0.662876 0.237029 0.743913 0.695278 0.716104 0.394506 0.829271 1.14738 0.650065 0.452819 0.147604 0.284585 0.250085 0.827899 0.656106 0.661443 0.3599
0.844245 0.91828 0.37589 1.0726 0.29733 0.886863 0.781566 0.341495 0.475835 0.196313 0.850877 0.601562 0.412392 0.998654 0.74607 0.301053 0.191326 0.0849872 0.209974 0.789052 0.899118 0.254576 0.193777 0.854488 0.232293 0.223001 0.237702 0.979114 0.25507 0.254742 0.389942 1.01095 0.3939 0.382046 0.743382 0.390198 0.747757 0.996401 0.532327 0.928771 0.804061 0.33106 0.385105 0.459655 0.459928 0.47322 0.778561 0.712949 0.0484628 0.243589 0.549307 0.920334 0.360875 0.759487 0.93237 0.362924 0.468678 0.44696 0.738954 0.33945 0.574285 0.648628 0.681506 0.311544 0.907421 1.00599 0.750357 0.658429 0.249541 0.162235 0.400321 0.921339 0.781718 0.371675 0.380541
0.827851 1.05113 0.447447 0.954876 0.474782 0.80694 1.008 0.410574 0.366849 0.122099 0.924628 0.404908 0.514316 0.854908 0.728788 0.408387 0.243072 0.289272 0.330523 0.627855 0.968349 0.303284 0.117113 1.07596 0.419848 0.35222 0.162751 1.03782 0.236658 0.310158 0.205738 0.791122 0.494814 0.175257 0.660053 0.21181 0.520219 1.0589 0.524241 0.896009 0.712033 0.414315 0.283542 0.491269 0.421934 0.48039 0.555582 0.722531 0.173719 0.0970073 0.424767 0.989485 0.379854 0.78399 0.778834 0.380796 0.337408 0.190627 0.733638 0.325894 0.492258 0.865282 0.689413 0.30507 0.749283 1.04372 0.623113 0.662425 0.113301 0.268347 0.223476 0.835081 0.793508 0.578912 0.50351
0.604319 0.797399 0.490059 0.873723 0.300737 0.662127 0.975037 0.308683 0.391217 0.102945 1.08643 0.493019 0.58771 0.807536 0.708298 0.188383 0.176888 0.250792 0.199862 0.65381 0.867666 0.309665 0.376849 0.919402 0.311072 0.214541 0.191765 1.04954 0.16374 0.269231 0.285895 0.861609 0.468957 0.225348 0.77633 0.339512 0.786427 0.815349 0.642068 0.776352 0.88272 0.497245 0.300907 0.558381 0.547727 0.2794 0.706209 0.880008 0.307859 0.0901148 0.384636 1.02643 0.475282 0.973834 0.844545 0.498574 0.507612 0.371003 0.70867 0.188296 0.696375 0.791261 0.708546 0.264411 0.918329 1.18494 0.783981 0.544111 0.0272118 0.34305 0.350471 0.991124 0.819661 0.612526 0.349817
