25 75
0.302909 0.815116 0.807518 0.229894 0.396931 0.460815 0.314026 0.36344 0.611624 0.463193 1.01858 0.521047 0.298577 0.447395 0.890115 0.511127 0.949142 0.603418 0.708928 0.735365 0.507619 0.2493 0.443062 0.512877 0.655602 0.466282 0.223608 1.06695 0.434472 0.90603 0.20884 0.904688 0.569352 0.859886 0.684672 0.602956 0.871178 0.847482 0.826723 0.821722 0.459689 0.770379 0.655695 0.328011 0.212423 0.0709522 0.792759 0.96604 0.307858 0.314865 1.15172 0.423633 0.663104 0.588247 0.744497 0.320763 0.103922 0.217575 0.148348 0.683203 0.466008 0.375428 0.993435 0.641881 0.811176 0.909987 0.281286 0.381718 0.612457 0.94572 0.545855 0.275322 0.294568 0.342215 0.846476
0.45247 0.865185 0.885018 0.292414 0.224351 0.285309 0.257015 0.370661 0.606476 0.542001 1.06235 0.498231 0.5006 0.409693 0.720619 0.438819 0.904023 0.537819 0.657453 0.830749 0.544251 0.239126 0.402806 0.42042 0.574793 0.514468 0.270431 1.02729 0.311699 0.962632 0.254129 0.871412 0.734525 0.853059 0.854064 0.474682 0.656024 0.927445 0.683149 0.777257 0.379565 0.814902 0.705478 0.32935 0.269723 0.127883 0.680423 0.738772 0.29464 0.266817 1.11008 0.404206 0.662953 0.46663 0.592357 0.255671 0.190197 0.158432 0.306387 0.714419 0.589916 0.19441 0.911662 0.5337 0.537435 1.00783 0.276479 0.216698 0.57563 1.00018 0.539515 0.134167 0.438487 0.100567 0.952891
0.447956 0.885506 0.876769 0.0161962 0.329735 0.416455 0.372535 0.388317 0.686991 0.428768 1.01956 0.596081 0.47589 0.249577 0.734628 0.51821 0.862843 0.411702 0.693595 0.948357 0.597461 0.348863 0.485601 0.482929 0.495368 0.482435 0.341684 1.15598 0.380914 1.17133 0.31696 0.934306 0.601543 0.702036 0.79014 0.438785 0.659874 1.10377 0.733225 0.913678 0.262015 0.850385 0.615415 0.221179 0.308666 0.335598 0.894058 0.994299 0.322362 0.254959 1.25438 0.333464 0.822141 0.584068 0.753687 0.145542 0.0815551 0.197504 0.144157 0.719417 0.446813 0.260607 0.977514 0.435424 0.814017 1.12201 0.306759 0.25105 0.66131 0.834957 0.582092 0.166894 0.317912 0.0717806 0.783502
0.517139 0.84074 0.902542 0.226009 0.148547 0.541742 0.394228 0.34815 0.835242 0.467184 1.1189 0.457719 0.386755 0.277506 0.776157 0.65916 1.05566 0.472828 0.565929 0.780278 0.48878 0.463814 0.41642 0.494207 0.660242 0.432625 0.293794 1.08219 0.521397 1.02135 0.174172 1.04036 0.564864 0.674677 0.823551 0.478905 0.743063 0.951048 0.668733 0.686174 0.530887 0.762382 0.769703 0.256203 0.315115 0.220578 0.853171 0.750548 0.199221 0.192586 1.04955 0.370722 0.651684 0.560837 0.679859 0.382013 0.325086 0.371103 0.373264 0.811484 0.334804 0.219547 0.852318 0.450219 0.753167 1.01175 0.2933 0.319985 0.511332 1.06274 0.672723 0.114882 0.387 0.247441 1.02787
0.499264 1.08354 0.710926 0.298748 0.331544 0.287628 0.319986 0.342152 0.827285 0.471224 1.12196 0.358787 0.376004 0.385214 0.742466 0.708202 1.00269 0.358413 0.769981 0.93885 0.474767 0.312157 0.594243 0.58701 0.584384 0.475714 0.30883 0.998763 0.3464 0.976598 0.143876 1.1356 0.586502 0.645639 0.620286 0.513457 0.90234 0.849557 0.811342 0.679632 0.480164 0.835582 0.793651 0.203454 0.194384 0.32811 0.80187 0.783765 0.319438 0.0835622 1.0405 0.45046 0.805991 0.583621 0.672497 0.36134 0.106647 0.245423 0.231106 0.754594 0.419319 0.310281 0.878432 0.446531 0.653784 1.06833 0.0911265 0.326138 0.545374 1.06231 0.675626 0.298306 0.217042 0.308781 0.974806
0.245448 0.910067 0.826752 0.236562 0.378199 0.521029 0.291044 0.443547 0.792725 0.589923 0.971383 0.422518 0.489758 0.294055 0.821589 0.669557 0.920694 0.375711 0.837874 0.711299 0.522326 0.252183 0.547576 0.364685 0.564143 0.515292 0.430536 1.06903 0.262011 0.895704 0.123181 1.02568 0.743849 0.62571 0.760924 0.528569 0.893558 1.02257 0.751346 0.948394 0.25995 0.831057 0.565343 0.195012 0.284126 0.145364 0.861945 0.822783 0.213171 0.148969 1.09588 0.466467 0.789581 0.601978 0.783772 0.341582 0.292692 0.278774 0.211066 0.865834 0.558827 0.377462 0.886316 0.426108 0.552221 0.886105 0.294549 0.274747 0.48422 1.04171 0.565004 0.012652 0.259551 0.22528 0.980047
0.512079 0.992059 0.870046 0.0402752 0.235908 0.334744 0.123965 0.355659 0.70085 0.567604 1.02764 0.34145 0.367891 0.35839 0.677619 0.651797 0.940601 0.35965 0.669732 0.72298 0.689534 0.183767 0.561163 0.364076 0.574407 0.387412 0.332711 1.08338 0.381369 1.12809 0.10774 0.900204 0.479406 0.827473 0.594269 0.56838 0.789512 1.03325 0.724371 0.720852 0.514013 0.831207 0.776294 0.143976 0.133657 0.268806 0.810054 0.875934 0.237121 0.321883 1.27276 0.430918 0.642754 0.721144 0.817525 0.356654 0.228573 0.261188 0.370828 0.648172 0.339069 0.251439 1.0255 0.529324 0.578523 0.952197 0.0621143 0.173281 0.493004 1.03787 0.669083 0.27149 0.282523 0.155283 0.90032
0.25694 0.961509 0.935877 0.0488178 0.297056 0.541115 0.186275 0.363402 0.652143 0.361002 1.20272 0.546558 0.503642 0.426412 0.679583 0.568308 0.980593 0.615842 0.713152 0.700458 0.701437 0.200544 0.428724 0.613869 0.706434 0.306408 0.447751 1.00394 0.305636 1.01509 0.362751 0.872911 0.754848 0.656313 0.790793 0.481719 0.879478 1.00795 0.876456 0.951063 0.38339 0.920213 0.80437 0.311053 0.305591 0.255283 0.954859 0.833717 0.262253 0.171533 1.12354 0.376916 0.769971 0.512295 0.720187 0.315199 0.226781 0.213132 0.303483 0.745896 0.422169 0.144966 0.847351 0.511699 0.526467 0.879241 0.23818 0.15285 0.708639 0.966501 0.573558 0.0140598 0.24889 0.0737116 0.972367
0.369883 0.919741 0.673678 0.268047 0.23498 0.270418 0.159663 0.211738 0.661509 0.383247 1.13878 0.428195 0.330492 0.417769 0.958464 0.561393 1.01816 0.585299 0.848024 0.765061 0.700831 0.416193 0.599855 0.551333 0.608681 0.534153 0.377453 1.0141 0.419615 0.925575 0.299597 1.05659 0.47368 0.875066 0.761584 0.405783 0.820219 0.946983 0.669029 0.848744 0.484855 0.735534 0.807966 0.341958 0.0895615 0.111194 0.931987 0.892044 0.0635808 0.134717 1.26603 0.279128 0.605973 0.631234 0.821017 0.414428 0.36682 0.29683 0.132721 0.734652 0.61969 0.383078 1.06863 0.697713 0.66442 1.12137 0.244389 0.284915 0.537545 0.946287 0.515302 0.0149408 0.423129 0.188642 1.02389
0.242891 0.927013 0.716503 0.0409367 0.162489 0.280513 0.400041 0.434849 0.80573 0.417668 1.1927 0.565918 0.445888 0.45164 0.81174 0.534266 1.05896 0.494686 0.757661 0.744503 0.622538 0.308605 0.418319 0.53045 0.703104 0.468112 0.348677 1.04948 0.421095 0.919289 0.286181 1.11949 0.537874 0.616351 0.82129 0.35072 0.910727 1.00739 0.792444 0.881306 0.351926 0.753369 0.741144 0.26049 0.0539682 0.13666 0.804039 0.986521 0.0541628 0.129411 1.24958 0.451964 0.887582 0.496236 0.845332 0.258962 0.221053 0.195301 0.330111 0.876718 0.451299 0.316155 0.994947 0.596448 0.638118 0.958549 0.0673712 0.368467 0.493381 1.07035 0.476707 0.252548 0.337078 0.326823 0.774036
0.424234 0.868113 0.810578 0.145016 0.365226 0.309977 0.188516 0.457392 0.79801 0.324463 0.990012 0.331652 0.470342 0.368628 0.933138 0.502297 0.97171 0.411997 0.768665 0.886298 0.594702 0.349308 0.6744 0.372067 0.720752 0.372729 0.292394 1.06532 0.502253 0.926717 0.192071 1.05814 0.756195 0.699677 0.782485 0.538748 0.850416 0.918995 0.873312 0.915513 0.432294 0.740111 0.727697 0.20831 0.0555123 0.121506 0.867575 0.974637 0.146611 0.174582 0.999608 0.285481 0.68469 0.643091 0.789055 0.384068 0.352762 0.338689 0.15485 0.721719 0.6109 0.268029 1.01017 0.713382 0.558009 0.988713 0.200364 0.285617 0.535998 0.871213 0.446737 0.173565 0.366357 0.20266 0.791039
0.310246 0.924028 0.83731 0.145875 0.169983 0.3916 0.332521 0.271144 0.614935 0.326238 1.02281 0.505459 0.532058 0.501216 0.956636 0.551028 0.85057 0.395891 0.587564 0.899089 0.435908 0.382544 0.573998 0.538355 0.502659 0.53317 0.456193 1.00979 0.45921 1.17716 0.359163 1.10886 0.462654 0.68013 0.683403 0.441604 0.683271 0.864733 0.807017 0.882556 0.314891 0.939877 0.838355 0.229243 0.312804 0.344352 0.927849 0.950355 0.21022 0.0378404 1.09201 0.388164 0.749204 0.521626 0.591518 0.222895 0.290074 0.392864 0.359072 0.851804 0.450053 0.345137 0.811466 0.708417 0.697203 1.03147 0.10975 0.133763 0.595403 0.934532 0.689634 0.272607 0.426538 0.169303 0.877369
0.343998 0.966756 0.877943 0.282068 0.348835 0.365853 0.18603 0.403138 0.58612 0.321209 1.13957 0.575079 0.29532 0.439949 0.889123 0.692915 0.875375 0.443833 0.694145 0.694782 0.499397 0.357649 0.496566 0.435217 0.476397 0.49582 0.303075 0.992611 0.289837 1.01608 0.287205 0.945588 0.487877 0.645964 0.600487 0.366824 0.895849 0.972854 0.697857 0.802665 0.504406 0.835566 0.717617 0.376569 0.33199 0.298175 0.772345 0.741377 0.323651 0.261476 1.22789 0.238015 0.696373 0.539554 0.843206 0.343781 0.263686 0.101706 0.397964 0.713345 0.4878 0.371793 1.03903 0.502168 0.526187 1.01458 0.22441 0.135807 0.746623 0.837623 0.666156 0.175137 0.296721 0.307142 0.918833
0.356149 1.04204 0.719736 0.292959 0.386947 0.507738 0.369025 0.452839 0.647704 0.556148 0.971453 0.548376 0.302386 0.368229 0.770128 0.558043 1.04767 0.563699 0.719067 0.799665 0.663371 0.245561 0.660608 0.471848 0.649796 0.43581 0.288015 0.989036 0.467005 1.08041 0.300342 1.04176 0.671958 0.804224 0.882578 0.543577 0.767471 1.10449 0.603693 0.738708 0.293376 0.71012 0.584596 0.189422 0.32634 0.214707 0.799389 0.804048 0.10275 0.221401 1.2708 0.292471 0.65532 0.621513 0.726619 0.214715 0.152769 0.304635 0.28498 0.891388 0.348364 0.238476 0.817662 0.70668 0.636941 1.01755 0.305991 0.161683 0.522611 1.07989 0.485089 0.232405 0.320634 0.0761327 1.0032
0.395303 1.07684 0.901475 0.203306 0.150635 0.275533 0.196841 0.290283 0.660253 0.409335 1.11196 0.528593 0.498162 0.484483 0.701125 0.571073 0.962188 0.565307 0.712466 0.787141 0.583762 0.386483 0.599264 0.605086 0.621987 0.523182 0.438194 1.24376 0.32613 0.937864 0.307598 0.910179 0.753672 0.79254 0.657665 0.513383 0.901867 0.950269 0.686664 0.770558 0.414015 0.803044 0.679814 0.41235 0.0369468 0.254269 0.856853 0.976218 0.245505 0.231117 1.23101 0.294869 0.671847 0.558631 0.822793 0.147555 0.36916 0.202361 0.157782 0.670939 0.507241 0.124155 0.878676 0.71728 0.622231 1.12825 0.144102 0.313007 0.731576 0.99074 0.669095 0.0800322 0.194427 0.074769 1.01954
0.499472 0.877394 0.660315 0.0175692 0.219794 0.365339 0.137988 0.399534 0.702183 0.432473 1.12345 0.428055 0.349513 0.34468 0.837604 0.591136 0.945756 0.452821 0.775437 0.762878 0.656104 0.278532 0.551591 0.384944 0.718401 0.424423 0.418226 1.20049 0.321887 1.13122 0.150254 1.13082 0.608961 0.858004 0.850423 0.40659 0.929396 1.10743 0.68104 0.937294 0.509013 0.93954 0.779703 0.265398 0.153687 0.144654 0.843571 0.822949 0.234935 0.334899 1.28133 0.460017 0.733521 0.580033 0.803624 0.354214 0.351667 0.238549 0.297298 0.850008 0.412482 0.102191 0.883078 0.676513 0.735118 0.970511 0.155515 0.100355 0.471647 0.891616 0.460844 0.305033 0.288576 0.334725 0.844049
0.31853 0.925079 0.701967 0.0589395 0.205872 0.355878 0.268683 0.369899 0.708408 0.600702 1.25198 0.361058 0.270533 0.458737 0.936977 0.465476 0.822344 0.626193 0.770414 0.729216 0.472301 0.372177 0.568489 0.392602 0.726715 0.457089 0.247282 1.22769 0.409178 1.15249 0.211647 0.94461 0.585476 0.827116 0.873956 0.545352 0.707678 0.91766 0.891374 0.657067 0.361511 0.694264 0.812242 0.342506 0.167572 0.275566 0.730743 0.845584 0.277121 0.0425978 1.15837 0.443595 0.631029 0.517012 0.563829 0.233277 0.2015 0.269116 0.29818 0.861783 0.532017 0.271499 0.787263 0.518466 0.776559 1.03261 0.247522 0.321102 0.675013 0.842146 0.669883 0.247298 0.449384 0.163571 0.918132
0.528596 0.95655 0.950397 0.155006 0.273873 0.521812 0.289687 0.376563 0.689134 0.3805 1.136 0.337494 0.351538 0.498832 0.834405 0.556601 0.973478 0.511483 0.621247 0.779412 0.588972 0.362992 0.657086 0.509776 0.439836 0.455595 0.444185 0.957006 0.293116 1.1035 0.262614 0.86057 0.514064 0.680519 0.768061 0.523619 0.713022 0.880843 0.836973 0.838749 0.30006 0.7411 0.766519 0.32966 0.297922 0.0842914 0.810027 0.942341 0.179945 0.110781 1.2781 0.40737 0.808635 0.53566 0.750802 0.188648 0.323901 0.31156 0.389567 0.74441 0.406734 0.281952 0.809809 0.532583 0.523393 1.01742 0.105278 0.0997272 0.504092 0.97714 0.716191 0.250934 0.299536 0.0972798 0.812896
0.473162 1.08975 0.708908 0.0846213 0.205417 0.290844 0.168207 0.320278 0.568906 0.527657 1.05312 0.503449 0.373249 0.271975 0.866029 0.455768 0.970076 0.566558 0.742044 0.7568 0.491987 0.474118 0.462638 0.587281 0.512351 0.348004 0.20834 1.2104 0.366555 1.01736 0.142197 1.08793 0.481439 0.78514 0.836392 0.531631 0.729721 0.922035 0.63354 0.903543 0.2895 0.682688 0.677775 0.339453 0.307467 0.149324 0.798149 0.910836 0.288286 0.226933 1.24704 0.241696 0.739513 0.612532 0.588507 0.15212 0.342758 0.395313 0.14266 0.671977 0.62166 0.251767 1.04313 0.502812 0.810074 1.11731 0.309635 0.34407 0.669062 0.890059 0.704036 0.279084 0.205579 0.14583 0.807397
0.341691 1.0324 0.770899 0.193328 0.345798 0.383965 0.211143 0.216433 0.639532 0.510859 1.19721 0.336833 0.553738 0.357197 0.718051 0.64821 1.02363 0.456584 0.700575 0.87564 0.715231 0.340701 0.538438 0.461038 0.557868 0.431058 0.383133 1.21467 0.512063 0.953823 0.160966 1.07896 0.711383 0.73174 0.622539 0.624837 0.933506 0.975443 0.842984 0.783514 0.435088 0.676357 0.571595 0.411833 0.113742 0.253286 0.688898 0.942924 0.200467 0.0815581 1.27302 0.311663 0.853449 0.53013 0.592603 0.371947 0.165612 0.367146 0.229013 0.792662 0.410535 0.201623 1.06755 0.598313 0.540883 1.00662 0.313211 0.14125 0.56422 0.957094 0.507606 0.113319 0.23353 0.222299 0.928062
0.37982 0.932417 0.754555 0.190908 0.249129 0.420604 0.225398 0.235579 0.570295 0.381181 1.19543 0.387468 0.50549 0.435527 0.936757 0.522935 0.973064 0.467228 0.844664 0.929558 0.480193 0.357114 0.604616 0.372582 0.479405 0.529642 0.324272 1.19515 0.252656 1.16937 0.260476 0.999537 0.555264 0.777095 0.867106 0.497051 0.7796 0.93575 0.883504 0.848196 0.353164 0.884964 0.680346 0.160387 0.0432399 0.311563 0.825331 0.98079 0.286762 0.201233 1.11702 0.17059 0.74665 0.569976 0.785024 0.282093 0.173216 0.386825 0.192401 0.792183 0.499644 0.298846 1.0273 0.423078 0.543351 1.02298 0.192662 0.239854 0.469012 0.817852 0.659393 0.0578356 0.303908 0.174814 0.969343
0.332129 0.849138 0.937352 0.256456 0.252681 0.347289 0.157264 0.222659 0.70946 0.562141 0.976936 0.522272 0.358885 0.236482 0.858764 0.612158 0.845433 0.393034 0.772758 0.699072 0.636003 0.254853 0.551182 0.61364 0.507569 0.384978 0.35574 1.20609 0.472391 0.921365 0.153898 1.14741 0.508762 0.823277 0.642457 0.602855 0.653187 1.06358 0.781168 0.910847 0.505577 0.852072 0.567787 0.116641 0.156025 0.355095 0.842381 0.89086 0.279806 0.0739287 1.19276 0.38791 0.890197 0.435773 0.830497 0.370535 0.144617 0.148872 0.260797 0.884323 0.579536 0.121615 0.808601 0.516144 0.67715 0.971958 0.24775 0.25362 0.739486 1.07537 0.582611 0.0324087 0.180233 0.286944 1.03163
0.25953 0.91756 0.736365 0.155304 0.158262 0.41072 0.404916 0.289914 0.63488 0.404207 1.13812 0.379827 0.520672 0.332776 0.719396 0.538021 0.87321 0.576862 0.568764 0.858862 0.438043 0.350939 0.466454 0.491623 0.567301 0.428015 0.481726 1.14508 0.252196 0.93542 0.371411 1.00318 0.481005 0.756399 0.814321 0.439672 0.785331 0.918437 0.898472 0.731764 0.287251 0.898321 0.771094 0.263123 0.163151 0.187805 0.862322 0.826934 0.0375332 0.314775 1.03029 0.450844 0.82978 0.691665 0.790173 0.289255 0.357627 0.30071 0.256888 0.678945 0.452849 0.226141 1.01716 0.690698 0.625115 0.953339 0.296605 0.0824834 0.706379 0.837861 0.597358 0.0750618 0.237616 0.278467 0.776568
0.358185 1.02686 0.674952 0.16683 0.218132 0.305006 0.170545 0.318187 0.768394 0.382462 1.0691 0.377273 0.548358 0.44085 0.798373 0.589401 1.05486 0.508458 0.845908 0.765177 0.451152 0.239395 0.41416 0.399947 0.702416 0.467587 0.389891 1.13746 0.439817 1.12826 0.338564 1.0275 0.550045 0.823262 0.664405 0.539815 0.694579 0.929204 0.625762 0.816367 0.266943 0.821812 0.597672 0.174021 0.207704 0.265467 0.850901 0.745472 0.209304 0.271999 1.17955 0.362161 0.83858 0.528038 0.817697 0.2929 0.119919 0.28231 0.14907 0.850574 0.418192 0.275828 0.906697 0.478762 0.746164 0.93995 0.311617 0.114562 0.75028 0.959787 0.578579 0.0450161 0.452458 0.17291 0.915695
0.534974 0.94588 0.941326 0.176893 0.301764 0.266825 0.225451 0.189231 0.611506 0.410677 1.09436 0.612063 0.554385 0.253041 0.779325 0.649325 1.06852 0.564096 0.620332 0.78197 0.432801 0.421134 0.67753 0.613323 0.591734 0.493672 0.3616 1.19889 0.263242 0.944036 0.120121 0.896309 0.654967 0.781294 0.606242 0.37184 0.82902 1.04232 0.810724 0.948997 0.317508 0.684095 0.730806 0.24651 0.0442719 0.0830844 0.865906 0.99853 0.165096 0.263178 1.14186 0.391591 0.785581 0.593237 0.693107 0.226995 0.341109 0.303386 0.12057 0.644355 0.547278 0.336481 0.934098 0.497348 0.576287 1.15089 0.230909 0.260604 0.653609 0.929719 0.602181 0.0296008 0.194844 0.272313 0.791953
