25 75
0.980049 0.255719 0.318724 0.582319 0.111806 0.3963 0.564737 0.470586 0.812368 0.317666 1.12766 0.806851 0.274495 0.634355 0.728394 0.249071 0.102704 0.222683 0.771891 0.495074 0.61394 0.094773 0.772524 0.684411 0.806998 0.62166 0.978694 1.14615 0.699278 0.308793 0.201344 0.248893 0.990574 0.767058 0.705037 1.13032 0.758224 1.00533 0.305022 0.31858 0.517395 0.0556246 0.804583 0.600458 0.294239 1.18552 1.00585 1.06852 1.19504 0.84814 0.108369 0.711445 0.263639 0.415687 0.376046 0.127464 0.689683 0.492656 0.281659 0.552276 0.170844 0.545442 0.766044 0.354442 0.754781 0.528918 0.607737 0.808597 0.524252 0.801456 1.01697 0.764887 0.80083 0.682109 0.335465
1.01758 0.176365 0.217835 0.593994 0.315599 0.417635 0.330028 0.399385 0.688609 0.498903 1.06816 0.675593 0.392396 0.530923 0.854887 0.392173 0.0476346 0.0560299 0.687775 0.40556 0.683984 0.337063 0.702576 0.472898 0.862271 0.622318 0.863512 1.09031 0.560813 0.314739 0.0670104 0.309462 1.12671 0.680816 0.618851 0.865063 0.861889 0.872169 0.269522 0.367365 0.588226 0.24188 0.676028 0.665153 0.197156 1.10097 0.886296 0.830171 0.997513 0.836213 0.177754 0.536267 0.531183 0.468575 0.279163 0.0406583 0.553687 0.356602 0.115581 0.467383 0.242192 0.480463 0.75592 0.332372 0.738442 0.454523 0.592033 0.800547 0.532042 0.891199 0.987729 1.00127 0.735828 0.728952 0.577497
0.976756 0.271862 0.445697 0.602593 0.211695 0.305909 0.470051 0.326944 0.565199 0.330982 1.17947 0.73314 0.532024 0.516563 0.691663 0.457466 0.193904 0.117107 0.680209 0.312709 0.793428 0.189257 0.937403 0.542886 0.76181 0.617381 0.983595 1.11312 0.615387 0.23728 0.280084 0.277713 1.13539 0.746535 0.693085 1.09001 0.991958 0.747793 0.32158 0.304283 0.594628 0.229542 0.702344 0.685572 0.295778 1.00602 0.947685 1.00499 1.14826 0.876593 0.109328 0.528805 0.505722 0.428331 0.442986 0.283436 0.471205 0.538651 0.216812 0.589172 0.333034 0.59537 0.94979 0.280773 0.934296 0.612199 0.670789 1.01988 0.396544 0.812076 0.783545 1.04214 0.655048 0.797734 0.378421
0.876525 0.240208 0.363774 0.541201 0.20679 0.250261 0.282857 0.349328 0.54851 0.256081 1.13134 0.906877 0.333287 0.752772 0.682844 0.511259 0.187566 0.0155399 0.867054 0.388912 0.841509 0.0490687 0.709033 0.451355 0.700141 0.63009 0.86037 1.07359 0.591224 0.100821 0.052334 0.214477 1.16362 0.851721 0.6323 0.913227 0.943058 0.94772 0.24926 0.498677 0.62815 0.348187 0.611868 0.855427 0.190061 1.21232 0.885833 0.891574 1.14741 0.729484 0.190383 0.535396 0.318184 0.651713 0.321044 0.253128 0.617277 0.431124 0.356981 0.603357 0.400275 0.720579 0.952023 0.281579 0.798905 0.485897 0.723015 0.945166 0.510166 0.873736 1.01411 0.757424 0.598709 0.824259 0.530026
0.832199 0.149017 0.280213 0.381857 0.294743 0.530351 0.581596 0.269284 0.766487 0.417477 1.07065 0.876843 0.386736 0.773228 0.637847 0.480946 0.310875 0.168078 0.749743 0.582535 0.642771 0.130551 0.860931 0.67757 0.715561 0.476502 1.03367 0.901733 0.813028 0.247484 0.049229 0.418208 1.23339 0.884459 0.52204 1.08131 0.846362 0.74588 0.149862 0.318789 0.446143 0.219694 0.628812 0.629433 0.105745 1.2328 0.861213 0.921276 1.18397 0.739928 0.0754829 0.591999 0.37592 0.454978 0.211459 0.0729204 0.452357 0.363324 0.208924 0.463425 0.240437 0.738567 0.733459 0.495412 0.729828 0.591804 0.767471 0.820771 0.325427 0.867491 1.02303 0.860356 0.632958 0.761921 0.459555
0.923216 0.183949 0.46078 0.511181 0.126723 0.509623 0.322785 0.391137 0.718958 0.311017 0.991042 0.870813 0.539329 0.662022 0.779781 0.398669 0.0708705 0.274508 0.738978 0.596931 0.689703 0.0847625 0.936915 0.711515 0.613601 0.558041 0.978017 0.87625 0.669299 0.285206 0.0423526 0.209841 1.16849 0.602128 0.530193 1.05774 0.990916 0.741252 0.282886 0.36072 0.653411 0.353241 0.653024 0.625556 0.0308003 1.07215 0.876137 0.945989 1.25503 0.904934 0.199629 0.749609 0.460039 0.434052 0.42073 0.230403 0.65582 0.496478 0.280605 0.47994 0.2782 0.514098 0.749293 0.48893 0.845988 0.612382 0.613846 0.893002 0.316447 0.939559 0.936098 0.975968 0.656229 0.651291 0.467928
1.01129 0.419894 0.267656 0.496125 0.084555 0.401507 0.475217 0.397527 0.765511 0.404917 0.94742 0.794673 0.449416 0.788261 0.700189 0.404496 0.216211 0.181559 0.688115 0.323235 0.80945 0.236607 0.901497 0.417733 0.626137 0.573886 1.03979 0.988071 0.629944 0.186526 0.0768661 0.394387 1.15108 0.765418 0.593817 1.09381 0.86698 0.947257 0.115635 0.403843 0.487264 0.0996147 0.645882 0.627143 0.213005 1.06261 1.10346 0.83075 1.14249 0.695734 0.0731688 0.581901 0.262952 0.58643 0.301668 0.0448328 0.665792 0.576161 0.21527 0.467454 0.377858 0.56393 0.660273 0.323068 0.832498 0.417578 0.599531 0.959278 0.516849 0.973472 0.999301 1.03516 0.71145 0.737763 0.373113
0.896867 0.22602 0.238265 0.308769 0.322365 0.485773 0.578983 0.432971 0.724768 0.439256 1.06173 0.809913 0.34054 0.589653 0.700292 0.259568 0.268669 0.194984 0.889484 0.47029 0.891963 0.238327 0.889954 0.471517 0.626834 0.387158 0.962294 1.15298 0.684908 0.164295 0.141458 0.43933 1.03646 0.641947 0.482595 1.13209 0.894401 0.931561 0.0917548 0.301841 0.511727 0.108308 0.796094 0.839915 0.28895 1.13303 0.881801 0.91929 1.05061 0.910616 0.217331 0.534858 0.484552 0.498815 0.245915 0.304754 0.461412 0.329539 0.360042 0.355525 0.362088 0.562826 0.859892 0.48395 0.708951 0.5057 0.748187 0.979821 0.244 0.810015 0.956723 0.982858 0.569271 0.681585 0.598072
1.00287 0.416166 0.414619 0.401801 0.336166 0.446466 0.557192 0.368191 0.786019 0.325112 1.15294 0.763705 0.546942 0.718301 0.600322 0.28179 0.0622416 0.170457 0.633604 0.439793 0.881325 0.0490857 0.695466 0.561513 0.805825 0.452246 1.10442 0.885236 0.670055 0.246564 0.145879 0.369689 0.945688 0.737188 0.597763 0.868507 0.849501 0.814263 0.197916 0.264807 0.522455 0.152266 0.700616 0.622978 0.248854 1.01929 0.920696 1.07848 1.08597 0.934828 0.257113 0.653084 0.480838 0.498919 0.37199 0.294129 0.532203 0.375756 0.321928 0.478487 0.355023 0.623114 0.865103 0.381123 0.871747 0.541425 0.567858 1.0226 0.411351 0.98225 0.968041 0.857109 0.70882 0.740968 0.58628
0.85963 0.412774 0.402024 0.358227 0.343089 0.357342 0.302161 0.287199 0.782327 0.398537 1.09965 0.790735 0.446793 0.642344 0.637868 0.377548 0.243958 0.16964 0.74522 0.3737 0.792687 0.316304 0.70905 0.687884 0.652375 0.533475 0.880823 0.890415 0.70893 0.232968 0.0803836 0.175073 1.19481 0.659083 0.746291 1.01983 0.762447 0.850185 0.0988916 0.426603 0.634691 0.213594 0.839496 0.738047 0.20951 1.04907 1.05269 0.903309 1.12814 0.791554 0.33962 0.628516 0.272231 0.456 0.211138 0.118892 0.548257 0.386997 0.269589 0.389877 0.334614 0.57258 0.724192 0.475924 0.848548 0.505142 0.820906 0.833886 0.43607 0.835387 0.841055 0.995448 0.571902 0.799992 0.473831
0.986304 0.378508 0.41791 0.387587 0.102755 0.378085 0.338543 0.36931 0.596531 0.309093 0.93383 0.736844 0.346109 0.615449 0.622017 0.404888 0.264101 0.158484 0.906217 0.559444 0.64658 0.106753 0.861834 0.551014 0.681377 0.475323 1.06125 1.0699 0.648941 0.135797 0.276516 0.296841 1.00356 0.672713 0.48288 1.09683 0.963737 1.01461 0.0276023 0.347222 0.425672 0.200509 0.8991 0.763448 0.287499 1.22668 1.12576 0.919526 1.24754 0.74408 0.169439 0.61465 0.260429 0.431359 0.209171 0.184105 0.414962 0.382894 0.389533 0.504657 0.247365 0.545336 0.953889 0.508218 0.913715 0.513433 0.689688 0.922497 0.275657 0.808409 0.917359 0.818298 0.800937 0.790754 0.569357
0.879951 0.25943 0.247386 0.402666 0.125174 0.355495 0.284568 0.411849 0.79554 0.332072 1.04867 0.775513 0.422218 0.801595 0.676549 0.450795 0.241895 0.1168 0.880482 0.406792 0.698153 0.28142 0.804032 0.521277 0.879253 0.384737 1.02638 1.14935 0.819658 0.310015 0.0484548 0.185432 1.19009 0.71853 0.55795 0.988433 0.741428 0.789245 0.244036 0.441132 0.407072 0.321511 0.798404 0.679444 0.109572 1.05424 0.897743 1.09439 1.08306 0.923534 0.213824 0.580814 0.402721 0.481126 0.314228 0.0714843 0.638383 0.389045 0.268136 0.497845 0.402075 0.543038 0.688166 0.542491 0.810627 0.317946 0.7727 1.01678 0.520379 0.948256 0.804557 0.776486 0.761525 0.777933 0.470626
0.754308 0.4326 0.360479 0.436255 0.185148 0.362369 0.484903 0.261021 0.596844 0.33014 1.06933 0.674441 0.446213 0.690072 0.71966 0.32651 0.256308 0.301291 0.884111 0.314347 0.780759 0.251382 0.846402 0.478018 0.682459 0.377544 1.00418 1.10396 0.764415 0.272772 0.114537 0.408935 1.00857 0.760935 0.623257 0.869581 0.854511 0.98048 0.118193 0.477234 0.652775 0.09424 0.719212 0.728083 0.157762 1.04791 0.862229 1.0187 1.0611 0.813531 0.257392 0.605197 0.420607 0.658444 0.25718 0.155533 0.551374 0.39345 0.130703 0.359681 0.273034 0.479444 0.836201 0.482023 0.702686 0.536374 0.773093 0.907371 0.31758 0.951218 1.00403 0.848332 0.589446 0.794994 0.514371
0.868396 0.403646 0.262295 0.518247 0.27825 0.262368 0.365351 0.240439 0.685852 0.50355 1.11527 0.635069 0.490625 0.662662 0.607516 0.455753 0.167071 0.205068 0.750305 0.361926 0.742477 0.298585 0.728632 0.448067 0.750053 0.377122 0.942842 1.04912 0.836157 0.207439 0.21347 0.404438 1.09004 0.821474 0.667237 0.859732 0.904578 0.765524 0.320863 0.349142 0.564226 0.234286 0.666493 0.647551 0.285132 1.00314 1.02391 0.849686 1.12947 0.685092 0.164746 0.7016 0.521643 0.629843 0.341136 0.270096 0.461074 0.409032 0.337655 0.476334 0.184662 0.586646 0.932833 0.495557 0.873609 0.572798 0.680742 0.978457 0.348987 0.780827 0.872608 0.830085 0.802477 0.678557 0.463953
0.851638 0.306505 0.208349 0.401029 0.180575 0.35625 0.366638 0.269269 0.642315 0.303601 1.07632 0.766325 0.413911 0.567509 0.796317 0.480122 0.213591 0.22697 0.653357 0.458786 0.865434 0.11972 0.944507 0.431026 0.876255 0.543914 0.971843 1.07269 0.822669 0.233272 0.117458 0.170629 1.06995 0.776748 0.715047 0.950271 0.911169 0.990555 0.277667 0.536711 0.576318 0.223535 0.743111 0.635144 0.0304935 1.25624 1.07383 0.82978 1.19974 0.781347 0.345986 0.816442 0.337312 0.649455 0.432032 0.281603 0.579377 0.490034 0.388055 0.397447 0.192278 0.551986 0.733333 0.493831 0.880279 0.365837 0.68118 0.880052 0.240271 0.995235 0.82309 0.890156 0.845601 0.851891 0.562886
0.888094 0.250254 0.409879 0.55762 0.101576 0.267292 0.425389 0.355016 0.708939 0.238095 1.14266 0.748391 0.540137 0.786806 0.711379 0.492011 0.251697 0.217067 0.706607 0.367113 0.808925 0.238353 0.785872 0.633896 0.609091 0.620075 0.924572 1.04944 0.673288 0.310066 0.0921299 0.345138 0.960548 0.851236 0.512343 0.955359 0.915732 0.883532 0.184403 0.429724 0.422267 0.299754 0.770915 0.67019 0.107725 1.28291 0.93476 0.861937 1.12721 0.847488 0.319072 0.811039 0.540426 0.399521 0.392187 0.165828 0.426583 0.402149 0.279098 0.619455 0.341528 0.500107 0.676352 0.490708 0.882194 0.435833 0.822755 0.894717 0.397145 0.872175 0.90805 0.885012 0.773321 0.851532 0.45615
0.863781 0.364507 0.357547 0.401908 0.324893 0.43745 0.447751 0.405497 0.546427 0.475774 1.05912 0.662706 0.325774 0.509479 0.646113 0.262881 0.171017 0.0723571 0.714703 0.424111 0.667738 0.20333 0.720603 0.644719 0.658401 0.57996 0.867168 0.997134 0.832821 0.148763 0.0999243 0.432098 1.14519 0.877399 0.546457 1.12783 0.921802 0.956689 0.214238 0.455692 0.671725 0.245768 0.808074 0.76532 0.216515 1.01814 1.10905 1.06876 1.00086 0.685336 0.133066 0.807292 0.348151 0.53316 0.311667 0.230177 0.494725 0.584921 0.331228 0.57103 0.244784 0.665668 0.951238 0.572723 0.826261 0.565912 0.773047 0.920617 0.456463 0.833335 0.733561 0.831693 0.657265 0.705611 0.58023
0.773968 0.388879 0.293749 0.420274 0.136911 0.509508 0.400357 0.192212 0.653582 0.345145 1.09315 0.744467 0.46551 0.734381 0.728907 0.282282 0.115285 0.190954 0.897872 0.38778 0.727593 0.31265 0.943588 0.690172 0.709984 0.423017 0.965367 0.967304 0.832654 0.145292 0.153987 0.323804 0.970997 0.808065 0.721054 0.953519 0.918116 0.878654 0.201947 0.30756 0.595921 0.270051 0.617718 0.785608 0.270581 1.17025 0.983802 0.84964 1.19051 0.77832 0.0984964 0.66467 0.32841 0.448815 0.414791 0.294201 0.59688 0.472944 0.130225 0.439826 0.153519 0.722235 0.775322 0.351583 0.725477 0.345128 0.548809 0.894484 0.282871 1.00156 0.869333 1.02733 0.619828 0.648625 0.464284
0.973847 0.386672 0.229983 0.47563 0.248206 0.326735 0.52033 0.385474 0.702252 0.316903 1.11264 0.848165 0.380982 0.729554 0.5753 0.42396 0.0809589 0.0575957 0.888208 0.41469 0.820299 0.310695 0.811395 0.443826 0.705771 0.626429 0.887938 0.98517 0.606031 0.136407 0.228702 0.24215 0.948505 0.69658 0.518569 0.910806 0.893406 0.733998 0.13703 0.537835 0.501152 0.0718582 0.704781 0.668522 0.288241 1.12089 1.03643 0.891352 0.980659 0.725362 0.125709 0.709434 0.389909 0.546402 0.240917 0.170527 0.571663 0.350603 0.36643 0.404528 0.173521 0.710389 0.817487 0.41995 0.94034 0.396437 0.737906 0.923653 0.423515 0.908512 0.843306 0.997576 0.838075 0.615301 0.53787
1.0404 0.253523 0.268201 0.494064 0.314633 0.295661 0.464184 0.348156 0.604977 0.246796 1.09307 0.820643 0.391124 0.544057 0.582606 0.321835 0.0936821 0.248796 0.781831 0.608733 0.888814 0.192876 0.871008 0.489291 0.821941 0.615882 0.901336 0.990648 0.782721 0.159807 0.230496 0.446639 0.944632 0.846574 0.532347 0.857129 0.917209 0.859143 0.241405 0.347532 0.392161 0.344003 0.835672 0.824046 0.190532 0.999384 1.1346 0.861653 1.10878 0.789835 0.248479 0.665063 0.374778 0.466312 0.327133 0.242864 0.483712 0.460006 0.189766 0.450518 0.119707 0.739721 0.6958 0.438524 0.803695 0.430891 0.573331 0.917807 0.508636 0.74614 0.979084 0.899916 0.764511 0.790825 0.502974
0.892435 0.298967 0.195603 0.562476 0.297977 0.278238 0.333839 0.297668 0.748713 0.437324 0.933866 0.897742 0.549736 0.774816 0.835939 0.318285 0.210354 0.0645819 0.901839 0.391439 0.894525 0.313989 0.889269 0.599781 0.670026 0.597428 0.837057 0.982033 0.767968 0.336795 0.2905 0.269949 1.13322 0.79937 0.632099 1.04333 1.00504 1.00707 0.203874 0.436842 0.594297 0.166356 0.755873 0.819851 0.217444 1.2719 1.02834 0.966647 1.01104 0.935799 0.242163 0.544813 0.472338 0.417181 0.431638 0.139527 0.45517 0.464704 0.116085 0.485962 0.12284 0.620174 0.765841 0.379321 0.760083 0.504099 0.622642 0.777419 0.524957 0.838332 0.731254 1.01912 0.699736 0.617952 0.57902
0.788553 0.4396 0.454794 0.336425 0.128543 0.309681 0.52727 0.328622 0.818593 0.403902 0.99111 0.890068 0.315307 0.703164 0.639457 0.255045 0.27741 0.301906 0.715695 0.320194 0.620137 0.203386 0.812965 0.504842 0.86567 0.632122 0.955892 1.04875 0.705941 0.226002 0.22866 0.43847 1.1932 0.678891 0.584579 1.13702 0.913225 0.771023 0.132005 0.266951 0.622724 0.350834 0.62422 0.671148 0.291518 1.06278 1.03073 1.08597 1.00297 0.751229 0.264247 0.617219 0.27054 0.429413 0.380848 0.236803 0.517422 0.465756 0.381117 0.494042 0.147842 0.694375 0.810041 0.342564 0.963454 0.546343 0.54812 0.963202 0.253507 0.853356 0.862368 0.934696 0.769901 0.605742 0.606201
1.03323 0.394916 0.269132 0.390797 0.11778 0.248901 0.442229 0.206197 0.6565 0.346288 1.15133 0.773685 0.523623 0.734382 0.624863 0.46875 0.325271 0.30777 0.889736 0.574124 0.635361 0.329429 0.899793 0.540626 0.764273 0.482224 0.934939 1.13476 0.678264 0.0991382 0.235471 0.348507 1.05258 0.598892 0.513334 1.09133 0.913445 0.9573 0.0671211 0.403846 0.393102 0.216019 0.799986 0.774062 0.154014 1.26785 0.855667 0.922341 1.1184 0.903781 0.220499 0.592511 0.490615 0.448222 0.333558 0.0415719 0.536495 0.522905 0.137031 0.432947 0.313724 0.600123 0.681853 0.446126 0.967562 0.326429 0.746171 0.819904 0.277226 1.02618 0.835393 0.954161 0.840874 0.667783 0.354057
0.986912 0.18024 0.284977 0.51412 0.174835 0.506598 0.324727 0.278438 0.529712 0.46408 1.00073 0.787363 0.470373 0.72357 0.775716 0.436576 0.138077 0.0854972 0.910551 0.448776 0.713385 0.0968802 0.765131 0.682612 0.700718 0.505796 1.00593 0.948157 0.7107 0.112953 0.220792 0.376936 1.11113 0.695266 0.55229 1.01313 0.828262 0.863492 0.0427024 0.408527 0.640715 0.239314 0.6871 0.797156 0.0843473 1.26251 0.929479 0.963428 0.991954 0.665308 0.296038 0.547653 0.456218 0.520262 0.380499 0.0841541 0.617753 0.578175 0.160793 0.344365 0.387222 0.647704 0.78836 0.55041 0.920343 0.325086 0.60118 0.799654 0.458947 0.920709 0.767485 0.824253 0.697254 0.831008 0.401262
0.953961 0.261976 0.407969 0.420684 0.29187 0.342207 0.370928 0.315785 0.60368 0.452035 1.13958 0.81087 0.480589 0.690363 0.586605 0.429599 0.308825 0.301405 0.690124 0.596811 0.716721 0.0635984 0.852785 0.524432 0.887163 0.477737 1.06862 1.05188 0.769543 0.227416 0.314184 0.171544 1.21791 0.836632 0.496599 1.05814 1.01672 0.908667 0.244219 0.467526 0.652231 0.311636 0.897974 0.611071 0.113209 1.28169 1.00674 0.830789 1.09814 0.798522 0.245929 0.804137 0.540862 0.446235 0.191813 0.326927 0.658654 0.519796 0.256481 0.497528 0.123158 0.501876 0.943397 0.484255 0.825146 0.367018 0.793859 1.06834 0.45782 0.790787 0.84514 0.807323 0.789838 0.668825 0.457663
