25 75
0.653924 0.668746 0.951544 0.511841 0.700816 0.541735 0.569164 0.637497 0.274 0.24271 0.630259 0.68549 0.720031 0.798425 0.888988 0.864286 0.306158 0.556286 0.50095 0.392948 0.531668 0.209317 1.20051 0.950708 1.11434 0.182391 0.505188 0.613672 0.216975 0.242973 1.06922 0.748098 0.957051 0.343852 0.727408 0.960846 0.748575 0.55518 0.966018 0.925281 0.431339 0.179516 0.633587 0.215925 0.55709 0.310121 0.334504 0.819493 0.783934 0.688488 0.886755 0.908872 0.250259 0.289017 0.433036 0.477326 0.904161 1.03208 0.276557 0.3904 0.992831 0.408713 0.495944 1.18842 1.18402 0.41443 1.15651 0.407698 1.13993 0.762065 0.955498 0.772498 0.29682 0.860202 0.467508
0.565733 0.558839 0.801548 0.720873 0.689848 0.535078 0.581665 0.66314 0.175271 0.28171 0.567032 0.676868 0.901955 0.812832 1.04355 0.916004 0.435747 0.576216 0.516635 0.455021 0.503914 0.474205 1.08512 0.941985 0.973621 0.189578 0.477256 0.43955 0.219261 0.392247 0.944944 0.897006 0.99486 0.471596 0.580983 0.88959 0.825429 0.654288 0.786256 0.983697 0.547141 0.212375 0.71349 0.0953669 0.520405 0.346966 0.0707508 1.03167 0.801813 0.460534 0.921157 0.931352 0.326803 0.183453 0.554092 0.448494 0.882958 1.09376 0.170835 0.512538 1.18343 0.465113 0.498625 1.0454 1.18249 0.250597 1.12658 0.332976 1.11132 0.553787 0.916932 0.834488 0.454467 0.855706 0.407902
0.595545 0.604909 1.03174 0.61307 0.580155 0.369417 0.575158 0.3686 0.0877194 0.141611 0.430267 0.404481 0.728393 1.04072 1.02826 0.827743 0.406028 0.726608 0.653352 0.455569 0.367449 0.25843 1.11493 1.02105 0.982925 0.214837 0.375383 0.508353 0.274628 0.209054 1.15255 0.751711 0.916859 0.456369 0.494612 1.08191 0.786722 0.820671 0.959957 0.990366 0.30462 0.263387 0.846855 0.231435 0.44299 0.245943 0.278668 0.831212 0.773927 0.52235 0.902155 0.87696 0.493328 0.269978 0.460393 0.497119 0.706268 1.13216 0.327195 0.379992 1.15426 0.309847 0.660026 1.06727 1.20769 0.383661 1.05609 0.600695 1.2699 0.767682 1.01009 0.727921 0.353061 0.959361 0.597521
0.543091 0.509092 1.00996 0.615878 0.739021 0.41398 0.619203 0.393374 0.0674674 0.10395 0.603728 0.423879 0.774152 0.876223 1.0624 0.814816 0.360808 0.736461 0.409383 0.403409 0.359715 0.300902 1.10369 0.84823 1.11258 0.183681 0.405052 0.611136 0.260821 0.191905 0.934187 0.870243 1.07376 0.398709 0.466941 1.0857 0.977918 0.702985 0.797625 0.893433 0.260348 0.3377 0.627879 0.187973 0.410859 0.386542 0.315474 1.01104 0.775844 0.656509 0.891698 0.994961 0.528502 0.200369 0.533161 0.303548 0.90039 0.955311 0.139621 0.518878 1.04307 0.534982 0.606071 1.12641 1.07918 0.413838 1.10136 0.583155 0.988292 0.810046 1.04113 0.836399 0.32668 0.729491 0.388766
0.608124 0.662163 1.02929 0.690657 0.567864 0.503354 0.46691 0.569529 0.116489 0.203381 0.581209 0.541124 0.662497 0.903763 1.01097 1.02833 0.143364 0.696939 0.388394 0.377689 0.576792 0.280549 1.02507 0.814013 1.02931 0.320604 0.479097 0.469836 0.271795 0.198099 1.14749 0.668854 1.10332 0.518883 0.661205 0.936186 0.846917 0.541647 0.722134 0.94851 0.491336 0.0734424 0.871988 0.222251 0.677639 0.223082 0.216262 0.858105 0.617686 0.632927 0.658526 0.851495 0.449254 0.217037 0.451341 0.478508 0.650965 1.17461 0.25632 0.495654 0.997034 0.29906 0.629657 0.981219 1.26174 0.414667 1.17073 0.41246 1.02545 0.817559 1.03637 0.643142 0.574574 0.960918 0.320273
0.505446 0.611261 0.806481 0.648827 0.7409 0.365557 0.393282 0.651111 0.24223 0.196434 0.553226 0.460444 0.699843 0.785684 1.04187 1.05543 0.149605 0.663151 0.493204 0.422437 0.345011 0.192831 0.950823 0.947316 1.19306 0.161518 0.380713 0.584781 0.397104 0.111472 0.976834 0.618458 1.08234 0.424213 0.497023 1.04505 0.976476 0.633998 0.981272 0.951266 0.263987 0.353388 0.821158 0.126475 0.422626 0.411408 0.159807 1.06632 0.651478 0.472152 0.802458 0.85928 0.42231 0.168571 0.592795 0.317134 0.64382 1.17518 0.23973 0.448217 1.0135 0.530316 0.676889 1.13606 1.27036 0.149599 1.25054 0.493739 1.22809 0.711281 0.999903 0.824101 0.527226 0.892758 0.453435
0.636378 0.71927 0.850486 0.519777 0.725479 0.542291 0.538946 0.432536 0.0856427 0.186993 0.366543 0.646743 0.782418 0.857569 1.14374 1.04347 0.220698 0.686155 0.569857 0.23997 0.574828 0.376426 0.963448 0.785063 1.12511 0.369553 0.463764 0.472471 0.283255 0.260735 0.964294 0.645917 1.02601 0.432525 0.515952 1.11499 0.97553 0.667122 0.830369 0.987219 0.337285 0.307123 0.641863 0.207548 0.630316 0.438442 0.336188 0.968164 0.724179 0.528879 0.643004 0.779555 0.530406 0.161318 0.41272 0.497079 0.672382 0.983794 0.105857 0.490954 1.10964 0.342414 0.650298 1.22207 1.196 0.370436 1.20624 0.604476 1.02536 0.789379 0.933479 0.88779 0.403634 0.896835 0.524087
0.525089 0.568911 0.779444 0.701077 0.717172 0.329819 0.596765 0.624192 0.0875003 0.128484 0.377766 0.591331 0.851004 0.836782 0.900619 0.98342 0.37243 0.84765 0.426425 0.399169 0.54236 0.43145 1.16957 0.839222 1.00807 0.273099 0.301724 0.548386 0.357109 0.160154 1.16747 0.616059 1.04527 0.345873 0.61426 0.934715 0.896174 0.558643 0.936934 0.763877 0.38464 0.165297 0.784673 0.291447 0.476294 0.469048 0.222247 1.08244 0.78207 0.484996 0.634861 0.746935 0.34307 0.303482 0.491868 0.33654 0.908164 1.16881 0.307745 0.580947 1.11556 0.536474 0.680727 1.18085 0.983874 0.2676 1.2444 0.447161 1.21067 0.833699 0.959403 0.765199 0.52304 0.784237 0.371729
0.572476 0.682767 1.03952 0.704385 0.747546 0.397805 0.370907 0.47576 0.047052 0.24885 0.364469 0.640986 0.664265 1.05699 0.899273 0.917177 0.288883 0.730962 0.572043 0.420991 0.628251 0.479763 1.0905 0.798375 1.19571 0.112127 0.312423 0.468573 0.391924 0.279469 0.919039 0.839585 1.15428 0.38755 0.572854 1.10859 0.916123 0.785339 0.709416 0.850391 0.511375 0.217286 0.876603 0.0731204 0.634261 0.425332 0.317063 0.931771 0.686767 0.527403 0.667189 0.785134 0.266581 0.131847 0.408828 0.580557 0.918075 0.884746 0.372245 0.546591 1.1705 0.565304 0.531828 1.227 1.13352 0.260545 1.26223 0.59893 0.993463 0.677608 1.05467 0.855833 0.402948 0.748476 0.392818
0.715134 0.693001 0.926998 0.58876 0.529985 0.59728 0.374117 0.404789 0.220767 0.12106 0.495566 0.575403 0.690221 0.97531 0.904163 0.819573 0.154624 0.577156 0.531679 0.353364 0.536393 0.280278 1.1552 0.85077 1.12656 0.244399 0.518091 0.444966 0.293655 0.263966 1.1719 0.895584 1.14324 0.444959 0.541474 1.14551 0.963385 0.687104 0.821335 0.974914 0.524768 0.314906 0.87038 0.293913 0.440155 0.376521 0.359152 0.819545 0.638382 0.686787 0.70525 0.76003 0.246681 0.195732 0.382989 0.35697 0.912269 0.918816 0.0934748 0.603072 1.11652 0.567618 0.537837 1.12536 0.990107 0.418498 1.07297 0.385069 1.15088 0.566296 0.837446 0.881142 0.528721 0.877553 0.448643
0.518192 0.477641 1.05349 0.650673 0.760847 0.463521 0.389807 0.464079 0.308175 0.073861 0.420439 0.431421 0.80145 0.855665 0.941386 1.04441 0.267858 0.796069 0.543095 0.495417 0.401609 0.346289 1.02203 0.813166 1.08059 0.380764 0.490127 0.472874 0.260474 0.305783 0.960038 0.870177 0.917931 0.422359 0.653212 0.924241 0.824927 0.529101 0.974293 0.81391 0.37584 0.192851 0.872164 0.0360543 0.46363 0.454488 0.194604 0.84311 0.819594 0.544495 0.783012 0.839706 0.322852 0.167404 0.464906 0.462073 0.798983 1.11155 0.0732182 0.582795 1.08731 0.441354 0.555605 1.11761 1.2624 0.203778 1.2502 0.386582 1.03793 0.748676 0.872973 0.763646 0.301614 0.757132 0.523045
0.737667 0.465177 0.819498 0.737451 0.536358 0.401679 0.611621 0.402397 0.22054 0.0684454 0.377456 0.671214 0.786288 0.795039 0.894326 1.0261 0.181102 0.643446 0.461207 0.492976 0.466801 0.463173 1.04664 0.815668 1.01208 0.372043 0.293527 0.686769 0.268585 0.350725 1.01501 0.8537 1.12134 0.3319 0.6536 0.928064 0.955048 0.542916 0.979399 0.940258 0.279896 0.18063 0.91806 0.0413451 0.609689 0.439295 0.326038 0.849009 0.580502 0.557615 0.919519 0.744644 0.268751 0.156468 0.488426 0.385802 0.653166 1.10534 0.201486 0.594211 1.00733 0.400076 0.443326 1.15251 1.25926 0.194766 1.12691 0.493132 1.13204 0.578622 0.825367 0.707512 0.586556 0.810193 0.398255
0.482633 0.528628 0.79667 0.678763 0.643908 0.508547 0.644733 0.403567 0.314027 0.281801 0.539564 0.546558 0.739093 0.97727 1.06018 0.883283 0.37249 0.659727 0.570668 0.460347 0.566474 0.290414 0.974736 0.789071 0.950218 0.296515 0.371258 0.582601 0.316393 0.287021 0.887626 0.902883 1.17672 0.26666 0.672321 0.908038 0.94632 0.707033 0.934384 1.0058 0.4169 0.330506 0.878097 0.233095 0.42396 0.379532 0.0869272 0.838191 0.723342 0.508174 0.706107 0.754763 0.347704 0.204739 0.653676 0.305848 0.895366 1.14947 0.200018 0.508294 1.00927 0.43072 0.594964 1.07208 1.06625 0.345973 1.09291 0.534483 1.1496 0.614806 0.95794 0.763342 0.367613 0.927307 0.351372
0.624639 0.697812 0.855899 0.502121 0.770375 0.329672 0.496308 0.451323 0.0574269 0.0916585 0.63446 0.40408 0.91035 0.902899 1.126 0.940664 0.371255 0.747973 0.392458 0.39351 0.454819 0.359233 0.96302 0.891041 1.13416 0.249845 0.347181 0.699091 0.312931 0.207552 1.09522 0.759825 0.976026 0.244452 0.53792 0.867769 0.869634 0.788359 0.712315 0.994103 0.44909 0.189193 0.644037 0.127252 0.558355 0.409117 0.320825 0.87541 0.840541 0.506115 0.907163 0.702246 0.371307 0.21733 0.531623 0.38711 0.877803 1.07181 0.234141 0.533364 1.17622 0.485661 0.653949 1.14446 1.18131 0.366727 1.14401 0.508668 1.01776 0.751292 0.831893 0.785021 0.422 0.699553 0.330299
0.701826 0.695133 0.958888 0.727601 0.764058 0.557877 0.659687 0.465315 0.302183 0.242297 0.417456 0.552248 0.929562 0.832779 1.10331 1.0757 0.40135 0.604083 0.507856 0.387503 0.412317 0.283417 0.956703 0.982238 1.17961 0.282005 0.422137 0.653662 0.240896 0.264493 0.99591 0.86829 1.15879 0.384007 0.698924 0.996071 0.965609 0.622584 0.989363 1.05033 0.348876 0.223691 0.91973 0.289821 0.680554 0.455103 0.104782 0.818528 0.736881 0.669932 0.84597 0.964982 0.535293 0.23505 0.647607 0.581368 0.777473 1.11162 0.188992 0.56685 1.18974 0.487065 0.498271 1.22186 1.24724 0.143207 1.09256 0.578495 1.13173 0.702102 0.922689 0.722238 0.331195 0.780162 0.607666
0.661188 0.686011 0.84904 0.485999 0.577064 0.379017 0.572099 0.566671 0.05482 0.10707 0.478558 0.428408 0.691448 0.983933 0.898784 0.981407 0.3614 0.793435 0.631792 0.412813 0.503643 0.206596 0.935681 0.948155 1.17103 0.250068 0.38194 0.685664 0.23774 0.311498 1.12308 0.780017 0.929838 0.324899 0.568229 1.1464 0.982848 0.569186 0.902077 0.971679 0.303807 0.325888 0.867862 0.176781 0.655424 0.40162 0.263218 1.02744 0.661359 0.483602 0.636118 0.987055 0.482556 0.357394 0.429019 0.578758 0.644959 1.02914 0.317014 0.646554 1.05784 0.378583 0.485936 1.22855 1.03651 0.353006 1.11223 0.59979 1.18946 0.618082 0.827676 0.73846 0.582069 0.738262 0.580342
0.593259 0.446495 0.921356 0.601063 0.551147 0.494919 0.408829 0.647678 0.1471 0.260511 0.39335 0.494608 0.677976 1.06458 0.93774 1.02012 0.268909 0.74817 0.447354 0.332255 0.558147 0.469228 1.11887 0.823342 1.1685 0.351095 0.362581 0.562086 0.103788 0.126224 0.979298 0.687831 0.999058 0.522944 0.513421 0.939631 0.920694 0.596322 0.835546 0.848636 0.531482 0.119657 0.703146 0.162224 0.483366 0.312816 0.250267 1.09364 0.67836 0.502927 0.642878 0.741037 0.410323 0.186343 0.394144 0.404035 0.640038 1.03113 0.14625 0.385908 1.04215 0.425447 0.444852 1.10394 1.19444 0.352286 1.06184 0.44734 1.09299 0.681408 0.988293 0.711366 0.394006 0.912567 0.469636
0.651238 0.651404 0.814025 0.698984 0.629841 0.564579 0.447981 0.405486 0.163161 0.200947 0.384072 0.554861 0.696343 0.929697 1.12851 0.959863 0.326019 0.824027 0.602243 0.450397 0.582708 0.469637 0.931325 0.883717 1.16424 0.372894 0.418482 0.638755 0.29905 0.169891 1.02047 0.838394 0.899424 0.370724 0.580999 0.934624 0.756498 0.665008 0.805307 1.0595 0.393081 0.304358 0.88623 0.227872 0.630301 0.26541 0.264829 1.10267 0.635771 0.544179 0.77884 0.829228 0.522241 0.166869 0.520943 0.315819 0.929077 1.148 0.100731 0.434423 1.17022 0.376266 0.668925 1.2034 1.13697 0.222417 1.05928 0.367767 0.98885 0.63936 0.904082 0.709684 0.352788 0.705254 0.546436
0.775198 0.543746 0.87085 0.590859 0.703044 0.426857 0.478913 0.555167 0.113729 0.23315 0.436036 0.61427 0.817167 0.779983 0.973337 1.05052 0.430669 0.64309 0.374741 0.320361 0.575745 0.483935 0.96793 0.879135 1.04714 0.327613 0.336719 0.548928 0.241097 0.38012 1.16076 0.764289 1.0249 0.239463 0.623188 1.04258 0.927761 0.653663 0.907651 0.942863 0.292973 0.24616 0.88985 0.0471084 0.619758 0.408649 0.317561 1.00414 0.776644 0.699924 0.791762 0.990204 0.50945 0.0927783 0.439629 0.533286 0.6545 1.00136 0.211258 0.519695 1.07496 0.496695 0.447934 0.99441 1.20106 0.253808 1.00414 0.491999 1.17531 0.827085 0.952632 0.733869 0.370688 0.780509 0.403959
0.575082 0.680917 0.875599 0.506261 0.768959 0.370037 0.556287 0.586039 0.266709 0.128299 0.471428 0.544008 0.748885 0.919596 1.17372 0.971955 0.320419 0.716683 0.613482 0.292569 0.493639 0.398311 1.08055 0.77374 0.928549 0.147988 0.390993 0.685455 0.103223 0.160357 1.16657 0.900643 0.983901 0.345202 0.529625 1.153 0.846732 0.798571 0.850062 0.946519 0.366634 0.190715 0.762582 0.028358 0.414487 0.229618 0.26467 0.932033 0.784686 0.679312 0.63319 0.708057 0.524001 0.332986 0.508568 0.519502 0.799229 1.16002 0.235136 0.540011 1.13249 0.487648 0.450318 1.02481 1.24459 0.430561 1.2291 0.536562 1.24586 0.686607 0.927588 0.734332 0.356245 0.71365 0.59942
0.737347 0.476631 0.801022 0.718142 0.698969 0.520819 0.412805 0.43382 0.267931 0.200037 0.501517 0.425189 0.691586 0.950494 1.16189 0.793585 0.190838 0.792863 0.486838 0.358571 0.419015 0.274226 1.16377 0.912144 1.05888 0.35603 0.389057 0.639092 0.385093 0.255766 1.12879 0.828252 1.13636 0.400221 0.623307 1.09936 0.947458 0.784249 0.746652 0.831774 0.285967 0.199131 0.675176 0.277165 0.635541 0.459388 0.231983 0.874144 0.845388 0.669422 0.646814 0.699842 0.495178 0.131203 0.377105 0.57243 0.846973 0.989876 0.276899 0.441123 1.15993 0.454678 0.543832 1.22194 1.2566 0.170282 1.15258 0.333817 1.15262 0.776263 0.976704 0.648269 0.323336 0.753124 0.462554
0.552463 0.707469 0.889781 0.622218 0.548337 0.57905 0.523346 0.461482 0.260825 0.240924 0.494757 0.562857 0.663561 1.06641 1.11666 1.04019 0.433559 0.640154 0.528362 0.490022 0.54475 0.375681 1.00929 0.95215 1.03165 0.12091 0.435445 0.462338 0.156807 0.108564 1.09399 0.858978 0.92914 0.429877 0.666232 1.00232 0.777614 0.633533 0.86627 0.995891 0.287262 0.11754 0.704631 0.153365 0.642865 0.365741 0.108708 1.02357 0.72293 0.648232 0.909339 0.820862 0.488788 0.296133 0.584917 0.483699 0.655836 0.96408 0.197384 0.612056 1.02279 0.424394 0.423159 1.21923 1.27049 0.229571 0.986052 0.342888 1.06475 0.620167 1.0422 0.82725 0.563109 0.934148 0.503894
0.503682 0.569343 0.870791 0.533231 0.788723 0.609468 0.542594 0.606533 0.24825 0.345526 0.3657 0.486822 0.779522 0.895343 1.0908 0.822903 0.141371 0.60278 0.463113 0.33841 0.598929 0.252514 1.17637 0.938334 1.12015 0.324297 0.431009 0.702793 0.128088 0.33468 1.11092 0.785485 1.08766 0.523345 0.63449 0.880145 0.775836 0.683456 0.989478 1.04303 0.270619 0.152069 0.880822 0.269983 0.472925 0.473515 0.182362 0.852654 0.808766 0.65887 0.818265 0.718286 0.497669 0.153828 0.447277 0.340331 0.698142 0.9935 0.370341 0.557939 1.23102 0.352234 0.518413 1.1187 0.985803 0.223784 1.22241 0.427072 0.988515 0.628082 0.986723 0.891414 0.480472 0.864013 0.597403
0.715491 0.43722 1.04679 0.574802 0.687581 0.377127 0.613663 0.641827 0.295843 0.318572 0.508249 0.666685 0.910479 1.03027 1.11624 0.836093 0.155845 0.842701 0.451674 0.368772 0.460611 0.451958 1.07788 0.972503 0.981415 0.280636 0.240232 0.530943 0.160008 0.387685 1.03104 0.756013 0.924917 0.334393 0.713181 0.999009 0.816545 0.61148 0.84025 0.958702 0.414805 0.317216 0.92025 0.137534 0.664489 0.478474 0.247113 1.09911 0.610769 0.535535 0.849346 0.897454 0.473857 0.174714 0.626158 0.516673 0.90453 1.09687 0.330148 0.472553 0.998556 0.485216 0.676807 1.09694 1.17712 0.183989 1.20086 0.584446 0.993717 0.712402 0.967824 0.841421 0.312309 0.820109 0.445952
0.610735 0.442872 0.907569 0.55115 0.60891 0.530574 0.420396 0.435507 0.10938 0.311213 0.592739 0.655183 0.885742 0.77245 1.11877 0.843621 0.220602 0.841593 0.581503 0.349302 0.519953 0.313865 1.03528 0.86322 1.12317 0.246022 0.465521 0.603529 0.111624 0.374371 1.15221 0.63739 0.974925 0.43171 0.57179 1.15473 0.77361 0.670491 0.820112 0.957514 0.493543 0.205018 0.696215 0.230116 0.469136 0.377746 0.120225 0.971099 0.804189 0.532714 0.747622 0.927265 0.299424 0.14869 0.609722 0.538895 0.90352 0.88933 0.321583 0.383115 1.06403 0.482647 0.573244 0.976411 1.17605 0.341967 0.987807 0.387602 1.26255 0.630195 0.983061 0.69958 0.572503 0.831066 0.372528
