25 75
0.910482 0.620205 0.600847 0.926094 0.947499 0.599051 0.0674593 0.72743 0.643982 0.546015 0.437746 1.00312 0.573882 1.07959 0.759382 0.567351 0.667185 0.291096 1.09514 0.890656 0.0845666 0.707004 0.0359558 0.889217 0.206963 0.790473 0.599041 1.12578 0.456728 0.411136 0.684305 0.452021 1.14524 0.287676 0.834613 0.238159 0.943807 0.549673 0.74068 0.830259 0.414702 0.0714645 0.305726 0.355217 0.414353 0.444357 0.490156 0.77599 0.999067 0.619041 0.261497 0.181196 0.862969 0.935527 0.369872 1.08951 0.899389 0.447797 1.02578 1.09756 0.896608 0.308988 0.963625 0.336289 0.755926 0.741417 0.988924 1.14877 0.548729 0.340649 1.12342 0.984258 0.928838 0.295763 0.605759
0.745039 0.845833 0.893951 0.756889 1.04124 0.575527 0.278642 0.617345 0.722239 0.632088 0.461287 0.748305 0.328349 0.8129 0.532228 0.312705 0.82918 0.283889 1.07008 1.02557 0.0665325 0.61139 0.174218 0.793206 0.230906 0.740704 0.539833 0.904182 0.35358 0.38472 0.481249 0.401698 0.90285 0.511632 0.934091 0.336847 0.847473 0.554977 0.549677 0.908423 0.216047 0.276412 0.457906 0.183134 0.386723 0.487401 0.323495 0.605142 0.992963 0.866446 0.286454 0.380148 0.813879 0.999623 0.153747 0.980028 0.802585 0.532556 1.04184 0.996005 1.08075 0.44033 1.04797 0.332725 0.989364 0.908948 1.15264 1.14974 0.722817 0.320636 1.02571 0.890918 1.18611 0.300333 0.668933
0.698229 0.679433 0.716539 0.684825 1.14674 0.627191 0.239228 0.535501 0.472953 0.620472 0.484655 0.814873 0.518179 0.803868 0.650671 0.399258 0.747455 0.175895 0.998872 0.894483 0.278207 0.662429 0.00397839 0.921881 0.162249 0.581093 0.565912 0.982605 0.382799 0.28804 0.455392 0.46962 0.954501 0.511667 0.640266 0.48327 0.98317 0.632779 0.740031 1.00317 0.140443 0.3049 0.56625 0.239399 0.372779 0.49551 0.477884 0.554883 1.08415 0.890586 0.366295 0.3663 0.712213 1.11898 0.424828 1.23105 0.956519 0.456507 0.886644 1.10111 0.835444 0.368583 0.99751 0.368686 0.828306 0.899796 0.962872 1.10376 0.538532 0.479738 1.0294 0.864433 1.00906 0.303077 0.610748
0.920231 0.657846 0.796415 0.95662 1.16085 0.694907 0.330962 0.654798 0.652747 0.676886 0.566705 0.726163 0.419502 1.05989 0.666965 0.331282 0.645203 0.278004 1.05178 1.11469 0.301972 0.686577 0.0436944 0.863762 0.105697 0.827181 0.610375 1.14999 0.411107 0.279902 0.413785 0.267998 0.992193 0.258597 0.685816 0.242466 1.06011 0.660673 0.638171 1.07695 0.25967 0.162976 0.44997 0.398886 0.504431 0.523812 0.38698 0.800732 0.8586 0.881019 0.211735 0.277671 1.00489 0.880964 0.347345 1.00333 0.789907 0.586693 0.987689 0.949311 0.951552 0.425218 1.00902 0.404116 0.82741 0.8022 0.9736 0.993364 0.66327 0.329251 1.1762 0.896645 0.887612 0.195095 0.70161
0.67507 0.824911 0.89399 0.721943 1.03566 0.781321 0.338003 0.734024 0.710441 0.729973 0.378443 0.875719 0.563701 0.868947 0.750911 0.603408 0.823938 0.118641 1.24381 1.03265 0.128952 0.687921 0.209847 0.808285 0.332317 0.792399 0.457948 1.17122 0.232388 0.194707 0.502157 0.424835 0.94957 0.316079 0.641356 0.442112 0.873582 0.653085 0.482266 1.07543 0.35701 0.144544 0.399586 0.168101 0.575333 0.704193 0.464131 0.675368 0.948988 0.805738 0.17143 0.38016 0.850046 1.04272 0.41178 0.973042 0.931214 0.399316 1.04082 1.00651 1.05452 0.318128 1.05161 0.173327 0.875758 0.774267 1.12395 1.05145 0.643828 0.403971 1.03918 0.913416 1.11951 0.202152 0.783349
0.936099 0.890258 0.792497 0.692807 0.954849 0.761461 0.25972 0.745711 0.512171 0.738982 0.309199 0.803199 0.511728 1.08666 0.654568 0.4545 0.60587 0.23009 1.05402 1.03663 0.0762471 0.844254 0.15253 0.772141 0.220476 0.798353 0.519229 1.01616 0.20223 0.303692 0.587141 0.389255 0.927442 0.336696 0.812972 0.374032 1.00049 0.673981 0.5968 0.846012 0.310299 0.168672 0.350222 0.201401 0.606211 0.495556 0.510492 0.596437 1.10737 0.651409 0.140164 0.229412 0.779331 1.03818 0.30906 1.10645 0.765566 0.460478 0.914745 0.937101 0.955012 0.452562 1.09701 0.249402 0.71585 0.82831 0.873559 1.13656 0.518321 0.56346 1.06757 0.757935 1.07344 0.131503 0.847372
0.886582 0.642374 0.851 0.837338 1.04065 0.704588 0.191222 0.629589 0.476994 0.597862 0.559532 0.914342 0.582347 0.813727 0.517033 0.332901 0.821121 0.142066 0.995418 0.90345 0.202367 0.640783 0.0558052 0.979978 0.198199 0.834565 0.623352 0.907561 0.212882 0.273172 0.610511 0.30576 1.07339 0.441413 0.837501 0.444479 1.02072 0.598525 0.6313 1.01098 0.272999 0.122406 0.309449 0.286665 0.480664 0.418081 0.498695 0.738936 0.977027 0.84157 0.139281 0.167612 0.83421 1.06464 0.326488 1.06542 0.971035 0.494391 1.08697 1.04761 0.893617 0.484782 1.21287 0.329131 0.823981 0.898257 1.06331 1.09026 0.485709 0.416094 1.00503 0.9311 1.14165 0.26255 0.69546
0.745364 0.705633 0.641179 0.739563 1.10347 0.673161 0.113704 0.687225 0.619166 0.537604 0.423887 1.00804 0.537514 1.03453 0.496373 0.361635 0.693856 0.0385075 0.974536 1.1073 0.25054 0.860337 0.195346 0.846542 0.390153 0.603154 0.442018 1.00576 0.468514 0.355924 0.553204 0.382923 1.0246 0.52299 0.937047 0.501445 0.911881 0.489809 0.737559 1.05825 0.349854 0.324563 0.454327 0.262758 0.333506 0.703189 0.425013 0.800772 0.884789 0.661704 0.2857 0.256586 0.720497 0.947272 0.282126 1.17997 0.866608 0.501971 0.851675 0.994807 0.959946 0.374186 1.09298 0.312556 0.857572 0.891496 0.999667 1.05341 0.70356 0.315642 1.22372 0.980106 0.918248 0.30059 0.627062
0.904697 0.736486 0.7749 0.6773 0.914547 0.777885 0.0973545 0.760792 0.532994 0.502473 0.303504 0.754341 0.310906 1.08774 0.758658 0.400089 0.744994 0.0624366 1.07051 1.11653 0.326778 0.68751 0.139589 0.741304 0.111038 0.765195 0.54383 1.01645 0.376979 0.323883 0.503291 0.437491 1.11655 0.457631 0.905704 0.335748 0.866267 0.524647 0.569145 1.10475 0.25494 0.150459 0.476248 0.201305 0.506945 0.571568 0.391356 0.628797 1.00507 0.777349 0.322661 0.246947 0.843139 0.947401 0.198129 1.24815 0.989495 0.433 0.834087 1.00784 0.906806 0.324607 1.13982 0.28634 0.70625 0.788812 1.02889 0.92312 0.529093 0.332055 1.0393 0.763147 1.18199 0.22279 0.861468
0.905132 0.827848 0.656397 0.958846 1.06764 0.758451 0.255762 0.812938 0.481631 0.768993 0.353335 0.858661 0.481906 0.99325 0.641336 0.473965 0.839588 0.0399789 1.1068 1.0679 0.154879 0.697125 0.281272 0.752717 0.367911 0.727069 0.403764 0.895123 0.305707 0.217496 0.687877 0.258511 1.14833 0.37971 0.862186 0.381621 1.07258 0.443336 0.712255 0.881506 0.198113 0.130387 0.433631 0.404184 0.331142 0.623236 0.341041 0.729033 0.961384 0.879605 0.11494 0.387691 0.941438 1.02283 0.252215 1.13478 0.900162 0.418906 1.04143 0.926776 1.00825 0.466113 1.10168 0.44658 0.940769 0.902231 1.05154 1.03393 0.582123 0.463286 1.23881 0.751076 1.09126 0.178667 0.686417
0.765603 0.60974 0.784457 0.790531 1.02677 0.592201 0.292684 0.679935 0.513284 0.492256 0.288263 0.857616 0.422924 0.869645 0.523089 0.554157 0.667512 0.0618953 1.2313 0.972697 0.202608 0.685052 0.113368 0.714683 0.178732 0.605324 0.662014 1.07206 0.364521 0.204975 0.596392 0.394361 1.02608 0.344366 0.693104 0.316186 0.977116 0.559306 0.673262 0.891611 0.249147 0.308573 0.313203 0.252012 0.604292 0.691758 0.461656 0.764018 1.02021 0.674693 0.251491 0.273609 0.928893 1.16493 0.297875 1.25271 0.784696 0.457556 0.851357 1.08415 1.05283 0.35478 1.00685 0.211862 0.870023 0.695554 1.01689 0.92517 0.627747 0.314108 0.989889 0.918981 0.97334 0.367292 0.704247
0.65456 0.606026 0.848891 0.711273 1.1116 0.831399 0.256446 0.813926 0.703369 0.707602 0.491588 0.995597 0.48568 1.02484 0.560685 0.445656 0.700944 0.0590756 1.0642 0.928407 0.275915 0.801388 0.265791 0.773511 0.209933 0.731242 0.518595 0.938758 0.245805 0.234854 0.684892 0.388751 0.93147 0.299088 0.719167 0.343276 1.0152 0.551531 0.556503 0.835155 0.312451 0.274818 0.460215 0.425635 0.396887 0.420619 0.40794 0.586906 0.939738 0.789047 0.261188 0.249399 0.828652 1.14188 0.225111 1.2547 1.00333 0.573538 0.861372 0.968279 0.92575 0.436563 1.12344 0.210966 0.742382 0.766532 0.888128 0.930057 0.53836 0.405085 1.12339 0.978485 1.07287 0.10255 0.731779
0.853449 0.77331 0.742562 0.667832 1.09771 0.73166 0.343335 0.696115 0.472814 0.593357 0.305655 0.868624 0.556124 0.925706 0.679916 0.561928 0.814075 0.282654 1.156 1.05937 0.0776458 0.668923 0.158306 0.795661 0.262508 0.775372 0.412776 1.08149 0.386317 0.231636 0.665131 0.459209 1.07626 0.349307 0.755512 0.41215 0.88372 0.659761 0.748848 0.96453 0.202343 0.280872 0.358108 0.3271 0.599038 0.688018 0.249513 0.537598 1.11811 0.68371 0.263622 0.306223 0.848449 1.01117 0.29863 1.15023 0.745428 0.512328 1.04236 0.977843 0.929757 0.387602 0.979703 0.295029 0.947121 0.911555 1.11663 0.992914 0.4918 0.479974 1.14149 0.71595 0.932671 0.281301 0.78281
0.69887 0.725665 0.633126 0.665231 0.942108 0.811292 0.353142 0.694824 0.632165 0.72163 0.368285 0.790569 0.475151 0.924455 0.731766 0.44286 0.832954 0.251375 1.07532 1.12556 0.302584 0.832032 0.0725885 0.83708 0.180359 0.671958 0.580304 1.19348 0.405566 0.182576 0.490556 0.360633 0.986422 0.380337 0.849634 0.395727 0.967203 0.44473 0.585209 0.830288 0.20123 0.091076 0.543493 0.276895 0.487255 0.458602 0.249155 0.585343 1.04621 0.74997 0.289484 0.192912 0.876692 1.05178 0.208764 1.19368 1.01043 0.625972 0.984241 0.871245 1.02616 0.437095 1.03174 0.369026 0.938844 0.845056 1.152 1.17758 0.503623 0.327917 1.11533 0.881076 1.0581 0.219801 0.84278
0.783167 0.767151 0.758357 0.749587 1.1623 0.748886 0.0794979 0.577872 0.706958 0.546587 0.321843 1.00829 0.318168 1.03851 0.716529 0.484719 0.785969 0.126316 1.03283 1.03646 0.250563 0.697312 0.115709 0.785544 0.297487 0.81898 0.587554 0.987267 0.449476 0.162913 0.489932 0.509166 0.924241 0.545729 0.852195 0.390938 0.893068 0.507072 0.757537 1.06123 0.404058 0.109567 0.300825 0.201053 0.402233 0.646171 0.375794 0.671037 1.07994 0.8734 0.126401 0.445609 0.99607 1.01319 0.184007 1.10906 0.993317 0.351768 1.03801 1.02538 0.818276 0.229406 1.1816 0.166336 0.878602 0.801034 1.11884 1.15064 0.632912 0.553212 1.20108 0.811037 1.05166 0.342279 0.787773
0.794671 0.616775 0.756853 0.803652 0.936236 0.777414 0.256957 0.821585 0.603476 0.509362 0.317164 0.787639 0.414918 0.957844 0.67656 0.503207 0.756039 0.334093 1.22698 1.04427 0.257446 0.767136 0.141004 0.841636 0.245029 0.776914 0.484444 1.15431 0.40136 0.368647 0.485616 0.437509 1.02656 0.487475 0.768405 0.320119 0.86415 0.617754 0.518728 0.840405 0.118998 0.0883859 0.390367 0.258494 0.616115 0.473935 0.339662 0.615344 0.967077 0.736277 0.31688 0.43452 0.912127 1.07712 0.400293 1.17887 0.835906 0.59297 0.813731 0.965031 0.925516 0.430166 1.17247 0.367366 0.918375 0.806095 1.1077 1.1223 0.588285 0.379245 1.17412 0.730678 0.923501 0.0917167 0.694225
0.807924 0.768014 0.630627 0.769334 0.905491 0.793745 0.110271 0.780936 0.563112 0.717003 0.333946 0.981566 0.593919 1.0542 0.500457 0.54335 0.658678 0.166075 1.03077 1.11978 0.122859 0.794872 0.184072 0.952074 0.160316 0.844156 0.488883 0.903545 0.246333 0.282473 0.531801 0.269738 1.03521 0.360071 0.764432 0.520558 1.01309 0.531257 0.768806 0.914003 0.393765 0.0645384 0.505808 0.157122 0.461906 0.622178 0.459656 0.698045 0.959975 0.72654 0.281392 0.194056 1.00272 0.995356 0.392994 1.24289 0.972991 0.423502 0.940324 1.013 1.07271 0.212316 1.12998 0.446684 0.765708 0.926074 1.0533 1.04937 0.495015 0.348951 1.05696 0.712439 0.926869 0.125288 0.572459
0.870441 0.699509 0.846217 0.957362 0.899179 0.762678 0.180643 0.819434 0.530416 0.653361 0.361858 0.714965 0.413743 0.864321 0.665449 0.383519 0.581868 0.330141 1.06439 1.11417 0.233273 0.581396 0.117651 0.812858 0.249114 0.825335 0.643476 1.03254 0.391336 0.312597 0.612015 0.275044 1.07937 0.459563 0.904218 0.314249 0.944987 0.481735 0.605012 0.839526 0.129767 0.217223 0.582293 0.268594 0.393234 0.489223 0.434689 0.763325 1.12716 0.623265 0.11957 0.431289 0.764367 0.973993 0.194831 1.22309 0.797403 0.612175 1.01751 1.08904 1.01705 0.45413 1.09932 0.171549 0.782637 0.673074 1.10221 1.1595 0.737098 0.447936 1.1102 0.745817 1.15596 0.34028 0.782143
0.758494 0.64108 0.602744 0.747522 0.950439 0.658653 0.261256 0.720711 0.4726 0.61348 0.463797 1.01077 0.412127 0.881604 0.750718 0.350076 0.580768 0.0567248 1.17372 1.15016 0.0995977 0.800685 0.254578 0.800151 0.198566 0.760616 0.48022 1.05002 0.18172 0.322617 0.557541 0.230236 1.02106 0.468315 0.660629 0.27342 0.991094 0.656482 0.506154 0.930074 0.408848 0.175768 0.38903 0.264134 0.608838 0.702918 0.455877 0.729263 0.84127 0.636072 0.117256 0.170745 0.723322 0.981134 0.435425 1.19997 0.81427 0.543492 0.951666 0.821975 0.866699 0.436183 0.954167 0.199708 0.889589 0.716408 1.15795 1.08971 0.576991 0.461271 1.06046 0.766706 0.921288 0.132327 0.781169
0.945294 0.621356 0.70276 0.871002 1.03786 0.606597 0.158724 0.795539 0.763469 0.55791 0.445555 0.751922 0.375623 1.03151 0.706359 0.316033 0.798804 0.228716 1.11623 1.00324 0.0817675 0.61859 0.144442 0.979589 0.351569 0.810336 0.434617 1.07494 0.442771 0.408646 0.464937 0.498946 1.05649 0.359685 0.829227 0.491598 0.802289 0.582174 0.658798 0.926872 0.414105 0.258821 0.372233 0.289594 0.548073 0.636238 0.479673 0.801773 1.05852 0.788844 0.105503 0.370269 0.919721 1.11686 0.377664 1.10786 0.80448 0.539189 0.975246 1.05864 1.06572 0.213239 0.989516 0.21336 0.969397 0.961976 0.927503 1.17465 0.773143 0.507327 1.02261 0.926029 1.16256 0.366326 0.733236
0.79995 0.666508 0.83375 0.784417 0.980013 0.692227 0.258494 0.770174 0.490968 0.62947 0.323415 0.712279 0.532959 0.924653 0.630306 0.580209 0.604561 0.201657 1.00705 0.976587 0.0827052 0.787348 0.225045 0.713083 0.204186 0.56949 0.656007 1.07264 0.346975 0.274409 0.637874 0.458513 0.997119 0.384412 0.913425 0.324307 1.0228 0.536419 0.546458 1.06772 0.19524 0.163286 0.540082 0.220204 0.412255 0.470593 0.259994 0.764142 1.02823 0.90667 0.0743175 0.404368 0.789601 0.923578 0.333194 1.06922 0.899536 0.46556 0.950968 0.831872 0.981313 0.400338 1.1198 0.352398 0.947995 0.877665 1.10221 1.14973 0.656058 0.576735 1.11641 0.705738 0.921196 0.327136 0.797153
0.867358 0.728244 0.821719 0.916424 1.1215 0.788465 0.193431 0.594769 0.677803 0.499362 0.395987 0.937466 0.450158 1.06452 0.634717 0.522242 0.616608 0.167332 1.21568 0.939324 0.362616 0.845315 0.175207 0.745785 0.260094 0.74191 0.614538 1.11905 0.313404 0.216621 0.443102 0.305634 1.0427 0.322453 0.811357 0.512574 1.04541 0.420385 0.611148 0.988218 0.198978 0.185583 0.560262 0.189484 0.622835 0.68154 0.338762 0.607561 1.01595 0.717433 0.228319 0.329967 0.959755 0.923663 0.306101 1.06505 0.757939 0.566926 0.937127 0.988761 0.937001 0.473968 0.982756 0.271818 0.726398 0.892069 1.11078 0.992157 0.54913 0.490379 0.991035 0.781884 0.982427 0.115344 0.615808
0.941366 0.724788 0.820117 0.939218 1.15482 0.709159 0.254093 0.597054 0.708442 0.610916 0.45388 0.896769 0.444915 1.05865 0.605406 0.597124 0.67814 0.172407 1.00581 1.15116 0.122746 0.602478 0.00710321 0.881974 0.100006 0.724882 0.669192 1.19111 0.418798 0.36414 0.62811 0.248858 0.987105 0.481756 0.766928 0.300508 1.0609 0.474812 0.497535 1.07295 0.139348 0.243805 0.38827 0.214255 0.600352 0.453558 0.357998 0.601851 1.11046 0.709297 0.137582 0.402289 0.765538 0.945793 0.200371 1.12283 0.995907 0.525559 0.84467 1.04332 0.895376 0.346619 1.22554 0.300895 0.910026 0.886596 1.09629 1.15904 0.508757 0.533698 1.2038 0.743137 1.06974 0.266527 0.713115
0.889809 0.809172 0.703116 0.949892 0.907796 0.705494 0.336688 0.537179 0.750888 0.489729 0.392555 0.723913 0.318161 1.02708 0.592587 0.556139 0.69588 0.184278 0.996522 0.934784 0.119351 0.634795 0.108463 0.847255 0.129864 0.852742 0.446665 0.955282 0.284944 0.381555 0.509118 0.369164 0.922455 0.421007 0.664047 0.23739 0.900555 0.521993 0.752809 1.06197 0.217763 0.159788 0.4073 0.252462 0.343931 0.438384 0.457706 0.553535 0.945568 0.715331 0.0781297 0.369099 1.01058 1.12392 0.419751 1.11646 0.855744 0.41204 1.09081 1.04073 0.944051 0.399889 1.14165 0.20359 0.955952 0.835371 1.05274 1.02236 0.662201 0.403636 0.983707 0.729847 0.928831 0.18633 0.773155
0.872723 0.84153 0.782742 0.846963 0.907935 0.684139 0.332571 0.814127 0.545932 0.590895 0.366803 0.886009 0.329183 0.955142 0.615871 0.524795 0.598499 0.306601 1.22452 0.986796 0.120695 0.655353 0.163507 0.834787 0.365457 0.704316 0.422499 1.0045 0.432346 0.248846 0.413363 0.423325 0.943719 0.501925 0.639143 0.259975 0.848014 0.526093 0.509691 1.05903 0.155873 0.193768 0.434679 0.307774 0.538936 0.700114 0.262466 0.706408 1.09921 0.676786 0.118234 0.394904 0.727509 1.109 0.185387 1.1928 0.966976 0.522342 0.863292 0.841112 0.850667 0.48639 1.24417 0.401993 0.782658 0.813691 0.944177 0.966679 0.590076 0.510063 1.09615 0.924989 1.05256 0.329039 0.593991
