25 75
0.737814 1.24126 0.102748 0.378489 1.0516 0.469713 0.77836 0.276899 0.525793 0.26952 0.711052 1.00458 0.793517 0.580182 0.64973 0.27665 0.126162 0.497071 0.367702 0.689926 0.322186 0.926656 1.04154 0.443687 0.617614 0.437821 0.378284 0.571637 0.979822 0.558759 0.480425 0.567678 0.730152 0.167052 0.715104 0.5714 0.868751 0.171196 0.271003 0.487666 0.858444 0.38859 1.00919 0.261842 0.377614 0.335705 0.16864 0.774252 0.790593 0.29333 0.659593 0.722998 0.454103 0.0795839 0.494602 1.18706 0.377414 0.284309 0.109364 0.807233 0.688937 0.409633 0.787482 0.0966657 1.22953 0.683508 0.675646 1.01299 0.228659 0.977366 0.702256 0.463084 0.266812 0.755843 0.126065
0.5257 1.19852 0.289964 0.391708 0.843042 0.711252 0.562968 0.266626 0.738957 0.300716 0.479061 0.841548 0.53904 0.838186 0.625746 0.24584 0.300298 0.405656 0.407691 0.749326 0.440516 1.08049 0.912091 0.427655 0.570742 0.301257 0.465705 0.462711 1.02156 0.816281 0.3846 0.584354 0.534633 0.0644782 0.657166 0.47953 0.829046 0.209627 0.379743 0.554632 0.995812 0.395271 0.830819 0.266281 0.28691 0.431456 0.231349 0.7191 0.891789 0.166961 0.408113 0.785181 0.40197 0.273297 0.412158 0.996527 0.408556 0.38065 0.258015 0.594678 0.6845 0.551819 0.620449 0.3445 1.1564 0.739068 0.55861 0.915413 0.33912 0.939932 0.84048 0.576887 0.46105 0.792954 0.239803
0.680942 1.23467 0.332216 0.621664 0.976204 0.506853 0.713348 0.290272 0.636425 0.451769 0.596238 0.711194 0.605178 0.680967 0.502035 0.191584 0.259477 0.350387 0.485201 0.629085 0.398886 1.07719 1.10771 0.532024 0.561377 0.223635 0.451311 0.568272 0.958111 0.687908 0.31628 0.61326 0.671739 0.27386 0.689553 0.64676 0.833672 0.439821 0.173309 0.421293 0.840482 0.528677 1.02972 0.393431 0.464436 0.524199 0.279166 0.812759 0.76226 0.0694123 0.369458 0.805124 0.398272 0.0512114 0.303484 1.10683 0.606728 0.145507 0.325317 0.587724 0.835832 0.602668 0.813244 0.128841 1.28668 0.658496 0.692002 1.01462 0.391403 0.864302 0.85186 0.350395 0.269144 0.637393 0.300851
0.582502 1.08714 0.246933 0.463191 1.02665 0.451008 0.603519 0.435365 0.657173 0.278955 0.518131 0.733705 0.602832 0.850405 0.624491 0.230246 0.262839 0.50053 0.434766 0.648497 0.382039 1.09779 1.08734 0.375716 0.617342 0.235673 0.253117 0.384722 0.756112 0.643879 0.326207 0.549307 0.567291 0.192378 0.907448 0.648346 0.642778 0.388109 0.348699 0.625124 0.983163 0.419633 1.0313 0.188402 0.448529 0.435372 0.333498 0.676205 0.971669 0.0510902 0.536309 0.864089 0.554969 0.114362 0.338763 1.02847 0.37827 0.148983 0.209045 0.80557 0.650694 0.382345 0.831734 0.0920105 1.23698 0.682446 0.647991 1.09566 0.33259 0.960996 0.84177 0.480773 0.304994 0.798345 0.192573
0.781564 0.991179 0.232986 0.435743 0.965817 0.492397 0.711852 0.241712 0.720202 0.361166 0.498317 0.79563 0.729779 0.730266 0.524352 0.275282 0.160922 0.259701 0.478065 0.762319 0.297443 0.907292 0.86702 0.419313 0.78341 0.458836 0.317801 0.356851 0.919919 0.76402 0.395504 0.534592 0.65068 0.141177 0.85739 0.471914 0.636951 0.292567 0.262205 0.517996 0.882199 0.547845 0.899929 0.295802 0.206817 0.393616 0.131423 0.856368 0.800503 0.138767 0.368776 0.8185 0.327591 0.162803 0.360791 1.04353 0.40195 0.255793 0.346178 0.622031 0.698667 0.563738 0.802426 0.209826 1.11867 0.936295 0.709245 1.06203 0.380259 1.03971 0.747886 0.433557 0.306868 0.917246 0.292361
0.687111 0.977089 0.274052 0.374237 1.09531 0.645591 0.796779 0.326893 0.50415 0.260616 0.667926 0.940013 0.81116 0.595304 0.641676 0.262661 0.163506 0.425069 0.275633 0.733735 0.446866 1.13256 0.874892 0.605602 0.667765 0.224296 0.278016 0.511716 0.823218 0.718352 0.35718 0.584194 0.632551 0.26786 0.63232 0.516018 0.844836 0.254753 0.361176 0.556746 0.792402 0.487371 0.99207 0.372272 0.348812 0.465516 0.146483 0.905172 0.825368 0.147667 0.520616 0.826183 0.310479 0.204125 0.469793 1.1557 0.397595 0.280192 0.256999 0.588646 0.876797 0.385205 0.898191 0.293939 1.18513 0.708674 0.626127 1.06501 0.363799 0.998223 0.901962 0.427031 0.299802 0.907483 0.0166668
0.511359 1.16873 0.117047 0.368897 1.06223 0.474453 0.824067 0.332447 0.481886 0.321183 0.466384 1.00262 0.63571 0.625122 0.719739 0.306781 0.170705 0.388242 0.39223 0.650269 0.20569 0.977478 0.947422 0.396759 0.661556 0.334044 0.207844 0.503433 0.837395 0.80635 0.339733 0.624745 0.708232 0.301914 0.702631 0.443917 0.620973 0.247179 0.220127 0.41775 0.996001 0.506846 0.85278 0.324022 0.274355 0.288479 0.108031 0.720874 0.78356 0.270074 0.466987 0.807181 0.309253 0.118355 0.459249 1.11941 0.379314 0.361984 0.265075 0.789467 0.718859 0.427891 0.844004 0.158361 1.27046 0.805905 0.64576 0.998988 0.309919 0.846157 0.780549 0.411236 0.52057 0.741222 0.288125
0.719455 1.15192 0.097443 0.540459 0.980785 0.479206 0.642313 0.169497 0.737893 0.332493 0.465595 0.807384 0.641089 0.717975 0.711407 0.15175 0.28242 0.382926 0.35738 0.814988 0.450226 0.933533 0.954807 0.485295 0.578085 0.478609 0.367407 0.339678 0.925559 0.750391 0.3967 0.350266 0.694478 0.270347 0.881881 0.553082 0.817669 0.28153 0.445628 0.573386 0.876549 0.429403 0.903705 0.326907 0.280139 0.410791 0.14076 0.66946 0.796926 0.193881 0.452354 0.707397 0.330912 0.255294 0.371225 1.21057 0.555933 0.343837 0.367474 0.543909 0.789864 0.541134 0.878689 0.0809924 1.07533 0.889434 0.501937 1.07211 0.286762 0.908551 0.692415 0.533176 0.369333 0.845695 0.0829247
0.595209 1.01227 0.21636 0.522837 0.981729 0.646826 0.77288 0.438906 0.561135 0.268241 0.48707 0.983603 0.777522 0.726637 0.658955 0.172161 0.33734 0.364627 0.529014 0.749727 0.317123 1.00435 0.873068 0.651204 0.667749 0.423078 0.206621 0.539918 0.919373 0.679271 0.508723 0.425294 0.752182 0.224314 0.848167 0.603602 0.7107 0.225607 0.352026 0.552785 0.91472 0.460203 0.837991 0.408088 0.314887 0.558084 0.320392 0.739188 0.944757 0.269961 0.402445 0.906625 0.361984 0.210656 0.539145 1.13448 0.608406 0.373862 0.202889 0.784189 0.719336 0.552938 0.813108 0.145181 1.07975 0.770696 0.707595 1.17368 0.316832 0.788791 0.707258 0.389121 0.496809 0.700438 0.0677661
0.685967 1.09844 0.16915 0.498671 1.08087 0.647963 0.773494 0.409859 0.67492 0.522418 0.598721 1.00969 0.77789 0.701111 0.77482 0.103531 0.205794 0.322165 0.277131 0.66613 0.410167 1.10285 1.1044 0.373274 0.554518 0.380385 0.373417 0.498158 0.797515 0.557885 0.394556 0.420976 0.605007 0.214565 0.669311 0.511522 0.839124 0.370539 0.35163 0.472078 0.920751 0.317448 0.896323 0.323134 0.261726 0.393315 0.341037 0.849444 1.01711 0.117924 0.394946 0.954495 0.299337 0.14863 0.486258 1.15444 0.428336 0.222352 0.366026 0.674458 0.872378 0.608912 0.728743 0.343378 1.19349 0.740693 0.724918 0.91691 0.376367 1.02536 0.949255 0.377569 0.296512 0.849564 0.249201
0.612985 1.06749 0.23777 0.55234 0.89032 0.558134 0.601654 0.208768 0.481549 0.310093 0.727267 0.884046 0.812726 0.77026 0.725487 0.0517642 0.34328 0.439611 0.457382 0.885573 0.336602 0.900855 0.884095 0.550591 0.591198 0.300298 0.226478 0.330465 0.998403 0.717945 0.369668 0.389065 0.739204 0.297348 0.762291 0.636883 0.776907 0.264162 0.439071 0.368781 0.963013 0.406589 0.986156 0.185834 0.32121 0.305118 0.329556 0.68211 0.967172 0.279467 0.439385 0.796866 0.381439 0.274688 0.494792 1.24605 0.484657 0.353322 0.151698 0.655791 0.78992 0.557803 0.813202 0.0968579 1.23963 0.768654 0.625448 0.937379 0.330807 0.915589 0.955297 0.547983 0.422466 0.78115 0.11986
0.622165 1.13805 0.117017 0.641736 1.03485 0.669644 0.732218 0.328148 0.591807 0.375733 0.583375 0.960947 0.593265 0.696909 0.664121 0.173018 0.205101 0.458298 0.275838 0.776371 0.306607 1.18895 1.05783 0.639565 0.806723 0.287406 0.359748 0.544645 0.905143 0.694086 0.468368 0.615613 0.67601 0.0942995 0.643098 0.538073 0.88511 0.357106 0.192573 0.501676 0.855523 0.256625 1.04682 0.215244 0.46658 0.320868 0.2013 0.940902 0.934041 0.137661 0.639866 0.881377 0.4259 0.177353 0.559497 1.11304 0.439613 0.321108 0.149115 0.745144 0.800203 0.514243 0.621796 0.29808 1.03478 0.666581 0.555119 1.0212 0.192101 1.0559 0.720455 0.506026 0.26821 0.658271 0.141946
0.498554 1.0159 0.206692 0.572809 0.956693 0.45706 0.781506 0.365393 0.713146 0.264869 0.499378 0.986125 0.694305 0.60266 0.596982 0.15915 0.38611 0.535965 0.531101 0.809461 0.396637 1.08886 1.04957 0.653254 0.686616 0.466266 0.386381 0.399359 0.856341 0.726749 0.547627 0.587755 0.540473 0.193646 0.666428 0.611119 0.780737 0.305481 0.280597 0.574886 1.0335 0.253799 1.08421 0.358265 0.28312 0.419282 0.219234 0.768335 0.760466 0.109449 0.438383 0.916766 0.323818 0.0862117 0.496434 0.988029 0.658972 0.207816 0.237477 0.686429 0.765665 0.498158 0.799088 0.133352 1.17607 0.689734 0.66339 1.11497 0.322819 0.813881 0.715221 0.501012 0.505014 0.644395 0.240829
0.596096 1.07917 0.0977426 0.408148 0.907694 0.515483 0.743141 0.268818 0.646264 0.244056 0.707608 0.895808 0.528054 0.691793 0.576923 0.209574 0.181081 0.300075 0.288472 0.807173 0.429539 1.05031 1.12957 0.536536 0.574643 0.427707 0.220904 0.57933 0.954398 0.722515 0.459377 0.406128 0.600074 0.18375 0.705433 0.641842 0.667376 0.281054 0.3838 0.583691 0.913452 0.495539 0.964466 0.471489 0.223812 0.534387 0.0955469 0.823794 0.941654 0.0876031 0.649223 0.799541 0.408497 0.0281497 0.416031 1.07638 0.402452 0.350638 0.220293 0.618962 0.806395 0.600964 0.861028 0.12212 1.1972 0.732705 0.768856 0.948791 0.110589 1.02083 0.800069 0.34588 0.489899 0.690306 0.162767
0.538777 1.14797 0.35153 0.408785 1.11292 0.588403 0.611093 0.34476 0.468696 0.276489 0.454779 0.95509 0.582975 0.845388 0.634005 0.10509 0.360105 0.518394 0.368013 0.871776 0.25975 1.11517 0.99885 0.377889 0.78984 0.479367 0.34084 0.338963 0.821107 0.750745 0.599836 0.449752 0.509587 0.238688 0.632317 0.386126 0.762077 0.347299 0.379418 0.573288 0.839211 0.53294 0.929115 0.356241 0.284982 0.521237 0.195523 0.72014 0.90123 0.196241 0.418373 0.826343 0.550839 0.0306388 0.574888 1.24838 0.443913 0.210268 0.251158 0.615883 0.743227 0.655412 0.787342 0.277983 1.08285 0.646659 0.724929 0.986704 0.330461 0.939992 0.874892 0.606773 0.358888 0.779345 0.183932
0.594273 1.2364 0.183014 0.368909 1.07155 0.724284 0.6994 0.308444 0.748496 0.236579 0.584111 0.871323 0.715006 0.618076 0.663554 0.0877436 0.326761 0.449448 0.250664 0.728039 0.384337 1.07378 0.926163 0.522355 0.578953 0.461118 0.335542 0.454163 0.824546 0.750411 0.382945 0.355906 0.738254 0.242032 0.761948 0.437814 0.667795 0.289807 0.300292 0.534405 0.956293 0.341234 0.869607 0.358257 0.241723 0.466628 0.17524 0.687236 0.889843 0.320892 0.639504 0.822399 0.465356 0.0948239 0.3763 1.10163 0.468792 0.34211 0.214945 0.71389 0.689546 0.615978 0.820226 0.0864269 1.06212 0.877545 0.627631 1.1284 0.242158 0.792485 0.784485 0.46018 0.491934 0.673739 0.150028
0.774761 1.21181 0.103851 0.407451 0.949793 0.641029 0.703722 0.379767 0.475408 0.370717 0.535765 0.967462 0.610153 0.643378 0.697157 0.255729 0.201162 0.528747 0.296951 0.615187 0.436292 1.02486 0.890276 0.546739 0.772783 0.302826 0.222334 0.40722 0.938016 0.620191 0.567387 0.54395 0.469017 0.131578 0.639452 0.549416 0.818931 0.254547 0.186557 0.441164 0.873061 0.524952 1.02903 0.181143 0.408004 0.410483 0.341949 0.82136 0.774505 0.214229 0.648574 0.799534 0.442885 0.188337 0.477032 1.04574 0.533578 0.159417 0.0987321 0.786454 0.768793 0.466383 0.670182 0.331721 1.25775 0.73398 0.701928 1.01767 0.18308 0.791025 0.703432 0.51806 0.27398 0.820612 0.219311
0.7447 1.16043 0.331691 0.551599 1.04071 0.512337 0.608495 0.39465 0.667555 0.39925 0.683083 0.787408 0.534775 0.577992 0.779329 0.0487304 0.115817 0.470749 0.419138 0.838688 0.297401 0.927742 1.03104 0.442639 0.638602 0.259208 0.30653 0.497672 0.886454 0.635863 0.340871 0.495603 0.623579 0.0406941 0.893049 0.552117 0.860666 0.387849 0.29434 0.571196 0.778671 0.392191 1.00822 0.431945 0.490075 0.526031 0.123994 0.845079 0.966341 0.0672713 0.396146 0.971349 0.41521 0.246653 0.462539 1.17631 0.613605 0.167029 0.244026 0.630306 0.899101 0.535066 0.698111 0.279306 1.01923 0.672182 0.537918 1.13584 0.129364 0.817502 0.862742 0.537516 0.289036 0.715502 0.148909
0.531853 0.994309 0.285418 0.511835 0.860041 0.481281 0.628669 0.452945 0.713734 0.453416 0.614066 0.79386 0.823357 0.598507 0.691152 0.174832 0.186774 0.407889 0.334206 0.610923 0.279715 1.0189 0.968523 0.640399 0.577895 0.492992 0.36275 0.575791 1.00594 0.846175 0.37484 0.385602 0.665046 0.328604 0.843717 0.543953 0.828418 0.399987 0.374622 0.402811 0.973647 0.496531 0.965905 0.2543 0.344777 0.399601 0.224025 0.923912 0.973491 0.0681977 0.464894 0.768674 0.356312 0.0223209 0.446675 1.19537 0.40626 0.300791 0.23943 0.54901 0.867786 0.615297 0.660114 0.305847 1.15356 0.91243 0.750571 1.07528 0.168052 1.06709 0.87317 0.603242 0.248236 0.731834 0.214152
0.612026 1.1005 0.313772 0.411375 1.03905 0.678027 0.841527 0.293142 0.649605 0.26635 0.517984 0.735548 0.634636 0.82129 0.645127 0.28702 0.228085 0.517162 0.35094 0.87903 0.329176 1.14965 0.893387 0.431911 0.556008 0.477214 0.245117 0.555427 0.930214 0.653763 0.555095 0.573546 0.670302 0.297684 0.775123 0.504123 0.773673 0.2175 0.310586 0.516141 0.977061 0.353533 0.837252 0.276489 0.24749 0.546709 0.06307 0.819854 0.97464 0.129389 0.490449 0.970961 0.292978 0.0861443 0.488223 1.11319 0.586717 0.15526 0.352932 0.609403 0.913675 0.606928 0.703531 0.107242 1.11781 0.78422 0.66953 1.1835 0.249881 1.06093 0.813361 0.39511 0.259506 0.726269 0.105602
0.56011 1.08655 0.261605 0.432453 0.949366 0.636788 0.831901 0.193408 0.754291 0.301423 0.52305 0.744871 0.688413 0.86051 0.611329 0.256835 0.299542 0.344501 0.35447 0.662919 0.32201 1.10403 1.14871 0.513876 0.639924 0.312807 0.360297 0.36831 0.922967 0.788659 0.376887 0.506774 0.506277 0.0615709 0.631104 0.531172 0.714792 0.230455 0.441542 0.591181 0.840974 0.526631 1.10822 0.193726 0.383925 0.461591 0.201484 0.727913 0.77621 0.0339596 0.613428 0.93154 0.37434 0.17342 0.366035 1.06392 0.666958 0.144073 0.210738 0.792567 0.895905 0.660337 0.73015 0.072201 1.15602 0.694775 0.645468 0.950842 0.334132 0.795908 0.915842 0.358435 0.413363 0.698165 0.150364
0.69366 1.16418 0.0999821 0.401491 1.01044 0.54875 0.661424 0.347562 0.754042 0.347399 0.705718 0.849662 0.668054 0.627821 0.759169 0.0600311 0.22897 0.441989 0.277713 0.70331 0.202212 1.17728 1.07262 0.376694 0.76187 0.303212 0.274775 0.418188 0.762537 0.557321 0.458315 0.487037 0.644615 0.0878302 0.645428 0.615145 0.630101 0.434849 0.376327 0.563578 0.94266 0.433999 1.03484 0.220219 0.280189 0.473421 0.312287 0.956381 0.967143 0.269953 0.52651 0.913392 0.406169 0.0864293 0.312598 1.10344 0.614693 0.160765 0.126129 0.54042 0.701696 0.653702 0.682536 0.0886039 1.02652 0.778816 0.510449 1.02504 0.150965 1.01248 0.821676 0.432991 0.249252 0.720909 0.302226
0.694453 1.24491 0.254545 0.559744 1.04226 0.549058 0.604212 0.373471 0.492018 0.268016 0.538244 0.758601 0.764879 0.74871 0.640097 0.270189 0.38502 0.544275 0.28886 0.73671 0.222993 0.950018 0.995368 0.612525 0.610081 0.483177 0.294756 0.346971 0.900194 0.704516 0.54133 0.582624 0.492457 0.2957 0.651652 0.604255 0.692406 0.188937 0.202915 0.593939 0.953274 0.440114 0.972393 0.373844 0.283345 0.448127 0.236626 0.697498 0.811537 0.23477 0.605478 0.722125 0.50451 0.202084 0.375889 0.977803 0.467466 0.127963 0.256026 0.815743 0.773429 0.629139 0.714802 0.237658 1.2939 0.731021 0.559213 1.11118 0.272819 1.07493 0.880593 0.500634 0.25624 0.654502 0.0129037
0.758853 1.0833 0.266202 0.503174 1.1255 0.545296 0.73664 0.217164 0.614408 0.280115 0.619653 0.828737 0.646476 0.828229 0.645529 0.0576832 0.294321 0.310418 0.444122 0.821751 0.351986 0.910999 1.04681 0.393098 0.758574 0.455997 0.212402 0.49585 0.812427 0.707819 0.336527 0.569707 0.669088 0.186071 0.694325 0.394913 0.712985 0.260169 0.416813 0.600942 0.85847 0.350174 0.965248 0.409875 0.314153 0.309676 0.091397 0.92658 0.975415 0.0684338 0.455003 0.835421 0.455698 0.196595 0.306339 1.07662 0.566454 0.141326 0.110079 0.758374 0.642897 0.476791 0.744677 0.325321 1.03548 0.767102 0.58596 1.19455 0.302326 1.03694 0.878613 0.343819 0.241303 0.758376 0.0068657
0.701535 1.12371 0.288576 0.404528 1.0698 0.693413 0.76575 0.183061 0.654738 0.46391 0.506246 0.942238 0.751378 0.709155 0.589547 0.137425 0.253123 0.522594 0.427145 0.677462 0.422157 1.08793 1.15842 0.415454 0.785717 0.262201 0.439789 0.433702 0.756458 0.609272 0.323883 0.488083 0.531821 0.236247 0.754545 0.654607 0.675664 0.2912 0.278075 0.438728 0.908399 0.394639 0.999719 0.437609 0.407921 0.538685 0.180985 0.7978 0.958593 0.205761 0.631961 0.952534 0.329588 0.193092 0.525952 1.26585 0.537222 0.331415 0.317367 0.580921 0.796442 0.581732 0.613426 0.075169 1.28772 0.662308 0.60781 1.00922 0.157825 1.06663 0.855362 0.452095 0.4141 0.695362 0.264636
