25 75
0.978856 0.454152 0.8944 0.561264 0.442126 1.04007 0.518747 0.99763 0.498517 0.818455 0.807516 1.04331 0.623957 0.33678 0.809267 0.831082 0.365241 0.720023 0.239431 0.381274 0.322175 0.444951 0.476655 0.898552 0.623666 0.861907 0.864451 0.274081 0.955526 0.922076 1.07849 0.733882 0.184301 0.308089 0.702706 0.951427 1.03536 0.386141 0.78999 1.02502 0.430578 0.109599 1.02506 0.530361 0.282436 0.913682 0.763721 0.951128 0.44374 0.640934 0.744408 0.310388 0.290414 0.887803 0.476827 0.377415 1.14609 0.411808 0.701256 0.163186 0.675592 0.399211 1.07547 0.270737 0.431106 0.818854 0.30689 0.909706 0.529615 0.91452 0.874434 0.936375 0.876272 0.521352 0.158931
1.08649 0.272252 0.789786 0.789195 0.444457 1.11302 0.493419 1.16057 0.557053 0.817838 0.764741 0.948949 0.469892 0.3407 0.961427 0.749647 0.243487 0.827318 0.24051 0.419949 0.266761 0.407771 0.416212 0.994005 0.438595 0.703283 0.628116 0.397476 0.88836 0.65912 1.04731 0.628766 0.219107 0.533101 0.513096 0.916692 1.05034 0.166924 0.761287 1.16996 0.310749 0.149842 1.0851 0.620747 0.277654 1.01192 0.704503 1.2333 0.300549 0.669999 0.729732 0.13294 0.250605 0.858822 0.291512 0.397319 1.00872 0.254758 0.88378 0.307274 0.710573 0.499702 0.973554 0.33034 0.355085 0.876607 0.336528 0.933986 0.534104 0.707185 0.923818 0.802867 0.859675 0.517693 0.211088
0.899615 0.32654 0.733653 0.815302 0.642637 1.13132 0.58933 0.901149 0.563349 1.10762 0.841303 1.14079 0.480474 0.224329 0.707915 0.993012 0.294312 0.75388 0.258848 0.241636 0.201548 0.374719 0.402433 0.976354 0.643765 0.767498 0.767684 0.245872 0.883914 0.713732 0.987588 0.710157 0.36198 0.460269 0.747816 1.01382 1.20338 0.328113 0.807825 1.15571 0.308648 0.348999 0.969829 0.636335 0.0366594 1.12855 0.758962 1.03052 0.356229 0.627087 0.914492 0.199834 0.404687 0.827969 0.276077 0.275497 0.895914 0.36348 0.734494 0.396476 0.736963 0.410693 1.10219 0.223305 0.199329 0.980209 0.359336 0.805347 0.3653 0.816515 1.0154 0.699617 0.940568 0.558872 0.321569
1.09341 0.245143 0.833313 0.623043 0.438394 1.12039 0.457636 0.992896 0.479667 0.996021 0.892982 1.16801 0.460669 0.450667 0.682232 0.965895 0.272978 0.793171 0.257477 0.384649 0.407666 0.325438 0.503401 0.888389 0.544609 0.887247 0.73303 0.394396 1.02723 0.810515 0.903797 0.569295 0.326405 0.32438 0.62919 0.88814 1.15792 0.367864 0.716573 1.0337 0.470366 0.128732 1.09369 0.567329 0.124595 1.08476 0.70782 1.17232 0.20883 0.813228 0.939569 0.250299 0.434056 0.721896 0.213357 0.51837 0.962024 0.528583 0.839357 0.380761 0.659653 0.382067 1.1552 0.265598 0.373694 0.862128 0.296747 1.02767 0.417804 0.716051 0.941965 0.88834 0.777842 0.467222 0.0879674
1.07418 0.402624 0.707974 0.673884 0.611404 1.00271 0.354046 1.17086 0.58999 1.04829 0.706628 1.15491 0.554457 0.449483 0.68127 0.948754 0.276339 0.557785 0.128308 0.264343 0.373492 0.357621 0.560571 0.949342 0.451076 0.748883 0.823948 0.391352 0.948326 0.898092 0.952976 0.6383 0.270882 0.458731 0.639747 0.794595 1.16464 0.412073 0.890415 1.2251 0.311459 0.233813 1.02838 0.528596 0.287418 0.999871 0.695724 1.1014 0.224681 0.890387 0.717668 0.138475 0.380076 0.917706 0.367511 0.493116 0.879155 0.483883 0.890427 0.263878 0.816648 0.394869 1.12224 0.19657 0.28393 0.841466 0.319538 0.83231 0.507753 0.699926 1.16224 0.718445 0.85907 0.558466 0.285162
0.870576 0.513135 0.993926 0.577693 0.518315 0.969174 0.555033 1.11661 0.373714 1.03872 0.912642 0.935701 0.548548 0.177431 0.767742 0.875305 0.333205 0.762046 0.307163 0.2044 0.232919 0.424269 0.370698 0.81642 0.413985 0.617789 0.899133 0.404735 1.0998 0.72362 0.996238 0.661171 0.175164 0.273522 0.539288 0.795079 1.18256 0.319991 0.800664 1.17206 0.431479 0.310415 1.0652 0.512128 0.0724639 1.13248 0.856696 1.14502 0.269185 0.663244 1.00045 0.193581 0.425921 0.791875 0.222077 0.50701 1.07195 0.287624 0.700895 0.257137 0.771684 0.58057 1.13932 0.256779 0.214065 0.736475 0.326593 0.916719 0.492156 0.775397 1.08076 0.847858 0.83006 0.661654 0.183004
0.988485 0.497084 0.970971 0.550601 0.605611 1.17947 0.333258 1.19335 0.546384 0.932446 0.832766 1.12647 0.690297 0.3403 0.752104 0.751571 0.392497 0.801475 0.178717 0.405961 0.41441 0.368023 0.591047 0.744958 0.429116 0.648556 0.842876 0.287131 1.00355 0.773861 0.925687 0.759905 0.343159 0.361168 0.725804 0.984504 1.10809 0.224048 0.896844 1.1796 0.224417 0.387262 1.02038 0.57163 0.189451 0.985529 0.762866 1.16385 0.282748 0.676924 0.912516 0.268148 0.489005 0.843303 0.457074 0.274638 1.15932 0.368063 0.983689 0.116213 0.650764 0.498892 1.09903 0.484202 0.25605 0.823348 0.44653 0.92652 0.53147 0.8539 1.15099 0.882629 0.915296 0.51624 0.168306
1.02033 0.398421 0.846422 0.652558 0.562186 1.0916 0.600912 0.927203 0.383381 1.04254 0.719332 1.11286 0.449159 0.190528 0.678146 0.862209 0.469535 0.617453 0.337964 0.347562 0.359897 0.30238 0.45675 0.890762 0.533874 0.714787 0.752063 0.472887 1.11051 0.69414 0.838076 0.712838 0.166916 0.533206 0.586835 0.991781 1.17125 0.371712 0.725862 0.968341 0.313739 0.248282 0.946559 0.665117 0.198996 1.00232 0.793437 1.18548 0.289454 0.717673 0.907035 0.20087 0.346895 0.739412 0.324801 0.378348 1.05582 0.409322 0.889422 0.145073 0.836944 0.402859 1.09458 0.466904 0.299131 0.944776 0.327454 0.77357 0.468372 0.836484 0.934382 0.89597 0.833842 0.63011 0.111181
0.842943 0.418213 0.737358 0.822103 0.375516 1.14586 0.591213 1.03105 0.535197 0.935946 0.730646 0.980722 0.633723 0.234533 0.846384 0.988481 0.297559 0.579763 0.210592 0.425588 0.244311 0.411636 0.520243 0.742013 0.618189 0.713419 0.798468 0.340894 0.937679 0.844174 0.890666 0.72146 0.344476 0.248147 0.547196 1.01338 1.03279 0.160285 0.83543 1.15436 0.411727 0.21277 0.952155 0.724074 0.125505 1.02562 0.659322 1.20863 0.443849 0.705241 0.737488 0.151546 0.294343 1.00475 0.403967 0.294174 1.10713 0.296356 0.726207 0.266527 0.834592 0.39346 1.17923 0.221437 0.284688 0.934838 0.448648 0.822113 0.35198 0.789323 1.12952 0.810774 0.854745 0.537295 0.112662
0.847463 0.43641 0.918033 0.680548 0.399995 1.02938 0.586105 1.0724 0.533988 0.929093 0.932563 0.930235 0.525999 0.179651 0.724965 0.996593 0.400898 0.619264 0.245637 0.302895 0.47855 0.224427 0.644879 0.930011 0.562646 0.695639 0.654131 0.446714 0.922307 0.897165 0.991328 0.774924 0.295059 0.50896 0.763396 0.884117 1.13397 0.184721 0.826958 1.09026 0.457075 0.157517 1.18123 0.451968 0.225767 1.13684 0.774974 1.14192 0.362698 0.87507 0.892778 0.34805 0.477891 0.990565 0.274827 0.541566 0.925946 0.542126 0.890358 0.218661 0.619018 0.371289 0.995959 0.410516 0.364021 0.842359 0.447877 0.887558 0.399328 0.822719 1.15505 0.923249 0.865588 0.580902 0.334196
1.07705 0.474948 0.839085 0.732766 0.656583 0.942859 0.604024 1.04239 0.58843 0.922466 0.977289 1.21568 0.70129 0.289815 0.923606 1.03031 0.39694 0.720193 0.332293 0.372128 0.322064 0.222362 0.419168 0.762298 0.473191 0.646469 0.829971 0.502482 0.902596 0.833774 0.84426 0.592209 0.118857 0.261967 0.77964 0.881762 1.15563 0.416513 0.840733 0.968819 0.493243 0.196574 1.03501 0.509686 0.0813112 1.05615 0.844578 1.15844 0.456002 0.85852 0.964943 0.339233 0.384119 0.988411 0.436481 0.327164 1.06572 0.339877 0.883873 0.221244 0.612177 0.599257 1.15284 0.322005 0.237408 0.99622 0.369812 0.801206 0.356324 0.759504 1.1374 0.751847 0.891457 0.373664 0.356221
0.883819 0.367145 0.968533 0.57843 0.493874 1.07326 0.455915 0.963155 0.390898 0.933746 0.868753 1.16088 0.63523 0.410999 0.715456 0.962145 0.473538 0.620517 0.17501 0.239832 0.476948 0.370582 0.392339 0.765338 0.598748 0.675064 0.861291 0.240799 0.845475 0.836125 0.907688 0.590015 0.256084 0.314055 0.59596 0.805029 0.95796 0.402789 0.818412 1.22849 0.318019 0.309819 1.0793 0.440889 0.0909094 1.03444 0.795616 0.995169 0.248073 0.732971 0.939878 0.087962 0.285306 0.73472 0.278462 0.503774 1.03728 0.332025 0.860542 0.156878 0.735951 0.617894 1.11318 0.196477 0.336455 0.827696 0.465184 0.866534 0.458475 0.720267 1.06731 0.834677 0.951168 0.658454 0.284861
1.02177 0.370167 0.704136 0.756802 0.498818 0.970163 0.515136 1.04712 0.336102 0.935704 0.813479 1.19142 0.617301 0.209995 0.927712 0.987738 0.340701 0.755294 0.334659 0.352518 0.411105 0.344057 0.573808 0.890432 0.491005 0.669399 0.883621 0.374599 0.917338 0.702765 0.993249 0.842567 0.298733 0.247687 0.628316 0.992816 1.16 0.206881 0.93013 1.15767 0.323006 0.122735 1.16427 0.57825 0.171555 0.923656 0.716424 1.07363 0.374754 0.89695 1.00447 0.0736514 0.457326 0.968939 0.408987 0.328744 0.94991 0.465143 0.822732 0.191063 0.745974 0.626537 1.22463 0.313133 0.408188 0.985045 0.471856 0.820045 0.303829 0.9255 1.06284 0.766316 0.839169 0.628956 0.0908272
1.07842 0.434639 0.706626 0.714564 0.606738 1.10802 0.524015 1.0288 0.351693 0.948505 0.949223 0.951554 0.601433 0.304892 0.771229 0.88656 0.383662 0.708251 0.360306 0.361841 0.235269 0.400539 0.562294 0.874005 0.415738 0.601021 0.788737 0.419171 1.1219 0.893401 1.08738 0.850432 0.215221 0.349168 0.665997 0.732792 1.06071 0.322559 0.929257 1.05882 0.367332 0.311101 1.09569 0.600044 0.0586095 1.04087 0.845609 1.20477 0.323078 0.75906 0.816932 0.257372 0.466723 0.772903 0.385144 0.25732 0.927209 0.497742 0.95322 0.381337 0.634082 0.35066 1.23639 0.336369 0.197674 0.975265 0.237988 0.83424 0.525141 0.879413 1.05651 0.67255 0.889278 0.464649 0.0906023
0.833101 0.261237 0.763234 0.683964 0.577833 1.03658 0.482128 1.0251 0.350734 0.878029 0.786346 1.07504 0.463745 0.201152 0.72568 0.845299 0.50564 0.691492 0.160073 0.243261 0.399682 0.446741 0.40408 0.853475 0.558231 0.798913 0.813696 0.359681 0.986564 0.917358 0.890996 0.691719 0.237844 0.393802 0.588438 0.856973 1.08085 0.397393 0.712978 1.15518 0.413697 0.179404 1.12638 0.624056 0.0521874 1.06758 0.858957 1.21157 0.214922 0.766135 0.978202 0.179146 0.476518 0.736231 0.424414 0.307676 1.07304 0.27418 0.798533 0.40232 0.633865 0.437556 1.07643 0.402226 0.176324 0.952421 0.485207 0.783535 0.452677 0.835843 0.925708 0.677748 0.756939 0.393792 0.171492
1.06426 0.419099 0.915596 0.592316 0.661688 1.0108 0.568826 0.950984 0.512282 1.00994 0.750273 1.07699 0.570004 0.418478 0.682056 0.991284 0.464429 0.821403 0.157615 0.392554 0.203168 0.430038 0.386018 0.986889 0.641025 0.651335 0.688476 0.413958 1.10615 0.841852 1.04791 0.670432 0.280248 0.346983 0.554588 0.803389 0.972931 0.24757 0.640721 1.0243 0.344524 0.374656 0.989741 0.509841 0.0685278 1.06481 0.816829 1.02376 0.44406 0.669001 0.856295 0.28059 0.368531 0.860294 0.458649 0.481203 1.09748 0.529468 0.863369 0.15716 0.669417 0.478916 1.07646 0.401982 0.307731 0.951415 0.343136 0.849901 0.342598 0.82459 0.927455 0.651926 1.02388 0.569418 0.369245
0.970908 0.332478 0.925031 0.777195 0.626002 1.13348 0.511847 1.00983 0.471132 0.914339 0.901329 1.06238 0.427545 0.298557 0.718487 1.03871 0.339475 0.754524 0.148851 0.406119 0.399241 0.337941 0.645538 0.963893 0.481554 0.852723 0.871748 0.365999 0.883079 0.684107 1.09478 0.57597 0.0898516 0.410701 0.661091 1.01109 1.04582 0.290416 0.876016 1.2057 0.252017 0.302258 0.947672 0.505789 0.281327 1.15473 0.614302 1.19484 0.379272 0.890176 0.753288 0.286893 0.484971 0.763937 0.495532 0.533717 1.09153 0.537345 0.760881 0.27775 0.613821 0.419519 1.03296 0.227475 0.302385 0.953784 0.278913 0.834464 0.455311 0.857281 0.878781 0.908051 0.895191 0.368519 0.21852
1.04804 0.288911 0.956415 0.768646 0.559711 1.05164 0.533397 0.910398 0.517347 1.0469 0.806167 1.0152 0.573781 0.26992 0.849412 0.979074 0.367763 0.633031 0.339026 0.386369 0.293198 0.248503 0.485842 0.820501 0.435289 0.720157 0.770346 0.378314 0.877238 0.704079 0.853327 0.664097 0.203049 0.324256 0.657735 0.873738 1.15713 0.401405 0.673868 1.09312 0.307439 0.329962 0.941026 0.501644 0.110399 0.954916 0.620025 1.0423 0.20612 0.746945 0.826354 0.230623 0.229769 0.81462 0.302042 0.517086 1.02321 0.2606 0.98779 0.324515 0.716662 0.525524 1.07505 0.429251 0.450081 0.730078 0.512402 0.995076 0.316866 0.849992 0.94679 0.869845 1.02348 0.59698 0.301992
0.982259 0.428265 0.814001 0.842346 0.655919 1.09007 0.581631 1.07923 0.483287 1.05949 0.922521 1.04437 0.486735 0.377655 0.866575 1.01819 0.416408 0.577177 0.168971 0.39987 0.213294 0.198609 0.571983 0.935504 0.642488 0.857317 0.799616 0.441055 0.931196 0.825445 0.936915 0.687129 0.209245 0.288722 0.618432 1.01808 1.13895 0.185811 0.727491 1.09979 0.278569 0.241996 1.18302 0.512941 0.0561327 1.08414 0.828091 1.09919 0.451258 0.892717 1.00786 0.185911 0.423465 0.832797 0.484214 0.423909 0.963402 0.379388 0.844572 0.274275 0.78757 0.371402 1.16135 0.29933 0.24112 1.01567 0.466285 0.983409 0.264861 0.65079 1.05719 0.931241 1.03942 0.386736 0.366264
0.997117 0.406305 0.894318 0.808355 0.523827 0.948874 0.508248 0.970287 0.454267 0.982637 0.979175 0.94249 0.700856 0.313875 0.86391 0.797613 0.375091 0.605653 0.190398 0.370692 0.33927 0.239391 0.398538 0.72236 0.400467 0.613927 0.751101 0.499478 0.958733 0.700287 1.01459 0.736901 0.377742 0.317439 0.673458 1.01884 1.22283 0.246108 0.820286 1.11133 0.258265 0.374371 1.05494 0.476857 0.220945 1.15366 0.810892 1.15296 0.433446 0.670864 0.97364 0.197238 0.27436 0.83048 0.485274 0.463486 1.04658 0.351073 0.964615 0.260794 0.627846 0.508195 1.00045 0.470292 0.223669 0.95759 0.427423 0.936985 0.554779 0.634531 0.984225 0.94036 0.802668 0.396337 0.115907
1.02737 0.297013 0.719796 0.817494 0.574825 1.19351 0.436831 1.14204 0.501807 0.823508 0.810334 1.03216 0.558119 0.339572 0.904289 1.0281 0.466663 0.67548 0.3611 0.390818 0.266782 0.28203 0.355317 0.811173 0.553557 0.598162 0.914572 0.300009 1.07834 0.887246 1.08422 0.633478 0.253338 0.4397 0.685709 0.7492 1.13785 0.138653 0.727603 1.01961 0.513648 0.198796 0.971791 0.507597 0.0572485 0.941085 0.708713 1.02415 0.369475 0.651765 0.740799 0.318582 0.282526 0.849101 0.447857 0.341992 0.880742 0.36311 0.852352 0.199768 0.885741 0.54355 1.25374 0.442448 0.462212 0.720335 0.274133 0.959959 0.55606 0.67926 0.872434 0.664369 0.957946 0.556966 0.260297
0.824178 0.278401 0.809838 0.673052 0.495151 1.09137 0.506412 0.93405 0.451052 0.903341 0.954584 1.09821 0.619822 0.304863 0.674487 0.986248 0.361411 0.706906 0.292518 0.307638 0.3051 0.429999 0.481852 0.768323 0.531227 0.593958 0.913467 0.413792 0.863559 0.700519 1.08825 0.609408 0.108261 0.357084 0.560092 0.852403 1.09837 0.142004 0.748172 1.08427 0.474627 0.407972 1.0773 0.703132 0.293127 0.933292 0.671086 1.09503 0.190045 0.61688 0.750862 0.10491 0.31148 0.993848 0.439937 0.433677 1.15625 0.485619 0.701248 0.120884 0.891511 0.552524 1.1747 0.284345 0.173141 0.813228 0.510902 0.908783 0.411176 0.771688 0.924129 0.851832 0.977985 0.449583 0.156252
0.953775 0.453897 0.910337 0.641377 0.379958 1.14249 0.402641 0.935249 0.543172 1.06216 0.90713 0.998107 0.6974 0.201745 0.85974 0.932886 0.436604 0.551984 0.311362 0.206288 0.305376 0.21758 0.426517 0.86051 0.645131 0.760363 0.915433 0.393898 0.870695 0.896931 0.880218 0.828151 0.287034 0.289136 0.757068 0.799443 1.00529 0.35881 0.877467 1.0288 0.48306 0.272415 1.0252 0.549708 0.309239 1.1277 0.660836 1.0316 0.408702 0.853585 0.947518 0.284922 0.327371 0.786194 0.416267 0.536353 0.932055 0.459966 0.874018 0.158539 0.781172 0.402975 1.16957 0.199188 0.438158 1.01314 0.355088 0.809077 0.270765 0.785338 1.10827 0.916704 0.988109 0.519746 0.119385
1.0942 0.34056 0.71961 0.681824 0.401643 1.14476 0.497211 0.964031 0.402818 0.811947 0.888274 1.01765 0.442521 0.454561 0.714828 0.784278 0.464526 0.712672 0.155486 0.292404 0.459522 0.37203 0.532909 0.923783 0.591756 0.801021 0.846813 0.286448 0.938077 0.71171 0.872904 0.575991 0.193149 0.502368 0.667387 0.980959 1.09948 0.185355 0.707288 1.01576 0.294595 0.233736 1.09854 0.513289 0.09901 0.98999 0.624889 1.22134 0.376629 0.75653 0.870967 0.345046 0.280236 0.984058 0.299733 0.303371 1.09352 0.314455 0.798306 0.346518 0.744324 0.567503 1.16244 0.309909 0.288241 0.997207 0.504245 0.999348 0.432633 0.809471 1.0668 0.763457 0.875312 0.611113 0.257134
0.851414 0.442811 0.801295 0.612661 0.447419 1.19156 0.605829 0.96055 0.409698 1.00039 0.760544 1.10882 0.632951 0.295166 0.916338 0.766347 0.375277 0.712543 0.143489 0.205134 0.480082 0.469102 0.653359 0.735335 0.468234 0.789253 0.861977 0.354095 0.910279 0.842366 0.940539 0.717895 0.146447 0.531056 0.736964 0.958354 1.00275 0.16665 0.840928 1.16756 0.308687 0.177974 1.14181 0.557709 0.0522774 0.995693 0.617148 1.04811 0.346167 0.693331 0.737149 0.162395 0.245498 0.746144 0.219266 0.320791 0.93123 0.530212 0.890453 0.219303 0.787356 0.362954 1.0928 0.402359 0.256825 0.754462 0.437246 0.886826 0.282242 0.749891 1.10292 0.814095 0.949751 0.391429 0.146978
