25 75
0.284299 0.628815 0.338779 0.889873 0.640805 0.946569 0.569219 0.513137 0.995752 0.223157 0.673578 0.578628 0.601212 0.724489 0.545015 0.204669 0.972438 0.425652 0.393837 0.534658 0.437239 0.506545 0.712883 0.582673 0.537743 0.485592 0.610051 0.608115 1.03173 0.617042 1.00337 0.150831 0.383681 0.344436 0.883308 1.08702 0.234518 0.486684 0.530207 0.390187 0.199436 0.497629 0.118879 1.00243 0.553344 0.801634 0.792238 0.689464 0.81068 0.607745 0.825054 0.3523 0.993367 0.263569 0.938733 0.990096 1.07507 0.185787 0.134973 0.948543 0.133282 0.946586 0.29015 0.168072 1.06608 0.701731 0.306561 0.328241 0.390782 0.0743172 0.69198 1.0662 0.471892 0.161976 0.866615
0.0834082 0.779551 0.421549 0.689723 0.369343 0.839695 0.542873 0.57466 0.972695 0.288307 0.640352 0.764698 0.604909 0.887304 0.559415 0.264239 1.01167 0.454306 0.583992 0.784954 0.715848 0.507428 0.849959 0.600831 0.587302 0.470224 0.606799 0.802752 1.06744 0.492061 1.00154 0.32357 0.370446 0.350529 1.13488 1.03252 0.456015 0.585995 0.563543 0.659232 0.120173 0.434519 0.265084 1.08645 0.679263 0.88778 0.742479 0.841594 0.861235 0.767377 0.817101 0.213353 0.920266 0.202629 1.10523 0.946737 0.960991 0.259872 0.206228 1.10505 0.323674 1.04093 0.358078 0.212327 1.08687 0.715241 0.336883 0.22578 0.573267 0.0467407 0.464606 0.814817 0.700051 0.10749 0.720168
0.28288 0.610253 0.2338 0.845512 0.559248 0.884801 0.711861 0.613518 1.09601 0.27192 0.755153 0.706195 0.618872 0.819868 0.486416 0.460466 0.985181 0.478596 0.512393 0.528838 0.720728 0.518615 0.623243 0.740094 0.547207 0.447075 0.774 0.840273 1.10671 0.42513 1.22047 0.0503084 0.19149 0.268578 0.925057 1.07307 0.477346 0.355362 0.470933 0.491247 0.125744 0.476652 0.223164 1.128 0.716395 0.893154 0.690009 0.662004 0.604071 0.625937 0.574215 0.445847 0.975135 0.261419 1.01151 1.01199 0.923801 0.363007 0.376939 0.874967 0.339387 0.876746 0.354167 0.373244 0.963065 0.759629 0.260204 0.330592 0.398775 0.108038 0.420533 0.969921 0.435786 0.223357 0.843856
0.0752624 0.56958 0.350057 0.818839 0.597843 0.854891 0.589973 0.34802 0.979534 0.307926 0.770099 0.74279 0.462693 0.874297 0.537485 0.366289 1.17659 0.275105 0.584752 0.695759 0.613816 0.614646 0.705687 0.742205 0.465436 0.733778 0.5079 0.700075 1.24338 0.53523 1.11306 0.241325 0.300467 0.33018 0.966739 1.13671 0.331788 0.400422 0.461454 0.564967 0.253975 0.49941 0.309433 1.20931 0.463018 0.849402 0.805828 0.663753 0.813732 0.609836 0.545786 0.291142 0.805852 0.256358 1.03332 0.971646 0.968028 0.25256 0.4012 1.00235 0.325999 0.839868 0.220376 0.167417 0.83822 0.782448 0.310039 0.264358 0.512194 0.339258 0.525808 1.02535 0.651074 0.133358 0.90873
0.136704 0.710096 0.218819 0.672949 0.400083 0.742385 0.676219 0.456779 1.01206 0.150361 0.643866 0.814003 0.534183 0.905199 0.331684 0.416239 0.971898 0.469882 0.615756 0.49548 0.450786 0.742643 0.720986 0.770785 0.44487 0.628954 0.647044 0.816134 1.07156 0.562695 1.14933 0.292239 0.167412 0.37244 0.87516 1.20597 0.37261 0.468522 0.44956 0.582649 0.147152 0.545948 0.159487 1.16589 0.718747 0.999481 0.521761 0.628971 0.653859 0.547378 0.645743 0.293783 0.738354 0.246226 1.04612 1.03152 1.188 0.121789 0.411124 0.863344 0.0958028 1.02293 0.331754 0.209486 0.987854 0.812397 0.313567 0.0926483 0.607048 0.274664 0.40682 0.950383 0.486835 0.298348 0.896537
0.140303 0.575205 0.348125 0.708305 0.465764 0.98248 0.644425 0.381042 1.09647 0.176527 0.875968 0.79947 0.400872 0.736957 0.376566 0.440124 0.976172 0.26608 0.548345 0.737388 0.59966 0.491103 0.760406 0.806452 0.368781 0.649321 0.698526 0.848729 1.13383 0.607958 1.01628 0.172562 0.215056 0.23513 1.02466 1.01697 0.479365 0.348829 0.457497 0.549551 0.305159 0.471474 0.175244 1.15333 0.549107 0.935594 0.598539 0.691403 0.695588 0.610233 0.571647 0.249657 1.00566 0.406251 0.885593 1.00076 0.940585 0.103242 0.142047 0.829807 0.257558 0.851743 0.224897 0.382528 1.06859 0.847159 0.431001 0.151931 0.450867 0.093137 0.499237 0.937971 0.631268 0.136377 0.847494
0.101474 0.713189 0.400061 0.867985 0.613998 0.894495 0.457013 0.505752 1.08968 0.21176 0.761818 0.731229 0.511585 0.909299 0.380701 0.473644 1.13093 0.445321 0.34983 0.672331 0.483666 0.767497 0.713471 0.79129 0.500385 0.595973 0.630163 0.838184 1.20358 0.658357 1.084 0.207624 0.349934 0.292948 0.98732 1.2342 0.378071 0.426843 0.426455 0.525253 0.0317179 0.641272 0.305147 1.21623 0.496965 1.03981 0.547587 0.615223 0.664985 0.535355 0.66917 0.267413 0.971255 0.322083 0.953882 1.03177 0.967104 0.210059 0.310304 1.05992 0.259774 1.03945 0.493954 0.294136 0.823012 0.856504 0.378072 0.16407 0.50308 0.226213 0.570788 1.0012 0.639695 0.184134 0.941132
0.159488 0.610982 0.424934 0.678613 0.431558 0.91018 0.613143 0.604624 1.01663 0.296298 0.84887 0.816283 0.559757 0.744174 0.515988 0.225819 1.05697 0.45622 0.377111 0.671563 0.524701 0.632799 0.640861 0.733859 0.546347 0.516095 0.693606 0.661707 1.09567 0.503951 1.21869 0.279368 0.376806 0.393268 1.13084 1.00834 0.33362 0.567659 0.555606 0.488987 0.22902 0.444536 0.0991762 1.2631 0.725834 1.00414 0.803339 0.680956 0.617122 0.58253 0.650171 0.379847 0.821218 0.12445 0.954919 1.07947 1.10248 0.300715 0.16588 0.883102 0.062206 0.81374 0.323863 0.190365 0.929692 0.76409 0.287238 0.289155 0.460287 0.0496895 0.650746 0.98188 0.562611 0.0376079 0.8067
0.230929 0.660538 0.165661 0.850986 0.428768 0.74286 0.483337 0.377018 0.931873 0.311195 0.69299 0.60669 0.637536 0.909135 0.332085 0.37132 1.05921 0.45207 0.484245 0.654876 0.603529 0.606006 0.879181 0.741972 0.617265 0.49212 0.605941 0.727195 1.15459 0.710833 1.06325 0.240383 0.438937 0.145225 1.11703 1.01605 0.220569 0.552227 0.582372 0.429314 0.0150153 0.48368 0.288526 1.20504 0.529737 0.84317 0.721067 0.681683 0.786966 0.74698 0.62631 0.315452 1.0133 0.203523 1.07275 0.921119 0.950491 0.0826984 0.172838 0.890404 0.32724 0.822907 0.482246 0.332533 0.958565 0.803876 0.294375 0.270205 0.435177 0.274507 0.604107 0.839501 0.590638 0.0199136 0.803739
0.157036 0.747593 0.387472 0.872906 0.606991 0.996797 0.726462 0.622963 1.10958 0.0965174 0.870248 0.762564 0.382487 0.795644 0.492077 0.320727 1.18328 0.396191 0.52936 0.683563 0.547133 0.506829 0.825049 0.776028 0.553495 0.599971 0.769912 0.62135 1.15772 0.55194 0.965739 0.282999 0.288806 0.385061 1.06176 1.24593 0.26136 0.567801 0.547456 0.440002 0.288777 0.62088 0.192369 1.06728 0.455358 0.983076 0.602295 0.73183 0.700924 0.678682 0.595656 0.418674 0.856886 0.219283 1.1359 0.945133 1.02816 0.0972605 0.31564 0.980574 0.163519 0.822906 0.436256 0.219889 1.09359 0.702817 0.400992 0.191184 0.64682 0.317098 0.636962 0.946761 0.441121 0.0354101 0.88748
0.0843452 0.626128 0.324544 0.771586 0.498724 0.773188 0.556531 0.556144 1.07201 0.106794 0.807198 0.752104 0.446529 0.739043 0.451519 0.410592 1.14193 0.264333 0.442197 0.599327 0.520795 0.568462 0.668035 0.606478 0.534522 0.548485 0.506494 0.637255 1.22842 0.516846 1.13356 0.297546 0.420749 0.246947 1.00981 1.12908 0.465012 0.519385 0.573047 0.466773 0.248813 0.493794 0.264585 1.11016 0.660717 0.83255 0.546559 0.789352 0.674126 0.727278 0.77565 0.189063 0.851067 0.156185 1.05792 0.975274 1.12252 0.278274 0.327168 0.954997 0.0969994 0.803925 0.369116 0.159007 1.01153 0.726337 0.256353 0.294953 0.505155 0.0425874 0.656834 0.785211 0.597471 0.242092 0.736063
0.236335 0.776226 0.266364 0.921105 0.357149 0.934778 0.51724 0.603781 1.03447 0.174267 0.869389 0.628445 0.430313 0.682117 0.28438 0.19882 0.952698 0.371305 0.334399 0.545793 0.625031 0.614381 0.705404 0.858424 0.369976 0.481924 0.614816 0.746843 1.14452 0.704963 1.22165 0.0577305 0.221423 0.327082 1.05308 1.10915 0.197277 0.537118 0.691707 0.59885 0.257887 0.490532 0.152966 1.22425 0.664635 1.01776 0.626405 0.578858 0.644973 0.572682 0.535929 0.342065 0.760297 0.405097 1.07392 0.929271 1.04091 0.167406 0.369607 1.03343 0.174158 0.874319 0.267793 0.252973 0.958069 0.673475 0.185878 0.132936 0.489725 0.121537 0.443727 0.831571 0.570811 0.0900308 0.866744
0.0734977 0.708808 0.151526 0.783725 0.49087 0.868003 0.707573 0.337005 1.06597 0.173037 0.760246 0.696409 0.475349 0.835309 0.363535 0.189061 0.986022 0.475999 0.548437 0.778068 0.556729 0.536689 0.68287 0.74327 0.599437 0.656964 0.760139 0.77306 1.03207 0.687538 0.975334 0.0323682 0.376283 0.287979 1.09473 1.19789 0.380311 0.452265 0.685586 0.637261 0.0582643 0.409049 0.161715 1.18213 0.695337 0.846829 0.70089 0.571162 0.686568 0.627959 0.565073 0.365549 0.866463 0.303251 1.08035 1.14506 1.06403 0.23248 0.191424 0.863844 0.159178 0.947859 0.47663 0.320068 0.873588 0.922658 0.19261 0.340406 0.635703 0.0470842 0.446598 0.934985 0.687154 0.290551 0.786913
0.161338 0.729337 0.351154 0.890889 0.361067 0.941105 0.685531 0.455006 0.952018 0.304674 0.633497 0.66377 0.528332 0.65018 0.343453 0.378396 0.929534 0.284646 0.614262 0.75006 0.607177 0.550355 0.792023 0.674187 0.421446 0.713684 0.631367 0.559482 1.26345 0.462055 1.24949 0.146592 0.182464 0.280552 1.05757 0.985377 0.421131 0.363251 0.658438 0.512228 0.277615 0.358893 0.151193 1.24947 0.454095 0.807523 0.593905 0.582081 0.758448 0.564375 0.692565 0.283469 1.02503 0.229901 1.16072 0.858876 0.937665 0.367905 0.239084 1.03587 0.0484122 0.813901 0.367286 0.178607 0.948875 0.684576 0.284641 0.171577 0.425201 0.263077 0.571859 0.839326 0.514536 0.165099 0.934949
0.0981557 0.615293 0.14428 0.747605 0.546111 0.771083 0.703284 0.604457 1.14355 0.326434 0.624975 0.735135 0.550897 0.649054 0.477181 0.226778 1.1183 0.262471 0.572341 0.516909 0.47374 0.59066 0.699486 0.800612 0.442357 0.67611 0.719757 0.625767 1.06145 0.604043 1.24575 0.0634601 0.441797 0.128519 0.907149 1.12919 0.257805 0.441234 0.523453 0.459447 0.225275 0.58895 0.150083 1.00056 0.464316 0.916929 0.660472 0.834793 0.839508 0.485655 0.716119 0.167978 0.735501 0.252816 0.987464 1.06165 1.13739 0.316989 0.41144 0.929989 0.197579 1.08943 0.306585 0.406886 1.11384 0.663392 0.157877 0.144935 0.639701 0.117119 0.686927 0.865983 0.505344 0.219959 0.983437
0.163839 0.578543 0.206057 0.67199 0.365703 0.735655 0.568924 0.625249 1.05785 0.191055 0.613486 0.7232 0.534521 0.778673 0.497365 0.423803 0.938764 0.509557 0.469819 0.665777 0.669177 0.764226 0.857651 0.774268 0.492646 0.614485 0.731451 0.815654 1.1101 0.440193 1.08577 0.0427713 0.142745 0.146434 1.11039 1.00899 0.480029 0.478489 0.664335 0.624774 0.232931 0.617712 0.119375 1.1413 0.491803 0.963358 0.729496 0.719606 0.803824 0.540105 0.72722 0.396085 0.948416 0.372486 0.943941 0.972911 0.908935 0.194827 0.157482 0.915342 0.0554797 0.949412 0.450134 0.206379 1.05461 0.866586 0.236964 0.247147 0.568084 0.334708 0.610784 0.80679 0.441673 0.228003 0.872135
0.0753034 0.573228 0.230194 0.902001 0.554325 0.763531 0.676602 0.479213 1.14779 0.317533 0.671721 0.79076 0.554939 0.661742 0.399008 0.44991 1.18873 0.238116 0.578509 0.56932 0.515071 0.713666 0.737386 0.82174 0.515985 0.60526 0.718992 0.742998 1.23128 0.47093 1.16394 0.273977 0.245509 0.350019 0.998546 1.19478 0.325822 0.504192 0.60365 0.425572 0.104013 0.523924 0.0535898 1.19376 0.673459 0.946176 0.586911 0.794453 0.735622 0.662331 0.62633 0.368981 0.828615 0.233859 0.875741 0.867895 0.927576 0.22735 0.305628 1.10223 0.209718 0.884227 0.416452 0.206355 1.02722 0.712483 0.434145 0.0741762 0.580745 0.180535 0.555939 0.869268 0.60276 0.121524 0.849477
0.241249 0.598695 0.387792 0.892602 0.591502 0.751306 0.690599 0.604725 1.01604 0.126715 0.665418 0.598764 0.382689 0.63884 0.490848 0.421775 1.108 0.373594 0.471677 0.535155 0.558208 0.650675 0.826296 0.57175 0.370654 0.534375 0.666214 0.688424 1.20382 0.592139 1.04034 0.310264 0.346967 0.114795 0.853052 1.19996 0.276536 0.554518 0.463756 0.557395 0.210608 0.628556 0.238709 1.213 0.718342 0.977941 0.677894 0.85935 0.698304 0.511244 0.64325 0.249007 0.7904 0.328046 1.08165 1.12617 1.20088 0.352859 0.324259 0.914059 0.292254 1.00111 0.457973 0.427476 0.968839 0.743193 0.352066 0.227852 0.497323 0.287063 0.574524 0.908541 0.642367 0.175953 0.809623
0.251003 0.738116 0.340335 0.699986 0.613764 0.994986 0.465395 0.612213 1.05936 0.232375 0.821201 0.76967 0.381689 0.911022 0.279935 0.445073 0.946204 0.350462 0.551767 0.595819 0.465911 0.766314 0.791857 0.694345 0.525117 0.553084 0.763582 0.66247 1.13235 0.562581 1.18205 0.268772 0.29105 0.40168 1.08143 1.11896 0.382409 0.455002 0.498209 0.475816 0.0252089 0.619858 0.219783 1.22105 0.530375 1.00832 0.716762 0.862752 0.649744 0.723786 0.559232 0.287279 1.01749 0.405139 0.984909 1.0755 1.17 0.365262 0.361222 0.895673 0.108795 0.828477 0.301687 0.446042 0.873743 0.887479 0.419925 0.287359 0.541165 0.178047 0.669064 0.955732 0.62932 0.196749 0.731683
0.127907 0.543862 0.225528 0.768708 0.427345 0.985838 0.705497 0.617378 1.14503 0.0787574 0.747921 0.718966 0.66187 0.620024 0.393514 0.239287 1.05879 0.255184 0.458565 0.659018 0.653939 0.671819 0.621177 0.798133 0.646663 0.659662 0.733171 0.67126 1.02818 0.682968 1.17143 0.32053 0.37902 0.272594 0.918281 1.17779 0.373246 0.377916 0.439802 0.409907 0.203625 0.454548 0.195708 1.2751 0.537863 0.960327 0.739647 0.6955 0.656957 0.706571 0.772105 0.223157 0.937185 0.206012 0.999394 1.13588 0.962923 0.207237 0.235469 1.01459 0.334572 0.976374 0.315275 0.413268 0.939449 0.926897 0.206464 0.135894 0.392511 0.223233 0.412809 0.890392 0.571364 0.287474 0.698532
0.18048 0.790229 0.37438 0.745391 0.363992 0.901688 0.532029 0.403677 1.10298 0.143328 0.887976 0.65279 0.535236 0.837361 0.360754 0.286137 1.08707 0.476015 0.412788 0.537142 0.523698 0.786569 0.639543 0.796227 0.611658 0.468697 0.597498 0.556228 1.19248 0.692568 1.13568 0.295186 0.414968 0.39442 0.889572 1.12821 0.357621 0.434512 0.528596 0.541533 0.283631 0.507407 0.118928 1.16638 0.713324 0.972405 0.776633 0.836546 0.817253 0.672383 0.697558 0.404561 0.789261 0.142628 1.03203 0.937229 1.15017 0.259215 0.146017 0.844764 0.0875221 0.959281 0.297641 0.362729 0.978515 0.705656 0.290365 0.242331 0.45058 0.198738 0.571346 0.887596 0.646746 0.120745 0.861195
0.270429 0.749046 0.336604 0.694407 0.361065 0.920374 0.443349 0.580678 1.07272 0.157301 0.661618 0.687354 0.426591 0.72155 0.274186 0.407662 0.994804 0.323849 0.396548 0.583375 0.531382 0.699024 0.83842 0.647017 0.498438 0.5047 0.650103 0.638841 1.1185 0.708008 1.05801 0.319151 0.44074 0.12045 0.953173 1.07199 0.423901 0.606382 0.500885 0.558652 0.286891 0.431806 0.0771286 1.10409 0.540533 0.817769 0.559462 0.630802 0.673328 0.679217 0.732262 0.313549 0.813491 0.177425 0.999623 1.0024 1.10808 0.220343 0.161601 1.03844 0.281418 0.945697 0.487825 0.164145 0.964564 0.831123 0.212435 0.0643211 0.608032 0.0428022 0.458055 0.792189 0.421748 0.120211 0.790864
0.304717 0.608203 0.231863 0.899296 0.36151 0.864217 0.471778 0.499943 1.01318 0.227377 0.627949 0.727019 0.449415 0.847465 0.453816 0.225648 1.15315 0.406258 0.323767 0.503831 0.43252 0.739911 0.79282 0.647119 0.643744 0.55182 0.558355 0.551593 1.15024 0.675032 1.06101 0.0775759 0.387917 0.145338 0.845359 1.0493 0.401246 0.490035 0.515161 0.41443 0.152388 0.498973 0.236804 1.03774 0.502774 1.04409 0.545836 0.786126 0.827481 0.683087 0.665727 0.373178 0.789394 0.386834 1.13764 1.12471 1.00098 0.363731 0.350465 0.978927 0.303632 0.802153 0.419838 0.227163 0.90402 0.738479 0.366877 0.130814 0.67984 0.0817033 0.68877 1.01872 0.697488 0.164012 0.976598
0.250907 0.596809 0.344855 0.757632 0.483942 0.788142 0.722671 0.463678 0.971791 0.175476 0.734267 0.690041 0.381005 0.878964 0.521126 0.326564 0.938696 0.455289 0.408529 0.689854 0.614424 0.612071 0.85291 0.602534 0.636252 0.705992 0.590312 0.613222 1.03006 0.526822 1.09213 0.0797994 0.322436 0.232653 1.06104 1.13171 0.377077 0.543362 0.418616 0.551674 0.17264 0.398944 0.225655 1.14603 0.480705 1.0567 0.513909 0.758979 0.587134 0.480051 0.605977 0.209473 0.872804 0.165341 1.05401 0.864414 0.994197 0.198481 0.220554 1.03737 0.060728 0.84476 0.330189 0.415146 0.896187 0.834905 0.154124 0.24833 0.619021 0.23803 0.520554 0.832003 0.457322 0.0222817 0.961599
0.0791492 0.732217 0.313084 0.76469 0.625534 0.935568 0.448473 0.353812 1.03716 0.0365206 0.705395 0.813611 0.624798 0.666575 0.564525 0.313918 0.965445 0.353212 0.545404 0.740356 0.483555 0.666455 0.678751 0.794599 0.525853 0.705253 0.738631 0.736699 1.10708 0.607872 1.0963 0.148408 0.169568 0.34893 0.940044 0.993512 0.422861 0.464621 0.619439 0.604064 0.122354 0.387303 0.232121 1.16336 0.518451 1.00589 0.773146 0.78088 0.688828 0.591818 0.603214 0.23816 1.01959 0.292412 1.15521 0.987095 1.10581 0.277308 0.264441 0.998846 0.15821 0.845853 0.331757 0.320407 0.823283 0.875282 0.196412 0.264881 0.489007 0.179898 0.645374 0.983354 0.620493 0.156091 0.825156
