25 75
0.672533 0.996952 0.401384 0.417118 0.177988 0.582286 0.678052 0.817417 0.643263 0.240317 0.266433 0.926153 0.631223 0.729463 0.659123 0.924479 0.7675 0.796762 0.580954 0.363333 0.439655 0.26519 0.515503 0.414446 0.435718 0.42449 0.450785 0.762098 0.888753 0.964333 0.40581 0.795092 0.30388 1.28614 0.904343 1.01075 0.322754 0.729725 0.189643 1.08309 0.589612 0.593247 0.830155 0.902301 1.03981 1.00115 1.15603 0.479324 1.1286 0.971938 0.213342 1.00029 0.490582 0.644751 0.558223 1.20155 0.245166 0.748304 0.622763 0.867954 0.173258 0.925925 0.207574 0.32439 1.22295 0.713156 0.998582 0.33342 0.471643 0.782625 0.451652 0.458115 0.411942 1.2494 1.24221
0.588829 0.879113 0.560469 0.184524 0.15836 0.625701 0.575188 0.818084 0.655406 0.359465 0.308648 1.14882 0.612056 0.709845 0.823256 1.04635 0.850959 0.992671 0.706136 0.342275 0.487595 0.519097 0.408805 0.40515 0.377633 0.480373 0.638926 0.746236 0.855844 0.913496 0.577244 0.803313 0.0979695 1.11105 0.979098 0.953277 0.191461 0.450549 0.326495 1.28935 0.690958 0.618663 0.611456 0.951635 0.888918 1.11654 1.26631 0.597087 1.08377 0.987476 0.203954 0.860853 0.595685 0.725184 0.596228 1.04338 0.363373 0.58758 0.70111 0.755348 0.257801 0.905496 0.0841521 0.448568 1.12809 0.996534 1.00649 0.131037 0.380375 0.88643 0.323394 0.354795 0.611755 1.21066 0.990982
0.80669 1.01547 0.574739 0.474669 0.152892 0.70508 0.759936 0.786211 0.712683 0.168396 0.262966 0.96533 0.74672 0.738594 0.725016 0.890776 0.840538 1.0038 0.66558 0.133443 0.576029 0.454926 0.560724 0.326209 0.495607 0.355328 0.661087 0.793341 0.739613 0.773205 0.526275 0.720503 0.238318 1.00306 1.06641 1.08596 0.394941 0.556027 0.284459 1.10735 0.454436 0.453037 0.656083 0.873169 0.94951 0.997232 1.24363 0.568833 1.03948 0.949844 0.250447 1.00775 0.612209 0.642384 0.48635 0.929104 0.156136 0.636557 0.631551 0.872784 0.250422 0.955988 0.350751 0.328328 1.07076 0.79397 1.02601 0.191293 0.30489 0.980137 0.255584 0.203494 0.449687 1.07516 1.0756
0.683368 0.791411 0.381345 0.202265 0.165559 0.730736 0.526229 0.832134 0.467698 0.333081 0.271665 1.15466 0.763652 0.634332 0.63115 0.85633 1.00274 0.972091 0.53424 0.264151 0.592982 0.318253 0.401808 0.418207 0.341389 0.256802 0.456987 0.94112 0.796007 0.732789 0.603903 0.683842 0.243452 1.02484 1.00164 1.03164 0.336001 0.599115 0.219639 1.28419 0.673597 0.615969 0.825585 0.89389 1.09045 1.07876 1.19141 0.511841 1.24592 1.0636 0.330843 0.923546 0.442785 0.510092 0.368782 1.18675 0.124765 0.590979 0.758301 0.796154 0.312216 1.11276 0.12777 0.359056 1.247 0.996222 1.05871 0.31031 0.237093 0.829208 0.198193 0.40075 0.563599 1.20268 0.973571
0.552622 0.952979 0.515384 0.254784 0.331662 0.719674 0.705905 0.84725 0.667867 0.350991 0.368671 1.18521 0.762163 0.677667 0.630294 0.896718 0.928387 1.02619 0.464859 0.252588 0.556953 0.442281 0.311776 0.431051 0.579029 0.325427 0.508015 0.834295 0.609845 0.841966 0.500737 0.825017 0.145903 1.24449 0.92284 0.882781 0.173405 0.654245 0.433723 1.23968 0.491111 0.638425 0.677124 1.08786 1.07456 1.20826 1.03776 0.539165 1.16846 0.850731 0.414136 0.858011 0.592366 0.674987 0.425573 1.05394 0.380998 0.757569 0.643463 0.981835 0.393216 1.14967 0.203459 0.39192 1.08494 1.00317 0.9078 0.340583 0.290181 0.978017 0.248553 0.181957 0.649925 1.21523 1.21637
0.687338 0.84035 0.376682 0.437392 0.317254 0.80848 0.758226 0.83526 0.5424 0.327737 0.265732 1.0787 0.520134 0.737545 0.745475 0.957086 0.805154 0.934676 0.583222 0.222003 0.653363 0.527152 0.304034 0.387903 0.449162 0.249696 0.611556 0.70536 0.845282 0.776386 0.466926 0.950709 0.190383 1.20895 1.11802 1.06665 0.28359 0.484691 0.193355 1.01913 0.595678 0.469391 0.784325 0.88965 1.07074 1.22745 1.2153 0.458875 1.10148 1.00027 0.423818 0.945764 0.483675 0.745682 0.35167 1.20576 0.14469 0.56933 0.833996 0.898759 0.29885 0.904869 0.243603 0.497891 0.969751 0.772494 0.922483 0.349181 0.382059 0.76701 0.335462 0.194387 0.518344 1.0413 1.26989
0.613258 1.04516 0.56922 0.255819 0.326008 0.824231 0.562881 0.836966 0.593145 0.292367 0.441784 0.982347 0.559513 0.897376 0.671481 0.878393 0.792023 0.951771 0.547822 0.242379 0.658239 0.289337 0.476796 0.46914 0.573511 0.29723 0.401666 0.832696 0.867277 0.736926 0.458056 0.89754 0.342296 1.11604 1.09481 1.11023 0.354688 0.584534 0.386833 1.12461 0.612472 0.490749 0.629382 0.940697 1.08255 1.25296 1.06381 0.567768 1.17352 0.923061 0.30997 0.968121 0.472502 0.568308 0.345942 1.14895 0.228294 0.582442 0.642273 0.92388 0.41661 1.07355 0.256245 0.302229 1.04349 0.824742 0.844358 0.302693 0.409199 0.936671 0.267495 0.276448 0.501368 1.1637 1.15833
0.543754 0.845398 0.452224 0.423554 0.360832 0.672239 0.691221 0.677199 0.482729 0.217582 0.377714 1.06976 0.766844 0.740086 0.698786 0.994784 0.963795 0.812565 0.655609 0.3687 0.458929 0.373677 0.293535 0.509843 0.368835 0.330308 0.635002 0.939294 0.786128 0.928655 0.411255 0.974439 0.156625 1.17039 0.980848 0.877603 0.362172 0.675399 0.358762 1.21892 0.547754 0.444808 0.88379 0.86577 1.07249 1.00171 1.16262 0.494616 1.23209 0.895932 0.290549 0.973929 0.46281 0.714089 0.615873 1.09146 0.204183 0.776335 0.802099 0.961114 0.241601 1.08871 0.124261 0.378501 1.09135 0.889113 1.02375 0.411582 0.416437 0.915924 0.426186 0.275785 0.507485 1.27149 1.25296
0.657138 1.07297 0.38428 0.474945 0.082203 0.576623 0.521294 0.727147 0.520099 0.318545 0.412842 1.10646 0.738108 0.817971 0.634233 1.05854 0.984983 0.880334 0.459345 0.3007 0.502216 0.517782 0.447212 0.340088 0.580491 0.454581 0.637358 0.868794 0.67911 0.961976 0.445734 0.731703 0.105213 1.26637 0.95595 0.848444 0.333134 0.590368 0.271935 1.04729 0.48555 0.648895 0.768535 1.02928 0.931422 1.20847 1.22547 0.387595 1.14059 1.05868 0.416867 0.841854 0.571727 0.529235 0.466727 1.21157 0.36074 0.821574 0.724439 0.854692 0.197562 0.969889 0.0898311 0.331117 1.2363 0.87919 1.05187 0.1756 0.345884 0.893491 0.415558 0.205512 0.569672 1.24637 0.978593
0.630847 0.972557 0.424019 0.438659 0.199023 0.735121 0.603013 0.728176 0.470303 0.214013 0.414522 0.955787 0.78091 0.818779 0.617821 0.930453 0.945982 0.950082 0.551252 0.196447 0.69806 0.463159 0.475418 0.325244 0.372198 0.399315 0.446667 0.745316 0.8332 0.964048 0.669073 0.744616 0.104591 1.13927 0.94725 0.835315 0.320907 0.695597 0.372319 1.02346 0.619487 0.527341 0.857086 0.963254 1.11764 1.1119 0.971795 0.394278 1.02416 0.978483 0.23481 1.03183 0.457593 0.693741 0.591184 1.02091 0.206822 0.819615 0.814054 0.958724 0.366426 1.03796 0.215526 0.553418 1.20199 0.7579 1.08825 0.277119 0.375458 0.87751 0.345495 0.362143 0.462354 1.29002 1.15746
0.666195 1.01476 0.449542 0.466687 0.322737 0.79954 0.617352 0.80841 0.746985 0.347015 0.475192 1.02749 0.540138 0.803028 0.65985 0.971023 0.880686 0.798904 0.480248 0.190401 0.483014 0.258328 0.507227 0.380917 0.54339 0.426172 0.641026 0.769449 0.70238 0.841446 0.642339 0.812163 0.115907 1.133 1.12679 0.828288 0.414449 0.570381 0.449279 1.19074 0.579789 0.521649 0.783159 0.842016 0.957369 0.965188 1.13382 0.316909 1.0162 1.0645 0.443205 0.857528 0.415768 0.594367 0.35314 1.09051 0.313364 0.679634 0.795789 0.734766 0.434431 1.06424 0.163315 0.506127 1.08054 0.720712 0.908707 0.270752 0.186133 0.893225 0.19181 0.191177 0.622945 1.09368 1.14001
0.640071 0.809042 0.323547 0.205466 0.280638 0.602922 0.598472 0.91425 0.706753 0.373154 0.360827 1.0976 0.793612 0.894059 0.862707 0.822045 0.828676 0.955535 0.614418 0.323857 0.587442 0.391592 0.534917 0.455529 0.369875 0.450418 0.660925 0.97178 0.798676 0.902603 0.48091 0.759591 0.295205 1.17086 1.02086 1.04799 0.314599 0.625506 0.250147 1.06463 0.457065 0.43606 0.862753 0.858652 0.938325 1.00093 1.25569 0.537475 0.990607 1.12981 0.254765 0.842955 0.567054 0.607159 0.38483 1.12817 0.12716 0.641843 0.904836 0.981165 0.371883 1.1374 0.28135 0.59126 1.23073 0.769395 0.90136 0.239852 0.358607 0.879177 0.262864 0.346085 0.468304 1.04586 1.23749
0.684229 0.901807 0.438033 0.217391 0.273328 0.814999 0.550955 0.73844 0.610949 0.296589 0.253107 0.93757 0.513291 0.754222 0.887003 1.02865 0.821757 0.943509 0.67601 0.248862 0.466759 0.326895 0.493292 0.361276 0.497738 0.513466 0.514734 0.798697 0.692141 0.714611 0.546608 0.956798 0.304556 1.20504 0.856528 0.835936 0.231266 0.694716 0.282546 1.14441 0.729093 0.461932 0.892754 1.12142 1.11517 1.02709 1.14133 0.554356 1.06007 0.922307 0.312524 1.02266 0.574962 0.51371 0.567964 0.972649 0.30025 0.574643 0.75563 0.918936 0.348135 0.932247 0.178329 0.454359 1.05568 0.758233 1.0635 0.389943 0.388292 0.90215 0.27976 0.355727 0.560457 1.13303 1.01515
0.561035 1.04346 0.370658 0.194079 0.339871 0.655818 0.671152 0.711347 0.685791 0.383279 0.211722 0.915259 0.573696 0.687322 0.658398 0.845981 0.791152 0.993353 0.574231 0.0926483 0.623011 0.404004 0.57212 0.592946 0.516633 0.323574 0.549868 0.950373 0.789356 0.7334 0.651436 0.718396 0.0856747 1.02503 1.05642 1.0258 0.276342 0.652273 0.192909 1.19859 0.723954 0.439307 0.817729 0.992221 0.886142 1.11481 1.10044 0.412662 1.13425 0.929786 0.384143 0.903662 0.516635 0.526588 0.546659 1.168 0.415052 0.648349 0.802473 0.727802 0.332888 1.02738 0.203073 0.453601 1.22096 0.746925 1.03938 0.313314 0.275738 0.809188 0.387825 0.371032 0.499408 1.24469 1.26863
0.534033 1.06674 0.498165 0.233959 0.302572 0.695566 0.738 0.683353 0.529771 0.203091 0.400305 0.934885 0.789195 0.854128 0.634311 0.88633 0.747902 0.881046 0.48651 0.261237 0.494102 0.361192 0.529108 0.617415 0.413795 0.278787 0.56507 0.827487 0.741088 0.682339 0.540229 0.921052 0.200157 1.15168 1.1015 0.960699 0.259482 0.640948 0.240163 1.16578 0.608857 0.492427 0.767207 0.967349 0.980309 1.02488 0.974674 0.339442 1.03061 1.02081 0.330644 0.821405 0.518342 0.589824 0.494408 1.14243 0.409585 0.621525 0.867231 0.726928 0.315375 0.891451 0.313854 0.471161 1.13493 0.791489 0.959609 0.128773 0.419625 0.755277 0.256867 0.344589 0.642391 1.19151 1.00804
0.729498 1.08556 0.6026 0.369051 0.302636 0.751601 0.747156 0.797081 0.657759 0.37101 0.244433 0.973389 0.723695 0.694232 0.875714 0.966278 0.893 0.822148 0.594935 0.277871 0.619893 0.452043 0.544316 0.511069 0.375204 0.428542 0.547244 0.985002 0.647629 0.746963 0.404459 0.794587 0.143371 1.25727 0.994271 1.06437 0.174773 0.517836 0.236182 1.14109 0.463233 0.41314 0.65286 1.06742 1.02299 1.16284 1.07348 0.40857 1.08349 1.02857 0.445076 1.03528 0.497884 0.597371 0.428735 1.14068 0.220246 0.564004 0.920349 0.867917 0.352426 1.16322 0.317043 0.405381 1.13977 0.854725 0.91568 0.303985 0.384513 0.766909 0.271713 0.373636 0.605954 1.08324 0.992739
0.748386 1.02202 0.56477 0.333196 0.327112 0.766593 0.564956 0.807912 0.756942 0.20876 0.370617 0.9902 0.591177 0.701163 0.848873 1.0613 0.928657 0.897593 0.612892 0.220454 0.445795 0.328355 0.573532 0.597601 0.597403 0.518673 0.394045 0.702517 0.718457 0.967205 0.508959 0.700051 0.359619 1.24973 1.0188 1.09083 0.198552 0.726575 0.386426 1.15755 0.585517 0.464981 0.696327 0.982106 0.965793 1.22971 1.2028 0.402984 1.27757 1.14042 0.262061 0.953912 0.427424 0.486234 0.487347 1.06335 0.404461 0.612452 0.698546 0.785021 0.409466 0.978164 0.222626 0.571114 1.20425 0.92092 0.887096 0.17317 0.456774 0.883369 0.399678 0.411571 0.468271 1.08886 1.12937
0.786244 1.0853 0.567257 0.289281 0.139148 0.713442 0.526501 0.930953 0.743791 0.253727 0.314144 0.99192 0.590311 0.722483 0.878177 0.939587 0.805239 0.7915 0.622561 0.32953 0.630385 0.350631 0.358383 0.53706 0.5069 0.333591 0.646398 0.962341 0.682176 0.744082 0.413351 0.740155 0.352714 1.23321 0.914657 1.03143 0.240961 0.584364 0.441215 1.23925 0.540839 0.493891 0.744377 0.930358 1.00668 1.18424 1.13898 0.363967 1.21648 0.878556 0.375862 0.856876 0.480436 0.615722 0.499438 1.13072 0.305162 0.793786 0.842857 0.762095 0.419668 0.971428 0.0851266 0.406864 1.05551 0.722617 0.901313 0.372328 0.444426 0.742368 0.231579 0.364236 0.407133 1.22467 1.18055
0.614263 0.944478 0.426523 0.21016 0.114493 0.719389 0.766471 0.756297 0.462669 0.122832 0.311055 1.17892 0.682464 0.851502 0.852143 0.823927 0.904118 0.749859 0.617628 0.266127 0.687336 0.2569 0.400566 0.500908 0.5226 0.380477 0.6471 0.924075 0.746084 0.73077 0.389591 0.951257 0.173896 1.12631 0.853591 1.03185 0.273074 0.543015 0.212887 1.2666 0.737196 0.365897 0.807118 1.06715 1.07515 0.978325 0.988781 0.451977 1.15471 1.14013 0.343874 0.819875 0.593321 0.665265 0.60131 1.10952 0.316431 0.771464 0.689162 0.786364 0.223733 1.06059 0.282723 0.398698 1.22383 0.882131 0.930799 0.386479 0.445818 0.730316 0.384714 0.427581 0.570698 1.2592 1.00897
0.742367 0.863257 0.531521 0.275389 0.327752 0.540597 0.574433 0.687712 0.462862 0.334169 0.240248 0.937881 0.629647 0.881515 0.749946 0.848431 0.781261 0.858916 0.671161 0.31818 0.407687 0.298162 0.495722 0.49775 0.499944 0.385699 0.421377 0.806536 0.777726 0.785899 0.529471 0.740755 0.151613 1.17643 0.864763 1.0412 0.26223 0.634807 0.230888 1.27376 0.702951 0.577469 0.905884 0.887361 0.958894 1.02523 1.19075 0.392674 1.25335 1.07857 0.268414 1.03106 0.445846 0.521603 0.384807 1.05267 0.152254 0.630528 0.882336 0.721179 0.259563 1.062 0.265117 0.450389 1.14337 0.917792 1.08473 0.201216 0.4727 0.793037 0.255049 0.278216 0.615163 1.20714 1.27229
0.747909 0.825771 0.332901 0.475581 0.145355 0.620611 0.729229 0.830686 0.559715 0.408215 0.379123 0.923217 0.752621 0.787281 0.836299 1.06365 0.866425 0.813791 0.434899 0.37115 0.605895 0.430704 0.565954 0.476805 0.573307 0.264266 0.466987 0.791345 0.72775 0.766699 0.556508 0.961319 0.154528 1.16554 1.00764 1.07178 0.207382 0.730697 0.275229 1.00407 0.682237 0.41749 0.71085 0.856784 0.942554 1.05921 1.17436 0.316184 1.12868 0.995895 0.378259 0.93515 0.384316 0.731907 0.61194 0.917397 0.368007 0.765844 0.806929 0.854394 0.188251 1.06232 0.36871 0.515891 1.07199 0.872978 0.992034 0.404502 0.313712 0.736458 0.297814 0.343887 0.60936 1.22962 0.999844
0.564558 0.975642 0.553266 0.231975 0.198275 0.693067 0.644623 0.737512 0.560335 0.398884 0.317069 1.03984 0.616822 0.660915 0.672239 1.05746 0.724867 0.846666 0.613923 0.14092 0.491367 0.551397 0.313558 0.536005 0.498819 0.397719 0.525747 0.905849 0.738713 0.768309 0.603455 0.894987 0.0935423 1.19304 1.06631 1.09881 0.43266 0.735622 0.255383 1.15865 0.510205 0.466174 0.65414 0.8849 1.09918 1.19473 1.24937 0.497647 1.09333 1.10711 0.378772 1.03706 0.462015 0.530676 0.417576 1.00093 0.326619 0.705359 0.63231 0.864123 0.30814 1.07965 0.163368 0.527945 1.21297 0.753314 0.989059 0.402535 0.238065 0.905604 0.309392 0.284311 0.573389 1.24159 1.00726
0.609218 0.823024 0.514173 0.425787 0.267327 0.637665 0.596829 0.87134 0.48048 0.174059 0.303453 1.09544 0.75614 0.853507 0.838708 1.10233 0.796596 0.803468 0.665249 0.338336 0.455586 0.414714 0.581159 0.557544 0.465358 0.295694 0.504516 0.867102 0.6866 0.924306 0.659792 0.828879 0.0811778 1.07287 0.998355 1.08286 0.223667 0.627504 0.365312 1.21442 0.63758 0.629543 0.668412 1.01969 1.03892 0.973771 1.23188 0.574111 1.00101 1.01591 0.29795 1.03147 0.546037 0.531901 0.357215 1.19572 0.226886 0.820941 0.867074 0.77728 0.38845 1.02963 0.227605 0.352693 1.19465 1.0067 0.943052 0.263951 0.296407 0.96061 0.359723 0.414525 0.463232 1.11392 1.212
0.602466 0.942344 0.359248 0.323013 0.249582 0.794142 0.676997 0.846466 0.663158 0.3541 0.443655 1.15277 0.582714 0.809701 0.719819 1.00163 0.969094 1.01576 0.564122 0.136691 0.597089 0.305968 0.502193 0.451665 0.589946 0.382565 0.502672 0.927184 0.646635 0.842695 0.64499 0.727909 0.0864208 1.0385 1.08551 1.085 0.254809 0.448771 0.276577 1.22011 0.511115 0.605071 0.768931 0.872109 1.09176 1.17071 1.1851 0.517867 1.04449 1.06796 0.212966 0.894738 0.373204 0.677522 0.372789 0.940352 0.404352 0.739866 0.834543 0.865067 0.249557 0.919557 0.174034 0.593903 1.17601 0.952116 0.994863 0.337489 0.214146 0.730586 0.429619 0.217115 0.484616 1.16503 1.04215
0.775224 0.840365 0.543566 0.228512 0.258951 0.643223 0.515866 0.869932 0.478492 0.377931 0.41715 0.925242 0.797207 0.656697 0.704623 0.896062 0.864044 0.828246 0.70678 0.0974546 0.45496 0.280733 0.304054 0.442795 0.523325 0.422006 0.649395 0.758868 0.827344 0.866318 0.475149 0.718859 0.0935429 1.22945 1.12888 0.89386 0.194214 0.634476 0.301292 1.24594 0.531565 0.389393 0.737777 0.938456 0.988553 1.14005 1.06293 0.501864 1.03133 0.87615 0.374407 0.898491 0.401076 0.623519 0.521238 0.954788 0.172571 0.666175 0.687804 0.839877 0.345015 0.935575 0.358413 0.403316 1.23351 0.862451 0.951249 0.402035 0.209541 0.730319 0.31489 0.368947 0.456723 1.15306 1.18686
