25 75
0.675119 0.597377 0.259488 0.535632 0.637326 0.536085 1.02024 0.686131 0.335223 1.05879 0.729359 0.306025 0.593158 0.727001 0.23868 0.125312 0.387653 0.769607 1.06251 0.812155 0.277547 0.970426 0.381994 0.254946 0.255416 0.620169 0.523944 0.714782 0.198425 1.20691 0.470538 0.620552 0.423349 0.431826 1.01624 0.998233 0.758203 0.953522 0.699432 0.557976 0.359609 0.594567 0.352556 1.07427 0.170811 0.656684 1.23638 0.587992 0.730373 0.293013 0.667439 0.757255 0.463425 0.36546 0.278749 0.919145 0.109369 0.773041 0.812757 0.820725 0.556587 1.03464 0.867002 0.845356 0.126789 0.579375 0.499898 0.213849 0.923315 0.745539 0.615954 0.320493 0.803736 0.605263 1.02492
0.552352 0.716054 0.223205 0.703115 0.633579 0.535667 0.876639 0.525353 0.347155 1.10378 0.528915 0.34836 0.478036 0.754888 0.158459 0.256121 0.529309 0.790223 1.08385 0.986703 0.248675 1.18639 0.358707 0.119751 0.398289 0.804459 0.591695 0.784497 0.384427 1.13084 0.277468 0.783475 0.355181 0.478597 1.05288 1.00656 0.585888 1.20474 0.701898 0.551723 0.568399 0.485243 0.385794 1.08961 0.284826 0.480603 1.22708 0.652869 0.746186 0.309281 0.737521 0.623788 0.555096 0.210286 0.307096 0.877506 0.189519 0.818085 0.727435 0.802754 0.720751 1.05014 0.965356 0.95053 0.121614 0.380785 0.33974 0.417917 0.86139 0.666509 0.511718 0.13743 0.909122 0.853419 0.866938
0.783966 0.763495 0.14732 0.801157 0.417666 0.460464 0.860111 0.395305 0.329041 1.00424 0.528187 0.224882 0.477875 0.754938 0.353461 0.110508 0.277458 0.619133 0.871392 0.873137 0.408934 1.11965 0.300098 0.198266 0.453317 0.694553 0.412898 0.652601 0.433251 1.07262 0.539004 0.563422 0.563907 0.258781 0.834742 0.812428 0.503869 0.942687 0.566787 0.513769 0.447251 0.623865 0.491145 0.8776 0.136629 0.440769 1.09827 0.863122 0.882863 0.143768 0.635426 0.767431 0.511064 0.223501 0.411804 0.837012 0.101254 0.64012 0.70487 0.714376 0.767749 0.954275 0.808157 0.956766 0.0841219 0.575948 0.509099 0.442688 0.838141 0.827428 0.708306 0.116114 0.861499 0.841766 0.946331
0.726147 0.68314 0.277426 0.677947 0.618671 0.384124 0.855349 0.48544 0.542524 1.14302 0.772837 0.260133 0.624627 0.604415 0.242181 0.135417 0.506905 0.530618 1.00118 0.862458 0.224904 1.13634 0.30068 0.231834 0.305648 0.907695 0.407493 0.874117 0.27822 0.971087 0.431609 0.596529 0.544353 0.343581 1.00346 0.865329 0.509029 1.09717 0.462009 0.44837 0.496661 0.67064 0.461461 1.02968 0.129594 0.590863 1.2217 0.687147 0.71435 0.233213 0.867051 0.742123 0.397548 0.163074 0.416331 0.926243 0.304556 0.676991 0.786814 0.766664 0.810386 1.17684 0.935252 0.827016 0.119256 0.44244 0.402778 0.205698 0.914316 0.77083 0.521793 0.274702 1.04756 0.583582 1.05533
0.602987 0.57563 0.369676 0.679554 0.552263 0.549924 0.888614 0.653692 0.525608 1.14092 0.588824 0.221406 0.659265 0.76558 0.132326 0.333941 0.480577 0.604848 0.903255 1.02241 0.312807 0.963976 0.438572 0.351537 0.319389 0.844771 0.623886 0.858813 0.447264 1.17101 0.283717 0.519841 0.533768 0.348808 0.792011 0.978606 0.652634 1.0249 0.426458 0.421003 0.568037 0.70704 0.342079 0.949793 0.223346 0.466002 1.02393 0.746628 0.859044 0.347424 0.887541 0.824359 0.495004 0.367921 0.41284 0.962631 0.181359 0.681013 0.722401 0.782378 0.792743 1.19761 0.950687 0.909694 0.28667 0.472231 0.512159 0.265984 0.83432 0.590722 0.506137 0.179016 0.94939 0.757903 0.851902
0.755196 0.65415 0.17936 0.632591 0.447658 0.618384 0.91058 0.512503 0.425595 0.950476 0.589514 0.142627 0.645351 0.750919 0.189148 0.169266 0.54441 0.592289 0.878799 0.738244 0.350551 1.03645 0.578702 0.276115 0.508192 0.661832 0.402296 0.792827 0.26327 1.116 0.496685 0.623034 0.441078 0.29607 0.872464 0.837405 0.692328 0.990237 0.608784 0.658117 0.391589 0.692405 0.302291 1.01125 0.379228 0.581666 1.05415 0.857116 0.944392 0.210334 0.598543 0.837481 0.5109 0.157366 0.389143 0.987551 0.155777 0.621261 0.865239 0.804321 0.738705 1.0007 0.927469 0.996789 0.223159 0.379885 0.50942 0.310078 0.938165 0.854331 0.49913 0.319228 0.895983 0.808423 0.840508
0.80577 0.635259 0.268765 0.766956 0.389008 0.4296 0.828754 0.445456 0.346942 1.11301 0.612314 0.134431 0.612766 0.572672 0.119241 0.264277 0.492828 0.597567 0.795328 0.927405 0.392204 1.17967 0.461724 0.317294 0.297938 0.640686 0.351354 0.625385 0.255844 1.16163 0.490288 0.698788 0.546384 0.281126 1.06176 0.927297 0.497305 1.01296 0.433083 0.428839 0.607852 0.518413 0.378937 0.906539 0.374268 0.561421 1.11023 0.815178 0.748025 0.403646 0.729462 0.840186 0.562213 0.328873 0.281506 0.894707 0.302922 0.632563 0.811605 0.841462 0.65762 0.991579 1.0758 0.853019 0.170665 0.359041 0.409985 0.205282 0.91966 0.788745 0.478855 0.120147 0.950788 0.608561 0.7991
0.763253 0.815329 0.288782 0.605728 0.512972 0.438344 0.906491 0.533308 0.49713 1.0267 0.63668 0.28927 0.533043 0.831691 0.22105 0.229666 0.357828 0.729836 0.859236 0.785107 0.275145 0.948707 0.376559 0.294475 0.493433 0.713969 0.629316 0.740053 0.168243 1.15944 0.435256 0.570752 0.391329 0.421861 0.83403 0.935274 0.775526 0.98668 0.699065 0.386241 0.584643 0.61393 0.300412 1.03424 0.192205 0.406094 1.08474 0.776069 0.666455 0.218123 0.793425 0.698607 0.619207 0.405105 0.384794 0.770961 0.0760238 0.662455 0.615134 0.843689 0.54273 1.11846 0.913429 0.908897 0.334577 0.553146 0.408588 0.279954 0.881584 0.663461 0.518821 0.194863 1.0305 0.625527 0.914849
0.690115 0.714776 0.378022 0.560867 0.435554 0.532956 0.863378 0.584976 0.266073 1.09987 0.540633 0.391273 0.542301 0.699005 0.171979 0.364679 0.364821 0.610368 0.85124 0.965367 0.335249 0.951801 0.376445 0.211556 0.36086 0.8616 0.514937 0.880855 0.294311 1.17612 0.33271 0.640703 0.561632 0.348188 0.791031 1.02711 0.739159 1.0448 0.553365 0.472204 0.412845 0.608459 0.395207 0.875414 0.368374 0.576801 1.07416 0.855875 0.80005 0.261641 0.824538 0.839212 0.436412 0.148877 0.2607 0.745206 0.30785 0.837878 0.875589 0.705348 0.70096 1.01469 1.01385 0.836284 0.25612 0.471169 0.379751 0.418891 0.867721 0.740158 0.589483 0.317651 0.861684 0.59023 0.790138
0.589229 0.593696 0.404331 0.578573 0.464482 0.601443 1.06462 0.547589 0.461209 0.960568 0.66306 0.243999 0.477582 0.759229 0.369998 0.208941 0.374861 0.673353 0.986685 0.770612 0.188087 0.97456 0.505599 0.314576 0.355342 0.693614 0.426442 0.843828 0.353938 1.18206 0.524352 0.668369 0.468776 0.476175 0.806369 1.09608 0.703362 1.00369 0.539213 0.623501 0.512507 0.58686 0.390477 1.02757 0.252728 0.487043 1.23615 0.857108 0.922033 0.343957 0.812965 0.797713 0.579303 0.286664 0.390033 0.831692 0.25522 0.760507 0.774536 0.87433 0.726235 1.21042 0.95734 0.989648 0.194204 0.43453 0.441658 0.363729 0.910616 0.818076 0.524924 0.296181 0.84116 0.845302 0.878065
0.823973 0.582732 0.211109 0.810302 0.521441 0.475838 0.87059 0.667271 0.534145 1.0363 0.637777 0.320813 0.650922 0.781318 0.154606 0.201555 0.359143 0.752164 1.06141 0.790462 0.135076 1.09327 0.290342 0.320877 0.273723 0.894326 0.567386 0.642789 0.204937 0.937432 0.420047 0.701849 0.542414 0.480298 0.877651 0.957566 0.766703 0.971614 0.417463 0.402619 0.590221 0.688758 0.285684 0.85001 0.293629 0.413776 1.18653 0.75545 0.694421 0.202087 0.804993 0.851278 0.625786 0.236602 0.399201 0.798245 0.118081 0.751184 0.884608 0.653713 0.720855 1.11349 0.852348 1.06035 0.228699 0.547455 0.343747 0.412374 0.942386 0.597027 0.553674 0.101443 0.893603 0.854448 0.803651
0.74919 0.832888 0.18545 0.62739 0.398381 0.480026 0.838312 0.523784 0.321821 1.01607 0.655621 0.219909 0.616135 0.7229 0.2596 0.296662 0.316742 0.75848 0.803834 0.911204 0.13131 0.960399 0.467735 0.255053 0.425989 0.863062 0.601074 0.863257 0.238072 0.939799 0.274837 0.575367 0.425099 0.526345 0.938043 1.04022 0.756486 1.03788 0.662436 0.387925 0.559956 0.639828 0.508975 0.993038 0.142392 0.605229 1.10258 0.741604 0.737454 0.345046 0.72547 0.786792 0.484875 0.371683 0.410266 0.921792 0.130598 0.631898 0.801224 0.74924 0.655626 1.10375 0.828671 0.896275 0.249119 0.389693 0.35319 0.408238 0.785777 0.79273 0.703438 0.104345 0.868398 0.681181 0.818732
0.645899 0.834397 0.347811 0.800529 0.558291 0.425432 0.809716 0.554452 0.400383 1.0319 0.711399 0.367793 0.478877 0.84159 0.148028 0.162392 0.545001 0.543624 1.03319 0.903254 0.289425 0.935824 0.527766 0.194452 0.34578 0.890071 0.558695 0.902364 0.349712 0.999827 0.297469 0.520934 0.520391 0.532272 0.871831 1.01876 0.705147 1.08103 0.406749 0.628477 0.521125 0.567851 0.342836 1.08895 0.38951 0.514176 1.23758 0.803819 0.741408 0.32844 0.854022 0.749555 0.641228 0.182773 0.242286 0.764937 0.0736436 0.84128 0.7333 0.690722 0.760864 1.18765 1.09072 0.953089 0.163051 0.632306 0.39339 0.368614 0.768311 0.86009 0.483099 0.366466 0.932387 0.723279 0.857038
0.736201 0.594685 0.206334 0.563947 0.464592 0.476824 0.862663 0.610538 0.408993 1.13634 0.597829 0.270382 0.524013 0.667244 0.247976 0.365389 0.269991 0.687851 0.840027 0.942408 0.291288 1.08077 0.52835 0.369085 0.384147 0.846779 0.573591 0.753183 0.411099 1.03171 0.52316 0.642626 0.392712 0.38368 1.01693 1.04624 0.564397 1.17307 0.46064 0.656845 0.413895 0.450901 0.486225 0.964096 0.230011 0.674414 1.05241 0.681963 0.665197 0.135593 0.615463 0.678111 0.623288 0.296691 0.407735 0.807853 0.30517 0.728812 0.683383 0.830837 0.795144 1.11345 0.810021 0.870205 0.237706 0.406943 0.452231 0.269523 0.796233 0.856977 0.615514 0.108336 0.869838 0.710877 0.98204
0.798273 0.665716 0.213193 0.754914 0.591651 0.380779 0.912675 0.428949 0.404895 1.02866 0.76355 0.126556 0.495655 0.587897 0.292491 0.227457 0.291316 0.528459 0.993231 0.904253 0.3955 0.989723 0.421736 0.347986 0.392942 0.739708 0.38596 0.6787 0.400593 0.974831 0.450072 0.498041 0.575879 0.303635 0.921478 1.02253 0.508464 1.03035 0.570584 0.403723 0.395745 0.479536 0.50462 0.994812 0.237164 0.617495 1.00382 0.77819 0.808629 0.413648 0.788636 0.832679 0.385495 0.195532 0.442072 0.694904 0.228191 0.733223 0.889505 0.680106 0.74204 1.06236 0.926281 0.881167 0.332978 0.511157 0.346741 0.430808 0.823346 0.668033 0.653287 0.1351 1.0407 0.778581 1.0694
0.596842 0.683265 0.374251 0.741623 0.471608 0.46512 1.10471 0.497007 0.346032 1.22345 0.70723 0.114255 0.608586 0.824418 0.182503 0.37431 0.541341 0.772887 0.866101 0.96414 0.276003 1.00716 0.386877 0.266042 0.509914 0.72014 0.580538 0.761293 0.222778 1.06695 0.351812 0.563969 0.371466 0.550463 1.01895 0.89468 0.63298 1.16423 0.437672 0.51522 0.644087 0.69162 0.360884 0.907687 0.396228 0.491661 0.998677 0.585912 0.654569 0.173181 0.765934 0.735836 0.640076 0.395052 0.420348 0.872646 0.333244 0.725834 0.69357 0.920343 0.734453 0.942091 0.922023 1.01901 0.19335 0.452451 0.538266 0.407656 0.827712 0.744476 0.590099 0.263547 1.08042 0.642355 1.02834
0.577786 0.738305 0.28921 0.823296 0.520166 0.438321 1.08773 0.677793 0.550788 0.98531 0.714989 0.213027 0.742242 0.726228 0.159714 0.315334 0.425668 0.587418 0.883502 0.778542 0.185906 1.14355 0.407446 0.157498 0.433515 0.877163 0.44947 0.772701 0.425507 1.08208 0.461974 0.522501 0.502107 0.497347 0.988448 1.07898 0.774785 1.19905 0.442132 0.414011 0.409259 0.664937 0.498208 1.13706 0.162468 0.536742 1.08359 0.784204 0.823173 0.237536 0.71361 0.83069 0.49416 0.306263 0.284257 0.917266 0.237627 0.712834 0.72171 0.907696 0.744327 1.04895 0.930454 1.02595 0.0512046 0.514954 0.434994 0.21707 0.756151 0.829671 0.454219 0.285437 0.96993 0.658177 0.858901
0.778893 0.720001 0.374177 0.567796 0.555073 0.383608 1.10434 0.659701 0.484647 1.04168 0.735344 0.305873 0.56902 0.625854 0.228206 0.207699 0.333539 0.780173 1.06748 0.78485 0.159242 0.951177 0.339741 0.130079 0.430117 0.693111 0.568761 0.917988 0.324792 0.96855 0.442143 0.6665 0.32742 0.428063 0.912445 1.07399 0.704678 1.06146 0.438706 0.464845 0.514796 0.551732 0.492293 0.939779 0.137492 0.508494 1.28573 0.799408 0.718607 0.348451 0.755826 0.589755 0.413133 0.177097 0.262197 0.735717 0.220603 0.755294 0.619019 0.719556 0.746491 1.1981 1.00137 1.01848 0.0688128 0.54378 0.590874 0.270508 0.908398 0.744511 0.466034 0.290799 1.02304 0.785818 0.965408
0.664027 0.574408 0.260546 0.634596 0.439289 0.571199 0.973202 0.527616 0.510172 1.19293 0.762745 0.127816 0.585711 0.644046 0.161582 0.207008 0.335843 0.537944 0.855619 0.988189 0.248742 1.08211 0.33768 0.311106 0.339843 0.628891 0.353822 0.830899 0.413596 1.14238 0.542136 0.535511 0.400225 0.549614 1.0137 0.864761 0.641063 1.01831 0.616808 0.38086 0.373232 0.667913 0.402349 0.900376 0.306436 0.521215 1.00351 0.729134 0.790712 0.264285 0.654735 0.684084 0.601495 0.302374 0.350523 0.922379 0.143872 0.703357 0.73194 0.657055 0.605057 0.956511 0.805801 0.815788 0.109931 0.449829 0.542488 0.205154 0.84222 0.705537 0.477706 0.224773 0.819118 0.749252 0.771973
0.748529 0.569644 0.277113 0.78333 0.494385 0.627624 0.910618 0.681794 0.485661 1.19077 0.636871 0.123619 0.504646 0.707826 0.166 0.173294 0.267479 0.599145 1.00507 0.883322 0.26631 1.09784 0.458056 0.180184 0.482342 0.894457 0.523774 0.799133 0.436077 1.21094 0.519032 0.711827 0.366969 0.36816 0.96832 0.913152 0.701675 1.21253 0.412244 0.493779 0.564802 0.700457 0.333944 1.12529 0.143237 0.556255 1.05741 0.590368 0.850756 0.162958 0.61572 0.782329 0.398521 0.341221 0.200712 0.720011 0.260454 0.71571 0.791961 0.630174 0.727357 1.07849 0.907164 0.808062 0.22984 0.463379 0.413487 0.305481 0.824662 0.679632 0.664056 0.320086 0.869011 0.720241 0.794669
0.646951 0.817614 0.409183 0.575133 0.551348 0.579974 0.822836 0.460523 0.48958 1.14518 0.620731 0.264434 0.747611 0.758387 0.294179 0.0975988 0.42497 0.693977 0.850547 0.742029 0.26086 0.989174 0.362955 0.145979 0.397253 0.641652 0.376646 0.883167 0.460467 0.939788 0.553395 0.679771 0.475152 0.354195 1.03182 1.03519 0.638083 1.21183 0.596356 0.453903 0.390723 0.575916 0.484979 1.06559 0.410839 0.455231 1.16122 0.845718 0.670734 0.205942 0.650029 0.667359 0.469909 0.223735 0.247959 0.88488 0.216257 0.819677 0.880789 0.854912 0.685687 1.21258 1.00229 1.06202 0.295498 0.628066 0.482959 0.386289 0.89375 0.78556 0.718173 0.123553 1.04935 0.720759 0.991609
0.659442 0.566182 0.169159 0.644313 0.667674 0.496321 1.08426 0.484031 0.358688 1.06823 0.673964 0.373234 0.564012 0.652667 0.154145 0.156591 0.445391 0.53888 1.06377 0.796749 0.14391 1.18531 0.507752 0.163298 0.352794 0.800497 0.594483 0.67332 0.170452 1.15098 0.382868 0.519146 0.397273 0.37136 1.03277 0.918641 0.579275 0.981359 0.632963 0.376212 0.444384 0.708193 0.257015 0.90906 0.289621 0.448852 1.08743 0.792319 0.698558 0.119589 0.775352 0.618637 0.507481 0.201826 0.425308 0.956926 0.141233 0.619971 0.860598 0.906908 0.709202 1.12937 0.850529 0.83236 0.14346 0.433092 0.452688 0.466364 1.02874 0.661101 0.743753 0.326959 0.883806 0.599983 0.898799
0.714766 0.66675 0.262551 0.682647 0.565808 0.465144 0.940566 0.397555 0.480763 0.959118 0.65201 0.255641 0.632969 0.739738 0.319264 0.305088 0.437924 0.747028 0.870376 0.865108 0.332769 1.07064 0.411426 0.257219 0.523178 0.664834 0.628541 0.801607 0.327167 1.14617 0.508197 0.521864 0.409728 0.357318 1.04033 0.950681 0.719736 1.02841 0.631459 0.521707 0.609784 0.712931 0.361446 1.11715 0.237557 0.539151 1.17506 0.799081 0.772474 0.340212 0.62889 0.606813 0.541622 0.219864 0.340291 0.80475 0.278683 0.777914 0.882371 0.759212 0.61665 1.05878 1.05211 1.01732 0.21543 0.61499 0.328372 0.259747 0.777529 0.837892 0.622472 0.38179 0.88079 0.79898 0.896653
0.70253 0.661061 0.31955 0.630818 0.58493 0.394019 0.919857 0.672336 0.380917 1.10073 0.663343 0.317848 0.456849 0.638675 0.18824 0.177992 0.371234 0.570429 1.02217 0.753861 0.125273 1.16367 0.515273 0.118154 0.408346 0.785621 0.482531 0.720766 0.251566 0.963096 0.326253 0.487702 0.528373 0.366259 0.808029 0.839927 0.515567 1.05409 0.613662 0.488208 0.487904 0.590161 0.462496 0.981675 0.236468 0.610711 1.02856 0.853441 0.68537 0.167134 0.743249 0.601529 0.432729 0.191863 0.250329 0.991119 0.310779 0.848088 0.886382 0.876389 0.756964 0.988432 0.809046 0.846833 0.326798 0.542059 0.596008 0.36172 0.832134 0.579743 0.69889 0.351155 0.851729 0.62104 0.924014
0.566559 0.781315 0.206691 0.538402 0.41839 0.56872 0.957354 0.477889 0.439118 0.987535 0.784737 0.330914 0.581303 0.79798 0.17478 0.184736 0.279729 0.584007 0.941203 0.797183 0.329224 1.09999 0.392198 0.320329 0.306097 0.75214 0.364726 0.820482 0.316622 0.991876 0.311138 0.674315 0.406785 0.397588 0.952424 0.963697 0.707157 1.16579 0.517868 0.480612 0.368969 0.442513 0.360009 0.972032 0.279247 0.625315 1.09139 0.748544 0.655371 0.257259 0.619695 0.803109 0.418826 0.126111 0.266577 0.849892 0.238484 0.825048 0.634794 0.814324 0.546451 1.10822 1.0804 0.985881 0.0692291 0.459088 0.463746 0.217321 0.980091 0.582764 0.52671 0.123107 1.00139 0.725235 0.96684
