25 75
1.19067 0.0428839 0.114318 0.527608 1.21336 0.0672496 0.889609 1.05918 0.135983 1.01459 1.13945 0.652906 0.41253 1.00472 0.616388 0.579121 0.340124 0.836382 1.17149 1.04654 0.560803 0.96516 0.303516 0.0406337 0.422143 0.666435 0.993268 0.593006 1.00768 1.16643 0.356882 0.132832 0.548657 0.502117 0.345175 0.92665 0.564763 0.619872 0.978987 0.899433 0.783231 0.337708 1.17013 0.137372 0.650407 0.526082 0.770327 0.739167 1.10312 0.534237 0.63674 0.80563 0.727052 0.572812 0.279787 0.935971 1.17363 0.736115 0.131815 0.616098 0.885818 0.255114 0.321897 0.255793 0.747842 0.843259 1.0588 0.700406 0.52241 0.976608 0.897839 0.794247 0.392325 1.25514 1.02152
0.945319 0.0981374 0.180588 0.532557 1.00515 0.107735 0.984751 1.18499 0.200905 1.15146 1.14224 0.707185 0.54912 1.01221 0.661246 0.406506 0.396099 0.617528 0.917204 0.988905 0.557089 1.00183 0.245435 0.221437 0.40995 0.794779 1.16425 0.550135 0.940067 1.03527 0.281131 0.241004 0.594968 0.424131 0.350323 1.03323 0.588169 0.563284 1.2039 0.968447 0.699497 0.572726 1.0771 0.225991 0.823763 0.31489 0.741137 0.570762 0.995999 0.483698 0.697428 0.904776 0.688582 0.822148 0.343229 1.09526 1.10891 0.674326 0.131385 0.761637 0.727768 0.421009 0.396855 0.483315 0.768837 0.635659 1.01114 0.975579 0.566726 1.08149 0.791789 0.921959 0.427578 1.2583 1.00621
1.19367 0.0466405 0.294586 0.529368 1.10679 0.181026 0.804899 1.14983 0.149113 1.2312 1.24447 0.826175 0.555631 0.978004 0.768047 0.646972 0.381693 0.56626 1.12302 0.949504 0.624376 1.03282 0.329006 0.19694 0.290216 0.522029 0.968617 0.747631 1.11531 1.03778 0.0878621 0.179388 0.649388 0.55414 0.407671 1.13766 0.564219 0.409935 1.00591 0.807816 0.77739 0.556635 0.902275 0.146537 0.742119 0.312092 1.00206 0.546396 0.881625 0.546195 0.577647 0.868113 0.750852 0.744084 0.228668 1.0682 1.02297 0.66738 0.0111268 0.623008 0.795408 0.274802 0.40141 0.484723 0.878236 0.785619 1.16163 0.734329 0.646839 1.14064 1.03019 0.73087 0.433491 1.06187 1.01329
0.973257 0.235322 0.117304 0.56976 1.09443 0.298126 0.72251 0.979168 0.197885 1.08587 1.13718 0.745852 0.458457 0.88285 0.724277 0.462405 0.450699 0.848265 0.914948 1.10657 0.440546 1.01893 0.100971 0.0772089 0.225139 0.67759 1.03717 0.529743 1.04115 0.965943 0.296737 0.351896 0.454224 0.546603 0.335075 1.10963 0.61308 0.585069 0.946776 0.779885 0.652506 0.501712 1.03986 0.101147 0.687656 0.398214 0.70989 0.709877 1.08333 0.470003 0.80606 0.944473 0.802155 0.604709 0.278717 1.1427 1.0918 0.583733 0.142747 0.876462 0.622883 0.241792 0.226837 0.322543 0.612895 0.853179 0.977011 0.871016 0.717632 1.21378 0.86847 0.897772 0.385889 1.03105 0.957738
1.11326 0.246862 0.297648 0.479518 1.17525 0.0245045 0.837819 1.16008 0.229525 1.07084 1.21349 0.634672 0.555533 1.05775 0.784199 0.47438 0.447332 0.663527 1.05634 0.948137 0.672898 0.962491 0.148607 0.0909974 0.283405 0.58963 0.959907 0.540417 1.04127 0.973296 0.258655 0.234136 0.678716 0.686417 0.20176 1.14817 0.593807 0.597743 1.1059 0.991798 0.741061 0.455816 1.0528 0.009783 0.918203 0.475811 0.874029 0.721962 0.881121 0.546344 0.590548 0.758081 0.77272 0.659152 0.426744 0.935032 1.04252 0.682583 0.12794 0.827353 0.750833 0.406502 0.416051 0.382559 0.866883 0.806257 1.13292 0.976117 0.774631 0.95658 0.987022 0.861107 0.148948 1.08967 0.768083
1.17612 0.304369 0.281649 0.622264 1.22951 0.299956 0.91877 1.11951 0.390342 1.19553 1.25544 0.668936 0.492911 1.09761 0.674215 0.437226 0.491561 0.766019 1.10694 1.14823 0.727898 1.02405 0.299686 0.0667878 0.482635 0.738423 1.11239 0.733256 1.06247 1.19425 0.187614 0.32381 0.451358 0.460348 0.301452 0.98794 0.833921 0.625987 0.970838 0.819333 0.765234 0.56133 1.18599 0.235866 0.701974 0.325359 0.84262 0.634701 1.08368 0.390513 0.753641 0.773989 0.722579 0.635755 0.35884 1.09247 1.11229 0.584788 0.261243 0.735457 0.781921 0.223569 0.279241 0.425162 0.82731 0.765306 1.00806 0.914122 0.591997 1.18405 0.889108 0.755045 0.364549 1.14472 0.764858
1.07177 0.232369 0.31879 0.64805 1.04985 0.148934 0.941891 1.00562 0.140814 0.991858 1.24123 0.602283 0.452871 0.931607 0.856796 0.471797 0.45583 0.676384 1.11097 1.00571 0.716382 1.20193 0.33376 0.135801 0.326137 0.797619 1.05345 0.654155 0.992737 1.2226 0.368927 0.219083 0.614413 0.459001 0.159937 1.06317 0.69244 0.453809 1.16105 0.834982 0.732567 0.432201 0.952465 0.243042 0.723249 0.504957 0.84794 0.57421 0.998016 0.587168 0.68394 0.780358 0.650802 0.808842 0.235249 0.959409 1.16587 0.600609 0.262667 0.807947 0.700283 0.393903 0.382071 0.483307 0.809183 0.843021 1.03101 0.85732 0.727914 1.01558 0.965047 0.990717 0.347912 1.16213 0.769389
1.02054 0.284214 0.395207 0.443609 1.27401 0.239812 0.768881 1.13205 0.358986 1.00936 1.12289 0.782593 0.359648 1.02115 0.796248 0.524858 0.381448 0.740181 1.16371 1.08438 0.68378 1.10485 0.278484 0.265154 0.302716 0.671184 1.08564 0.761129 1.12232 1.19282 0.139556 0.163664 0.455686 0.404314 0.418121 0.910676 0.565621 0.575928 1.11793 1.0637 0.770064 0.419745 0.897882 0.0394301 0.895589 0.303661 0.811257 0.752828 1.09091 0.506678 0.764752 0.95419 0.821974 0.768114 0.472503 1.15313 1.08378 0.570377 0.137911 0.618508 0.756224 0.197815 0.151042 0.44884 0.592501 0.660018 1.20786 0.744139 0.711787 1.0397 0.780143 0.865009 0.178948 1.08256 1.05199
1.19273 0.103124 0.379983 0.627065 1.12208 0.128817 0.755653 1.01346 0.264259 1.0427 1.1857 0.757843 0.393652 0.994503 0.852448 0.529967 0.372042 0.762299 1.14984 0.915682 0.638627 1.02109 0.109726 0.093805 0.446219 0.598679 0.974819 0.529319 1.03132 1.0675 0.121724 0.141473 0.567477 0.682067 0.216475 0.916032 0.800439 0.373637 1.00198 1.0123 0.641098 0.346118 1.14315 0.124189 0.820539 0.505721 0.827004 0.547577 0.876753 0.646296 0.531042 0.882804 0.708353 0.597872 0.434668 1.15155 1.20891 0.727696 0.244077 0.857035 0.614548 0.355706 0.191254 0.417714 0.591603 0.838595 1.09203 0.981052 0.759812 1.17939 0.879867 0.930057 0.306534 1.16146 1.02739
1.11069 0.125505 0.153805 0.441556 1.25928 0.229034 0.75905 0.96402 0.375762 1.16715 1.15571 0.654414 0.566478 0.898338 0.807318 0.393383 0.368518 0.766401 1.00473 1.12533 0.725025 1.17229 0.270847 0.0855062 0.299374 0.75118 1.16541 0.605255 1.00694 1.04152 0.370022 0.344595 0.668004 0.673397 0.206954 0.8999 0.765916 0.487878 1.07362 0.993105 0.832407 0.34355 1.06513 0.253738 0.636449 0.417673 0.752314 0.670305 1.04089 0.425236 0.796464 0.965876 0.818862 0.662306 0.442516 0.93239 1.06695 0.795804 0.206918 0.763241 0.609117 0.289801 0.383496 0.360039 0.714083 0.899462 1.06101 0.902288 0.63322 1.11164 1.00515 0.76185 0.433132 0.998633 1.05316
0.977057 0.208468 0.126964 0.450636 1.19775 0.144073 0.979213 1.01599 0.407742 1.16015 1.20392 0.72115 0.49565 1.05087 0.578174 0.558951 0.39042 0.576653 1.11007 1.16177 0.729266 1.06897 0.312618 0.231431 0.301886 0.65084 1.03327 0.746381 0.947339 0.967799 0.243286 0.0630105 0.443119 0.541981 0.225268 1.1461 0.592667 0.527512 1.01843 0.96704 0.645608 0.619028 0.986278 0.0926155 0.740078 0.449523 0.889281 0.656655 1.14003 0.420385 0.584421 0.745162 0.631181 0.773358 0.448966 0.996693 0.936089 0.622156 0.286875 0.746712 0.868254 0.173636 0.338105 0.334035 0.851442 0.880738 1.18678 0.783934 0.690214 1.11027 0.764929 0.901201 0.202522 1.05189 0.871768
1.15834 0.271912 0.141476 0.451712 1.18521 0.125908 0.914365 0.970289 0.305118 1.14004 1.03663 0.661455 0.576315 0.871049 0.727225 0.64015 0.433498 0.79939 0.975252 0.885439 0.733018 1.09475 0.122066 0.114943 0.304918 0.59294 1.16828 0.55027 1.02028 0.945205 0.251325 0.248251 0.575271 0.672202 0.396423 0.884371 0.578233 0.488436 0.964122 1.01385 0.610831 0.426627 1.17462 0.23814 0.634751 0.398764 0.710058 0.799317 0.993733 0.478737 0.675073 0.881532 0.583897 0.81878 0.232516 1.22306 1.0325 0.813863 0.0900745 0.603354 0.59804 0.203684 0.207609 0.461642 0.73596 0.788802 1.03298 0.795709 0.56293 1.10405 1.0118 0.766548 0.414466 1.20502 0.901848
1.18408 0.137627 0.310366 0.430313 1.05619 0.244064 0.78985 1.11736 0.355027 1.12568 1.26556 0.772562 0.387294 0.939117 0.779655 0.570478 0.455947 0.589211 1.15792 1.12963 0.675428 0.993148 0.260629 0.124015 0.48199 0.710184 1.18878 0.695742 1.11015 1.15736 0.196943 0.220889 0.416695 0.683025 0.194657 0.951515 0.633684 0.402535 1.1955 0.820027 0.739174 0.406052 0.967328 0.201044 0.907755 0.375546 0.801306 0.756669 1.08419 0.471432 0.80694 0.766669 0.642645 0.591013 0.507734 0.954455 0.970034 0.553197 0.279703 0.607736 0.821292 0.19043 0.257644 0.393128 0.635734 0.876025 1.19245 0.816166 0.741451 1.05491 0.924004 0.865296 0.419205 1.09451 0.903656
1.0993 0.289506 0.185437 0.639541 0.999048 0.0408672 0.767182 0.910282 0.352999 1.13566 1.26398 0.804822 0.501207 0.971526 0.856293 0.557071 0.250745 0.787007 1.03832 1.04306 0.615266 1.02105 0.20335 0.29341 0.369846 0.729832 0.966786 0.649635 0.98758 1.14958 0.232351 0.0722957 0.510152 0.648258 0.265517 0.995124 0.554968 0.490801 1.10806 0.96992 0.560347 0.491765 1.14584 0.240788 0.93316 0.432241 0.840017 0.663219 1.06081 0.450949 0.598809 0.830724 0.559939 0.619043 0.233491 1.08976 0.949697 0.558687 0.293862 0.79307 0.760635 0.272835 0.178459 0.447569 0.850567 0.733028 1.11316 0.715535 0.756716 1.16859 0.82171 0.780954 0.428395 1.24894 0.801518
1.09751 0.17317 0.291625 0.418669 1.00891 0.0328847 0.7667 1.17097 0.291561 1.26776 1.0353 0.622211 0.619413 0.893989 0.598384 0.394347 0.238957 0.590351 0.91806 1.11217 0.692929 1.20724 0.181586 0.147532 0.486402 0.758065 1.06068 0.768177 1.01041 1.22445 0.196075 0.211934 0.496819 0.678278 0.388475 1.11537 0.723556 0.660895 1.15563 0.929778 0.635762 0.426948 1.02347 0.253527 0.742634 0.425519 0.822804 0.536069 0.948248 0.3967 0.578006 0.718607 0.683873 0.720348 0.284917 1.13705 1.005 0.646035 0.276065 0.682602 0.755864 0.364502 0.160518 0.377551 0.890304 0.726577 1.03519 0.704702 0.524228 1.16445 1.00522 0.947048 0.394414 1.10158 0.837772
1.12388 0.190819 0.270081 0.44005 1.16359 0.228308 0.839444 0.947883 0.28489 1.17944 1.25377 0.714373 0.330494 0.890177 0.719924 0.381051 0.418564 0.776709 1.15901 1.14844 0.539881 1.14006 0.25018 0.0304243 0.319594 0.779024 0.951479 0.521126 1.02117 1.00887 0.296099 0.341602 0.491858 0.596694 0.264718 1.03331 0.72959 0.483195 1.00753 1.00942 0.711202 0.610633 0.923355 0.161811 0.858298 0.434806 0.90309 0.779794 1.09318 0.625933 0.564496 0.949104 0.802486 0.59603 0.463096 1.09968 0.936536 0.542836 0.112064 0.812869 0.803167 0.228849 0.338087 0.464837 0.783168 0.635288 1.04699 0.699483 0.755863 1.0652 0.759952 0.775026 0.244829 1.18292 0.757567
1.07911 0.328585 0.388264 0.474526 1.23875 0.0403537 0.711576 0.955254 0.232628 1.19973 1.10572 0.803009 0.515688 0.825076 0.844484 0.571792 0.407377 0.692797 1.0717 1.05761 0.626217 1.19961 0.170841 0.26524 0.261452 0.794062 0.976725 0.50434 1.1909 1.06305 0.270745 0.283238 0.409567 0.406487 0.245769 1.01573 0.703406 0.456153 0.956838 1.02747 0.738242 0.567315 1.17253 0.142708 0.769602 0.299385 0.876985 0.814419 1.05749 0.517047 0.666172 0.783188 0.556862 0.613705 0.402677 0.997892 0.970331 0.788636 0.0913151 0.813091 0.770297 0.322486 0.366775 0.378167 0.768313 0.789126 0.95767 0.978698 0.619078 0.985654 0.7518 0.921684 0.341001 1.25501 0.763344
1.16709 0.135592 0.353074 0.552937 1.26519 0.108102 0.910162 0.980829 0.291854 1.25502 1.11983 0.614595 0.474371 1.09024 0.569581 0.56371 0.245748 0.840936 1.03105 1.08614 0.555259 1.22521 0.342515 0.0832852 0.239472 0.710634 1.02836 0.621121 0.930687 1.05326 0.240511 0.181668 0.626483 0.503493 0.288899 0.903625 0.675608 0.599211 0.93768 0.947545 0.722586 0.337582 1.16577 0.298133 0.854369 0.4654 0.804045 0.673123 0.988075 0.503371 0.632014 0.823484 0.687034 0.610564 0.233734 1.01354 1.03359 0.537983 0.0336201 0.82457 0.617918 0.465528 0.298569 0.371554 0.654308 0.736379 1.0933 0.730471 0.5328 1.18205 0.991068 0.925155 0.384098 1.25315 0.872155
1.04345 0.221788 0.178516 0.604755 1.10632 0.0868038 0.999405 1.08687 0.231038 1.13918 1.03179 0.648025 0.484874 1.00236 0.658105 0.558605 0.414027 0.582155 1.09771 0.928018 0.594803 1.0724 0.107916 0.0195938 0.299539 0.547137 0.998144 0.564762 0.959552 1.04178 0.124502 0.18904 0.41285 0.49539 0.319846 1.01873 0.61269 0.373593 1.17106 0.886614 0.785031 0.323732 0.921089 0.147826 0.901841 0.379831 0.705368 0.545318 0.887791 0.458336 0.73759 0.77598 0.666318 0.821995 0.490013 0.975871 0.924068 0.708221 0.125677 0.61054 0.639761 0.375143 0.34514 0.446225 0.794121 0.707109 1.15726 0.889305 0.808003 1.04729 0.936525 0.826766 0.245075 1.23449 0.890845
1.0583 0.307619 0.370815 0.682438 1.17916 0.130418 0.714832 1.03307 0.238486 1.24815 1.22166 0.712436 0.546773 1.03403 0.723869 0.384645 0.366986 0.684718 1.09601 0.980573 0.667489 1.11907 0.197173 0.263483 0.419607 0.734279 1.21255 0.658602 1.17649 1.01885 0.0914424 0.252291 0.590129 0.442364 0.215286 1.08669 0.692484 0.569348 1.07325 0.871647 0.808439 0.391237 1.01443 0.233894 0.700034 0.464667 0.825655 0.533192 1.05521 0.449729 0.613735 0.720099 0.584591 0.803678 0.399395 1.19518 1.19844 0.523677 0.060287 0.709288 0.750077 0.199776 0.324956 0.26955 0.591865 0.713747 1.10967 0.81866 0.606003 1.06152 0.795391 0.95531 0.42463 1.12656 0.77494
1.20916 0.10061 0.409801 0.519907 1.09085 0.146561 0.746105 1.13424 0.37486 1.21657 0.998333 0.576766 0.458766 1.02582 0.829997 0.394478 0.417516 0.658788 1.03212 0.97448 0.442314 1.19278 0.180478 0.122625 0.458002 0.734716 0.996773 0.658465 0.948921 0.969218 0.227606 0.144216 0.662687 0.674398 0.281041 0.866692 0.729815 0.449215 1.1813 0.800347 0.733608 0.403966 0.895154 0.166262 0.861654 0.367225 0.875525 0.822074 0.90846 0.588477 0.706449 0.880739 0.74405 0.751376 0.305003 1.02108 1.0645 0.757457 0.0423823 0.628551 0.606697 0.324203 0.283649 0.415565 0.662935 0.715674 0.913771 0.975952 0.618495 1.0554 0.983322 0.779856 0.279686 1.24364 0.848318
0.931322 0.169342 0.130764 0.548445 1.17812 0.300824 0.97983 1.09886 0.342102 1.10057 1.23464 0.821233 0.559234 1.00831 0.668847 0.592874 0.39183 0.761916 1.17404 0.887588 0.666042 0.953758 0.311298 0.0178787 0.463069 0.666801 1.06638 0.783413 1.11334 0.985733 0.283794 0.170373 0.521532 0.543372 0.231567 1.09501 0.823845 0.601558 1.16189 0.952181 0.798994 0.397245 1.14143 0.182638 0.65692 0.485655 0.949085 0.576969 0.94323 0.389775 0.725409 0.835058 0.709572 0.626979 0.234507 1.03581 0.996033 0.60893 0.16056 0.657148 0.823647 0.332554 0.160074 0.412465 0.763262 0.780358 1.09769 0.834709 0.531486 1.21436 0.826111 0.797542 0.227192 1.0716 0.794751
0.959721 0.268919 0.373443 0.423051 1.06854 0.290466 0.929591 1.09023 0.161198 1.14616 1.19004 0.597039 0.376988 0.851054 0.667467 0.453202 0.357316 0.764122 0.993206 1.06123 0.637404 1.14864 0.367461 0.0723027 0.506752 0.595159 1.14928 0.764413 1.08394 1.00865 0.222233 0.0634445 0.541608 0.560184 0.168161 0.867382 0.647528 0.568985 1.14281 1.04111 0.595919 0.353773 1.12445 0.124865 0.754573 0.326818 0.877109 0.665642 1.10696 0.374556 0.721828 0.958523 0.825157 0.726563 0.403351 0.963931 1.02842 0.612022 0.0571443 0.595302 0.851534 0.313278 0.147788 0.291384 0.812618 0.748909 1.17169 0.959859 0.625571 0.934685 0.896451 0.932898 0.312994 1.14054 0.874492
1.12668 0.0652113 0.132173 0.606796 1.24571 0.223425 0.953073 1.16432 0.408227 1.21553 1.04698 0.568412 0.442664 1.03634 0.697905 0.654189 0.282022 0.641622 1.08799 0.973583 0.499957 1.11206 0.293482 0.186296 0.501756 0.674415 1.15675 0.569605 1.10444 1.03701 0.118197 0.219556 0.481197 0.685791 0.415117 0.909558 0.796599 0.607117 1.13111 1.00775 0.769724 0.406325 0.927546 0.21393 0.768822 0.332337 0.833492 0.795172 1.07941 0.435045 0.668036 0.677137 0.80352 0.855529 0.27554 0.981046 1.20336 0.590778 0.283322 0.814988 0.732081 0.311643 0.438475 0.535326 0.73721 0.831634 0.961416 0.833409 0.715268 0.974914 1.02915 0.722303 0.319357 1.21034 0.816622
0.933741 0.28678 0.265257 0.6045 1.28235 0.2865 0.799031 0.90174 0.256172 1.05172 1.01475 0.689287 0.389438 0.810285 0.618258 0.379767 0.459461 0.758493 0.955594 1.07342 0.456322 0.994734 0.292257 0.124395 0.417864 0.528602 1.18768 0.612019 1.11067 1.1457 0.110059 0.250106 0.587696 0.681457 0.194624 0.870257 0.552796 0.60857 1.18554 0.989201 0.800246 0.389444 0.952867 0.139113 0.729111 0.43083 0.931732 0.620658 1.07015 0.585694 0.537486 0.788759 0.651831 0.818739 0.243013 1.12295 1.08771 0.624185 0.134188 0.816687 0.86503 0.249438 0.367876 0.27321 0.882421 0.819685 1.05265 0.877401 0.768946 0.983288 0.751379 0.884706 0.332341 1.11965 1.02018
