25 75
0.497149 0.873504 1.02101 0.427243 0.733706 0.776474 1.24382 0.927531 1.16129 0.400676 0.123831 0.285592 0.461987 0.885531 0.264099 0.530362 0.61236 0.962465 0.883549 0.711304 0.0356175 0.17954 0.803997 0.531518 0.708367 0.517255 0.470877 0.970371 1.24656 0.949376 0.347584 0.856366 0.402943 0.241925 0.986413 0.409778 0.77513 0.837969 0.618385 0.86877 0.401911 0.401918 0.9002 0.239327 0.266317 0.460619 0.487394 0.888147 0.888962 0.462722 0.80731 0.968838 0.715598 0.963439 0.465235 0.997697 1.03594 0.333931 0.806113 0.156461 0.777451 0.893709 0.383813 1.09804 0.977832 0.800457 0.505973 0.373465 0.95335 0.501044 0.632701 1.06111 0.763381 0.480146 0.857338
0.498821 0.772769 1.19502 0.35029 0.757837 0.592858 1.17854 0.90638 1.22363 0.516871 0.0536933 0.370628 0.324137 0.910092 0.412996 0.415508 0.494594 0.94293 0.862404 0.708982 0.0221566 0.295998 0.609445 0.431935 0.665762 0.66349 0.550781 0.959383 1.08375 0.867073 0.323375 0.687766 0.441208 0.0503136 0.957828 0.466648 0.764438 0.830325 0.599671 0.658594 0.381836 0.332195 0.926579 0.117632 0.264934 0.261307 0.437846 0.883708 1.09984 0.348098 0.886546 1.05562 0.628945 0.842435 0.479904 0.851333 0.972604 0.360051 0.836376 0.407164 0.802879 0.923435 0.521016 1.00339 1.00725 0.805212 0.382752 0.258224 0.887752 0.482191 0.782172 0.986788 0.988382 0.458714 1.01039
0.364942 0.759765 0.975358 0.343747 0.594946 0.710559 1.23804 0.76132 1.20552 0.473207 0.244151 0.173852 0.349206 0.902737 0.257123 0.618602 0.503174 1.05111 0.939731 0.666065 0.295548 0.390823 0.667207 0.520606 0.444847 0.775812 0.360023 1.04855 1.12416 0.94389 0.379011 0.95754 0.546974 0.0669322 0.900445 0.376772 0.926557 0.878623 0.612638 0.880059 0.337895 0.389136 0.921233 0.363073 0.0922272 0.418231 0.321943 1.02852 1.03867 0.263398 0.867659 1.02451 0.762562 1.12972 0.42751 0.90255 1.00542 0.396228 0.567553 0.312251 0.588653 0.931713 0.297651 1.22545 1.09248 0.709852 0.561739 0.200587 1.13675 0.567864 0.599057 1.09871 0.929165 0.385859 1.04887
0.492493 0.652167 0.988255 0.421647 0.660927 0.705361 0.999596 0.883489 1.04657 0.347005 0.129853 0.241976 0.466512 0.752579 0.202056 0.436409 0.605758 0.796455 0.960376 0.622255 0.119637 0.393269 0.65543 0.425898 0.572399 0.54886 0.270552 0.962266 0.977795 0.857152 0.413415 0.709382 0.385964 0.233061 1.05295 0.453923 0.827491 0.750921 0.48839 0.74571 0.3742 0.19498 0.782834 0.244442 0.32368 0.374395 0.334235 1.09293 1.12118 0.385752 0.839576 0.855675 0.538181 1.10856 0.309128 1.01404 1.07026 0.451416 0.789067 0.198663 0.589536 0.92528 0.425699 1.11866 1.14186 0.744352 0.497183 0.494167 1.04403 0.606574 0.769233 0.932044 0.984975 0.304992 1.01643
0.450477 0.857054 1.18218 0.364418 0.847327 0.718238 1.1678 0.938397 1.04312 0.575846 0.314369 0.394817 0.550188 0.712862 0.452745 0.399048 0.417365 1.05803 0.991982 0.476484 0.193456 0.21054 0.580978 0.487572 0.664676 0.7439 0.334152 1.13531 0.976295 0.744194 0.343814 0.8723 0.394772 0.269859 0.980955 0.376156 0.898422 0.979063 0.563739 0.673517 0.530135 0.332977 0.858145 0.121317 0.361339 0.469395 0.374655 1.034 1.04457 0.320857 0.992151 0.902103 0.599279 1.09724 0.311704 1.08074 0.939542 0.24502 0.709692 0.225916 0.801576 0.97236 0.534682 1.01578 1.01452 0.695673 0.476571 0.218885 0.993932 0.643564 0.827054 0.866434 0.999304 0.458364 0.785133
0.323962 0.928255 0.968597 0.255542 0.570058 0.640018 1.20496 0.926112 1.2124 0.423375 0.169901 0.417121 0.39433 0.772016 0.435775 0.471335 0.628577 1.02818 0.964362 0.582994 0.269922 0.20243 0.665392 0.338512 0.603011 0.632206 0.508595 1.09493 1.23187 0.861708 0.464342 0.852598 0.485853 0.0581608 1.14344 0.297127 0.915291 0.900506 0.659813 0.816368 0.40193 0.338537 0.849911 0.187578 0.30842 0.469532 0.447711 1.0442 0.88094 0.263947 0.914058 1.01571 0.528649 1.01404 0.483214 0.817637 1.08916 0.284199 0.814919 0.408233 0.65457 0.89133 0.256642 1.17979 0.963242 0.700615 0.427061 0.289485 1.1105 0.476547 0.784162 0.91669 0.934027 0.434377 0.935763
0.363634 0.802142 1.08765 0.447038 0.569461 0.626594 1.008 0.879099 1.24983 0.574814 0.298389 0.382544 0.359484 0.718625 0.239497 0.613937 0.573165 0.79118 0.845796 0.478682 0.112637 0.213521 0.729384 0.595945 0.519097 0.702281 0.365775 1.091 0.973054 0.863935 0.506104 0.935512 0.387053 0.206407 1.0336 0.34861 0.743947 0.859648 0.504749 0.639092 0.258604 0.36345 0.778947 0.339827 0.128392 0.384396 0.534769 1.11631 1.04232 0.321242 1.04314 0.875648 0.69972 0.964348 0.38438 1.09568 1.08562 0.377312 0.780258 0.139304 0.764772 0.828852 0.407897 0.947232 1.10481 0.767408 0.43459 0.2898 0.994511 0.554828 0.681471 0.843416 0.97487 0.467952 0.775215
0.46022 0.818309 1.02395 0.362696 0.792665 0.60779 1.05428 0.823481 1.2105 0.52133 0.0556839 0.309215 0.552436 0.798707 0.187267 0.424592 0.63185 0.886359 1.04274 0.62043 0.270065 0.330235 0.692578 0.356399 0.520287 0.705597 0.462919 1.09846 1.02185 0.754481 0.411105 0.905352 0.445298 0.0853876 1.11653 0.501836 0.718843 0.796243 0.480352 0.901787 0.35377 0.261718 0.970874 0.360071 0.0786672 0.472431 0.500882 0.961919 0.904568 0.361185 0.943212 0.846787 0.548145 1.13125 0.186638 1.00514 1.04855 0.42772 0.575917 0.176384 0.651832 0.83968 0.321943 0.945001 1.02833 0.76422 0.593909 0.366407 1.03179 0.459133 0.861523 1.09335 0.792374 0.509793 0.819491
0.392184 0.913925 1.11548 0.334208 0.645261 0.72916 1.13255 0.850522 1.01074 0.504427 0.0796257 0.251231 0.53224 0.82436 0.229703 0.665561 0.414395 0.882931 1.02851 0.506312 0.15287 0.33052 0.680091 0.46095 0.645595 0.602 0.280531 0.964272 1.2385 0.831735 0.304757 0.878595 0.256779 0.330408 0.881335 0.300384 0.869519 0.98048 0.624429 0.757177 0.277672 0.335527 0.838811 0.290756 0.239697 0.373529 0.338741 0.967872 0.984397 0.231616 1.00364 0.854119 0.66625 1.02805 0.34366 0.916382 1.05866 0.193817 0.695299 0.182214 0.776776 1.03449 0.282722 1.12943 1.11221 0.89758 0.423944 0.298309 0.919822 0.478779 0.700012 1.11687 0.843671 0.444301 0.983316
0.508264 0.702522 0.981305 0.256938 0.780201 0.497166 0.957896 0.943428 1.20097 0.370539 0.301236 0.214287 0.510854 0.954145 0.290432 0.670348 0.656432 0.99234 1.01917 0.729378 0.0315086 0.208924 0.652269 0.492055 0.68899 0.519655 0.382039 0.96889 1.09596 0.820976 0.516246 0.815268 0.499946 0.247616 0.91399 0.407021 0.703965 0.755341 0.648366 0.683463 0.3718 0.438894 1.0079 0.0968066 0.250474 0.238212 0.365716 0.883874 0.868538 0.486989 0.939308 1.09407 0.497559 0.860358 0.196799 0.917453 1.15364 0.347051 0.711212 0.110986 0.593996 1.05686 0.284256 1.16133 1.07875 0.710736 0.395475 0.400116 1.01017 0.66174 0.656838 1.12351 0.779889 0.450631 0.921085
0.531823 0.860803 1.20683 0.44625 0.731892 0.738296 0.990736 0.835564 1.01353 0.361701 0.102448 0.395912 0.509936 0.823455 0.200249 0.533708 0.568236 0.792415 0.938673 0.504985 0.235709 0.202423 0.635958 0.450431 0.53124 0.723427 0.44004 0.993596 1.2229 1.02091 0.508504 0.766119 0.465368 0.214219 0.892939 0.433198 0.914704 0.782343 0.45684 0.670171 0.442209 0.207398 0.907673 0.252375 0.357264 0.240666 0.542004 0.864442 1.08655 0.452201 0.837805 0.835913 0.556088 0.859664 0.223237 0.800149 1.15355 0.396192 0.818873 0.118821 0.755519 0.831677 0.361473 0.974957 1.04706 0.824334 0.652399 0.489468 1.0163 0.407255 0.60797 0.891084 0.9502 0.571602 0.900507
0.465805 0.945349 0.99399 0.453615 0.602439 0.493186 0.982574 0.977994 1.24967 0.5405 0.177171 0.312896 0.359288 1.00679 0.375948 0.556017 0.648194 0.812166 0.814776 0.535717 0.29709 0.35372 0.572011 0.340975 0.526126 0.590485 0.462361 1.09745 1.17079 0.949578 0.453557 0.733268 0.394515 0.155491 0.934638 0.362126 0.977271 0.939727 0.585229 0.662954 0.523774 0.225558 0.768828 0.153767 0.26285 0.278175 0.287851 0.90743 1.08005 0.445208 0.835355 0.924521 0.644231 1.02266 0.273503 1.04904 0.934464 0.349337 0.775385 0.213722 0.775812 0.817473 0.299798 1.13874 0.955649 0.731964 0.623531 0.450394 1.04748 0.459737 0.849383 0.917964 1.02378 0.56489 1.00998
0.399141 0.722994 1.0739 0.426974 0.727782 0.508648 1.01242 0.725237 1.09635 0.356722 0.137469 0.237396 0.523825 0.990576 0.234293 0.407117 0.63046 0.838465 0.880849 0.565871 0.222396 0.383233 0.678837 0.418838 0.532206 0.589044 0.286428 0.954765 1.20977 0.737432 0.585927 0.73412 0.405541 0.134103 1.16303 0.431465 0.735168 0.939599 0.67027 0.745554 0.250511 0.249611 0.864189 0.159861 0.216278 0.512837 0.367486 1.14834 1.06447 0.459484 0.809708 0.907856 0.661675 0.888706 0.363167 0.851085 1.03382 0.273178 0.65972 0.406282 0.589111 0.867031 0.480396 1.14059 1.03102 0.743043 0.518808 0.206004 1.00882 0.560272 0.651268 0.856806 1.03927 0.387486 0.85902
0.372791 0.896544 1.04428 0.248614 0.738561 0.655528 1.15787 0.729324 1.10148 0.320718 0.305297 0.293746 0.323159 1.00792 0.238812 0.524955 0.510469 0.890893 1.03241 0.709996 0.126891 0.111756 0.534884 0.412357 0.662199 0.528612 0.559833 1.07655 0.982004 0.944349 0.521076 0.914015 0.320262 0.309452 1.04267 0.327592 0.818759 0.982696 0.573524 0.706707 0.449789 0.244314 0.971048 0.352333 0.0761914 0.335596 0.429882 0.988934 1.15099 0.288938 0.808804 1.04785 0.712968 1.01128 0.238034 0.958702 1.01288 0.431255 0.706975 0.293842 0.765649 0.928498 0.336881 0.979816 1.02465 0.677657 0.420332 0.358634 0.95891 0.44713 0.61123 1.09871 0.816946 0.371084 1.0582
0.430402 0.728145 1.14412 0.42648 0.699994 0.564485 1.1478 0.718505 1.15599 0.380775 0.0973217 0.156643 0.453759 0.949373 0.265039 0.470678 0.486901 0.824864 0.915396 0.66841 0.15116 0.249328 0.724978 0.54232 0.621668 0.710669 0.474382 1.03695 1.15849 0.989148 0.401294 0.66405 0.317736 0.251774 0.890457 0.592303 0.937195 0.919591 0.551255 0.897284 0.514364 0.257562 0.908424 0.148516 0.174305 0.422811 0.371121 1.09487 0.885937 0.38032 1.06515 0.834883 0.733671 0.980052 0.370949 1.07262 1.07741 0.359042 0.723201 0.282311 0.613017 0.861484 0.337098 0.991854 1.08642 0.806021 0.459631 0.333527 1.12892 0.419703 0.642508 0.938793 0.988792 0.517887 0.891282
0.53273 0.71909 1.06109 0.498676 0.597647 0.605296 1.06149 0.760651 1.1513 0.48524 0.340181 0.211431 0.320801 0.772259 0.390889 0.506792 0.487496 0.802886 0.985367 0.700413 0.1177 0.231227 0.789633 0.406176 0.641698 0.721471 0.348655 1.13143 1.00759 0.736504 0.350696 0.765669 0.322167 0.32432 0.948267 0.507755 0.74398 0.901411 0.48062 0.849045 0.368478 0.25664 0.982925 0.212895 0.22298 0.381403 0.382617 0.912721 1.11311 0.262985 0.852874 0.93994 0.666629 1.13201 0.237104 1.00614 1.05863 0.458656 0.735899 0.209067 0.644212 0.987765 0.304569 1.12237 0.913382 0.692665 0.501447 0.449533 1.1719 0.644724 0.860242 1.11808 0.919247 0.303441 0.977111
0.339772 0.793572 1.088 0.340406 0.622323 0.76616 1.1701 0.787798 1.1462 0.512328 0.149949 0.353736 0.501527 0.745416 0.279044 0.42895 0.506222 1.04471 0.887407 0.480712 0.238051 0.229333 0.586188 0.356037 0.518795 0.535375 0.427159 0.952402 1.12485 0.97778 0.498458 0.740882 0.281681 0.290104 0.94597 0.528171 0.743962 0.854697 0.621434 0.827876 0.369171 0.34799 0.774267 0.238826 0.175273 0.48739 0.353281 0.9442 0.926136 0.327141 0.988757 1.03374 0.734825 1.00344 0.20842 1.03562 0.982534 0.278258 0.811416 0.252 0.712598 1.05549 0.332011 1.08762 1.169 0.705856 0.558033 0.461187 1.05285 0.701434 0.849888 0.926836 1.00802 0.578476 0.877082
0.495218 0.786816 1.16157 0.28421 0.848538 0.48483 0.964588 0.83643 1.13888 0.612766 0.0625846 0.310415 0.524746 0.998821 0.353524 0.504418 0.563877 0.904248 0.85663 0.623644 0.287834 0.26873 0.682493 0.446113 0.622785 0.784984 0.316361 1.13009 1.21466 1.00009 0.584669 0.830768 0.518911 0.115344 0.884589 0.582734 0.911805 0.848374 0.634541 0.654625 0.262757 0.247261 0.985178 0.121149 0.307286 0.518038 0.489861 0.951361 1.1161 0.338536 0.920491 1.02401 0.525472 0.986793 0.457666 0.841198 1.19016 0.374029 0.685234 0.201543 0.691072 0.889856 0.281459 1.2111 1.08925 0.833446 0.567151 0.37345 1.16523 0.535476 0.837913 0.925539 0.96283 0.404919 0.919357
0.427803 0.684798 0.935967 0.256684 0.624634 0.611739 1.16782 0.793824 1.05541 0.432142 0.0666263 0.318007 0.373745 0.920303 0.44153 0.648226 0.395114 1.07244 0.990569 0.490255 0.27508 0.238606 0.708808 0.476605 0.538492 0.628176 0.524668 1.0909 1.09602 0.980735 0.306792 0.852738 0.48886 0.0547633 1.10634 0.301875 0.812906 1.02658 0.620277 0.68258 0.426582 0.230744 0.876877 0.214962 0.214773 0.45686 0.515994 0.913746 1.10965 0.257753 0.939563 0.984614 0.702758 0.98966 0.266252 0.955261 0.93249 0.356158 0.625853 0.321218 0.586076 1.02543 0.397839 1.17438 1.06028 0.732937 0.391739 0.409017 1.09373 0.449971 0.869918 0.962555 0.921498 0.525125 0.977221
0.52013 0.809821 1.06805 0.477242 0.648701 0.525262 1.09964 0.800718 1.05505 0.420228 0.248462 0.288198 0.360851 0.925403 0.27863 0.604996 0.418563 1.04043 1.02994 0.518006 0.208992 0.384133 0.567147 0.413279 0.568304 0.624646 0.444464 0.906253 1.2633 0.94435 0.524097 0.773089 0.523942 0.165759 1.02503 0.53626 0.716623 0.80611 0.676848 0.877799 0.446117 0.273212 0.749082 0.374983 0.206914 0.456424 0.414062 1.09918 1.00287 0.389261 0.982671 1.06998 0.708432 1.01674 0.252043 1.08102 1.15616 0.350546 0.645981 0.1488 0.544155 1.02727 0.443434 0.935722 1.02494 0.872827 0.506783 0.235121 0.914581 0.650951 0.889542 0.949463 1.0543 0.321739 0.965328
0.542349 0.746391 1.0511 0.448294 0.698033 0.755762 1.09151 0.799729 1.0425 0.546543 0.147027 0.297636 0.521095 0.838864 0.265891 0.678651 0.495648 0.971683 0.96906 0.704672 0.189949 0.394703 0.672547 0.584681 0.523874 0.586047 0.488607 1.13347 1.2156 0.79914 0.445884 0.95403 0.310495 0.242803 1.02903 0.517286 0.912472 0.824344 0.622848 0.68547 0.442461 0.353897 0.969715 0.314276 0.171633 0.378184 0.292973 0.868913 1.03052 0.300748 1.05431 0.898247 0.729928 0.963553 0.30484 0.825655 0.994312 0.242451 0.553117 0.218048 0.68586 0.935393 0.266616 1.05524 1.10094 0.685419 0.62431 0.317243 0.946895 0.528023 0.747081 1.0763 0.988156 0.548659 0.850921
0.488766 0.872417 1.17942 0.349432 0.674272 0.637306 1.06129 0.744218 1.07216 0.464765 0.317734 0.305845 0.33259 0.714808 0.245404 0.630101 0.529478 1.0721 0.949104 0.445695 0.143163 0.33227 0.541056 0.590245 0.49151 0.751439 0.456239 0.952833 1.05716 1.02383 0.568383 0.763365 0.338147 0.0339663 0.97327 0.481836 0.986285 0.900178 0.702569 0.783127 0.304296 0.151896 0.982313 0.0812135 0.169558 0.514532 0.394784 0.86436 1.00413 0.281009 0.999418 0.996724 0.690243 0.891368 0.469873 1.06383 1.04766 0.378209 0.602329 0.203269 0.761196 1.05866 0.493433 1.0622 1.01967 0.871871 0.534415 0.380853 1.1254 0.596832 0.86226 0.847304 0.969445 0.339451 1.04097
0.5352 0.695308 1.06194 0.289188 0.562734 0.553033 1.24342 0.94205 1.25012 0.490962 0.246441 0.401732 0.326514 0.81892 0.398964 0.49636 0.607465 0.876075 1.00602 0.502562 0.249179 0.25996 0.729441 0.420286 0.538728 0.680319 0.491698 1.05526 1.12106 0.845051 0.341082 0.832981 0.483374 0.172145 0.870005 0.489275 0.844387 1.01522 0.536712 0.78594 0.440038 0.435119 0.728502 0.176786 0.317974 0.309035 0.453541 0.881722 0.943087 0.392363 0.822135 0.976385 0.569252 0.91301 0.27136 0.866494 1.1053 0.357108 0.765323 0.343669 0.794441 0.99441 0.300807 0.965603 1.10315 0.796844 0.617067 0.250731 1.01613 0.639451 0.735381 0.990579 0.799505 0.406441 1.02
0.501117 0.753584 1.13179 0.463189 0.773117 0.640509 1.23722 0.885197 1.22315 0.400533 0.0579606 0.296758 0.416955 0.790815 0.29944 0.432149 0.60826 0.939191 0.90555 0.727617 0.116627 0.179834 0.741234 0.512376 0.632594 0.61589 0.38585 0.934152 1.26252 0.916644 0.528668 0.846117 0.372086 0.0755135 0.992724 0.387298 0.829439 0.760971 0.713658 0.900422 0.429037 0.321661 0.74931 0.247844 0.173534 0.428006 0.575318 1.09319 0.971674 0.373376 0.891945 0.962935 0.705073 0.881189 0.20579 0.964138 0.996561 0.362552 0.773706 0.223094 0.712936 0.961995 0.3984 0.957857 1.14635 0.83297 0.496971 0.358846 1.03412 0.465707 0.603201 1.01012 0.860591 0.435766 0.785163
0.40561 0.904352 1.13312 0.378113 0.821757 0.604887 0.997892 0.834038 1.17521 0.385061 0.109089 0.443115 0.537744 0.809794 0.415301 0.627347 0.520173 0.877296 0.877856 0.731421 0.238954 0.159284 0.701541 0.579907 0.542708 0.621793 0.266269 1.08529 1.13375 0.846626 0.502803 0.898528 0.400849 0.331333 0.975024 0.440356 0.813407 0.874742 0.589096 0.926216 0.485946 0.310164 0.824234 0.322161 0.10249 0.374885 0.473814 1.08687 1.14973 0.273389 1.07793 0.92527 0.532408 1.00378 0.415416 0.807949 0.899079 0.37505 0.613842 0.217475 0.702365 0.764315 0.381344 0.934871 1.02888 0.730117 0.656228 0.405302 1.00111 0.576556 0.773919 0.867879 0.834201 0.344338 0.935308
