25 75
0.753348 0.228522 1.06145 0.540849 0.0162538 0.396624 1.06458 0.928265 0.458799 0.417087 0.867124 0.9581 0.336481 0.37831 0.730179 1.21649 0.540542 0.73399 0.999762 0.413012 0.693316 0.632957 0.244784 0.270888 0.406797 0.43886 0.906018 0.317165 0.216382 1.01946 0.575857 0.51361 0.366774 0.724722 0.707555 0.443593 0.459773 0.942517 0.285752 0.56137 1.02941 0.307966 0.562627 0.811258 0.806501 0.384691 0.802962 0.680332 0.646072 0.782691 1.04895 0.367779 0.770118 0.952453 0.648781 1.22227 1.00406 0.64774 0.653232 0.239852 0.764129 1.19372 0.0612525 0.591702 0.902309 0.854685 0.701948 0.552867 0.789559 0.388676 1.26071 0.300629 0.281423 0.731736 0.74807
0.808065 0.370173 0.944964 0.469216 0.133312 0.256885 1.05214 0.907361 0.296893 0.513351 0.771647 1.07137 0.155177 0.525017 0.602316 1.18881 0.376093 0.91513 0.881154 0.461149 0.846243 0.423702 0.406066 0.259105 0.301006 0.438924 0.928079 0.135953 0.296644 0.85129 0.524486 0.510189 0.186322 0.859169 0.745665 0.483629 0.539337 0.949459 0.244909 0.523199 1.2079 0.300136 0.779353 0.889419 0.872016 0.340892 0.675703 0.467296 0.694624 0.915316 0.946145 0.600698 0.665219 1.09455 0.662596 1.04912 0.860001 0.779458 0.695022 0.392752 0.75628 1.07324 0.17078 0.626991 0.725605 0.591639 0.893627 0.547959 0.966076 0.129779 1.17077 0.418328 0.251632 0.885059 0.660399
0.874553 0.142962 0.877699 0.280344 0.286032 0.304549 1.01056 0.851287 0.254572 0.573619 0.742547 1.12597 0.308777 0.344471 0.62779 1.09971 0.565182 0.904634 0.898192 0.626447 0.840149 0.428425 0.127488 0.223799 0.254671 0.185923 1.02426 0.334872 0.233588 0.785524 0.504475 0.671959 0.21445 0.919616 0.739878 0.443025 0.508851 0.952054 0.1002 0.521308 1.12089 0.484421 0.726125 0.795254 0.798193 0.148821 0.757576 0.593024 0.452358 0.783126 0.852614 0.36328 0.758242 1.0777 0.587144 1.12614 1.00174 0.795893 0.55172 0.23925 0.94711 1.22474 0.0526747 0.6345 0.746584 0.695339 0.795441 0.56791 0.743134 0.319166 1.13081 0.479736 0.119302 0.758586 0.787992
0.792688 0.19233 0.852811 0.576782 0.174265 0.337817 1.04175 0.985406 0.347464 0.500234 0.902773 0.889494 0.0865214 0.586398 0.797892 0.978591 0.555384 0.683034 0.879536 0.503429 0.722503 0.594191 0.302132 0.289504 0.309501 0.365888 0.9003 0.207906 0.325688 0.836846 0.637044 0.474936 0.20212 0.844513 0.641062 0.392829 0.495288 1.07761 0.0807517 0.56739 1.07642 0.34902 0.801025 1.006 0.845021 0.179856 0.888149 0.528609 0.659363 0.902317 0.961513 0.516459 0.673777 0.94351 0.398296 0.998697 0.822509 0.876089 0.635339 0.148316 0.761186 1.25438 0.195102 0.514016 0.941776 0.697805 0.962438 0.60095 0.796868 0.116167 1.22716 0.513201 0.0483798 0.944493 0.859463
0.708102 0.248131 0.809678 0.358542 0.156179 0.363454 1.08028 0.819374 0.466566 0.573571 0.963808 0.939115 0.253375 0.448098 0.655047 1.17612 0.47877 0.72146 1.04979 0.545927 0.831468 0.421401 0.29546 0.303695 0.409174 0.310605 0.900979 0.327127 0.355891 0.899972 0.536888 0.630565 0.275713 0.924786 0.758164 0.520122 0.414534 0.998642 0.318715 0.438606 1.11374 0.231319 0.829582 0.942281 0.808456 0.169331 0.861751 0.490674 0.433574 0.858398 0.974352 0.629912 0.592152 1.12295 0.633064 1.00061 0.797562 0.617056 0.690946 0.187866 0.946213 1.02594 0.209826 0.608774 1.00812 0.72057 0.752702 0.740916 0.692999 0.34167 1.19329 0.440419 0.271231 0.892885 0.896468
0.788109 0.182422 1.05911 0.44676 0.0789727 0.217138 1.13545 0.896985 0.43752 0.355757 0.976448 1.12025 0.210984 0.457398 0.691177 0.955821 0.589879 0.745593 1.11743 0.639209 0.630982 0.549264 0.418854 0.168284 0.249614 0.222425 0.879938 0.312299 0.0791901 0.841686 0.505677 0.688169 0.266234 0.828544 0.75649 0.344689 0.427992 1.01279 0.198345 0.623677 1.0058 0.220164 0.575896 0.785492 0.839815 0.281964 0.892332 0.537134 0.614363 0.814547 0.928206 0.603213 0.548953 0.914291 0.552779 1.05256 0.990804 0.86889 0.552447 0.215129 0.867509 1.14837 0.0837893 0.40596 0.896048 0.601392 0.891949 0.52985 0.735554 0.367205 1.24807 0.318846 0.225917 0.813476 0.64732
0.839971 0.0862379 0.933572 0.443395 0.232027 0.297608 1.22153 0.930752 0.361021 0.399192 0.782387 0.954023 0.215856 0.292316 0.744641 0.96662 0.369167 0.914099 0.957085 0.576772 0.686691 0.450754 0.193999 0.165712 0.373678 0.256521 1.08511 0.0973156 0.317429 0.969428 0.738015 0.534127 0.152135 0.88474 0.801968 0.427184 0.577872 0.972117 0.251934 0.437875 1.09089 0.375934 0.804383 1.01693 0.862229 0.247701 0.891243 0.688973 0.617717 0.98969 1.0914 0.609508 0.618219 1.06709 0.528115 1.13946 0.964276 0.698707 0.460655 0.339239 0.995021 1.13168 0.197121 0.591649 0.766951 0.586061 0.951125 0.672282 0.795912 0.113273 1.26603 0.255625 0.0208546 0.870001 0.752374
0.770007 0.142331 0.811129 0.556896 0.0249594 0.457481 1.05087 1.09781 0.287157 0.440798 0.999763 0.972997 0.0964393 0.58216 0.716799 1.10297 0.42977 0.668822 0.992871 0.469387 0.797193 0.708392 0.357368 0.167783 0.490205 0.161935 0.96075 0.159567 0.18878 0.9823 0.713314 0.722507 0.38547 0.721146 0.787518 0.392313 0.575248 0.883855 0.0518118 0.509618 1.05412 0.395005 0.762999 0.832202 0.875736 0.168932 0.824378 0.607503 0.539686 0.985329 0.953937 0.421945 0.620917 0.965987 0.556584 0.95308 1.01143 0.829331 0.665314 0.355801 0.771397 1.11702 0.138683 0.647232 0.954993 0.687889 0.969167 0.773296 0.848842 0.321693 1.25682 0.500047 0.223549 1.01236 0.906563
0.845298 0.376325 0.876016 0.526466 0.241538 0.284416 1.00866 0.917369 0.510828 0.512773 0.762441 0.846411 0.259643 0.349841 0.764385 1.22536 0.327418 0.762731 1.07691 0.471015 0.84391 0.705798 0.365089 0.189341 0.361604 0.321007 1.12431 0.205462 0.256054 0.876354 0.778905 0.647631 0.216703 0.685778 0.783214 0.396266 0.455552 1.06812 0.0581149 0.679272 1.19281 0.340278 0.776453 0.958168 1.04471 0.405929 0.800196 0.474212 0.698727 0.830605 0.834794 0.422615 0.497949 1.1388 0.399137 1.03309 1.00906 0.79692 0.595825 0.386512 0.920024 1.2212 0.0703378 0.410631 0.818871 0.781725 0.822088 0.74555 0.920671 0.149722 1.10876 0.301047 0.0681024 0.82017 0.65439
0.93393 0.0947825 0.865751 0.467045 0.128156 0.294146 1.11215 0.95814 0.50254 0.59369 0.931005 1.01199 0.295196 0.509857 0.854946 1.16015 0.560775 0.719643 1.14421 0.385264 0.560096 0.690112 0.361257 0.0799422 0.47787 0.300932 0.896822 0.184528 0.34052 0.928469 0.655316 0.467447 0.207744 0.781583 0.813556 0.466363 0.34534 0.957088 0.129955 0.430062 1.09171 0.246215 0.797054 0.77612 0.764828 0.152233 0.93607 0.691132 0.529781 0.954507 1.00249 0.377121 0.575435 1.09303 0.433079 1.09505 0.992278 0.602008 0.598914 0.220943 0.868832 0.990439 0.289901 0.59278 0.720941 0.732981 0.701008 0.602119 0.702225 0.124183 1.24691 0.394667 0.26742 0.993187 0.781626
0.682041 0.260594 0.891002 0.32268 0.0828607 0.451834 0.981429 1.0394 0.285556 0.63049 0.935838 1.04411 0.265251 0.378506 0.695678 1.18429 0.558698 0.910146 0.951943 0.616209 0.762398 0.430216 0.344034 0.214002 0.279363 0.267421 1.0192 0.0812302 0.272557 0.990545 0.601476 0.70042 0.371267 0.70847 0.64546 0.31744 0.535942 1.00726 0.272273 0.650664 0.991366 0.32373 0.63346 0.986915 0.997166 0.228144 0.722096 0.607319 0.484946 1.03218 0.925789 0.505017 0.754521 1.05591 0.644773 1.01885 1.04298 0.621442 0.566217 0.386111 0.750636 1.17944 0.180297 0.643726 0.817538 0.787943 0.885143 0.555304 0.744258 0.383809 1.17255 0.484556 0.233623 0.760807 0.824709
0.904393 0.359916 0.996616 0.514671 0.172617 0.255826 0.993417 0.991693 0.314597 0.497013 0.742388 1.02165 0.0763772 0.306195 0.623187 0.967552 0.546009 0.769051 0.961882 0.569591 0.614332 0.46957 0.387761 0.0125369 0.447546 0.365177 0.919524 0.236067 0.363202 1.05263 0.661715 0.723388 0.379929 0.847037 0.837803 0.466773 0.60884 1.02296 0.322387 0.538456 1.00251 0.286721 0.627209 0.991412 1.0218 0.257634 0.901663 0.706205 0.456976 0.862463 1.02504 0.550922 0.732731 0.979517 0.444686 1.03873 1.04885 0.60115 0.472535 0.290395 0.760442 1.02191 0.187606 0.417706 1.00987 0.662741 0.865329 0.787797 0.975037 0.114837 1.19747 0.231749 0.168482 0.748608 0.785301
0.868931 0.271449 1.04293 0.398156 0.274621 0.245282 1.19642 0.983367 0.430894 0.564922 0.962081 1.07074 0.305878 0.416323 0.64309 1.00522 0.411557 0.772885 1.13603 0.648406 0.825562 0.574182 0.411649 0.302283 0.323322 0.274635 1.10169 0.0863081 0.0810479 0.901217 0.743965 0.512382 0.116773 0.904005 0.603258 0.333047 0.399577 0.989588 0.116631 0.430139 0.961825 0.311619 0.601515 0.880821 1.00409 0.160264 0.703934 0.613796 0.704663 0.875655 1.04279 0.589786 0.627575 0.936314 0.652537 0.963452 1.00812 0.737419 0.535152 0.419022 0.891313 1.07226 0.349106 0.493759 0.821477 0.749803 0.721463 0.50433 0.876925 0.172386 1.02928 0.313835 0.234273 0.97499 0.844655
0.691896 0.367424 0.86961 0.500656 0.170657 0.187388 1.2161 1.0333 0.410976 0.484497 0.894508 1.09784 0.252591 0.56667 0.794238 1.02333 0.506306 0.814268 1.09687 0.651583 0.784067 0.474908 0.236178 0.291675 0.357174 0.366847 0.969848 0.264679 0.146139 0.804219 0.656982 0.509699 0.361425 0.759403 0.588069 0.524415 0.440144 0.899973 0.27045 0.469793 1.19087 0.290138 0.760566 0.844291 0.781899 0.138928 0.868936 0.56478 0.486666 0.895655 0.875818 0.626897 0.533598 0.951781 0.505021 1.07346 0.998584 0.72034 0.590193 0.21259 0.822353 1.24528 0.334485 0.582305 0.8925 0.637998 0.820343 0.523732 0.906825 0.383298 1.08243 0.242678 0.0839417 0.843311 0.903632
0.839439 0.124311 1.03292 0.538872 0.0116248 0.262435 1.10862 1.08412 0.266056 0.350891 0.899926 1.07383 0.0593074 0.527093 0.723355 1.09351 0.538055 0.9176 1.01854 0.57769 0.651787 0.616299 0.356253 0.144303 0.218215 0.432041 1.02706 0.13403 0.305226 0.971919 0.732249 0.741721 0.36197 0.869651 0.733009 0.308412 0.470387 0.96337 0.260206 0.439625 1.06299 0.337816 0.74868 1.02197 1.02153 0.356378 0.920321 0.475114 0.467193 0.828172 1.07176 0.460599 0.633413 1.08614 0.439027 1.12393 0.880011 0.691115 0.632725 0.430277 0.842315 1.20837 0.331787 0.585403 1.01614 0.661562 0.927507 0.604968 0.758858 0.244041 1.06017 0.526162 0.251123 0.757709 0.798874
0.645384 0.185532 0.959234 0.378489 0.240366 0.4032 1.02299 0.887922 0.437081 0.528134 0.959969 1.0035 0.207926 0.407015 0.710564 1.07008 0.445775 0.927308 0.924044 0.561238 0.636136 0.696029 0.176568 0.0320513 0.411589 0.424336 1.04357 0.118621 0.119836 1.04224 0.621204 0.535105 0.192472 0.877643 0.664449 0.401446 0.451651 0.940073 0.300598 0.698427 1.10046 0.462927 0.657158 0.940217 0.820752 0.355884 0.92248 0.689279 0.434409 0.784944 0.934841 0.534815 0.641785 1.16671 0.422054 1.0416 0.790955 0.604978 0.634555 0.309979 0.760324 1.2404 0.347665 0.391426 0.806756 0.588702 0.849179 0.672478 0.858418 0.107409 1.17365 0.448861 0.148494 0.845035 0.757943
0.649893 0.114294 0.980442 0.41254 0.219383 0.429783 1.23614 1.04132 0.252175 0.537092 0.727246 1.02948 0.172201 0.420187 0.669292 0.978368 0.360227 0.957522 0.954266 0.555226 0.562366 0.573812 0.255767 0.0767654 0.450755 0.380453 1.08638 0.159978 0.18663 0.978141 0.536272 0.606869 0.261346 0.803818 0.589238 0.514346 0.46704 1.13427 0.215302 0.469529 1.25272 0.311875 0.71381 1.02807 0.774619 0.316608 0.768085 0.594911 0.465209 1.01368 0.868248 0.434834 0.513746 0.910694 0.567131 1.21168 1.01446 0.616724 0.599878 0.146105 0.811145 1.1465 0.150538 0.650536 0.725949 0.709687 0.748909 0.754323 0.80988 0.306393 1.20582 0.242576 0.0517463 0.906509 0.833129
0.681617 0.303399 0.954204 0.326703 0.209379 0.223714 1.1892 1.0602 0.327634 0.435169 0.799335 1.07862 0.246792 0.400776 0.586958 1.23557 0.565608 0.720179 1.06314 0.38168 0.682055 0.417968 0.418904 0.221251 0.249279 0.216741 0.914879 0.206966 0.136172 0.947854 0.748126 0.712514 0.278934 0.686722 0.850951 0.361244 0.352995 0.933667 0.0572921 0.453829 1.14651 0.360489 0.637349 0.839293 0.904361 0.142466 0.902767 0.53338 0.649782 0.907835 1.05897 0.600013 0.680232 1.1636 0.398445 0.940029 0.953746 0.883213 0.594571 0.26011 0.748151 1.23024 0.0599968 0.532057 0.985467 0.819755 0.727412 0.650262 0.904766 0.189091 1.25758 0.430544 0.226132 0.746947 0.861015
0.733319 0.181591 1.03211 0.479695 0.164541 0.450362 1.04232 0.835304 0.386596 0.530896 0.781031 0.924068 0.256876 0.313465 0.70056 1.04986 0.440267 0.931052 1.14152 0.599069 0.72619 0.417839 0.232118 0.223206 0.260183 0.28315 1.02773 0.134951 0.218226 0.797996 0.556781 0.748262 0.207767 0.691237 0.664278 0.523993 0.361608 1.14251 0.162563 0.659247 1.11342 0.213917 0.779405 0.754254 0.883775 0.121151 0.766183 0.529759 0.527479 0.917578 0.840713 0.46356 0.661535 1.01584 0.670945 1.0537 0.872041 0.624221 0.57526 0.308401 0.90745 0.981854 0.312189 0.491896 0.725304 0.652647 0.931042 0.621571 0.922197 0.264291 1.07549 0.365955 0.123432 0.828055 0.664051
0.724384 0.118999 0.966941 0.508416 0.238265 0.452009 1.12675 1.01665 0.447727 0.498646 0.749698 1.04432 0.184114 0.316556 0.856819 1.19909 0.32732 0.910027 1.1667 0.447523 0.58141 0.469901 0.178223 0.0806484 0.219074 0.306674 0.906392 0.332152 0.2599 0.970428 0.7649 0.47964 0.293509 0.655526 0.79021 0.40672 0.460422 0.871662 0.156045 0.470655 0.973706 0.496207 0.670952 0.901285 0.896991 0.2128 0.722372 0.56771 0.542487 0.836231 1.02077 0.610266 0.562913 0.91733 0.580345 1.07537 0.919375 0.662826 0.461304 0.309445 0.946005 1.25963 0.0780157 0.577614 0.870529 0.748625 0.67965 0.791998 0.946329 0.186549 1.26681 0.332133 0.197404 0.950397 0.775256
0.831012 0.36048 0.819269 0.415685 0.0868947 0.332184 1.24092 1.07146 0.363175 0.407512 0.984025 0.976896 0.0659985 0.46682 0.676651 1.13613 0.3546 0.75124 0.88547 0.393234 0.66247 0.483585 0.162884 0.178041 0.233016 0.215386 1.06327 0.154497 0.288765 0.786882 0.558437 0.511802 0.227133 0.686594 0.792895 0.443 0.524475 0.887483 0.14885 0.410702 0.961169 0.283405 0.707101 0.760681 0.966343 0.251312 0.924797 0.555189 0.500781 0.883328 0.846565 0.534683 0.55645 1.15347 0.390811 0.998937 0.864163 0.82296 0.677768 0.429668 0.752238 1.02429 0.307156 0.533879 0.868487 0.620752 0.824216 0.557206 0.965131 0.341068 1.20589 0.372237 0.021332 0.946432 0.717346
0.888735 0.312382 0.863167 0.382951 0.275212 0.381053 1.14907 0.900551 0.347266 0.548902 0.725109 0.904504 0.0769921 0.375007 0.73305 0.941778 0.548636 0.735773 1.15372 0.656549 0.655534 0.685639 0.293529 0.268215 0.339548 0.445675 0.878387 0.186125 0.272807 1.02723 0.584368 0.637309 0.12849 0.921974 0.659177 0.289336 0.442299 1.10091 0.305801 0.596478 1.2152 0.306301 0.808471 0.823889 0.8788 0.18819 0.971773 0.567682 0.610184 0.95621 1.0896 0.448819 0.753653 1.14524 0.549481 1.15753 0.930484 0.78992 0.519133 0.390775 0.985539 0.988181 0.0752499 0.562681 0.946441 0.726801 0.909629 0.606411 0.802623 0.187058 1.13743 0.249846 0.151573 0.95943 0.791424
0.923621 0.226504 1.01398 0.392397 0.157457 0.464873 1.09729 1.06403 0.513573 0.347427 0.876129 1.05521 0.163908 0.444367 0.6706 1.07518 0.514521 0.700338 1.018 0.379606 0.611239 0.41545 0.240537 0.122578 0.200935 0.329891 0.987724 0.261826 0.281504 0.833252 0.77446 0.744716 0.326146 0.771413 0.590674 0.461633 0.588496 0.869255 0.141918 0.419913 1.2066 0.28409 0.780445 0.92463 0.965656 0.203145 0.864658 0.464032 0.47202 0.8495 0.903545 0.417815 0.582037 1.10591 0.632808 1.18738 0.83139 0.726095 0.453267 0.225031 0.848839 0.990083 0.268413 0.495807 0.948148 0.711512 0.758522 0.785475 0.800155 0.116513 0.990243 0.445185 0.292981 0.862967 0.650351
0.832213 0.377389 0.809758 0.515617 0.0640657 0.415796 1.00442 0.873418 0.350207 0.384504 0.957307 1.11247 0.343091 0.419668 0.629975 1.05204 0.520432 0.940212 1.16795 0.66042 0.555425 0.490801 0.182548 0.242027 0.435947 0.321567 0.929122 0.217665 0.255043 0.996088 0.589295 0.668629 0.215663 0.938067 0.875768 0.350399 0.370413 1.14091 0.156574 0.631691 1.23276 0.371144 0.544347 0.97933 0.832658 0.180032 0.83614 0.688599 0.558835 0.903354 0.950002 0.549431 0.566992 1.09695 0.635822 1.06413 1.04183 0.857489 0.523625 0.184442 0.91242 1.01558 0.0900041 0.555989 1.00117 0.730092 0.890207 0.649869 0.909067 0.340732 1.19524 0.469718 0.258658 0.764346 0.928973
0.80612 0.225161 0.836208 0.476982 0.162378 0.250739 1.07073 1.02058 0.509846 0.381304 0.890862 0.901244 0.356628 0.494338 0.749413 1.16081 0.540496 0.683223 1.0656 0.616872 0.742441 0.445573 0.222109 0.211795 0.478525 0.342419 1.07309 0.116689 0.178665 0.93029 0.5787 0.548862 0.362335 0.894058 0.691307 0.374792 0.575874 1.14247 0.150733 0.613469 1.26005 0.242751 0.630305 0.805934 0.983219 0.144689 0.878254 0.650762 0.488722 0.814424 0.844924 0.629372 0.66829 1.10153 0.541619 1.20633 1.01124 0.874189 0.613034 0.425637 0.791347 1.04756 0.236121 0.46289 0.997619 0.756281 0.814989 0.723969 0.951632 0.373324 1.05315 0.36306 0.104292 0.771621 0.910572
