25 75
1.00064 1.00624 1.2217 0.895066 0.264135 0.952849 0.377825 1.09263 0.939845 0.0979825 0.526965 0.708508 0.539639 0.963446 0.986637 0.600178 0.0947155 0.916818 0.486686 0.878508 0.895702 0.144519 0.872099 0.747033 0.219846 1.19406 0.818465 0.931724 0.958893 0.34549 0.28612 1.0055 0.125359 0.974253 0.1741 0.456336 1.136 0.741328 0.803014 0.94146 0.252042 1.02777 0.907703 0.522838 0.57214 0.229641 0.198837 1.0433 0.717045 0.320055 0.377975 0.56605 1.13254 0.872132 0.750528 0.454607 0.423711 0.338796 0.832745 0.927417 0.620244 1.00674 0.938562 0.704202 0.700276 0.607567 0.567512 0.445145 0.449798 1.27289 1.11028 0.755175 0.617893 0.995275 0.365064
1.15197 1.12762 0.962143 0.868231 0.476387 0.691298 0.673916 1.12223 1.03807 0.104088 0.537449 0.808313 0.541214 1.04319 0.838544 0.44745 0.291466 0.758241 0.43243 0.925181 0.946349 0.218903 0.817145 0.907111 0.281621 1.02499 0.884502 0.78428 0.998726 0.55378 0.477966 1.03147 0.136649 1.01123 0.265091 0.377023 1.11005 0.888406 0.54159 1.05839 0.319489 1.06109 0.756143 0.413934 0.620902 0.228424 0.332342 1.12486 0.768595 0.355306 0.326419 0.782844 0.944393 0.980111 0.795718 0.40866 0.368143 0.40486 0.831764 0.724608 0.45787 1.0513 0.959153 0.48469 0.675423 0.718451 0.43636 0.421605 0.606292 1.16859 1.24128 0.737581 0.667922 0.862423 0.485444
1.00249 1.23036 1.04466 0.904662 0.305732 0.873491 0.387929 1.17071 0.857116 0.250021 0.485457 0.877849 0.55731 0.865167 0.831338 0.576292 0.0257116 0.884344 0.320649 0.975279 0.829581 0.148333 1.02696 0.825528 0.279096 1.18777 0.886513 0.715434 1.15682 0.388715 0.48021 1.21545 0.109179 1.24023 0.286352 0.384511 1.11306 0.745642 0.540654 1.03741 0.385825 1.02857 0.750478 0.586309 0.577581 0.160065 0.435788 0.941994 0.799011 0.259934 0.301167 0.784686 1.07425 0.817041 0.910676 0.188422 0.276696 0.509711 0.793789 0.977787 0.477418 0.993861 0.966966 0.535814 0.653082 0.552927 0.465596 0.420901 0.486287 1.20687 1.01901 0.642397 0.662532 0.785602 0.323772
0.933473 1.0973 1.15998 0.883319 0.335627 0.752518 0.517941 1.04539 1.03537 0.233468 0.437475 0.908126 0.444092 0.806048 0.860339 0.359971 0.0243236 0.805634 0.328641 0.869695 1.02724 0.166111 0.794052 0.920231 0.224977 1.18546 1.00026 0.904656 1.06707 0.352252 0.513719 1.08749 0.0953714 1.015 0.0419794 0.500192 0.920142 0.94316 0.626012 1.0543 0.446229 0.817329 0.699013 0.594768 0.459349 0.107163 0.215048 1.05371 0.833255 0.332683 0.164401 0.606932 0.971366 0.841789 0.957076 0.437927 0.38636 0.543438 0.819094 0.770833 0.648363 0.942604 1.13537 0.592727 0.883318 0.563411 0.537209 0.572043 0.697172 1.05736 1.21503 0.668158 0.5797 0.832768 0.286982
0.94466 1.07035 1.07694 0.803928 0.284012 0.848844 0.425198 1.08401 0.98985 0.224898 0.414146 0.970705 0.576707 1.0769 0.795988 0.365179 0.101307 0.673975 0.482909 0.903446 0.962645 0.0882108 0.865834 0.776629 0.127798 1.15513 0.860625 0.839606 1.1893 0.523097 0.463954 1.24982 0.140797 0.961893 0.284353 0.307579 0.971099 0.83302 0.553076 1.02937 0.243637 0.867629 0.808041 0.652412 0.432864 0.121318 0.228149 1.18702 0.679197 0.165452 0.38218 0.640618 0.893463 0.782952 0.951999 0.170254 0.358726 0.560932 0.796147 0.778206 0.534986 1.05889 1.13153 0.677883 0.81999 0.753464 0.510593 0.451993 0.564675 1.27777 1.17196 0.548851 0.568058 0.847943 0.5283
0.865363 1.10697 1.21929 0.663248 0.236792 0.851202 0.640289 1.15856 0.909844 0.0692616 0.660871 0.974473 0.587661 0.850834 0.804615 0.597888 0.27801 0.663598 0.499982 0.982812 0.784976 0.18256 0.75609 0.978045 0.216201 1.01711 0.954609 0.7921 1.05103 0.450794 0.510559 1.18456 0.27126 1.16012 0.0975389 0.546043 1.01357 0.735772 0.807651 1.0979 0.326877 0.853077 0.9136 0.450513 0.432871 0.27175 0.334304 0.905673 0.963259 0.293951 0.396036 0.754831 0.906298 0.989789 0.716293 0.367202 0.325184 0.575745 0.808959 0.70197 0.439372 1.17216 0.950308 0.692836 0.622157 0.666672 0.591568 0.587501 0.466454 1.24853 0.980435 0.564358 0.444803 0.822245 0.460055
1.08642 1.19519 1.15017 0.65074 0.218783 0.902041 0.651221 1.22769 0.935457 0.186011 0.510685 0.94433 0.560501 1.06007 0.945114 0.456342 0.185874 0.862808 0.474606 0.906881 0.845008 0.315116 0.9059 0.955679 0.241353 1.12317 0.804167 0.740572 0.951576 0.522915 0.520479 1.19243 0.181138 1.05698 0.304748 0.271638 1.08611 0.927197 0.678764 0.869889 0.179373 1.01983 0.723059 0.41594 0.326491 0.0859178 0.481873 0.996234 0.768053 0.151988 0.305043 0.595727 0.970328 0.966742 0.809725 0.33468 0.402592 0.510444 0.662836 0.870264 0.548082 0.915156 0.991711 0.686897 0.821868 0.703238 0.476323 0.494198 0.432325 1.23786 1.06386 0.563484 0.518191 0.779215 0.253124
1.02215 1.16824 1.16455 0.693755 0.226833 0.815507 0.580215 1.11458 0.831015 0.186414 0.582431 0.737799 0.524406 0.850313 0.926951 0.570578 0.223445 0.808242 0.230794 0.874052 0.943423 0.253078 0.803118 0.953424 0.164249 1.19096 0.964432 0.823179 1.10369 0.289119 0.546747 1.17296 0.170783 1.05319 0.176741 0.545689 1.04202 0.68053 0.686282 0.885893 0.405292 0.816948 0.647086 0.564648 0.469536 0.140575 0.46809 0.97482 0.863654 0.192969 0.300033 0.770351 1.02828 0.811293 0.731282 0.206912 0.529722 0.43067 0.673427 0.981487 0.550983 0.9176 0.992375 0.513635 0.869497 0.73665 0.445154 0.604852 0.629973 1.03573 1.07483 0.500165 0.497674 0.978323 0.409469
0.967864 1.01875 1.17168 0.868247 0.215168 0.713125 0.484207 1.13248 1.02392 0.071087 0.637784 0.791676 0.625362 0.94133 0.820396 0.544346 0.160303 0.7727 0.524208 0.861788 1.03333 0.237466 0.95014 0.749896 0.109163 1.07033 0.926193 0.970242 0.973669 0.445326 0.536161 1.07794 0.336518 1.10919 0.0277328 0.345811 1.14048 0.823018 0.799782 0.937185 0.220708 1.01936 0.911778 0.479764 0.465942 0.255013 0.458444 0.945019 0.948828 0.115338 0.399916 0.800958 0.99064 0.988978 0.930022 0.279322 0.336029 0.577903 0.537204 0.758289 0.455773 1.12312 1.19969 0.692425 0.83765 0.766564 0.415538 0.465024 0.464384 1.25347 1.01297 0.667594 0.503225 0.829043 0.26855
0.906523 1.20939 1.02038 0.67374 0.313922 0.770433 0.621435 1.04245 1.0815 0.0153843 0.497535 0.728366 0.563279 1.02421 0.936177 0.451192 0.0699216 0.713605 0.322522 1.00403 0.834685 0.200359 0.747155 0.727715 0.355868 1.02653 0.778502 0.868925 1.04496 0.413219 0.436167 1.15466 0.204423 1.12945 0.19119 0.53965 1.17049 0.805304 0.650161 0.957614 0.200362 0.830644 0.660935 0.662081 0.526409 0.0526696 0.378871 1.117 0.766348 0.123555 0.21827 0.752463 1.00305 1.01056 0.987549 0.196416 0.322468 0.565458 0.541508 0.923863 0.70952 0.926831 1.2166 0.478297 0.854097 0.585179 0.595559 0.531877 0.722399 1.26392 1.13752 0.630645 0.664345 0.951746 0.255905
1.04224 1.17828 1.10928 0.833365 0.441101 0.909834 0.631589 0.98417 0.872536 0.216595 0.38374 0.803085 0.481328 1.07673 0.924992 0.57875 0.299261 0.842347 0.357086 0.989618 0.874348 0.156106 0.851354 0.838339 0.334779 1.14484 0.994751 0.974005 1.21315 0.458824 0.491515 1.08809 0.162829 1.11907 0.174818 0.309796 1.00159 0.813451 0.779809 1.08507 0.414833 1.05759 0.700257 0.648137 0.613943 0.160806 0.252786 0.982071 0.855119 0.332384 0.217506 0.631962 1.00826 0.729199 0.948391 0.368937 0.290139 0.485751 0.647093 0.719359 0.565265 1.00933 1.02014 0.492183 0.714188 0.735757 0.421404 0.685844 0.52265 1.23616 1.10109 0.651102 0.521469 1.00617 0.289777
0.949115 1.12391 1.06707 0.676915 0.265323 0.713429 0.6619 1.02832 1.06585 0.14059 0.535295 0.751424 0.563901 0.99219 0.97881 0.612197 0.170099 0.822152 0.32489 1.07694 0.868825 0.186982 0.935066 0.963267 0.233921 1.23062 0.820582 0.921198 1.11469 0.434955 0.363826 1.27747 0.0858692 1.00516 0.087038 0.528012 0.959813 0.720565 0.729884 1.08135 0.26954 0.910135 0.677585 0.680957 0.455168 0.317243 0.325515 0.99968 0.922809 0.240459 0.350335 0.59165 1.03268 0.917422 0.819509 0.197471 0.500638 0.479517 0.726719 0.740303 0.644791 1.19795 1.05737 0.68947 0.664645 0.659515 0.556633 0.492511 0.498264 1.28313 1.09167 0.653654 0.440378 0.97278 0.514185
1.12228 1.13978 1.15228 0.695366 0.307633 0.760227 0.43262 0.98131 0.894962 0.124051 0.543314 0.795035 0.642978 0.812065 0.952193 0.606035 0.0636083 0.783254 0.272852 1.00941 0.998279 0.179462 0.829253 0.804383 0.302199 1.18442 0.883486 0.860349 1.23976 0.32492 0.432322 1.06762 0.278204 0.996671 0.308914 0.255858 1.1617 0.802936 0.672744 0.984021 0.219285 0.862335 0.819109 0.659229 0.358423 0.190911 0.493223 1.04515 0.772827 0.315566 0.231343 0.737981 0.910392 0.731842 0.968896 0.306759 0.306091 0.379209 0.81443 0.705613 0.517062 0.94258 0.998288 0.690629 0.622733 0.722511 0.428024 0.621966 0.482166 1.02889 1.19537 0.620827 0.498835 0.873795 0.376067
1.13271 1.13956 1.19459 0.787829 0.277133 0.815828 0.455127 1.15855 0.910346 0.282968 0.493168 0.861147 0.419566 1.09284 0.852525 0.4674 0.163541 0.707308 0.395345 0.833186 0.877939 0.0893406 0.991444 0.846407 0.266598 1.12531 1.00833 0.732658 1.05387 0.341131 0.35274 1.19705 0.189093 1.20113 0.168647 0.283127 0.901038 0.77041 0.55177 0.893258 0.375619 0.92766 0.870578 0.656295 0.476381 0.237407 0.46806 0.974363 0.873981 0.203838 0.218697 0.58998 1.03216 0.924807 0.885122 0.376523 0.455827 0.454199 0.760584 0.707267 0.600946 1.09826 1.01441 0.665042 0.686618 0.517442 0.420757 0.459117 0.605097 1.08313 1.2456 0.770475 0.621965 0.989965 0.509443
0.949643 1.0593 1.03269 0.927045 0.267831 0.754133 0.510286 1.07519 0.793136 0.144066 0.549903 0.816416 0.598813 1.05142 0.908242 0.413798 0.0376848 0.857104 0.321069 0.832349 0.842389 0.336415 0.975452 0.839743 0.298469 1.21885 0.794348 0.969019 1.05022 0.489823 0.549994 1.21486 0.277383 1.07735 0.194051 0.266195 1.08345 0.90002 0.687644 0.848611 0.196665 0.791691 0.810988 0.684236 0.422453 0.0994545 0.354872 0.976428 0.896804 0.319363 0.21668 0.799183 1.01615 0.964195 0.945481 0.392536 0.285514 0.306677 0.700837 0.799519 0.649463 0.947421 1.07289 0.566552 0.671663 0.530373 0.600462 0.506243 0.622518 1.03651 1.10575 0.522486 0.70783 0.939017 0.34357
1.07901 1.19759 1.05348 0.925928 0.191988 0.903138 0.648347 1.08552 0.854782 0.0984265 0.437134 0.870141 0.416268 0.85215 0.787416 0.362499 0.20274 0.734635 0.268857 1.03714 0.880569 0.0975704 1.0265 0.984486 0.215464 1.03562 1.0685 0.718345 1.17217 0.383279 0.452075 1.02683 0.286836 1.05501 0.255061 0.409111 0.974231 0.802572 0.614749 1.09465 0.284766 0.950266 0.898229 0.483061 0.592748 0.187851 0.35157 1.11671 0.723055 0.135198 0.39698 0.690313 0.928813 0.794506 0.948653 0.214318 0.373313 0.404006 0.684722 0.872954 0.434012 1.00893 1.01127 0.507704 0.608097 0.809129 0.39115 0.639005 0.689242 1.16004 1.26369 0.599441 0.59677 0.774733 0.492287
0.890346 1.18303 1.23888 0.73697 0.222043 0.736773 0.400019 1.26697 0.897541 0.0659154 0.650821 0.864451 0.578338 0.846954 0.953592 0.60562 0.0859911 0.651392 0.240972 0.834734 1.02126 0.279463 0.92749 1.00668 0.319028 1.03888 0.852873 0.826912 1.21611 0.33185 0.309136 1.03534 0.0458766 0.97238 0.236404 0.47074 1.1362 0.910002 0.549717 1.02946 0.41712 0.940375 0.791389 0.576578 0.364533 0.201238 0.201152 0.982779 0.902935 0.372408 0.183852 0.710009 0.89158 0.941447 0.809748 0.407369 0.553415 0.320794 0.544158 0.835499 0.554496 0.996031 0.971493 0.452687 0.75626 0.760179 0.67933 0.463935 0.624922 1.28006 0.995022 0.775802 0.565915 0.947826 0.524357
0.996715 1.09813 0.993853 0.67403 0.260087 0.710093 0.445819 1.15175 0.79313 0.117683 0.661158 0.849005 0.575198 1.10009 0.891362 0.621629 0.0259757 0.641977 0.390608 0.924115 0.95367 0.193646 0.901227 0.909559 0.295834 1.12585 1.03579 0.97761 1.14359 0.390709 0.445668 1.27416 0.104714 1.08656 0.179241 0.319367 0.980174 0.934796 0.655463 1.02867 0.44459 1.03996 0.748925 0.464098 0.363659 0.154302 0.329511 0.978741 0.817555 0.174237 0.219058 0.771394 1.10877 0.970321 0.827596 0.382171 0.396944 0.342841 0.813699 0.836067 0.682697 0.987084 0.987442 0.494841 0.756574 0.807187 0.444821 0.629665 0.601507 1.27813 1.25857 0.604536 0.539012 0.907236 0.332662
1.04073 1.20132 1.10177 0.717823 0.218113 0.884763 0.52895 1.25342 1.04099 0.24671 0.49276 0.718384 0.400793 0.850171 0.837749 0.47226 0.174291 0.712244 0.333668 1.05533 1.05931 0.339097 1.02037 1.01904 0.245301 1.14059 0.934981 0.75926 0.973142 0.414744 0.303621 1.0832 0.33192 1.25308 0.305271 0.441588 0.903722 0.808798 0.662908 0.853313 0.287672 0.871993 0.716801 0.679263 0.474144 0.198261 0.39872 1.15512 0.878888 0.122962 0.216668 0.623291 0.897896 0.911775 0.934881 0.391019 0.358476 0.478249 0.784222 0.792339 0.597159 0.986665 1.0461 0.613096 0.745351 0.562776 0.63121 0.671178 0.562662 1.2131 1.06465 0.526005 0.440204 0.83685 0.390887
1.02438 0.978278 1.00883 0.85492 0.387504 0.901559 0.427295 1.00975 0.850183 0.174138 0.54168 0.843455 0.443334 1.01392 0.927431 0.430652 0.259455 0.782244 0.24835 1.10749 0.953532 0.249148 0.78446 0.979775 0.324654 1.03991 0.90866 0.900572 1.04269 0.353974 0.489815 0.99468 0.0819706 0.99329 0.106417 0.523391 0.908078 0.862783 0.69072 1.00049 0.325783 0.850955 0.860583 0.574087 0.570383 0.318002 0.319086 1.17889 0.854284 0.132762 0.271052 0.653284 1.0906 0.992597 0.757588 0.317636 0.408193 0.581997 0.759094 0.757714 0.573283 0.908509 1.17977 0.709619 0.759619 0.67197 0.537429 0.432994 0.544927 1.16187 1.03019 0.682174 0.718009 0.77439 0.38396
0.938684 1.20075 1.16991 0.939547 0.446873 0.866628 0.425337 0.99452 0.891521 0.0654477 0.504653 0.911658 0.391502 1.09639 1.0382 0.637245 0.0527746 0.920416 0.502662 0.999998 1.0265 0.102924 0.839033 0.834375 0.084685 1.12038 0.874774 0.898247 0.952791 0.328046 0.353865 0.994538 0.21591 1.0804 0.292236 0.547549 1.12786 0.706662 0.746826 0.900942 0.163971 1.04685 0.766459 0.44875 0.558616 0.263368 0.420924 0.929331 0.886251 0.176171 0.42385 0.581783 0.91523 0.72569 0.975751 0.455827 0.502947 0.364369 0.719824 0.867902 0.548761 1.19199 0.93187 0.645002 0.636656 0.548883 0.495726 0.440977 0.596061 1.16074 1.19412 0.659437 0.609386 0.7376 0.422687
1.16106 0.960098 1.11936 0.825597 0.361601 0.710614 0.511106 0.986057 0.98559 0.17976 0.637612 0.856384 0.53181 1.0694 0.817025 0.468621 0.246991 0.802322 0.318222 1.04864 0.863752 0.248133 0.749315 0.802992 0.328356 1.07062 0.817899 0.922862 1.03069 0.34914 0.308805 1.06104 0.153646 1.08435 0.220096 0.541045 0.928412 0.827408 0.593979 1.00362 0.440298 0.986909 0.660946 0.49623 0.422693 0.0740434 0.317231 1.07086 0.743467 0.159544 0.390785 0.607042 1.04447 0.746036 0.986835 0.251099 0.28935 0.374808 0.828138 0.736747 0.479011 1.18487 1.22026 0.513889 0.861495 0.797283 0.469126 0.611409 0.540147 1.16292 1.18591 0.603776 0.493032 0.858854 0.26031
0.970234 0.959141 0.969322 0.83977 0.416391 0.931979 0.517013 1.1307 0.855211 0.129557 0.566857 0.788622 0.415579 0.832453 0.941248 0.629633 0.0203053 0.703801 0.283799 1.10507 0.857584 0.208694 0.981282 0.764534 0.238801 1.25512 1.05766 0.927015 1.22906 0.482819 0.384469 1.11881 0.109703 1.1914 0.208994 0.403854 0.911004 0.911304 0.78383 0.936316 0.427559 0.918451 0.681008 0.489122 0.407058 0.114803 0.23657 1.17509 0.895688 0.282595 0.201475 0.669371 1.07941 0.925496 0.777335 0.211344 0.546292 0.580783 0.563139 0.924324 0.601102 1.1695 1.00205 0.623525 0.768751 0.698666 0.44661 0.607644 0.631239 1.21984 1.01659 0.520521 0.478214 0.750631 0.413371
0.901805 1.08105 0.963582 0.752741 0.461043 0.916023 0.538209 1.09119 0.802403 0.0446636 0.487669 0.92425 0.444911 0.802882 0.820628 0.52637 0.0307002 0.765203 0.425656 1.0148 1.02108 0.0889944 0.747188 0.844963 0.340404 1.04596 0.972318 0.945985 0.976833 0.345757 0.471922 1.25334 0.336264 1.25606 0.23489 0.259894 0.982781 0.737769 0.604136 0.917555 0.278353 0.946623 0.90196 0.6634 0.518656 0.208721 0.401193 1.06152 0.914775 0.181661 0.24012 0.527943 0.953416 0.983184 0.964962 0.26817 0.557374 0.347955 0.667392 0.771374 0.662572 0.936463 0.985964 0.588539 0.764983 0.665377 0.52714 0.55915 0.615577 1.21717 0.993224 0.479019 0.442972 0.781918 0.458643
1.06421 1.07275 1.2412 0.797667 0.328827 0.762017 0.409793 1.07793 1.00297 0.246502 0.377422 0.972679 0.554747 1.03908 1.03273 0.375421 0.0635049 0.791499 0.228944 0.862885 0.897839 0.141018 0.959071 0.814465 0.232329 1.053 0.940854 0.930735 1.1687 0.289237 0.56247 1.13328 0.117032 0.992209 0.0672419 0.43471 1.1779 0.673935 0.73748 1.02338 0.268368 1.07785 0.694611 0.549431 0.371237 0.294742 0.387748 0.992475 0.80468 0.330621 0.373639 0.773209 1.07946 1.01653 0.812685 0.377309 0.41774 0.388633 0.801977 0.922097 0.643061 0.988433 1.04366 0.607822 0.607782 0.615236 0.458546 0.63049 0.684165 1.00637 1.20934 0.619405 0.646715 0.935211 0.25334
