25 75
0.282213 0.937262 0.673233 0.916868 0.916783 0.880312 0.396801 0.719731 0.253827 0.680556 0.241876 0.366211 0.987866 0.920232 0.824355 0.65824 0.873729 0.394122 0.728941 0.477034 1.08572 0.753615 0.334176 0.354574 0.147251 0.0849739 1.01692 0.62016 0.882763 0.423283 0.942376 0.816437 0.893059 0.377846 0.916708 0.825056 0.444031 0.740417 0.554109 0.407286 1.06548 0.247459 0.648005 0.230451 0.988497 1.03313 0.66407 0.191839 0.350253 0.422119 0.496655 0.123479 0.909573 0.271004 0.584401 1.0646 1.00633 0.208713 0.262145 0.24897 0.748358 0.527533 0.873106 0.364945 0.939462 0.925503 1.06656 0.452458 0.221938 1.17772 0.560868 1.06234 0.843879 0.884281 0.11969
0.123056 0.904549 0.737538 1.07161 0.910933 0.668854 0.573985 0.780644 0.172302 0.650171 0.105597 0.394875 0.904756 0.911548 0.83858 0.640595 0.987019 0.317426 0.741937 0.539273 0.958775 0.54971 0.348171 0.34356 0.322836 0.184549 0.949373 0.664536 0.772041 0.559385 0.719554 0.636075 1.08814 0.420673 1.00612 0.74344 0.575502 0.649419 0.468488 0.29155 0.890208 0.0938637 0.757863 0.300627 1.09709 1.12659 0.504437 0.320789 0.299416 0.642879 0.619685 0.152483 0.958964 0.302649 0.330612 1.0999 1.10241 0.239522 0.275718 0.291044 0.997959 0.527306 0.668951 0.237618 1.09194 0.788129 0.957936 0.207787 0.342281 1.23402 0.362211 0.898914 0.68538 0.905185 0.300537
0.115799 1.06078 0.932765 1.09822 0.977339 0.825354 0.576923 0.749564 0.143639 0.46543 0.17938 0.364357 1.026 0.872713 0.861542 0.380853 1.00878 0.277172 0.853592 0.462426 1.18742 0.50108 0.500696 0.315825 0.241046 0.124721 0.947662 0.587613 0.742675 0.441942 0.784611 0.831769 1.15935 0.149367 0.951635 0.815545 0.470182 0.778682 0.541818 0.187827 1.10043 0.27555 0.531043 0.389883 1.19064 0.964245 0.477324 0.291324 0.550766 0.488579 0.563777 0.254673 1.17471 0.443379 0.443728 1.00218 1.06872 0.407741 0.333216 0.184129 0.974735 0.275488 0.771037 0.455658 0.993 0.844815 1.16688 0.399219 0.458442 1.19601 0.480294 0.909658 0.563522 0.967108 0.299463
0.203097 1.13266 0.877194 0.890221 1.04695 0.641936 0.41985 0.682853 0.271269 0.716492 0.185154 0.410502 0.930773 0.842172 0.896426 0.498335 0.979835 0.409646 0.725479 0.457988 0.981716 0.687946 0.464385 0.456969 0.301719 0.277059 0.80367 0.754023 0.907573 0.675271 0.974269 0.61753 0.989198 0.252449 1.15935 0.843939 0.601889 0.727051 0.697181 0.375281 0.998275 0.294938 0.583779 0.242791 1.23547 1.08957 0.519843 0.128809 0.473471 0.533134 0.545246 0.0778637 0.936472 0.447611 0.584382 1.0486 1.01261 0.262819 0.39645 0.377168 0.832796 0.489637 0.841714 0.399318 0.943212 0.934177 1.05619 0.303462 0.312015 1.12423 0.326406 0.918479 0.827278 1.12811 0.0802715
0.327383 0.956738 0.789911 1.05186 0.881799 0.66245 0.552253 0.602346 0.353355 0.58794 0.188431 0.416603 0.900128 0.774785 1.01991 0.580765 0.846547 0.360475 0.727802 0.590418 0.976221 0.506175 0.42123 0.53278 0.236835 0.158728 1.00011 0.798727 0.978037 0.462563 0.834742 0.695218 1.05141 0.187992 1.04022 0.794395 0.682195 0.644343 0.514138 0.29472 1.0112 0.322178 0.66248 0.215592 1.01151 0.922688 0.654251 0.142292 0.272335 0.612723 0.677463 0.218144 1.0944 0.379728 0.323187 0.836595 1.10885 0.327804 0.142788 0.183465 0.97221 0.33173 0.968691 0.210413 1.10786 1.01196 1.06223 0.178848 0.341259 1.2591 0.5553 1.03648 0.777698 1.08168 0.258906
0.376605 0.972288 0.953022 0.894513 0.988971 0.81874 0.542339 0.775024 0.163539 0.586265 0.160474 0.379512 1.03713 0.796649 0.868936 0.479505 0.891144 0.479833 0.938602 0.551287 0.989577 0.570601 0.586771 0.441993 0.307696 0.189742 0.936633 0.550352 0.853575 0.424303 0.840472 0.663444 1.06068 0.248394 1.05747 0.704684 0.531462 0.778198 0.680021 0.453271 1.12984 0.262101 0.549082 0.462689 1.13558 0.885084 0.623262 0.148878 0.54899 0.470426 0.636277 0.220449 1.05021 0.435737 0.521657 1.06889 1.02788 0.317827 0.252408 0.379427 0.883997 0.29485 0.802462 0.395613 1.02641 0.831605 0.902718 0.248672 0.418756 1.1921 0.543295 1.11667 0.756326 0.969494 0.129868
0.152736 1.08953 0.801546 1.05597 0.986051 0.842746 0.436261 0.671171 0.200478 0.506111 0.193196 0.350702 0.854749 0.891421 0.9278 0.598953 0.86914 0.495782 0.948712 0.572567 1.12704 0.695036 0.443176 0.256493 0.143209 0.248331 0.811185 0.646396 0.907077 0.712907 0.873619 0.841266 1.01569 0.307421 1.01067 0.875571 0.718942 0.720734 0.677606 0.429611 0.927301 0.189486 0.522847 0.236324 1.10241 0.996951 0.587201 0.151588 0.355135 0.648294 0.53307 0.250448 1.05702 0.258388 0.515144 0.847792 1.04872 0.254415 0.382655 0.19674 0.982636 0.54368 0.72098 0.327114 1.12006 0.838965 1.0921 0.418581 0.194299 1.0144 0.392716 0.982637 0.667569 0.872655 0.368356
0.232416 0.935465 0.937983 1.1231 1.08365 0.651515 0.316574 0.746674 0.158831 0.647136 0.255479 0.244964 1.12652 0.983442 0.822742 0.43951 0.945622 0.353492 0.913969 0.467679 1.04453 0.739983 0.516922 0.418564 0.16908 0.152248 0.990831 0.671458 0.832252 0.647502 0.840902 0.886278 0.913442 0.36328 1.10691 0.638242 0.498815 0.767599 0.532027 0.472538 0.95658 0.0821531 0.562174 0.380913 1.0684 0.848149 0.378036 0.340677 0.333589 0.420529 0.746134 0.123763 0.972712 0.403195 0.526529 1.03962 1.23789 0.264443 0.228209 0.207604 0.848793 0.469229 0.735989 0.452431 0.98809 0.891122 0.942907 0.45261 0.240816 1.23746 0.311458 0.868543 0.747793 1.01878 0.120227
0.287296 1.01363 0.719841 1.14832 0.910122 0.778684 0.372734 0.732463 0.140149 0.573599 0.286683 0.215537 0.9783 0.81375 0.958734 0.528828 0.842843 0.505434 0.84923 0.62977 0.940085 0.725426 0.314988 0.41774 0.138753 0.294998 0.898857 0.648011 0.978415 0.663755 0.776291 0.799507 1.09902 0.365409 0.986448 0.676477 0.549143 0.662018 0.69214 0.430296 1.131 0.216367 0.61406 0.283229 1.06603 0.978641 0.652255 0.305865 0.331986 0.612155 0.580625 0.317492 1.07855 0.392327 0.557796 1.00756 1.01734 0.346939 0.152541 0.356613 0.979828 0.292254 0.759124 0.46032 1.08258 0.889195 1.16172 0.232432 0.384107 1.07355 0.390488 0.943672 0.831386 1.11587 0.291673
0.145172 1.04911 0.76582 1.03435 1.01864 0.631586 0.569493 0.753709 0.347271 0.660968 0.374329 0.191947 0.977345 0.845639 0.858763 0.378965 0.792847 0.403011 0.790011 0.639155 1.15747 0.541279 0.420539 0.468699 0.398475 0.235256 0.809075 0.758805 0.803321 0.553552 0.730384 0.892735 1.10143 0.320116 1.02066 0.897825 0.444335 0.76521 0.677544 0.436113 1.03853 0.126846 0.766981 0.243906 1.03961 0.962764 0.587441 0.245841 0.406292 0.475898 0.6772 0.220674 1.00218 0.357082 0.370574 0.877824 1.2284 0.201322 0.26353 0.404963 0.997015 0.293692 0.72458 0.241196 0.916939 0.924695 1.17721 0.240426 0.446932 1.07449 0.348169 1.14791 0.693373 1.10621 0.210648
0.331588 0.990052 0.704534 1.04218 0.823394 0.916791 0.327442 0.582639 0.252745 0.629453 0.0810067 0.147098 0.875175 0.788128 1.09439 0.399002 0.842216 0.508476 0.72555 0.634417 0.973511 0.779622 0.377632 0.422321 0.273208 0.323146 0.831658 0.657588 0.935919 0.594659 0.982897 0.614594 1.14003 0.354122 0.923637 0.901182 0.627118 0.626329 0.458128 0.187378 1.12983 0.294569 0.76951 0.270997 1.12504 1.14353 0.563968 0.192228 0.42746 0.604451 0.590456 0.245647 1.16065 0.260018 0.33758 0.869696 1.08368 0.160519 0.320426 0.360321 0.996587 0.473624 0.963976 0.290788 1.08865 0.770425 0.905149 0.412617 0.257124 1.20909 0.417062 0.887416 0.727724 1.10911 0.169908
0.192099 1.02972 0.841987 1.11257 1.06701 0.738196 0.318093 0.565028 0.342511 0.665594 0.319482 0.166415 1.13922 0.814336 0.822587 0.624592 0.779057 0.468541 0.794905 0.494669 1.05354 0.742107 0.345838 0.371195 0.233593 0.285547 1.05672 0.679446 0.878066 0.602203 0.98409 0.8305 0.969253 0.384133 0.921001 0.754583 0.480973 0.747763 0.521942 0.326375 0.848694 0.229932 0.695825 0.286707 1.09542 0.895489 0.632737 0.299441 0.453678 0.632936 0.713037 0.21899 1.14309 0.304696 0.555795 1.03272 1.22182 0.420441 0.32435 0.287514 0.895694 0.452395 0.724255 0.41588 0.850407 0.98206 0.921109 0.193577 0.249138 1.04629 0.530172 0.987741 0.618244 0.916058 0.0852974
0.29774 0.899308 0.770852 0.883852 1.07209 0.696267 0.546461 0.573232 0.133966 0.693384 0.123967 0.156326 1.10212 0.997445 0.883852 0.605088 0.753145 0.381272 0.700091 0.476969 1.08551 0.594852 0.350126 0.482801 0.185297 0.328442 1.05534 0.760763 0.730971 0.528103 0.88333 0.738675 0.961282 0.135482 1.08422 0.85658 0.605294 0.886505 0.731665 0.449235 0.968297 0.0828346 0.746082 0.308105 1.14402 1.1127 0.522921 0.287098 0.418688 0.584238 0.710038 0.257777 1.11275 0.305827 0.49555 1.02349 1.11563 0.336808 0.16573 0.17657 0.973471 0.417379 0.955064 0.426983 1.04491 0.947513 0.989474 0.347791 0.34283 1.09188 0.332164 1.13453 0.642288 1.0243 0.107288
0.209837 1.1182 0.813043 0.933492 0.982882 0.653477 0.508083 0.509528 0.198883 0.504331 0.157383 0.217984 1.01582 0.778962 1.05712 0.581679 0.779151 0.45797 0.805933 0.440239 1.05829 0.582664 0.312486 0.294826 0.361806 0.106187 1.00356 0.837073 0.846821 0.436186 0.705561 0.678971 1.06162 0.181148 0.946876 0.819089 0.578505 0.858716 0.451702 0.212689 0.842361 0.314654 0.638565 0.360471 1.02158 0.913636 0.647371 0.305658 0.394753 0.452116 0.699605 0.0927226 0.984802 0.433833 0.358807 1.04803 1.25516 0.303678 0.388672 0.310428 0.759794 0.298996 0.789118 0.381288 1.06833 0.970291 0.95814 0.184312 0.328004 1.14923 0.458605 1.11238 0.736394 1.04375 0.287038
0.234998 1.06818 0.809338 1.0883 0.896159 0.664762 0.31605 0.567059 0.195889 0.651805 0.239032 0.315983 0.984745 0.935533 1.08443 0.586236 1.03025 0.25825 0.796428 0.548359 1.12164 0.717183 0.463547 0.542193 0.264749 0.331563 1.06883 0.717078 0.73827 0.467466 0.833792 0.629146 0.927976 0.275719 0.943179 0.728139 0.678412 0.628266 0.592075 0.212626 0.85948 0.180655 0.741244 0.252303 1.06625 1.03929 0.578819 0.103927 0.424013 0.58487 0.55205 0.263015 0.880059 0.337997 0.521217 0.951407 1.25922 0.184762 0.255268 0.462368 0.745331 0.40378 0.834464 0.329656 0.916595 0.871011 0.988897 0.412976 0.415378 1.13362 0.358075 1.13422 0.708457 1.09791 0.317851
0.231867 0.880183 0.889424 0.928583 1.06496 0.922895 0.488968 0.491276 0.180659 0.626439 0.138458 0.293214 0.989432 0.998485 0.818645 0.531856 0.959891 0.498142 0.773083 0.575662 1.04669 0.636472 0.341832 0.374382 0.312032 0.337623 0.99514 0.714807 1.01637 0.626789 0.883642 0.677488 1.0864 0.362444 1.19018 0.685818 0.469001 0.871128 0.684897 0.300207 0.926842 0.251696 0.675007 0.210418 1.01263 0.855307 0.526289 0.253048 0.33195 0.484466 0.590279 0.161172 1.01228 0.436014 0.490881 1.09076 1.20816 0.212481 0.304599 0.266314 0.796404 0.501847 0.780857 0.464755 0.953585 0.928406 0.921944 0.463039 0.299609 1.17687 0.534989 0.889163 0.645297 1.11352 0.241871
0.169539 1.04275 0.749053 0.888896 0.910847 0.635826 0.513325 0.756543 0.311926 0.655471 0.136164 0.223852 1.09257 0.768168 0.973452 0.422698 0.841798 0.388694 0.743054 0.47464 1.18786 0.604051 0.31162 0.289943 0.286895 0.192995 0.925133 0.627961 0.732717 0.604764 0.875546 0.759244 1.14741 0.42686 0.946418 0.883756 0.45075 0.857874 0.684781 0.413692 0.9245 0.125611 0.683628 0.437869 0.945466 0.984058 0.459242 0.206588 0.299943 0.459408 0.547427 0.223549 1.03585 0.411582 0.546123 0.877375 1.16103 0.247485 0.25903 0.350455 0.9834 0.530097 0.966349 0.277721 0.932702 0.826702 1.16542 0.290517 0.272023 1.03667 0.322465 1.13459 0.833642 1.07279 0.225021
0.12159 1.11471 0.856583 0.90673 1.06736 0.876679 0.543501 0.688032 0.162448 0.628994 0.25706 0.144369 1.08457 0.809807 0.915829 0.575112 0.786382 0.393944 0.794641 0.535016 1.14808 0.676625 0.472481 0.315362 0.125006 0.2461 0.821646 0.840419 1.01281 0.552564 0.905973 0.828581 1.01834 0.253312 1.07874 0.694614 0.546869 0.764757 0.537621 0.473071 1.02494 0.278739 0.605056 0.450194 1.19086 0.892671 0.438882 0.174118 0.27716 0.434177 0.774798 0.228575 1.04564 0.452718 0.329166 1.08465 1.15675 0.38325 0.17455 0.307749 0.925887 0.546492 0.699643 0.285726 1.03276 0.827175 1.07967 0.358667 0.357557 1.13015 0.420385 1.08116 0.811174 0.978833 0.365628
0.36475 1.07835 0.710929 0.86815 0.95575 0.815105 0.456531 0.6055 0.308253 0.661837 0.235274 0.402623 0.941874 0.905003 0.855334 0.52987 0.8282 0.276071 0.93132 0.693783 1.12001 0.669657 0.475148 0.478753 0.16805 0.119592 0.964904 0.762047 0.775808 0.652102 0.753964 0.860049 0.892658 0.268688 0.944552 0.903379 0.442768 0.685488 0.529688 0.244392 1.1241 0.187632 0.781502 0.473694 1.14341 1.12772 0.638553 0.135572 0.275625 0.562677 0.496616 0.333576 1.12229 0.356838 0.383106 0.993176 1.06251 0.161381 0.358665 0.340068 0.777391 0.422605 0.740718 0.434132 1.08057 0.892548 1.01835 0.363549 0.468158 1.01063 0.566429 0.971558 0.557852 1.12173 0.24829
0.139096 1.05919 0.723266 0.876479 0.839651 0.760638 0.585579 0.512262 0.399062 0.524925 0.263194 0.367849 0.840692 0.752602 0.975612 0.615992 0.859764 0.449429 0.793557 0.694245 0.999554 0.757909 0.465579 0.325768 0.225353 0.311718 0.830822 0.685961 0.992062 0.503447 0.830059 0.888346 1.16064 0.191242 1.14583 0.710925 0.727378 0.690087 0.73472 0.448145 1.0166 0.15079 0.57259 0.253882 1.04897 0.92094 0.576148 0.275935 0.30074 0.549193 0.676653 0.0701997 0.956823 0.264133 0.574432 0.844514 1.23255 0.413042 0.315146 0.327172 0.799094 0.279704 0.856038 0.384246 0.836954 0.879156 1.0503 0.396581 0.311292 1.23369 0.33993 0.865258 0.639316 0.842319 0.29119
0.234781 0.977758 0.842354 1.05317 0.986368 0.667186 0.335467 0.575215 0.269155 0.503719 0.115895 0.367652 1.02156 0.993297 0.869293 0.630859 0.992522 0.4673 0.808093 0.556293 1.13089 0.537171 0.492655 0.400021 0.267846 0.0499547 0.997336 0.666557 0.737372 0.681797 0.808522 0.676135 0.922456 0.337874 0.983024 0.728933 0.649559 0.638839 0.709155 0.390309 1.03258 0.236861 0.611649 0.215733 1.14261 0.853488 0.578574 0.189459 0.489741 0.651231 0.62513 0.325047 1.07785 0.233191 0.498756 1.08272 1.10074 0.235995 0.332036 0.449207 0.856659 0.275943 0.899953 0.268844 0.916236 0.752457 0.957525 0.393393 0.36164 1.19173 0.508717 0.976382 0.581725 0.870526 0.265059
0.32367 0.997956 0.893382 0.865409 0.93782 0.688732 0.329528 0.562458 0.257564 0.514378 0.177847 0.305803 1.10951 0.865314 0.940946 0.587812 0.891821 0.260385 0.949862 0.725512 0.946049 0.556143 0.561189 0.3536 0.338576 0.249328 1.06368 0.825224 0.983164 0.427006 0.747795 0.856934 0.912533 0.210874 1.06167 0.887468 0.552524 0.749806 0.449173 0.185994 0.992109 0.115596 0.687501 0.258411 0.959177 0.985989 0.537062 0.146785 0.277223 0.570217 0.607029 0.145101 1.1488 0.277224 0.312092 1.01334 0.972974 0.229214 0.31323 0.459823 0.876027 0.431937 0.785732 0.216425 0.98014 0.917573 1.00936 0.385517 0.228246 1.19573 0.522613 0.90059 0.745546 1.01258 0.229444
0.236985 0.953584 0.755103 1.1427 0.947144 0.890465 0.528967 0.56423 0.130777 0.507861 0.110972 0.210112 0.946755 0.94223 1.02547 0.566542 1.02955 0.497494 0.953659 0.621493 1.12143 0.772049 0.534118 0.42591 0.333141 0.145434 0.870669 0.588995 0.820384 0.535379 0.814934 0.845776 1.15922 0.312171 0.970743 0.899896 0.513738 0.835153 0.630542 0.409333 1.03685 0.332144 0.533913 0.420605 1.00681 1.10949 0.379781 0.0651405 0.310963 0.630879 0.731864 0.324567 0.920045 0.247258 0.341656 1.03208 1.12758 0.371026 0.319311 0.218241 0.963941 0.537507 0.696195 0.193773 1.10272 1.03473 1.06342 0.33174 0.316636 1.24611 0.560002 1.01242 0.765448 1.0786 0.129984
0.273791 0.940889 0.89605 1.13725 1.07895 0.744035 0.591997 0.518281 0.328717 0.705105 0.12158 0.360989 1.06047 0.841276 1.06589 0.539142 1.02622 0.237229 0.875371 0.696302 0.981197 0.788487 0.397086 0.379595 0.310695 0.19894 0.794813 0.605441 0.923816 0.716881 0.898783 0.818068 1.1649 0.365142 0.954425 0.668864 0.662258 0.77837 0.51069 0.261932 1.0365 0.184528 0.715472 0.350417 1.22925 1.06741 0.488003 0.223613 0.380716 0.554646 0.619584 0.148315 0.939031 0.162982 0.464024 0.886892 1.18779 0.251036 0.241115 0.195424 0.811881 0.520275 0.713413 0.43912 1.11711 1.03492 0.92283 0.236425 0.391924 1.13602 0.360047 1.13323 0.797818 0.877377 0.218886
0.308745 0.867498 0.77873 0.932961 0.970297 0.744248 0.421035 0.53463 0.270102 0.66227 0.100288 0.40624 0.992912 0.906245 0.838175 0.454122 0.980112 0.357996 0.779305 0.478484 1.05553 0.577542 0.314081 0.329715 0.195317 0.34038 1.02074 0.651437 0.873099 0.56732 0.704396 0.620442 1.02769 0.320161 0.966982 0.628685 0.534811 0.835342 0.50819 0.324763 1.072 0.11432 0.58128 0.202246 0.956667 0.955221 0.541479 0.0823176 0.409871 0.537574 0.658187 0.218501 1.0908 0.371036 0.316336 0.865725 1.14111 0.374931 0.355602 0.224028 1.0166 0.515742 0.670426 0.442982 0.876529 0.968796 0.900954 0.399024 0.361587 1.23393 0.587583 0.994633 0.790304 0.975884 0.108661
