25 75
1.11764 0.27168 0.41256 0.593164 0.79292 0.333784 0.652259 0.340106 0.843648 1.10789 0.661078 0.788569 0.167907 0.498021 0.920272 0.272198 0.92441 0.615651 0.548614 0.309559 0.674426 0.745025 0.6243 0.674815 0.290834 0.871965 0.52503 0.554506 0.636349 0.57145 0.962381 0.772418 0.992554 0.490841 1.15223 0.344497 0.935794 0.915075 1.17995 0.604348 0.322941 0.920448 0.40741 1.16401 0.708866 0.364241 0.589868 1.06317 0.532386 1.04711 0.577298 0.34721 0.0793872 0.748613 0.589485 0.238589 0.879957 1.18006 0.387155 0.982105 0.839862 0.121838 1.00435 0.70031 0.131433 0.603262 0.593692 0.886739 1.03787 0.565953 0.825458 0.493861 1.14631 0.29886 1.17796
0.956844 0.429401 0.437683 0.522023 0.840245 0.55676 0.502687 0.247785 0.967097 1.01888 0.612561 0.775188 0.241969 0.582021 0.968229 0.296588 1.16788 0.735815 0.73758 0.233619 0.636222 0.669433 0.511076 0.882171 0.193729 0.723658 0.419464 0.53358 0.853342 0.526501 0.861397 0.810791 1.01986 0.366725 0.953221 0.494246 0.963674 0.905969 1.10486 0.614922 0.24966 0.830117 0.343721 1.16344 0.611375 0.592995 0.534803 0.955191 0.639792 0.9072 0.612484 0.456789 0.362065 0.74179 0.842735 0.40466 0.95999 1.09814 0.182613 1.08769 1.02182 0.23311 0.911255 0.693288 0.165957 0.595212 0.696826 0.838655 1.10702 0.758889 0.763079 0.35974 1.21087 0.251311 1.06419
1.07861 0.349858 0.616416 0.613497 0.919317 0.346294 0.654131 0.268621 0.745399 1.21512 0.768702 0.804643 0.354258 0.44576 0.839731 0.326225 0.906575 0.714892 0.745014 0.237755 0.661811 0.640209 0.646301 0.902529 0.478723 0.876022 0.506867 0.380597 0.789234 0.507541 0.921474 0.859288 1.05715 0.494064 1.05027 0.303685 0.941386 0.875077 0.981317 0.817361 0.23551 0.969199 0.441203 0.884767 0.550943 0.405011 0.789658 1.20877 0.528147 0.959028 0.806989 0.49462 0.201576 0.666624 0.791023 0.163962 0.747704 1.09845 0.200895 1.08557 0.867223 0.332477 0.82864 0.535806 0.275023 0.549025 0.757517 0.953113 1.10954 0.814266 0.734425 0.358779 1.23062 0.0894629 0.969302
0.897526 0.371732 0.527083 0.560717 0.878035 0.392187 0.512791 0.186466 0.74013 1.04883 0.706024 0.665918 0.391867 0.515265 0.757951 0.286953 1.01673 0.587418 0.543773 0.163974 0.673651 0.520754 0.6318 0.749807 0.336034 0.857548 0.333994 0.653275 0.654436 0.492972 0.973349 0.844782 1.11968 0.236029 1.19387 0.361777 0.965114 0.989635 1.13406 0.864501 0.237812 0.957106 0.41207 1.0783 0.649567 0.593372 0.540015 0.961665 0.6062 0.865751 0.774041 0.551673 0.237948 0.774583 0.716864 0.391468 0.945202 0.946014 0.359936 0.969333 1.03815 0.239242 0.826189 0.476089 0.364517 0.755957 0.502611 0.758836 1.20937 0.583789 0.679529 0.455217 1.25673 0.103143 0.976974
1.06724 0.264845 0.482089 0.624227 0.91478 0.559806 0.675633 0.250087 0.75045 0.984919 0.697321 0.639754 0.347608 0.531082 0.803768 0.126768 0.913061 0.641906 0.622405 0.189713 0.680633 0.665886 0.700705 0.688734 0.473724 0.95491 0.38682 0.46189 0.852095 0.598493 0.8186 0.756304 1.20313 0.323803 0.983175 0.502438 1.0305 0.857785 1.07496 0.774232 0.312156 0.974335 0.232798 0.887538 0.626653 0.613886 0.778115 0.959221 0.467591 0.905942 0.704527 0.54086 0.293546 0.83498 0.804962 0.226428 0.71928 1.0155 0.30872 0.974967 1.02639 0.371832 0.862578 0.653226 0.347486 0.576421 0.697537 0.805037 1.01928 0.589613 0.578523 0.32013 1.20025 0.224333 0.971462
0.908311 0.510072 0.631136 0.378407 0.811222 0.47983 0.690845 0.1518 0.743942 1.11197 0.725655 0.586543 0.42372 0.355266 0.738889 0.324863 1.05947 0.737715 0.490256 0.350326 0.627525 0.732023 0.556962 0.646919 0.27778 0.884659 0.392078 0.431624 0.796101 0.394546 0.959523 0.70454 1.00322 0.498016 0.964653 0.440057 0.790881 1.09764 0.980461 0.860603 0.288201 0.97947 0.16887 1.06593 0.636218 0.458902 0.506714 1.16266 0.563557 1.12523 0.64193 0.490566 0.188484 0.628883 0.841536 0.306658 0.674057 1.20548 0.176221 0.944275 0.881158 0.0937826 0.787113 0.694494 0.29915 0.631962 0.492757 0.972773 1.06907 0.823245 0.786875 0.328492 1.19989 0.272347 0.929607
1.04401 0.348093 0.405447 0.408996 0.939466 0.325372 0.643628 0.296467 0.958218 1.02562 0.542874 0.784667 0.345988 0.409845 0.78166 0.111559 1.06725 0.811179 0.564002 0.3091 0.504519 0.585153 0.731253 0.637876 0.357447 0.697292 0.566097 0.587397 0.790756 0.494351 0.936839 0.863501 1.20886 0.40926 1.02472 0.257314 0.901706 0.839865 0.946839 0.63811 0.231375 0.935932 0.23612 0.919624 0.630206 0.571583 0.564327 1.08327 0.613239 0.966982 0.553091 0.450544 0.144553 0.892398 0.61236 0.159991 0.943433 1.01731 0.252964 1.05391 0.917939 0.137728 0.910093 0.541036 0.136955 0.739549 0.561619 0.863562 0.977025 0.844186 0.831058 0.519035 1.07681 0.146557 1.11856
0.933356 0.280471 0.445351 0.353873 0.826025 0.452688 0.657696 0.398366 0.813296 1.09505 0.604784 0.788058 0.309908 0.513946 0.935858 0.151917 1.07173 0.75253 0.547996 0.338012 0.730545 0.752377 0.504458 0.905208 0.311671 0.969499 0.599232 0.375891 0.87014 0.654141 0.780204 0.851205 1.09274 0.364043 1.01087 0.294397 0.853049 0.962492 1.08387 0.711639 0.314789 0.888836 0.375601 0.892897 0.428286 0.566578 0.641079 1.02648 0.45094 0.979098 0.52953 0.427217 0.350011 0.844276 0.869175 0.242916 0.738365 1.13809 0.261339 1.21438 0.878463 0.216042 0.759362 0.736344 0.365221 0.799825 0.628164 0.900472 1.19931 0.618859 0.768943 0.436872 1.05984 0.238444 0.995446
0.890873 0.44013 0.54079 0.472501 0.905851 0.535249 0.746601 0.335395 0.832092 1.01324 0.684782 0.624479 0.415109 0.550787 0.934844 0.329526 0.953011 0.561968 0.56961 0.192643 0.71925 0.762441 0.62959 0.630225 0.391441 0.973601 0.491182 0.39093 0.757299 0.536906 0.907043 0.835032 1.15375 0.279318 1.22304 0.277189 0.978788 1.05667 1.20182 0.68676 0.412666 0.850939 0.187671 0.947334 0.548411 0.52674 0.745578 1.02503 0.51303 0.856529 0.552446 0.480797 0.159639 0.70686 0.654461 0.191402 0.866119 1.17467 0.27234 1.15605 1.02974 0.317147 0.803341 0.587406 0.146076 0.675342 0.548796 1.00762 1.2079 0.736342 0.844639 0.597041 1.19082 0.135219 0.955254
1.06911 0.436059 0.675037 0.490117 0.795827 0.591574 0.586502 0.428286 0.942428 1.05298 0.772232 0.557622 0.237867 0.513947 0.891013 0.292271 1.12816 0.638384 0.541755 0.372159 0.730309 0.506456 0.624624 0.921442 0.374027 0.95834 0.357626 0.477363 0.840923 0.545633 0.828542 0.844366 0.984415 0.348412 0.941859 0.291422 1.047 1.09467 0.945191 0.851892 0.437808 0.823991 0.345308 0.91426 0.563867 0.405101 0.536633 0.933487 0.614349 1.09646 0.785066 0.490691 0.348991 0.637093 0.667324 0.170095 0.779397 1.21447 0.259609 1.09345 0.931469 0.180166 0.753246 0.525822 0.182998 0.779959 0.648136 0.954713 1.1605 0.83481 0.726353 0.506547 1.16008 0.112958 1.16565
1.07405 0.401871 0.576498 0.521713 0.742025 0.498581 0.579664 0.389641 0.908212 1.05586 0.590415 0.829182 0.192609 0.568293 0.714778 0.188147 0.992051 0.797097 0.730449 0.186265 0.583931 0.689079 0.670143 0.7678 0.267454 0.945996 0.586871 0.612567 0.90899 0.614696 0.760796 0.849913 0.924506 0.385241 1.20706 0.340646 0.828576 1.12489 1.05385 0.732321 0.182631 0.927979 0.399028 0.898932 0.621795 0.640674 0.495216 1.00498 0.416368 1.09166 0.771098 0.335717 0.206426 0.90136 0.876346 0.43381 0.67718 1.20078 0.26519 1.12482 0.95976 0.266633 0.93631 0.549293 0.27144 0.695768 0.487037 0.920541 1.21647 0.607479 0.791198 0.357046 1.03736 0.329027 1.10749
0.890056 0.239975 0.413623 0.583686 0.757801 0.362132 0.747362 0.158509 1.01034 1.0712 0.661931 0.68243 0.276811 0.379505 0.800665 0.204824 1.04758 0.600568 0.685808 0.360569 0.766033 0.75379 0.565703 0.763202 0.461572 0.908671 0.467906 0.642052 0.800383 0.552867 1.01346 0.736311 1.19723 0.474259 1.2031 0.313574 0.947151 1.10934 0.980538 0.81891 0.413258 0.903238 0.396635 1.02082 0.5261 0.582602 0.527245 1.0079 0.454771 1.02535 0.669438 0.569833 0.204533 0.641876 0.780553 0.260217 0.686238 0.971926 0.357655 1.09012 0.884138 0.293748 0.832617 0.512446 0.290308 0.55846 0.583682 0.830875 1.0007 0.72099 0.74615 0.449682 1.23507 0.0769158 0.933609
0.933764 0.259307 0.460101 0.431859 0.736026 0.461446 0.493443 0.277404 0.915796 0.976543 0.549603 0.779213 0.16804 0.563086 0.729056 0.177772 0.942054 0.781148 0.601019 0.173732 0.706681 0.621013 0.696828 0.917912 0.469944 0.885086 0.365572 0.45619 0.659208 0.688835 0.91167 0.761875 1.12911 0.499025 1.06157 0.467814 0.848393 0.983288 0.974187 0.688258 0.2686 0.815414 0.407831 0.911894 0.65856 0.46649 0.664646 0.947525 0.577639 1.122 0.573977 0.365527 0.115817 0.880549 0.760577 0.251898 0.841046 1.16506 0.300243 1.00885 0.8128 0.367375 1.02552 0.501909 0.387254 0.829689 0.755988 1.03401 1.01514 0.835517 0.75924 0.353926 1.06922 0.174733 1.16827
0.829552 0.269175 0.584984 0.568668 0.815751 0.33818 0.612661 0.19366 0.81231 1.16225 0.573343 0.853564 0.183781 0.434914 0.981925 0.289076 1.01213 0.538352 0.525099 0.291241 0.663208 0.748429 0.782004 0.688864 0.283447 0.894535 0.428845 0.385951 0.738064 0.577925 0.808233 0.82143 0.941078 0.499898 0.992735 0.521922 0.971322 0.951978 1.06376 0.755871 0.238614 0.918052 0.245259 1.116 0.704653 0.435216 0.777601 1.13441 0.430842 0.99884 0.783272 0.447802 0.242558 0.738075 0.787238 0.424211 0.739905 1.17812 0.276213 1.00288 0.841897 0.356601 0.750414 0.559015 0.345467 0.568872 0.553094 0.961151 1.06428 0.75341 0.589295 0.341291 1.03827 0.15756 1.08279
1.10425 0.474655 0.477404 0.392215 1.00251 0.541726 0.644802 0.20514 0.787703 1.03919 0.700148 0.769135 0.412065 0.325854 0.743646 0.0432609 0.93144 0.580908 0.501984 0.192125 0.776141 0.53869 0.542703 0.673361 0.471288 0.86822 0.405767 0.432798 0.675154 0.470066 0.866648 0.820558 1.05508 0.245712 0.9486 0.487059 1.02021 1.03801 1.01234 0.695329 0.206436 0.874563 0.239807 1.11306 0.638318 0.373689 0.538848 0.944184 0.576697 0.890735 0.602512 0.603272 0.170354 0.672279 0.8118 0.410439 0.946504 1.15547 0.295051 0.973912 0.822205 0.230162 1.01998 0.655005 0.178595 0.764674 0.643649 1.00341 1.18552 0.568954 0.660473 0.37167 0.996941 0.0998484 1.19357
0.945718 0.433703 0.539723 0.480967 0.923976 0.321641 0.608529 0.350419 0.99857 1.19075 0.714777 0.624336 0.413855 0.43556 0.750545 0.160703 1.08852 0.789837 0.507423 0.159718 0.518368 0.653443 0.573885 0.818214 0.376517 0.735176 0.460836 0.659888 0.646528 0.413334 0.76998 0.842362 1.11996 0.435597 1.15261 0.51934 1.07178 1.07543 1.07635 0.815192 0.437932 0.7883 0.352628 0.965845 0.526709 0.418189 0.6529 1.09001 0.529335 0.93322 0.72385 0.549873 0.163828 0.709054 0.647427 0.193429 0.826937 1.19022 0.426594 1.09038 0.96391 0.28555 0.876138 0.681264 0.321668 0.580457 0.752322 0.78731 1.01416 0.623219 0.835791 0.358642 1.2327 0.311834 1.04752
1.03288 0.288862 0.5219 0.505058 0.931232 0.409185 0.576643 0.217661 0.889694 1.13343 0.768514 0.81694 0.418622 0.382947 0.734823 0.0807013 0.910361 0.62428 0.618477 0.302641 0.514034 0.59915 0.744941 0.847297 0.255393 0.985944 0.374389 0.466421 0.709325 0.570082 0.836224 0.623891 0.920104 0.400218 1.1835 0.294278 0.898816 1.111 0.963973 0.83162 0.355675 0.84881 0.423841 1.01769 0.656406 0.405933 0.541171 1.03992 0.595788 0.965256 0.662377 0.506724 0.250728 0.743438 0.881168 0.260646 0.714528 1.04781 0.210172 0.963758 0.907106 0.10071 0.744759 0.7018 0.369891 0.577428 0.537721 1.03989 1.18129 0.847864 0.754798 0.327939 1.08307 0.338744 1.06283
1.01833 0.44286 0.406905 0.52604 0.801979 0.314255 0.599512 0.413823 0.883541 1.1387 0.686159 0.625545 0.323174 0.496648 0.935892 0.338174 1.10305 0.600243 0.473502 0.382952 0.62013 0.740485 0.738227 0.653814 0.333905 0.700358 0.32925 0.434546 0.864974 0.604463 1.01337 0.785952 0.936731 0.504633 1.00936 0.399754 0.84604 1.08751 0.923344 0.578318 0.279686 0.987221 0.286275 1.12935 0.688926 0.58978 0.754794 0.931717 0.586328 0.981349 0.655248 0.489031 0.347809 0.799503 0.68897 0.289255 0.757084 1.04948 0.444793 1.02189 0.856681 0.295559 0.783999 0.608731 0.28663 0.717288 0.51985 0.840497 1.10945 0.612162 0.760071 0.52447 1.03145 0.153302 1.18553
1.01391 0.376737 0.4775 0.422613 0.822102 0.417064 0.460461 0.342411 0.837313 1.01061 0.572847 0.837049 0.373465 0.423891 0.905063 0.327268 0.942655 0.721978 0.562068 0.206722 0.594109 0.648971 0.675634 0.870048 0.483078 0.888876 0.347788 0.42941 0.768591 0.523195 0.785904 0.730848 1.17564 0.462157 1.22888 0.384811 0.859292 1.02015 1.13944 0.760293 0.312522 1.02451 0.406308 1.15819 0.667514 0.63839 0.687862 1.01435 0.666625 1.0471 0.625712 0.34132 0.120364 0.709558 0.79114 0.411355 0.734385 1.14403 0.287665 1.20036 0.783132 0.17332 0.935812 0.499975 0.366587 0.588258 0.637948 1.00127 1.24398 0.79003 0.813981 0.543742 1.18944 0.328879 0.926675
1.0704 0.499357 0.41149 0.584254 0.730285 0.440368 0.611195 0.165906 0.79514 1.00384 0.66958 0.810519 0.195375 0.556405 0.772389 0.161083 0.972978 0.581389 0.626165 0.431595 0.766956 0.666958 0.679601 0.627225 0.261818 0.8205 0.407216 0.409672 0.757733 0.578995 0.80511 0.678508 0.937189 0.419677 1.16167 0.267755 0.776122 0.986107 1.14821 0.654131 0.370914 0.901065 0.305577 1.14245 0.421759 0.560966 0.750944 0.975768 0.575947 0.851072 0.645268 0.603085 0.212729 0.845458 0.691116 0.308175 0.968328 0.982556 0.337667 1.14354 0.822724 0.269992 0.809182 0.763274 0.117463 0.729958 0.728833 0.875135 0.980959 0.719239 0.771438 0.604551 1.03139 0.0680523 1.0777
0.832211 0.324506 0.650845 0.637546 0.911096 0.580779 0.586685 0.147153 1.01545 1.16124 0.741084 0.790254 0.411022 0.494629 0.887106 0.211059 1.01047 0.595895 0.510347 0.381426 0.55455 0.782514 0.526005 0.628526 0.206336 0.760435 0.342639 0.489467 0.727576 0.627176 0.937791 0.796563 1.21114 0.369835 0.986961 0.431357 1.04629 0.89023 1.13465 0.777437 0.164709 0.827457 0.34295 0.978573 0.623488 0.52264 0.661484 1.01122 0.477236 1.06631 0.574658 0.49081 0.31465 0.771204 0.62519 0.157052 0.779137 1.06865 0.216146 0.998405 0.799148 0.333432 0.908725 0.55367 0.179307 0.837698 0.60334 0.756105 1.12631 0.718034 0.675417 0.381647 1.03382 0.128751 1.07434
0.892315 0.52095 0.662297 0.611924 0.913366 0.556351 0.596639 0.166304 1.03428 1.21688 0.496738 0.839872 0.440005 0.326374 0.912525 0.250554 1.163 0.697106 0.709836 0.356649 0.636108 0.622439 0.673908 0.668972 0.343172 0.839319 0.589054 0.500244 0.734996 0.40678 0.757433 0.862587 1.09612 0.386741 1.22384 0.533592 0.930135 1.09817 1.20094 0.583257 0.155981 0.96762 0.373647 1.04613 0.60293 0.539914 0.714897 1.05015 0.409497 0.921292 0.735911 0.489895 0.264412 0.760135 0.754825 0.291129 0.900663 1.12737 0.2846 1.00991 0.992796 0.124055 0.878658 0.529744 0.261542 0.604402 0.553643 0.937895 1.11167 0.802557 0.703145 0.428477 1.0356 0.15302 1.00755
1.10128 0.33966 0.41389 0.433845 0.819892 0.595689 0.578258 0.305908 0.907952 1.22261 0.786066 0.680021 0.319572 0.356763 0.991342 0.0569612 0.934944 0.520712 0.594847 0.199399 0.790811 0.681635 0.564071 0.822534 0.461139 0.86704 0.433618 0.414723 0.920459 0.44926 0.748882 0.71996 1.21122 0.216721 1.07113 0.383436 0.85572 0.842186 1.14502 0.650706 0.287939 0.844855 0.418406 1.0034 0.661632 0.489922 0.693191 1.19308 0.555047 1.09455 0.551499 0.398734 0.120495 0.708611 0.686965 0.296478 0.821957 1.15066 0.288491 1.07938 0.791946 0.224678 0.819964 0.48176 0.23527 0.587731 0.657648 0.905491 1.21084 0.601198 0.823437 0.338319 1.10922 0.175243 0.977163
1.12213 0.424552 0.520524 0.422384 0.784137 0.357912 0.567167 0.173827 1.02943 1.13196 0.683921 0.853221 0.280993 0.473194 0.861274 0.32601 1.11122 0.588131 0.490395 0.239828 0.629969 0.567684 0.61366 0.697765 0.453392 0.778332 0.618816 0.530137 0.684079 0.475513 0.826359 0.675548 1.14327 0.274815 1.18307 0.500106 0.947098 1.03128 0.963667 0.799738 0.170458 0.937216 0.333527 0.969136 0.606426 0.342819 0.613819 1.09671 0.533346 0.986999 0.803378 0.589761 0.311044 0.736411 0.704006 0.429096 0.953803 1.14402 0.364869 0.940145 0.974836 0.201872 1.02944 0.517432 0.221791 0.720712 0.655737 0.988952 1.10799 0.847484 0.584892 0.384666 1.21683 0.074507 1.1283
0.944063 0.391229 0.440759 0.499418 0.720436 0.583095 0.501809 0.283894 0.976806 1.12306 0.572705 0.833024 0.438904 0.32494 0.753363 0.256638 0.962574 0.538804 0.525215 0.147009 0.595354 0.567972 0.764601 0.708316 0.255244 0.967212 0.591194 0.609212 0.875068 0.439948 0.88467 0.679948 0.985466 0.452323 1.13928 0.362835 0.859162 1.0504 1.2055 0.849295 0.292873 0.810191 0.406861 1.07659 0.59199 0.456765 0.563547 1.20604 0.481128 0.966913 0.609637 0.538695 0.0730446 0.637752 0.68072 0.418092 0.961814 0.993097 0.182107 1.03208 1.026 0.285029 0.990982 0.764152 0.163364 0.615315 0.510181 0.828882 1.12958 0.644351 0.706899 0.359253 1.01368 0.171848 1.08815
