25 75
0.736753 0.429103 0.939123 0.48061 0.231468 1.0471 0.917507 0.486522 0.871544 0.80155 0.645679 1.02084 0.64515 0.418623 0.119936 0.596444 1.13221 0.390845 0.338386 0.452115 1.11983 0.76747 1.14695 1.07574 0.748575 0.275475 1.22217 0.341499 1.01454 0.832221 0.578727 0.144764 0.717534 1.09516 0.459291 0.877492 0.810438 0.285314 0.297585 1.0805 0.298939 0.822326 1.03868 0.198509 0.627692 0.666785 0.56772 1.12292 0.319534 0.972681 0.352901 0.282446 0.731064 0.406775 0.374357 0.918493 0.604893 0.794274 0.0792448 0.39395 0.850563 0.150758 0.761501 0.955431 0.830593 0.880737 0.739073 0.960264 0.661336 0.686207 0.633234 0.220218 0.618633 0.78728 0.531033
0.523944 0.454504 0.96913 0.509236 0.228856 1.03893 0.741041 0.363845 1.11537 1.02262 0.766677 1.1758 0.561342 0.691082 0.0941582 0.489586 1.05181 0.345837 0.409734 0.370272 1.00728 0.676109 0.952166 1.05946 0.738419 0.265965 1.20862 0.348803 1.11168 0.898936 0.527162 0.0701981 0.826653 0.931855 0.499875 0.712934 0.713594 0.221418 0.454027 1.23358 0.340556 0.84161 1.06614 0.300578 0.561839 0.57665 0.733473 1.1144 0.411979 0.971852 0.21885 0.437027 0.773736 0.353274 0.412575 0.649196 0.71797 0.94316 0.125216 0.354294 0.806016 0.278295 0.582789 0.750206 0.718818 0.73383 0.980286 1.0201 0.855925 0.765925 0.876099 0.203595 0.627285 0.940843 0.618694
0.685481 0.3491 0.730718 0.399534 0.250905 1.07911 0.914527 0.375188 1.09891 0.838981 0.63281 1.06947 0.564052 0.402084 0.298385 0.495958 0.917648 0.396748 0.286763 0.297635 1.12327 0.770047 1.11824 1.1318 0.703145 0.342178 1.15552 0.0669949 1.11644 0.781858 0.536476 0.271406 0.645642 1.08151 0.342262 0.772362 0.831502 0.364435 0.231383 1.29434 0.464638 0.858513 1.27105 0.297777 0.510126 0.60136 0.638199 1.03823 0.395073 1.12449 0.22827 0.19624 0.678495 0.289808 0.567047 0.749429 0.748998 0.969231 0.270417 0.385357 1.04411 0.123895 0.652926 0.967417 0.87782 0.690705 0.79422 1.16149 0.897547 0.566459 0.926571 0.12347 0.72683 0.853296 0.485758
0.722981 0.429754 0.920209 0.3854 0.367811 0.979062 0.832958 0.391414 0.998714 0.925719 0.595103 1.23593 0.531653 0.581284 0.173885 0.337908 1.13731 0.246598 0.351324 0.479949 1.0883 0.662004 1.13468 0.850801 0.810731 0.191091 1.12309 0.289171 1.07871 0.851984 0.591019 0.296558 0.820119 1.11361 0.52491 0.809348 0.916887 0.359429 0.506715 1.22336 0.288023 0.793155 1.154 0.122768 0.720789 0.778363 0.56435 0.932937 0.52987 1.09832 0.237639 0.346336 0.737614 0.204815 0.286379 0.735712 0.532494 0.868353 0.207559 0.501708 0.957455 0.238614 0.633169 0.861787 0.786986 0.868536 0.855584 1.11685 0.738341 0.763853 0.679875 0.110921 0.579273 0.871504 0.597802
0.685051 0.354576 0.94343 0.376814 0.292389 1.06275 0.757772 0.435166 1.1347 1.00636 0.613836 1.04986 0.597686 0.457519 0.137769 0.557956 1.11648 0.332506 0.351666 0.291839 1.05241 0.61883 1.03115 0.999338 0.701819 0.39172 1.20194 0.0987518 1.26351 0.689457 0.428586 0.25139 0.682968 0.907152 0.398075 0.848608 0.865482 0.288049 0.317052 1.19151 0.302619 0.767107 1.26132 0.290495 0.64979 0.671269 0.749303 1.06466 0.286156 1.09095 0.29925 0.29524 0.538844 0.152738 0.564107 0.812461 0.702539 0.740278 0.329628 0.59853 1.04122 0.148223 0.583117 0.889103 0.931083 0.772037 0.934613 0.988341 0.791407 0.48214 0.897697 0.323851 0.824376 0.892172 0.493728
0.62493 0.392246 0.810124 0.485412 0.384153 1.11285 0.801699 0.224572 1.0989 0.762228 0.759529 0.982124 0.618676 0.494208 0.0253534 0.627923 1.03357 0.355918 0.335677 0.291274 1.00314 0.713179 1.19913 1.10608 0.932649 0.350058 1.09379 0.357253 1.25414 0.690658 0.554164 0.0997206 0.597735 1.16201 0.573884 0.840615 0.706842 0.357609 0.213807 1.29559 0.371429 0.634453 1.16579 0.300904 0.649969 0.529239 0.72359 1.01526 0.246439 0.981637 0.271541 0.453693 0.606063 0.377863 0.560761 0.764327 0.656295 0.728707 0.271143 0.607091 1.02834 0.309246 0.600084 0.736634 0.80472 0.90364 0.755743 0.888159 0.668412 0.618936 0.681264 0.0974835 0.624697 1.05658 0.525123
0.547196 0.303458 0.787764 0.474943 0.248982 1.20065 0.72484 0.282907 0.940633 0.908643 0.704318 1.11611 0.606241 0.641388 0.0679905 0.607498 0.997543 0.288373 0.479462 0.469721 1.16155 0.667814 1.18393 1.00478 0.727099 0.458472 1.11366 0.1485 1.08491 0.805598 0.377032 0.305431 0.607323 1.16537 0.605701 0.711416 0.760287 0.344742 0.372482 1.14323 0.38628 0.778438 1.27108 0.264514 0.546367 0.685529 0.473467 1.02745 0.35197 0.977569 0.323111 0.450411 0.533003 0.24175 0.522485 0.8114 0.790041 0.742165 0.306576 0.374595 0.893106 0.186987 0.598685 0.997683 0.656369 0.668528 0.96026 1.11764 0.693531 0.718448 0.748101 0.0485802 0.656686 0.96696 0.669792
0.558603 0.443832 0.841354 0.407508 0.368131 1.15808 0.768422 0.497606 1.09261 0.771118 0.738225 1.12384 0.647129 0.524102 0.284838 0.548259 1.16701 0.246331 0.258227 0.460584 1.0596 0.708743 0.991797 0.91706 0.722061 0.25252 1.20907 0.155786 0.997968 0.887911 0.390779 0.024123 0.847006 1.02305 0.610671 0.8323 0.757272 0.359326 0.211355 1.28978 0.21427 0.624079 1.19546 0.103087 0.682844 0.551171 0.688965 1.03425 0.283061 0.955059 0.224728 0.440899 0.686549 0.437621 0.36283 0.7565 0.768513 0.904822 0.143746 0.356449 0.859456 0.258811 0.693942 0.94228 0.799772 0.831273 0.789819 1.11765 0.87434 0.769732 0.668465 0.137911 0.5491 1.02213 0.654672
0.526487 0.343732 0.981391 0.405178 0.276953 1.05888 0.73787 0.340611 0.892845 0.964012 0.783049 1.21471 0.669328 0.567526 0.308346 0.531451 0.901923 0.323459 0.305613 0.380869 1.17141 0.646719 1.16973 0.872646 0.662009 0.44953 1.23676 0.235919 1.075 0.879626 0.587087 0.204806 0.603743 0.996399 0.531856 0.792863 0.860443 0.191158 0.296829 1.16056 0.455797 0.848103 1.12343 0.311382 0.519479 0.661801 0.64323 1.15804 0.26432 1.09666 0.362739 0.356709 0.682352 0.310707 0.386126 0.811262 0.576223 0.876966 0.064211 0.347219 0.796988 0.125937 0.60812 0.878817 0.766566 0.847149 0.824336 0.942426 0.813254 0.647181 0.926216 0.308046 0.699582 0.945851 0.376169
0.688272 0.450349 0.904259 0.406765 0.318236 1.15792 0.937003 0.51235 1.03529 0.855189 0.720598 0.954663 0.533808 0.633868 0.124799 0.591625 1.14785 0.237014 0.204399 0.434726 0.939148 0.835025 1.057 1.03117 0.819872 0.364094 1.1259 0.164127 1.07363 0.850918 0.627384 0.160619 0.651667 1.10684 0.417892 0.805011 0.781348 0.241823 0.288354 1.28649 0.26498 0.714851 0.977275 0.21589 0.7688 0.560229 0.531952 1.14223 0.412853 1.06746 0.142946 0.245682 0.752968 0.274362 0.390447 0.907239 0.607993 0.802068 0.304096 0.404765 1.02746 0.0746489 0.841959 1.00715 0.931956 0.892289 0.755604 1.01664 0.883306 0.684989 0.64186 0.177733 0.813866 0.844557 0.490651
0.594421 0.444312 0.863482 0.401153 0.276222 1.02588 0.849933 0.281438 1.07022 0.96951 0.578328 1.05816 0.678973 0.436016 0.242521 0.554866 0.970369 0.445533 0.376648 0.221887 1.02842 0.819885 1.20424 0.899353 0.943511 0.186124 1.18063 0.351617 1.17912 0.857405 0.543914 0.125448 0.801405 0.928588 0.600509 0.733385 0.843374 0.348674 0.481459 1.26009 0.34851 0.662978 1.02521 0.2994 0.506853 0.718405 0.474497 1.02898 0.334151 0.884239 0.375308 0.189481 0.673092 0.263936 0.34343 0.690488 0.577151 0.829454 0.0712403 0.461583 0.878483 0.227606 0.748833 0.907268 0.805815 0.703924 0.943063 1.00518 0.775241 0.577556 0.748572 0.194169 0.586204 0.871578 0.544812
0.637007 0.398987 0.990512 0.307751 0.471889 0.966102 0.727788 0.302847 1.00917 0.84579 0.795528 1.16028 0.581914 0.516479 0.156992 0.49038 1.07976 0.220497 0.200614 0.489222 1.14057 0.895752 1.09962 1.00768 0.692092 0.404492 1.10841 0.341968 0.996169 0.861747 0.418339 0.163981 0.7135 1.06991 0.564843 0.839209 0.971863 0.207314 0.307929 1.05072 0.469308 0.690469 1.19873 0.253235 0.619955 0.726618 0.523163 0.999343 0.503066 1.01669 0.313237 0.293707 0.680991 0.299499 0.421514 0.65282 0.708174 0.909732 0.138769 0.501895 0.989926 0.314078 0.846182 0.957995 0.831356 0.702478 0.748796 0.899275 0.921879 0.701096 0.78195 0.297346 0.743817 1.05899 0.396882
0.484614 0.341322 0.839692 0.327832 0.252855 1.0484 0.898835 0.480053 0.896981 0.867321 0.74957 1.13933 0.567105 0.55422 0.199962 0.539048 1.00231 0.257593 0.196888 0.252863 1.18589 0.705587 1.19043 0.948961 0.842928 0.427125 1.19151 0.298035 1.02962 0.758612 0.641216 0.278589 0.6323 1.10058 0.452096 0.782845 0.896612 0.143393 0.393255 1.14317 0.371647 0.68538 1.10942 0.143734 0.602617 0.551728 0.624899 1.15354 0.531295 1.09931 0.153821 0.404025 0.825675 0.16639 0.529673 0.774598 0.738872 0.773288 0.329415 0.584654 0.843457 0.0820711 0.679447 0.942529 0.738386 0.735196 0.975381 1.04077 0.735695 0.5948 0.660214 0.0413326 0.665241 1.04017 0.628396
0.630368 0.480435 0.730894 0.460722 0.242439 1.02917 0.984234 0.347576 1.07904 0.991648 0.645333 0.967266 0.519802 0.452419 0.196424 0.466542 1.14242 0.368005 0.372006 0.225491 0.945447 0.735764 1.00742 1.09912 0.865721 0.260234 1.03101 0.306378 1.08404 0.777729 0.641062 0.261898 0.710123 0.983156 0.595049 0.978939 0.870521 0.411826 0.334858 1.05479 0.464104 0.858146 1.19024 0.248482 0.542153 0.51376 0.459837 0.992079 0.289602 1.10924 0.347632 0.455258 0.683411 0.304908 0.317277 0.807753 0.72986 0.862976 0.324401 0.329509 1.03452 0.233661 0.751541 0.822942 0.872109 0.657116 0.843622 1.17535 0.735395 0.760074 0.750101 0.278301 0.639643 0.791323 0.436316
0.726508 0.342419 0.840855 0.518986 0.241981 0.964227 0.882597 0.370188 1.12309 0.771749 0.622277 1.07169 0.526335 0.518824 0.306376 0.580961 1.05619 0.42717 0.356549 0.501782 1.08367 0.659156 1.07165 1.1286 0.811771 0.283608 1.10711 0.177146 1.0416 0.676376 0.511348 0.0862236 0.705984 1.17924 0.446909 0.911018 0.968749 0.205891 0.22201 1.27503 0.390647 0.790486 0.98549 0.132523 0.592377 0.614339 0.594285 1.06857 0.236134 1.1408 0.256596 0.435227 0.790406 0.172687 0.478638 0.88275 0.566906 0.857151 0.300122 0.36321 1.027 0.272185 0.655021 0.923176 0.865962 0.797913 0.805033 0.937984 0.7805 0.666983 0.644689 0.18955 0.577814 0.842138 0.645879
0.757566 0.360897 0.978455 0.351828 0.254776 1.13072 0.974565 0.364989 1.00153 0.969829 0.828363 1.00121 0.601155 0.509714 0.0504054 0.37284 1.15065 0.320611 0.270952 0.271192 1.07922 0.631654 1.01165 1.09421 0.827899 0.442101 1.02035 0.1236 1.02449 0.768789 0.403909 0.165413 0.59452 1.15561 0.396713 0.96559 0.882964 0.256261 0.27699 1.00899 0.435354 0.711587 1.11972 0.0374083 0.782181 0.506738 0.683236 1.02059 0.513687 0.996928 0.160846 0.257473 0.677602 0.381456 0.326921 0.888719 0.537136 0.955243 0.21978 0.40848 1.05682 0.0896729 0.811755 0.989097 0.953122 0.646676 0.731774 1.06081 0.777889 0.549503 0.87878 0.294855 0.668764 1.03792 0.597618
0.657858 0.433355 0.870009 0.235891 0.403117 1.11466 0.911723 0.401889 0.864193 0.980669 0.860355 1.18905 0.766244 0.675652 0.181654 0.495588 1.06034 0.365749 0.281465 0.322569 0.966171 0.901487 1.07895 1.13969 0.941256 0.334369 1.13807 0.343069 1.11438 0.811812 0.48885 0.11294 0.790085 1.05074 0.598905 0.887831 0.848707 0.423502 0.225274 1.23274 0.273505 0.756146 1.02175 0.256713 0.739515 0.650419 0.749519 1.11499 0.290248 1.02443 0.280468 0.414117 0.653964 0.312825 0.327309 0.816847 0.520778 0.874025 0.169759 0.46516 0.914865 0.297596 0.851806 0.90714 0.838995 0.621802 0.98981 1.16518 0.792132 0.674964 0.84761 0.257251 0.57996 0.807101 0.570999
0.49011 0.586785 0.839211 0.367849 0.269486 1.05394 0.850864 0.473676 1.08033 0.959212 0.856203 1.1054 0.645679 0.478465 0.216677 0.556274 1.11371 0.353282 0.434574 0.240061 1.04564 0.602641 1.20531 1.03859 0.890158 0.271564 1.21469 0.283274 1.13768 0.705702 0.47236 0.198541 0.649518 0.933701 0.444462 0.730803 0.762029 0.242921 0.377594 1.23978 0.190721 0.741205 1.25657 0.268631 0.644772 0.64158 0.734415 0.982095 0.382071 0.878021 0.386658 0.467403 0.60099 0.392411 0.276624 0.86529 0.640299 0.73198 0.20543 0.566534 0.889989 0.125666 0.71348 0.757522 0.690974 0.769586 0.834676 1.121 0.705529 0.557802 0.719725 0.20367 0.730353 1.07253 0.501384
0.555971 0.457163 1.00804 0.478499 0.34391 1.09765 0.744716 0.237638 1.12329 0.821944 0.719594 1.04203 0.662238 0.456127 0.307966 0.605387 1.08909 0.284566 0.435872 0.462744 1.20156 0.768979 1.10593 0.885877 0.805431 0.323103 1.06468 0.152853 1.21027 0.637431 0.628511 0.130661 0.831747 1.03631 0.328785 0.889382 0.900216 0.313884 0.352441 1.13748 0.214205 0.836887 1.20053 0.102145 0.7069 0.551188 0.503085 0.897173 0.282933 1.05792 0.152601 0.305259 0.718243 0.321986 0.471613 0.816206 0.760048 0.969246 0.127512 0.462556 0.796724 0.067139 0.62623 0.907098 0.920026 0.862147 0.731181 1.00093 0.762283 0.652912 0.651466 0.136883 0.554038 0.806042 0.378557
0.725443 0.532772 0.802571 0.357408 0.512858 1.17561 0.786914 0.4887 1.13738 0.895347 0.646683 1.0791 0.523328 0.422233 0.226566 0.521971 0.931481 0.159106 0.340207 0.362652 1.01853 0.850345 1.01409 0.896264 0.834148 0.337082 1.02735 0.227338 1.25309 0.846653 0.509423 0.257436 0.823504 0.913766 0.427678 0.906686 0.917637 0.345458 0.477602 1.12721 0.331097 0.620491 1.18476 0.102553 0.650565 0.53916 0.550474 0.884909 0.393204 0.95718 0.331029 0.420409 0.542219 0.342928 0.373526 0.82944 0.755675 0.73753 0.138326 0.502756 1.06823 0.120416 0.574029 0.828592 0.76506 0.728101 0.951835 1.14315 0.73397 0.532628 0.834136 0.218914 0.66377 0.908741 0.567617
0.552045 0.514412 0.763725 0.406636 0.308827 0.983899 0.809687 0.339115 1.1368 0.7961 0.808725 1.04773 0.671477 0.670621 0.198726 0.421307 1.07026 0.362145 0.371139 0.47332 0.941531 0.663636 0.94376 1.10803 0.819553 0.219479 1.09177 0.208358 1.16599 0.656945 0.528767 0.234203 0.56836 1.11279 0.55525 0.820988 0.939831 0.27599 0.370208 1.114 0.184638 0.659429 1.14442 0.255949 0.774996 0.489786 0.466328 1.0864 0.517846 0.950624 0.265446 0.318088 0.768056 0.400483 0.327081 0.765756 0.683344 0.904432 0.27154 0.333031 1.01537 0.224213 0.686608 0.830308 0.743677 0.904619 0.959053 0.882374 0.900866 0.599567 0.710723 0.20866 0.61741 0.882152 0.606134
0.611479 0.383556 0.834547 0.471225 0.304403 1.04047 0.838842 0.379814 1.08626 0.994649 0.817169 1.00808 0.636346 0.656164 0.186836 0.596978 0.931565 0.332072 0.358893 0.4089 1.05635 0.77822 1.05402 0.981596 0.834453 0.226491 1.17611 0.250813 1.01155 0.683613 0.609158 0.122376 0.679877 1.1321 0.537116 0.857437 0.970562 0.180386 0.249388 1.14527 0.31757 0.640541 1.13954 0.0924976 0.556546 0.548254 0.668768 1.00527 0.406689 0.906374 0.343808 0.448337 0.825175 0.399106 0.567242 0.783055 0.76284 0.781903 0.186603 0.388009 0.82251 0.160191 0.757271 0.8507 0.661209 0.810646 0.733262 1.16892 0.692241 0.698288 0.65886 0.105912 0.717882 1.07034 0.554298
0.554358 0.535364 0.751877 0.397744 0.34514 1.09019 0.915184 0.505911 1.0573 0.942373 0.768787 1.00169 0.689576 0.600212 0.299474 0.516105 0.935477 0.407097 0.297272 0.314608 1.22116 0.844319 1.09371 0.865686 0.945612 0.305218 1.22234 0.178723 1.18546 0.909804 0.543634 0.274835 0.695461 1.13656 0.448122 0.824197 0.878317 0.192021 0.320901 1.25858 0.195927 0.739642 1.04058 0.244915 0.682131 0.519921 0.680057 1.09015 0.455019 1.01434 0.151326 0.346747 0.697859 0.269931 0.292587 0.921185 0.687597 0.725133 0.311399 0.600554 0.942851 0.218747 0.563368 0.90662 0.671417 0.818022 0.945582 1.13769 0.895082 0.481625 0.880643 0.312455 0.759164 0.964069 0.52783
0.638563 0.571459 0.768759 0.400795 0.417774 0.983815 0.802588 0.38197 1.02461 0.894827 0.821475 1.01214 0.664086 0.526294 0.036001 0.613362 1.01109 0.321954 0.39282 0.350265 1.06178 0.813959 1.19265 1.07817 0.67874 0.393616 0.944239 0.282566 1.19709 0.71301 0.443956 0.210599 0.701714 1.17179 0.405404 0.80555 0.762246 0.271491 0.370854 1.08451 0.362181 0.852983 1.23661 0.303817 0.68493 0.666133 0.514862 1.09446 0.26942 0.877796 0.376867 0.281705 0.591443 0.34836 0.33921 0.643597 0.743241 0.714941 0.316777 0.564815 1.06132 0.149405 0.684844 0.914603 0.694884 0.884126 0.774685 0.967321 0.704838 0.529235 0.693624 0.312014 0.693898 0.855573 0.667862
0.703776 0.439461 0.821375 0.380221 0.407323 0.970052 0.812226 0.459222 1.03847 1.02635 0.746106 1.16108 0.695812 0.639404 0.127633 0.414307 0.973729 0.422605 0.215403 0.229234 1.11202 0.747852 1.03029 0.975369 0.828835 0.176955 1.19723 0.111632 1.13147 0.664831 0.458983 0.0728548 0.86576 1.14862 0.522375 0.779696 0.981894 0.208613 0.250958 1.12781 0.3844 0.653952 1.21389 0.0669787 0.632677 0.721775 0.603763 0.960339 0.486323 0.995685 0.140358 0.37553 0.69558 0.217843 0.397864 0.668702 0.755096 0.809125 0.141596 0.47661 0.916184 0.321708 0.647847 0.910109 0.867696 0.715408 0.923883 1.0431 0.852847 0.552018 0.716215 0.171951 0.796291 0.84613 0.648439
