25 75
0.570787 0.291984 0.0965832 0.810497 0.189237 0.589757 0.853144 0.79151 0.353003 1.26727 0.517247 0.558629 0.25768 0.342716 0.573996 1.10281 0.261311 0.0879173 0.257572 1.14021 0.628753 0.377392 0.84913 0.641836 0.885576 0.607398 0.224007 0.807519 0.759964 0.793613 1.07726 0.921114 0.983428 0.898575 0.95984 0.608484 0.632358 0.371861 0.3135 0.365539 0.479692 0.210815 0.226524 0.263448 1.09333 0.776895 0.268512 0.468985 1.21029 0.713074 0.690384 0.277741 0.641585 0.800012 1.1145 0.807631 0.753929 0.66479 0.84384 0.713711 0.160017 0.4608 0.82348 0.345959 0.507493 0.834063 0.375232 0.733371 0.979002 1.02242 1.07728 0.510647 0.648503 0.912855 0.635573
0.44035 0.207903 0.224676 0.765792 0.444263 0.455698 0.842637 0.695743 0.504297 1.00074 0.332175 0.566463 0.23141 0.313793 0.621563 1.14626 0.306667 0.336594 0.253083 1.21222 0.575861 0.450246 0.865974 0.799888 0.78797 0.69609 0.290628 0.960956 0.759392 0.744318 1.26514 0.775251 0.91208 1.04454 0.891211 0.680103 0.810431 0.416833 0.292681 0.514301 0.619761 0.123752 0.229456 0.304872 1.1647 0.811148 0.421917 0.5521 1.2023 0.75925 0.487491 0.469348 0.551924 0.844919 1.157 0.565275 0.684964 0.706404 0.859707 0.734771 0.401362 0.479435 1.04315 0.420923 0.338345 0.627862 0.500477 0.722314 0.970652 1.24752 0.986289 0.609876 0.648567 0.672536 0.583423
0.655166 0.305335 0.172252 0.70832 0.257713 0.443931 0.761423 0.680374 0.474244 1.19996 0.523951 0.576735 0.0903283 0.430853 0.647024 1.2788 0.151229 0.33595 0.262323 1.00696 0.568511 0.566001 0.976853 0.672105 0.841791 0.786381 0.391803 0.914341 0.578325 0.788461 1.09066 0.742132 0.874323 0.984678 0.792646 0.495128 0.92268 0.317006 0.230504 0.351665 0.657955 0.104145 0.207237 0.267198 1.14144 0.861911 0.166262 0.4364 1.12054 0.635028 0.691627 0.421925 0.725925 0.886199 1.09292 0.540865 0.713577 0.924469 0.825958 0.811065 0.147457 0.307292 1.08993 0.346634 0.385192 0.80024 0.402099 0.701387 0.957806 1.19866 0.982247 0.643312 0.625941 0.701546 0.803102
0.658852 0.374388 0.232379 0.804828 0.32623 0.474437 0.892591 0.827551 0.391301 1.25533 0.507483 0.576528 0.273176 0.254578 0.592716 1.18023 0.155246 0.0996235 0.0480526 1.10377 0.44042 0.57126 0.796079 0.55784 0.922307 0.741176 0.479534 0.949845 0.805215 0.811873 1.03674 0.969812 0.877841 0.789189 0.98472 0.584119 0.875032 0.493693 0.216124 0.600375 0.427656 0.00386966 0.353323 0.135808 1.25572 0.815142 0.181252 0.645819 0.971125 0.790513 0.44885 0.326654 0.696164 0.726642 1.13161 0.644214 0.823626 0.768228 0.826231 0.579198 0.363884 0.491112 1.09822 0.473362 0.31593 0.674286 0.311358 0.699568 1.07883 1.14894 1.0172 0.402489 0.633957 0.924789 0.563333
0.651247 0.337518 0.105944 0.858681 0.226614 0.483213 0.757504 0.634346 0.607981 1.23335 0.378217 0.787354 0.135498 0.410082 0.441704 1.21421 0.335156 0.14734 0.163796 1.106 0.557889 0.452014 0.893457 0.728374 0.7758 0.665466 0.480323 0.746139 0.779761 0.856238 1.11036 0.911396 0.947647 0.846924 1.04735 0.437231 0.742168 0.495316 0.24192 0.454619 0.61177 0.0197037 0.342836 0.153903 1.14439 0.874745 0.180425 0.472057 1.13206 0.780986 0.593649 0.243999 0.738829 0.715207 0.988048 0.709158 0.817628 0.816 0.701706 0.600416 0.36789 0.461448 1.06809 0.517559 0.474251 0.726002 0.396137 0.820139 1.07762 1.23286 1.21258 0.509368 0.460212 0.926364 0.842629
0.552355 0.341794 0.076063 0.855016 0.276993 0.541452 0.941076 0.773808 0.380627 1.22331 0.480204 0.66137 0.235599 0.164576 0.49257 0.9999 0.166488 0.363296 0.295609 0.996294 0.587188 0.597215 0.788821 0.80162 0.736108 0.520277 0.504965 0.992806 0.804743 0.858138 1.28629 1.02995 0.993457 0.896936 0.759542 0.582242 0.840841 0.415844 0.302555 0.59649 0.487713 0.0933335 0.322479 0.106646 1.19993 0.801852 0.32276 0.590209 1.00179 0.719422 0.47365 0.22479 0.539346 0.836922 1.0191 0.735981 0.664992 0.685529 0.714611 0.684783 0.232289 0.232178 0.918326 0.417026 0.490826 0.649514 0.501615 0.863287 0.84508 0.993001 1.07626 0.511159 0.646566 0.645133 0.721165
0.455803 0.387805 0.176286 0.849493 0.433609 0.428297 0.851391 0.854139 0.487752 1.1645 0.491812 0.635621 0.227189 0.358277 0.513064 1.04616 0.335833 0.170272 0.116853 1.01937 0.622189 0.581587 0.772355 0.760748 0.88757 0.770772 0.453651 0.958112 0.690731 0.812619 1.25616 0.998734 0.924359 1.00589 1.01405 0.581864 0.761473 0.381768 0.164586 0.36393 0.663509 0.0724885 0.149404 0.333931 1.16405 0.885375 0.240315 0.60762 1.16297 0.541675 0.610055 0.46468 0.543455 0.878453 1.17087 0.657608 0.872202 0.913272 0.71194 0.637037 0.20314 0.303853 1.09666 0.471968 0.338238 0.801201 0.455022 0.830894 1.01844 1.02844 1.22962 0.500393 0.652487 0.854471 0.60632
0.437915 0.44142 0.254567 0.839697 0.216463 0.339934 1.02426 0.77392 0.600968 1.24639 0.481801 0.625378 0.0520467 0.40165 0.641406 0.988696 0.300724 0.0994591 0.0974571 1.05082 0.381119 0.429962 0.929271 0.777127 0.918701 0.77399 0.323924 0.969617 0.747772 0.916751 1.02498 0.81858 1.04489 1.05575 0.932312 0.705072 0.884544 0.311161 0.0984734 0.331237 0.48644 0.293116 0.38707 0.333161 1.21361 1.01138 0.27802 0.449852 1.20443 0.550441 0.6231 0.281806 0.611471 1.00853 0.997398 0.53911 0.65575 0.69967 0.894296 0.676947 0.206267 0.357177 0.852326 0.563874 0.495511 0.807646 0.464212 0.693758 0.864417 1.05929 1.16394 0.637267 0.477084 0.727271 0.770744
0.671474 0.395766 0.100467 0.706834 0.230995 0.533136 0.741283 0.853397 0.528408 1.09628 0.559835 0.753105 0.33852 0.270282 0.645994 1.06811 0.295616 0.101899 0.182198 0.971372 0.49749 0.411426 0.731472 0.681997 1.00199 0.779451 0.363205 0.866617 0.802288 0.872077 1.1363 0.798355 1.05467 1.04955 0.984104 0.526371 0.895896 0.480015 0.152512 0.441028 0.537056 0.120226 0.295274 0.105732 1.04144 0.998831 0.222999 0.576703 1.07922 0.687371 0.608269 0.303971 0.622357 0.969593 1.10201 0.802431 0.735606 0.842337 0.853567 0.577134 0.244696 0.210253 0.895872 0.394587 0.534905 0.876388 0.435071 0.90203 0.925289 1.01942 0.961321 0.606475 0.500842 0.83831 0.610252
0.697222 0.39064 0.224699 0.712508 0.239719 0.314008 0.744201 0.840273 0.393858 1.26727 0.419404 0.623294 0.165468 0.299167 0.362486 1.02161 0.24713 0.213841 0.0745396 1.00391 0.672314 0.380964 0.779739 0.576858 0.938142 0.667364 0.415549 0.840188 0.767352 0.901084 1.01429 0.841784 1.0069 0.886068 0.832932 0.479363 0.639677 0.538371 0.0648388 0.416521 0.668756 0.249515 0.131621 0.123286 1.00999 0.754335 0.361003 0.49125 1.04247 0.563296 0.459043 0.383535 0.585243 0.863082 1.06972 0.777251 0.841744 0.768571 0.653494 0.696789 0.167583 0.252794 1.10832 0.442263 0.589146 0.849624 0.326274 0.744556 0.823427 1.06083 0.95659 0.62311 0.394347 0.85424 0.577213
0.666509 0.158003 0.133453 0.768056 0.438096 0.593889 0.786176 0.715713 0.548812 1.09452 0.474072 0.629423 0.329923 0.408632 0.453915 0.982103 0.313191 0.216213 0.188336 0.993522 0.515842 0.542963 0.792258 0.571805 0.739478 0.575383 0.469646 1.00428 0.678953 0.776482 1.26546 0.88555 0.840608 0.830068 0.836694 0.685601 0.860332 0.577369 0.0823922 0.37019 0.591688 0.279079 0.31621 0.117313 0.995531 0.988082 0.334312 0.41032 1.10537 0.700752 0.674707 0.205761 0.549704 0.957625 1.16705 0.660041 0.879552 0.687397 0.785064 0.759727 0.161416 0.244858 0.905162 0.381968 0.545928 0.642712 0.438255 0.744968 1.00621 0.967964 1.1743 0.617318 0.661682 0.805861 0.628687
0.680491 0.291908 0.244218 0.744867 0.406862 0.407169 0.862932 0.663389 0.513342 1.13982 0.543805 0.623276 0.314752 0.393832 0.543193 1.08758 0.202928 0.19242 0.0376569 1.1696 0.622895 0.516489 0.925647 0.751946 0.816242 0.789946 0.475147 0.828236 0.808176 0.692155 1.01213 0.824494 0.809458 0.873227 0.807184 0.71095 0.866016 0.359476 0.107289 0.455234 0.479443 0.0828698 0.300542 0.297475 1.04623 0.822581 0.346777 0.512546 0.932911 0.540469 0.485849 0.443306 0.507196 0.902111 1.22662 0.577463 0.770662 0.706017 0.86418 0.831379 0.200582 0.241786 0.829852 0.508758 0.372136 0.70647 0.410615 0.68958 0.858918 1.14734 1.06101 0.413649 0.684909 0.651197 0.658143
0.558084 0.360593 0.126321 0.738749 0.376752 0.581735 1.00077 0.726381 0.422758 1.04079 0.3711 0.664463 0.151306 0.230708 0.551457 1.00748 0.298183 0.215446 0.10544 1.01307 0.502828 0.657582 0.937714 0.83001 0.860326 0.657875 0.263892 0.966938 0.824222 0.854346 1.09851 0.757535 0.934496 0.836008 0.774927 0.509732 0.665905 0.513333 0.173295 0.525043 0.424096 0.0518045 0.206557 0.171192 1.15695 0.96133 0.354466 0.605994 1.12189 0.70713 0.596325 0.296499 0.684417 0.91347 1.14498 0.537871 0.843593 0.762623 0.63462 0.579357 0.32732 0.375112 1.10568 0.407896 0.368731 0.666895 0.392803 0.853122 0.820578 1.22463 1.00179 0.439252 0.58156 0.859351 0.809878
0.495226 0.438643 0.15058 0.740128 0.459821 0.529804 0.932494 0.641628 0.494304 1.23734 0.551901 0.524016 0.0661369 0.426823 0.561611 1.06502 0.332243 0.233787 0.0621753 1.08067 0.427435 0.648935 0.990861 0.818812 0.983128 0.726199 0.486842 0.769455 0.614976 0.840347 1.2422 0.960336 0.890118 0.956966 1.04077 0.580607 0.774715 0.5495 0.124463 0.554344 0.415 0.148485 0.240609 0.0664072 1.18366 0.767396 0.417931 0.457868 0.993744 0.58737 0.506663 0.263796 0.504929 0.934901 1.20361 0.760032 0.801743 0.659683 0.78385 0.818275 0.242417 0.320822 0.91797 0.546074 0.520157 0.67095 0.366471 0.684427 1.09947 0.992485 1.05955 0.481097 0.605005 0.80082 0.795791
0.409627 0.346351 0.0946194 0.772229 0.278068 0.450517 1.01031 0.586891 0.593811 1.21397 0.355373 0.562071 0.273912 0.243449 0.379713 1.00245 0.250522 0.153311 0.170445 0.936271 0.389458 0.369912 0.847064 0.560726 0.943776 0.7009 0.264691 0.802715 0.749967 0.9666 1.26767 0.830651 1.05439 1.06542 0.886472 0.465844 0.807283 0.449617 0.192853 0.628667 0.617462 0.147834 0.255763 0.082146 1.08359 0.930752 0.278564 0.652369 1.07211 0.784279 0.425926 0.355829 0.75626 0.811375 1.20899 0.791286 0.664485 0.874771 0.78355 0.851536 0.232757 0.263163 0.889084 0.430806 0.507058 0.748993 0.296604 0.942402 0.836663 1.1362 0.973799 0.510854 0.61843 0.686707 0.793812
0.684075 0.402769 0.207172 0.918256 0.265407 0.442464 0.98511 0.843788 0.62285 1.20743 0.320048 0.756707 0.34195 0.200942 0.603745 1.17064 0.0957981 0.305924 0.280218 1.06508 0.58946 0.36896 0.807544 0.843751 0.850488 0.515044 0.245874 0.991427 0.729054 0.837847 1.19448 0.921448 1.01861 0.998602 0.837717 0.485659 0.6419 0.315897 0.0516441 0.43515 0.452996 0.0747965 0.2081 0.283925 1.10809 1.02657 0.406342 0.62711 1.15174 0.525418 0.432956 0.225241 0.628901 0.763981 1.08182 0.651389 0.720317 0.86413 0.716691 0.61567 0.112994 0.384882 0.867605 0.561303 0.441326 0.754081 0.21788 0.707339 0.836462 0.96575 1.05482 0.410305 0.684592 0.685703 0.841258
0.696612 0.252572 0.266769 0.769003 0.163321 0.474779 0.838008 0.779837 0.617318 1.27843 0.55257 0.541736 0.17961 0.148454 0.630015 1.11665 0.238015 0.253273 0.156276 0.961227 0.51663 0.5976 0.885858 0.73025 1.00657 0.623802 0.395122 0.807557 0.600517 0.900939 1.14403 0.944385 1.04299 1.06418 0.910504 0.443685 0.752498 0.413021 0.292798 0.517769 0.443199 0.0698149 0.124722 0.277745 1.14395 0.922687 0.291023 0.383202 1.11671 0.724525 0.616125 0.352041 0.594304 0.827989 1.22657 0.671416 0.702323 0.879716 0.736847 0.582269 0.142289 0.243375 1.04249 0.300617 0.468678 0.776771 0.41892 0.784667 0.891926 1.19696 1.1445 0.537574 0.410022 0.855304 0.600043
0.424032 0.304362 0.0239534 0.713814 0.21914 0.305779 0.868223 0.724035 0.569625 1.07033 0.506951 0.647501 0.163355 0.395294 0.416938 1.22898 0.21299 0.2442 0.188255 1.02076 0.504127 0.578459 0.773174 0.804836 1.00548 0.551053 0.323719 0.935909 0.777128 0.839235 1.03844 0.748567 0.96126 0.938204 0.963685 0.589927 0.881887 0.432904 0.228016 0.562866 0.485356 0.0172852 0.157443 0.105215 0.986053 1.03274 0.399089 0.3861 1.11704 0.687812 0.461819 0.323937 0.677179 0.979627 1.00094 0.799407 0.818564 0.892129 0.635487 0.722168 0.297157 0.2111 0.990557 0.526314 0.3946 0.75917 0.457338 0.735764 1.0169 1.1818 1.23063 0.681118 0.498854 0.67394 0.554599
0.662328 0.366342 0.195927 0.712141 0.402924 0.534468 0.956717 0.808993 0.607615 1.11004 0.283723 0.70687 0.120543 0.261874 0.562021 1.20751 0.297913 0.234427 0.0398539 0.979036 0.48016 0.481509 0.769733 0.685372 0.79216 0.687096 0.413645 1.00272 0.785508 0.811476 1.06363 0.877916 0.851072 0.90599 0.962337 0.518448 0.735639 0.561367 0.264524 0.568489 0.47659 0.00470338 0.172588 0.147304 1.1149 0.82176 0.170261 0.436304 1.17801 0.650712 0.461316 0.46404 0.633205 0.896075 1.25154 0.635747 0.835093 0.917582 0.674908 0.564253 0.16702 0.453902 1.09438 0.297454 0.329539 0.882967 0.327839 0.936298 1.03994 1.02297 1.09678 0.59147 0.395632 0.765475 0.745716
0.569618 0.167983 0.0916379 0.696251 0.423389 0.461053 0.814686 0.809727 0.512765 1.18623 0.350279 0.790169 0.165154 0.388115 0.510698 1.25266 0.109745 0.303476 0.202673 1.02138 0.475873 0.440841 0.894045 0.726296 0.86348 0.67894 0.229474 0.915595 0.602689 0.858605 1.06174 1.03999 0.793771 0.93491 0.957125 0.657808 0.632823 0.382667 0.300568 0.47515 0.487985 0.167698 0.310319 0.333408 1.07759 0.870618 0.164958 0.674693 0.982705 0.550146 0.540872 0.352951 0.541936 0.722176 1.0605 0.624226 0.626959 0.839196 0.730849 0.598563 0.188765 0.370174 0.931235 0.473247 0.4097 0.76994 0.239017 0.851058 1.08864 1.21695 1.17408 0.458394 0.407171 0.786224 0.558119
0.556858 0.384961 0.0373528 0.855396 0.39157 0.350488 0.751596 0.841055 0.591306 1.28053 0.542062 0.586096 0.245425 0.28406 0.395866 1.19027 0.0937905 0.118589 0.263016 1.07148 0.499941 0.458341 0.901902 0.637085 0.770609 0.769916 0.45928 0.961492 0.683697 0.966021 1.08367 0.951682 0.833931 0.805521 0.89355 0.673898 0.875948 0.482257 0.0295624 0.581738 0.670001 0.213198 0.143474 0.140177 1.11275 0.916985 0.298022 0.477579 1.14985 0.807155 0.670311 0.442092 0.658483 0.779507 0.997693 0.566049 0.603806 0.772546 0.726089 0.742037 0.186045 0.433481 0.926076 0.325683 0.35596 0.901187 0.501549 0.715785 1.1136 1.20139 1.11079 0.678703 0.653376 0.925504 0.745263
0.593894 0.389563 0.142802 0.841141 0.294966 0.317961 0.828122 0.85372 0.404475 1.21441 0.324394 0.551166 0.167654 0.260396 0.620951 1.2556 0.258576 0.182287 0.285992 1.01397 0.456668 0.396416 0.787834 0.825366 0.957405 0.537658 0.45559 0.736813 0.643109 0.706415 1.08995 0.998028 1.0699 0.993349 0.826935 0.651136 0.824034 0.438992 0.0789092 0.522338 0.663538 0.0801983 0.411325 0.123085 0.980695 1.03421 0.25922 0.605109 1.12566 0.721474 0.471481 0.356686 0.481477 0.981154 1.06416 0.540347 0.77602 0.704365 0.642279 0.808782 0.254014 0.257809 1.0698 0.449834 0.584597 0.83695 0.27238 0.673025 1.09533 1.1226 1.10122 0.498204 0.562739 0.839124 0.665962
0.560774 0.418262 0.291343 0.865819 0.267186 0.439357 0.948544 0.85794 0.584697 1.20038 0.334136 0.552203 0.0717439 0.408833 0.581162 1.13293 0.359989 0.2187 0.235263 1.09978 0.590017 0.592268 0.899428 0.761306 0.88113 0.59081 0.406398 0.945172 0.708631 0.706957 1.24924 0.774541 0.982974 0.86207 1.03945 0.551793 0.687541 0.446627 0.111071 0.479983 0.448912 0.0346148 0.403857 0.0593189 1.22116 0.991807 0.300842 0.594761 0.940139 0.587723 0.594171 0.371769 0.637925 0.728871 1.05981 0.760978 0.666077 0.755703 0.731822 0.760801 0.277225 0.402168 1.11038 0.43386 0.439688 0.73228 0.355893 0.776263 0.887895 1.20341 1.23294 0.629058 0.562235 0.664997 0.82743
0.504707 0.429137 0.0941108 0.671298 0.260005 0.50297 0.812384 0.726331 0.573654 1.15202 0.545665 0.671542 0.0594869 0.165634 0.578779 1.09028 0.366267 0.290675 0.204321 1.178 0.571324 0.521346 0.779237 0.64054 0.753153 0.560102 0.352058 0.758916 0.602724 0.928558 1.19885 0.903903 1.0506 1.02011 0.855962 0.553631 0.667041 0.476682 0.0581451 0.555417 0.398751 0.147293 0.305008 0.06794 1.19214 0.975739 0.183573 0.451985 0.974895 0.785626 0.508319 0.250797 0.633068 0.910508 0.993765 0.726375 0.796795 0.778542 0.77464 0.662536 0.144594 0.359561 1.00537 0.417283 0.392675 0.800237 0.435266 0.863734 1.05402 1.06846 0.97468 0.473709 0.580065 0.810299 0.662918
0.434205 0.414148 0.251307 0.79609 0.394849 0.314726 0.921607 0.841281 0.599926 1.14596 0.454252 0.772307 0.2924 0.40175 0.428642 1.17741 0.197502 0.340518 0.0692754 1.07497 0.553795 0.540282 0.96349 0.622375 0.789367 0.711311 0.471253 0.85785 0.624762 0.791187 1.02601 0.775732 0.809426 0.980679 0.784804 0.648204 0.896191 0.563056 0.0840408 0.526309 0.493148 0.0240352 0.200648 0.0931662 1.03019 1.00735 0.243657 0.428346 0.99041 0.592693 0.591756 0.464038 0.721808 0.998287 1.00295 0.75626 0.802946 0.880969 0.868265 0.604351 0.317545 0.324569 0.912382 0.402929 0.316184 0.887272 0.39451 0.898262 1.0471 1.14654 1.1627 0.452274 0.656567 0.721659 0.569851
