25 75
0.352925 0.421546 1.00187 0.396935 0.306843 0.90162 1.06024 1.02946 0.353166 0.392443 0.981942 1.07653 0.589137 0.456906 0.766483 0.315812 0.945168 0.776595 0.942898 0.110508 0.409199 0.992 0.671803 0.667228 0.831652 0.602089 0.805274 0.805238 0.851312 0.215243 0.763955 0.53 0.946818 0.909595 1.10131 1.15735 0.160508 0.280665 0.127864 0.478718 0.300101 0.373537 1.27652 0.918456 0.61922 1.06626 0.659685 0.270525 0.171328 1.06318 0.343477 0.954392 0.44914 0.759746 1.0686 0.754227 0.28709 0.802449 0.198989 0.443188 0.640032 0.694272 0.715861 0.846245 0.871803 0.933659 0.419347 1.15428 0.235169 0.915695 0.793463 1.15385 0.487901 0.972458 1.26304
0.438537 0.386817 1.04704 0.44489 0.145153 1.00076 0.946403 1.00582 0.183321 0.335602 0.987759 0.910725 0.759955 0.390065 0.922933 0.240265 0.824838 0.722569 0.687003 0.240676 0.213515 0.952948 0.555791 0.868684 0.932529 0.827531 0.82165 0.84598 0.753951 0.214931 0.83659 0.482064 1.0391 0.805658 0.961824 1.05012 0.31354 0.293649 0.232577 0.622043 0.360743 0.299915 1.207 0.796514 0.571862 1.15484 0.71903 0.275112 0.273323 1.08936 0.270538 0.890843 0.253378 0.792177 0.959843 0.541905 0.256986 0.880884 0.345276 0.354239 0.536918 0.593355 0.601115 0.814984 0.957423 0.857863 0.275299 0.997266 0.246562 0.901119 0.96591 0.955771 0.723423 0.749744 1.19779
0.41897 0.595967 1.17703 0.271599 0.0355323 1.07094 0.800573 1.10207 0.202526 0.411678 0.829145 1.02753 0.601859 0.416557 0.933885 0.200158 0.761778 0.828963 0.704741 0.191996 0.42218 0.971226 0.700074 0.84408 0.946051 0.636172 0.695572 0.809832 0.741261 0.195685 0.620679 0.373429 0.798134 0.980351 1.10092 0.974678 0.31803 0.32125 0.211874 0.480292 0.300013 0.419046 1.13886 0.758003 0.490049 0.904721 0.632083 0.0910238 0.248901 1.11664 0.422087 0.792601 0.385524 0.690754 0.821075 0.540729 0.31709 0.696441 0.352405 0.447135 0.404685 0.522732 0.469907 0.99772 0.792834 0.714727 0.247564 0.983676 0.109373 0.746804 0.905948 1.021 0.599885 0.792031 1.23894
0.500112 0.448726 1.07241 0.377949 0.308416 1.1062 0.891821 1.04391 0.209191 0.478429 0.962176 1.03292 0.757535 0.582037 0.831642 0.168772 0.808838 0.709386 0.852887 0.286803 0.181478 1.00703 0.42732 0.806332 0.958232 0.787371 0.72016 0.80761 0.682335 0.252491 0.6114 0.474871 0.869403 0.946551 0.973999 1.14562 0.244529 0.541053 0.144099 0.403454 0.432982 0.264709 1.10756 0.958871 0.517785 1.1453 0.689642 0.141923 0.273389 1.00196 0.458971 0.953476 0.442096 0.614534 0.828895 0.607709 0.437879 0.671279 0.237191 0.384354 0.39499 0.54336 0.557552 0.798908 1.02924 0.709545 0.380723 1.17394 0.363286 0.947796 0.950607 1.21548 0.452254 0.704512 1.16883
0.421196 0.540933 1.19985 0.310764 0.163763 1.16898 0.863724 1.16717 0.193465 0.360216 0.914254 0.893856 0.768451 0.541239 0.88076 0.325645 0.764604 0.893802 0.839634 0.1545 0.18863 0.996677 0.648018 0.905383 1.06818 0.653897 0.833751 0.954599 0.711607 0.0761256 0.757717 0.381238 1.04708 0.802024 0.921271 0.997052 0.0957041 0.292544 0.275166 0.410961 0.360423 0.216635 1.01468 0.852723 0.648654 1.1733 0.7745 0.11505 0.265992 1.00349 0.462689 0.967411 0.277752 0.626364 1.09536 0.486146 0.274423 0.895577 0.262417 0.33873 0.406646 0.438425 0.635347 0.989898 0.872466 0.824269 0.237661 1.21826 0.341831 0.857469 0.84688 1.15982 0.580237 0.794646 1.03722
0.329338 0.603858 1.18342 0.246585 0.229001 1.08548 1.03417 1.00914 0.311242 0.228392 0.894407 1.03125 0.629904 0.370225 0.840484 0.249798 0.950243 0.792465 0.874134 0.250424 0.353673 1.02742 0.460153 0.701541 1.01252 0.755981 0.788509 0.885462 0.898662 0.262492 0.807021 0.383 0.957848 0.93418 1.18873 1.14993 0.29097 0.338103 0.399811 0.458158 0.396311 0.319611 1.10724 0.736581 0.686723 0.892678 0.712529 0.0843826 0.453871 0.999928 0.287967 1.01055 0.473714 0.707311 0.94519 0.730387 0.250527 0.884745 0.202271 0.350839 0.407892 0.586174 0.556248 0.788694 0.867427 0.70401 0.392292 1.14379 0.192542 0.663671 0.823756 1.12501 0.525083 0.844735 1.18455
0.37665 0.49895 1.04321 0.261861 0.265736 0.978925 0.785449 0.970013 0.388227 0.357509 1.0468 0.91175 0.73517 0.362362 0.933145 0.200237 1.0004 0.7753 0.920819 0.257711 0.177169 1.03316 0.694109 0.709995 0.832691 0.707161 0.884986 0.68278 0.899106 0.0518029 0.680526 0.356454 0.840647 0.915599 1.09506 1.12364 0.111747 0.498129 0.268839 0.565086 0.324215 0.205697 1.02345 1.00825 0.503396 1.13927 0.675964 0.115385 0.319559 1.02467 0.29039 0.792197 0.346441 0.644111 0.824181 0.595331 0.222843 0.867424 0.227494 0.45706 0.533375 0.694059 0.553216 0.731846 0.954961 0.924979 0.379308 1.21678 0.177532 0.808908 0.700924 1.20537 0.506976 0.868307 1.24733
0.34033 0.409417 1.19945 0.524349 0.173875 0.936987 0.852434 0.956801 0.423572 0.329218 0.912859 0.935354 0.542846 0.562537 0.815045 0.277989 0.854856 0.69775 0.777743 0.316005 0.33977 1.06878 0.641001 0.74412 0.827704 0.849669 0.892513 0.704504 0.772949 0.261005 0.81242 0.316021 0.866525 1.07484 1.06374 1.14272 0.0407148 0.321189 0.142053 0.403974 0.333151 0.433203 1.19106 0.892887 0.604415 0.893818 0.838419 0.234186 0.211655 1.00564 0.356685 0.828615 0.28634 0.790723 0.831237 0.553891 0.339228 0.735898 0.209433 0.370234 0.430554 0.729472 0.568837 0.716171 0.870155 0.764557 0.364957 0.999944 0.185856 0.929396 0.946782 1.0402 0.695185 0.954707 1.03978
0.345255 0.457233 1.00382 0.252907 0.178593 1.01931 1.00659 1.22587 0.407163 0.24907 0.871828 0.894191 0.755685 0.345771 0.666842 0.157946 0.847492 0.778333 0.662583 0.204279 0.363581 1.01189 0.454628 0.897745 1.04515 0.856066 0.71636 0.73488 0.742141 0.253688 0.655065 0.470844 1.01492 1.05958 0.994396 1.13017 0.0481033 0.480218 0.201605 0.373658 0.416178 0.363765 1.25083 0.806682 0.633509 1.14048 0.631879 0.226616 0.30267 0.925655 0.516034 1.02899 0.212762 0.672332 0.901361 0.719814 0.342211 0.745811 0.293789 0.309364 0.427253 0.71211 0.583541 0.74035 0.796302 0.748659 0.295275 1.00293 0.208833 0.775836 0.810348 0.970512 0.51512 0.947709 1.1904
0.496676 0.355711 1.13677 0.284883 0.131362 0.984829 0.938535 1.11888 0.325185 0.277245 0.952981 0.98105 0.658117 0.458325 0.814936 0.161436 1.02503 0.786343 0.828681 0.144062 0.313273 0.875357 0.493153 0.681535 0.896383 0.659843 0.887263 0.909183 0.688939 0.0274438 0.642623 0.262764 1.00196 1.02259 0.897999 1.18305 0.212899 0.327589 0.258443 0.445036 0.245922 0.465679 1.09191 0.979081 0.582821 1.01737 0.828893 0.32613 0.296723 1.01813 0.233299 0.770615 0.451222 0.681965 0.969657 0.757561 0.431168 0.677511 0.301684 0.343462 0.585638 0.445732 0.508441 0.800961 0.866705 0.801127 0.433353 1.16812 0.207365 0.937935 0.857476 1.06864 0.454505 0.952072 1.14472
0.369662 0.55063 1.16508 0.412814 0.0989695 1.05659 0.90946 0.970524 0.379578 0.404739 0.906849 0.86593 0.64908 0.437262 0.648634 0.202602 0.761027 0.863473 0.794488 0.137931 0.455313 0.984574 0.639932 0.908802 0.931739 0.690345 0.742816 0.876093 0.952603 0.135276 0.609586 0.318828 0.938082 1.08259 1.01926 1.02087 0.236287 0.391409 0.297116 0.586615 0.441443 0.290708 1.12086 0.899211 0.568444 1.12877 0.874496 0.112257 0.295797 1.08478 0.485683 0.841821 0.203262 0.728017 1.02731 0.69747 0.333337 0.70235 0.0819111 0.217938 0.524531 0.657829 0.591835 0.768167 0.888594 0.679698 0.450524 1.07912 0.340913 0.817987 0.749889 1.14156 0.511192 0.954181 1.2138
0.394095 0.454851 1.02046 0.413724 0.291279 0.986619 1.02643 1.22243 0.288309 0.298821 0.980027 0.84215 0.536376 0.428875 0.919421 0.174993 0.853948 0.786247 0.765162 0.0849446 0.366287 0.826946 0.579399 0.701204 1.11628 0.600412 0.647161 0.878125 0.920477 0.279386 0.830513 0.394333 0.974354 0.946892 1.07797 1.18829 0.268239 0.575537 0.333858 0.464294 0.351213 0.291203 1.12155 0.888489 0.712535 1.14874 0.703001 0.309019 0.290184 1.1059 0.363316 1.0552 0.250486 0.582401 1.07 0.617968 0.204725 0.872444 0.180104 0.39518 0.544257 0.568967 0.488145 0.745836 0.920143 0.66673 0.268992 1.06767 0.138968 0.834167 0.898672 0.989386 0.581312 0.674419 0.992224
0.356701 0.537319 1.22029 0.526678 0.263195 1.02625 1.05833 1.15805 0.337081 0.432108 0.764778 0.859918 0.547958 0.558455 0.678598 0.159085 0.986016 0.840482 0.85659 0.122279 0.318463 0.947363 0.51231 0.799292 0.93902 0.646348 0.675603 0.740971 0.654438 0.0709944 0.737734 0.391263 0.916029 0.890784 0.95954 1.18186 0.288121 0.345057 0.213959 0.660177 0.15517 0.271293 1.17989 0.984806 0.560992 1.12936 0.876428 0.176998 0.347439 0.964884 0.419066 0.811359 0.38347 0.547173 0.852406 0.682544 0.374365 0.741887 0.262248 0.223274 0.472478 0.732946 0.581637 0.970787 0.983772 0.813871 0.428418 1.12313 0.141215 0.818957 0.816918 0.953931 0.736472 0.863186 1.15142
0.238178 0.388714 0.997925 0.458586 0.266915 0.954399 0.870578 1.00509 0.2669 0.269268 0.954895 0.974474 0.662913 0.562335 0.757573 0.367931 0.902055 0.706641 0.769802 0.296807 0.441077 0.951737 0.686864 0.886974 1.10941 0.875147 0.760669 0.93668 0.923403 0.0932236 0.665818 0.312648 0.985791 0.851855 1.0661 1.17024 0.268642 0.435769 0.291967 0.491646 0.22811 0.422388 1.14119 0.950572 0.602204 1.12654 0.737819 0.209804 0.236318 1.08703 0.383437 0.771496 0.296068 0.602303 0.828682 0.529246 0.214173 0.752862 0.241259 0.369089 0.491109 0.47973 0.585054 1.00876 0.965602 0.919246 0.178121 1.0238 0.194131 0.913901 0.867146 1.05453 0.638248 0.783281 1.01509
0.36423 0.54096 1.11152 0.344711 0.308392 1.0785 0.88981 1.16094 0.439654 0.338367 0.829762 1.01932 0.728821 0.368357 0.860749 0.264059 1.03142 0.671482 0.746214 0.10037 0.273859 0.98603 0.598101 0.9512 0.935274 0.631043 0.876808 0.891577 0.877516 0.133536 0.637642 0.324893 0.812343 0.96876 0.931894 0.968659 0.0383586 0.428208 0.395428 0.494007 0.258009 0.363169 1.09608 0.983311 0.643847 0.946576 0.818279 0.356331 0.380845 1.16617 0.403235 0.955645 0.443559 0.594238 0.989352 0.686346 0.368854 0.706791 0.175919 0.451206 0.595143 0.650873 0.584872 0.921031 0.958436 0.763912 0.302773 1.20817 0.144156 0.740632 0.835052 1.05682 0.699261 0.961776 1.07356
0.338369 0.408186 1.19385 0.234103 0.14522 0.961509 0.792784 0.963068 0.170462 0.31356 0.907711 1.03839 0.511748 0.422874 0.799643 0.22487 0.802897 0.793437 0.88156 0.0863436 0.232351 0.926111 0.576008 0.842193 0.839158 0.840953 0.653661 0.918097 0.729899 0.302573 0.561955 0.498547 0.879759 0.910623 1.10785 1.0165 0.189038 0.356282 0.311788 0.657587 0.296775 0.261837 1.1383 0.885663 0.737676 0.88776 0.793722 0.296506 0.385793 1.04535 0.335012 0.799417 0.464268 0.788281 1.1137 0.675175 0.276794 0.814099 0.181211 0.356494 0.413334 0.662973 0.567375 0.86164 1.03658 0.746552 0.33678 1.21332 0.249114 0.840364 0.701156 1.21043 0.497703 0.838075 1.03716
0.387337 0.340191 1.22875 0.410729 0.155802 0.933561 0.792755 1.20972 0.324577 0.221651 0.869036 1.03644 0.60398 0.613938 0.668342 0.258655 0.890319 0.912843 0.682576 0.0473346 0.454374 1.07549 0.5874 0.907036 0.952713 0.771136 0.849343 0.931285 0.770026 0.0372633 0.591514 0.327027 0.996837 1.00787 1.05398 1.13796 0.154509 0.366228 0.35727 0.647366 0.157109 0.255356 1.1796 0.745102 0.7573 1.016 0.643429 0.368236 0.319593 0.894133 0.453052 1.00402 0.449986 0.611636 0.866939 0.628001 0.191809 0.729327 0.175592 0.402137 0.416798 0.690536 0.427538 0.74162 0.904523 0.809358 0.368882 1.04294 0.313118 0.655756 0.980701 1.10148 0.64631 0.676227 1.05627
0.396893 0.447324 1.09321 0.418596 0.266617 1.01693 1.06632 0.953268 0.407525 0.391931 0.876658 0.903376 0.742124 0.513119 0.711465 0.349637 0.807751 0.882479 0.894673 0.133961 0.184641 0.818675 0.448241 0.792197 0.839754 0.606897 0.79485 0.972761 0.931786 0.209499 0.604223 0.354329 1.07998 0.827496 1.18972 0.974644 0.276393 0.299602 0.354045 0.487984 0.262488 0.328418 1.29894 0.824623 0.700535 0.968632 0.678022 0.357453 0.283997 1.07741 0.400133 0.932727 0.448164 0.639095 0.949873 0.738725 0.32245 0.723524 0.273405 0.222085 0.40988 0.587286 0.455553 1.00037 1.01537 0.704357 0.369668 1.03672 0.332015 0.785307 0.766598 1.21586 0.525028 0.896265 1.22527
0.435356 0.488741 1.21137 0.442677 0.264729 1.01624 0.976425 0.980748 0.346968 0.302378 1.04794 0.831778 0.561813 0.542094 0.777642 0.149795 0.763275 0.866331 0.906708 0.16426 0.443477 0.86737 0.668912 0.703681 0.838869 0.747975 0.797112 0.842975 0.673967 0.141633 0.648598 0.53494 0.945574 0.881094 1.11829 1.17216 0.0711921 0.400729 0.337958 0.628186 0.219625 0.438231 1.01385 0.749531 0.714603 0.885051 0.861382 0.246576 0.301878 1.12293 0.437877 0.881013 0.244281 0.701842 0.853366 0.719623 0.239568 0.893115 0.295259 0.458614 0.572834 0.683368 0.553051 0.815785 0.809413 0.833283 0.19358 1.20193 0.266534 0.819216 0.75894 1.23707 0.627737 0.816621 1.23228
0.350509 0.454166 1.01418 0.486924 0.20759 0.914395 0.897999 1.08067 0.382319 0.201047 0.779996 1.06257 0.694061 0.584845 0.696323 0.209763 0.940827 0.85998 0.924491 0.0346216 0.449335 0.911985 0.707438 0.782069 0.92368 0.581254 0.680173 0.924099 0.851388 0.0529665 0.827614 0.530827 1.01539 1.08852 1.12013 1.03291 0.0372631 0.293469 0.411333 0.415352 0.412295 0.274763 1.2746 0.888565 0.750679 1.10776 0.904869 0.356837 0.39637 1.17404 0.47881 1.05412 0.456467 0.562022 0.981685 0.572549 0.44062 0.843941 0.0965459 0.299802 0.587626 0.601781 0.430638 0.914386 0.917264 0.772213 0.279193 1.14389 0.247879 0.714516 0.776595 1.10102 0.669163 0.674119 1.24673
0.32649 0.601989 1.07022 0.526087 0.202882 1.10097 0.890548 1.00769 0.312291 0.438356 0.758651 0.945665 0.494709 0.613017 0.674817 0.282294 1.00352 0.69162 0.809362 0.20927 0.180198 0.921164 0.530426 0.947747 1.01463 0.829485 0.682838 0.849115 0.876868 0.137005 0.631924 0.344526 0.810403 1.01467 1.17074 1.04338 0.0424127 0.5056 0.405346 0.491752 0.28835 0.190151 1.0662 0.818298 0.474143 1.17988 0.818329 0.0811175 0.356713 1.18092 0.509446 1.06552 0.334132 0.726957 1.0477 0.73064 0.408129 0.817013 0.298683 0.262647 0.360698 0.484656 0.524692 0.858937 0.891145 0.932677 0.226845 1.09228 0.335341 0.931606 0.78779 1.18606 0.715274 0.891654 1.06441
0.405056 0.535933 0.978259 0.502838 0.172248 1.09617 0.994817 1.10648 0.360624 0.415354 0.863106 1.0154 0.609939 0.597783 0.758696 0.418575 0.867186 0.705398 0.767324 0.172183 0.434214 0.807773 0.429288 0.703834 0.904645 0.801964 0.868209 0.745051 0.872702 0.219579 0.817067 0.359426 0.970166 1.05985 1.02798 1.10781 0.185953 0.32089 0.37659 0.44045 0.315589 0.368529 1.10503 0.781655 0.645936 1.00934 0.695008 0.133375 0.248134 1.14315 0.496757 0.863727 0.380486 0.631741 0.909903 0.49327 0.266408 0.745742 0.228812 0.484702 0.516195 0.650066 0.514336 0.988985 0.856492 0.736647 0.33808 1.13853 0.209433 0.695031 0.957458 1.01858 0.506179 0.817001 1.15816
0.474861 0.516125 1.19039 0.242173 0.205518 0.893454 0.970573 0.996495 0.277277 0.276526 1.00712 0.993763 0.740135 0.481407 0.823346 0.20438 1.05658 0.916775 0.864992 0.0942705 0.232316 0.942622 0.682588 0.688288 0.83052 0.786445 0.707113 0.778959 0.790733 0.304475 0.838677 0.300317 0.861334 0.925399 0.974221 0.919991 0.192765 0.512727 0.297939 0.420418 0.407383 0.410821 1.27241 0.784786 0.599762 0.924348 0.743011 0.0886514 0.197734 1.01063 0.284142 1.06927 0.315324 0.729257 0.824087 0.527414 0.183466 0.888503 0.333519 0.23775 0.349543 0.593565 0.614587 0.724723 0.989185 0.927101 0.328321 1.20355 0.279778 0.777317 0.729791 1.00037 0.497409 0.894215 1.26061
0.345063 0.596694 1.10433 0.419857 0.313365 1.14368 0.814036 1.14231 0.289648 0.298969 0.771128 1.03834 0.620078 0.610644 0.829387 0.285224 0.779634 0.741234 0.709244 0.120566 0.404484 0.839261 0.69364 0.814936 0.932245 0.768691 0.844746 0.821123 0.804265 0.0157351 0.586619 0.427282 1.0261 0.849631 0.941399 0.932564 0.265077 0.55556 0.276429 0.547707 0.332831 0.320797 1.09191 0.997316 0.647263 0.883984 0.915884 0.258478 0.327509 0.990651 0.451641 0.916747 0.333661 0.661816 1.03668 0.681538 0.411671 0.875768 0.171659 0.384803 0.426158 0.577285 0.492563 0.72929 1.04846 0.893761 0.469996 1.05101 0.266734 0.943195 0.700238 1.23609 0.53104 0.709841 1.06699
0.361631 0.552674 1.09755 0.345923 0.0970259 1.03184 0.815744 0.964132 0.41919 0.324396 0.946578 0.982898 0.76147 0.453954 0.755314 0.306665 0.919187 0.672785 0.746149 0.224367 0.265074 0.995847 0.50795 0.760329 0.94235 0.713527 0.797362 0.75905 0.868758 0.0477894 0.809948 0.250422 0.956124 0.948396 0.935054 1.00286 0.152363 0.333097 0.390048 0.57989 0.394495 0.286914 1.23682 0.989456 0.667785 1.08908 0.804897 0.165691 0.292639 1.06014 0.411302 0.927735 0.186072 0.656675 0.971786 0.622516 0.245402 0.695646 0.202803 0.37192 0.509524 0.520741 0.675609 0.77082 1.04269 0.873637 0.189369 0.996643 0.34899 0.716399 0.926167 1.03314 0.576788 0.90031 1.26316
