25 75
0.574598 0.290934 0.350663 0.972677 1.12606 1.26559 0.80411 0.1991 0.407261 0.186319 0.752058 0.872827 0.354663 0.748433 0.196178 0.696191 0.687217 0.408703 0.79625 0.86987 0.324706 0.80753 0.729044 0.0910041 0.916324 0.75967 1.19892 0.995243 1.05234 0.907453 1.17407 1.05495 0.370317 0.670236 0.937345 0.967868 0.907402 0.764417 0.386427 0.610738 0.290157 0.220928 0.232762 0.815961 0.829413 0.645197 1.20921 0.503099 0.435048 0.298467 0.931061 0.563186 0.472173 0.854853 0.747838 0.613086 0.929578 1.10132 0.873809 0.496844 0.839167 0.809614 0.243814 1.10135 0.448388 0.572638 1.02749 0.374407 1.01845 0.686746 0.800199 0.734648 0.510529 0.262477 0.00809905
0.60399 0.234315 0.375146 1.02627 1.14878 1.23648 0.882448 0.217792 0.348339 0.252276 0.687447 0.681347 0.45807 0.772102 0.223172 0.7994 0.682931 0.366384 0.620755 0.825933 0.350453 0.802866 0.820706 0.171411 0.833154 0.828077 1.18202 0.91434 0.856874 1.02435 1.06651 1.16931 0.361594 0.460937 0.983676 1.22122 0.825174 0.77245 0.578431 0.598975 0.220355 0.283255 0.255374 0.724854 0.788477 0.683507 1.1106 0.705658 0.527532 0.289004 0.827 0.674086 0.677917 1.04597 0.795802 0.474857 1.1417 0.983 0.79381 0.607134 0.892441 0.78885 0.0864519 0.887181 0.397411 0.452738 1.11754 0.416305 1.07334 0.663403 0.780326 0.530278 0.489596 0.245047 0.209262
0.436901 0.0165658 0.326037 0.91166 1.02669 1.18003 0.875535 0.15053 0.405378 0.0625124 0.507759 0.714097 0.199381 0.782942 0.31984 0.758896 0.85837 0.472825 0.611244 0.775375 0.164459 0.929973 0.952959 0.301879 0.830556 0.622063 1.02261 0.898589 0.809964 1.06461 1.11638 0.987305 0.505729 0.684771 1.00473 1.21627 0.758858 0.771875 0.445392 0.475422 0.300815 0.271064 0.321929 0.80401 0.896658 0.788282 1.02071 0.63803 0.482929 0.327891 0.940446 0.72484 0.724808 0.919797 0.650227 0.531662 0.985883 0.835993 0.874529 0.606494 0.99238 0.684052 0.122663 0.865657 0.379646 0.595713 0.98283 0.542488 1.24676 0.695006 0.801519 0.816754 0.444412 0.305814 0.176117
0.40122 0.0350557 0.401078 1.00224 1.16586 1.07458 0.76883 0.169103 0.350208 0.224788 0.628485 0.880676 0.303381 0.910896 0.405951 0.597408 0.908715 0.385719 0.661681 0.699629 0.378348 1.01647 0.880721 0.0198192 0.928014 0.714108 1.15801 1.10946 0.819144 1.01148 1.11721 1.14366 0.314737 0.567245 0.836594 1.04404 0.770592 0.632904 0.425507 0.589814 0.265876 0.177678 0.388478 0.821446 0.747889 0.731477 1.2663 0.65806 0.471351 0.445379 0.693866 0.624557 0.636534 0.792736 0.584634 0.52048 0.943465 1.03017 0.909081 0.612082 1.07304 0.749231 0.234863 0.887418 0.464394 0.665757 1.16729 0.446649 1.25398 0.783875 0.816024 0.546226 0.540339 0.436196 0.0864951
0.654397 0.113601 0.53704 0.821774 1.18148 1.26168 0.679999 0.206373 0.493069 0.184257 0.752999 0.688605 0.199831 0.765796 0.428186 0.665639 0.764435 0.29876 0.863169 0.903696 0.377657 0.795414 0.767733 0.270245 0.99982 0.907644 1.19104 0.919184 0.919749 1.07953 0.94986 1.05622 0.462204 0.574517 0.787165 1.12907 0.846976 0.782849 0.357164 0.483236 0.250668 0.428526 0.216192 0.711465 0.923513 0.819809 1.1379 0.672019 0.427071 0.349004 0.878777 0.726717 0.671186 1.064 0.796595 0.436116 0.94309 0.869755 0.940913 0.670224 1.08788 0.953613 0.0898024 0.913169 0.493179 0.659828 0.972495 0.39504 1.00671 0.804879 0.616732 0.802841 0.343397 0.310905 0.01336
0.452457 0.0382742 0.324399 0.885485 1.18776 1.01727 0.638712 0.123641 0.486033 0.188283 0.779349 0.673803 0.412919 0.91329 0.177803 0.781315 0.681712 0.319968 0.856608 0.875129 0.368301 0.89499 0.719173 0.305563 0.989774 0.835648 1.08257 1.12182 0.921516 1.03297 1.19201 1.17484 0.285319 0.692497 0.923036 1.08323 1.00603 0.61614 0.381517 0.389625 0.461242 0.180855 0.251712 0.91232 0.815413 0.682474 1.26457 0.508484 0.596832 0.405065 0.878852 0.530616 0.680821 0.962472 0.784791 0.514457 0.990535 0.9111 0.863834 0.526535 1.03208 0.787824 0.0726758 1.00929 0.420365 0.655782 1.0039 0.620087 1.08974 0.629225 0.574333 0.627916 0.436117 0.348372 0.242299
0.570915 0.0933367 0.409419 0.959381 1.09228 1.00706 0.811814 0.109831 0.292022 0.276064 0.677415 0.821707 0.405928 0.684606 0.383052 0.56579 0.716117 0.452138 0.655767 0.834824 0.394967 0.905978 0.900579 0.0441711 0.920969 0.639515 1.04411 1.03125 0.771196 0.876764 0.95189 1.14391 0.455764 0.558379 1.00483 1.23864 0.992672 0.753268 0.60121 0.586569 0.51461 0.282343 0.248171 0.744815 0.836637 0.829283 1.26115 0.677669 0.51334 0.254489 0.720119 0.569214 0.463223 0.811784 0.661071 0.519369 1.11427 0.84686 0.886276 0.597859 0.986362 0.920381 0.278809 1.02913 0.424175 0.590702 0.977766 0.597688 1.13278 0.819418 0.620547 0.687242 0.283958 0.48305 0.0144591
0.502432 0.149102 0.455162 0.951445 1.00761 1.17008 0.861473 0.34755 0.246162 0.305793 0.510785 0.80954 0.38091 0.916347 0.298064 0.789451 0.770303 0.276489 0.808498 0.688374 0.452712 1.08366 0.985985 0.0468432 0.933896 0.745106 1.14933 1.00471 0.954886 1.10083 1.1284 0.928199 0.532855 0.547977 1.03461 1.18785 0.951599 0.622546 0.568074 0.391669 0.227184 0.188357 0.288342 0.655316 0.970425 0.8495 1.01871 0.656349 0.374518 0.459291 0.717915 0.543387 0.484976 1.05314 0.76528 0.602163 1.11221 0.838585 0.876962 0.469986 0.893313 0.717642 0.192035 1.02046 0.460398 0.394865 1.04542 0.540962 1.16686 0.747439 0.525219 0.678315 0.331171 0.529965 0.0592853
0.423211 0.0739638 0.413241 0.914601 1.19419 1.14711 0.901455 0.0574219 0.251797 0.273609 0.639145 0.850789 0.28401 0.753599 0.307749 0.665649 0.694369 0.291665 0.710793 0.858343 0.378644 0.843764 0.915421 0.101798 0.916566 0.638443 1.12337 0.954798 0.79775 0.858602 1.23123 1.10107 0.36902 0.642351 0.902535 1.12677 0.834535 0.686941 0.584832 0.443177 0.477646 0.270757 0.28465 0.781538 0.81651 0.614793 1.081 0.598936 0.348823 0.384145 0.660877 0.457652 0.504237 0.825039 0.86536 0.420727 0.894414 0.822453 0.795351 0.492255 0.853827 0.726335 0.125814 0.971287 0.421141 0.488466 0.999254 0.386919 1.27117 0.822421 0.751367 0.592944 0.530094 0.517485 0.269513
0.454857 0.00626995 0.452398 0.989958 1.04399 1.12405 0.637355 0.178051 0.467279 0.0500747 0.604015 0.674913 0.262215 0.654703 0.352645 0.791476 0.936461 0.362604 0.668076 0.665409 0.332525 0.812787 0.82254 0.0589238 0.912277 0.801657 1.15821 1.11658 0.817622 0.865102 1.2035 1.08334 0.461643 0.418396 0.82482 1.04139 1.00961 0.827276 0.386043 0.615503 0.332354 0.223448 0.343809 0.828139 0.887281 0.874653 1.01238 0.672769 0.45402 0.458411 0.72781 0.623302 0.477788 1.08095 0.703358 0.49641 0.930414 0.972198 0.836812 0.546041 0.831353 0.707886 0.311036 1.048 0.452062 0.641354 1.02406 0.612353 1.12415 0.81645 0.793447 0.60098 0.456824 0.332521 0.0804049
0.511241 0.0909248 0.491205 0.923874 0.938125 1.23723 0.818447 0.273023 0.30519 0.163967 0.750921 0.889023 0.395846 0.852033 0.267446 0.709801 0.701332 0.44376 0.665256 0.709778 0.37163 0.93915 0.852868 0.260724 1.01583 0.741015 1.04795 1.12717 0.893077 0.901392 1.23303 1.06265 0.277933 0.421324 1.02677 1.1821 0.939992 0.639615 0.55423 0.568468 0.246711 0.264347 0.241587 0.893405 0.92679 0.662349 1.10045 0.564159 0.587526 0.25001 0.813552 0.687551 0.564106 0.816797 0.578985 0.436815 1.04022 1.02392 0.900995 0.450843 0.875249 0.899765 0.0776537 1.00519 0.537157 0.421189 1.10173 0.325082 1.23726 0.784015 0.772707 0.634749 0.305232 0.467196 0.2419
0.526698 0.198469 0.370973 0.953018 1.06235 1.04346 0.76466 0.109073 0.27809 0.103137 0.642432 0.798281 0.315696 0.782325 0.338392 0.783826 0.876663 0.354644 0.692842 0.675131 0.440185 0.984538 0.734834 0.046506 1.02559 0.760875 1.03049 0.867805 1.04357 0.836002 0.977066 0.941694 0.496792 0.529184 0.859969 0.990128 0.839584 0.828378 0.463795 0.557254 0.423065 0.464176 0.259632 0.853724 0.747165 0.703419 1.00811 0.64856 0.344886 0.426649 0.770458 0.625779 0.63953 0.878355 0.59611 0.588618 0.87314 0.888155 1.01293 0.460351 0.968022 0.781659 0.300029 0.911248 0.408571 0.593128 0.949495 0.616272 1.11848 0.823195 0.804621 0.775498 0.403322 0.486491 0.243112
0.426547 0.158265 0.500555 0.909389 1.12804 1.01364 0.824161 0.246518 0.4576 0.314173 0.720967 0.830049 0.229382 0.923542 0.335417 0.752594 0.689275 0.405647 0.691877 0.818568 0.439735 0.982284 0.772077 0.29916 0.893092 0.647767 1.17493 1.05009 1.02434 0.826831 1.08435 0.919509 0.28867 0.672046 0.86815 1.16419 0.87335 0.747414 0.33482 0.402517 0.268741 0.354219 0.287518 0.825345 0.783247 0.871982 1.10355 0.494989 0.548231 0.443895 0.650617 0.518685 0.575964 1.03135 0.722319 0.649002 1.03254 1.02869 0.943763 0.654217 0.909744 0.951434 0.22519 0.943697 0.562833 0.504701 0.938223 0.393202 1.13367 0.785117 0.552581 0.539176 0.424888 0.347893 0.257641
0.590042 0.15614 0.412661 1.02462 1.12859 1.11028 0.711536 0.133413 0.334469 0.171292 0.678047 0.835387 0.42383 0.641275 0.419307 0.626772 0.914959 0.334217 0.701824 0.722334 0.374469 0.821538 0.767849 0.0891253 0.892018 0.884089 1.01021 0.972925 0.994 1.06595 1.05767 1.12758 0.493132 0.634478 0.903718 1.13987 0.918458 0.72726 0.380504 0.559874 0.448006 0.182822 0.237381 0.737378 0.975634 0.76702 1.11522 0.529018 0.609919 0.225791 0.919263 0.554037 0.534818 0.868556 0.645939 0.452267 0.902528 0.832456 0.888632 0.557929 0.902846 0.758799 0.178664 1.0402 0.410721 0.421914 1.1361 0.491014 1.19173 0.57338 0.657067 0.692771 0.325778 0.329162 0.081709
0.403622 0.130801 0.562447 0.837132 1.07783 1.23497 0.861522 0.118925 0.243837 0.257888 0.518484 0.892902 0.396515 0.717307 0.318319 0.73838 0.775782 0.439591 0.852948 0.828787 0.339139 0.874594 0.888423 0.142146 1.03502 0.636028 0.956039 0.869739 0.894337 1.10005 0.945279 1.10227 0.467809 0.712364 0.798834 1.02129 1.00182 0.599904 0.47355 0.590259 0.464864 0.310608 0.232079 0.787991 0.976692 0.630008 1.23654 0.523364 0.605387 0.369517 0.758994 0.438667 0.592029 1.0267 0.627102 0.482373 1.10545 0.947903 1.00081 0.427408 1.09831 0.710155 0.280625 1.08396 0.52948 0.471912 1.09201 0.444047 1.25372 0.586152 0.573992 0.558361 0.391063 0.521577 0.188434
0.612305 0.133068 0.481308 0.842767 1.09249 1.16031 0.71739 0.0683467 0.353529 0.149664 0.538219 0.697573 0.331735 0.88343 0.424888 0.541067 0.665196 0.485952 0.730117 0.878956 0.159999 0.929741 0.794467 0.184572 0.961622 0.681939 1.22093 0.88421 0.794751 0.907373 1.15762 1.02283 0.286214 0.57231 0.861191 1.13035 0.947945 0.721197 0.578408 0.587709 0.468511 0.452657 0.107055 0.635341 0.985114 0.64876 1.09629 0.715744 0.384439 0.440438 0.702409 0.693371 0.75689 0.897914 0.615222 0.418295 0.873104 0.977936 1.04103 0.426377 1.04877 0.676876 0.136985 1.1174 0.365756 0.5605 0.903662 0.414611 1.16907 0.765911 0.575962 0.716479 0.388345 0.3869 0.10327
0.409233 0.0926884 0.5103 0.904885 1.07744 1.2041 0.856062 0.234096 0.217752 0.201197 0.64282 0.831468 0.450082 0.914798 0.443734 0.540911 0.722938 0.35533 0.865184 0.766474 0.272132 0.932642 0.782886 0.140151 0.967058 0.877815 1.12912 1.04824 0.985055 0.952712 0.963776 1.05811 0.361784 0.693086 1.06706 1.18639 0.908184 0.563319 0.471164 0.640552 0.512888 0.263661 0.275996 0.672551 0.701492 0.715511 1.22243 0.70855 0.498991 0.355374 0.671452 0.613247 0.594084 0.876888 0.755985 0.613207 1.12091 1.03489 0.819015 0.489796 0.905411 0.672309 0.22224 0.884443 0.464088 0.429233 1.17731 0.482583 0.998336 0.556074 0.528132 0.697265 0.453547 0.447891 0.211771
0.502635 0.0661045 0.482929 0.839715 1.07887 1.231 0.828173 0.152768 0.491856 0.30032 0.650187 0.909349 0.432718 0.851056 0.446437 0.562107 0.859421 0.39646 0.622323 0.697863 0.310399 0.881713 0.894533 0.149264 0.880414 0.79635 0.996323 0.96746 0.813455 0.819162 0.986876 1.16309 0.373437 0.636191 0.937116 1.08439 1.00717 0.639288 0.401119 0.526515 0.364814 0.312747 0.356184 0.692092 0.823934 0.732033 1.28118 0.569686 0.516097 0.284031 0.840775 0.588696 0.684841 0.877839 0.837748 0.644683 1.03985 1.05572 0.843312 0.451456 1.0701 0.926282 0.162642 1.06507 0.496288 0.655404 1.08785 0.371533 1.01966 0.806003 0.737531 0.557746 0.327185 0.419944 0.0109821
0.482634 0.0515215 0.387137 0.941435 1.17856 1.03822 0.695476 0.14886 0.478495 0.10903 0.685431 0.924144 0.484897 0.777224 0.465847 0.508706 0.83133 0.264411 0.797968 0.701369 0.43961 0.798113 0.730856 0.126536 0.922543 0.887968 1.03294 1.02484 0.809823 0.935416 1.03054 1.07969 0.502728 0.639876 0.827284 0.987483 0.924183 0.792277 0.564812 0.489553 0.405668 0.316846 0.16926 0.817952 0.973381 0.73987 1.28921 0.585225 0.571256 0.502702 0.830902 0.481265 0.717444 1.08262 0.800118 0.505328 1.14801 0.962307 0.801074 0.477296 0.941712 0.7654 0.246582 1.05109 0.651007 0.507888 1.11108 0.37309 0.995379 0.567102 0.762373 0.696079 0.485538 0.448882 0.087656
0.481154 0.117167 0.463437 0.880384 1.13999 1.06653 0.763108 0.277477 0.387473 0.316446 0.507778 0.819397 0.339655 0.766048 0.381163 0.594174 0.914767 0.461865 0.767741 0.683156 0.308351 0.964276 0.747795 0.238926 0.899618 0.643225 0.995813 0.942261 0.911619 0.915255 1.09596 0.916449 0.542112 0.511957 0.896997 1.03499 0.736436 0.78985 0.41432 0.455565 0.257422 0.182072 0.174455 0.921358 0.792243 0.667278 1.26612 0.518987 0.415039 0.423151 0.654988 0.469334 0.508774 1.06882 0.662743 0.592583 1.01587 1.03699 0.976928 0.568242 0.880625 0.939927 0.17847 1.05891 0.537459 0.420375 1.01272 0.434358 1.26895 0.708992 0.626753 0.594855 0.348151 0.41966 0.128362
0.652307 0.244347 0.287684 0.857278 1.20414 1.00626 0.901964 0.222946 0.260367 0.284568 0.632409 0.86371 0.411293 0.688503 0.435108 0.534685 0.799442 0.398126 0.744118 0.649686 0.183963 1.07151 0.842202 0.0217339 0.954683 0.691101 1.05245 1.13619 0.934601 0.879813 1.05725 1.13633 0.457176 0.6486 0.799478 0.990265 0.728954 0.673087 0.50182 0.60276 0.370755 0.409106 0.353928 0.681863 0.921598 0.768555 1.17608 0.683574 0.38797 0.441813 0.688487 0.705349 0.616625 1.00797 0.620629 0.356241 0.935528 0.983484 0.917781 0.669406 1.02762 0.870717 0.141259 0.91218 0.427867 0.616426 0.902096 0.40389 1.09893 0.818636 0.556345 0.62667 0.306163 0.50279 0.163724
0.670661 0.244178 0.478172 0.779525 1.07154 0.975608 0.644828 0.213023 0.301406 0.154303 0.601779 0.710221 0.2806 0.730232 0.317897 0.732092 0.887535 0.481658 0.710883 0.709576 0.417807 0.828161 0.811124 0.175036 0.881013 0.801569 0.969915 1.00389 0.934155 0.930605 1.00665 1.06044 0.505442 0.516612 0.946004 1.06657 0.825362 0.624378 0.45941 0.662805 0.294005 0.42104 0.182813 0.761653 0.827095 0.674201 1.11792 0.676626 0.352142 0.20806 0.90894 0.708845 0.670142 0.793177 0.781931 0.377557 0.984636 1.05229 0.773719 0.412508 0.844016 0.720114 0.15896 0.941369 0.406668 0.407238 0.96737 0.595963 1.08969 0.638073 0.805459 0.563642 0.504848 0.446609 0.00695143
0.393356 0.118304 0.325206 0.945772 0.9395 0.977552 0.81987 0.189897 0.248273 0.280183 0.749461 0.938622 0.270404 0.798245 0.207541 0.663055 0.91596 0.202672 0.799381 0.910997 0.344096 1.05263 0.874013 0.134052 0.993809 0.641486 1.00131 0.888198 0.825203 0.848522 0.951743 0.935612 0.424116 0.489949 1.03179 1.13269 0.872618 0.65933 0.370492 0.628239 0.226236 0.429145 0.172888 0.670819 0.768942 0.873348 1.11297 0.705367 0.512819 0.327754 0.760782 0.502245 0.676481 0.959193 0.639116 0.615588 0.9349 0.867926 1.05623 0.575719 0.934748 0.838357 0.261038 1.00739 0.653129 0.612904 0.996172 0.557491 1.02946 0.540034 0.547526 0.566259 0.520089 0.233892 0.101977
0.5932 0.0101758 0.396394 0.861393 1.03775 1.13797 0.854815 0.341181 0.200372 0.199579 0.706531 0.777988 0.459496 0.653316 0.257957 0.657327 0.808861 0.256289 0.90038 0.651531 0.322885 0.866621 0.845734 0.0919111 1.03918 0.624408 0.984963 0.942808 0.874458 0.835617 1.06326 1.16041 0.414033 0.445952 0.961019 1.08209 0.863894 0.569395 0.552235 0.424711 0.286903 0.366967 0.316684 0.739036 0.951272 0.774383 1.00554 0.560179 0.477094 0.261736 0.77267 0.625779 0.659951 0.825435 0.8642 0.480004 1.06346 0.930069 0.813441 0.637276 1.0402 0.871822 0.098428 1.11657 0.392961 0.63841 0.97621 0.462396 1.10059 0.616135 0.717164 0.519584 0.484424 0.336553 0.0514353
0.644202 0.20071 0.456788 0.76429 1.06773 0.969468 0.762137 0.232095 0.449533 0.106161 0.516102 0.738575 0.32999 0.75371 0.45707 0.686713 0.952165 0.385174 0.743288 0.727494 0.422998 1.03563 0.936553 0.107228 0.851785 0.739103 1.20729 0.950713 0.89466 0.887748 1.05661 1.18085 0.407973 0.526965 0.871126 1.17249 0.813532 0.75337 0.402389 0.454347 0.339844 0.227322 0.112124 0.835182 0.876829 0.774237 1.22454 0.754718 0.354749 0.272125 0.766871 0.612603 0.479556 0.885764 0.815899 0.504406 0.938613 0.88359 0.849398 0.542141 0.830853 0.861804 0.238826 0.902086 0.62125 0.533934 1.03201 0.543558 1.11076 0.769029 0.752287 0.712997 0.515135 0.283017 0.255129
