25 75
0.6429 0.942027 1.22134 0.503431 0.808265 0.609846 0.364254 1.06015 1.0391 0.508473 1.03001 0.928287 0.199728 0.589025 0.858762 0.308548 0.507613 0.780096 0.21839 0.420124 0.854935 0.748701 0.348127 0.664792 0.205494 1.17431 0.791514 0.695185 0.769311 0.557735 0.358185 0.606361 0.673608 0.414151 1.10049 0.573127 0.963654 0.139046 0.333317 0.350045 0.607465 0.933213 0.923857 0.704926 1.20555 0.194851 0.67794 0.504557 0.920791 0.343254 0.364119 1.15923 0.396806 0.880555 0.43204 0.821559 0.644007 0.0730775 0.416119 0.144263 0.743495 0.772739 0.488623 0.640259 0.323538 0.803374 1.11849 0.335429 1.11608 0.672356 0.460136 0.347694 0.956173 0.639688 0.171769
0.513348 0.800407 1.22219 0.581787 0.90472 0.827456 0.553908 0.853335 1.2177 0.583791 0.96102 1.20137 0.467675 0.56718 0.683487 0.40287 0.5839 0.620206 0.208705 0.475405 1.06186 0.755906 0.347215 0.767849 0.231155 0.989052 0.795768 0.883478 0.482666 0.435421 0.323103 0.725188 0.479302 0.300123 0.850713 0.617617 0.970678 0.203027 0.285232 0.273108 0.69729 0.87204 1.06447 0.514908 1.14257 0.19111 0.675979 0.474422 0.913145 0.484628 0.292462 0.968358 0.28032 1.01188 0.586307 0.781592 0.540077 0.0816461 0.390484 0.162987 0.582388 0.710886 0.61832 0.47752 0.373473 0.741021 1.01829 0.273602 0.97952 0.815797 0.230126 0.271895 1.07197 0.725704 0.316991
0.433164 0.830597 1.14825 0.66634 0.856233 0.644333 0.468624 1.01661 0.97335 0.629485 1.01836 1.18105 0.474626 0.508973 0.683342 0.470383 0.586756 0.52994 0.354177 0.472657 1.03308 0.807675 0.588187 0.903182 0.0708678 1.13833 0.81916 0.935393 0.62356 0.529169 0.471596 0.586772 0.638171 0.415062 1.01455 0.594269 1.01431 0.370651 0.517858 0.452267 0.785941 0.919833 1.11739 0.780602 1.14346 0.178555 0.835127 0.276645 1.12531 0.48878 0.360254 1.11622 0.192544 1.00032 0.52576 0.96885 0.480036 0.140036 0.351137 0.199289 0.651305 0.681804 0.511293 0.561252 0.370171 0.974448 1.10304 0.391955 0.924096 0.780659 0.493179 0.357863 1.19857 0.449554 0.17767
0.703568 0.777843 1.15291 0.433809 0.806036 0.585825 0.526903 1.08356 1.05571 0.412753 1.04204 1.14897 0.291866 0.590404 0.629156 0.395958 0.4048 0.577605 0.115164 0.34144 0.965492 0.742481 0.50239 0.723484 0.234636 1.2323 0.798703 0.830574 0.555196 0.388613 0.428811 0.834206 0.483692 0.365243 1.00889 0.731986 0.783639 0.321748 0.392842 0.276035 0.570886 0.964476 1.13946 0.645532 1.28243 0.287439 0.878027 0.388032 0.980763 0.601177 0.447909 1.11495 0.316354 1.0002 0.575885 0.832826 0.490965 0.114393 0.411727 0.427539 0.624013 0.589424 0.59045 0.514143 0.397302 0.883325 1.19365 0.142458 1.11901 0.72331 0.4148 0.298253 0.993851 0.526713 0.384226
0.462161 0.644245 1.19196 0.667494 0.943616 0.826252 0.394638 1.06962 0.987829 0.431379 0.805239 0.945582 0.225378 0.611552 0.775474 0.472592 0.350621 0.619794 0.143689 0.346994 0.922903 0.958223 0.520192 0.651666 0.0595851 1.11603 0.867585 0.897911 0.721425 0.589434 0.190793 0.568963 0.46299 0.314224 1.03096 0.666377 0.914569 0.236647 0.326026 0.441581 0.769575 0.861838 0.993079 0.573741 1.09949 0.334462 0.641153 0.303231 1.14199 0.601976 0.364415 0.928137 0.30428 0.79161 0.450211 0.717112 0.627688 0.208289 0.42164 0.328735 0.749975 0.656977 0.616081 0.411179 0.501291 0.810518 1.17443 0.224098 1.10265 0.860152 0.271553 0.30385 1.19371 0.591758 0.419537
0.721853 0.673526 1.02294 0.638294 0.836386 0.646354 0.515759 1.09087 1.23965 0.593206 0.780558 1.02015 0.488974 0.42975 0.858831 0.383787 0.578895 0.648922 0.311746 0.263098 1.11594 0.867765 0.461861 0.675584 0.0922793 1.00143 0.645304 0.933699 0.687924 0.402041 0.229845 0.776999 0.632488 0.265048 1.07137 0.599797 0.970163 0.253354 0.425729 0.465178 0.551223 0.794591 1.05378 0.563386 1.24167 0.406448 0.910338 0.325558 1.15552 0.42422 0.214077 1.00113 0.17012 0.914197 0.301954 0.903669 0.456042 0.343757 0.249 0.35415 0.701726 0.616207 0.582362 0.403035 0.37805 0.831465 1.0298 0.323836 1.1318 0.802061 0.38621 0.323122 1.05208 0.455895 0.360778
0.535677 0.723298 1.1649 0.529346 0.878214 0.743405 0.522736 1.08053 1.20337 0.451934 1.02051 0.923702 0.455133 0.472856 0.661852 0.330356 0.46712 0.633131 0.232641 0.493399 1.10253 0.947421 0.423353 0.716524 0.23782 1.13842 0.682381 0.942106 0.655462 0.389915 0.181257 0.702829 0.703416 0.268763 0.86672 0.784739 0.801359 0.229204 0.531974 0.267064 0.678361 1.0014 0.942137 0.706276 1.20332 0.182731 0.839341 0.291136 0.948773 0.338464 0.210602 0.901807 0.323855 0.857783 0.480983 0.903487 0.505961 0.119716 0.212818 0.281064 0.631611 0.570476 0.515248 0.450344 0.53874 0.793064 0.918532 0.118164 1.10368 0.650029 0.32932 0.153132 1.10935 0.731389 0.266561
0.662255 0.756169 1.04632 0.451345 1.05058 0.812113 0.571513 1.02445 1.00264 0.473911 0.891196 1.14532 0.464977 0.496025 0.88514 0.296581 0.362993 0.539768 0.305502 0.342777 1.0851 0.869684 0.466878 0.702806 0.227953 0.957962 0.577659 0.909864 0.508437 0.539614 0.437074 0.74565 0.506381 0.222455 0.853659 0.798959 0.96509 0.272439 0.313504 0.410026 0.600459 0.820966 0.934645 0.624966 1.27143 0.209604 0.670023 0.25252 1.17085 0.566687 0.331853 1.06088 0.254422 0.857009 0.448413 0.987027 0.599177 0.221497 0.312304 0.303661 0.771282 0.777551 0.514844 0.566631 0.328875 0.707403 1.06118 0.310453 1.06938 0.881598 0.229054 0.359737 0.961666 0.710949 0.254637
0.675797 0.694074 1.16117 0.454904 0.911099 0.59772 0.578275 0.868881 1.16226 0.495686 0.939774 1.01907 0.414764 0.506793 0.646212 0.284518 0.528222 0.523768 0.215586 0.505234 0.964391 0.970789 0.428795 0.711416 0.204796 1.11583 0.645551 0.91621 0.728286 0.442432 0.373752 0.781672 0.521147 0.246105 0.961367 0.856143 0.920475 0.312763 0.28985 0.35039 0.647956 1.02149 1.08497 0.748282 1.1997 0.177245 0.727837 0.394791 1.1054 0.403789 0.158114 0.934929 0.146911 1.05185 0.32738 0.743894 0.55039 0.27945 0.219238 0.400028 0.550285 0.546104 0.532312 0.579971 0.404159 0.938366 1.12017 0.263275 1.07266 0.721738 0.282615 0.405558 1.03637 0.708513 0.370521
0.63878 0.838636 1.18803 0.627825 0.949487 0.629562 0.35279 0.959819 1.23246 0.41594 0.961962 1.03225 0.355955 0.486551 0.640769 0.203856 0.524787 0.619867 0.330689 0.404157 0.864333 0.811825 0.447973 0.889351 0.280968 1.01537 0.752328 0.8687 0.716938 0.361055 0.247637 0.750383 0.758473 0.339473 1.06411 0.767829 0.993785 0.325024 0.311982 0.281231 0.738459 0.974625 0.918715 0.79142 1.09867 0.200558 0.791225 0.316625 0.934694 0.405896 0.284688 0.959199 0.24816 0.987644 0.404423 0.972006 0.578145 0.173497 0.35779 0.3414 0.573859 0.607611 0.423695 0.382513 0.553178 0.769051 1.04064 0.340896 1.10344 0.90043 0.278544 0.343358 1.03528 0.526523 0.299596
0.604708 0.654903 1.03673 0.604493 0.916337 0.775099 0.435682 0.967264 1.17454 0.512272 0.808984 1.20962 0.238606 0.45073 0.807876 0.274427 0.532383 0.55199 0.244681 0.263514 1.03675 0.721097 0.397157 0.812183 0.305384 0.952321 0.574728 0.912182 0.560103 0.44071 0.218892 0.808975 0.637716 0.257027 1.00802 0.771038 0.824061 0.200645 0.346687 0.509134 0.719482 0.943957 0.967782 0.767801 1.18853 0.272846 0.640242 0.389552 0.911273 0.405526 0.413136 0.901901 0.389852 0.782222 0.576776 0.914275 0.628127 0.0796472 0.344816 0.329908 0.551129 0.524051 0.495911 0.584552 0.332852 0.909128 1.05303 0.28058 0.984835 0.836217 0.348514 0.43318 1.14402 0.663927 0.257358
0.606296 0.682116 1.03461 0.568221 1.06609 0.724858 0.498431 1.10784 1.08251 0.517681 0.963105 0.992961 0.440955 0.430649 0.792754 0.232429 0.55324 0.6322 0.372715 0.359493 0.902583 0.697189 0.511886 0.787301 0.178654 1.22128 0.690029 0.91596 0.645875 0.649167 0.332833 0.778224 0.589183 0.329734 0.860184 0.685109 0.965972 0.424998 0.440991 0.249519 0.700792 0.999002 1.09469 0.707911 1.24901 0.294568 0.922515 0.346489 0.971789 0.621724 0.384532 0.950402 0.150038 0.913093 0.390289 0.933415 0.457442 0.142401 0.369172 0.147052 0.776016 0.51087 0.438546 0.547368 0.366042 0.956641 0.912398 0.352726 0.996275 0.893053 0.380184 0.16609 1.0641 0.604803 0.373698
0.581948 0.643738 1.26086 0.561408 0.853153 0.854152 0.463908 0.949894 0.98734 0.422486 1.0652 1.03163 0.478752 0.464382 0.625872 0.424173 0.614601 0.598889 0.348893 0.358773 1.12333 0.814306 0.345131 0.699781 0.184475 1.05525 0.860985 0.956952 0.643035 0.539699 0.318733 0.814117 0.67843 0.287252 1.14037 0.723117 0.800525 0.348924 0.521082 0.261765 0.641186 0.826017 0.873606 0.755306 1.13453 0.218472 0.717608 0.291606 1.11971 0.35931 0.191744 1.02244 0.35499 0.983615 0.312794 0.782975 0.640981 0.1929 0.35891 0.170475 0.721972 0.511193 0.597351 0.590798 0.458698 0.978024 0.944926 0.315555 0.950103 0.854623 0.349131 0.355249 1.13737 0.454357 0.290301
0.468946 0.776587 1.10681 0.569438 0.982244 0.725798 0.469529 0.966052 1.01703 0.347674 0.882221 0.992739 0.221601 0.592517 0.827425 0.326681 0.360993 0.757826 0.282218 0.301235 1.09198 0.821041 0.460836 0.67667 0.107186 1.03217 0.79129 0.76981 0.70992 0.543384 0.297164 0.618915 0.643081 0.297521 1.00811 0.761503 0.887118 0.17694 0.349845 0.417803 0.651011 0.77184 0.943143 0.652364 1.24573 0.43405 0.796629 0.251082 0.949989 0.570348 0.162111 1.10148 0.29911 0.978187 0.554805 0.907135 0.597271 0.263864 0.466896 0.397388 0.636656 0.716046 0.38019 0.481399 0.449078 0.891178 1.03847 0.360007 0.974101 0.897266 0.216427 0.429493 1.22931 0.459148 0.400931
0.501235 0.79765 1.18182 0.543332 0.842891 0.82259 0.352121 1.10757 1.1052 0.634828 0.994074 1.01848 0.366504 0.397885 0.696465 0.331839 0.41808 0.637484 0.214572 0.284674 0.883092 0.847292 0.467629 0.87429 0.180963 1.05434 0.781435 0.97641 0.670389 0.515746 0.28401 0.617625 0.576019 0.392322 0.924374 0.569832 0.794108 0.372804 0.488583 0.345144 0.831217 1.01628 0.897756 0.550952 1.01768 0.428956 0.774418 0.441453 0.909967 0.458215 0.413595 0.895385 0.39974 0.997405 0.464025 0.817418 0.443017 0.0650116 0.386037 0.160535 0.510783 0.577161 0.349366 0.490808 0.541751 0.805544 1.1194 0.395486 0.97738 0.756803 0.421605 0.39633 1.11379 0.560371 0.216009
0.676317 0.755772 1.13464 0.657795 0.805254 0.701394 0.562915 1.08211 1.13553 0.535436 0.865261 1.00011 0.269773 0.61952 0.659051 0.453042 0.403905 0.713576 0.163819 0.294315 0.993692 0.833922 0.42339 0.728638 0.242792 0.955224 0.683898 0.977611 0.480941 0.360168 0.188472 0.777304 0.693452 0.260868 1.0167 0.711958 1.06315 0.203068 0.501121 0.380421 0.552547 0.978712 1.02746 0.652708 1.22627 0.384834 0.785136 0.247522 1.09827 0.427716 0.338558 1.13768 0.230633 1.04503 0.345926 0.930017 0.433592 0.175262 0.213062 0.133649 0.770142 0.675808 0.618886 0.495803 0.462496 0.717618 1.12199 0.304957 0.944128 0.74859 0.428961 0.322869 1.07 0.632207 0.389175
0.514881 0.848012 1.03742 0.58573 0.861621 0.61147 0.400348 0.875824 1.11677 0.46845 1.04018 0.945175 0.349814 0.497938 0.719012 0.327556 0.376599 0.766674 0.120156 0.266093 0.955727 0.930727 0.532807 0.713303 0.292199 1.06353 0.643611 0.785974 0.718781 0.646216 0.375262 0.578783 0.543696 0.313052 1.05231 0.597502 0.847486 0.15754 0.532443 0.325149 0.600006 0.925663 0.879266 0.625314 1.14459 0.31493 0.646296 0.268726 0.998164 0.585564 0.401782 1.15982 0.296795 0.821546 0.449959 0.752362 0.619124 0.208131 0.421925 0.269397 0.620101 0.527561 0.484747 0.544928 0.537668 0.924457 1.06868 0.12405 0.967213 0.669103 0.24066 0.434867 1.12485 0.668848 0.294679
0.706928 0.744007 1.15249 0.458227 0.797248 0.704366 0.332843 0.947713 1.11263 0.619729 0.927799 1.14358 0.220904 0.48551 0.777515 0.263786 0.3983 0.505894 0.150797 0.29582 0.956725 0.697053 0.296952 0.939995 0.172607 1.06381 0.588667 0.82298 0.554174 0.627111 0.303763 0.71043 0.615047 0.389127 0.871267 0.705408 0.953184 0.253844 0.540859 0.444705 0.833612 0.899076 1.00759 0.680265 1.18111 0.185547 0.850034 0.289239 1.11741 0.617334 0.21121 0.960646 0.18277 0.827913 0.459565 0.78262 0.646526 0.143522 0.418581 0.332301 0.504931 0.740945 0.43733 0.38047 0.428259 0.894295 1.19205 0.289586 1.1442 0.701295 0.238081 0.148228 1.20141 0.68799 0.137064
0.571762 0.939683 1.1221 0.542232 1.05774 0.605354 0.332984 1.0193 1.1062 0.501347 1.02526 1.13498 0.395387 0.461706 0.771645 0.402467 0.373333 0.755616 0.371255 0.323097 1.04256 0.753755 0.519015 0.819581 0.149087 1.1265 0.612994 0.894182 0.593167 0.546949 0.315939 0.625454 0.7037 0.329 1.01786 0.776595 0.975298 0.194537 0.304364 0.249636 0.549725 0.78381 1.05546 0.772808 1.04203 0.190673 0.804671 0.309109 1.08974 0.576094 0.29226 1.12644 0.149796 0.897827 0.375823 0.876023 0.687176 0.20929 0.283502 0.281247 0.613445 0.65441 0.544493 0.460861 0.554872 0.897805 1.14759 0.134383 1.03476 0.77319 0.242685 0.350217 1.08764 0.50106 0.195553
0.436946 0.704953 1.2195 0.514781 0.949002 0.639821 0.546923 1.08236 1.0461 0.468093 0.780495 0.932673 0.340387 0.478132 0.71057 0.202109 0.558258 0.79035 0.194974 0.337716 0.873456 0.829295 0.496305 0.726685 0.0996225 1.24123 0.812235 0.955442 0.56083 0.361404 0.373383 0.59688 0.501451 0.195806 0.941193 0.680321 0.8098 0.232086 0.51925 0.24328 0.573423 0.951242 0.852982 0.620012 1.21959 0.261596 0.775643 0.421938 0.884067 0.498131 0.370978 0.985707 0.307438 0.848262 0.462362 0.858493 0.508165 0.129005 0.345634 0.166106 0.525777 0.709211 0.539957 0.642482 0.459793 0.874177 1.1738 0.347166 1.16234 0.863428 0.50173 0.236393 1.00033 0.649208 0.287825
0.458134 0.674831 1.24015 0.592322 1.03192 0.854198 0.531259 1.05219 1.20892 0.472214 0.907333 0.951453 0.318105 0.629016 0.808052 0.415813 0.553718 0.535389 0.392269 0.440491 0.862207 0.720737 0.523251 0.945197 0.0668949 0.987308 0.803014 0.818671 0.549832 0.579186 0.433945 0.841902 0.53026 0.350966 1.03592 0.690244 0.825074 0.326584 0.493321 0.248945 0.587298 0.882715 1.13196 0.645414 1.07468 0.399523 0.718612 0.443511 0.948585 0.429153 0.186301 1.03086 0.404023 0.997382 0.303372 0.891877 0.671008 0.135599 0.330563 0.425127 0.744885 0.537095 0.515556 0.592386 0.503834 0.798784 1.15806 0.150204 0.997504 0.76361 0.476047 0.372091 0.960604 0.489987 0.218699
0.463178 0.744219 1.06162 0.551509 0.921318 0.761868 0.4793 0.880957 1.11169 0.479598 0.88708 0.977217 0.429003 0.537634 0.757859 0.317111 0.459386 0.755455 0.300238 0.472527 1.06452 0.800113 0.420211 0.665324 0.247146 0.955576 0.767217 0.864738 0.554722 0.587454 0.302923 0.596693 0.677751 0.231627 0.948558 0.759792 0.814877 0.293248 0.422593 0.503496 0.69493 0.767233 1.05798 0.72874 1.04843 0.206837 0.792955 0.520014 1.00043 0.363617 0.248272 1.01996 0.358923 0.868525 0.30945 0.880278 0.58918 0.341275 0.238516 0.322017 0.701152 0.568274 0.442655 0.500719 0.471382 0.918891 1.12352 0.172493 0.929625 0.622937 0.359798 0.247659 1.13521 0.472405 0.214961
0.562136 0.758834 1.2629 0.548379 1.09337 0.632074 0.334772 1.09414 1.21402 0.584498 0.770766 1.00622 0.429419 0.613476 0.911309 0.181311 0.53098 0.722264 0.380149 0.426287 0.854065 0.838806 0.38769 0.886255 0.14513 1.22401 0.687846 0.876267 0.758071 0.383295 0.238645 0.758268 0.614227 0.328811 1.01054 0.668777 0.918592 0.218014 0.481112 0.255433 0.585685 0.774129 1.11044 0.791142 1.06922 0.293538 0.649194 0.406953 0.97927 0.341051 0.373636 0.891419 0.351725 0.954788 0.527829 0.898283 0.528423 0.0559086 0.49382 0.315164 0.686911 0.731061 0.485074 0.382126 0.338197 0.850905 1.03098 0.312035 1.08002 0.656182 0.452131 0.228386 1.20479 0.472525 0.293991
0.565065 0.834936 1.20411 0.541372 0.8563 0.794204 0.42972 0.860743 1.11515 0.408406 0.956563 1.04884 0.386761 0.63859 0.895267 0.47035 0.617242 0.611985 0.353106 0.430988 0.863117 0.972025 0.395282 0.804133 0.258478 1.04423 0.792562 0.969875 0.61409 0.573793 0.465627 0.845492 0.714822 0.317949 0.874236 0.838718 0.805621 0.342661 0.436687 0.41 0.741215 0.784578 1.01141 0.777021 1.28545 0.447313 0.796912 0.458397 0.982221 0.603259 0.246216 1.01278 0.417386 0.894805 0.433005 0.711135 0.673318 0.109833 0.441761 0.229115 0.637199 0.79353 0.630406 0.508681 0.323365 0.785259 1.01025 0.299096 0.987515 0.905716 0.376351 0.272207 1.1868 0.668121 0.218595
0.563191 0.801237 1.16125 0.637055 1.02341 0.750811 0.603666 0.955478 1.17654 0.503797 1.02412 1.19779 0.225712 0.395461 0.777857 0.419199 0.607211 0.745 0.294068 0.366786 0.879664 0.869261 0.372605 0.662794 0.161563 1.17204 0.776031 0.782479 0.749164 0.375475 0.210393 0.661607 0.507956 0.147433 0.863754 0.636831 0.821862 0.135886 0.424025 0.491537 0.58748 0.994266 0.971493 0.731123 1.05468 0.276422 0.688233 0.462697 0.933565 0.397157 0.204213 0.91089 0.357265 0.920252 0.491471 0.754108 0.512972 0.145131 0.328813 0.309711 0.517281 0.799107 0.427114 0.602052 0.343842 0.855994 1.13693 0.155636 1.01889 0.635899 0.289916 0.310845 1.22326 0.527142 0.245031
