25 75
0.181768 0.267513 0.759664 0.202217 1.10781 0.976397 1.0074 0.751627 0.56105 0.879441 0.467399 0.184884 1.0039 0.91933 0.837571 1.01128 0.412721 0.262462 0.817695 1.19173 0.687105 0.960238 0.773986 0.410458 0.806943 0.291834 0.172815 1.01484 1.23319 0.341298 0.603678 0.591587 0.967475 1.19039 0.879836 1.00476 0.373571 0.267659 0.993715 0.961546 0.221374 0.246675 1.00745 0.402035 0.764751 0.675952 0.615723 0.981965 1.03906 0.28206 1.14813 0.742607 0.696618 0.718385 1.07845 0.771489 0.592365 0.50724 0.448916 1.07383 0.968891 0.536443 0.502688 0.15076 0.417401 0.546001 0.799078 0.962584 0.940604 0.235984 1.11207 0.740153 0.838766 1.00623 0.675673
0.101464 0.177026 0.528461 0.135687 1.07943 1.13363 1.08887 0.642088 0.528092 0.827925 0.720165 0.226276 1.12661 0.724061 0.925216 1.11207 0.479949 0.454003 0.952761 1.20248 0.812537 1.00928 0.92419 0.481809 0.741944 0.44685 0.222255 0.854117 1.24096 0.139292 0.778207 0.446576 0.809928 1.09918 0.765914 1.23668 0.309016 0.123183 0.796434 1.20161 0.0632304 0.121155 1.07304 0.284649 0.934177 0.567133 0.699286 1.2469 0.827773 0.208394 1.03044 0.657763 0.902168 0.897894 1.17257 0.712547 0.736634 0.642144 0.464751 1.05157 0.79403 0.499392 0.307251 0.315982 0.469783 0.556963 0.844677 0.980047 0.908278 0.0606662 1.15679 0.797446 0.706678 1.19211 0.723253
0.225317 0.0771241 0.634546 0.0492901 1.0321 1.20551 1.09428 0.825098 0.540075 0.809377 0.551111 0.052588 1.13518 0.839644 0.965705 1.08799 0.447451 0.297628 0.966137 1.23571 0.676685 0.922152 0.791498 0.259224 0.798002 0.441962 0.0964217 0.893945 1.07845 0.356113 0.785131 0.627834 0.736967 0.915928 0.770871 1.2228 0.446622 0.199537 0.968649 1.12507 0.177 0.247113 1.07562 0.298439 0.869059 0.600176 0.642783 0.975049 1.03354 0.300953 1.11193 0.619536 0.940167 0.847259 1.15719 0.650005 0.50371 0.427465 0.707966 1.06343 0.891523 0.454114 0.313868 0.40797 0.353587 0.76278 0.779161 0.806063 0.697611 0.0777502 1.06123 0.85766 0.613355 1.10605 0.719814
0.0560585 0.0733002 0.54707 0.0299404 0.979006 1.09041 1.01487 0.734868 0.495445 0.992695 0.609599 0.105435 1.01062 0.82575 0.751731 1.15057 0.589271 0.230408 0.802346 1.0009 0.911246 1.04325 0.698923 0.494644 0.752204 0.52774 0.0506298 0.864239 1.04815 0.32247 0.583421 0.593102 0.933913 1.08506 0.967504 1.09274 0.2572 0.107175 0.877318 1.12997 0.251944 0.11575 1.09545 0.261363 0.972826 0.516121 0.40215 1.1854 0.871236 0.347492 1.12761 0.883802 0.686838 0.851855 0.905544 0.577646 0.52612 0.421219 0.712629 0.966195 0.863924 0.49851 0.314034 0.417376 0.403243 0.70599 0.859193 0.935722 0.717914 0.310902 0.952169 0.654634 0.649749 1.02497 0.550203
0.219215 0.176587 0.560487 0.129378 1.13247 0.997412 1.26572 0.773247 0.575374 0.947448 0.742933 0.051204 1.11684 0.816323 0.77955 1.11203 0.564715 0.365903 0.813407 1.02589 0.683943 0.803912 0.723331 0.396193 0.836907 0.379816 0.19135 1.00508 1.1116 0.134244 0.578601 0.562918 0.887117 0.937158 0.851859 1.00811 0.483388 0.268404 0.743115 1.01407 0.319611 0.176368 0.979825 0.311847 0.936211 0.552856 0.49191 1.07504 0.934371 0.257531 0.892498 0.621901 0.873588 0.874147 1.08192 0.589475 0.637117 0.580073 0.64735 0.95874 0.756941 0.483462 0.33574 0.257022 0.359855 0.725389 0.902212 1.0626 0.683141 0.09765 1.12591 0.863157 0.545139 0.997605 0.549459
0.22079 0.301097 0.696741 0.23248 1.13943 1.13044 1.18519 0.729398 0.619502 0.929391 0.732582 0.205914 0.981477 0.694595 0.737799 1.12909 0.608371 0.410275 0.822262 1.20599 0.658456 0.974712 0.810167 0.412626 0.791043 0.254006 0.107151 0.846589 1.25131 0.16222 0.632078 0.551908 0.844646 1.15522 1.00687 1.26625 0.37875 0.100534 0.981451 0.925402 0.245674 0.146905 1.11677 0.447515 0.80566 0.625379 0.560829 0.991756 0.949335 0.367652 1.13456 0.59299 0.784486 0.714763 1.03074 0.62648 0.519317 0.615283 0.716285 1.05957 0.70611 0.474661 0.238382 0.390038 0.602474 0.728488 0.819403 0.963294 0.838956 0.204249 1.05886 0.692481 0.735096 1.20636 0.548646
0.204251 0.133417 0.54177 0.173828 1.03993 1.07991 0.979095 0.681935 0.482445 0.906003 0.613376 0.0505147 1.07666 0.788425 0.765106 0.918609 0.596219 0.232862 0.891546 1.01802 0.907128 0.940259 0.788305 0.486727 0.705338 0.38088 0.100195 0.841795 1.11118 0.249075 0.57547 0.672443 0.809805 0.953661 0.77331 1.19833 0.24639 0.270918 0.842578 0.980167 0.303601 0.298779 1.08357 0.46303 0.694197 0.455166 0.444872 0.99758 0.971447 0.147802 0.991415 0.629829 0.886231 0.884108 1.06654 0.822017 0.774699 0.450691 0.488268 1.11515 0.725169 0.315581 0.340195 0.180264 0.355108 0.559474 0.796468 1.0907 0.77253 0.255939 0.933509 0.72882 0.831602 1.11286 0.582367
0.234473 0.167838 0.613258 0.170881 1.03926 0.948522 1.19869 0.903273 0.559346 0.905848 0.641481 0.0618296 1.03927 0.697667 0.875866 1.04409 0.425513 0.507526 0.819564 1.13646 0.771053 1.078 0.666913 0.437791 0.71641 0.433273 0.162795 0.856582 1.03689 0.107825 0.675577 0.416408 0.907493 1.19911 0.875826 1.24011 0.227449 0.162856 0.932623 1.20334 0.284995 0.271664 1.00524 0.526671 0.959998 0.567742 0.660353 1.1726 0.930746 0.353916 1.0219 0.744312 0.758017 0.785354 0.991295 0.69143 0.487738 0.625588 0.576938 0.923607 0.825741 0.378748 0.520798 0.404652 0.398827 0.674387 0.739143 0.827008 0.837954 0.223002 0.944428 0.63705 0.757873 0.989513 0.55728
0.222607 0.120692 0.559552 0.189393 1.02077 1.12781 1.22775 0.816036 0.541971 0.751222 0.670237 0.247697 1.19115 0.779417 0.867598 1.0365 0.359314 0.421636 0.978968 1.05657 0.728079 0.939372 0.877572 0.324405 0.738046 0.257666 0.275018 0.777795 1.1926 0.374714 0.588456 0.53836 1.01612 1.1237 0.919903 1.25336 0.240488 0.144979 1.01285 0.983505 0.150752 0.274301 0.986454 0.50595 0.720239 0.633057 0.501523 1.01187 0.941803 0.297946 1.00067 0.750322 0.875709 0.743392 0.976392 0.692238 0.685232 0.563846 0.584454 1.02117 0.811372 0.318112 0.44719 0.278696 0.362959 0.66508 0.834296 1.07818 0.721503 0.313778 0.880936 0.895529 0.660605 1.22601 0.618769
0.307937 0.100834 0.641474 0.157868 1.25134 1.21707 1.10691 0.635207 0.585799 0.787312 0.615495 0.201196 1.15298 0.861664 0.863024 0.94477 0.563941 0.464127 0.780582 1.08866 0.798405 0.819673 0.819295 0.412665 0.601545 0.342928 0.296142 0.931024 0.991733 0.239162 0.754456 0.514085 0.743983 1.15706 0.940899 1.15389 0.275014 0.252447 0.761015 0.951569 0.158451 0.282029 1.02719 0.27962 0.769931 0.498934 0.660198 1.14786 0.880258 0.221408 1.1621 0.710035 0.740345 0.791744 1.15231 0.820894 0.651594 0.542208 0.505255 0.860014 0.787415 0.550661 0.488504 0.170737 0.547403 0.528115 0.713794 0.977852 0.676645 0.145241 0.882319 0.88092 0.641205 1.20674 0.551322
0.166192 0.185928 0.673206 0.213016 1.15728 1.18683 1.00848 0.874028 0.47922 0.882649 0.623289 0.239105 1.15964 0.634521 0.992552 1.06647 0.54127 0.302337 0.962559 1.16978 0.703044 0.8473 0.798678 0.414438 0.57948 0.272552 0.0388208 1.00361 1.06263 0.162024 0.776918 0.578367 0.868615 0.997688 0.922224 1.23596 0.309045 0.0903864 0.931158 0.937395 0.1046 0.348788 1.06007 0.501153 0.915612 0.647761 0.480326 1.03861 0.944117 0.28202 1.03785 0.597116 0.794068 0.866528 1.12679 0.697568 0.535556 0.569436 0.500139 0.985864 0.763532 0.413946 0.348651 0.210915 0.575748 0.71642 0.840673 0.913933 0.776158 0.280295 1.03539 0.78749 0.721501 1.03449 0.587407
0.158213 0.271922 0.509527 0.0915498 1.23941 0.991898 1.15219 0.718862 0.556577 0.871312 0.507442 0.163452 1.08959 0.646843 0.942828 0.963871 0.613491 0.435749 1.04198 1.09217 0.807902 1.04635 0.64331 0.387695 0.609913 0.53476 0.114078 0.857977 1.11284 0.284653 0.617032 0.629757 0.89315 0.947211 0.83999 1.14774 0.270189 0.30798 0.944042 1.05641 0.104087 0.19732 1.11545 0.343012 0.930445 0.52511 0.552123 1.06182 0.868618 0.388466 0.892256 0.594619 0.958281 0.678537 1.06824 0.83029 0.697827 0.522741 0.644105 0.897116 0.958982 0.513791 0.263017 0.372022 0.455667 0.719897 0.747079 0.972284 0.722877 0.297711 0.990541 0.756239 0.749915 1.23743 0.62081
0.168854 0.0821305 0.739074 0.172778 1.02371 1.2232 1.1356 0.740369 0.450504 0.763832 0.633695 0.0623028 1.25625 0.712862 0.878048 1.14029 0.36944 0.499779 0.978214 1.07257 0.809978 0.826819 0.897052 0.270834 0.612632 0.359733 0.248909 0.78406 1.0296 0.16019 0.695337 0.600755 0.944085 0.904094 0.937921 1.15889 0.222692 0.136147 0.836955 1.10791 0.234494 0.265733 1.02282 0.368609 0.741864 0.653661 0.632165 1.24601 1.06375 0.171614 1.01426 0.766777 0.909024 0.726394 1.10668 0.757746 0.614611 0.521157 0.478748 0.926449 0.886561 0.352717 0.428697 0.136948 0.506904 0.719119 0.758826 0.948711 0.747105 0.273169 1.0612 0.78594 0.662518 1.02947 0.547555
0.201152 0.10646 0.644959 0.0243992 1.07806 1.07662 1.14183 0.743853 0.462931 0.888166 0.726762 0.101491 1.00343 0.86878 0.944638 1.14319 0.387261 0.496655 0.878147 1.01588 0.863656 0.929273 0.755858 0.48366 0.747287 0.341507 0.0258419 0.780475 1.14388 0.119317 0.669167 0.705549 0.848076 1.06336 0.78479 1.15065 0.409683 0.0784414 0.721909 0.927071 0.0954937 0.302389 0.946298 0.466644 0.95772 0.576938 0.638789 1.1564 1.10282 0.152849 1.0204 0.74985 0.883348 0.852357 1.1299 0.596589 0.774187 0.60184 0.642209 1.05725 0.94611 0.429915 0.34593 0.33128 0.51467 0.54089 0.865194 0.994044 0.826302 0.191801 1.10097 0.720468 0.788493 1.24349 0.497967
0.167602 0.170186 0.653731 0.222956 1.0137 1.06302 1.1634 0.699427 0.386869 0.992815 0.733748 0.292284 1.09044 0.854571 0.982846 1.10799 0.536829 0.457759 0.851155 1.10669 0.671764 0.895515 0.699031 0.472243 0.808268 0.502449 0.177475 1.01753 1.10706 0.240582 0.690344 0.412857 0.733113 1.17472 0.817949 1.2151 0.453326 0.109885 0.842544 1.20694 0.252673 0.247889 1.09255 0.313084 0.80659 0.535359 0.671789 1.08508 1.0427 0.369153 1.10955 0.828359 0.733078 0.834871 1.0884 0.839276 0.503253 0.53016 0.444518 0.953343 0.822147 0.436439 0.511692 0.155798 0.620775 0.722331 0.791327 0.808178 0.717229 0.242286 0.901579 0.90126 0.606422 1.14325 0.442471
0.295636 0.0848596 0.606549 0.213613 1.00855 1.02842 1.07995 0.680306 0.4451 0.837888 0.734827 0.228928 1.03101 0.633365 0.856869 0.93955 0.374468 0.525419 0.954708 1.26692 0.793206 0.985986 0.844309 0.345968 0.709775 0.441738 0.14325 1.01368 1.05138 0.308117 0.776184 0.491204 0.777993 0.94525 0.839024 1.00574 0.314499 0.173071 0.752209 1.04854 0.0577282 0.202625 1.13895 0.411811 0.866587 0.464724 0.552948 1.05555 0.978364 0.251284 1.07389 0.846333 0.937116 0.705238 0.969484 0.646612 0.761732 0.604123 0.670532 1.06852 0.919817 0.444036 0.275865 0.270217 0.365272 0.622059 0.687069 0.917653 0.882789 0.244314 0.981918 0.849863 0.759112 1.04002 0.529447
0.236433 0.268627 0.548752 0.172018 1.20152 1.09616 0.973511 0.825924 0.363501 0.942827 0.632978 0.188087 1.04395 0.877839 0.964839 0.983709 0.365544 0.453047 0.876571 0.98734 0.937387 0.799548 0.720314 0.499424 0.820567 0.337045 0.233429 0.914011 1.14789 0.289206 0.752124 0.609088 0.745534 1.04813 0.869963 1.27067 0.43761 0.184421 0.977714 1.04097 0.271588 0.167978 1.04594 0.283479 0.835883 0.638812 0.4922 1.01607 1.10411 0.291946 1.16356 0.748789 0.715573 0.751165 1.11359 0.77184 0.675396 0.51321 0.464432 0.862804 0.732721 0.44871 0.441306 0.380003 0.454608 0.589791 0.845624 0.888269 0.80699 0.342738 0.989563 0.762703 0.602936 1.23674 0.617094
0.172222 0.24193 0.719194 0.212667 1.02551 1.05662 1.08811 0.819743 0.484793 0.983635 0.489607 0.207882 1.18834 0.873332 0.963355 1.03399 0.452593 0.265828 0.912903 0.99677 0.93894 0.798354 0.870218 0.507448 0.745656 0.487099 0.188823 0.776074 1.08002 0.328525 0.641063 0.579584 0.966991 1.09533 0.786845 1.24093 0.432694 0.149946 0.97734 1.04595 0.325028 0.244121 0.997122 0.27376 0.828263 0.445379 0.641533 0.982894 0.911138 0.387842 0.91764 0.832746 0.801888 0.836854 0.904591 0.807613 0.521783 0.548261 0.584802 0.910882 0.841126 0.471028 0.509483 0.250257 0.501664 0.52189 0.713919 1.02558 0.786085 0.191879 1.13963 0.753401 0.602798 0.993407 0.654676
0.325107 0.306351 0.541779 0.224121 1.08786 1.19395 1.01816 0.690504 0.535221 0.763538 0.681553 0.310196 1.2448 0.703098 0.98529 0.937948 0.421346 0.227839 1.06318 1.18538 0.813063 0.995967 0.774277 0.314169 0.628276 0.427787 0.0682915 1.06171 1.01056 0.339717 0.764337 0.419566 0.949826 0.967612 0.920859 1.02292 0.362863 0.246037 0.873131 1.12992 0.105074 0.220118 1.09302 0.264614 0.791945 0.697503 0.486193 0.968857 0.989573 0.346734 0.931782 0.853064 0.876099 0.848154 1.015 0.688332 0.711743 0.666306 0.732592 0.939889 0.940468 0.584 0.365642 0.305987 0.466745 0.598816 0.691415 1.04431 0.710439 0.108587 1.06735 0.650127 0.689673 1.06153 0.503785
0.0753618 0.271787 0.531228 0.303408 1.20026 1.03837 1.16969 0.676138 0.453341 0.913455 0.692515 0.104312 1.21792 0.846884 0.745521 1.02653 0.506265 0.372481 0.87055 1.01317 0.808354 1.05405 0.81656 0.459635 0.59851 0.384851 0.312486 1.05438 1.26011 0.183431 0.677758 0.510061 0.801029 1.07308 0.868312 1.21326 0.256758 0.0386516 0.746 1.01904 0.203464 0.162214 0.94657 0.332504 0.921274 0.491251 0.415498 1.10637 0.908937 0.259195 0.96552 0.676851 0.685998 0.72597 0.887487 0.829835 0.768359 0.486644 0.731389 1.12047 0.813857 0.518962 0.302311 0.235543 0.330897 0.509961 0.770501 0.847574 0.68556 0.332172 1.15538 0.879927 0.692424 1.00303 0.46845
0.0466233 0.289163 0.494084 0.0421156 1.12187 1.12157 1.01966 0.730853 0.40442 0.802159 0.561053 0.0456825 1.1225 0.883695 0.72492 1.16164 0.496613 0.434075 1.04813 1.24035 0.796065 0.929618 0.877769 0.258607 0.74555 0.548242 0.111664 1.0535 1.05825 0.355045 0.755352 0.546009 0.845715 0.966343 0.950076 1.03213 0.364673 0.19886 0.926446 0.918609 0.197338 0.406922 1.09201 0.41077 0.84959 0.571507 0.484122 1.0967 0.899242 0.10354 0.936672 0.844621 0.842688 0.665047 1.16172 0.749284 0.524705 0.511254 0.501389 0.943426 0.820285 0.549187 0.368733 0.272118 0.618286 0.488584 0.859533 1.03511 0.855429 0.227287 1.07363 0.701892 0.628194 1.14065 0.586305
0.0646357 0.289721 0.549923 0.26507 1.1269 1.10518 1.23204 0.912196 0.594616 1.01795 0.505758 0.292781 1.0195 0.815312 0.720984 1.09524 0.567347 0.293658 0.78506 1.04011 0.836889 1.01907 0.798387 0.415816 0.554274 0.390279 0.215928 0.874208 1.0204 0.179038 0.704595 0.449576 0.921807 1.0443 0.999835 1.20421 0.368665 0.151073 0.886484 0.994924 0.137602 0.183459 1.20869 0.398053 0.791266 0.508468 0.638454 1.17557 0.896351 0.287947 1.04436 0.647444 0.825916 0.76767 1.1596 0.589982 0.767266 0.547814 0.627404 1.05327 0.930263 0.326795 0.508816 0.353598 0.620906 0.705996 0.777115 1.04087 0.915945 0.0613264 1.00094 0.84385 0.773824 1.18836 0.648447
0.0722308 0.104372 0.511649 0.102705 1.01943 1.17427 1.22816 0.665573 0.544731 0.790518 0.660564 0.195464 1.09391 0.65114 0.772021 1.01783 0.600686 0.402163 0.904056 0.972684 0.735832 0.8736 0.812508 0.429992 0.821774 0.282048 0.106304 0.950621 1.05747 0.258042 0.627037 0.613968 0.907457 0.957583 0.964154 1.16483 0.485614 0.23712 0.719804 0.952103 0.137594 0.306693 1.13493 0.505828 0.831381 0.660892 0.50631 1.13329 1.00183 0.338694 1.05729 0.866048 0.969343 0.881991 1.07606 0.730371 0.479482 0.508632 0.527264 1.06462 0.71032 0.433704 0.501727 0.153128 0.519471 0.561452 0.678922 0.890542 0.929451 0.184848 1.12735 0.835472 0.663052 1.27226 0.607434
0.135832 0.0845149 0.609227 0.158624 1.06037 1.16865 1.03158 0.763965 0.439187 0.941025 0.714097 0.178362 1.0271 0.835368 0.960324 0.98536 0.465115 0.263098 0.991046 1.18494 0.756617 1.03814 0.670878 0.482702 0.596726 0.29342 0.0465103 1.0205 1.24939 0.308024 0.563509 0.508538 0.830462 1.11887 0.919099 1.11477 0.485867 0.254308 0.929372 1.01501 0.21577 0.322854 1.1124 0.462172 0.912739 0.519384 0.483143 0.992181 0.847146 0.400719 1.15134 0.781572 0.867877 0.873575 0.978308 0.758956 0.649404 0.491112 0.462308 1.00618 0.786056 0.373087 0.377676 0.333093 0.482793 0.631629 0.740288 1.07052 0.823356 0.0488904 0.941861 0.90147 0.730927 0.987659 0.494448
0.154835 0.166261 0.706104 0.151414 1.23369 1.22818 1.00734 0.860935 0.378514 0.835669 0.547777 0.144093 1.05047 0.758305 0.781798 0.967008 0.530498 0.433373 1.00921 1.17172 0.929919 0.938355 0.910667 0.345924 0.72567 0.483748 0.0621134 0.8054 1.26883 0.285108 0.695542 0.51074 0.745302 1.07676 0.827419 1.14779 0.256559 0.171582 0.769038 1.07144 0.0873656 0.240653 0.94712 0.497587 0.728316 0.631712 0.62126 1.19736 0.867647 0.257697 0.924088 0.712923 0.870537 0.880591 0.989897 0.60163 0.581886 0.69399 0.684348 1.05958 0.893598 0.347669 0.304537 0.187604 0.367384 0.587863 0.798428 0.802829 0.902504 0.100297 1.03235 0.892064 0.722584 1.00523 0.659415
