25 75
0.413147 0.930248 0.772288 0.880366 1.0966 1.02261 1.28265 0.712254 0.756665 0.850452 0.592433 0.773666 0.504864 0.420441 0.334252 0.412649 0.954218 0.675517 0.19798 0.923986 0.312634 0.573007 0.366113 0.42443 0.773452 0.793921 0.336068 1.06133 0.867997 0.494953 0.137142 0.594184 1.01745 1.0892 0.896567 0.639565 0.237186 1.07005 0.36087 1.00143 1.08532 0.741281 0.592814 0.391544 0.805049 0.78666 0.0623696 0.577674 0.827838 1.00466 1.16078 0.336852 0.410352 1.02394 0.686497 0.293854 0.259634 0.244336 0.401742 0.398155 0.622792 0.70576 0.855051 0.336602 1.03329 0.100911 0.415395 0.941587 0.436459 1.10049 0.998297 0.250538 0.993586 0.366694 0.855081
0.659705 0.80597 0.900556 0.884222 1.10662 1.02715 1.16526 0.608014 0.765296 0.992276 0.695978 0.789487 0.565386 0.670574 0.216188 0.528502 1.00863 0.676213 0.40311 1.00836 0.295202 0.789282 0.156593 0.430212 0.650021 0.936298 0.255439 0.855185 1.01563 0.574015 0.37558 0.32401 0.865026 1.17284 0.729278 0.696416 0.0904672 1.22958 0.484705 1.01516 0.908551 0.773191 0.505064 0.468932 1.00071 1.05189 0.199409 0.662324 0.775405 1.02076 1.06042 0.44562 0.295425 1.0489 0.675129 0.197114 0.410268 0.224919 0.613912 0.538722 0.533159 0.790016 0.758936 0.350373 0.967697 0.152852 0.317568 1.1395 0.409095 1.22218 1.03185 0.356395 1.16935 0.237897 0.821979
0.434104 0.868446 0.654715 0.955105 1.20637 0.804893 1.21357 0.527604 0.864577 1.06854 0.742653 0.809675 0.599551 0.539201 0.287961 0.292526 0.863268 0.583867 0.454717 0.983307 0.37582 0.720741 0.265911 0.377248 0.744365 0.68275 0.357205 1.0504 0.823521 0.455727 0.183225 0.393762 0.859295 0.997681 0.647341 0.663981 0.109185 0.99798 0.485124 1.02858 0.930187 0.898608 0.512406 0.566227 1.05672 0.982868 0.184418 0.647218 0.608063 1.02449 0.935262 0.344025 0.447049 1.25831 0.620639 0.216045 0.264082 0.253905 0.414873 0.412202 0.365309 0.772711 0.873199 0.423211 0.942768 0.0364919 0.245981 1.04431 0.240091 0.993349 1.10855 0.476347 1.13501 0.30521 0.706562
0.389536 0.823323 0.71025 1.09461 0.951753 0.831331 1.2551 0.726542 0.690035 1.04075 0.715298 0.793572 0.511065 0.654052 0.210783 0.47702 0.927566 0.465124 0.449359 1.06345 0.273961 0.78251 0.212453 0.447464 0.908997 0.959769 0.144907 1.01641 0.790205 0.676342 0.177523 0.55105 0.931627 1.03165 0.65245 0.50183 0.241953 1.0749 0.275783 0.868627 1.15976 0.824959 0.556845 0.450043 0.793319 1.02941 0.0854711 0.519995 0.668451 1.14299 1.08209 0.245236 0.333181 0.986089 0.531547 0.358356 0.311026 0.268521 0.481719 0.563863 0.526474 0.582716 0.930134 0.446559 0.862738 0.255933 0.439171 1.15416 0.455241 1.05714 1.15849 0.456215 1.19385 0.174512 0.752017
0.427826 0.880918 0.811664 1.09051 1.08083 0.987675 1.2055 0.777303 0.796028 1.06251 0.499082 0.982541 0.411183 0.437218 0.240774 0.374237 0.873305 0.428331 0.48472 0.963689 0.247908 0.58218 0.239009 0.401907 0.872877 0.855369 0.394108 1.00771 0.853684 0.624456 0.236703 0.603276 1.10871 1.00998 0.665883 0.645205 0.107417 1.14237 0.44465 0.908061 1.02753 0.611895 0.48316 0.509166 0.978805 1.03553 0.286107 0.719273 0.611368 0.926688 0.920454 0.220661 0.442072 0.972974 0.748614 0.311184 0.330251 0.0937283 0.608949 0.379842 0.542727 0.701711 0.901828 0.351615 1.07332 0.267977 0.486259 1.07911 0.3562 1.16688 1.21839 0.297943 0.919213 0.227762 0.775189
0.442258 0.782432 0.816289 0.85338 0.940339 1.02427 1.1949 0.769371 0.824337 0.936695 0.644658 0.746934 0.650771 0.646834 0.215125 0.489129 0.806273 0.596516 0.219605 1.15781 0.364893 0.607933 0.0909703 0.548265 0.757881 0.69558 0.383293 1.00589 0.920941 0.663492 0.383584 0.395964 0.974628 0.931758 0.806984 0.519041 0.331097 1.03431 0.512463 1.04506 1.10242 0.743049 0.469936 0.312353 0.848013 0.767341 0.0861621 0.688827 0.863837 1.06613 0.931625 0.42141 0.250315 1.19026 0.599534 0.286147 0.123687 0.0448812 0.514878 0.577908 0.399576 0.646149 0.92512 0.338172 0.959796 0.184692 0.461666 1.00158 0.160538 0.956354 1.01705 0.32704 1.09666 0.1597 0.787598
0.485121 0.856053 0.681313 0.904146 1.01111 0.966549 1.25432 0.713268 0.684268 0.947286 0.550243 0.959677 0.647476 0.579166 0.209661 0.441983 0.74082 0.495868 0.197633 0.937341 0.434143 0.744642 0.23421 0.574365 0.732902 0.809626 0.364799 0.860689 0.920907 0.546196 0.177297 0.449233 0.938125 1.05728 0.848576 0.518114 0.366999 1.26056 0.54416 0.83301 1.05932 0.711059 0.473021 0.465245 0.936893 0.822425 0.173804 0.541311 0.671202 0.926652 0.881343 0.421381 0.388859 1.19611 0.60301 0.302177 0.41146 0.060088 0.450891 0.428496 0.369926 0.680916 0.834902 0.464017 0.816076 0.169095 0.222448 1.03905 0.356934 0.938781 0.947511 0.3549 1.08772 0.243648 0.765075
0.419037 0.757591 0.658119 0.842446 1.01454 0.861371 1.12604 0.668678 0.755465 0.911557 0.514373 0.813365 0.51488 0.671188 0.144096 0.448786 0.823893 0.53701 0.284747 0.978901 0.24205 0.790903 0.304077 0.356683 0.652885 0.761312 0.318004 1.00283 0.9869 0.653326 0.27962 0.365635 0.992033 0.995476 0.761183 0.713742 0.343827 1.21755 0.305264 0.842931 1.13601 0.8128 0.56714 0.311742 0.788736 0.875792 0.0519284 0.549007 0.75618 0.932729 1.02575 0.182142 0.437854 1.22212 0.551585 0.184874 0.236864 0.265082 0.662691 0.569714 0.495835 0.550379 1.00224 0.448501 1.06352 0.0884658 0.374762 1.07682 0.1605 1.11251 1.03747 0.45896 1.08021 0.385397 0.688971
0.671795 0.81337 0.796089 0.853197 1.18287 0.924724 1.20567 0.707955 0.78028 1.0059 0.694838 0.945299 0.548018 0.574894 0.273983 0.443479 0.740293 0.575335 0.46112 1.09583 0.335225 0.794046 0.100401 0.531056 0.665712 0.830129 0.254701 1.01817 0.779055 0.53643 0.274534 0.360431 0.995348 1.04991 0.90621 0.69164 0.21929 1.22079 0.492393 0.933903 1.09559 0.611806 0.518383 0.334799 1.01289 0.855238 0.131296 0.616447 0.631525 0.987604 1.14048 0.391469 0.341013 1.08643 0.630506 0.306562 0.198489 0.0577644 0.610438 0.281496 0.396957 0.656272 0.854228 0.499447 1.06492 0.0583623 0.218995 1.13163 0.397877 1.17256 1.12942 0.308878 1.05909 0.295986 0.691297
0.432948 1.02249 0.652139 1.06902 1.08515 0.988912 1.12493 0.59133 0.739569 0.9574 0.630527 0.849175 0.567243 0.543869 0.356049 0.331792 0.955014 0.517396 0.266294 1.05301 0.268108 0.551082 0.227429 0.619723 0.666894 0.784346 0.119587 0.865372 0.917396 0.626046 0.261787 0.40762 0.902003 1.0264 0.865346 0.645086 0.253743 1.26246 0.331173 1.10697 1.13442 0.799975 0.651246 0.544083 0.860814 0.885688 0.0838822 0.597961 0.75134 0.852626 1.13083 0.325278 0.295625 1.21755 0.63061 0.135113 0.165235 0.287386 0.573851 0.321139 0.4178 0.627369 0.760169 0.559187 0.978958 0.0442675 0.222456 1.14789 0.451634 1.13893 0.987531 0.231778 0.986106 0.257096 0.936762
0.526992 0.840383 0.893111 0.875521 1.19636 0.80846 1.16908 0.618287 0.761017 0.783365 0.555971 0.860536 0.644538 0.693275 0.167471 0.512107 0.864304 0.574011 0.204737 1.10293 0.226574 0.560331 0.130282 0.522105 0.625782 0.961625 0.265667 0.886726 0.866656 0.675873 0.157271 0.521716 0.960822 0.960214 0.652188 0.517853 0.3744 1.16485 0.397243 0.970487 1.0566 0.803967 0.574888 0.368108 0.947279 0.831062 0.255208 0.688419 0.654402 0.894901 1.15186 0.437851 0.49127 1.23037 0.808914 0.352372 0.388151 0.155792 0.670195 0.286485 0.590114 0.68769 0.756708 0.508389 1.05704 0.104558 0.452958 1.09918 0.187201 1.18762 1.16428 0.202328 0.957617 0.109127 0.894114
0.386283 0.956251 0.819612 0.855471 1.19964 0.782722 1.28295 0.583009 0.816651 0.844232 0.740745 0.995672 0.576491 0.566226 0.268617 0.284302 0.964751 0.450497 0.241591 1.04069 0.227994 0.787112 0.180073 0.415144 0.662225 0.929356 0.183226 1.00287 0.907696 0.583015 0.158411 0.334956 0.904834 1.04041 0.648122 0.61716 0.244641 1.22848 0.427555 0.860045 0.906689 0.743239 0.484059 0.385678 1.06373 0.964506 0.188286 0.466152 0.721009 0.940164 1.09368 0.154623 0.409261 1.10138 0.536394 0.342532 0.358178 0.0338673 0.51045 0.327249 0.487752 0.688489 0.729742 0.337812 1.01295 0.101723 0.484808 1.20213 0.444986 0.970121 1.13716 0.402117 1.17331 0.363958 0.863082
0.672163 1.02236 0.815356 0.877738 0.973826 0.892916 1.13406 0.499987 0.666853 0.870544 0.61173 0.851951 0.601715 0.717826 0.373747 0.291194 0.793258 0.632118 0.429992 1.0626 0.271324 0.748507 0.165029 0.489157 0.613437 0.826707 0.356503 1.00305 1.01837 0.620201 0.279049 0.483604 0.970994 0.997009 0.66839 0.590153 0.34075 1.11518 0.336363 0.937164 0.934476 0.815125 0.494933 0.446101 0.994996 0.910198 0.253714 0.614117 0.844149 1.01739 1.13191 0.309404 0.483696 0.984639 0.561357 0.229093 0.229546 0.142981 0.427478 0.389007 0.472838 0.669262 0.882861 0.490186 0.808812 0.251989 0.352554 1.21745 0.189129 1.04245 0.977623 0.363532 1.05356 0.19001 0.856416
0.517112 0.848831 0.789362 1.0558 1.15816 0.972161 1.25249 0.699244 0.744127 0.926626 0.566136 0.99452 0.383255 0.562577 0.191547 0.450835 0.826706 0.586386 0.472217 1.1285 0.467394 0.660756 0.325171 0.476766 0.821809 0.736754 0.273221 1.00032 0.760375 0.552901 0.401744 0.433463 1.02799 1.01253 0.808569 0.542092 0.170528 1.04658 0.33664 1.04239 1.06157 0.667079 0.42935 0.458879 0.809247 0.867235 0.0676169 0.731016 0.765319 0.886445 1.08944 0.158659 0.471285 1.00981 0.615255 0.225119 0.283912 0.102988 0.401261 0.389228 0.411018 0.642345 0.989269 0.449935 0.940461 0.283195 0.377883 1.02537 0.427818 0.929682 1.03822 0.381465 0.973794 0.321049 0.914407
0.633071 0.90601 0.896111 0.887645 0.97092 0.907681 1.2054 0.73447 0.674071 0.810206 0.667531 0.823046 0.581607 0.504511 0.219759 0.335574 1.02688 0.623722 0.459247 0.959928 0.310021 0.580639 0.328206 0.491243 0.843411 0.689266 0.221533 0.834934 0.950958 0.578667 0.326403 0.428651 1.09679 0.959977 0.70882 0.652018 0.166258 1.03604 0.492247 1.0894 0.910042 0.830048 0.663778 0.285329 0.974072 0.823206 0.281395 0.581897 0.727016 1.07801 1.13999 0.222633 0.23621 1.1348 0.537131 0.209544 0.297243 0.0350728 0.543916 0.440561 0.621074 0.579763 0.966936 0.420847 0.996409 0.0873428 0.275617 1.09096 0.246216 1.21986 1.20729 0.235262 1.0241 0.0940482 0.814872
0.491994 0.770885 0.734217 0.852662 1.18776 0.851557 1.28768 0.692955 0.683218 0.833665 0.58998 0.856796 0.46774 0.446752 0.370398 0.241287 0.903387 0.449338 0.305099 1.064 0.327629 0.787219 0.316179 0.334046 0.820759 0.757383 0.137267 0.863868 1.02838 0.646667 0.143983 0.553015 0.960125 1.14182 0.87622 0.508923 0.218965 1.06743 0.367121 1.09962 1.07474 0.864339 0.40045 0.349788 0.864512 0.790142 0.17601 0.692613 0.636774 0.908124 0.944616 0.20389 0.46667 1.17856 0.621171 0.219318 0.144369 0.254739 0.567189 0.330199 0.342027 0.685678 0.729029 0.560096 0.848151 0.113832 0.240674 1.0069 0.425501 1.22129 1.04254 0.38591 0.930311 0.290105 0.849684
0.425074 0.767716 0.735743 1.06062 1.19807 0.786021 1.18227 0.612054 0.734633 0.79341 0.596378 0.852627 0.606126 0.424012 0.106456 0.522475 0.789889 0.631979 0.240901 1.02475 0.3604 0.658737 0.24289 0.521437 0.688411 0.78738 0.198879 0.848362 1.00134 0.64398 0.180413 0.492797 0.959872 1.06795 0.796708 0.569251 0.301751 1.07613 0.397511 1.04 1.15752 0.641498 0.521704 0.56275 0.82628 0.873398 0.185311 0.50223 0.806388 1.13764 1.01711 0.369865 0.483116 1.2374 0.782348 0.352684 0.176065 0.0556427 0.435137 0.444205 0.530482 0.540973 0.946843 0.382086 0.795569 0.0744686 0.467669 1.04451 0.453487 1.15088 1.16238 0.387798 1.02464 0.0970538 0.752461
0.684676 0.87701 0.898729 1.09563 1.1684 0.829111 1.29517 0.610241 0.835339 0.823414 0.506497 0.80896 0.418226 0.673974 0.254081 0.347798 0.886811 0.484793 0.311436 1.17484 0.223045 0.648896 0.189284 0.430208 0.721071 0.893637 0.399947 0.987485 0.852019 0.43161 0.212239 0.403025 0.93097 1.01737 0.716182 0.652007 0.270829 1.20943 0.397865 0.894624 0.961194 0.733734 0.522148 0.570886 0.922259 0.798979 0.176847 0.635367 0.595239 1.07911 1.14765 0.427726 0.430084 1.23156 0.810415 0.357748 0.342828 0.0285286 0.670569 0.362558 0.511122 0.701569 0.722045 0.528973 0.897729 0.157845 0.419163 1.07942 0.250297 0.960602 1.05739 0.317996 1.0277 0.211907 0.735304
0.429709 1.00825 0.865575 0.857773 1.09272 1.03796 1.15419 0.791133 0.608267 1.01049 0.640671 0.78469 0.525509 0.608859 0.287127 0.341019 0.954733 0.454368 0.223286 1.00311 0.443779 0.520562 0.308349 0.336769 0.817524 0.833559 0.383971 0.91435 0.81011 0.424028 0.243903 0.603345 0.919141 1.00278 0.72819 0.639142 0.144818 1.066 0.340577 0.994609 1.07678 0.861243 0.518439 0.400204 0.89831 0.998685 0.0583831 0.57874 0.844524 0.997446 1.00426 0.391513 0.276054 1.19255 0.693204 0.196632 0.377844 0.275178 0.46439 0.28051 0.619457 0.570217 0.8582 0.481682 0.891091 0.10885 0.389004 1.17243 0.364433 1.16254 1.05153 0.385603 1.09581 0.133145 0.858933
0.502658 0.931643 0.710744 1.08182 1.19302 0.956382 1.19408 0.498708 0.717991 0.819017 0.682079 1.00663 0.652721 0.479483 0.248301 0.27435 0.989783 0.474543 0.256736 1.17103 0.316171 0.54237 0.182963 0.541126 0.721843 0.838842 0.175496 0.854408 0.791649 0.51174 0.260307 0.367735 0.847169 1.14079 0.765782 0.491353 0.16542 1.26821 0.507168 1.05624 1.11826 0.867136 0.561831 0.337361 0.934185 0.9403 0.151163 0.499215 0.642921 1.04376 1.05697 0.16336 0.296834 1.01084 0.76018 0.195058 0.289867 0.170991 0.433882 0.475992 0.397695 0.744202 0.77101 0.564961 1.01298 0.0157469 0.342778 0.950334 0.199011 1.05937 1.08426 0.457553 0.974483 0.309167 0.779493
0.553331 0.7517 0.685613 1.00442 0.985028 0.835921 1.09005 0.559445 0.722885 0.958279 0.665645 0.871148 0.451264 0.567585 0.300214 0.460168 0.797816 0.642949 0.358155 0.985419 0.202919 0.517707 0.253955 0.386264 0.842259 0.73768 0.374211 1.07788 0.830947 0.544906 0.387326 0.417384 1.11793 0.986284 0.670679 0.448974 0.114454 1.0104 0.458468 0.890469 0.95094 0.646416 0.562291 0.302893 1.03435 0.87043 0.0948213 0.562512 0.8567 0.9999 1.02879 0.201502 0.234629 1.13558 0.714113 0.113036 0.291396 0.218409 0.637691 0.47691 0.559606 0.592 0.960225 0.527202 0.868683 0.239895 0.423641 1.20395 0.310168 0.996086 1.02015 0.292658 1.1064 0.236266 0.725269
0.539073 0.757196 0.84343 1.07069 1.2167 0.839477 1.24031 0.5488 0.838228 1.0088 0.513903 0.780032 0.606339 0.602379 0.13388 0.323649 1.0071 0.528226 0.466987 0.990357 0.487857 0.577481 0.113526 0.619674 0.645101 0.793078 0.334541 0.963728 0.938896 0.71165 0.279036 0.422861 1.02417 1.05171 0.834887 0.719544 0.2804 1.18899 0.415557 0.887587 0.876597 0.879955 0.679372 0.504873 0.867397 0.837922 0.0835383 0.522511 0.87441 0.935409 0.897768 0.158769 0.304895 1.05173 0.520058 0.183393 0.273546 0.0991947 0.382803 0.367933 0.36229 0.679243 0.883142 0.533721 1.07792 0.102079 0.388572 1.10368 0.242751 1.10369 0.988327 0.467923 0.987748 0.16564 0.772024
0.521628 0.794652 0.78083 0.864621 1.0564 0.971895 1.15148 0.585265 0.646287 0.827963 0.727168 0.77748 0.493906 0.689081 0.221691 0.34337 0.895742 0.603554 0.35599 1.15694 0.269757 0.756178 0.108803 0.536052 0.833713 0.856443 0.205472 1.11182 0.859022 0.491881 0.207264 0.514796 0.895609 1.13475 0.753813 0.72817 0.345532 1.10074 0.400229 0.844568 0.967964 0.784841 0.557177 0.467831 1.02565 0.837849 0.067508 0.638687 0.751874 0.883847 1.15062 0.426789 0.390747 1.00158 0.543569 0.187934 0.254354 0.135371 0.643905 0.569624 0.434979 0.634122 0.766962 0.345384 0.833008 0.0978365 0.217179 1.19503 0.397073 1.00451 1.08691 0.457785 1.12915 0.0978402 0.704788
0.569171 0.796777 0.791678 0.833156 1.18579 0.987183 1.2454 0.558313 0.654462 0.929122 0.710501 0.862386 0.667059 0.681251 0.137287 0.259966 0.861338 0.497728 0.317379 1.08971 0.399631 0.761859 0.307404 0.48976 0.629058 0.682124 0.186517 0.840937 1.02053 0.600957 0.350079 0.505042 0.8471 1.069 0.757264 0.638909 0.152774 1.01212 0.488752 1.01832 1.14584 0.856572 0.521929 0.427672 1.02602 0.896055 0.178803 0.545036 0.872233 1.06064 1.05348 0.204463 0.518017 1.02491 0.531703 0.315744 0.352764 0.0637444 0.658601 0.496505 0.579293 0.567871 0.920091 0.599729 0.937152 0.0947738 0.496481 1.1731 0.424478 1.01663 1.05997 0.401132 1.04744 0.236126 0.836774
0.398123 0.902766 0.706525 0.95314 1.07681 0.763811 1.00878 0.494117 0.570124 0.969062 0.740892 0.79578 0.464106 0.549417 0.338399 0.237754 0.742797 0.633675 0.403539 0.947868 0.348024 0.537715 0.226132 0.616591 0.722645 0.959881 0.278008 0.824318 0.936689 0.49491 0.362424 0.593555 1.07545 0.917459 0.692117 0.604652 0.359745 1.12234 0.388188 1.06387 1.08954 0.850461 0.454299 0.453932 0.835915 0.887953 0.250293 0.539615 0.630597 0.946488 0.98636 0.295054 0.441502 1.05965 0.542313 0.284601 0.285731 0.0741152 0.676251 0.558438 0.346936 0.727117 0.750375 0.400061 0.814141 0.152248 0.362161 1.01591 0.189045 1.13941 1.07883 0.393927 0.987477 0.152142 0.694653
