25 75
0.570303 0.499942 0.761178 0.585006 0.831783 0.769741 0.449456 0.840219 0.522951 0.866018 0.280132 0.213225 0.171607 0.482464 0.716874 0.541005 1.14617 0.456912 0.239822 0.593033 1.10727 0.820522 0.537432 0.463094 0.564745 0.92172 0.685637 1.08788 0.533108 1.12758 0.270059 0.222629 0.577112 0.553779 0.591489 0.497495 0.794739 0.902959 1.09483 0.537813 0.0435177 0.919765 1.05886 0.502001 0.367135 0.427482 1.08466 0.970294 1.11065 0.69059 1.12584 0.579127 0.560626 0.588126 0.686828 0.675119 1.04015 1.06898 0.572029 0.913967 0.746805 0.771769 0.557485 1.12037 0.999597 0.638342 0.420164 1.12464 0.62223 0.778716 0.953542 1.10209 0.995236 0.194387 0.758464
0.511804 0.486726 0.580581 0.596136 0.926122 0.89603 0.274109 0.60734 0.500334 0.823115 0.2086 0.265446 0.336257 0.497891 0.932913 0.475845 1.07672 0.341468 0.325384 0.413676 1.18722 0.909652 0.420882 0.363475 0.693241 1.11268 0.497903 1.18128 0.603219 1.22161 0.442529 0.220845 0.605062 0.52606 0.456152 0.399447 0.869489 0.787835 0.993349 0.545019 0.223343 0.961067 0.859929 0.529065 0.231178 0.389943 1.17862 0.7817 0.993139 0.623656 0.915032 0.577634 0.604864 0.625432 0.70067 0.571174 0.838626 0.89111 0.63458 1.02892 0.812417 0.819115 0.407228 1.16913 0.898955 0.726345 0.436749 0.970318 0.60107 0.616309 0.830056 1.02155 1.07713 0.397202 0.872417
0.595807 0.401452 0.805944 0.675799 0.915991 0.747977 0.513607 0.730585 0.620385 1.03024 0.208797 0.183563 0.326673 0.219154 0.916205 0.407959 0.948013 0.221987 0.294358 0.51971 1.13482 0.836377 0.290907 0.307606 0.726284 1.00363 0.595393 1.12504 0.667917 1.12997 0.21596 0.22275 0.651247 0.537883 0.457804 0.432912 0.781694 1.01623 1.0281 0.713307 0.324544 0.785508 0.96321 0.315424 0.313842 0.20499 1.02157 1.0368 1.18504 0.649271 0.982306 0.414382 0.593144 0.391546 0.637829 0.426765 0.822827 0.97894 0.562199 1.04885 0.804021 1.02617 0.434184 1.13906 0.94419 0.771955 0.503123 0.99497 0.653498 0.568656 0.767572 0.988059 1.12079 0.343079 0.871512
0.481905 0.601781 0.79059 0.634371 0.728157 0.889663 0.317207 0.705016 0.472348 0.881708 0.394714 0.391425 0.257644 0.337445 0.942946 0.541066 0.959845 0.413302 0.305503 0.543051 1.08364 0.703771 0.378727 0.344 0.535374 1.04233 0.538414 1.06775 0.723039 0.959616 0.472706 0.131953 0.509505 0.354953 0.526627 0.285457 0.794551 0.987547 1.04354 0.560849 0.140713 0.964107 0.979615 0.525715 0.354179 0.468744 1.11504 1.04175 1.17901 0.688568 0.983697 0.464937 0.574502 0.577391 0.794675 0.666121 0.948983 1.02122 0.802751 1.13943 0.736988 0.79268 0.378869 1.23957 0.824091 0.719754 0.430551 1.17131 0.485204 0.547224 0.734743 1.11979 1.07592 0.211327 0.986019
0.349418 0.35921 0.743014 0.613591 0.976517 0.664788 0.36111 0.778735 0.753582 1.01223 0.288423 0.334867 0.36418 0.404248 0.7573 0.291826 1.14603 0.257436 0.164528 0.494896 1.26778 0.968075 0.398162 0.280611 0.576732 1.02266 0.639016 1.04646 0.577532 1.21903 0.385346 0.295471 0.630798 0.325856 0.570278 0.487459 0.650221 0.826033 1.10056 0.691658 0.266131 0.870178 0.994909 0.534808 0.211765 0.465884 1.24479 0.807349 1.19043 0.577446 1.13283 0.642406 0.780853 0.517239 0.738124 0.577989 0.959052 1.04753 0.688495 1.07284 0.816081 1.03051 0.507759 1.06152 0.886867 0.760663 0.605142 1.11419 0.725763 0.550615 0.885184 0.991609 1.10993 0.253251 0.805218
0.312796 0.487096 0.659941 0.755226 0.827114 0.846151 0.249346 0.654152 0.73515 0.873144 0.431405 0.427836 0.14057 0.318311 0.886951 0.494691 1.08769 0.319653 0.329816 0.342913 1.00913 0.707874 0.566915 0.302488 0.687496 1.14846 0.615378 1.21923 0.722687 1.19956 0.39526 0.126767 0.540654 0.389568 0.500235 0.516281 0.890051 0.8361 1.04693 0.580297 0.21055 0.838239 0.896323 0.466993 0.261412 0.213097 1.13456 1.06318 1.1796 0.669983 1.13147 0.363176 0.537734 0.54864 0.816997 0.572436 1.09526 1.02591 0.605722 1.00724 0.94923 1.0367 0.4491 1.00468 0.946713 0.618177 0.621535 0.991493 0.495274 0.717973 0.988559 0.892712 1.02367 0.301253 0.922137
0.392493 0.525818 0.705989 0.604566 0.70329 0.685477 0.294476 0.623516 0.611018 0.969513 0.232622 0.18935 0.226406 0.424889 0.732982 0.258704 1.15747 0.464519 0.200282 0.552504 1.01871 0.863604 0.453007 0.4472 0.719344 1.01026 0.506148 1.04492 0.504717 1.10392 0.487248 0.242493 0.660566 0.356205 0.463414 0.357907 0.812191 0.740944 1.05915 0.590976 0.282407 0.898972 0.835364 0.324867 0.330059 0.386361 1.23284 1.03674 1.19322 0.709125 0.986955 0.575257 0.701368 0.635716 0.744357 0.553915 0.95096 1.02577 0.655562 1.11415 0.817013 0.844928 0.440158 1.23692 0.876004 0.860804 0.424962 1.12409 0.465887 0.565244 0.814393 1.0037 1.0504 0.325437 0.815347
0.348184 0.512425 0.82272 0.602711 0.96154 0.661887 0.455053 0.66782 0.66088 1.02619 0.377785 0.289136 0.235817 0.285623 0.731072 0.506065 0.995327 0.308135 0.267108 0.623604 1.13015 0.877959 0.537901 0.409735 0.638031 1.11356 0.645336 1.18449 0.743507 1.21116 0.495168 0.322911 0.411298 0.324201 0.410961 0.265344 0.771678 0.794384 1.16213 0.688907 0.199567 0.889174 0.888781 0.420239 0.278468 0.286676 1.1302 0.923916 1.0202 0.675395 1.06099 0.511431 0.587727 0.482248 0.642456 0.658679 0.827493 1.06509 0.828206 1.04424 0.834184 0.783679 0.525239 0.963107 0.893851 0.710626 0.584822 1.02592 0.555232 0.565661 0.755267 0.922588 1.19029 0.174137 0.794064
0.443368 0.568212 0.658813 0.624396 0.690525 0.74156 0.532863 0.59451 0.73414 1.0465 0.216367 0.284323 0.127937 0.467862 0.946578 0.405452 1.10477 0.198375 0.246768 0.511903 1.01502 0.794408 0.294649 0.466051 0.670944 0.939446 0.513161 1.00355 0.514385 0.944743 0.237128 0.136086 0.614952 0.317104 0.640155 0.268186 0.683441 0.963455 1.08001 0.706775 0.141192 0.849437 0.998351 0.321169 0.300371 0.206917 1.09381 0.807017 1.09583 0.598348 0.932947 0.425244 0.605293 0.531201 0.568227 0.425664 0.9679 0.909353 0.626178 0.953654 0.959236 0.980184 0.363799 1.07435 0.874333 0.61163 0.514307 0.94515 0.549693 0.790427 0.854746 1.00248 1.04343 0.204237 0.742081
0.593975 0.341746 0.866999 0.485423 0.967314 0.880249 0.476308 0.681494 0.564604 0.963869 0.417627 0.278355 0.202775 0.460059 0.798014 0.313423 1.08203 0.240871 0.173944 0.38115 1.04482 0.715492 0.405967 0.257544 0.493392 1.15138 0.485161 1.17451 0.745426 1.0617 0.368521 0.160483 0.497971 0.520984 0.661007 0.514285 0.605196 0.923701 1.12658 0.509852 0.294822 0.725661 1.03524 0.346057 0.205563 0.205502 1.05244 0.91945 1.0554 0.606416 0.917016 0.591664 0.600772 0.46874 0.680222 0.441109 1.0697 0.848512 0.733566 1.10852 0.97113 0.780832 0.486384 1.12732 0.812782 0.608231 0.599077 1.12756 0.676303 0.735957 0.939006 1.06717 1.15324 0.410273 0.851488
0.448031 0.596834 0.671012 0.603358 0.919272 0.818483 0.340497 0.71106 0.740563 1.03287 0.280308 0.156009 0.31976 0.489165 0.883378 0.332164 1.16321 0.223111 0.0982916 0.568317 1.19796 0.810351 0.436871 0.275162 0.581421 1.03708 0.632987 1.00974 0.77399 0.972946 0.231671 0.328259 0.626248 0.316906 0.577564 0.224897 0.775553 0.870823 1.05204 0.488064 0.0862722 0.875171 0.852935 0.414468 0.209743 0.472771 1.08529 0.803743 1.06818 0.66278 1.19394 0.466757 0.759889 0.590533 0.721023 0.544437 0.93001 0.907751 0.765638 0.916627 0.867009 0.967149 0.390525 0.975813 0.868057 0.879626 0.663148 1.02505 0.612837 0.795521 0.736077 0.946751 1.03983 0.233107 0.905651
0.37745 0.62023 0.658251 0.590733 0.817072 0.638647 0.396367 0.632407 0.725766 0.875046 0.303851 0.253969 0.28076 0.279332 0.76883 0.423843 1.08848 0.251352 0.214119 0.550824 1.21305 0.741464 0.492824 0.363304 0.51945 1.10887 0.57492 1.07575 0.568792 1.11822 0.444271 0.114971 0.587295 0.347898 0.399762 0.518302 0.695895 0.814432 1.183 0.518827 0.324337 0.955558 1.01368 0.539134 0.319779 0.455718 1.08572 0.950661 1.08066 0.691259 1.13235 0.478453 0.756748 0.586795 0.566909 0.643656 1.0588 1.11565 0.732895 1.13182 0.999645 0.898549 0.41686 1.05794 0.75744 0.865438 0.55539 1.11554 0.577122 0.757629 0.826202 1.0836 1.2617 0.389812 0.990744
0.475102 0.481258 0.588729 0.709657 0.867079 0.779631 0.414794 0.780409 0.541853 1.00458 0.318688 0.37459 0.241627 0.364504 0.698032 0.38988 0.944498 0.231987 0.215604 0.598959 1.20259 0.951273 0.414775 0.256059 0.661525 0.95424 0.74948 1.17498 0.615669 1.06467 0.220257 0.147119 0.605922 0.341887 0.682424 0.265836 0.873148 0.752448 1.02385 0.566953 0.191429 1.01075 1.04453 0.604002 0.33547 0.268251 1.24254 0.779306 1.10523 0.806178 1.0996 0.429084 0.608109 0.466085 0.74146 0.640222 1.02976 1.04993 0.794548 1.12303 0.897468 0.799176 0.541096 0.979819 0.823263 0.773224 0.648147 1.13291 0.723275 0.68454 1.01344 1.01287 1.09047 0.275558 0.87507
0.454344 0.48541 0.689891 0.563981 0.890436 0.863362 0.475216 0.764413 0.54937 0.919438 0.431269 0.352364 0.367496 0.238326 0.777559 0.377975 0.907158 0.427577 0.0618174 0.459136 1.19227 0.715824 0.50336 0.45313 0.628857 0.968401 0.741476 1.00453 0.598903 0.953112 0.308565 0.162143 0.58686 0.497465 0.534768 0.321495 0.716024 0.99823 1.09889 0.574915 0.145244 0.830328 0.923228 0.504652 0.152887 0.441259 1.27911 0.895913 1.11473 0.690514 0.928567 0.590705 0.59969 0.660909 0.719598 0.490746 0.873284 0.982581 0.676187 1.13388 0.920373 0.840258 0.349589 1.18925 0.74676 0.874784 0.534682 0.930601 0.643293 0.56184 0.916821 1.14829 1.16811 0.359195 0.849481
0.395658 0.613911 0.673633 0.520841 0.68871 0.649632 0.283704 0.690676 0.477633 0.993255 0.443731 0.211288 0.118055 0.212499 0.722957 0.497052 1.06199 0.20812 0.220054 0.462132 1.1875 0.821038 0.574465 0.340668 0.500223 1.10975 0.518087 1.13143 0.738637 1.20295 0.489993 0.141282 0.651647 0.451902 0.636057 0.332733 0.636517 1.02553 1.11256 0.46502 0.254627 0.91089 1.04499 0.307105 0.152168 0.229051 1.14954 1.05155 1.18665 0.745424 0.996732 0.486204 0.627825 0.447733 0.536863 0.438328 0.825748 0.982727 0.670497 1.1077 0.842487 0.794756 0.440315 1.05016 0.990271 0.823206 0.691768 1.13878 0.741418 0.800199 0.979657 1.16362 1.15574 0.320016 0.968046
0.460688 0.57833 0.752812 0.669798 0.742862 0.714622 0.499804 0.683002 0.48187 1.07717 0.381162 0.403655 0.137704 0.450603 0.765243 0.403516 0.947653 0.340195 0.105386 0.615693 1.08175 0.982549 0.393833 0.460082 0.740238 1.05952 0.59205 1.03416 0.662376 1.11302 0.423617 0.117934 0.61026 0.287503 0.65472 0.297164 0.642083 0.890069 1.12198 0.673103 0.148073 0.726409 0.78403 0.349864 0.314279 0.299035 1.08437 1.06616 0.92046 0.805249 0.944834 0.509666 0.655024 0.364463 0.583707 0.472385 1.09952 1.02566 0.791328 0.94075 0.910606 0.985159 0.538642 1.17114 0.82995 0.71929 0.6633 1.03071 0.594111 0.646879 0.986191 1.10335 1.27642 0.361059 0.893491
0.40994 0.417338 0.763882 0.597557 0.714053 0.674759 0.487323 0.590486 0.656908 0.825911 0.44461 0.283153 0.290954 0.220503 0.924948 0.476645 0.923903 0.199954 0.157093 0.586019 1.16728 0.846208 0.483659 0.356307 0.597645 0.941564 0.584393 1.00726 0.639399 1.0442 0.440659 0.177707 0.469694 0.548971 0.654544 0.239624 0.71383 0.966222 1.20572 0.687603 0.120726 0.997704 0.986288 0.363575 0.17293 0.486701 1.05256 0.921408 0.975085 0.533864 1.04425 0.554557 0.551133 0.63363 0.689574 0.43712 0.994376 1.10539 0.695059 0.971995 0.911512 0.913293 0.448867 1.15377 0.805389 0.876944 0.5636 0.969442 0.683686 0.744028 0.830236 0.960632 1.20423 0.354974 0.882698
0.519319 0.350568 0.758006 0.633706 0.764064 0.774014 0.445969 0.672143 0.620115 1.03217 0.364343 0.382021 0.309838 0.276134 0.697289 0.27446 1.17609 0.378454 0.270987 0.570821 1.1318 0.785301 0.414026 0.462563 0.519618 0.999983 0.532003 1.13961 0.526824 1.21972 0.430479 0.136056 0.569537 0.480485 0.506598 0.480427 0.849901 0.971756 1.00859 0.553773 0.142654 0.810351 1.00159 0.583326 0.143639 0.270187 1.18835 0.910188 1.10281 0.525036 1.12958 0.452562 0.631969 0.583327 0.650752 0.620267 0.958232 1.01071 0.7448 1.1542 0.737521 0.943642 0.335291 0.969134 0.93206 0.888784 0.704138 1.08131 0.512846 0.593958 0.972837 1.131 1.22039 0.262653 0.778891
0.422833 0.479537 0.859785 0.539079 0.947386 0.924802 0.361922 0.845957 0.561726 1.0354 0.300735 0.355119 0.368611 0.272021 0.689514 0.26135 1.10019 0.476837 0.151157 0.473884 1.06538 0.767169 0.561955 0.354179 0.631813 1.10354 0.765941 1.12768 0.577655 1.0738 0.240777 0.216098 0.612681 0.359721 0.424012 0.32625 0.704998 0.996252 1.03602 0.722654 0.101919 0.989345 0.900935 0.576232 0.1115 0.282529 1.05368 0.817639 1.04084 0.675955 1.02151 0.410083 0.813335 0.426864 0.657247 0.69219 0.925968 0.999343 0.831462 1.16207 0.889329 1.03501 0.546655 0.959031 0.94823 0.866181 0.571093 1.12758 0.593933 0.527873 1.01395 0.883029 1.16015 0.303999 1.00848
0.48895 0.550342 0.854136 0.490528 0.724239 0.640581 0.396914 0.857577 0.676327 0.97668 0.399537 0.170794 0.355643 0.273691 0.689238 0.28272 1.13338 0.210558 0.111115 0.333612 1.20151 0.758672 0.511319 0.483776 0.67321 1.0694 0.70211 1.19705 0.626421 0.993788 0.264172 0.173264 0.624603 0.539585 0.572382 0.252486 0.731904 0.851117 1.15101 0.458932 0.0796321 0.838326 0.971348 0.519669 0.270699 0.430197 1.17143 1.06473 1.03123 0.593015 1.0971 0.638079 0.758536 0.66025 0.594283 0.6261 1.04113 1.09188 0.67823 0.931779 0.912694 0.765507 0.383016 0.962183 0.846845 0.684688 0.486391 0.969112 0.746905 0.644841 0.775665 0.992198 1.11746 0.409354 0.8765
0.352508 0.610586 0.722851 0.653987 0.726477 0.789701 0.456194 0.748197 0.636539 0.843705 0.169464 0.312033 0.256967 0.484128 0.654929 0.416544 0.922847 0.437713 0.0472838 0.392765 1.02801 0.694728 0.540918 0.332065 0.717955 0.915117 0.480533 1.17826 0.543462 1.1706 0.401569 0.139539 0.505651 0.312526 0.58811 0.513546 0.776944 1.02625 0.996135 0.724037 0.300364 0.901119 1.04924 0.436323 0.174086 0.324683 1.07062 0.897045 1.12128 0.70716 1.08643 0.511366 0.781847 0.373653 0.531491 0.642934 1.05786 1.10609 0.547521 0.8857 0.982881 1.04319 0.455508 1.19451 1.02028 0.774319 0.611617 1.18054 0.662411 0.672153 0.887165 0.918086 1.21813 0.228255 0.728802
0.473617 0.544319 0.824581 0.532549 0.735619 0.885809 0.515613 0.631287 0.46439 0.909335 0.181926 0.38495 0.118543 0.374785 0.690441 0.391443 1.20291 0.408335 0.0719479 0.581788 1.14491 0.96537 0.537761 0.369074 0.471791 1.10527 0.718544 1.18037 0.574639 1.16562 0.253784 0.327858 0.382985 0.401246 0.690592 0.237719 0.703336 0.800279 0.995224 0.595228 0.176906 0.788192 1.03117 0.522404 0.19894 0.393917 1.08909 0.994002 0.996203 0.597626 1.16044 0.366472 0.606419 0.366056 0.807825 0.649659 0.943644 0.931806 0.751706 0.903961 0.874817 0.76894 0.480529 1.23855 0.857048 0.764225 0.462884 0.895245 0.623859 0.581626 0.828199 0.94543 0.992062 0.310867 1.00133
0.558446 0.35839 0.634002 0.52465 0.73371 0.846543 0.401653 0.596228 0.543249 0.942409 0.325417 0.280334 0.292902 0.371135 0.858778 0.350413 0.941932 0.253575 0.212688 0.429477 1.08199 0.950945 0.472665 0.443338 0.657641 1.09223 0.775953 1.15989 0.619967 1.1173 0.347791 0.337957 0.376938 0.373547 0.677065 0.4829 0.625052 0.947506 1.09427 0.510034 0.336311 0.922553 1.01306 0.565143 0.23503 0.259724 1.18046 0.850171 1.15439 0.752547 1.19075 0.361701 0.652905 0.646376 0.763261 0.550982 1.09583 1.0257 0.796653 0.998408 0.740237 0.922679 0.428243 1.02649 0.935186 0.595216 0.490312 0.952798 0.70165 0.673694 0.923295 0.926262 1.0736 0.249743 0.731494
0.428105 0.363676 0.72529 0.56561 0.834707 0.716538 0.379748 0.709108 0.630603 1.01453 0.230727 0.31026 0.235531 0.209447 0.741841 0.38008 1.15279 0.291656 0.176009 0.45379 1.01881 0.943139 0.446481 0.315297 0.476175 1.10177 0.735373 1.08794 0.594551 1.0735 0.343579 0.222629 0.423674 0.413082 0.460333 0.375836 0.874533 0.904998 1.17241 0.59608 0.0473032 0.911293 0.869322 0.433908 0.198986 0.272894 1.10417 0.810283 1.18349 0.759494 1.13321 0.419304 0.736296 0.585467 0.714826 0.649941 0.980523 0.837245 0.795692 1.08427 0.991631 0.77288 0.514876 1.01363 0.87132 0.621179 0.584614 1.02549 0.678032 0.546893 0.800006 1.16217 1.2726 0.197436 0.724955
0.498385 0.571153 0.794357 0.670195 0.852363 0.827974 0.429302 0.826777 0.532958 0.937017 0.202122 0.221325 0.267179 0.42944 0.933409 0.429518 1.17299 0.185884 0.102395 0.481315 1.11275 0.970219 0.540396 0.444047 0.596649 1.18989 0.627641 1.07828 0.701085 1.15512 0.236566 0.323807 0.640585 0.540535 0.438107 0.483016 0.663285 0.794541 0.993342 0.594885 0.208621 1.024 1.03111 0.37675 0.366806 0.370289 1.07008 0.913649 1.1785 0.552655 1.13725 0.419642 0.746651 0.64019 0.551604 0.671849 0.990607 1.01246 0.792022 1.12667 0.889911 1.03018 0.381096 1.14571 0.814469 0.601042 0.637792 1.10891 0.617734 0.724645 0.891667 1.1039 1.21665 0.367241 0.826843
