25 75
0.748168 0.621798 0.174957 0.154611 0.40229 0.343144 0.607047 1.08394 0.839595 0.9013 0.915336 0.394313 0.769226 0.53521 0.969705 0.451077 1.22705 0.21216 0.804038 0.912839 0.289041 0.955665 0.608876 1.00464 1.1037 0.362114 1.13769 0.561281 0.191317 0.596524 0.474134 1.14655 0.475305 1.04994 0.715462 0.846505 1.13175 0.531989 0.963578 0.624372 0.825761 0.857519 0.470535 0.578433 0.729423 0.601405 0.674223 0.696479 0.449028 0.677293 0.500896 0.223042 0.727347 0.944785 0.426262 0.748138 0.341661 1.08761 0.729189 0.740967 0.83784 0.509284 1.11156 0.272451 0.402808 0.950427 0.861683 0.67658 0.564623 0.921575 0.900598 0.828645 0.999362 0.795873 0.317071
1.03787 0.530015 0.331383 0.152471 0.321671 0.5362 0.7262 0.918738 0.867978 0.907606 1.07899 0.360087 0.611184 0.593411 0.858298 0.5943 1.1261 0.207002 1.00645 1.10273 0.255349 1.1577 0.410043 1.01713 0.953129 0.340473 1.10275 0.452735 0.30525 0.624679 0.467271 1.0804 0.353552 1.07941 0.657609 1.02573 1.08496 0.387055 0.937472 0.684322 0.716183 0.996785 0.456842 0.349844 0.620943 0.707653 0.757709 0.673876 0.659025 0.723011 0.440579 0.214395 0.757026 0.836111 0.522139 0.890691 0.304312 1.06837 0.747968 0.824847 1.04994 0.455224 1.05903 0.209215 0.601859 0.897496 0.905075 0.816586 0.597651 0.671076 0.752578 0.944331 0.947666 0.875838 0.219061
1.00108 0.661147 0.278395 0.188588 0.418848 0.380873 0.503801 0.933667 0.837755 0.961611 0.917763 0.520456 0.688608 0.72149 0.807918 0.510428 1.22109 0.163175 0.911619 1.08266 0.152499 0.970822 0.647787 1.02071 1.14928 0.301067 1.26148 0.545515 0.447925 0.57902 0.357936 0.916108 0.566938 1.11318 0.777934 1.07332 0.996128 0.345185 1.15863 0.754448 0.979655 0.822422 0.336359 0.343647 0.694659 0.510363 0.730287 0.66665 0.585708 0.817077 0.653664 0.177855 0.757159 0.71198 0.436933 0.868116 0.191787 1.15108 0.769721 0.683477 0.854069 0.37676 1.0825 0.180209 0.504732 0.721161 0.714401 0.742584 0.799662 0.792607 0.789152 0.70631 1.06971 0.936867 0.40921
0.807192 0.732828 0.0916839 0.304355 0.384249 0.532835 0.581953 1.13259 0.631376 0.757618 1.17471 0.494434 0.589221 0.616517 0.852639 0.692838 1.11796 0.366324 0.934899 0.964392 0.126943 1.06562 0.398336 0.935572 1.22928 0.355458 1.26554 0.67743 0.157013 0.668177 0.457889 1.09525 0.378292 1.11607 0.725905 0.944663 1.18476 0.394115 0.984861 0.583596 0.897394 0.940651 0.421535 0.389795 0.670481 0.567376 0.773615 0.697772 0.464396 0.917042 0.625144 0.143479 0.638429 0.88355 0.638053 0.632578 0.190025 1.1803 0.824252 0.867016 1.03518 0.344461 1.04153 0.178477 0.515312 0.947347 0.898243 0.647213 0.772455 0.804616 0.964603 0.791773 1.09416 0.859393 0.441299
0.980203 0.588376 0.216729 0.416458 0.423969 0.381261 0.748352 0.928185 0.825331 0.826975 0.912095 0.507666 0.759366 0.770669 0.984496 0.398169 1.17827 0.229735 0.93037 1.12294 0.398519 0.963824 0.610332 1.11031 1.11887 0.476115 1.19362 0.683023 0.363353 0.720697 0.413164 1.05774 0.506193 1.15017 0.790371 1.0621 1.12886 0.413638 1.15806 0.745217 0.899294 0.808769 0.522731 0.506645 0.653401 0.640965 0.697553 0.525928 0.511652 0.923398 0.530645 0.320565 0.677515 0.788216 0.544348 0.618566 0.458355 0.920642 0.710772 0.89096 0.829007 0.294643 1.19094 0.227974 0.419641 0.986043 0.771829 0.784862 0.692508 0.903417 0.785894 0.827585 1.17691 0.952506 0.324177
0.867025 0.525851 0.088269 0.172617 0.433694 0.4688 0.656394 1.08617 0.709532 0.850714 0.896967 0.433843 0.617735 0.577261 0.854416 0.538397 0.994401 0.165011 0.770098 0.945527 0.362753 1.12486 0.638441 1.11582 1.12303 0.384042 1.27583 0.552269 0.312409 0.613444 0.4945 1.01055 0.53794 1.01481 0.610543 1.06814 0.962411 0.490196 1.12016 0.610019 0.905369 0.87418 0.413369 0.461219 0.632047 0.526275 0.805335 0.431355 0.690374 0.927852 0.40764 0.204445 0.52376 0.800791 0.480389 0.867524 0.298806 0.985245 0.807091 0.981804 0.804878 0.481325 1.03177 0.0146444 0.616931 0.788092 0.89494 0.832954 0.632733 0.87692 0.813334 0.781805 0.990035 1.00217 0.230505
1.00802 0.684303 0.265595 0.320983 0.327131 0.463454 0.733488 1.1228 0.653832 0.775493 1.12156 0.363465 0.772953 0.754543 0.995323 0.602755 1.21864 0.223282 0.876394 0.891162 0.151351 1.0216 0.563379 1.1405 0.955057 0.447417 1.17715 0.701955 0.290401 0.650741 0.412739 0.999952 0.40913 1.02144 0.750118 0.813514 1.08324 0.447902 0.909743 0.766498 0.790617 0.912895 0.457172 0.398372 0.684965 0.628196 0.760566 0.524131 0.654744 0.816964 0.441363 0.1289 0.724331 0.698216 0.611824 0.855072 0.252689 1.01758 0.698831 0.821503 0.973597 0.309089 1.21089 0.199646 0.374301 0.859581 0.68622 0.574398 0.759436 0.779621 0.798785 0.90216 1.12008 0.866704 0.321069
0.810645 0.551095 0.104063 0.162289 0.342758 0.568193 0.731011 1.14008 0.660157 0.774436 1.18945 0.387214 0.643961 0.699482 0.967114 0.449588 1.22071 0.456295 0.926413 1.06259 0.367555 1.07498 0.647214 1.14491 1.04112 0.382606 1.25256 0.471378 0.356728 0.592743 0.387434 0.974591 0.557048 1.06697 0.824951 0.981768 1.11187 0.51728 1.01393 0.611598 0.858679 0.868507 0.483294 0.341636 0.602794 0.652829 0.740759 0.54379 0.514784 0.791037 0.382807 0.274998 0.559416 0.693805 0.495202 0.898607 0.217753 0.910089 0.817697 0.751653 0.845401 0.475213 1.21637 0.281029 0.491814 0.929813 0.924657 0.768914 0.677737 0.7361 0.906992 0.974712 1.11061 0.890857 0.234817
0.958631 0.699653 0.149021 0.367373 0.299532 0.563371 0.459001 0.991635 0.665867 0.83473 1.16129 0.354277 0.648777 0.679692 0.835313 0.681923 0.989505 0.188508 0.765815 1.1389 0.297397 1.02217 0.580206 1.02204 1.20935 0.229043 1.27517 0.500449 0.330752 0.564486 0.425663 0.939876 0.49123 0.997855 0.708852 1.04668 0.979937 0.475076 1.1569 0.66687 0.932648 0.903546 0.496759 0.463908 0.771552 0.709493 0.966545 0.676201 0.590192 0.652492 0.610969 0.262495 0.667262 0.854713 0.520924 0.806499 0.353989 1.02769 0.600758 0.911664 1.02042 0.25825 1.15844 0.219073 0.370282 0.89174 0.903812 0.728515 0.806713 0.943526 0.70397 0.688889 0.945596 0.930341 0.43302
0.772014 0.802791 0.0940494 0.21387 0.393367 0.491613 0.573539 1.09468 0.642539 0.821524 1.04478 0.263001 0.796286 0.771674 0.963744 0.611753 1.12357 0.445459 0.932835 1.06918 0.109968 1.16398 0.413236 1.08166 1.09948 0.339067 1.04166 0.659319 0.170125 0.792576 0.307105 0.915593 0.509717 1.04788 0.655282 1.03911 0.929075 0.35835 1.04402 0.646793 0.803938 0.813195 0.502397 0.514955 0.813124 0.695433 0.793249 0.655264 0.530849 0.816491 0.478953 0.139446 0.551485 0.726238 0.374181 0.710371 0.314138 1.04398 0.788606 0.783326 0.823378 0.414208 1.1514 0.195331 0.550393 0.940357 0.792964 0.584944 0.691798 0.860597 0.912075 0.825543 0.978116 0.896754 0.232984
0.817756 0.539376 0.0963142 0.295607 0.242722 0.388159 0.629367 0.908795 0.667799 0.755323 1.11339 0.330295 0.666757 0.557732 0.964544 0.475142 1.20635 0.382772 0.793327 0.896246 0.317394 1.06765 0.421816 0.999027 0.989654 0.365122 1.22256 0.516349 0.152517 0.626048 0.342311 1.15491 0.543288 0.916872 0.78469 1.07125 1.05853 0.56417 1.06677 0.709902 0.822787 1.04988 0.600778 0.564552 0.818425 0.661697 0.727819 0.652819 0.715444 0.889235 0.474112 0.216602 0.713097 0.793721 0.621111 0.685579 0.180553 1.14175 0.849188 0.9618 0.875804 0.495539 1.24405 0.164908 0.364181 0.971272 0.91904 0.780718 0.671821 0.788691 0.721241 0.893316 1.10911 0.916961 0.440176
1.02993 0.655391 0.325789 0.166328 0.27326 0.487295 0.681787 0.994466 0.651764 0.966289 1.11574 0.393682 0.766866 0.689072 1.02077 0.401124 1.07835 0.172752 0.909444 0.951034 0.213826 1.131 0.508949 1.1003 1.08897 0.359595 1.27502 0.680394 0.27238 0.745573 0.374942 1.10785 0.575091 0.967706 0.60562 0.954417 0.993178 0.59382 1.01211 0.745489 0.922453 0.930355 0.529833 0.522073 0.715203 0.65177 0.959164 0.704849 0.661473 0.6917 0.401639 0.169231 0.784488 0.950627 0.502629 0.880643 0.30425 0.970448 0.610369 0.714836 0.911954 0.334136 1.23291 0.0508237 0.606927 0.907937 0.901599 0.770902 0.735933 0.771682 0.836208 0.935138 1.10094 0.97662 0.304261
0.894996 0.551836 0.0459726 0.216825 0.406452 0.366305 0.604411 0.939563 0.80474 0.9871 1.11288 0.281412 0.759458 0.566512 1.04184 0.636794 1.03818 0.297978 0.876794 1.04608 0.389238 1.14923 0.599467 0.901042 0.944752 0.278988 0.996454 0.698615 0.276481 0.628398 0.417791 0.89367 0.504945 1.16743 0.632796 0.856716 1.07728 0.450224 0.930023 0.738581 0.73769 0.895 0.384199 0.320883 0.806046 0.753889 0.825252 0.663847 0.720757 0.944013 0.634671 0.150828 0.671245 0.765363 0.617779 0.697185 0.364605 1.07091 0.830553 0.909103 0.888926 0.382881 1.01015 0.171543 0.529997 0.91743 0.768609 0.789302 0.766393 0.736109 0.806239 0.932228 0.955087 0.958802 0.213689
1.03582 0.537883 0.189357 0.420879 0.496344 0.509938 0.636289 1.10237 0.633871 0.82027 1.19425 0.372253 0.541438 0.809119 0.94337 0.660618 1.05941 0.288313 0.958156 1.05417 0.338568 1.05122 0.46808 1.0615 1.07708 0.230613 1.20008 0.498862 0.382652 0.649056 0.427371 1.06885 0.648481 0.995136 0.695367 0.917063 1.20001 0.328991 1.1138 0.729638 0.853964 1.02973 0.525909 0.51689 0.707505 0.514219 0.946344 0.521344 0.508403 0.690595 0.567969 0.380729 0.525259 0.748262 0.644748 0.750581 0.284754 1.0507 0.625167 0.697766 0.971639 0.411709 1.26607 0.0454984 0.494572 0.740351 0.853166 0.606065 0.629429 0.761601 0.83963 0.893693 0.967819 0.988208 0.420452
0.776564 0.752405 0.275788 0.265197 0.4611 0.592838 0.548794 0.877986 0.869485 0.806483 1.07943 0.435486 0.74712 0.616889 0.847042 0.653389 1.26776 0.226538 0.71449 1.06975 0.232209 0.976657 0.498958 0.990849 1.08523 0.277859 1.01561 0.481936 0.385876 0.832521 0.502557 0.902603 0.451942 0.960066 0.794659 0.86768 1.08378 0.468171 1.03252 0.690804 0.867481 0.874288 0.591107 0.417194 0.839295 0.756591 0.707693 0.475793 0.539839 0.811189 0.57157 0.0944981 0.786451 0.727996 0.535662 0.689154 0.383329 0.958005 0.868455 0.922644 0.905227 0.25804 1.10724 0.123726 0.421351 0.93148 0.912131 0.851395 0.74115 0.731684 0.740954 0.840602 1.14274 0.94281 0.445617
0.745855 0.755015 0.216191 0.162636 0.238659 0.616313 0.596229 1.10813 0.83155 0.77053 1.14933 0.301809 0.818532 0.743749 0.996154 0.656637 1.02484 0.207681 0.991666 0.884156 0.375323 1.18862 0.436388 1.1504 1.10358 0.399266 0.986697 0.71914 0.405432 0.666907 0.39935 1.12107 0.630742 0.965625 0.670387 0.846378 0.992141 0.485831 0.905895 0.669533 0.709378 0.994405 0.579203 0.465518 0.691606 0.551797 0.811709 0.574737 0.536089 0.844326 0.554368 0.252427 0.537712 0.701256 0.429103 0.848924 0.43361 1.08651 0.605238 0.934566 1.03666 0.331672 1.20867 0.204933 0.397067 0.79822 0.827362 0.840529 0.76846 0.850968 0.728942 0.756842 1.20017 0.809332 0.441129
0.964007 0.608239 0.227364 0.254657 0.38896 0.396562 0.724844 1.05692 0.835084 0.846989 1.15234 0.30222 0.70336 0.736911 0.881299 0.472315 1.27636 0.280305 0.854161 0.962954 0.211665 0.998785 0.415818 1.02961 1.1086 0.318568 1.21844 0.57505 0.447317 0.642107 0.504964 0.980677 0.591502 0.900742 0.605021 0.868419 1.12524 0.369311 0.908614 0.673397 0.771809 0.973685 0.414639 0.510816 0.825786 0.742387 0.865084 0.613791 0.666607 0.907471 0.376087 0.380328 0.797812 0.780512 0.505474 0.748972 0.393914 1.08834 0.616689 0.769246 1.07375 0.47012 1.03673 0.215208 0.403439 0.929914 0.94658 0.703126 0.693717 0.683863 0.711236 0.842412 0.958147 0.861072 0.295348
0.952333 0.543545 0.249794 0.374959 0.290666 0.520075 0.555412 0.958694 0.673915 0.800186 1.01854 0.515756 0.65391 0.54463 0.825828 0.505264 1.01726 0.357352 0.969758 1.11385 0.11757 1.17898 0.47375 1.09493 1.12881 0.407493 1.2102 0.647142 0.155935 0.716763 0.324538 0.943514 0.362934 1.02633 0.801622 0.784831 0.992288 0.543551 0.941215 0.551823 0.731387 1.04541 0.368559 0.297159 0.814977 0.519247 0.899578 0.697779 0.514268 0.741321 0.474417 0.346577 0.629007 0.922404 0.447403 0.856991 0.421803 0.947183 0.828215 0.885066 1.0091 0.462805 1.13353 0.099085 0.643022 0.826661 0.916995 0.703938 0.838726 0.951652 0.935399 0.926739 0.91027 0.957638 0.473854
1.00862 0.630359 0.229559 0.199902 0.480575 0.491777 0.463768 0.935926 0.816809 0.768741 0.988183 0.380265 0.671377 0.632229 0.925274 0.455584 1.17848 0.34699 0.950112 0.856212 0.213413 1.11107 0.668865 1.01471 1.12036 0.48567 1.06798 0.500654 0.414127 0.824418 0.530575 1.08621 0.612856 1.06098 0.659178 0.993975 1.22111 0.505643 1.14253 0.764429 0.75821 0.987705 0.344382 0.45121 0.662261 0.717875 0.830165 0.583635 0.509145 0.678992 0.520151 0.305028 0.595069 0.867059 0.612699 0.821271 0.236399 0.948867 0.721789 0.756383 0.998838 0.294563 1.14304 0.183633 0.385278 0.709614 0.779397 0.592662 0.617129 0.969623 0.929795 0.917687 0.976541 0.954161 0.254845
0.988086 0.612036 0.239486 0.195205 0.334042 0.618428 0.515097 1.10895 0.869541 0.911138 1.18134 0.366449 0.688377 0.781404 0.991757 0.566067 1.23809 0.41526 0.838693 0.938773 0.329873 1.0965 0.508516 0.960719 0.935691 0.245465 1.18275 0.622448 0.388678 0.730142 0.479161 0.872248 0.615165 1.04456 0.796494 1.01671 1.1682 0.379277 0.916322 0.524046 0.745281 1.00647 0.474949 0.564191 0.637304 0.79293 0.956805 0.599076 0.6559 0.749997 0.518468 0.243662 0.769523 0.908157 0.460845 0.639115 0.391607 1.12617 0.845965 0.805268 0.978932 0.342113 1.02402 0.0303162 0.530289 0.995065 0.96138 0.664612 0.786449 0.910883 0.832661 0.715408 0.96398 0.964415 0.472017
0.846564 0.629224 0.196282 0.275207 0.441575 0.608738 0.735233 1.11642 0.784371 0.898221 0.898714 0.277781 0.648922 0.66097 0.969259 0.408743 1.11185 0.306887 0.964142 1.08188 0.117324 1.04526 0.53969 1.00875 1.10288 0.438007 1.22963 0.610246 0.44982 0.557018 0.356861 1.12771 0.359858 1.11127 0.788325 0.789103 1.11302 0.43015 1.1694 0.558544 0.832399 0.856845 0.500541 0.535016 0.80722 0.751514 0.906978 0.493409 0.735314 0.722943 0.446584 0.346854 0.527071 0.710441 0.37927 0.892572 0.43207 0.967709 0.639641 0.806269 1.08104 0.480588 1.03452 0.293723 0.437148 0.934179 0.737916 0.596441 0.673756 0.912792 0.950461 0.745464 0.920216 1.01388 0.36304
0.941143 0.645746 0.195281 0.255751 0.321067 0.585334 0.634254 1.02199 0.782012 0.954439 1.12571 0.473432 0.624416 0.529426 0.885017 0.438803 1.02424 0.373066 0.779588 0.865507 0.137479 0.960376 0.470763 1.08648 0.965189 0.276078 1.21342 0.607463 0.231886 0.609723 0.492111 1.11284 0.554627 0.932585 0.773791 1.06936 1.03734 0.346154 1.009 0.658654 0.84716 0.928901 0.552101 0.560505 0.64785 0.556784 0.683098 0.454719 0.694883 0.780341 0.50971 0.362455 0.546994 0.947995 0.454701 0.834838 0.369954 1.01457 0.636341 0.839293 1.04706 0.354049 1.14984 0.20367 0.392629 0.978022 0.86893 0.579591 0.6968 0.930103 0.678826 0.953558 0.907562 0.954545 0.429732
1.00865 0.580652 0.279455 0.191103 0.38697 0.560673 0.494917 0.945596 0.798365 0.902276 0.905578 0.425923 0.74656 0.598599 0.892721 0.640258 1.17869 0.443376 0.767728 1.11453 0.302401 1.04509 0.608964 0.938456 0.954251 0.487515 1.10474 0.749853 0.181151 0.773111 0.528462 1.14097 0.400785 1.01142 0.570701 0.84164 1.04769 0.347193 1.09852 0.541597 0.934514 1.06667 0.351027 0.547377 0.717224 0.688625 0.861603 0.436046 0.607591 0.887747 0.50782 0.313355 0.511587 0.708883 0.564124 0.84171 0.394121 1.07336 0.675009 0.721813 0.864051 0.299405 1.18993 0.268883 0.364675 0.898825 0.673712 0.615791 0.844202 0.823833 0.95769 0.751819 1.13056 0.942578 0.403239
0.951246 0.526212 0.313757 0.410122 0.387915 0.385994 0.687506 1.03044 0.783847 0.839836 1.01717 0.335034 0.75146 0.621971 1.06187 0.689373 1.02474 0.347081 0.787308 0.894036 0.259765 1.17925 0.515075 0.922217 0.936704 0.442281 0.99811 0.665583 0.287225 0.662519 0.286845 1.09767 0.397023 0.937091 0.697364 0.872906 1.03453 0.334807 1.01175 0.531564 0.719026 1.03172 0.483217 0.503252 0.766687 0.708572 0.719384 0.548061 0.607053 0.887849 0.364828 0.147725 0.669372 0.946483 0.438126 0.843342 0.411385 1.16415 0.857587 0.707354 0.855014 0.259147 1.26036 0.227252 0.484279 0.924976 0.962386 0.61768 0.769763 0.763966 0.905855 0.791472 1.03702 0.975819 0.183363
0.932669 0.611566 0.160096 0.366443 0.450339 0.538634 0.497206 1.01807 0.865015 0.845636 0.931762 0.534824 0.659126 0.666899 1.00978 0.692614 1.09646 0.165318 0.991538 1.04546 0.299059 0.944204 0.413048 1.06811 1.1847 0.411815 1.2135 0.571148 0.310755 0.621035 0.352942 1.05691 0.557254 1.11935 0.609575 1.00333 1.00807 0.354912 1.07233 0.510064 0.798233 1.04789 0.388105 0.525871 0.833411 0.560633 0.91463 0.456962 0.721201 0.924314 0.593321 0.211715 0.558583 0.892631 0.518181 0.690107 0.276512 0.9372 0.647482 0.844486 0.987842 0.266433 1.07902 0.0570444 0.610513 0.751631 0.700636 0.844756 0.725485 0.717192 0.676076 0.871491 0.995238 0.918437 0.245778
