25 75
0.843346 1.08813 0.287686 0.429031 0.800252 0.370861 0.31373 0.919564 0.658359 0.934153 0.133202 0.809861 0.311321 0.895497 0.0513446 0.591124 0.722612 0.608293 0.986717 0.913147 0.325367 0.445848 0.656933 0.921623 0.449875 0.767101 0.237509 1.28226 0.936714 0.765901 0.639452 0.326252 0.793094 0.103823 0.336546 1.23746 0.435849 0.173823 0.654456 1.06751 0.777124 0.826211 0.98621 1.03516 1.02686 0.959976 0.906019 0.814535 1.12125 0.788162 0.235103 0.804274 0.494842 0.639118 0.625606 0.517252 1.05606 0.870533 0.89442 0.554114 1.16604 1.01317 1.04487 0.930139 0.849999 0.659559 0.923998 0.789224 0.750468 0.210507 0.359874 0.297959 0.717667 1.26532 0.275417
0.909561 0.959482 0.229608 0.61404 0.555815 0.648509 0.0688982 0.970261 0.459411 0.922465 0.270535 0.664618 0.514701 0.869659 0.317513 0.618909 0.616021 0.555931 0.94065 0.890686 0.33259 0.382206 0.78403 0.91501 0.512495 0.967926 0.0741558 1.19381 1.07428 0.77957 0.6421 0.292146 0.578408 0.340633 0.245191 1.15506 0.395694 0.230926 0.641845 1.22491 0.627505 0.817854 1.08168 1.02182 0.865544 1.09777 0.752733 0.886285 0.989905 0.78419 0.0256981 0.644541 0.701999 0.561455 0.531623 0.510177 1.01973 1.13257 0.962223 0.79053 1.06918 0.825613 1.02679 0.981309 0.760554 0.82574 0.995051 0.784748 0.527284 0.47621 0.123642 0.280957 0.66207 1.26584 0.528008
0.828769 0.97055 0.142295 0.358426 0.767352 0.575246 0.143578 0.954841 0.469947 1.04312 0.213295 0.596774 0.427926 0.756351 0.183765 0.700697 0.643454 0.498851 0.960655 0.878237 0.367235 0.49203 0.872239 0.717188 0.40995 0.907932 0.0800303 1.13562 0.817548 0.930259 0.480165 0.356672 0.867996 0.0639718 0.0840524 1.17984 0.239152 0.216652 0.665301 1.02928 0.72046 0.793558 1.01657 0.949701 0.966482 0.949318 0.812527 0.775109 1.22402 0.703164 0.0760412 0.765174 0.492136 0.666442 0.575853 0.677809 0.951367 0.879086 0.81317 0.700195 1.1838 0.938312 1.01198 1.07918 0.927098 0.822978 1.21235 0.654174 0.634742 0.235164 0.17799 0.293952 0.764518 1.27085 0.256087
0.920478 0.899147 0.262396 0.463675 0.718998 0.567951 0.176615 0.976987 0.647149 1.03875 0.388458 0.63998 0.486529 0.760332 0.286973 0.668242 0.582659 0.623162 0.808788 0.956936 0.445709 0.492251 0.809062 0.992175 0.451429 1.03349 0.0776029 1.08959 1.03374 0.82641 0.624518 0.338116 0.619082 0.0851091 0.329004 1.15387 0.441019 0.440331 0.59294 1.13999 0.646292 0.697262 1.12507 0.928737 0.984454 1.04628 0.99965 0.767161 1.02499 0.854306 0.208234 0.548987 0.656413 0.599573 0.469051 0.452848 0.927787 1.01431 0.910481 0.68997 1.14752 0.99203 1.04325 0.937207 0.955908 0.877137 1.08631 0.77076 0.813249 0.429176 0.247104 0.22028 0.877911 1.09516 0.357679
0.872052 0.892253 0.326246 0.439583 0.652955 0.495966 0.233147 1.01104 0.484624 0.883224 0.249542 0.73598 0.484177 0.701146 0.24157 0.630756 0.637271 0.380201 0.906853 0.928585 0.298189 0.464996 0.648775 0.790602 0.256473 0.854142 0.358618 1.03985 1.09886 0.922375 0.615886 0.318197 0.770312 0.208163 0.134764 1.12139 0.410336 0.333826 0.773218 0.98876 0.810195 0.63391 0.971267 0.935076 1.03372 1.11817 0.75492 0.939265 1.26205 0.850047 0.189535 0.737336 0.708969 0.439587 0.729828 0.587768 1.07787 0.937285 0.885192 0.675305 1.25621 1.00575 1.00314 1.03547 0.793877 0.648099 1.1671 0.800151 0.634927 0.335305 0.219829 0.256325 0.847542 1.02662 0.290919
0.977736 0.950202 0.188656 0.459998 0.646448 0.624856 0.301809 1.01738 0.379443 0.999043 0.334854 0.613138 0.432398 0.751075 0.0866063 0.665936 0.608901 0.525329 0.910881 0.933781 0.361251 0.327528 0.807516 0.956276 0.273152 0.761449 0.322566 1.18415 0.918152 0.834031 0.475997 0.295171 0.787497 0.101924 0.33308 1.1206 0.223244 0.232262 0.616375 1.03325 0.739034 0.876129 1.15533 0.824933 1.04214 0.889208 0.942337 0.882052 1.01033 0.969304 0.165377 0.720167 0.524708 0.413752 0.56123 0.704019 1.07784 1.04029 1.04337 0.634634 1.15453 0.887172 0.96018 0.991543 1.00026 0.790942 1.04799 0.789163 0.762855 0.349977 0.231708 0.308215 0.721225 1.21035 0.455972
0.967547 1.14579 0.254396 0.341945 0.546247 0.575682 0.0819368 0.910756 0.522298 1.10102 0.275662 0.644811 0.379122 0.833638 0.241441 0.657364 0.630934 0.381855 0.989284 0.900984 0.247638 0.388263 0.850464 0.948016 0.443135 1.03921 0.291587 1.07443 0.993267 0.81312 0.482782 0.248881 0.703169 0.24809 0.25818 1.2589 0.337672 0.214095 0.751238 1.20716 0.518058 0.839214 1.20307 0.89539 0.851491 0.958196 0.792941 0.969377 1.19635 0.952337 0.0320419 0.585583 0.670616 0.574775 0.735392 0.70696 1.14293 0.867258 0.987371 0.650307 1.16661 1.00831 0.977441 0.936834 0.825001 0.807626 1.14548 0.860705 0.772369 0.222654 0.177529 0.321118 0.650011 1.09715 0.521963
0.864034 1.01601 0.224951 0.60684 0.538276 0.39587 0.0741821 0.819875 0.584823 1.04713 0.249473 0.599007 0.244501 0.909103 0.194107 0.717951 0.623532 0.445465 0.884566 0.807966 0.360881 0.353598 0.619286 0.863468 0.266221 1.02956 0.361838 1.02127 0.843361 0.794526 0.555487 0.370123 0.665087 0.319762 0.172609 0.987309 0.361688 0.386336 0.661524 0.960968 0.596651 0.778092 1.10177 0.924452 1.03147 1.17358 0.7896 0.906938 1.13946 0.71729 0.175222 0.54324 0.470715 0.422724 0.566334 0.516227 1.01592 1.1093 0.998261 0.704305 1.22404 0.896644 1.21559 1.05981 0.787368 0.789864 0.937445 0.638542 0.678159 0.221992 0.190656 0.14693 0.709204 1.0747 0.280019
1.03063 1.15351 0.322424 0.485191 0.775598 0.424653 0.145385 0.806448 0.434563 0.92236 0.363597 0.744767 0.234868 0.792663 0.190069 0.686432 0.584045 0.359892 0.929939 1.00171 0.224393 0.483141 0.827658 0.977118 0.248117 1.02913 0.228073 1.23507 0.840832 0.93086 0.677096 0.431606 0.795269 0.254599 0.274281 1.04084 0.455498 0.265027 0.718024 1.20379 0.56662 0.920179 1.22371 1.03801 0.846335 0.983788 0.995824 0.851642 1.14619 0.686413 0.231728 0.688431 0.586885 0.588607 0.641266 0.72486 1.16688 0.929446 0.847713 0.693468 1.12814 1.07524 1.19604 0.883246 0.875149 0.757411 0.996013 0.684713 0.525284 0.1936 0.353393 0.306867 0.703749 1.12628 0.374576
0.850943 1.08354 0.166345 0.335338 0.608198 0.508628 0.148931 0.96937 0.405868 0.993279 0.263571 0.635677 0.475041 0.900759 0.0869014 0.507333 0.775427 0.390605 0.899894 1.02425 0.405934 0.316194 0.766942 0.794828 0.247236 0.916373 0.157764 1.11808 0.936336 0.756301 0.524451 0.337521 0.591804 0.272828 0.0800921 1.21565 0.468051 0.340761 0.651947 0.974052 0.709484 0.639365 1.17768 1.06051 1.03246 0.948961 0.809818 0.930428 1.09782 0.754574 0.265923 0.750651 0.650121 0.432636 0.641233 0.60526 1.05185 1.0392 1.05057 0.569169 1.27116 0.97593 1.15538 1.09603 0.998966 0.879563 1.20735 0.610474 0.708246 0.432929 0.114938 0.132798 0.708763 1.19026 0.274266
0.81356 1.13165 0.294776 0.423909 0.620081 0.524196 0.315166 1.06266 0.496458 1.09944 0.285046 0.770577 0.44929 0.974937 0.331199 0.615586 0.609894 0.381287 0.858344 0.957442 0.393632 0.427643 0.592224 0.813325 0.39378 0.9204 0.295132 1.14451 0.969609 0.955315 0.466427 0.51651 0.599522 0.0917337 0.131519 1.19254 0.257964 0.311642 0.756397 0.960363 0.632284 0.777794 1.08821 1.02637 0.848337 0.964171 0.977019 0.967616 1.1072 0.682423 0.19318 0.618887 0.542796 0.67826 0.46733 0.514832 0.983608 1.08578 0.770235 0.58349 1.03071 0.910223 1.08508 0.871207 0.806885 0.706326 1.14719 0.606036 0.707153 0.244066 0.206267 0.319906 0.926189 1.0031 0.498696
0.893459 1.00832 0.216792 0.411043 0.722541 0.608805 0.286228 0.989259 0.535688 1.06891 0.385131 0.797495 0.421799 0.806258 0.147039 0.545044 0.676465 0.403611 0.980165 0.931351 0.261252 0.596727 0.88068 0.963313 0.278744 0.836504 0.16704 1.02378 1.01562 0.826469 0.631098 0.327726 0.858038 0.275513 0.277597 1.21404 0.451989 0.246281 0.554802 1.2576 0.602014 0.638233 0.982877 0.796886 0.982043 1.03589 0.811315 0.939688 1.07691 0.878747 0.129183 0.802693 0.538521 0.520805 0.719467 0.501675 0.968064 1.01001 0.855898 0.684794 1.11127 0.822649 1.087 0.975991 0.922444 0.873678 1.13823 0.807914 0.624543 0.425118 0.0721871 0.115036 0.880853 1.17007 0.386734
0.931553 1.16112 0.318295 0.494532 0.645029 0.54683 0.281716 0.968797 0.433005 0.972314 0.306017 0.834526 0.518015 0.939035 0.139214 0.665371 0.667788 0.555058 1.06244 0.887519 0.228208 0.513037 0.642101 0.94334 0.516134 0.837684 0.245325 1.23964 0.919951 1.00199 0.573329 0.343791 0.824189 0.126531 0.305375 1.17696 0.215403 0.242035 0.693267 1.02282 0.702334 0.911647 1.01555 0.844683 0.814111 0.900381 0.848779 0.835058 1.2841 0.701385 0.230822 0.749862 0.52489 0.433367 0.690181 0.493339 0.996493 1.12711 0.989196 0.609907 1.26423 1.0972 1.03094 1.04284 1.02576 0.623881 1.09019 0.608498 0.71986 0.246713 0.188653 0.285012 0.816579 1.1999 0.531912
0.867525 0.957802 0.0771868 0.581812 0.703854 0.495303 0.324136 0.918348 0.528284 1.02473 0.139903 0.658182 0.284222 0.693298 0.204973 0.554385 0.536616 0.578592 0.813104 0.836267 0.301379 0.456874 0.667015 0.739775 0.456795 1.05755 0.149827 1.03462 0.970166 0.78522 0.569116 0.391999 0.838901 0.123985 0.31198 1.08396 0.444741 0.238673 0.786347 1.0654 0.747593 0.913498 1.09288 0.782459 1.02535 1.1402 0.755034 0.855209 1.26742 0.927456 0.245863 0.645748 0.683701 0.461619 0.629614 0.502462 0.95974 1.08838 0.844965 0.812101 1.25147 1.04749 1.15209 0.851737 0.816748 0.622793 0.968473 0.716639 0.592169 0.480757 0.243022 0.122665 0.701914 1.104 0.522286
0.955196 1.03018 0.292545 0.62375 0.616821 0.584547 0.249259 0.854769 0.435548 0.880577 0.374387 0.855171 0.36719 0.963086 0.121494 0.4661 0.49658 0.43554 0.95064 0.763428 0.296718 0.438304 0.719721 0.8843 0.297684 0.901489 0.268264 1.12287 1.02359 0.89823 0.619363 0.30848 0.715796 0.15468 0.177694 1.06526 0.211009 0.455101 0.542924 1.02058 0.611459 0.882619 1.15644 1.03778 0.836771 1.07856 0.817349 0.864065 1.05406 0.77599 0.128638 0.781668 0.621626 0.61072 0.621855 0.474922 1.11622 1.07577 0.935299 0.799267 1.20395 1.06809 0.985752 0.990705 0.890411 0.730404 0.970661 0.638028 0.576401 0.467989 0.20052 0.314013 0.802787 1.03874 0.353343
0.845697 0.879165 0.336911 0.437642 0.664121 0.637633 0.0542644 1.03106 0.499191 0.948871 0.411763 0.738164 0.269703 0.890002 0.0575769 0.491107 0.691508 0.404226 1.01319 0.920634 0.390359 0.542523 0.834982 0.840668 0.226046 0.981912 0.203908 1.07768 0.810552 1.0052 0.710615 0.385876 0.830588 0.191614 0.0861861 1.1121 0.44068 0.371872 0.775749 1.22532 0.755515 0.840335 0.99969 0.796895 1.01491 1.05366 0.84144 0.967376 1.11378 0.757972 0.0378791 0.574908 0.505995 0.659297 0.494778 0.521481 1.00095 1.06413 0.800891 0.777894 1.07807 0.991227 1.13229 0.827714 0.845569 0.78458 1.14172 0.776909 0.703261 0.328021 0.306172 0.304855 0.883287 1.23052 0.403728
0.938221 1.15356 0.102409 0.535911 0.798616 0.43902 0.316104 0.78332 0.395039 1.01305 0.314565 0.598351 0.337057 0.816945 0.338809 0.438614 0.67865 0.458831 0.876736 0.892674 0.179169 0.474297 0.654895 0.745406 0.239245 0.846952 0.238337 1.28862 0.874687 0.934941 0.625031 0.427643 0.648134 0.161701 0.198394 1.20544 0.188867 0.392448 0.650854 1.06285 0.646096 0.788375 1.04949 1.05224 0.893337 1.07144 0.987214 0.944687 1.00737 0.775972 0.32238 0.671838 0.543068 0.583741 0.48717 0.535951 1.13613 1.11359 1.02278 0.801631 1.06085 1.01985 1.04107 1.10328 0.926105 0.897273 0.989916 0.731427 0.520998 0.378384 0.114279 0.0988857 0.767946 1.05981 0.418526
0.752999 1.12818 0.337553 0.597925 0.601572 0.384702 0.231715 1.05584 0.493278 0.895783 0.133057 0.704709 0.307342 0.981897 0.219151 0.530805 0.591361 0.611947 0.980044 0.902093 0.198698 0.402226 0.788055 0.845309 0.481938 0.792377 0.208798 1.1336 0.955011 0.843569 0.516506 0.402504 0.627562 0.324616 0.092895 1.06391 0.240027 0.433284 0.587206 1.0839 0.688301 0.700891 1.01677 0.859035 1.04477 1.01668 0.97215 0.912723 1.20319 0.739266 0.15564 0.711322 0.666508 0.484567 0.575579 0.483892 1.02918 0.856957 0.91886 0.551763 1.11719 1.03996 0.961242 0.854662 0.90969 0.895452 0.997221 0.700427 0.597258 0.208708 0.219342 0.359861 0.701906 1.1781 0.336026
0.814954 1.17105 0.260544 0.439448 0.806628 0.473228 0.274584 1.03301 0.500905 0.8906 0.381689 0.610349 0.422951 0.854406 0.152952 0.573142 0.70292 0.503416 0.839004 1.01695 0.367105 0.525825 0.795214 0.806864 0.291566 0.98091 0.35663 1.16918 1.04491 0.956586 0.52158 0.431381 0.70747 0.251471 0.166998 1.24614 0.389583 0.185581 0.722436 1.24077 0.594446 0.833211 1.22426 1.05315 0.976813 1.0945 0.832753 0.983904 1.22206 0.737456 0.317062 0.774664 0.687153 0.49006 0.464084 0.634588 1.08749 1.02509 0.880264 0.697189 1.05482 0.922026 1.03247 0.839287 0.772045 0.828173 0.938229 0.741605 0.62926 0.414002 0.316587 0.385311 0.663534 1.23533 0.513835
0.923224 0.985543 0.087425 0.473205 0.635346 0.562069 0.164621 0.863556 0.596479 0.91968 0.264521 0.818447 0.259554 0.960729 0.0938994 0.726743 0.700589 0.515091 0.98229 1.03108 0.419578 0.425169 0.613443 0.946783 0.470293 0.882843 0.362436 1.14032 0.947596 0.793575 0.689405 0.307515 0.716189 0.173167 0.111274 1.13318 0.340032 0.459894 0.762479 1.11985 0.626415 0.635679 1.17156 0.915064 0.836316 0.994729 0.732048 0.926199 1.11324 0.925819 0.210958 0.811907 0.428573 0.5145 0.525231 0.698141 0.956812 1.02052 1.02352 0.669589 1.22863 0.985862 1.1454 0.992115 0.999092 0.669152 0.9406 0.86645 0.598311 0.369315 0.113185 0.158049 0.647842 1.15104 0.35324
0.772211 0.932701 0.0877569 0.542831 0.794532 0.429791 0.151401 0.984399 0.647657 0.94078 0.323844 0.797986 0.51285 0.859586 0.0949732 0.720861 0.710387 0.389561 0.809703 0.760848 0.353286 0.499607 0.761263 0.807647 0.37509 0.818622 0.11071 1.13232 0.830805 0.823645 0.447329 0.440602 0.754959 0.105443 0.255671 1.19522 0.371884 0.26317 0.788746 1.06134 0.700133 0.854589 1.11928 0.78161 1.05459 0.916018 0.859473 0.906903 1.03513 0.899056 0.0310564 0.808039 0.491286 0.526403 0.675166 0.605689 1.07911 0.880723 0.757379 0.67323 1.29543 0.83056 1.13309 0.842887 0.817433 0.858937 1.15875 0.709063 0.564323 0.253373 0.321973 0.262294 0.876589 1.28556 0.355676
0.832348 1.06401 0.271217 0.436767 0.767218 0.460811 0.316485 0.884135 0.534303 1.04318 0.212198 0.747752 0.276639 0.818986 0.0860422 0.663957 0.665037 0.554386 0.822385 0.988487 0.275087 0.495713 0.806928 0.795345 0.466947 0.956447 0.102219 1.1905 0.830124 0.822384 0.500446 0.235591 0.688503 0.252476 0.110377 1.11305 0.370941 0.317467 0.596173 1.09587 0.77578 0.640156 1.10947 0.925905 0.787769 0.98635 0.965991 0.999044 1.13218 0.679403 0.217396 0.744021 0.57962 0.524213 0.523525 0.494947 1.13542 1.01893 1.04028 0.673406 1.25033 0.912853 1.22284 0.946284 0.87057 0.63644 0.926833 0.778593 0.682044 0.413973 0.126304 0.114083 0.854736 1.02169 0.483911
0.846635 1.06543 0.287607 0.623464 0.752276 0.592741 0.17763 0.893784 0.565594 0.942562 0.194922 0.673686 0.352185 0.790878 0.304301 0.498403 0.615413 0.488345 0.96155 0.798756 0.428272 0.493243 0.871503 0.955396 0.227729 1.00758 0.335985 1.06704 0.968558 0.894959 0.661545 0.43265 0.755367 0.34436 0.322316 1.03917 0.271311 0.189301 0.644176 1.20426 0.526023 0.785708 1.17403 0.935101 0.811427 0.900918 0.864278 0.886921 1.18497 0.869209 0.200118 0.818659 0.479139 0.492066 0.536521 0.666981 0.912284 1.03519 1.05266 0.742396 1.28656 1.05262 1.08152 1.04861 0.805258 0.619851 1.03659 0.667086 0.521758 0.280325 0.354457 0.259911 0.674536 1.04293 0.461751
1.03477 0.970942 0.270996 0.534753 0.655837 0.58133 0.172444 0.948995 0.486761 0.86103 0.305156 0.804865 0.475882 0.952511 0.224063 0.434434 0.777087 0.405058 1.02709 0.942926 0.363995 0.546504 0.737097 0.974901 0.325215 0.764293 0.226778 1.26172 0.843429 0.796303 0.696004 0.359603 0.804816 0.266612 0.208484 1.16396 0.297721 0.422789 0.655519 1.23835 0.7045 0.894989 1.15658 0.88326 0.774596 0.936318 0.882856 0.889053 1.28322 0.758948 0.191619 0.706967 0.569661 0.669764 0.552087 0.464785 1.06606 1.13654 1.01772 0.548901 1.22033 1.04179 1.00503 1.04441 0.999708 0.850055 0.981967 0.603655 0.689953 0.426914 0.284161 0.254864 0.822404 0.993933 0.271528
0.776593 1.12799 0.269948 0.616014 0.571998 0.352558 0.329001 0.943301 0.66061 0.900257 0.181244 0.556462 0.235385 0.8932 0.242719 0.649998 0.509613 0.454905 1.04698 1.00121 0.370305 0.579304 0.805062 0.872113 0.338032 1.03007 0.247234 1.01826 0.954778 0.903981 0.463356 0.412256 0.657404 0.061951 0.252223 1.03959 0.420684 0.266454 0.545128 1.00332 0.600975 0.764004 1.14062 0.896728 0.850272 0.915265 0.854962 0.912607 1.28357 0.765945 0.0593442 0.809342 0.497234 0.470235 0.740805 0.454249 0.971147 1.02643 0.910822 0.752619 1.28479 0.846632 0.978138 0.858292 0.787899 0.638462 1.05208 0.641091 0.79643 0.442391 0.227843 0.246311 0.800741 1.02633 0.397828
