25 75
0.364457 0.22352 0.362701 0.44316 0.676346 0.0640381 0.55054 0.154081 1.0122 1.01645 0.669427 0.386464 0.856817 0.250704 0.847521 0.38118 0.777984 1.11889 0.257982 0.879765 0.615718 0.853882 0.507806 0.892201 1.01016 0.368015 1.07896 0.589777 0.341232 0.247077 0.81673 0.50266 0.200926 0.28048 0.553843 0.829042 0.953234 0.357797 0.894945 0.832281 0.891692 0.748873 0.147255 1.12751 0.767961 0.798645 1.12667 1.02308 0.598665 0.43433 0.742821 0.672297 0.327795 0.489279 0.80133 0.959086 0.542048 0.466146 0.527816 1.00206 0.215671 0.784823 0.760477 0.952678 0.602912 0.366878 0.396931 0.863581 0.58895 0.853825 0.584483 0.746895 0.429874 0.431831 0.901091
0.407135 0.417494 0.239312 0.386991 0.643255 0.30561 0.511384 0.159419 0.812294 0.872872 0.616967 0.384531 1.10104 0.246282 0.946819 0.29023 0.857005 0.951091 0.33389 0.839569 0.580023 0.869427 0.687302 1.01646 1.23528 0.156158 1.03073 0.518459 0.589653 0.498478 0.910303 0.547724 0.249205 0.319856 0.680353 0.922463 0.875338 0.410732 1.07717 0.968051 0.859468 0.677665 0.288576 1.19224 0.690457 0.941672 0.952785 1.13023 0.656427 0.643563 0.641968 0.873185 0.228012 0.548257 0.787591 0.724979 0.495034 0.497718 0.431339 0.92161 0.408137 0.821271 0.844607 1.15692 0.465103 0.48932 0.657425 0.893576 0.491752 0.986742 0.56294 0.853098 0.506047 0.414615 0.974121
0.446525 0.269515 0.346268 0.475145 0.546029 0.305589 0.467136 0.371129 1.0094 1.08303 0.466594 0.27606 1.09986 0.326053 0.842048 0.503432 0.750029 0.946348 0.235037 0.7977 0.617063 0.93244 0.68514 0.904449 1.27016 0.21298 1.10757 0.505837 0.40976 0.370664 0.791264 0.578303 0.120704 0.26528 0.634293 0.999227 0.816395 0.41134 0.902553 1.09091 0.94809 0.687951 0.436255 1.1124 0.653489 0.890595 1.10943 1.26206 0.525895 0.492103 0.465216 0.812048 0.231247 0.679638 0.76747 0.788761 0.665988 0.406629 0.368121 0.872095 0.452359 0.771619 0.773216 1.13284 0.419698 0.452777 0.640147 0.959383 0.375924 0.833511 0.330549 0.742398 0.457839 0.281114 0.880134
0.379199 0.207827 0.367127 0.43164 0.6067 0.0903038 0.358645 0.323105 1.00968 1.01499 0.574019 0.243592 0.924553 0.353535 0.787038 0.472082 0.714782 0.96627 0.460921 0.981032 0.417557 0.904331 0.61944 1.00659 1.26435 0.261338 1.0954 0.595436 0.4392 0.264717 0.827862 0.466503 0.324575 0.160698 0.520654 0.891866 0.895057 0.431058 1.05651 0.915779 0.84191 0.715951 0.172448 1.15866 0.80392 0.77268 1.11262 1.05305 0.690164 0.456486 0.657799 0.685558 0.0534355 0.416816 0.868378 0.732119 0.63707 0.250866 0.588035 0.784398 0.189358 0.850151 0.976243 0.987812 0.358646 0.300498 0.454955 0.970719 0.335548 0.890104 0.599347 0.897648 0.382525 0.438188 0.959385
0.427924 0.233556 0.426694 0.544143 0.540643 0.0392673 0.482652 0.158904 0.982665 0.999174 0.574617 0.251846 0.918938 0.328362 0.960993 0.430521 0.785119 1.07914 0.490375 0.967756 0.524295 1.07195 0.751724 1.0499 1.12419 0.241605 0.919584 0.52287 0.458592 0.262503 0.772288 0.389412 0.300265 0.16844 0.556002 1.08731 0.934539 0.58197 0.975464 1.09718 0.896144 0.8422 0.419425 1.05921 0.649404 0.707308 1.18568 1.22513 0.429271 0.423052 0.521084 0.656894 0.119295 0.500969 0.952215 0.89312 0.553118 0.517335 0.433387 1.03532 0.303071 0.595689 0.748377 1.05029 0.488267 0.417659 0.509017 0.941035 0.596043 0.713896 0.434257 0.829167 0.389432 0.563903 0.852152
0.304849 0.217158 0.507654 0.390262 0.804936 0.123638 0.432294 0.363022 0.967548 1.11863 0.501265 0.270279 0.979667 0.288556 0.845749 0.575378 0.692405 1.17039 0.430833 1.0595 0.580887 0.830133 0.788137 0.971662 1.243 0.405133 0.977318 0.486511 0.353286 0.441794 0.902479 0.573435 0.220734 0.118712 0.49696 0.839111 0.766261 0.597681 1.0475 1.10904 0.984679 0.852602 0.387192 1.05933 0.707315 0.921538 0.951808 1.24387 0.432367 0.676327 0.666519 0.796275 0.112026 0.45239 0.820355 0.714896 0.683055 0.234224 0.327963 0.981287 0.213482 0.682264 0.886044 0.894797 0.3453 0.30584 0.497397 0.816747 0.393247 0.817455 0.440926 0.785184 0.581343 0.520936 0.941264
0.28752 0.257556 0.244303 0.362622 0.540235 0.101802 0.38255 0.234201 0.763575 1.04545 0.740268 0.50279 0.858823 0.237005 0.757303 0.433116 0.712873 1.13072 0.380302 1.03185 0.561173 0.820141 0.60703 1.08854 1.26398 0.239833 0.89544 0.739852 0.577319 0.354362 0.905215 0.632304 0.219076 0.242957 0.620516 0.969194 0.903085 0.457082 0.874533 1.08969 0.921889 0.744464 0.204855 1.13424 0.585229 0.720825 0.943324 1.06501 0.561551 0.636802 0.653686 0.813734 0.0550895 0.623373 0.841682 0.831409 0.74912 0.385392 0.499419 1.02114 0.361898 0.600964 0.921698 1.07128 0.342102 0.535642 0.376828 1.03103 0.47342 0.889691 0.486255 1.00544 0.466423 0.395131 1.01829
0.238416 0.297427 0.456959 0.542645 0.756942 0.290891 0.324196 0.317448 1.01336 1.12898 0.6377 0.397822 0.985823 0.307926 0.851229 0.570595 0.684022 0.912919 0.370319 0.886956 0.586324 1.03588 0.744996 0.999958 1.03981 0.209415 1.14171 0.544704 0.329268 0.45449 1.0253 0.37049 0.381539 0.0585384 0.58922 0.861408 0.835199 0.355075 1.14123 0.847314 0.960886 0.726357 0.16662 1.14919 0.653539 0.877926 0.971014 1.1097 0.684349 0.678086 0.741116 0.650858 0.217859 0.530787 0.821325 0.779836 0.581506 0.230196 0.611644 0.945884 0.233435 0.815603 0.946657 1.07741 0.491847 0.325104 0.509575 1.0059 0.519389 0.97941 0.500129 0.923253 0.409845 0.53246 1.00127
0.237431 0.238338 0.399459 0.479741 0.585749 0.210156 0.581412 0.260726 0.999139 0.870678 0.589991 0.521494 1.06439 0.184428 0.731617 0.419951 0.596001 1.02044 0.415499 0.807735 0.337219 0.890565 0.633078 1.02103 1.21298 0.433804 1.06591 0.559578 0.512047 0.349327 1.0065 0.590862 0.343754 0.107838 0.653264 0.917743 0.850091 0.619715 0.929386 0.907984 1.11465 0.82233 0.335601 0.967134 0.836294 0.851582 1.09195 0.995234 0.471733 0.465674 0.742996 0.904693 0.151904 0.482248 0.7281 0.894995 0.511739 0.515865 0.555741 0.853396 0.326558 0.711372 0.969689 1.15547 0.388689 0.316563 0.65311 0.830762 0.331931 0.802991 0.556678 0.839982 0.408719 0.344047 1.09296
0.385735 0.427053 0.303079 0.557932 0.727447 0.17933 0.484418 0.345415 0.825728 0.860903 0.479146 0.471467 0.884338 0.375631 0.799529 0.31157 0.776763 0.945953 0.206421 0.792073 0.575891 0.994648 0.67182 1.15259 1.24299 0.382457 1.12683 0.611998 0.346882 0.455799 1.03656 0.385107 0.245667 0.0244441 0.66607 1.09521 0.855056 0.337343 0.973587 0.933065 0.884488 0.794471 0.387275 0.995548 0.808058 0.918537 1.17559 1.07824 0.668655 0.578297 0.508084 0.718628 0.137728 0.494489 0.70315 0.760839 0.504963 0.330556 0.366231 0.923715 0.281947 0.604365 0.947881 1.01054 0.518861 0.566945 0.377477 0.828705 0.521306 0.782919 0.397129 0.933505 0.383231 0.319486 0.894231
0.258323 0.482388 0.274892 0.347327 0.688536 0.169168 0.485338 0.33941 0.763888 1.05307 0.500508 0.510652 1.06789 0.343036 0.923748 0.380562 0.582475 1.1883 0.44876 1.06383 0.518054 0.964891 0.59604 0.96074 1.05996 0.423768 0.937948 0.674017 0.434527 0.4227 0.951242 0.595166 0.189867 0.0654447 0.628915 0.877222 0.929519 0.467706 0.971212 1.08459 0.932777 0.681105 0.266898 1.21071 0.595832 0.775254 1.06523 1.2273 0.52076 0.460861 0.578458 0.725632 0.199713 0.456872 0.717621 0.87652 0.586976 0.521263 0.595756 0.761367 0.410686 0.689235 0.817653 0.948886 0.326884 0.472185 0.62947 0.972002 0.340006 0.866724 0.577197 0.823764 0.628237 0.447088 0.939461
0.43428 0.45665 0.267061 0.343741 0.571213 0.0640853 0.424107 0.314917 0.826516 0.999309 0.535167 0.343866 0.866239 0.450374 0.837157 0.392391 0.807007 1.06403 0.276236 0.842867 0.550967 0.883067 0.707903 0.900585 1.04981 0.177156 1.02704 0.5495 0.506119 0.219934 0.906041 0.644724 0.306033 0.307527 0.705136 0.878358 0.756957 0.485633 0.932944 0.878831 0.914206 0.790166 0.199824 1.15254 0.661535 0.862009 1.08845 1.07065 0.457052 0.460385 0.553601 0.799248 0.140623 0.430743 0.930875 0.731368 0.749649 0.418853 0.330254 0.766189 0.382541 0.718324 0.856667 0.986775 0.522349 0.32202 0.624683 0.741912 0.577902 0.957647 0.442223 0.800232 0.603254 0.43538 0.956261
0.338615 0.414126 0.357197 0.515087 0.702436 0.223703 0.474384 0.297602 0.888505 1.12586 0.654058 0.402682 1.09914 0.194113 0.692003 0.374341 0.812633 0.898152 0.308895 0.921829 0.572762 0.815178 0.688884 0.979666 1.27051 0.205717 1.00297 0.735415 0.385763 0.285717 0.870522 0.64675 0.356628 0.157489 0.636451 1.05586 1.00476 0.431151 1.07635 1.10679 1.07326 0.593642 0.170232 1.04515 0.689491 0.710725 1.08394 1.11476 0.639689 0.511836 0.459782 0.896054 0.281771 0.692964 0.915967 0.903594 0.758837 0.308893 0.398214 0.763002 0.32949 0.603246 0.816866 0.892294 0.350796 0.579511 0.53484 0.941541 0.526427 0.975576 0.41929 1.02162 0.409355 0.362929 0.997373
0.505238 0.407038 0.339755 0.356233 0.828237 0.289321 0.353766 0.199408 0.952111 0.849429 0.530069 0.486623 1.03213 0.383794 0.816813 0.512964 0.803167 0.901315 0.483099 0.987922 0.515303 0.914503 0.518867 1.1242 1.01448 0.331323 1.15514 0.453256 0.536923 0.499571 0.942061 0.600613 0.349449 0.12509 0.682056 0.816616 0.864306 0.530606 1.1222 1.11652 0.902379 0.603619 0.229373 1.0363 0.8403 0.933807 1.03934 1.14984 0.446692 0.656562 0.635247 0.711399 0.313513 0.645661 0.693453 0.828796 0.601291 0.437325 0.44753 0.932717 0.307624 0.842293 0.959771 0.880393 0.45964 0.506747 0.647993 0.821926 0.423154 0.714952 0.403872 0.743386 0.536264 0.299433 0.889394
0.511684 0.234675 0.267094 0.485478 0.723176 0.0790742 0.446538 0.363749 0.918865 0.877145 0.711991 0.311501 0.979987 0.440327 0.685041 0.447257 0.691142 1.17587 0.340263 1.02016 0.409322 0.894414 0.778839 0.997103 1.00334 0.432044 0.883806 0.532892 0.46758 0.471231 0.78509 0.400656 0.223649 0.0278744 0.483462 1.07258 0.837631 0.408083 0.936567 0.899173 0.942396 0.869273 0.393285 1.0391 0.637773 0.846855 1.03927 1.1866 0.491553 0.455644 0.681215 0.905593 0.0597668 0.607842 0.719214 0.721369 0.640642 0.416305 0.499838 0.922419 0.231251 0.625506 1.00619 0.899337 0.514314 0.50935 0.406548 0.953262 0.606246 0.888527 0.427076 0.773965 0.519298 0.545233 1.02518
0.427645 0.480426 0.216063 0.425864 0.827105 0.232506 0.317383 0.25826 0.886377 0.965295 0.734754 0.250249 1.07132 0.212773 0.816418 0.588928 0.825467 1.18674 0.26268 0.906085 0.372504 1.06328 0.554982 1.17321 1.06677 0.280713 0.954876 0.45856 0.390793 0.256249 1.01286 0.625836 0.267321 0.235053 0.526775 0.953418 0.796701 0.597301 0.90538 0.953507 1.04587 0.760417 0.154179 0.993456 0.677426 1.00433 1.09542 1.06523 0.506291 0.533594 0.635391 0.90762 0.151704 0.477168 0.875074 0.678187 0.483895 0.480598 0.50575 1.00397 0.269049 0.73067 0.865289 0.909487 0.585533 0.497777 0.445981 0.823665 0.388515 0.907598 0.553332 0.976522 0.601263 0.29255 0.936899
0.287827 0.423644 0.354914 0.515978 0.578957 0.198495 0.325259 0.361039 0.834261 1.05383 0.509583 0.44106 0.893444 0.383679 0.831768 0.324985 0.599528 0.912721 0.387341 0.894508 0.374836 1.03133 0.54567 0.901544 1.05487 0.42025 0.894852 0.708901 0.587565 0.308928 0.860534 0.523502 0.142161 0.21051 0.705891 0.814593 0.844459 0.623011 0.878276 0.870359 1.11178 0.591692 0.227436 1.16471 0.754529 0.804237 1.1939 1.04622 0.611207 0.531591 0.523862 0.827744 0.0972712 0.472195 0.769372 0.736874 0.653591 0.429994 0.36269 0.793023 0.338467 0.675565 0.883635 1.00055 0.565231 0.316728 0.636916 0.782166 0.582934 0.889589 0.466559 0.868673 0.442408 0.287299 0.926487
0.457214 0.362802 0.465889 0.476391 0.693526 0.0707417 0.540536 0.355546 0.864477 1.01848 0.486049 0.406455 0.985667 0.35318 0.777165 0.583421 0.705653 1.03919 0.463268 0.778779 0.422881 1.08026 0.562813 0.961279 1.1123 0.140417 0.985258 0.556727 0.491133 0.380879 0.962027 0.566255 0.395899 0.178798 0.719737 0.868468 1.01337 0.573581 1.09223 0.872799 1.12479 0.705715 0.18111 1.19201 0.594371 0.926038 0.928037 1.01864 0.49581 0.616268 0.57874 0.752079 0.106983 0.429858 0.964437 0.823136 0.598009 0.263695 0.511293 1.04853 0.345428 0.718945 0.736399 1.05711 0.502304 0.560092 0.448569 0.756296 0.497476 0.950369 0.439981 0.981236 0.438964 0.307148 0.93967
0.371956 0.301644 0.332858 0.558216 0.644814 0.106447 0.358165 0.190699 1.03288 0.956249 0.626404 0.26928 1.14513 0.452123 0.850074 0.324356 0.777444 1.0678 0.228418 0.913635 0.392795 1.04345 0.660856 1.09708 1.24997 0.354994 1.10482 0.707887 0.551152 0.319323 0.908794 0.468724 0.280775 0.0951005 0.544759 0.982874 1.01332 0.542028 1.00727 0.895779 0.857412 0.707552 0.148286 1.13382 0.820733 0.958321 0.945065 1.11702 0.580231 0.593927 0.485696 0.895771 0.145372 0.411264 0.689334 0.859529 0.51579 0.426849 0.348895 0.93479 0.272017 0.757536 0.937882 1.07298 0.351098 0.440507 0.633323 0.911833 0.453153 0.987329 0.462087 0.934001 0.59976 0.506728 1.08989
0.359373 0.201414 0.329425 0.445352 0.704966 0.118992 0.358725 0.179504 0.991729 1.14738 0.516713 0.501444 1.08537 0.195954 0.963302 0.402717 0.815743 1.02953 0.424416 0.994012 0.482303 0.888631 0.597083 1.16996 1.00137 0.282426 1.00696 0.529674 0.547398 0.305103 0.952052 0.589229 0.35858 0.209289 0.719475 1.08487 0.827785 0.458101 1.07543 0.922885 1.03933 0.796058 0.300439 0.96582 0.865766 0.845939 0.994802 1.2135 0.613307 0.523409 0.493961 0.824954 0.152179 0.480087 0.953125 0.719715 0.564407 0.380031 0.380673 0.962342 0.310417 0.737853 0.720447 1.1017 0.458659 0.36132 0.665169 1.015 0.521529 0.805736 0.454926 0.941722 0.422139 0.521634 1.11823
0.4076 0.428771 0.327124 0.464615 0.78368 0.0455338 0.418277 0.158724 0.877994 1.09125 0.516012 0.404627 1.11778 0.433921 0.836118 0.583463 0.84191 1.06831 0.344982 0.997362 0.440105 0.964658 0.543202 0.970633 1.01795 0.304169 1.07377 0.731825 0.428961 0.22143 0.880345 0.439662 0.297974 0.161648 0.437696 0.943818 0.811632 0.512884 1.01122 0.830155 1.03375 0.692665 0.229795 1.18232 0.759384 0.924597 1.19515 1.04982 0.647085 0.528812 0.548194 0.821163 0.224385 0.42917 0.92258 0.9037 0.648006 0.234078 0.457392 0.773037 0.406587 0.859688 0.717697 1.05969 0.446724 0.50793 0.506654 0.784013 0.338024 0.969262 0.452118 0.792136 0.584012 0.555851 0.840928
0.388939 0.377767 0.414784 0.516078 0.630968 0.225209 0.434681 0.41755 0.841778 0.905998 0.537602 0.280704 0.934511 0.233963 0.774428 0.509533 0.592274 1.17948 0.349568 0.819241 0.458415 1.09447 0.543085 1.02067 1.26573 0.139428 0.970644 0.593386 0.412596 0.384941 0.801904 0.446058 0.160919 0.27058 0.472672 0.906163 0.832482 0.341618 0.997401 1.04079 0.961865 0.630045 0.335768 0.955092 0.769552 0.960205 1.12021 1.12744 0.565561 0.486561 0.56267 0.640431 0.174156 0.665775 0.831875 0.85809 0.659322 0.302429 0.585748 0.969747 0.270451 0.723694 0.730655 0.879814 0.313848 0.307733 0.381768 0.829301 0.409831 0.969983 0.519472 0.974202 0.596458 0.426189 1.10362
0.522553 0.448777 0.309812 0.549053 0.605705 0.191986 0.423515 0.17359 0.846735 0.982802 0.713163 0.345283 1.14813 0.444392 0.84331 0.54496 0.716086 1.19448 0.467401 0.9826 0.42402 0.893285 0.583768 1.04648 1.10949 0.220518 1.14714 0.729732 0.446604 0.389054 0.937064 0.456352 0.260131 0.230089 0.562429 0.892591 0.901426 0.366947 1.05092 0.934393 1.12356 0.714686 0.152109 1.21594 0.814464 0.949599 0.979715 1.22277 0.459643 0.461806 0.624087 0.899698 0.0655248 0.411498 0.753126 0.899495 0.64365 0.324529 0.593874 0.814498 0.244561 0.679417 0.730128 0.984774 0.438654 0.46846 0.448353 0.741779 0.598114 1.00511 0.321224 0.92114 0.632301 0.544098 0.938196
0.357481 0.261142 0.218211 0.517895 0.812213 0.0307368 0.409051 0.184303 0.993972 1.13529 0.753681 0.257045 0.96219 0.204623 0.946343 0.410219 0.663578 1.15057 0.421234 0.890452 0.363188 0.952163 0.590635 0.948453 0.975324 0.273649 1.06174 0.505098 0.327261 0.313986 0.806369 0.617538 0.120047 0.156788 0.564278 1.04481 1.00475 0.433256 1.13248 0.897084 1.06579 0.764256 0.289679 1.1728 0.5889 0.891747 1.17079 0.98656 0.631244 0.668057 0.556663 0.613457 0.246038 0.69786 0.916673 0.71655 0.507204 0.394799 0.346367 0.769672 0.172693 0.616167 0.828694 0.875623 0.404067 0.426882 0.586116 1.00677 0.461072 0.770989 0.417791 0.964977 0.349101 0.366179 0.864768
0.519015 0.20187 0.496396 0.594145 0.54088 0.310719 0.35189 0.353878 0.922557 1.12143 0.474767 0.371045 0.876018 0.337987 0.84957 0.320335 0.729127 1.15364 0.261931 0.817658 0.323277 1.05193 0.712967 0.965169 1.07183 0.341055 1.0753 0.685223 0.558907 0.249183 0.920321 0.435016 0.116129 0.320465 0.565512 0.877278 0.926194 0.533169 0.877015 1.04889 1.00714 0.838577 0.404739 1.03861 0.679316 0.854199 1.19244 0.975096 0.491356 0.587745 0.498724 0.865489 0.261161 0.474261 0.885316 0.925846 0.504792 0.467841 0.467069 0.964751 0.436037 0.768127 0.884169 1.10941 0.454587 0.532307 0.370582 0.872382 0.409841 0.817372 0.483244 0.974209 0.532407 0.409296 0.938335
