25 75
0.592255 0.937265 0.843793 0.956519 0.265851 0.688291 0.400034 0.48141 1.06534 0.857765 0.569536 0.692441 0.94077 0.236219 0.198529 0.813077 0.712499 0.643605 0.491492 0.594371 0.782621 0.790021 0.238276 0.394378 0.46607 0.508908 0.616527 1.20886 0.869712 0.74226 0.937795 0.972255 1.00175 0.507056 0.424571 0.332397 0.87437 0.472149 0.187191 0.476662 1.03422 1.12821 0.854774 0.465439 1.01913 1.07431 0.552994 0.703467 0.828996 0.632296 0.44273 1.01002 0.380328 0.685838 0.484094 0.234248 0.641875 0.996696 0.686028 0.257141 0.88327 0.120868 0.164682 0.848652 0.193467 0.401309 1.0586 0.594991 1.10839 1.22474 0.29365 0.966434 0.779705 0.691962 0.267437
0.475086 0.958968 0.72379 0.862832 0.191759 0.706784 0.482491 0.376357 1.26749 1.01294 0.782312 0.639538 0.792978 0.285501 0.268291 0.811714 0.848689 0.721185 0.71763 0.603557 0.898319 0.763607 0.253982 0.425225 0.715751 0.35359 0.811354 1.20244 0.886574 0.617134 0.769185 1.0475 1.06985 0.701406 0.70733 0.477764 0.937432 0.306749 0.083912 0.286953 1.0559 1.09456 0.761535 0.433234 0.940427 1.04409 0.596293 0.729191 0.77687 0.577208 0.582319 1.19908 0.44509 0.567574 0.497851 0.254105 0.653081 0.980057 0.495863 0.377069 0.870975 0.160381 0.344341 0.733835 0.242418 0.525403 0.913987 0.657261 1.09146 1.2238 0.19323 0.837668 0.899915 0.510935 0.250544
0.569456 0.844811 0.755215 1.08392 0.348885 0.68594 0.462017 0.513008 1.23281 0.90532 0.816664 0.597071 0.982585 0.137903 0.298178 0.874636 0.739969 0.817906 0.592701 0.59449 0.899763 0.809878 0.151842 0.407721 0.485508 0.351761 0.786323 1.06583 0.846345 0.541348 0.674063 1.03096 1.12443 0.60335 0.556366 0.407174 0.997747 0.323882 0.155086 0.325855 0.856846 0.954791 0.872464 0.597198 1.01519 0.990673 0.503008 0.932826 0.743688 0.543111 0.72651 1.22883 0.346387 0.760399 0.465673 0.431245 0.588944 1.15037 0.525275 0.223053 0.905448 0.192584 0.0504376 0.843969 0.290633 0.54857 0.924622 0.580564 1.1735 1.21609 0.288681 0.898433 0.750658 0.482885 0.166926
0.451315 0.856248 0.867315 1.0782 0.146235 0.87347 0.261353 0.372614 1.21739 0.871627 0.805294 0.799464 0.925437 0.384492 0.354347 0.801455 0.709877 0.73413 0.51883 0.791799 0.705532 0.690521 0.352941 0.238081 0.621498 0.367702 0.776934 1.07307 0.866475 0.55826 0.906704 0.818921 1.02394 0.617658 0.579187 0.549508 0.790893 0.577586 0.180606 0.514738 1.02442 1.16269 0.71257 0.363333 0.879124 0.99981 0.677922 0.658067 0.651546 0.507828 0.555478 1.12314 0.420108 0.54517 0.564669 0.354608 0.626638 1.05957 0.632986 0.120818 0.828009 0.0228594 0.297633 0.832409 0.308616 0.53905 1.06043 0.615548 1.19745 1.16496 0.169579 0.777699 0.885411 0.622938 0.244548
0.676821 0.948695 0.794746 1.03579 0.338249 0.668243 0.333055 0.503863 1.14805 0.782963 0.6049 0.608421 0.949908 0.267178 0.129511 0.90734 0.936973 0.844057 0.498927 0.746592 0.812741 0.767681 0.200981 0.357783 0.570399 0.296938 0.81883 1.11798 0.834167 0.605125 0.948364 0.933081 1.03719 0.737625 0.628892 0.345706 0.83595 0.463696 0.215401 0.228086 1.02746 0.945067 0.844338 0.552179 0.748595 0.886125 0.652159 0.746216 0.777446 0.407864 0.731617 1.06568 0.285267 0.542093 0.615029 0.344246 0.623302 1.16396 0.498563 0.212085 0.921911 0.318704 0.304373 0.712494 0.225208 0.376198 1.10214 0.761917 1.18778 1.07785 0.117863 0.969949 0.786848 0.471452 0.0905714
0.450284 0.854028 0.897788 1.12958 0.417019 0.670362 0.29428 0.333908 1.0738 0.872539 0.807215 0.769154 0.910834 0.289894 0.225314 0.919183 0.846994 0.837462 0.67998 0.610161 0.645665 0.80901 0.0855873 0.341793 0.510831 0.473625 0.657976 1.16852 0.59166 0.765308 0.94127 0.790504 1.01052 0.496965 0.549634 0.554245 0.812708 0.331224 0.280624 0.394448 0.904465 1.03752 0.807123 0.420091 0.788036 1.14033 0.679094 0.754746 0.632663 0.655684 0.695362 1.20832 0.432665 0.568037 0.4348 0.343133 0.798425 1.16442 0.688956 0.15087 0.873486 0.0894679 0.296344 0.649988 0.200077 0.522155 0.932037 0.636854 1.13504 1.05412 0.380894 0.81186 0.855275 0.724022 0.0839941
0.535272 0.710304 0.900857 1.01198 0.222538 0.889811 0.515471 0.403574 1.00684 0.751823 0.585842 0.81642 0.689739 0.202516 0.335912 0.811822 0.865001 0.725122 0.527855 0.658134 0.860558 0.662541 0.118585 0.366002 0.761377 0.561172 0.634757 1.06374 0.745662 0.786676 0.932466 0.862621 1.11641 0.453253 0.652387 0.444708 0.997212 0.567964 0.153497 0.350187 0.976485 1.05248 0.702692 0.45143 0.923152 1.17472 0.539116 0.674271 0.843906 0.511799 0.671286 1.02889 0.365419 0.626815 0.407601 0.508779 0.715736 1.16953 0.449487 0.220577 0.863069 0.270587 0.0580325 0.753006 0.172379 0.559802 0.975808 0.714462 1.03274 0.989855 0.342254 0.965329 0.732837 0.528794 0.086171
0.518977 0.769272 0.666918 1.14706 0.156403 0.827539 0.515571 0.454011 1.01492 0.805259 0.60012 0.760949 0.68614 0.1822 0.153669 1.02974 0.889519 0.887405 0.626606 0.592637 0.86834 0.629997 0.266724 0.378489 0.733976 0.397153 0.764979 1.06482 0.675585 0.764575 0.965689 0.849946 1.0947 0.500206 0.456234 0.45556 0.953014 0.339884 0.239261 0.237703 0.840208 1.02472 0.776442 0.550549 0.748592 1.16475 0.675715 0.801917 0.866286 0.43163 0.464589 1.19917 0.202701 0.765048 0.334875 0.328293 0.818254 1.20686 0.450651 0.225784 0.954433 0.0821148 0.130872 0.786714 0.199623 0.302992 0.843808 0.634794 1.09723 1.19719 0.314313 0.810566 0.910548 0.500588 0.12603
0.522872 0.865349 0.852037 0.97727 0.218763 0.862045 0.364672 0.516253 1.19482 0.950977 0.78549 0.597932 0.861262 0.340977 0.30614 0.90564 0.816014 0.836366 0.488849 0.82222 0.864877 0.746954 0.167604 0.343557 0.701019 0.562952 0.774843 1.25567 0.783018 0.708982 0.884822 0.989693 1.00923 0.494023 0.486451 0.345408 1.08323 0.501962 0.0521718 0.419526 0.873208 1.20831 0.781386 0.493391 0.880688 1.16679 0.405317 0.823188 0.598397 0.462728 0.558614 1.00475 0.201972 0.775468 0.522176 0.431859 0.790903 1.14436 0.693434 0.237478 0.963374 0.222135 0.248149 0.814137 0.0847653 0.547358 1.01581 0.864006 1.14173 1.18666 0.322056 0.712468 0.927537 0.708435 0.11036
0.605911 0.950004 0.687224 0.996739 0.27768 0.878438 0.252133 0.351307 1.04477 0.961153 0.672242 0.808866 0.690155 0.330007 0.139266 0.821854 0.956888 0.763616 0.685508 0.729098 0.763427 0.633589 0.124471 0.330013 0.614016 0.35683 0.807034 1.02535 0.869835 0.500763 0.81785 0.844497 1.15496 0.48843 0.428852 0.458617 0.813402 0.317114 0.0974653 0.450525 0.958272 1.00367 0.589029 0.54881 0.862684 1.09246 0.547778 0.661611 0.689599 0.600972 0.654917 1.23096 0.302429 0.74717 0.507183 0.416345 0.831288 1.17936 0.665243 0.17049 0.937494 0.0871043 0.101948 0.885139 0.221674 0.534362 0.995138 0.630274 1.16953 1.18097 0.156689 0.923207 0.961459 0.472842 0.0182215
0.418546 0.939889 0.751706 1.01134 0.24291 0.755171 0.258424 0.388502 1.06876 0.776302 0.792638 0.75391 0.787875 0.352513 0.310452 0.820548 0.945554 0.735742 0.7612 0.794734 0.648921 0.618984 0.155331 0.339396 0.482259 0.571976 0.788045 1.09089 0.790021 0.60142 0.7394 0.896769 1.12205 0.697229 0.647773 0.340852 0.846387 0.308018 0.121414 0.314071 1.12085 0.997237 0.670547 0.344453 1.0029 0.936128 0.594606 0.905368 0.751754 0.441285 0.489346 0.963574 0.44602 0.817669 0.622624 0.318851 0.623227 0.949464 0.604569 0.188552 0.978576 0.26948 0.0805875 0.835825 0.249786 0.384336 0.821395 0.694269 1.22716 0.983308 0.178573 0.893973 0.891637 0.662462 0.00968368
0.678856 0.872144 0.730402 0.955919 0.37082 0.616877 0.467843 0.346917 1.04843 0.806092 0.790629 0.795302 0.971944 0.338124 0.196928 0.987308 0.725737 0.7919 0.676051 0.845924 0.776811 0.689551 0.0998348 0.415167 0.754269 0.580591 0.742185 1.20619 0.675456 0.523724 0.700978 1.05808 0.906137 0.472671 0.425577 0.309925 1.03024 0.324889 0.233168 0.481445 0.843044 1.05012 0.670517 0.5242 1.03552 1.00619 0.455671 0.889184 0.706638 0.57763 0.543471 1.22546 0.390695 0.624206 0.607618 0.218792 0.671064 1.22954 0.660888 0.215679 0.808713 0.0200343 0.331132 0.659275 0.131905 0.410441 0.841712 0.822866 1.08556 1.04242 0.384292 0.910697 0.901263 0.684864 0.183675
0.421636 0.939288 0.789353 0.993653 0.366496 0.846762 0.379008 0.356504 1.02051 0.747976 0.588918 0.77808 0.694013 0.293315 0.116085 0.825361 0.761694 0.8452 0.6824 0.618795 0.836118 0.785043 0.301722 0.410879 0.481699 0.518906 0.760325 1.22228 0.749516 0.497701 0.967718 0.951715 1.10297 0.507666 0.586856 0.532723 0.988111 0.343823 0.246474 0.477337 0.840884 0.949115 0.864486 0.548241 0.762501 1.10889 0.443208 0.784334 0.774482 0.556275 0.518762 0.982349 0.42238 0.694235 0.616226 0.37245 0.627952 1.11577 0.415937 0.148088 0.983536 0.259154 0.21705 0.908935 0.225489 0.430724 0.961254 0.819551 1.09808 1.04457 0.308001 0.788368 0.745774 0.524803 0.11712
0.545833 0.7293 0.844312 0.956549 0.339899 0.625696 0.286281 0.564961 1.2014 0.912919 0.627115 0.74161 0.772733 0.225108 0.356393 0.801021 0.810968 0.715899 0.648907 0.751824 0.763342 0.643024 0.293517 0.296031 0.737835 0.427796 0.790447 1.02936 0.841389 0.580612 0.767824 1.0572 0.91249 0.678661 0.493231 0.36071 0.797202 0.557214 0.322864 0.472431 1.0572 1.00348 0.810034 0.460091 0.805018 0.925919 0.469265 0.8305 0.761708 0.556948 0.580739 1.24142 0.360258 0.656674 0.341237 0.45975 0.726094 1.14972 0.490954 0.315624 0.972851 0.0294141 0.275332 0.862149 0.223471 0.561794 0.893541 0.799512 1.12036 1.00066 0.309215 0.847052 0.732538 0.470127 0.280176
0.469221 0.943687 0.78647 1.11234 0.357411 0.655924 0.373812 0.348097 1.26231 0.817801 0.7291 0.625489 0.704792 0.12908 0.104784 0.788958 0.854156 0.738049 0.490678 0.820305 0.7906 0.769205 0.33508 0.464329 0.543739 0.310827 0.664773 1.1166 0.613375 0.665148 0.899231 0.824698 0.969691 0.668667 0.562739 0.312373 1.07542 0.357055 0.293004 0.229437 0.875343 0.988821 0.597488 0.382357 0.787596 0.997845 0.679383 0.773664 0.728737 0.375482 0.516567 1.14793 0.236233 0.628679 0.361916 0.226051 0.754983 1.08808 0.669798 0.320226 0.727974 0.165236 0.146025 0.7547 0.137877 0.513375 0.852008 0.645039 0.979813 1.15816 0.314268 0.68672 0.737635 0.473025 0.28415
0.413571 0.951355 0.645933 1.11629 0.359452 0.662434 0.24139 0.420025 1.09656 0.968656 0.658077 0.605052 0.783854 0.354265 0.351391 0.954762 0.828757 0.850274 0.732935 0.811997 0.827609 0.577709 0.162713 0.432774 0.524288 0.389861 0.688196 1.05807 0.734864 0.610879 0.800131 0.900137 0.937097 0.483268 0.552456 0.302619 0.903772 0.394326 0.183612 0.303954 0.850512 1.20372 0.861674 0.545006 0.792075 1.17371 0.594635 0.679976 0.865462 0.490403 0.48561 1.1382 0.327748 0.556528 0.497906 0.418482 0.777536 1.11342 0.422996 0.295687 0.801981 0.103056 0.223944 0.652778 0.314831 0.338663 0.902975 0.648899 1.24508 1.02619 0.310638 0.789804 0.804048 0.57068 0.0798194
0.394869 0.678697 0.847053 0.890381 0.347982 0.74829 0.329898 0.59839 1.12308 0.839973 0.644187 0.544932 0.895222 0.112417 0.359343 1.02421 0.92907 0.847675 0.645048 0.69459 0.833234 0.753295 0.370059 0.365375 0.537579 0.31236 0.891984 1.25457 0.641006 0.665642 0.72713 0.798519 1.05532 0.609077 0.652626 0.442725 1.01902 0.47379 0.258524 0.434804 1.04354 1.16592 0.698999 0.596242 1.00696 1.15379 0.696928 0.812268 0.819614 0.653738 0.552769 1.07604 0.449264 0.649794 0.420084 0.370884 0.597593 1.0478 0.497755 0.216492 0.82273 0.0839466 0.195377 0.755024 0.277198 0.387164 1.0596 0.833091 1.13211 1.15962 0.300456 0.83819 0.943494 0.517473 0.234914
0.48351 0.717155 0.637109 1.01976 0.404613 0.778343 0.451767 0.52906 1.11501 0.909684 0.796914 0.595359 0.774441 0.147764 0.277365 1.043 0.820023 0.705051 0.654392 0.77124 0.842543 0.607978 0.162492 0.263419 0.740429 0.352956 0.853263 1.16347 0.644535 0.660316 0.962275 0.985215 0.952853 0.635206 0.49621 0.315033 0.95176 0.470483 0.0784221 0.479612 0.862784 0.983638 0.73883 0.52679 0.782385 0.931633 0.453897 0.859023 0.570529 0.562897 0.491257 1.13778 0.31721 0.614256 0.414841 0.271139 0.629418 1.21429 0.699577 0.240718 0.783106 0.271524 0.113383 0.645827 0.261079 0.47339 0.947984 0.647683 1.04788 1.24004 0.349505 0.750759 0.848475 0.69903 0.0216859
0.461067 0.865831 0.673038 0.871002 0.339338 0.753759 0.279054 0.395466 1.04423 0.944939 0.752351 0.713425 0.793211 0.356076 0.15592 1.00227 0.997609 0.849386 0.53303 0.697545 0.911866 0.535866 0.27308 0.407451 0.533595 0.508812 0.863254 1.26552 0.836429 0.492702 0.755958 0.825566 0.949381 0.603763 0.687329 0.344658 0.979165 0.355011 0.104883 0.250293 1.0623 1.12843 0.630302 0.492108 0.796814 0.955667 0.665142 0.722337 0.704546 0.631816 0.61091 1.23154 0.273248 0.601433 0.530266 0.274156 0.625693 1.02693 0.518126 0.165006 0.696815 0.268616 0.130173 0.908033 0.195903 0.493393 0.917045 0.629326 1.24387 1.21587 0.352813 0.874174 0.735619 0.605075 0.010908
0.491512 0.76386 0.623356 0.975979 0.390215 0.862178 0.269449 0.372771 1.27602 0.945544 0.790913 0.665819 0.762413 0.227324 0.234677 0.920651 0.817021 0.705378 0.775738 0.656782 0.780969 0.52663 0.110375 0.50744 0.573251 0.426293 0.636263 1.18378 0.745659 0.628318 0.79785 0.965425 1.04064 0.452298 0.624331 0.425313 0.865014 0.353249 0.131292 0.285221 0.998631 0.966087 0.789991 0.553342 1.0391 1.06105 0.538848 0.666037 0.654797 0.527714 0.643207 1.10076 0.310469 0.550531 0.4064 0.49541 0.717784 1.18282 0.420171 0.225489 0.820622 0.200602 0.0704025 0.730434 0.137551 0.578054 1.05638 0.763651 1.27331 1.22943 0.200007 0.920226 0.981201 0.698554 0.240285
0.400699 0.842212 0.853608 0.923305 0.361591 0.668598 0.459247 0.550485 1.12669 0.918819 0.631436 0.781482 0.852407 0.198523 0.208667 0.865589 0.887156 0.698463 0.751528 0.754992 0.679504 0.714871 0.089751 0.308932 0.544899 0.548626 0.649405 1.12859 0.604245 0.647306 0.75539 0.79146 0.91261 0.638726 0.459627 0.429129 0.960639 0.363617 0.112377 0.519192 1.0721 0.965774 0.868179 0.433338 0.751475 1.16212 0.602438 0.734021 0.752384 0.641615 0.504226 0.982473 0.344094 0.605497 0.502782 0.335543 0.775482 1.20439 0.57045 0.150179 0.98679 0.181138 0.343687 0.660133 0.121335 0.47772 1.02814 0.624543 1.05003 1.23491 0.172408 0.746992 0.692112 0.451197 0.276912
0.427481 0.729389 0.77216 1.07357 0.179382 0.751496 0.40527 0.475585 0.983221 0.949004 0.670712 0.697649 0.953292 0.391884 0.131827 0.863643 0.741593 0.793498 0.565326 0.765269 0.800084 0.54391 0.196111 0.496366 0.582737 0.487198 0.775601 1.19672 0.760536 0.748008 0.762594 0.806126 0.962077 0.653907 0.660605 0.36364 0.827897 0.500315 0.251486 0.455324 1.02323 1.04266 0.754289 0.496759 0.747481 1.11394 0.491738 0.774035 0.80459 0.459664 0.700976 1.10682 0.280474 0.692873 0.468957 0.314847 0.558617 0.946266 0.60772 0.193695 0.783139 0.0635249 0.177519 0.812888 0.287797 0.342342 0.883279 0.858445 1.03983 0.9963 0.175339 0.811415 0.960571 0.608021 0.227896
0.6341 0.781296 0.689402 0.915934 0.300985 0.675552 0.529954 0.346437 1.23462 0.853536 0.807281 0.798827 0.685952 0.234095 0.132708 1.00328 0.800727 0.756111 0.502675 0.701146 0.694478 0.62136 0.245258 0.40762 0.491581 0.433298 0.604413 1.14041 0.849565 0.749959 0.712968 0.945676 0.903183 0.657094 0.703497 0.26711 0.9353 0.345132 0.251703 0.494175 1.04842 1.22185 0.883501 0.579737 0.769103 0.958836 0.430473 0.904739 0.6401 0.419053 0.720132 1.07851 0.375079 0.670816 0.584605 0.226193 0.704061 0.963105 0.697107 0.132382 0.721631 0.268546 0.0822205 0.757271 0.195608 0.49982 0.908455 0.794325 1.19689 0.968513 0.343439 0.758279 0.753013 0.513516 0.270703
0.550596 0.775129 0.740289 1.11145 0.205308 0.778396 0.48453 0.367149 1.14526 0.899567 0.739959 0.558097 0.959651 0.305184 0.291123 0.999792 0.996335 0.809201 0.583183 0.637002 0.677262 0.531237 0.108896 0.222044 0.71947 0.458142 0.845404 1.09906 0.731569 0.581963 0.923256 0.81535 1.07199 0.692335 0.438583 0.440767 0.856151 0.392498 0.174952 0.410128 1.11533 0.964279 0.877353 0.505914 0.869257 1.01904 0.410602 0.771761 0.776186 0.494824 0.686405 1.04453 0.168793 0.651316 0.493397 0.502494 0.84651 0.947139 0.569884 0.191186 0.725125 0.112994 0.168081 0.786236 0.118703 0.335345 0.910041 0.699666 1.14285 1.15731 0.277959 0.75947 0.692937 0.608309 0.179357
0.556811 0.677378 0.9107 1.13306 0.2447 0.670579 0.292214 0.541597 0.99532 0.948685 0.66783 0.774209 0.806152 0.287049 0.30085 0.960864 0.825953 0.887375 0.573911 0.593747 0.700148 0.784969 0.107295 0.225522 0.719472 0.332184 0.72062 1.18939 0.683003 0.718103 0.783377 0.900913 1.14213 0.687907 0.531797 0.330032 1.05697 0.447654 0.296611 0.221541 1.05999 1.20731 0.777462 0.580859 1.03765 1.07278 0.52595 0.866866 0.711004 0.397747 0.660881 0.968651 0.445386 0.790214 0.437162 0.231433 0.653739 1.16035 0.575065 0.21627 0.925764 0.124382 0.292547 0.68264 0.160722 0.461997 0.935874 0.742989 1.22566 0.984963 0.19781 0.956694 0.905035 0.471743 0.123745
