25 75
1.13153 0.797554 0.861318 0.136523 0.99081 0.625474 0.637491 0.745882 0.267345 1.01795 1.02254 0.648215 0.151673 0.293477 0.568177 0.356197 0.574772 1.1454 0.468752 0.0202518 0.136656 1.11093 0.191425 0.766352 0.623031 0.363729 0.565229 0.601226 0.37246 0.593167 0.683498 0.601575 1.04361 1.03004 1.02773 1.12592 0.824926 0.31556 1.05644 0.969381 0.581592 0.0717232 0.827343 1.14719 0.692307 0.88346 0.647199 0.911765 0.783781 0.457668 0.71475 1.08389 0.700597 0.684106 1.01873 1.10646 0.551053 0.600879 0.568573 0.922678 0.80151 0.84808 0.886932 0.685813 0.725334 0.576977 0.748397 0.927924 0.595707 0.860559 1.17354 0.204598 0.874737 0.574023 0.347431
0.863259 0.922061 0.912276 0.203474 1.10477 0.507497 0.538898 0.466121 0.112441 1.08561 0.981882 0.62724 0.201223 0.29708 0.675782 0.355414 0.36923 1.05422 0.294966 0.287872 0.194576 0.985338 0.191703 0.742552 0.597725 0.379288 0.62579 0.54092 0.155121 0.497768 0.767562 0.400019 0.841944 0.830699 1.12023 1.0956 0.837107 0.371354 0.844114 1.20082 0.3935 0.26457 0.573356 0.978601 0.737207 1.14298 0.782917 1.04734 0.685813 0.423355 0.68975 1.04941 0.728968 0.595989 0.878099 1.1972 0.717474 0.664732 0.423761 0.978556 0.81762 0.951848 0.783111 0.525466 0.698503 0.75455 0.762895 1.09331 0.831174 0.805256 1.13952 0.248797 1.08341 0.471386 0.567576
1.03333 0.783962 0.827121 0.273333 1.05826 0.531256 0.765027 0.764919 0.229821 1.09902 0.984864 0.700955 0.124483 0.298677 0.521933 0.328242 0.334231 1.07174 0.371875 0.0385928 0.193535 0.899469 0.0949761 0.666102 0.633267 0.368629 0.709961 0.611318 0.2115 0.56743 0.622694 0.419714 0.906815 0.981235 0.968419 1.04867 0.930252 0.311973 0.954223 0.969741 0.359661 0.161543 0.666205 1.18721 0.543256 0.977104 0.799647 0.860917 0.681284 0.664467 0.65613 0.831173 0.60294 0.579837 0.909331 0.970637 0.683861 0.503889 0.343446 1.05086 0.830533 0.957197 0.777912 0.72394 0.687398 0.492944 0.851298 1.0596 0.846726 0.848479 1.07743 0.36002 1.0671 0.431881 0.420185
0.959401 0.733372 0.916832 0.164969 1.13141 0.608354 0.660568 0.588697 0.28598 1.03544 0.955437 0.568645 0.128139 0.279237 0.7818 0.398591 0.479775 0.892834 0.278201 0.122814 0.177057 1.13981 0.300327 0.805965 0.553605 0.203611 0.671813 0.551159 0.424738 0.414626 0.630946 0.432858 0.81277 0.829367 0.973705 1.24044 0.87411 0.333613 1.10777 1.17297 0.459096 0.298673 0.655328 1.07569 0.789065 1.09195 0.79884 0.868423 0.70956 0.544609 0.720455 1.04699 0.615865 0.818633 0.875378 1.07915 0.589232 0.511759 0.297515 0.865317 0.773278 0.882174 0.979354 0.722188 0.441462 0.52291 0.825134 1.09612 0.793953 0.929647 1.12678 0.242807 1.03183 0.299559 0.294883
0.892928 0.893787 0.831981 0.0472237 0.983267 0.581986 0.775054 0.64844 0.245408 0.995357 0.950592 0.658079 0.15048 0.26782 0.775454 0.214089 0.543994 1.00304 0.290259 0.113756 0.235886 1.00357 0.0814037 0.66424 0.594901 0.370123 0.682396 0.456371 0.264776 0.665056 0.821378 0.600606 1.03971 0.96882 0.96839 1.11076 0.756945 0.386268 1.03339 0.996619 0.316829 0.0468918 0.666201 0.927994 0.56856 0.987325 0.837493 0.91996 0.717898 0.613581 0.718186 0.919141 0.67586 0.848607 0.915469 1.18145 0.495214 0.480815 0.458554 0.804878 0.896507 1.0495 0.770887 0.577899 0.654497 0.543525 0.93787 0.966825 0.812185 0.846535 0.915255 0.210788 0.825835 0.54237 0.528148
1.03692 0.791227 0.887723 0.0635002 1.07956 0.595859 0.73404 0.571646 0.136799 0.970325 1.05044 0.538526 0.286253 0.315505 0.739091 0.374963 0.359014 0.897387 0.39555 0.00870178 0.130881 1.12412 0.250839 0.829579 0.518976 0.243734 0.836219 0.400607 0.248989 0.545764 0.623482 0.515012 0.824804 0.834696 1.08228 1.02972 0.890224 0.392032 0.980175 1.07716 0.514221 0.31956 0.787699 1.17131 0.728557 0.914398 0.924008 1.01051 0.743742 0.454489 0.796714 0.977847 0.8089 0.719793 0.810392 1.03521 0.573882 0.592422 0.479221 0.831335 0.996097 0.980271 0.719544 0.731386 0.469681 0.597555 0.880042 0.906805 0.745278 0.714928 0.914865 0.401201 0.92694 0.503823 0.368775
0.890244 0.846249 0.853912 0.169544 1.04377 0.653326 0.783144 0.554812 0.368837 1.08212 1.05517 0.605284 0.301759 0.283107 0.591808 0.369832 0.298057 1.09341 0.250628 0.175513 0.382428 1.14652 0.0817621 0.903036 0.635808 0.35132 0.563676 0.647452 0.286197 0.46022 0.85782 0.556001 0.927844 0.800285 1.14887 1.04915 0.947884 0.222415 1.13249 0.977672 0.375576 0.0555808 0.675753 1.14662 0.640817 0.916349 0.760204 0.83815 0.758238 0.578155 0.865547 1.02811 0.818595 0.817333 1.07954 0.94551 0.723675 0.545955 0.340096 0.859727 0.998635 0.907132 0.752234 0.640699 0.509629 0.544305 0.955439 1.14824 0.617611 0.794208 0.980114 0.259265 0.87192 0.43709 0.461645
1.14542 0.666795 0.792371 0.134382 1.11737 0.755714 0.690412 0.609831 0.283347 0.967816 1.19421 0.669103 0.378434 0.498982 0.709164 0.340408 0.292465 1.11548 0.201477 0.24849 0.159922 1.03614 0.289844 0.706954 0.549923 0.135194 0.662055 0.504211 0.349282 0.57311 0.701437 0.587838 0.965299 0.913669 1.0079 1.21641 0.869203 0.195091 0.949508 1.06036 0.44842 0.107198 0.794704 1.07801 0.593349 0.954674 0.803029 1.01231 0.825915 0.642572 0.665059 1.02358 0.704845 0.850899 0.970024 1.21651 0.757852 0.493141 0.44675 0.989829 0.779874 1.09154 0.870355 0.533259 0.461881 0.620291 0.67555 1.14878 0.678639 0.98342 1.13532 0.229343 0.940219 0.567954 0.378478
0.907812 0.910286 0.777357 0.244657 0.905159 0.580312 0.553934 0.679787 0.152422 0.997311 1.19447 0.588063 0.344777 0.506252 0.666063 0.162309 0.360923 1.15581 0.27967 0.268306 0.390167 1.01649 0.0766305 0.802128 0.428314 0.16677 0.614674 0.656104 0.393178 0.448215 0.633205 0.396608 1.04081 0.916601 1.20994 0.995419 0.842835 0.281797 1.07059 1.12188 0.370961 0.188074 0.658571 1.17217 0.695399 0.923999 0.817792 0.947951 0.613226 0.526582 0.636556 0.836555 0.596857 0.64902 0.899036 0.975297 0.584868 0.748732 0.409387 0.783167 1.02533 0.926905 0.976225 0.710528 0.445243 0.554541 0.847388 0.911157 0.617966 0.795454 0.93492 0.411573 1.10188 0.393635 0.538833
0.857515 0.747291 0.766609 0.266659 1.03215 0.567672 0.788918 0.75532 0.176591 0.835787 0.967241 0.577537 0.290248 0.299586 0.526708 0.291365 0.380577 0.992485 0.38011 0.054439 0.269033 1.03379 0.22287 0.874966 0.572163 0.135749 0.679572 0.510842 0.161886 0.481742 0.723739 0.383056 0.849541 0.785514 1.19241 1.17583 0.782224 0.308102 0.924104 1.09827 0.458707 0.262352 0.57646 1.06251 0.786394 1.16811 0.82291 0.953192 0.796307 0.608671 0.739457 1.00123 0.61854 0.620764 1.05564 1.06816 0.666614 0.693831 0.496846 0.825474 1.01897 1.07637 0.77811 0.718289 0.445982 0.526803 0.719302 0.899361 0.680188 0.978095 1.08107 0.309913 0.940062 0.334982 0.477784
0.992654 0.863694 1.01085 0.0523199 0.963099 0.77168 0.5551 0.589043 0.210922 1.12484 1.02833 0.598684 0.200311 0.526026 0.622857 0.335324 0.559056 1.13774 0.344609 0.0345845 0.365219 0.989767 0.257024 0.835837 0.490065 0.356368 0.694516 0.409037 0.351893 0.601418 0.691407 0.437956 0.832235 0.846112 1.12741 1.06532 0.863512 0.18374 0.975585 1.12076 0.372185 0.191859 0.730285 1.09541 0.59716 1.01394 0.843705 0.931887 0.847509 0.641769 0.779176 0.902487 0.605498 0.638694 0.852648 1.17451 0.490074 0.683667 0.454468 0.83986 0.808577 1.01205 0.814344 0.556274 0.669368 0.473009 0.8224 1.15589 0.640211 0.962003 0.919339 0.313912 1.02029 0.306319 0.377298
1.07265 0.844244 1.02892 0.0841881 1.12705 0.643889 0.562652 0.712798 0.239016 0.986808 1.1384 0.70185 0.0902141 0.514215 0.741582 0.343086 0.508534 0.905587 0.3206 0.151866 0.28061 1.16367 0.288808 0.799073 0.693279 0.206889 0.584464 0.421827 0.447242 0.673829 0.623964 0.553114 0.974753 1.00583 1.14726 0.997222 0.811189 0.349109 1.05114 1.17198 0.545649 0.134359 0.844041 1.03049 0.722194 1.13813 0.890526 0.876238 0.806159 0.449148 0.620346 1.05939 0.810001 0.660859 0.860379 0.993072 0.572494 0.528452 0.275024 1.02675 0.886385 0.834785 0.85101 0.706133 0.722918 0.463426 0.700966 0.925838 0.741013 0.840116 1.14327 0.20091 0.950304 0.352076 0.342355
0.869682 0.914119 0.962318 0.227852 0.982083 0.739805 0.792699 0.599526 0.232986 0.864747 1.06818 0.732555 0.246086 0.283571 0.681771 0.319262 0.480078 0.955477 0.353265 0.0170664 0.34544 0.926954 0.155694 0.907739 0.52015 0.187948 0.629934 0.667719 0.322501 0.597952 0.755405 0.568356 0.859743 0.816252 1.11493 0.970317 0.884956 0.406695 0.992597 1.12908 0.553277 0.192094 0.785349 1.00992 0.621875 0.953527 0.627407 1.02593 0.849993 0.508399 0.840698 0.977697 0.784242 0.784482 0.874377 1.01571 0.631126 0.611844 0.404217 0.773692 0.86713 1.04312 0.751227 0.60577 0.687353 0.73243 0.685315 0.967086 0.642217 0.839837 1.05824 0.390826 1.03701 0.479201 0.54822
0.946765 0.779744 0.862943 0.258907 0.895508 0.703008 0.58082 0.726919 0.125313 1.12099 1.15522 0.727561 0.330033 0.525881 0.582772 0.274311 0.422101 1.08886 0.470223 0.0881106 0.379352 0.978155 0.288522 0.902094 0.716995 0.353544 0.698992 0.442644 0.352934 0.637656 0.584252 0.515193 0.799468 0.991752 1.00694 1.12279 0.74544 0.347602 1.01157 1.02379 0.459956 0.125418 0.731355 1.03365 0.775268 0.95437 0.741883 0.885273 0.600485 0.669537 0.650575 1.01717 0.823436 0.607238 0.926309 1.11824 0.548596 0.738544 0.569299 0.786318 0.913392 0.958201 0.826163 0.543102 0.657731 0.666534 0.799801 0.886738 0.730873 0.865535 1.02945 0.164086 0.888128 0.338544 0.283596
0.866193 0.740755 0.899986 0.296846 0.886654 0.612724 0.614048 0.684111 0.363595 0.872589 1.10781 0.575886 0.182559 0.532101 0.603424 0.214167 0.446631 1.12488 0.47875 0.135566 0.229514 0.871696 0.204175 0.808641 0.640943 0.337672 0.786883 0.485236 0.306396 0.444998 0.646674 0.432277 0.817787 1.0069 1.21379 1.1196 0.902432 0.213598 1.09027 1.08113 0.308739 0.269615 0.564314 1.01561 0.615781 0.964333 0.793693 0.983142 0.589195 0.612044 0.865731 0.989424 0.588511 0.594919 0.785988 0.957443 0.643982 0.51466 0.520046 0.862075 0.7728 1.01642 0.917738 0.511688 0.472439 0.552415 0.923276 1.01351 0.793862 0.962304 1.04545 0.185158 0.856386 0.451619 0.564046
1.01119 0.704433 0.819186 0.264886 1.05173 0.618958 0.527926 0.522811 0.151555 1.02647 1.13982 0.64059 0.31444 0.530711 0.625757 0.140963 0.470555 1.15997 0.497727 0.10336 0.299176 0.965629 0.146106 0.697194 0.60947 0.139588 0.675441 0.635926 0.272258 0.607921 0.711736 0.405573 0.962275 0.852834 0.941763 1.15926 0.806318 0.468793 0.873354 1.03759 0.543721 0.243208 0.574331 1.06594 0.832144 0.880899 0.80562 0.888102 0.616541 0.43146 0.901701 0.824181 0.750964 0.767249 0.815047 1.0365 0.576274 0.559843 0.473918 0.923756 0.856047 0.867386 0.8195 0.735155 0.574185 0.646667 0.782308 1.03442 0.592774 0.736268 1.08981 0.183761 0.933618 0.35442 0.378386
1.00155 0.821371 0.874369 0.107543 0.913749 0.626321 0.704235 0.707315 0.16087 1.07675 1.14296 0.71465 0.304325 0.292342 0.54274 0.42288 0.439817 1.13364 0.204975 0.0840497 0.117117 0.878918 0.315811 0.905588 0.719896 0.209223 0.744975 0.674006 0.199752 0.464266 0.636307 0.490289 0.987376 0.793149 0.938969 1.07815 0.730741 0.307069 1.11865 0.953451 0.317759 0.179209 0.772258 0.974629 0.657715 0.987463 0.712274 0.810162 0.857915 0.460256 0.880456 1.0352 0.592149 0.570237 0.973476 1.05854 0.771739 0.575964 0.545044 1.04166 0.865442 0.921564 0.967546 0.540812 0.570113 0.581332 0.798863 1.01894 0.612464 0.886736 0.962977 0.433604 0.857328 0.476506 0.516474
0.993387 0.810225 0.75739 0.295024 1.05878 0.715864 0.729541 0.515988 0.245927 1.00189 1.12829 0.628043 0.345754 0.462493 0.559341 0.354583 0.579669 0.91875 0.432803 0.144927 0.150376 1.15346 0.0887409 0.883926 0.4663 0.109088 0.55693 0.519014 0.42824 0.642256 0.673818 0.582739 0.964384 0.833328 1.11568 1.01719 0.696852 0.452623 0.900381 0.985875 0.477168 0.265045 0.840882 0.932994 0.700204 0.884736 0.794826 0.78748 0.597612 0.709828 0.675377 0.941328 0.852007 0.724279 1.0837 1.04131 0.633515 0.582407 0.394676 0.966109 0.946544 0.882284 0.916682 0.508396 0.681987 0.515234 0.675858 1.04645 0.6464 0.849927 0.986632 0.373683 1.03454 0.549727 0.460027
0.977491 0.694659 0.905857 0.0545069 1.09589 0.607874 0.692409 0.477218 0.225281 1.07446 1.21682 0.743883 0.181751 0.434716 0.580159 0.246605 0.376717 1.14576 0.457408 0.255052 0.249348 0.911702 0.0623722 0.78632 0.590516 0.1593 0.703733 0.499457 0.375558 0.493397 0.732041 0.36882 0.899738 0.818422 0.948325 1.09685 0.671695 0.216004 0.997489 0.968594 0.462777 0.109078 0.611739 1.11985 0.683143 1.00119 0.705332 0.892992 0.685193 0.4261 0.73417 1.00543 0.788563 0.610257 0.875373 1.15956 0.516013 0.599094 0.521122 0.800224 1.04077 0.961691 0.859563 0.499143 0.718595 0.621589 0.888899 1.10997 0.733372 0.796216 1.00408 0.20937 1.04792 0.296196 0.576931
1.07789 0.706606 0.745579 0.282668 1.01018 0.514878 0.806434 0.512871 0.138811 1.06431 0.974256 0.579542 0.335968 0.532803 0.599689 0.336622 0.526441 1.10567 0.21123 0.0874358 0.11091 1.04914 0.213568 0.689959 0.533238 0.213253 0.564395 0.496589 0.385031 0.620302 0.833509 0.581183 0.773203 0.957532 0.959318 1.16253 0.880077 0.194459 1.04365 1.00763 0.331209 0.157521 0.827628 1.10478 0.551339 1.12507 0.768191 0.788182 0.690914 0.642844 0.853743 0.878275 0.597303 0.572601 0.840249 1.23599 0.783374 0.556712 0.374446 0.840337 0.980642 0.988117 0.815272 0.487243 0.448325 0.626321 0.770725 1.0218 0.67433 0.761513 0.943288 0.402402 0.971715 0.337932 0.441944
1.01573 0.748736 0.992913 0.0879873 0.88993 0.658486 0.562329 0.466225 0.276748 1.04078 1.107 0.489889 0.116187 0.285219 0.552797 0.262627 0.317586 0.941416 0.31154 0.174671 0.256703 0.942103 0.0741545 0.761915 0.485986 0.351625 0.792235 0.524343 0.315073 0.56195 0.660177 0.360398 0.796706 0.794216 1.05823 1.02664 0.8598 0.273155 1.01654 1.24305 0.454759 0.0719857 0.759111 1.0035 0.720219 0.973826 0.758312 0.982746 0.662218 0.576219 0.765145 1.06819 0.747252 0.678845 0.810715 1.17514 0.640235 0.570259 0.442461 0.871519 0.927354 1.09155 0.964413 0.476485 0.558185 0.738271 0.760555 0.891702 0.823587 0.796184 1.13881 0.322443 0.961032 0.339987 0.386993
0.879326 0.779392 0.766811 0.166884 1.03846 0.62223 0.672064 0.552445 0.274518 0.983629 1.18068 0.662825 0.227843 0.345416 0.679801 0.173594 0.480617 0.989498 0.258725 0.107169 0.376238 1.16039 0.0411973 0.85456 0.609259 0.137669 0.822705 0.591177 0.348512 0.611613 0.581295 0.449788 0.773692 0.984686 1.03846 1.14906 0.745445 0.255551 1.04752 1.02687 0.462698 0.279483 0.802835 1.0039 0.562378 0.964649 0.812161 0.776049 0.733029 0.52345 0.652476 1.08338 0.556683 0.729903 0.813657 1.22613 0.550716 0.732764 0.533832 0.936086 0.810488 0.845801 0.729243 0.674884 0.51359 0.565679 0.906483 1.16534 0.715178 0.731092 0.928831 0.323897 0.885014 0.452082 0.567068
0.859505 0.908397 1.02014 0.228425 0.920108 0.525709 0.642475 0.580602 0.194883 0.966815 0.946136 0.638756 0.222904 0.301311 0.658665 0.248188 0.382304 1.15444 0.205205 0.0835342 0.115279 1.07193 0.27957 0.836097 0.648449 0.166908 0.816534 0.66207 0.252185 0.683714 0.578582 0.459974 1.04098 0.876932 1.01572 1.19743 0.810504 0.177878 0.898294 1.07959 0.378455 0.073696 0.639489 1.15283 0.564956 1.10965 0.799625 0.924868 0.772896 0.520853 0.662749 1.00003 0.631507 0.746181 0.824921 1.14228 0.623345 0.488818 0.426689 0.947165 0.915327 1.04708 0.959576 0.697133 0.551213 0.556418 0.931389 0.987028 0.680957 0.741511 1.16323 0.41733 1.10823 0.387091 0.3303
0.956648 0.66788 0.951526 0.108274 1.09873 0.640492 0.610543 0.731782 0.0798308 0.896791 1.06437 0.723816 0.217081 0.306401 0.767864 0.196241 0.470989 0.949009 0.405942 0.106924 0.261549 0.93158 0.100297 0.64242 0.700196 0.126843 0.786587 0.447248 0.419851 0.585445 0.699158 0.400181 0.948299 0.780022 1.02779 1.06717 0.718748 0.315886 1.05479 1.00078 0.347862 0.0552702 0.598092 1.19247 0.813587 1.12808 0.851954 1.03934 0.820388 0.575473 0.768327 0.835005 0.62296 0.786202 0.909349 1.11241 0.5617 0.553447 0.334385 0.898542 1.00278 0.87009 0.92877 0.671817 0.671595 0.517788 0.927576 1.16016 0.841354 0.708597 1.03209 0.297324 1.09269 0.275462 0.563814
0.929319 0.835094 0.81244 0.103249 0.851007 0.748112 0.537017 0.479244 0.337331 0.843574 1.15343 0.733121 0.253529 0.468908 0.547389 0.357522 0.467521 0.967194 0.38323 0.134017 0.229713 1.14326 0.167889 0.746176 0.70935 0.206207 0.804886 0.56536 0.17037 0.40774 0.76908 0.482479 0.877439 0.84979 1.19752 0.976048 0.809094 0.452925 0.84282 1.19339 0.492904 0.287863 0.755953 0.934077 0.662888 1.09208 0.914041 0.981561 0.706226 0.456032 0.71667 0.957358 0.752575 0.617525 1.00961 1.09604 0.786224 0.678437 0.490708 0.88815 0.746636 0.810185 0.98368 0.704488 0.511652 0.523341 0.911267 1.17599 0.706895 0.96807 0.977508 0.284855 1.00798 0.452283 0.332027
