25 75
1.16236 0.614789 0.172076 1.04654 0.669541 1.09447 0.31188 0.349033 0.383691 0.650349 0.275556 0.764682 0.717778 0.68633 0.733937 0.271452 0.644063 0.62029 0.257695 1.05154 1.1603 0.565363 1.00708 0.473694 0.676312 1.13421 0.664991 0.358 0.794413 0.94568 0.419862 1.01288 0.248599 1.11983 0.139664 1.1879 0.379354 0.843216 0.841757 0.400296 0.578467 0.209991 1.00577 0.763577 0.456616 0.577588 0.215133 1.01632 0.70298 0.148756 0.519909 0.612709 0.697706 0.883605 0.751091 0.343277 0.281996 0.604678 1.06135 1.11188 0.25665 0.425964 0.278011 0.813804 0.513095 0.916393 0.813898 0.820291 0.464792 0.177196 0.899286 0.901843 0.404698 0.833392 1.07795
1.0649 0.564178 0.297908 1.02585 0.872844 1.19399 0.197124 0.45304 0.563107 0.475531 0.129013 0.473386 0.688613 0.63684 0.614077 0.380867 0.512058 0.79945 0.370453 1.06064 0.987718 0.469754 0.851909 0.6076 0.511711 1.11565 0.570823 0.339643 0.862566 1.11785 0.493187 0.849469 0.338015 1.12072 0.118542 0.931317 0.476869 0.604683 0.886141 0.623295 0.513533 0.2101 0.861956 0.782381 0.473208 0.414078 0.0292957 0.981737 0.611198 0.247634 0.379951 0.612386 0.500834 0.823584 0.734948 0.421257 0.466811 0.458677 1.08801 1.06323 0.193747 0.232701 0.299249 0.847191 0.476576 1.10949 0.881329 0.908039 0.488455 0.317139 0.91518 0.862773 0.55642 0.709319 1.24674
1.18881 0.826 0.335469 0.935436 0.590547 1.03707 0.278794 0.599991 0.431402 0.497349 0.299431 0.753508 0.914581 0.542988 0.527331 0.241603 0.538794 0.660881 0.378592 1.16199 1.06803 0.482539 0.951807 0.480298 0.738325 1.17495 0.457821 0.302467 0.757638 1.05123 0.642541 0.967368 0.294249 0.88195 0.101362 1.10357 0.438367 0.872273 0.956709 0.486967 0.542134 0.238871 0.820932 0.936323 0.476125 0.643473 0.239288 0.988478 0.772537 0.129926 0.264685 0.44074 0.504891 0.965024 0.842068 0.614165 0.434361 0.426325 0.967012 1.10489 0.0884548 0.460427 0.255359 0.803783 0.550991 1.00648 0.874587 0.9047 0.291014 0.117474 0.931319 1.04453 0.431009 0.909335 1.04994
0.97371 0.661747 0.254657 0.863534 0.616046 0.930543 0.213268 0.409528 0.519245 0.67473 0.0875966 0.553601 0.798427 0.425727 0.688586 0.33634 0.454849 0.597665 0.490893 1.13997 1.16419 0.352584 1.01174 0.574428 0.764825 0.992846 0.538257 0.129135 0.823254 1.08735 0.483035 0.916388 0.232148 0.900761 0.0993851 1.20299 0.402463 0.787523 0.802975 0.470033 0.638834 0.161453 0.850744 0.844707 0.596587 0.412426 0.149582 1.07849 0.660593 0.143983 0.378463 0.349385 0.63454 0.80202 0.877164 0.417784 0.288008 0.416837 1.08293 1.06529 0.103472 0.273025 0.0667386 0.732136 0.63054 1.1529 0.834441 0.822524 0.472844 0.385165 0.865954 1.06307 0.341011 0.912247 1.26784
1.08863 0.793492 0.367712 0.874603 0.86705 0.952357 0.330857 0.437344 0.428494 0.690323 0.11899 0.753883 0.836237 0.400907 0.752816 0.25217 0.53836 0.609713 0.330893 0.956061 0.93176 0.468167 0.852397 0.492615 0.562075 1.09087 0.414748 0.312829 0.734627 0.954806 0.433947 0.798594 0.0929776 1.09468 0.184156 1.10491 0.414841 0.710842 0.858552 0.420688 0.72773 0.409031 0.815725 0.729174 0.50711 0.445725 0.186362 1.04852 0.570093 0.179904 0.329309 0.354589 0.767684 0.913539 0.758397 0.475599 0.365838 0.618622 1.08187 0.915462 0.221683 0.460737 0.120956 0.731843 0.537194 1.03023 0.897159 0.970801 0.338034 0.188 0.844303 1.1511 0.390683 0.962399 0.99125
1.03603 0.726098 0.385149 1.05464 0.689238 1.20419 0.0461972 0.536514 0.556911 0.716258 0.322986 0.730126 0.850393 0.452062 0.676478 0.348528 0.473431 0.757361 0.393054 1.01849 1.17905 0.475413 1.10561 0.618746 0.660108 1.2084 0.596255 0.255279 0.646209 1.18299 0.705584 0.992032 0.331255 1.03889 0.327228 0.913023 0.595277 0.772292 0.92961 0.471558 0.53791 0.219313 0.766857 0.968001 0.485513 0.410196 0.286212 1.12544 0.812357 0.134557 0.52251 0.61688 0.77365 0.839493 0.860825 0.355065 0.465986 0.539594 1.05184 1.00294 0.236479 0.388017 0.150266 0.647117 0.648761 1.02528 0.85658 1.01003 0.389683 0.299691 0.641092 1.00836 0.515669 0.777521 1.21024
1.16852 0.745811 0.193543 0.816406 0.873378 1.10702 0.138436 0.59853 0.482577 0.493809 0.123117 0.538106 0.669261 0.462503 0.659408 0.344064 0.505396 0.520047 0.29755 1.0581 1.03195 0.567412 1.02845 0.339723 0.648709 1.08105 0.438494 0.166019 0.872799 1.13644 0.64974 0.817881 0.146477 1.12304 0.262053 1.11929 0.441823 0.740272 0.750673 0.43143 0.648639 0.320009 0.763598 0.88216 0.601192 0.677464 0.032856 1.03571 0.676343 0.257989 0.246714 0.605153 0.51239 0.761343 0.748584 0.376306 0.433613 0.66381 0.882944 1.03976 0.257172 0.420092 0.18501 0.740849 0.418965 0.990344 0.873005 1.01507 0.218943 0.293484 0.707918 0.939079 0.279771 0.777532 1.17725
0.956636 0.727663 0.272756 0.873484 0.834363 0.999593 0.314291 0.364501 0.544839 0.480957 0.231066 0.73065 0.88806 0.3908 0.486545 0.403478 0.366671 0.662551 0.327474 1.19405 0.976962 0.4413 0.942102 0.57468 0.654273 1.18226 0.531143 0.0917642 0.74546 1.09747 0.492182 0.903553 0.0737178 0.99753 0.207259 1.10999 0.476337 0.729594 0.86794 0.639251 0.802885 0.375646 0.966432 0.869609 0.548775 0.689056 0.287566 0.947525 0.656593 0.147441 0.490811 0.444375 0.548056 0.898358 0.702946 0.433698 0.423937 0.611721 0.931327 0.91225 0.190011 0.304576 0.0362598 0.678878 0.61591 1.18083 0.837496 0.868368 0.473124 0.150738 0.910048 1.0401 0.506062 0.779785 1.16123
1.11338 0.576746 0.25166 0.984565 0.848451 1.08315 0.132379 0.530614 0.584873 0.699733 0.186833 0.729746 0.728143 0.615474 0.728119 0.164661 0.532989 0.623212 0.428046 0.959288 1.19992 0.567629 1.09254 0.431496 0.769331 1.13018 0.392883 0.285612 0.910678 0.99608 0.475771 0.838894 0.208532 1.03232 0.281121 1.01234 0.510089 0.79801 0.921365 0.44867 0.528183 0.247522 0.980138 0.873586 0.370376 0.418092 0.212344 1.05327 0.717953 0.237562 0.534773 0.622655 0.528473 0.930651 0.641181 0.448438 0.38207 0.574124 1.027 1.06457 0.342446 0.408717 0.217366 0.675671 0.440426 1.08202 0.984797 0.979719 0.287977 0.370653 0.932334 0.852851 0.440338 0.893644 1.07082
0.912608 0.60429 0.391103 0.938569 0.75428 0.934605 0.116166 0.357344 0.469774 0.68441 0.191553 0.750753 0.903211 0.585073 0.484535 0.255444 0.456547 0.599222 0.401067 0.954656 1.08674 0.423423 0.954597 0.556399 0.773338 0.981786 0.564056 0.181263 0.671146 1.2337 0.68619 0.91537 0.188845 1.12427 0.36129 0.91273 0.608848 0.657215 0.887929 0.636836 0.618497 0.166224 1.01591 0.763883 0.562839 0.574643 0.0786003 0.943565 0.628456 0.243028 0.520932 0.641212 0.496593 0.955985 0.753534 0.513858 0.363945 0.416498 0.980633 0.843239 0.207991 0.483998 0.204122 0.89995 0.421138 1.09975 0.992223 0.892497 0.485819 0.25195 0.927491 1.0929 0.350716 0.698214 1.27758
1.09002 0.780645 0.22514 0.915235 0.597996 1.02892 0.243849 0.396837 0.362526 0.621516 0.25267 0.49016 0.942161 0.405278 0.686532 0.365477 0.375976 0.759972 0.491028 1.01183 1.14932 0.484454 0.966011 0.515285 0.502675 1.08547 0.45759 0.175809 0.902311 1.02438 0.429076 0.926706 0.112824 1.10778 0.111003 1.0467 0.45805 0.679193 0.926325 0.364883 0.786589 0.404614 0.913822 0.919033 0.586001 0.598792 0.0202196 1.12706 0.698431 0.245278 0.351645 0.369143 0.655115 0.855797 0.753259 0.35641 0.247372 0.521632 0.977989 1.0486 0.103473 0.290055 0.0634076 0.819111 0.44932 0.96669 0.834517 0.857301 0.247357 0.254925 0.859422 1.13086 0.345578 0.791644 1.08792
1.00407 0.736252 0.415852 0.903718 0.848573 0.988608 0.20587 0.567978 0.395509 0.567325 0.344324 0.474796 0.854711 0.669433 0.698324 0.33026 0.623711 0.507601 0.412502 1.02751 1.15026 0.438909 0.894177 0.558783 0.552292 0.938356 0.381762 0.334273 0.65026 1.23084 0.590234 0.958616 0.0755554 0.951161 0.165953 0.988436 0.55835 0.669781 0.817135 0.50966 0.725284 0.40366 0.956531 1.02317 0.591301 0.652435 0.0646667 0.982021 0.718259 0.285806 0.495925 0.366421 0.715045 0.893136 0.892234 0.475591 0.266499 0.519424 0.917194 0.964768 0.131218 0.352614 0.0215945 0.713609 0.536629 0.963886 0.866907 1.02473 0.465461 0.386568 0.899554 1.12733 0.55355 0.880649 1.20255
0.934917 0.614584 0.319692 0.920043 0.653644 0.921676 0.0501477 0.516728 0.531048 0.535177 0.270794 0.551158 0.918639 0.6278 0.499356 0.388524 0.566203 0.580811 0.215141 1.18386 1.03449 0.631681 1.07822 0.515528 0.645863 1.02708 0.616708 0.2365 0.810039 0.950674 0.522995 1.07876 0.206373 1.14341 0.189345 1.03329 0.412436 0.722636 0.7921 0.540277 0.701983 0.258229 0.843186 0.944808 0.476273 0.568459 0.160578 1.1127 0.573379 0.300006 0.452921 0.490969 0.733782 0.816281 0.663492 0.502608 0.33022 0.427086 0.946098 1.06784 0.115487 0.440065 0.241554 0.901154 0.450251 0.932216 0.793698 1.022 0.209731 0.104208 0.697907 0.951331 0.428275 0.799427 1.09622
0.992353 0.593643 0.303896 0.88789 0.710584 1.18552 0.191809 0.434388 0.628116 0.575873 0.115049 0.650429 0.857904 0.532322 0.656489 0.402608 0.499964 0.547533 0.237813 1.17591 0.973755 0.629527 0.972237 0.541056 0.710317 1.01129 0.614014 0.158527 0.636141 1.20145 0.680116 1.0781 0.221108 1.13815 0.221456 0.927516 0.497071 0.675461 0.759119 0.372287 0.711427 0.185289 0.98123 0.824444 0.572267 0.48791 0.269772 0.898724 0.673417 0.172904 0.503572 0.544311 0.653745 0.953906 0.834524 0.458632 0.333356 0.526964 1.02393 0.910522 0.372447 0.476349 0.159187 0.80577 0.476664 0.924974 0.818782 1.03163 0.480558 0.379509 0.842054 1.00396 0.563632 0.776934 0.996724
0.956783 0.596302 0.21939 0.943398 0.735556 0.918775 0.300039 0.545959 0.613169 0.478103 0.106669 0.507005 0.748336 0.408634 0.514599 0.424911 0.606682 0.676679 0.290892 0.926719 1.01547 0.507971 0.938077 0.503477 0.746526 0.963557 0.477215 0.0978996 0.767779 1.16194 0.533325 0.809384 0.11836 0.920322 0.23545 1.12627 0.367548 0.803977 0.688445 0.550051 0.620019 0.421476 1.01121 0.913625 0.546325 0.559605 0.238307 0.930588 0.77581 0.223831 0.492771 0.543746 0.697434 0.821385 0.740508 0.452301 0.280338 0.584565 0.927935 0.908191 0.349652 0.245795 0.234554 0.710735 0.63355 1.06829 0.844834 0.90286 0.248882 0.145979 0.816779 0.860958 0.286874 0.90406 1.18746
0.971217 0.794493 0.186305 0.997542 0.639919 1.12591 0.0422349 0.585738 0.619436 0.469218 0.133967 0.669555 0.811693 0.431766 0.585475 0.307299 0.629811 0.515248 0.248023 1.10795 1.17414 0.611071 1.00906 0.450218 0.654964 1.02224 0.617454 0.282667 0.894879 1.16816 0.684085 0.849575 0.0703837 1.14915 0.234967 0.99427 0.494094 0.610371 0.793898 0.619708 0.722136 0.367941 0.784451 0.843576 0.394387 0.612167 0.195554 1.02683 0.595652 0.245306 0.255015 0.516945 0.705043 0.867493 0.847563 0.477468 0.352583 0.439435 0.900302 1.05599 0.0949781 0.239963 0.297591 0.722845 0.704356 1.04218 0.962061 0.828794 0.255708 0.303425 0.921669 0.922424 0.393366 0.971374 1.24226
1.00915 0.711102 0.305777 0.96841 0.660305 1.05548 0.287542 0.541781 0.447492 0.634155 0.246656 0.689823 0.920234 0.684137 0.749917 0.401925 0.501498 0.616218 0.26671 0.918651 1.09118 0.441762 0.882174 0.512269 0.728351 1.18418 0.399145 0.36393 0.748223 1.08329 0.544559 0.875746 0.278602 0.885831 0.168418 0.96015 0.467095 0.77374 0.769605 0.46416 0.575431 0.148843 0.833015 0.847132 0.414576 0.635773 0.257893 1.03651 0.646084 0.303474 0.3742 0.412491 0.587184 0.735301 0.702288 0.495068 0.240003 0.497056 1.1153 0.924719 0.209542 0.411194 0.305111 0.735436 0.647909 1.03358 1.00279 0.859041 0.498936 0.181365 0.802544 1.01042 0.393979 0.911521 0.985027
0.903296 0.573324 0.354935 0.836418 0.679086 1.15249 0.25793 0.563296 0.475012 0.533591 0.0936582 0.593638 0.847537 0.521973 0.558159 0.138944 0.449597 0.577264 0.338482 0.965608 0.910658 0.631816 1.10855 0.385152 0.643454 1.19076 0.383535 0.309582 0.745609 1.18155 0.617845 0.808328 0.10252 0.992341 0.331082 1.05206 0.647682 0.855989 0.877064 0.380993 0.550037 0.316162 0.971788 0.870836 0.651877 0.623974 0.190334 1.04814 0.660748 0.120837 0.2697 0.512562 0.578915 1.0063 0.84113 0.571021 0.319855 0.637262 0.999475 1.09267 0.271176 0.209198 0.0851844 0.853195 0.617249 1.16689 0.798397 0.985887 0.311979 0.373078 0.782905 1.00643 0.352752 0.8344 1.00097
1.05879 0.696416 0.13977 0.820448 0.7735 0.933246 0.207299 0.593034 0.349752 0.635235 0.148635 0.721632 0.889314 0.531177 0.601495 0.318881 0.539707 0.660769 0.395558 0.995351 0.976331 0.598197 1.12038 0.447024 0.508285 1.0425 0.506853 0.14333 0.930583 1.15572 0.421388 0.946333 0.0518591 1.11229 0.364149 0.912444 0.647332 0.767198 0.949987 0.418192 0.736247 0.270296 0.916642 0.751979 0.430436 0.706221 0.314824 1.10814 0.747523 0.182013 0.358082 0.573878 0.760796 0.822678 0.742313 0.552489 0.442271 0.598528 1.07866 0.859175 0.238318 0.456598 0.0191289 0.691484 0.552283 0.96296 0.85911 1.05061 0.346049 0.346428 0.656364 1.12161 0.375375 0.899413 0.989832
1.07015 0.773879 0.196417 0.920791 0.587083 1.12129 0.153845 0.325014 0.530522 0.466884 0.0823369 0.755542 0.794715 0.420392 0.557312 0.155476 0.624398 0.795524 0.324633 1.16365 1.00817 0.361441 0.994139 0.477995 0.649772 1.15462 0.56343 0.25133 0.71279 1.05137 0.602699 0.799643 0.0589551 0.923385 0.10679 0.991942 0.445696 0.645107 0.890546 0.566625 0.645832 0.39271 0.886037 0.911185 0.606334 0.596758 0.137516 0.86965 0.578675 0.0385976 0.452595 0.361887 0.742784 0.891839 0.770074 0.374613 0.413367 0.506132 1.0909 0.925201 0.300751 0.356985 0.105747 0.743772 0.517307 1.05818 0.814865 1.06102 0.36685 0.155689 0.891756 1.03362 0.450532 0.815286 1.21883
0.902359 0.567944 0.244206 0.800791 0.822552 1.05767 0.101432 0.577463 0.592887 0.637866 0.200036 0.470315 0.738047 0.607962 0.651798 0.182123 0.605042 0.687657 0.274557 1.05391 1.06951 0.460686 1.00581 0.613848 0.53028 1.12595 0.552183 0.152808 0.892329 1.19617 0.630846 0.956112 0.302449 1.11712 0.0940926 0.960809 0.516501 0.762283 0.936242 0.446995 0.653744 0.304681 0.894921 0.846474 0.592905 0.654253 0.23851 1.01016 0.586676 0.314297 0.527333 0.344637 0.578119 0.827293 0.691076 0.47873 0.336674 0.704636 1.11961 1.0931 0.33157 0.415592 0.208444 0.874639 0.469929 1.14049 0.957825 0.915226 0.275289 0.334199 0.786606 0.980968 0.568277 0.711676 1.00954
1.0693 0.679298 0.362811 1.02186 0.721312 1.21577 0.0605518 0.432428 0.433807 0.628194 0.224928 0.703928 0.926445 0.470837 0.613846 0.349863 0.376184 0.694948 0.286657 1.12636 0.951583 0.62748 0.985899 0.604474 0.693237 1.13129 0.453714 0.37402 0.705121 1.1328 0.54458 0.822141 0.250097 0.962662 0.309275 1.01028 0.516289 0.890443 0.695902 0.579082 0.689855 0.338245 0.932685 0.886152 0.642432 0.533179 0.299336 0.937992 0.83895 0.087275 0.258806 0.54987 0.629993 0.738242 0.9126 0.34399 0.249138 0.507377 0.952943 1.03591 0.191296 0.383766 0.237425 0.890039 0.583779 0.998841 0.738994 0.858083 0.451062 0.18507 0.66228 0.919669 0.453726 0.917597 1.19392
1.17595 0.780762 0.197598 0.977056 0.728938 0.963104 0.24943 0.428815 0.525451 0.670088 0.219513 0.605301 0.87402 0.602515 0.583983 0.43429 0.641342 0.612825 0.442004 1.06152 1.0404 0.63333 0.856933 0.630502 0.592278 1.00944 0.634141 0.118303 0.922944 1.24229 0.486167 0.79839 0.224924 1.0033 0.327101 1.07542 0.653987 0.781309 0.807563 0.642249 0.719935 0.184034 0.961986 0.924431 0.658074 0.504629 0.0952995 1.03753 0.758251 0.31279 0.407936 0.441327 0.668266 0.757416 0.664791 0.562001 0.415299 0.572364 1.02302 0.906796 0.322744 0.462215 0.30248 0.652801 0.498733 1.09292 0.915991 0.825099 0.472023 0.231 0.818775 0.887952 0.567041 0.76911 1.06674
1.19803 0.711956 0.391184 1.06444 0.676383 1.03726 0.0827076 0.544279 0.639573 0.710085 0.253302 0.493418 0.684802 0.659229 0.624048 0.248722 0.536859 0.57936 0.326888 1.12237 0.942554 0.433409 1.03517 0.372651 0.636326 0.955273 0.539572 0.248149 0.879221 1.11712 0.589024 0.893056 0.317676 0.867683 0.279118 0.973793 0.432592 0.748279 0.919524 0.623387 0.540658 0.375754 0.760204 0.891861 0.562914 0.457846 0.202889 0.993577 0.787073 0.0557294 0.333873 0.600204 0.57954 0.717494 0.811955 0.448583 0.341052 0.478881 0.880987 1.02674 0.359825 0.243695 0.160418 0.868009 0.67153 1.15309 0.873383 1.067 0.47031 0.311627 0.868527 0.937079 0.494934 0.957886 1.07701
0.938916 0.573068 0.356118 0.80552 0.853294 1.20147 0.222034 0.547386 0.568508 0.436854 0.0718727 0.482568 0.82315 0.549259 0.772809 0.26058 0.600879 0.622438 0.209372 0.96704 1.03069 0.580003 0.901539 0.387551 0.639774 1.18761 0.463463 0.118625 0.641372 1.15637 0.688369 0.956532 0.113231 1.00067 0.195703 0.92226 0.512964 0.795327 0.819327 0.497999 0.583614 0.211757 0.970123 0.917283 0.495604 0.476014 0.0463137 0.930954 0.656695 0.242053 0.437879 0.56388 0.697083 0.873863 0.647629 0.594202 0.332288 0.579972 0.986188 0.976299 0.340488 0.291923 0.176509 0.709882 0.568309 1.10427 0.8022 0.876947 0.249805 0.217168 0.783427 0.974333 0.319791 0.956999 1.268
