25 75
0.90279 0.632053 1.07747 0.832896 1.13629 0.841271 0.30478 0.420889 0.405867 1.01005 0.931574 0.860395 0.640277 1.01625 0.522897 0.444923 1.05947 1.09268 0.583099 0.990323 0.579297 1.11684 1.17401 0.647948 0.99379 0.533721 0.812014 0.120491 0.617255 0.167072 0.634096 0.791847 1.09464 0.518959 0.161489 0.26155 0.463915 0.569401 0.471596 0.142666 0.269063 0.591164 1.0185 1.07294 0.865456 0.26492 0.849639 0.844537 0.450442 1.02642 0.283024 0.973851 0.812839 0.987855 0.409644 0.600785 0.195046 0.261321 0.352189 0.924666 0.939167 0.773774 0.817295 1.05964 0.844998 0.255832 0.315397 0.606348 0.981194 1.14325 0.852212 0.77881 0.600801 0.861734 0.993474
0.894657 0.754287 1.06221 0.952467 1.02356 0.991783 0.381805 0.381699 0.667098 0.99076 1.05594 0.882211 0.51889 1.08919 0.486739 0.430322 1.00192 1.01595 0.839292 0.938575 0.56932 1.12707 1.15491 0.811419 0.956791 0.377367 0.676837 0.0361129 0.47894 0.332007 0.64981 0.663968 1.00422 0.504901 0.243025 0.398169 0.270272 0.538664 0.499261 0.321661 0.364809 0.615318 1.04408 1.12195 1.01092 0.347228 0.916231 1.09905 0.535663 1.19273 0.165643 1.1124 1.05531 1.23983 0.242357 0.684907 0.383157 0.537905 0.491789 0.685225 1.06131 0.878 0.725251 1.0199 0.572447 0.390767 0.196928 0.789143 1.01307 1.08413 0.90224 0.884296 0.53765 0.892373 1.01721
0.972209 0.708804 0.914744 0.822796 1.01161 0.891897 0.400157 0.609544 0.480516 1.18063 0.992733 0.851394 0.683394 1.10076 0.387532 0.50683 1.03444 0.929563 0.599302 0.806033 0.625087 1.15723 1.02345 0.63461 1.2424 0.611049 0.828041 0.117711 0.503723 0.289431 0.61431 0.576548 1.1222 0.65993 0.172599 0.35336 0.325037 0.654066 0.506706 0.280093 0.459685 0.471632 1.04048 1.04207 1.09306 0.36946 0.771989 1.03419 0.498066 0.948188 0.0332649 1.1031 1.04964 1.13892 0.370571 0.622261 0.391134 0.407958 0.351173 0.883233 0.957569 0.917133 0.607466 0.89858 0.76563 0.300008 0.432726 0.643323 0.981067 0.899918 0.948961 0.837416 0.552628 0.84421 0.907105
0.824672 0.863861 0.968377 0.911217 1.03392 0.802195 0.34502 0.38464 0.492632 1.00922 1.12768 0.906105 0.542994 0.851211 0.56112 0.263449 1.1335 1.01244 0.749842 0.968772 0.614784 1.10143 0.991367 0.82323 1.14589 0.501321 0.893799 0.205335 0.443684 0.152226 0.654625 0.684137 1.13889 0.562145 0.164739 0.268521 0.312114 0.647874 0.346393 0.331163 0.396825 0.618401 1.12929 1.0477 1.09032 0.446655 0.815777 0.963643 0.445727 1.01578 0.0224502 1.17524 0.942833 1.02915 0.152619 0.82337 0.303107 0.289743 0.284763 0.811908 1.17187 0.781425 0.766607 0.971639 0.595536 0.255696 0.180636 0.687659 1.0697 1.01685 0.90843 0.98674 0.487923 0.836832 0.995483
0.818098 0.838214 1.11938 1.01451 1.21908 0.974129 0.435674 0.587344 0.559129 1.229 1.1562 0.809112 0.755575 1.03835 0.447635 0.242907 0.940011 1.13201 0.744482 0.920826 0.722045 1.06965 1.21164 0.654178 0.961182 0.512199 0.925579 0.274185 0.68981 0.128834 0.647052 0.52105 1.14487 0.71072 0.175101 0.367903 0.268017 0.591532 0.402287 0.338645 0.425851 0.706275 1.11279 1.22345 1.0399 0.373494 0.834093 0.874375 0.610041 0.940103 0.306372 0.993675 0.876461 1.06112 0.190823 0.717134 0.225959 0.333623 0.432416 0.743009 1.15828 0.908581 0.580335 0.994968 0.67109 0.359384 0.219075 0.577981 1.19651 0.925631 0.90914 0.711159 0.65533 0.989552 1.12661
0.845765 0.900689 1.07389 0.781931 1.12865 0.871776 0.432166 0.622655 0.409701 1.00827 0.874662 0.693023 0.587602 1.09286 0.424782 0.469355 0.965016 0.847403 0.60614 0.949816 0.599837 1.13462 1.03892 0.901307 1.14675 0.589172 0.795854 0.237415 0.560841 0.332708 0.38825 0.760717 0.999571 0.644175 0.310517 0.213115 0.469514 0.586443 0.601097 0.309786 0.301394 0.511121 1.17127 1.15099 1.04207 0.486719 0.902003 0.880472 0.585955 0.973697 0.230308 1.08141 1.03778 0.995843 0.420954 0.72102 0.318535 0.43029 0.525845 0.670809 0.893045 0.887995 0.762508 1.05758 0.638423 0.155114 0.262342 0.645284 1.12848 1.09523 0.834618 0.75751 0.645056 0.952127 1.14745
0.88484 0.767617 1.13059 0.983749 1.1452 0.842344 0.447997 0.45406 0.408809 1.20655 1.12347 0.890693 0.64932 0.985869 0.570273 0.418661 1.02535 0.940786 0.650751 0.816465 0.752196 1.22394 1.13722 0.822955 0.983454 0.586327 0.816821 0.29862 0.416242 0.182039 0.439463 0.591564 1.01648 0.610365 0.228994 0.42801 0.266791 0.728794 0.474341 0.201113 0.418337 0.610228 1.12126 0.933285 0.936056 0.359152 0.939634 1.07559 0.548231 1.04137 0.149762 1.16854 0.860098 1.19987 0.227953 0.776295 0.237734 0.430849 0.324183 0.715565 1.00415 0.869851 0.727292 0.932243 0.846561 0.173622 0.172173 0.863919 0.952552 1.07545 1.01206 0.86692 0.628139 0.838998 1.09998
0.823138 0.629782 1.00603 1.03777 1.2205 0.897057 0.360786 0.440755 0.460097 1.1363 0.949759 0.897744 0.523335 0.97278 0.390637 0.498833 0.945889 0.915711 0.738895 1.01926 0.738125 1.14035 1.21331 0.901545 0.998044 0.651552 0.772348 0.301719 0.514845 0.3317 0.535813 0.502871 1.1295 0.489902 0.0622361 0.175761 0.426374 0.654435 0.444799 0.323426 0.528447 0.450255 1.15904 1.12996 1.05302 0.547451 0.744001 1.05551 0.510705 1.05347 0.0896922 1.00635 1.08815 1.21397 0.162305 0.749289 0.417721 0.430173 0.256834 0.796202 1.03045 0.960755 0.586904 1.02596 0.659383 0.160281 0.409678 0.767443 1.17613 1.13055 0.865601 0.754629 0.490759 0.815062 1.11141
0.860549 0.716963 0.875877 1.0559 1.13697 0.788776 0.394467 0.447561 0.527728 1.14697 0.941789 0.912565 0.69372 0.86208 0.578788 0.452613 0.971184 1.11494 0.837456 0.973181 0.578771 1.14842 1.16865 0.88498 1.19452 0.478301 0.726489 0.0925002 0.560013 0.346541 0.414722 0.707924 0.954652 0.575767 0.119591 0.222457 0.374717 0.663175 0.442353 0.211675 0.545981 0.517403 1.12711 1.18019 0.965796 0.338635 0.790089 1.02572 0.643014 1.02887 0.301805 0.950669 0.807011 0.971856 0.234007 0.560413 0.195645 0.31441 0.505041 0.745968 0.985192 0.771502 0.640866 0.880823 0.565027 0.192836 0.437579 0.583754 1.06864 0.896064 1.02089 0.951323 0.48354 0.906197 0.957657
1.05445 0.856617 0.91437 0.977608 1.07171 0.886235 0.448984 0.54025 0.632336 1.07115 0.941965 0.82937 0.742863 1.02219 0.563395 0.46468 1.11195 0.952225 0.653369 0.829373 0.533414 1.13963 1.15266 0.92141 0.949674 0.515795 0.760942 0.108318 0.592652 0.32844 0.522977 0.637537 1.17069 0.675218 0.329865 0.429065 0.423888 0.719352 0.602142 0.133707 0.516337 0.666121 1.18339 1.05614 0.909966 0.554083 0.845883 1.07904 0.485882 0.933946 0.16184 0.980638 0.887344 1.09026 0.398178 0.63223 0.318419 0.343168 0.533179 0.948824 1.1418 0.797518 0.648641 0.810001 0.575406 0.321955 0.242388 0.603323 1.21803 1.11647 1.00234 0.90131 0.661018 0.911565 0.919496
0.805609 0.755582 1.13393 0.923991 1.05988 0.988908 0.425831 0.648323 0.612579 1.23178 1.06281 0.932075 0.4833 0.895615 0.380224 0.449077 1.01533 1.02917 0.673119 0.789399 0.724858 0.97197 1.2028 0.693868 1.12993 0.663051 0.771213 0.142355 0.613761 0.283867 0.40031 0.57497 1.18126 0.54755 0.084942 0.206692 0.224846 0.693045 0.4825 0.325382 0.275758 0.636883 1.08799 1.03527 0.956818 0.379619 0.736228 1.1208 0.598371 1.03461 0.126338 1.11081 0.920696 1.14042 0.405308 0.727847 0.358202 0.426868 0.238459 0.797074 1.02193 0.933367 0.711289 0.860511 0.691299 0.0995656 0.406974 0.600272 1.22816 0.896613 0.998837 0.895359 0.61064 0.941879 0.947316
0.981869 0.834626 0.916454 0.791296 1.24451 0.937715 0.422041 0.394064 0.443842 1.11065 0.919257 0.856891 0.725984 0.980463 0.49594 0.311736 0.929284 0.863325 0.740732 0.84245 0.745802 1.07101 0.952019 0.901395 1.0106 0.650298 0.958121 0.220581 0.469644 0.222611 0.435636 0.553035 1.08726 0.441983 0.223467 0.37803 0.466329 0.688453 0.479523 0.297444 0.283195 0.545707 1.20712 1.11371 0.925528 0.348552 0.866076 1.07462 0.584337 1.00413 0.119723 1.16958 0.835439 1.05311 0.213447 0.713086 0.34413 0.271038 0.376391 0.872165 0.886994 0.730288 0.601529 1.01468 0.77229 0.385684 0.408501 0.632795 0.984841 0.976073 0.96733 0.784676 0.525219 0.763052 1.1196
0.85584 0.74265 1.03777 0.852944 1.22355 0.930343 0.305229 0.381341 0.535604 0.961564 1.14278 0.792588 0.658568 0.947616 0.391838 0.532325 0.969939 0.86562 0.681147 0.85397 0.702754 1.10235 1.01124 0.898224 0.992586 0.6631 0.91843 0.0549263 0.67524 0.126314 0.421169 0.702969 0.979236 0.537532 0.0664952 0.275082 0.399482 0.80474 0.569816 0.141136 0.315707 0.465852 1.05518 1.13352 1.03568 0.487472 0.897655 0.882029 0.391489 1.06355 0.129327 0.92537 0.932338 0.990502 0.238963 0.53662 0.37986 0.339115 0.310496 0.674849 0.894099 0.70355 0.756714 0.895186 0.805956 0.370368 0.437684 0.683448 1.2086 1.00663 0.994957 0.89289 0.632678 0.807765 1.00291
0.929305 0.79795 1.1431 0.933158 1.21365 1.01453 0.399934 0.426473 0.464456 1.1943 0.91751 0.708946 0.695545 0.881451 0.437755 0.245937 0.887043 1.03795 0.820743 0.949821 0.803529 1.10671 1.18187 0.692438 1.15387 0.43724 0.921901 0.0745328 0.676429 0.362511 0.555702 0.643728 0.984351 0.480189 0.153165 0.402313 0.303082 0.553946 0.471495 0.0922814 0.483005 0.647585 1.17198 1.11702 0.991863 0.501819 0.888229 0.860676 0.382462 0.957502 0.0451017 1.04058 0.987934 1.21939 0.296175 0.691183 0.365201 0.529546 0.315952 0.777513 1.04969 0.708743 0.675346 0.810488 0.739508 0.105204 0.270662 0.792523 1.23419 0.932797 0.949484 0.734629 0.751681 0.71365 1.0866
0.988697 0.717774 0.956717 0.967675 1.24791 0.810578 0.284988 0.613815 0.57307 1.04186 1.00237 0.884822 0.588455 0.838428 0.459568 0.460842 0.990842 0.883242 0.729229 0.780626 0.788303 1.25117 0.961755 0.656732 1.01813 0.391905 0.676857 0.232282 0.6671 0.315518 0.63072 0.608209 1.13019 0.594539 0.154162 0.276246 0.428503 0.592878 0.61238 0.2269 0.523359 0.582173 1.11541 1.02579 0.829755 0.494329 0.886371 0.862604 0.434659 1.09811 0.198758 1.11637 0.97909 1.06564 0.394737 0.595514 0.433141 0.320479 0.312894 0.943753 0.987757 0.949001 0.581112 0.863984 0.817015 0.247469 0.45001 0.867731 1.14384 1.01916 1.03906 0.824313 0.551944 0.90384 1.16305
0.895337 0.80626 0.917429 0.953266 1.09427 0.97891 0.3874 0.436287 0.63591 1.16172 1.13468 0.826779 0.511915 1.0835 0.457199 0.454162 1.04483 1.08643 0.794944 0.845305 0.769444 0.996523 1.11185 0.656316 1.23032 0.661836 0.74839 0.193183 0.65614 0.173311 0.590746 0.528672 1.01202 0.513927 0.0958944 0.256961 0.289745 0.66705 0.622763 0.201727 0.465255 0.70954 1.24139 1.14139 0.849783 0.518893 0.858274 1.06748 0.463834 1.04167 0.184982 1.09332 0.817006 1.23163 0.245406 0.812674 0.340556 0.448877 0.435901 0.879931 0.987091 0.963486 0.59179 0.817272 0.6347 0.112088 0.170851 0.606912 0.969333 0.868638 0.845927 0.922544 0.549641 0.911044 1.18235
0.797274 0.782355 1.06341 0.80114 1.11316 0.810379 0.47334 0.430738 0.424482 0.9832 1.0451 0.675978 0.760247 1.08928 0.315854 0.512342 0.937236 1.08347 0.784961 0.964769 0.788972 1.0966 1.0614 0.915758 1.06911 0.635062 0.881262 0.12403 0.548247 0.202313 0.426333 0.527201 1.07641 0.573608 0.193991 0.3214 0.195787 0.549383 0.466109 0.109767 0.349905 0.591833 1.17859 0.951215 1.03935 0.344022 0.898377 1.04323 0.456836 0.968765 0.260982 1.09357 1.01029 1.09069 0.382051 0.692982 0.389592 0.29748 0.346901 0.832429 0.95014 0.726873 0.59067 0.850258 0.767095 0.198862 0.218886 0.61222 0.970148 0.884337 0.866094 0.721048 0.726456 0.85039 1.13787
1.04812 0.640981 1.03183 1.00955 1.16818 0.941914 0.424191 0.546615 0.53664 1.09119 1.07186 0.898099 0.658827 1.09483 0.526189 0.352562 1.07003 0.854684 0.607376 1.04184 0.527636 1.18697 1.01108 0.908376 1.14443 0.44169 0.75531 0.17742 0.494484 0.306171 0.629117 0.547368 1.13751 0.521249 0.0570295 0.441044 0.330569 0.732757 0.619142 0.0983593 0.364794 0.542543 1.04905 1.01362 0.837844 0.416811 0.967769 0.960744 0.506794 1.1101 0.0384448 1.05177 1.04918 0.947021 0.255275 0.542847 0.147427 0.308245 0.460574 0.741521 1.16718 0.699068 0.56693 0.980918 0.571415 0.238839 0.260173 0.858512 1.05088 0.984929 0.773064 0.756376 0.739855 0.818367 1.17194
0.857093 0.672288 1.12905 0.929183 1.23918 0.898581 0.31773 0.441052 0.613274 1.16915 1.00194 0.771898 0.756311 1.0731 0.582175 0.521051 0.876005 0.955648 0.857511 0.892467 0.806918 1.14566 1.03801 0.771164 1.02378 0.37708 0.917021 0.106149 0.689873 0.237774 0.53266 0.673019 1.10211 0.531106 0.192969 0.343843 0.39424 0.552012 0.381091 0.214379 0.515431 0.587944 1.07846 1.03932 1.09343 0.274276 0.765279 0.824701 0.527775 1.13619 0.267394 1.0975 0.809258 1.17598 0.206799 0.769276 0.336961 0.324661 0.272729 0.678685 1.14316 0.748911 0.60661 0.788759 0.745864 0.208008 0.187396 0.789641 1.16843 1.04183 0.848031 0.782256 0.761289 0.911539 0.994465
0.867388 0.732348 1.11985 1.00871 1.0585 1.02165 0.403001 0.490021 0.564443 1.0272 0.914701 0.705409 0.631403 1.08969 0.556147 0.435871 1.11795 0.85139 0.728073 0.825204 0.778932 0.962332 1.098 0.881763 1.21904 0.397048 0.695228 0.115759 0.629575 0.121478 0.43472 0.670406 1.0266 0.639229 0.237795 0.227042 0.267952 0.7703 0.618404 0.137853 0.504214 0.442918 0.987132 1.02994 0.931824 0.384039 0.822146 0.933827 0.458866 1.05987 0.226726 1.03106 0.822324 1.10064 0.28228 0.54986 0.303003 0.386545 0.351218 0.689803 1.05615 0.78138 0.572989 0.881882 0.617052 0.245921 0.306583 0.7606 1.15783 0.94192 0.896759 0.757072 0.750954 0.982609 1.13009
0.988218 0.900405 0.880347 1.06843 1.03598 0.744908 0.416838 0.478298 0.694436 0.986415 1.0343 0.809339 0.579046 0.947243 0.35885 0.353951 1.14381 0.956087 0.849108 1.06777 0.669044 1.15878 1.04974 0.890586 1.07257 0.484682 0.925022 0.0589841 0.445206 0.118939 0.460988 0.562559 1.08107 0.601409 0.0549921 0.268423 0.401246 0.540116 0.599397 0.301126 0.347532 0.705204 1.19287 1.18656 0.915051 0.553853 0.786618 0.839868 0.446032 1.14234 0.0431283 1.14323 0.95007 0.960836 0.266672 0.72882 0.228202 0.553379 0.408269 0.90633 1.07514 0.86417 0.61035 0.942959 0.846016 0.355798 0.289938 0.599418 1.13282 0.87078 0.940507 0.869006 0.753895 0.817655 1.05602
1.0172 0.662622 1.08359 0.873241 1.01068 0.85386 0.356366 0.449669 0.462107 1.20467 1.08631 0.675367 0.669229 1.02683 0.309317 0.489229 0.976649 0.898593 0.5928 1.0156 0.652783 1.08871 1.22984 0.740579 0.986406 0.616422 0.906152 0.284172 0.524462 0.385658 0.451469 0.581711 0.966329 0.689162 0.0919654 0.271809 0.177851 0.634215 0.487942 0.253774 0.482897 0.589315 1.19892 1.03323 0.955317 0.552244 0.840332 0.936812 0.376282 1.05779 0.216495 1.15803 1.02771 0.973154 0.254648 0.58151 0.414102 0.437485 0.4026 0.923886 1.10528 0.959299 0.6582 0.904426 0.798474 0.36466 0.270505 0.866014 1.15136 0.97702 0.761888 0.891602 0.704036 0.706295 1.13317
0.924625 0.688642 0.930751 0.999552 1.0999 0.810098 0.389001 0.605155 0.486762 1.2417 1.17117 0.877083 0.717119 0.908267 0.603723 0.391724 0.887482 1.10338 0.644121 1.05409 0.808347 1.12681 0.997068 0.856122 0.94493 0.593789 0.716496 0.115497 0.545384 0.37427 0.465296 0.770546 1.11604 0.461027 0.190967 0.276816 0.247249 0.683635 0.421248 0.171901 0.477986 0.447138 0.961996 1.08131 1.02733 0.537051 0.940998 1.07507 0.380886 0.944202 0.0275092 0.979905 1.03658 0.999623 0.378236 0.588213 0.433124 0.309407 0.435714 0.870496 0.959516 0.844101 0.749534 0.888299 0.595825 0.306915 0.236599 0.792428 0.967831 0.990867 0.872545 0.878277 0.492903 0.707172 1.02211
0.973287 0.749845 0.958548 0.999237 1.11876 0.826199 0.364331 0.472034 0.552464 1.01604 0.949546 0.926687 0.755929 0.932056 0.314377 0.314441 1.0687 1.00834 0.575949 1.04125 0.796369 0.957861 0.971657 0.699655 1.13946 0.523164 0.706284 0.255658 0.658541 0.118923 0.482815 0.737634 1.20708 0.436507 0.0995793 0.296112 0.20345 0.768821 0.529272 0.122577 0.29369 0.462734 1.03037 1.16362 0.833809 0.435944 0.972299 0.892141 0.622826 0.902446 0.0642353 1.1674 1.00198 0.975379 0.389414 0.550228 0.304235 0.371617 0.32483 0.789546 0.920572 0.923996 0.814332 0.937127 0.845373 0.350707 0.206533 0.594173 1.18554 1.03965 0.858793 0.938641 0.75973 0.79825 0.934046
0.8773 0.759227 1.01792 0.993883 1.1349 0.803424 0.377844 0.472038 0.542878 1.15646 1.08969 0.855396 0.779328 1.08944 0.570653 0.344974 1.02644 0.980787 0.574227 1.02057 0.665185 1.21227 0.985486 0.722469 1.00689 0.566338 0.81437 0.0940176 0.635587 0.154192 0.430067 0.631833 0.993893 0.677477 0.327158 0.206785 0.368431 0.519657 0.582579 0.241136 0.407426 0.610544 1.10587 1.12198 0.976465 0.48648 0.887172 0.942898 0.521345 1.12668 0.223289 1.14526 0.827526 0.987035 0.307186 0.683234 0.346454 0.308119 0.524808 0.788036 0.932462 0.79462 0.673124 0.965038 0.666153 0.137785 0.169293 0.735139 1.03717 1.1233 0.998507 0.949361 0.55673 0.756295 1.05683
