25 75
0.691489 0.173889 0.481916 0.636286 0.94896 0.900339 0.798426 0.283514 0.97214 0.61264 0.398257 0.888668 0.741008 0.192561 0.644714 0.488499 0.639678 0.0412942 0.464655 0.852317 0.901449 0.45447 0.88778 0.711977 0.840013 1.02069 0.333942 0.586394 1.01435 0.588003 0.364751 0.980905 0.997808 0.702328 0.736564 0.608506 0.926327 1.09111 1.24583 0.640283 0.853414 0.502837 0.651044 0.942088 0.167519 1.14047 0.297043 0.762066 0.951957 0.16595 0.714838 0.903449 0.864 1.13511 1.14318 0.957654 0.727643 0.523761 0.588369 1.16731 1.11797 0.51784 0.751641 0.664433 0.688148 0.100068 0.911937 0.99009 0.58584 0.30694 0.740282 1.01554 0.134988 0.293397 0.272313
0.565937 0.02604 0.571112 0.710768 1.10635 0.876699 0.558741 0.147702 0.983495 0.653268 0.679444 0.866071 0.812949 0.204414 0.649238 0.687002 0.602789 0.208401 0.427015 0.979119 0.999268 0.659909 0.919537 0.573088 0.803997 1.0553 0.123377 0.635192 1.06815 0.592212 0.112206 1.09722 0.878682 0.536011 0.741107 0.71994 0.923543 0.999866 1.13983 0.441443 0.778488 0.436979 0.786278 1.00065 0.146303 1.21028 0.234412 0.986592 0.764336 0.330492 0.924865 0.973087 0.799805 1.19183 1.18037 0.833295 0.677103 0.500793 0.333242 1.03931 1.1699 0.54689 0.534626 0.765316 0.836894 0.346729 0.988651 1.01155 0.748664 0.516134 0.694513 0.822621 0.0311658 0.321325 0.0586044
0.511808 0.0765035 0.459566 0.834532 1.09691 0.738532 0.785293 0.0899906 1.18942 0.707286 0.500124 0.900234 0.736185 0.329976 0.419798 0.680313 0.576721 0.221791 0.540014 0.822978 0.97313 0.364578 1.08651 0.686976 0.908751 0.995684 0.0527057 0.772615 0.939033 0.426216 0.363413 1.2222 0.851632 0.555019 0.523223 0.634562 0.861197 1.16867 1.22418 0.461285 0.743924 0.355007 0.595294 0.871865 0.268751 0.983364 0.337444 0.884849 0.845184 0.112865 0.700985 0.870972 0.720015 1.05873 1.05693 1.04722 0.719838 0.632399 0.418783 1.01089 1.23099 0.476569 0.66469 0.655313 0.816961 0.065528 1.12316 0.941893 0.629993 0.420046 0.670115 1.01902 0.0380939 0.283272 0.312119
0.521649 0.0399299 0.505168 0.90109 1.04318 0.842479 0.762413 0.328673 0.943369 0.641837 0.451594 0.675308 0.730833 0.233455 0.658017 0.480152 0.383676 0.309657 0.576362 0.99367 0.922386 0.393038 0.964668 0.498489 0.842625 1.06697 0.0905221 0.695621 0.997679 0.351218 0.339161 1.06475 0.996711 0.608984 0.723466 0.822741 0.831765 0.942622 1.24296 0.661498 0.906624 0.47979 0.86974 0.931253 0.375634 1.18244 0.424762 0.796971 0.871817 0.113304 0.765502 1.02073 0.781323 1.23752 1.09748 0.935899 0.669298 0.617714 0.401844 1.02143 1.27199 0.610864 0.673622 0.702393 0.808169 0.14467 1.01103 1.11852 0.559468 0.530843 0.693339 0.787629 0.239919 0.0466661 0.207066
0.570663 0.252478 0.638422 0.812566 1.01109 0.851238 0.788991 0.296743 1.15199 0.640729 0.483328 0.904538 0.789404 0.258066 0.655192 0.642803 0.562931 0.323549 0.601038 0.988985 0.925172 0.632617 1.05715 0.530429 0.992741 1.05006 0.0843704 0.689878 0.789401 0.44177 0.255487 1.21095 0.753637 0.503455 0.662194 0.571145 0.67559 0.959881 1.21966 0.57011 0.771261 0.259852 0.853967 1.03048 0.292981 0.999197 0.373749 0.755059 0.872719 0.195617 0.854803 0.843211 0.613054 1.19803 1.12775 1.09216 0.724485 0.368404 0.542102 1.20729 1.21851 0.543888 0.551985 0.707788 0.832066 0.201221 1.00237 1.05607 0.762862 0.570518 0.635309 0.920881 0.287371 0.199269 0.24674
0.632788 0.0944296 0.46575 0.872885 1.12362 0.693764 0.728663 0.253949 1.10175 0.640612 0.424606 0.660939 0.670964 0.315336 0.631724 0.65431 0.607069 0.0402467 0.330242 0.836704 1.12849 0.54446 1.07757 0.573331 0.817513 1.02065 0.136895 0.754164 0.897564 0.435421 0.169477 1.04005 0.939893 0.581724 0.663881 0.691177 0.628153 1.12729 0.964944 0.532356 0.905501 0.526943 0.670362 0.915193 0.215785 1.16093 0.274797 0.778288 0.906826 0.25068 0.705451 0.844274 0.782859 1.10935 0.926916 0.996444 0.731944 0.409872 0.558065 0.995523 1.08959 0.527253 0.748937 0.840364 0.621045 0.242602 0.903074 1.09814 0.667466 0.526344 0.740827 0.761576 0.0574016 0.0743043 0.316719
0.748831 0.102044 0.645624 0.893728 0.921043 0.706536 0.72284 0.275653 1.22088 0.683704 0.645284 0.723995 0.830305 0.341951 0.574723 0.549486 0.570575 0.0837485 0.380909 1.03769 1.03626 0.486764 0.970075 0.708748 1.01321 1.20847 0.178913 0.663416 1.02579 0.419774 0.276453 1.13013 0.749572 0.701381 0.573089 0.711782 0.657996 1.10427 1.01862 0.422792 0.76778 0.357814 0.827156 1.06956 0.365634 1.25336 0.467035 0.806713 0.726162 0.224462 0.767422 1.11904 0.681977 1.06465 0.96208 0.957642 0.671366 0.462143 0.403687 1.21806 1.09648 0.384751 0.77198 0.839399 0.832331 0.253679 1.10162 0.99536 0.603539 0.297557 0.686399 0.916608 0.0607243 0.203964 0.085926
0.705462 0.107188 0.695318 0.896287 1.00901 0.937074 0.635398 0.20596 1.08965 0.537257 0.676406 0.767679 0.691392 0.185974 0.43191 0.521018 0.427007 0.225654 0.613916 0.870517 0.962377 0.486755 1.03113 0.529898 0.838693 0.998049 0.0943356 0.61351 1.05358 0.433234 0.342723 1.26022 0.78965 0.574864 0.586527 0.718127 0.773811 1.1799 1.05669 0.651551 0.842358 0.370889 0.629194 0.878644 0.391068 1.25212 0.452248 0.930526 0.88637 0.262012 0.899946 1.08091 0.830514 1.02215 0.935539 1.11434 0.739981 0.475972 0.398374 0.957003 1.05191 0.481255 0.647009 0.806549 0.831327 0.341305 1.11257 0.901605 0.558734 0.445776 0.575389 0.836797 0.258101 0.0604755 0.120555
0.542278 0.152882 0.599305 0.685681 0.90312 0.83018 0.766648 0.129373 1.03156 0.622977 0.552884 0.772183 0.831236 0.332473 0.685347 0.567413 0.579427 0.212122 0.360987 0.786901 0.957743 0.650654 1.1651 0.697585 0.766435 1.03701 0.206917 0.756891 1.01446 0.50896 0.217788 1.10889 0.772401 0.581286 0.664919 0.775315 0.906003 0.983759 1.20499 0.541486 0.946438 0.330488 0.790268 1.02854 0.290154 1.17426 0.303948 0.788214 0.81877 0.136642 0.809913 0.98788 0.614395 1.08346 1.04484 0.829646 0.797616 0.444501 0.414517 0.979558 1.16702 0.559352 0.577685 0.660278 0.785898 0.263931 1.07308 1.03048 0.777395 0.502623 0.702335 0.760775 0.11654 0.258747 0.166815
0.620179 0.260862 0.60988 0.717257 1.16456 0.945197 0.756411 0.365644 1.16262 0.478548 0.574671 0.820457 0.640403 0.240599 0.434277 0.566217 0.45378 0.298498 0.614188 1.02075 0.978885 0.605455 1.15631 0.723892 0.940837 1.18648 0.151581 0.681122 0.792074 0.554102 0.26397 1.00349 0.786606 0.518076 0.652208 0.767727 0.645607 1.03448 1.07421 0.506175 0.880236 0.275194 0.614703 1.16545 0.309889 1.0872 0.411163 0.967248 0.759068 0.269278 0.755434 0.991855 0.613601 1.00071 1.00242 0.87479 0.624053 0.637102 0.590639 1.1996 1.01006 0.527968 0.732096 0.602334 0.784295 0.166166 0.892895 0.925283 0.818089 0.4594 0.816276 0.786488 0.147231 0.263634 0.252371
0.678421 0.0388626 0.539168 0.721245 0.911818 0.682871 0.830812 0.21502 0.955368 0.430329 0.461111 0.669704 0.69122 0.405149 0.619948 0.623073 0.391502 0.200936 0.404838 0.760317 0.966771 0.573053 1.15556 0.627495 0.929136 1.1711 0.243545 0.624498 0.791332 0.416084 0.248877 1.06262 0.898664 0.568661 0.599699 0.590303 0.833952 1.04417 1.10599 0.585455 0.728862 0.496268 0.676221 0.876679 0.139118 1.21338 0.205957 0.803523 0.796767 0.317209 0.817662 1.03184 0.6653 0.955978 1.12588 1.04739 0.871019 0.357593 0.379891 0.977017 1.1506 0.454239 0.693282 0.689651 0.84832 0.320719 0.917334 1.07025 0.625482 0.484385 0.63294 0.945695 0.298295 0.12464 0.0692028
0.469027 0.0949649 0.530936 0.831247 0.992885 0.89799 0.591152 0.0960078 1.15081 0.634388 0.629606 0.72596 0.656281 0.311297 0.628493 0.673236 0.528425 0.0507947 0.476818 0.98903 1.0797 0.487818 1.16524 0.758259 0.894181 0.970611 0.265564 0.58146 1.06268 0.453305 0.321127 1.2283 0.808893 0.58865 0.576999 0.778588 0.825687 0.974175 1.09308 0.487439 0.895097 0.303403 0.857939 1.08218 0.191247 1.04153 0.328398 0.730132 0.76265 0.271806 0.731322 0.868042 0.747049 1.21743 0.944838 0.815879 0.721721 0.49702 0.559271 0.989296 1.14774 0.64574 0.734395 0.728947 0.774614 0.258962 0.893095 1.13638 0.646389 0.425802 0.665636 0.869568 0.242649 0.0528195 0.0712055
0.613885 0.0183344 0.623817 0.826692 1.07505 0.807845 0.672168 0.318802 0.994516 0.656081 0.660522 0.729279 0.837765 0.163845 0.417077 0.585578 0.539993 0.0634928 0.45189 0.758035 0.996482 0.567844 0.977423 0.673071 0.876961 0.939384 0.148718 0.767228 0.973738 0.565784 0.104835 1.04956 0.874807 0.68983 0.554635 0.751071 0.920527 1.22148 1.0373 0.385083 0.941822 0.393598 0.618354 1.05037 0.271605 1.18117 0.181989 0.986833 0.894728 0.145525 0.70384 1.0164 0.802026 1.07555 0.963267 0.968656 0.665705 0.601065 0.491516 1.09515 1.28614 0.431365 0.723185 0.88424 0.639983 0.256935 1.14921 1.12297 0.669277 0.442156 0.760777 0.902671 0.140298 0.282506 0.0454012
0.535552 0.0482921 0.568716 0.776474 1.0432 0.749595 0.843111 0.195244 1.21292 0.458608 0.679333 0.898529 0.549313 0.386687 0.42441 0.603566 0.61975 0.0535433 0.499885 0.847931 1.10131 0.58403 1.09067 0.536578 0.876684 1.19006 0.173595 0.552847 0.831065 0.523201 0.389383 1.12388 0.72802 0.455134 0.674929 0.74 0.770622 1.22564 1.12462 0.428768 1.01375 0.32884 0.761736 0.92277 0.375019 0.990955 0.254848 0.729162 0.90024 0.150149 0.77697 0.974722 0.711849 0.988086 1.15104 0.837605 0.662651 0.503836 0.432865 1.13066 1.13579 0.610608 0.764651 0.709336 0.893081 0.128474 1.14979 0.930848 0.590662 0.441004 0.851887 0.779815 0.278667 0.317605 0.161183
0.603477 0.0471525 0.728241 0.822688 1.06405 0.832741 0.7036 0.251335 1.20089 0.578927 0.686178 0.79444 0.711895 0.182866 0.576114 0.708984 0.446772 0.312187 0.48826 0.750895 0.949217 0.573266 1.10709 0.502132 0.958832 1.06448 0.121195 0.558568 1.05756 0.356938 0.326699 1.01282 0.770492 0.709804 0.687799 0.595747 0.704724 1.02777 0.9468 0.551134 0.917404 0.453519 0.853891 0.883026 0.306841 1.12304 0.446267 0.992334 0.65731 0.390309 0.800086 0.980379 0.631879 1.20519 1.03939 1.04035 0.787423 0.541114 0.417051 1.12329 1.06959 0.413889 0.621179 0.732343 0.664654 0.16651 0.937309 1.07785 0.581429 0.412686 0.684583 0.788542 0.0320317 0.0450406 0.198866
0.698601 0.121253 0.682102 0.89498 0.928226 0.900397 0.750327 0.374915 1.14111 0.456968 0.644222 0.756397 0.626037 0.232998 0.543861 0.631361 0.51874 0.16571 0.447394 1.02873 0.985847 0.368036 1.06139 0.570378 1.05768 1.01701 0.259675 0.694926 0.877346 0.364358 0.118566 1.14254 0.763245 0.548332 0.679797 0.71622 0.629925 1.12848 1.18853 0.407664 0.734054 0.408811 0.68091 1.13008 0.131951 1.0267 0.436581 0.771034 0.837077 0.28751 0.735938 1.08726 0.829114 1.22358 0.920094 0.983194 0.867912 0.557638 0.542608 1.0212 1.16571 0.589141 0.752835 0.873361 0.752251 0.225787 0.954241 0.982599 0.829101 0.319479 0.844995 0.739117 0.0788729 0.113 0.0632883
0.651467 0.115218 0.674793 0.714733 1.08353 0.707598 0.691608 0.296872 1.16004 0.531644 0.545614 0.649329 0.672596 0.227152 0.604831 0.597542 0.50932 0.174251 0.355744 0.796536 0.975364 0.644547 0.982346 0.514666 0.836459 1.11096 0.336538 0.747796 0.793429 0.467664 0.141985 1.1818 0.788406 0.577558 0.605655 0.732471 0.900375 0.963985 1.04533 0.422132 0.98429 0.304135 0.797392 1.08539 0.194793 0.9779 0.236047 0.80244 0.925444 0.228294 0.735761 1.07925 0.667354 1.12664 1.08842 0.9174 0.872093 0.627225 0.555736 1.11287 1.26201 0.490784 0.506567 0.842983 0.677492 0.115134 1.08976 0.968587 0.802044 0.307455 0.65478 0.744889 0.139707 0.168112 0.233699
0.606603 0.271645 0.671611 0.772306 1.08693 0.725774 0.845617 0.237965 0.992137 0.447593 0.396141 0.646996 0.582413 0.269159 0.479497 0.554524 0.460896 0.32727 0.354221 0.771353 1.01343 0.513813 0.891384 0.738769 0.937051 1.10133 0.0913173 0.5715 0.822833 0.622933 0.238998 1.00417 0.759835 0.46881 0.547824 0.676887 0.635669 0.969426 1.16157 0.392845 0.73711 0.369516 0.826592 0.993107 0.15521 1.18495 0.441891 0.917753 0.873813 0.272475 0.752621 0.898896 0.586119 1.19079 1.08438 0.943179 0.683098 0.378648 0.489514 1.07342 1.17637 0.541915 0.543614 0.723889 0.708408 0.202831 1.09199 0.976554 0.838305 0.472983 0.640313 0.883191 0.0531433 0.321335 0.32273
0.643364 0.0771245 0.439541 0.818141 1.15765 0.763677 0.718572 0.272272 1.08858 0.548058 0.604529 0.878367 0.653549 0.212818 0.492341 0.480136 0.594403 0.139328 0.582229 0.964915 0.954308 0.503309 1.03987 0.474572 0.837141 1.0888 0.295699 0.501939 0.922408 0.379716 0.16782 1.20719 0.885642 0.549963 0.544067 0.588697 0.668493 0.997628 1.03603 0.466395 0.848514 0.449213 0.671582 1.01382 0.117564 1.23642 0.252779 0.7382 0.704542 0.259695 0.867342 0.988703 0.608032 1.22039 1.19423 1.09691 0.860425 0.358115 0.469837 1.13627 1.20798 0.516535 0.647246 0.810242 0.691786 0.280484 1.14083 1.14982 0.83932 0.401321 0.762684 0.98933 0.139864 0.179708 0.215284
0.631669 0.288393 0.586349 0.827983 0.95578 0.959691 0.628591 0.123752 1.04747 0.527309 0.618157 0.790078 0.805522 0.32344 0.45189 0.476992 0.647988 0.264288 0.33583 0.954055 1.14639 0.490228 1.12756 0.609907 0.932134 1.09728 0.254023 0.745785 1.00351 0.626924 0.327257 1.11748 0.959771 0.639653 0.655679 0.551299 0.636896 1.21569 1.01975 0.416709 0.872683 0.356402 0.767003 0.978184 0.176717 0.968804 0.292494 0.810862 0.659396 0.276023 0.706288 1.11544 0.856025 1.0681 1.08144 1.08956 0.67823 0.580775 0.390787 1.22103 1.12757 0.456509 0.51338 0.826527 0.692655 0.270298 1.03807 0.90965 0.785779 0.571228 0.595634 0.904082 0.249383 0.161097 0.327856
0.489824 0.0161917 0.536878 0.71717 1.12991 0.705203 0.64243 0.348274 0.979174 0.522756 0.447768 0.689988 0.607031 0.243185 0.707959 0.48755 0.587819 0.133176 0.531734 0.894367 0.951251 0.429627 0.872402 0.702094 1.01444 1.08769 0.0546668 0.66908 0.913939 0.460429 0.106039 1.12056 0.970347 0.572191 0.652996 0.820354 0.698927 1.08446 1.2124 0.640047 0.73992 0.535562 0.630032 1.10098 0.341309 1.09211 0.38138 0.748257 0.878992 0.269405 0.694801 1.08242 0.593721 1.17684 1.08696 0.932118 0.832297 0.466943 0.383231 1.06957 1.03011 0.442612 0.661691 0.599873 0.641248 0.261597 0.989998 1.1585 0.804096 0.517706 0.689321 1.01265 0.116388 0.282559 0.280647
0.627825 0.202566 0.507238 0.856477 1.08399 0.815798 0.679395 0.308407 1.19894 0.428006 0.577711 0.746495 0.608831 0.318284 0.452899 0.680502 0.504385 0.0554761 0.4854 0.777052 1.15048 0.636704 0.992423 0.583155 0.997545 1.13125 0.0595233 0.73626 0.861167 0.369823 0.199995 1.06689 0.786742 0.516484 0.518517 0.60503 0.759663 1.06923 1.16586 0.430722 0.737528 0.521677 0.777966 1.02453 0.114834 1.00474 0.181185 0.900836 0.808638 0.240357 0.722065 0.911473 0.609286 0.963449 1.13276 0.849796 0.830232 0.538746 0.425505 1.16367 1.07152 0.521185 0.729851 0.876206 0.704799 0.11458 0.965141 0.977864 0.767703 0.404052 0.613386 0.84792 0.128658 0.0928797 0.193291
0.739632 0.268957 0.656532 0.632651 1.07453 0.787556 0.65838 0.243866 1.1535 0.462595 0.481523 0.758686 0.707768 0.194253 0.540433 0.638704 0.553179 0.320302 0.479626 1.01456 0.96863 0.369527 0.884284 0.712459 0.856064 0.937349 0.149521 0.777182 1.01264 0.346971 0.277619 1.24178 1.00182 0.452313 0.611778 0.567888 0.63603 0.988991 1.16403 0.436897 0.734746 0.273328 0.638629 1.12901 0.136325 1.17362 0.441646 0.849404 0.765446 0.322881 0.786327 0.992927 0.838017 1.13291 1.14073 1.09989 0.712705 0.414236 0.419191 0.963322 1.06605 0.513895 0.678314 0.685321 0.777645 0.166173 0.898686 1.08654 0.786194 0.317269 0.583273 0.736478 0.27367 0.227588 0.0631022
0.558325 0.149935 0.548371 0.630554 1.1462 0.94134 0.832167 0.302736 0.989451 0.428745 0.412594 0.81924 0.763848 0.359803 0.657461 0.569244 0.388892 0.203993 0.51295 0.839339 1.17428 0.411703 1.13403 0.708042 0.843301 0.986015 0.107542 0.501706 1.05329 0.613692 0.191664 1.12003 0.785013 0.663919 0.539616 0.742097 0.668798 1.12454 1.13355 0.648747 0.987406 0.316717 0.863312 1.05304 0.267205 0.956068 0.424824 0.794069 0.751877 0.309636 0.854813 0.882252 0.581095 1.12432 0.946019 0.912615 0.656771 0.515803 0.520898 1.14399 0.996942 0.491301 0.645625 0.710443 0.871741 0.13957 1.19217 1.02833 0.643596 0.406309 0.603642 0.925013 0.298011 0.265692 0.206229
0.677396 0.254687 0.637162 0.747283 0.980854 0.963412 0.582132 0.380195 0.950001 0.488007 0.429416 0.622991 0.550822 0.327857 0.579087 0.559474 0.557361 0.187719 0.531642 1.03801 1.11455 0.440831 1.07736 0.680141 1.01727 1.00577 0.250767 0.508618 0.882128 0.542009 0.182876 1.16626 0.809464 0.713152 0.746098 0.583661 0.740248 0.947469 1.05789 0.529396 0.942345 0.341324 0.809234 1.10245 0.328124 1.09334 0.292429 0.885176 0.710126 0.236903 0.733012 1.00623 0.768861 1.09138 1.15912 0.964849 0.862953 0.403079 0.391456 1.2099 1.19773 0.652356 0.697303 0.834304 0.773295 0.121861 1.13917 0.962953 0.837602 0.495489 0.777613 0.93406 0.220689 0.131002 0.317863
