25 75
0.695184 0.175134 0.996734 0.852079 1.22452 0.318815 1.08057 1.05817 0.450625 0.744385 0.288653 1.04718 0.274984 0.400175 1.12352 0.912168 0.783262 0.847322 0.578174 0.803604 1.0095 0.716581 0.403925 0.619479 0.676643 0.534166 1.05481 0.892249 0.558617 0.538944 0.708137 0.64225 0.690912 1.12599 0.876859 0.837465 0.97435 0.935535 0.940323 0.629935 0.524903 0.13877 1.0213 0.753372 0.959287 0.696524 0.975815 0.775224 0.189091 0.54041 0.472118 0.25494 0.599471 1.16527 0.25201 1.00571 0.964817 0.978486 0.408283 0.701342 0.291207 1.09473 1.21588 0.308628 0.947027 0.511677 1.01309 0.395617 1.03291 0.95295 0.768893 0.242213 0.651082 0.0700054 0.252581
0.59983 0.29179 1.08399 0.945586 1.18126 0.128754 0.828517 0.847096 0.452905 0.703297 0.246472 1.01693 0.534269 0.259821 1.01698 1.11911 0.79068 1.02377 0.616144 0.905125 0.952866 0.825391 0.427176 0.602246 0.586008 0.494878 1.02129 0.90419 0.502232 0.432551 0.640987 0.848127 0.73576 0.953282 1.01276 0.985429 0.821091 0.966324 1.08035 0.496461 0.427524 0.259818 0.773383 0.872759 0.988319 0.832166 1.01198 0.531085 0.305458 0.354965 0.728407 0.178868 0.62955 1.22703 0.277498 1.07633 1.06233 0.894578 0.233878 0.723744 0.358601 1.15188 0.976545 0.288105 0.936474 0.570209 0.946039 0.23878 0.938342 1.02409 0.922484 0.304387 0.515401 0.258057 0.37111
0.665261 0.413246 1.02738 0.935815 1.24029 0.213361 0.872804 1.01573 0.458216 0.560653 0.212783 1.0832 0.469163 0.165628 1.07402 0.970254 0.685912 1.0705 0.495029 1.0424 1.14565 0.72737 0.473042 0.455284 0.432146 0.574178 0.889403 0.884121 0.439234 0.390897 0.775833 0.752895 0.511537 0.897689 0.801267 0.832156 0.731427 1.09138 1.09868 0.724846 0.436147 0.110123 0.773148 0.628057 0.940994 0.784585 0.789071 0.628966 0.311472 0.454395 0.466302 0.373995 0.606751 0.980897 0.481554 1.00797 1.0355 0.800034 0.268815 0.5953 0.151063 1.17003 1.23119 0.194948 0.982975 0.657241 1.0734 0.333283 0.930251 0.97539 0.741267 0.183473 0.649063 0.327031 0.25266
0.474319 0.217034 0.910511 0.80077 1.18466 0.251928 1.02098 1.04859 0.389102 0.51852 0.317964 1.07424 0.354402 0.434892 1.12778 1.15 0.737263 0.819865 0.582361 1.03129 0.966138 0.675084 0.328569 0.57158 0.647652 0.443879 0.892019 0.735604 0.537006 0.433734 0.658088 0.731599 0.51267 1.16693 0.818609 0.884677 0.87905 1.08829 1.18209 0.628237 0.598295 0.0701633 0.847884 0.842415 0.979089 0.786573 0.785283 0.745194 0.459806 0.456275 0.703775 0.356678 0.774079 1.23321 0.311057 0.988757 0.906216 1.07365 0.277393 0.839553 0.279173 1.20013 1.10948 0.189769 0.895386 0.730413 1.16659 0.408309 0.840426 0.871414 0.964855 0.119522 0.681823 0.0773004 0.320852
0.705409 0.22366 0.874856 0.854189 1.10668 0.201281 0.893267 0.880587 0.404731 0.710047 0.116708 1.08787 0.446181 0.284311 1.13116 1.10207 0.668361 0.819833 0.457246 0.79878 1.03405 0.667353 0.477653 0.465943 0.536483 0.373049 1.13032 0.644692 0.443637 0.370012 0.76251 0.655219 0.655088 1.0846 0.914868 0.92389 0.920198 0.898511 1.1467 0.554714 0.501854 0.147314 1.00877 0.747731 1.12728 0.773843 0.856685 0.714708 0.339365 0.447892 0.573054 0.393407 0.800674 1.08847 0.276572 1.07055 1.01089 1.0856 0.415728 0.560252 0.0806447 1.23075 1.19014 0.146798 0.820711 0.5742 1.17431 0.203745 0.895114 0.923379 0.951985 0.136071 0.65347 0.20661 0.358268
0.579506 0.165884 1.04041 0.891325 1.24252 0.394997 1.02456 0.843969 0.496393 0.692294 0.175029 0.928209 0.458861 0.349534 0.919166 0.944926 0.697977 1.05121 0.56248 0.825753 0.967165 0.745772 0.498199 0.394175 0.532894 0.528916 1.1241 0.74516 0.364233 0.593886 0.834716 0.719951 0.706111 0.968545 0.964952 0.886509 1.0001 0.998213 0.964898 0.476883 0.481252 0.142456 0.94846 0.688934 1.04269 0.653487 0.763777 0.790134 0.232288 0.566954 0.570623 0.244487 0.820762 1.02553 0.42719 1.10369 1.03123 1.03761 0.510639 0.585021 0.0925246 1.18701 1.26251 0.172838 0.968391 0.509596 1.01046 0.306491 0.984535 0.789911 0.939095 0.2393 0.543742 0.368232 0.411449
0.691601 0.301809 0.888377 0.844432 1.21931 0.35547 0.852816 0.992671 0.308737 0.695937 0.196651 0.986195 0.475066 0.458237 0.93709 1.01445 0.757333 1.01337 0.361212 0.778651 0.991855 0.554278 0.381261 0.551845 0.493782 0.37972 0.955891 0.875933 0.427218 0.49118 0.589871 0.734958 0.754607 0.93783 0.842119 0.71981 0.823802 1.06298 0.934486 0.487362 0.381967 0.143314 0.927908 0.810291 0.998937 0.808144 0.951251 0.773073 0.175352 0.623521 0.576978 0.125106 0.822675 1.03646 0.321933 0.956237 1.12804 1.01766 0.352008 0.72169 0.176944 1.2146 1.19254 0.299561 0.816081 0.545313 1.16256 0.393684 0.847082 1.02066 0.755104 0.0875211 0.508163 0.345461 0.384185
0.550027 0.362133 1.03256 0.752488 1.10742 0.243662 0.908449 0.793998 0.42886 0.518647 0.148549 0.997289 0.37241 0.174665 1.18325 1.0272 0.846037 0.944268 0.443763 0.834969 0.927029 0.721718 0.39645 0.461798 0.537389 0.435975 0.977832 0.884066 0.598116 0.629188 0.579216 0.638615 0.569859 1.08085 0.760685 0.7329 0.845146 1.00646 0.929661 0.549401 0.619685 0.0129581 0.779111 0.750871 1.02499 0.684305 0.795297 0.678092 0.395414 0.574831 0.507184 0.288338 0.72025 1.19268 0.280585 0.95452 0.832542 0.897853 0.530573 0.628232 0.168893 1.22154 1.23122 0.191128 0.850254 0.597358 1.1658 0.236911 0.883175 0.771472 0.881646 0.237561 0.5162 0.366381 0.49715
0.535603 0.397874 0.80736 0.779118 1.04522 0.280193 0.913914 0.980121 0.46284 0.514945 0.312882 0.876847 0.378612 0.308436 0.983929 1.00141 0.812318 0.965001 0.369068 1.01899 1.14372 0.54058 0.483195 0.450404 0.431793 0.432628 1.0802 0.850222 0.645865 0.543694 0.705049 0.790984 0.499731 1.17469 0.798463 0.988847 0.873335 0.89242 1.05239 0.451118 0.483742 0.219418 1.01103 0.747788 1.16028 0.879475 0.769372 0.500782 0.292776 0.451223 0.507841 0.264656 0.605115 1.03673 0.358969 1.192 0.859728 0.945139 0.298433 0.855033 0.318458 1.0285 1.21119 0.320348 1.00533 0.702975 1.08894 0.298918 1.01399 0.845829 0.892168 0.278135 0.791916 0.203034 0.497566
0.477913 0.229894 0.899389 0.787059 1.04436 0.30873 1.01541 0.916466 0.578973 0.680054 0.255097 0.795358 0.507714 0.206708 1.12695 1.00725 0.892419 1.05719 0.409814 0.761267 1.13069 0.700852 0.34069 0.61052 0.450071 0.6083 1.12372 0.849728 0.577831 0.566379 0.593729 0.694035 0.634852 1.13225 0.959266 0.904446 0.920396 0.94299 0.966406 0.584242 0.551153 0.284897 0.827526 0.723359 0.88097 0.92025 0.902371 0.539563 0.351625 0.484407 0.480661 0.115278 0.692244 1.08805 0.379057 0.956134 1.10089 0.990233 0.438401 0.673467 0.107391 1.13607 1.18652 0.211226 0.912595 0.661009 1.09372 0.160614 0.854662 0.814962 0.738039 0.183142 0.584177 0.204949 0.474213
0.436681 0.25787 0.900769 0.938015 1.03444 0.119985 0.962395 0.918578 0.587104 0.66674 0.129842 0.965088 0.448616 0.307165 1.0947 1.1307 0.699021 0.868291 0.413514 0.91064 1.14674 0.573374 0.444412 0.482542 0.657688 0.445793 1.15563 0.877679 0.452354 0.409852 0.837112 0.840997 0.747029 1.15922 0.815053 0.774574 0.82219 0.956862 0.950341 0.587464 0.34825 0.0794555 0.928859 0.601739 0.933003 0.747931 0.801997 0.731444 0.394347 0.516544 0.692313 0.235788 0.6241 1.11569 0.262539 1.00277 1.07938 0.904472 0.382838 0.681726 0.291881 1.06399 1.00641 0.390435 0.896753 0.67099 1.18252 0.26038 0.825812 0.951337 0.812024 0.287059 0.6803 0.297146 0.451341
0.583673 0.175308 0.96255 0.928397 0.973353 0.229849 0.837426 0.916948 0.418095 0.628154 0.302911 1.0776 0.333027 0.262363 0.949962 0.967771 0.812625 0.836592 0.371937 0.928459 1.13669 0.560023 0.311409 0.405684 0.63442 0.465257 1.16872 0.86567 0.573938 0.583135 0.764392 0.776596 0.726576 1.02302 0.941619 0.704668 0.974122 1.03014 1.14856 0.444682 0.470675 0.25227 0.827937 0.703922 0.958968 0.712693 0.895819 0.576512 0.189386 0.490527 0.748121 0.172541 0.629848 1.1259 0.404873 0.998163 1.04838 0.819845 0.443078 0.65529 0.11048 1.05941 1.16519 0.216398 0.854891 0.598441 0.982226 0.289326 0.868039 0.898793 0.855674 0.220737 0.508573 0.137757 0.299015
0.413075 0.423842 0.894278 0.818396 1.15443 0.189968 1.06002 0.819037 0.428996 0.721615 0.258495 0.913741 0.492114 0.416588 1.09871 1.0085 0.75235 0.938076 0.631454 1.01565 1.07112 0.704281 0.302793 0.641705 0.691314 0.511932 1.1608 0.859543 0.560382 0.484502 0.71296 0.765708 0.597815 1.03443 0.939874 0.755741 0.931581 0.952132 1.15966 0.50278 0.518308 0.17616 0.838887 0.716762 0.969307 0.772669 0.8812 0.774263 0.41888 0.59278 0.720609 0.213118 0.733103 1.07303 0.254822 0.982633 1.06519 0.989243 0.461146 0.750954 0.225889 1.28025 1.10064 0.259469 1.04103 0.518162 1.22334 0.260334 0.885057 0.867055 0.693565 0.110358 0.684445 0.0842896 0.499651
0.553039 0.175735 0.930609 0.826114 0.9871 0.351766 0.872643 1.04218 0.533233 0.783627 0.254432 0.961876 0.357698 0.398383 1.09483 1.12153 0.862734 0.945005 0.517894 0.784759 1.00736 0.783384 0.424777 0.488685 0.56516 0.515402 0.901767 0.824538 0.587776 0.473832 0.680952 0.633479 0.666637 0.914436 0.969084 0.800126 0.975945 1.0005 0.979096 0.651993 0.394387 0.297764 0.871629 0.58926 1.02416 0.845127 0.985942 0.577381 0.386373 0.457833 0.752611 0.187204 0.717933 1.12077 0.343801 1.03137 1.02875 1.02774 0.307233 0.846913 0.230953 1.07481 1.03132 0.179937 0.888222 0.53912 1.12726 0.182036 1.07269 0.784747 0.794536 0.114791 0.729662 0.256008 0.259635
0.503724 0.165609 0.802268 0.711329 1.22371 0.285454 1.1101 0.877811 0.535092 0.624727 0.0554336 0.958604 0.496664 0.403149 0.913589 1.05023 0.750624 0.828503 0.498837 0.874164 1.07748 0.797412 0.352275 0.529481 0.630485 0.414402 0.884747 0.856838 0.47763 0.406912 0.62404 0.759104 0.737372 0.948583 0.968624 0.890479 0.78371 1.08871 1.13027 0.44668 0.416333 0.226542 0.898913 0.736847 1.14196 0.812783 0.96403 0.629838 0.245501 0.368232 0.700409 0.3935 0.804533 1.10681 0.375516 1.18103 0.922801 0.969333 0.340938 0.721305 0.220097 1.10932 1.06944 0.268222 0.851729 0.659464 1.07828 0.189869 1.0915 0.852704 0.76399 0.252088 0.786809 0.232173 0.322337
0.580878 0.314627 1.01721 0.990051 1.19072 0.300711 0.908529 1.03466 0.311768 0.584488 0.312257 0.967006 0.569906 0.386776 1.10582 1.08005 0.706206 0.841514 0.472397 0.925733 1.0124 0.69309 0.473536 0.589741 0.596051 0.348207 1.1373 0.872939 0.463225 0.424726 0.594609 0.601254 0.727571 1.08373 0.803745 0.855786 0.79282 0.890523 1.16668 0.704974 0.542203 0.223031 0.869658 0.753234 1.02407 0.89402 0.723996 0.785729 0.443517 0.340312 0.628328 0.294065 0.638923 1.09473 0.301862 1.00716 0.985977 1.0763 0.299004 0.836439 0.174212 1.2376 1.09659 0.322927 0.899019 0.770328 1.18141 0.377692 1.09437 0.788349 0.778062 0.0896715 0.529717 0.201321 0.293277
0.685706 0.194215 1.03589 0.858318 1.05005 0.164055 0.817237 0.980643 0.439342 0.603487 0.0793162 0.887815 0.509211 0.231846 0.96303 1.06411 0.660218 0.970926 0.354984 0.967415 0.894017 0.556816 0.521378 0.458602 0.585982 0.361056 0.932239 0.717674 0.57919 0.482674 0.621032 0.619853 0.55266 1.00303 0.902064 0.77462 0.771764 1.10929 1.15873 0.737873 0.624261 0.297255 1.02965 0.644531 1.12248 0.782201 0.880152 0.559516 0.352054 0.497468 0.610907 0.339938 0.69665 1.25329 0.50123 0.95999 1.01152 0.977577 0.463966 0.616545 0.335563 1.04767 1.15807 0.272659 1.03595 0.634055 1.22331 0.412976 0.831467 0.938851 0.724692 0.053834 0.7796 0.29553 0.347773
0.651988 0.186183 0.869864 0.821181 1.24025 0.205314 1.08808 0.906093 0.567261 0.699978 0.279823 1.07376 0.534261 0.372699 1.09362 1.18739 0.742422 1.06522 0.536107 0.781315 1.00214 0.721552 0.332298 0.524894 0.686291 0.587885 1.08165 0.706461 0.458109 0.626455 0.812373 0.692685 0.474424 1.14867 0.856597 0.884252 0.916846 1.03163 1.00024 0.599046 0.536494 0.0655199 0.759088 0.873436 1.07629 0.938031 0.886454 0.784989 0.460493 0.472102 0.472894 0.207973 0.666744 1.13532 0.462383 0.967548 0.998973 1.02879 0.450343 0.603895 0.0967478 1.10519 0.986974 0.228405 0.783705 0.720922 1.02496 0.209164 1.09519 1.02606 0.984482 0.0947288 0.742581 0.172885 0.491853
0.645386 0.285839 0.976321 0.932817 1.20096 0.302371 0.942719 0.806062 0.381218 0.750664 0.0912572 0.922533 0.568575 0.426438 0.89358 0.955998 0.912669 1.02642 0.429943 0.987859 0.967869 0.812795 0.261133 0.450807 0.461864 0.341456 0.92017 0.675343 0.413793 0.635364 0.556185 0.880107 0.483896 0.908208 0.817256 0.910388 0.940017 1.03937 1.15678 0.71949 0.527279 0.205356 1.03093 0.810692 0.958437 0.671746 0.759184 0.770165 0.36423 0.489869 0.459924 0.279005 0.848273 1.2375 0.253585 1.03493 1.09606 1.00455 0.387795 0.773636 0.0918055 1.24058 1.09916 0.378949 1.0175 0.756323 1.04311 0.397316 0.909321 0.855569 0.842623 0.0875425 0.665944 0.23249 0.225988
0.426447 0.2521 0.958623 0.785542 1.25265 0.120758 1.09103 0.956076 0.543952 0.665303 0.285182 0.869317 0.378522 0.416425 1.12996 0.991889 0.814894 0.947923 0.535763 0.961816 1.06973 0.771453 0.482601 0.565434 0.58953 0.35748 1.02354 0.726782 0.490037 0.512768 0.719454 0.634198 0.629287 0.972348 0.905955 0.973829 0.921109 1.12075 1.16588 0.613892 0.601312 0.205842 0.992337 0.60903 0.917955 0.94513 0.83692 0.615371 0.329845 0.446623 0.61233 0.395125 0.634127 1.17513 0.46316 1.08541 0.940406 1.04138 0.267293 0.746226 0.162624 1.00187 1.0458 0.233797 0.941543 0.741632 0.939177 0.260966 1.03184 0.926002 0.734561 0.211387 0.709968 0.29688 0.313772
0.417677 0.318253 0.813205 0.713253 1.02711 0.335936 0.828075 0.923259 0.481156 0.646313 0.0858798 0.865018 0.43109 0.300898 0.93757 1.12734 0.937761 0.871801 0.543484 0.853395 0.908037 0.718435 0.37719 0.474411 0.704041 0.420262 0.985087 0.910087 0.536275 0.486199 0.582785 0.836934 0.517159 1.01427 0.990632 0.800326 0.781566 1.04461 0.916479 0.572298 0.364466 0.289095 0.769588 0.870456 1.16062 0.884256 0.947778 0.56677 0.242834 0.530021 0.742946 0.212984 0.677543 1.23793 0.443914 1.05748 0.90865 0.872903 0.404297 0.64992 0.136438 1.2847 1.05356 0.24324 0.97241 0.625659 1.02657 0.357038 0.928961 0.85823 0.848975 0.158905 0.651599 0.363918 0.421929
0.491551 0.172552 0.966289 0.724154 1.10133 0.384966 1.08431 1.02065 0.518641 0.538339 0.0834057 0.963815 0.508746 0.233465 1.08439 0.953962 0.662941 1.11067 0.353019 0.810968 0.999589 0.677215 0.494079 0.364311 0.598901 0.464344 1.03264 0.778391 0.568759 0.495084 0.728848 0.587779 0.502454 1.13797 0.962806 0.732841 0.890161 0.984063 1.02618 0.720909 0.455246 0.247266 0.762279 0.600667 1.11624 0.752645 0.77642 0.766412 0.381522 0.50464 0.579608 0.202662 0.600805 0.962924 0.395264 1.00033 0.848055 0.842313 0.39704 0.705546 0.217356 1.26654 1.24757 0.141656 0.82392 0.552931 0.962337 0.335065 0.938902 0.960398 0.954278 0.0486412 0.595951 0.0712364 0.258754
0.538439 0.247247 0.862925 0.799895 1.24151 0.121163 1.08387 0.804765 0.516332 0.572549 0.188371 0.817369 0.401589 0.387172 0.938763 1.00384 0.850764 0.857694 0.468291 1.04612 1.07805 0.778114 0.450126 0.591191 0.564158 0.615883 0.953907 0.760845 0.621237 0.635032 0.753032 0.700782 0.654835 1.12406 0.972175 0.820263 0.954933 0.899697 1.13862 0.579297 0.469272 0.180771 0.732342 0.585948 0.969338 0.805019 0.779023 0.573172 0.338448 0.479479 0.565332 0.144571 0.663927 1.03205 0.359498 1.15164 1.05942 0.82598 0.249927 0.621579 0.209748 0.991263 1.27122 0.271808 0.934431 0.711908 1.2038 0.37097 0.892473 0.897409 0.97192 0.330143 0.728424 0.13899 0.464106
0.631109 0.255069 0.86014 0.756926 1.13997 0.210152 0.86469 0.837234 0.452275 0.634526 0.154564 0.91157 0.321372 0.393586 0.959914 0.975744 0.72125 0.843439 0.398905 1.00413 0.941203 0.794823 0.497101 0.40498 0.555413 0.476986 1.17529 0.863739 0.610131 0.370379 0.604274 0.872036 0.747109 1.00837 0.929664 0.977209 0.795299 1.02078 0.984306 0.526535 0.57732 0.0510113 1.01096 0.850768 0.945267 0.717328 0.966914 0.698899 0.349353 0.583875 0.755235 0.201642 0.719282 1.1248 0.314342 1.15077 0.946414 1.06515 0.45727 0.851598 0.260585 1.10977 1.071 0.397904 0.854394 0.670221 1.09019 0.160295 0.935012 0.824522 0.812098 0.118288 0.506679 0.322421 0.297616
0.497 0.398504 0.988846 0.712615 1.11902 0.280247 1.02083 1.00148 0.431094 0.7753 0.191539 0.863204 0.343858 0.321392 0.954163 1.01185 0.676288 1.04443 0.402246 0.840013 0.900258 0.700175 0.534257 0.629377 0.448996 0.519407 0.908941 0.837133 0.451338 0.436377 0.567914 0.80627 0.627155 0.992332 0.752406 0.952385 0.847857 0.998844 1.0528 0.692289 0.387651 0.233275 0.765159 0.618548 0.97101 0.669523 0.799929 0.653564 0.40761 0.451474 0.550536 0.258693 0.654328 1.07941 0.314031 1.21187 0.883842 0.822515 0.382407 0.662542 0.0882274 1.24492 1.26605 0.278171 0.93131 0.512784 0.998118 0.339541 1.04262 1.01891 0.878804 0.130913 0.720554 0.282999 0.409252
