25 75
0.894726 0.142187 1.07874 0.901685 0.94215 1.22688 0.770701 0.841993 1.06908 0.50014 0.78916 0.772541 0.342181 1.11895 0.0969313 1.0987 0.380624 0.949355 0.200008 0.299271 0.78768 0.831142 0.395436 0.288426 0.594412 0.277247 0.817723 0.562353 0.183467 0.74403 0.51001 0.421293 0.415026 0.608797 0.623259 0.623411 0.251749 0.625806 1.107 1.11883 1.18797 0.267269 0.630895 0.937064 0.779049 0.653881 0.295135 0.282022 1.04033 0.686704 0.12731 1.21319 0.309565 0.839929 0.494562 0.166908 0.461963 1.09747 1.01341 0.465485 0.624455 0.406946 0.761283 0.263664 0.703867 0.749805 0.124775 0.9473 1.25585 1.07134 0.202535 0.365979 0.714631 0.233893 0.391047
0.751968 0.0414895 1.07849 0.688398 1.06217 1.24447 0.9502 0.966212 0.997463 0.472479 0.987837 0.962484 0.212882 1.02386 0.249994 0.993654 0.393442 0.837915 0.195484 0.332256 0.673767 0.792791 0.470637 0.273574 0.856203 0.314583 0.725956 0.809775 0.148602 0.784119 0.733661 0.449748 0.371463 0.712647 0.471045 0.833479 0.334277 0.582614 1.1641 0.996303 0.957664 0.379448 0.622945 1.12961 0.784934 0.839269 0.306456 0.263263 1.01646 0.602169 0.188474 1.02256 0.121361 0.884523 0.487186 0.325106 0.688423 1.01089 0.943103 0.581194 0.553461 0.426336 0.799597 0.0527865 0.657704 0.683561 0.223153 0.895769 0.982103 1.09378 0.243446 0.400994 0.579431 0.258752 0.565448
0.75202 0.0672899 0.870146 0.724184 0.872128 0.990115 0.706545 1.0407 0.980382 0.643838 1.03819 0.950648 0.24618 1.07207 0.251588 0.886418 0.214806 0.943265 0.246515 0.397836 0.73128 0.928815 0.239728 0.226055 0.743038 0.168761 0.88905 0.532728 0.0952918 0.78734 0.709111 0.213416 0.543851 0.679803 0.358787 0.607215 0.39087 0.403184 1.15559 1.17009 1.08226 0.286811 0.652442 1.04535 0.807516 0.828913 0.172841 0.319993 0.802201 0.793936 0.251755 1.0417 0.257361 0.691082 0.454098 0.31637 0.734261 1.0921 0.959854 0.486776 0.480006 0.413538 0.528625 0.162462 0.737871 0.720623 0.266854 0.80569 1.00654 1.19871 0.353519 0.406737 0.48493 0.257904 0.527902
0.71118 0.236203 1.01434 0.703847 0.909508 1.13172 0.800914 1.03569 1.07621 0.438692 0.915896 0.918131 0.328218 1.13427 0.0836364 0.873128 0.288985 1.00687 0.381163 0.266164 0.778143 0.934952 0.287494 0.360858 0.860406 0.245724 0.779764 0.591175 0.163167 0.654881 0.658475 0.197469 0.636116 0.741098 0.372349 0.59343 0.470493 0.610217 1.02926 1.16111 1.02949 0.270383 0.465289 0.856995 0.655459 0.795994 0.314455 0.286711 0.792596 0.641472 0.214882 1.20541 0.151023 0.745 0.524326 0.175763 0.62539 0.964012 1.00962 0.696892 0.638465 0.399885 0.596685 0.289258 0.561202 0.835866 0.156381 0.831613 1.1641 1.20604 0.170507 0.386671 0.648779 0.374415 0.34061
0.863537 0.232011 0.788816 0.68778 0.806758 1.01819 0.730521 1.10466 1.0035 0.380694 0.990233 0.799215 0.284602 0.938708 0.26502 0.973361 0.228893 0.901684 0.291299 0.443506 0.800561 0.730636 0.41179 0.219325 0.620967 0.254708 0.884955 0.724062 0.218106 0.588416 0.521386 0.465473 0.486263 0.566552 0.587369 0.730076 0.444427 0.610502 1.02607 1.19521 1.1333 0.331979 0.552815 1.06555 0.659992 0.684347 0.340086 0.201765 0.800308 0.673651 0.15139 1.01048 0.0153991 0.753632 0.565033 0.394524 0.507908 0.897044 1.06587 0.446913 0.56313 0.490258 0.634553 0.253896 0.705395 0.804861 0.166075 1.01053 1.08484 1.01111 0.281276 0.248751 0.442135 0.299653 0.320412
0.688865 0.0605054 0.871421 0.736016 0.925347 0.967874 0.697192 1.10077 0.881563 0.515071 0.919872 0.940953 0.39931 1.06017 0.30483 1.03526 0.363071 0.818878 0.276889 0.302532 0.563249 0.905535 0.423878 0.0885355 0.599689 0.346305 0.842711 0.691704 0.288918 0.73449 0.622027 0.349247 0.642682 0.592259 0.379955 0.677376 0.333427 0.464551 1.13149 1.07547 0.909171 0.463692 0.565331 0.952722 0.550204 0.925356 0.19906 0.242494 0.810364 0.832666 0.182638 1.20956 0.10334 0.755647 0.349291 0.114018 0.717782 1.10959 1.07296 0.437539 0.453919 0.386456 0.595356 0.239441 0.661353 0.609054 0.127312 0.810065 1.15003 1.20503 0.179996 0.28006 0.672882 0.386861 0.413321
0.806871 0.0963726 0.92487 0.867875 1.04535 1.02916 0.867126 1.02665 0.910656 0.540747 0.929475 0.882424 0.238196 1.00609 0.30832 0.842291 0.233168 0.914512 0.341246 0.223252 0.538073 0.718139 0.341697 0.328813 0.591243 0.385922 0.707473 0.691113 0.32618 0.687271 0.589236 0.307802 0.488013 0.597209 0.548217 0.832251 0.243608 0.350821 1.22148 1.10746 0.97037 0.516373 0.543019 0.980366 0.547213 0.709112 0.398589 0.259185 1.04458 0.54836 0.193921 0.975397 0.209389 0.852567 0.404412 0.12822 0.538101 0.914956 1.09998 0.602508 0.582156 0.415822 0.746168 0.117311 0.587698 0.809746 0.193678 0.818402 1.17208 1.21984 0.239087 0.45367 0.616659 0.363026 0.348833
0.915521 0.122109 0.945329 0.79547 0.898182 1.1776 0.79814 0.880124 0.910986 0.479011 0.951543 0.898573 0.361214 1.15064 0.143772 1.01997 0.186334 0.92019 0.398035 0.23366 0.616679 0.77676 0.219518 0.315616 0.830705 0.356141 0.690034 0.808248 0.292454 0.655363 0.498949 0.320217 0.475871 0.721874 0.423575 0.75993 0.38786 0.408796 1.1323 1.04073 0.926764 0.271917 0.544309 0.980111 0.535937 0.862225 0.278034 0.202277 0.845627 0.633509 0.254219 1.15406 0.279895 0.805237 0.57347 0.107216 0.706527 0.863841 0.883714 0.417369 0.519329 0.223773 0.750378 0.157144 0.632676 0.763478 0.261974 0.967335 1.03183 1.10368 0.197254 0.428729 0.466992 0.153852 0.309169
0.844281 0.110061 1.07709 0.895831 0.84891 1.02575 0.716219 0.887339 0.996881 0.437165 0.929735 0.820848 0.14374 1.03541 0.13087 0.839286 0.239423 0.948328 0.182354 0.24998 0.720429 0.678263 0.235869 0.120849 0.720097 0.297347 0.787742 0.757376 0.10959 0.573096 0.61638 0.396736 0.551244 0.73916 0.560493 0.677702 0.326583 0.526805 1.17549 1.20143 1.09905 0.419409 0.607053 1.01202 0.726777 0.879249 0.351229 0.274454 0.903652 0.558337 0.288279 1.00879 0.236953 0.842645 0.567767 0.154154 0.566066 0.874204 1.05376 0.53646 0.628393 0.276907 0.721332 0.139553 0.670786 0.867651 0.312168 0.944471 0.972679 1.16299 0.225546 0.389384 0.642153 0.40629 0.548747
0.726721 0.284422 0.79438 0.66148 0.895696 1.03602 0.95861 0.932837 1.09021 0.654196 0.847382 0.788734 0.244358 0.919275 0.267626 1.05217 0.409302 0.938035 0.416656 0.492872 0.714362 0.778928 0.279378 0.100707 0.60734 0.426313 0.838837 0.643783 0.0612264 0.64445 0.740641 0.360116 0.534217 0.683048 0.501114 0.597369 0.39748 0.629681 1.16823 1.2443 1.05176 0.299003 0.397844 0.899931 0.76791 0.679523 0.442313 0.171704 0.806391 0.74055 0.30134 1.04364 0.153416 0.861988 0.558814 0.216137 0.443658 1.1399 0.998445 0.478991 0.375753 0.483608 0.733871 0.0525135 0.771216 0.80188 0.370665 0.854156 1.15579 1.02689 0.363044 0.242928 0.587247 0.358549 0.407961
0.83537 0.236128 0.907838 0.691051 0.812886 1.2161 0.747672 0.93076 0.946843 0.444173 1.05423 0.882917 0.212003 1.01084 0.351142 0.909017 0.188549 0.796168 0.22208 0.247692 0.62381 0.952147 0.353374 0.101586 0.872626 0.286909 0.68216 0.763655 0.270631 0.740854 0.643575 0.324374 0.48591 0.678839 0.599309 0.772747 0.476861 0.624273 0.992676 0.984638 1.01812 0.485692 0.590124 0.895958 0.659217 0.758023 0.36891 0.330965 0.956602 0.581644 0.150235 1.01725 0.198184 0.73395 0.409624 0.354858 0.611201 1.14451 1.10136 0.45575 0.637852 0.393684 0.536795 0.126731 0.575914 0.757685 0.154094 1.02285 1.1738 1.00432 0.155839 0.190596 0.664425 0.435914 0.526624
0.939242 0.117379 0.920964 0.855246 1.09772 1.00479 0.815611 1.11963 0.829992 0.595207 0.859508 0.936284 0.223898 1.00883 0.279057 1.06231 0.425385 1.09036 0.357587 0.290239 0.54174 0.92679 0.209346 0.299683 0.802507 0.399257 0.64902 0.656726 0.265717 0.704138 0.699474 0.383465 0.37021 0.785328 0.500327 0.761642 0.308174 0.563212 1.00827 1.25556 1.05904 0.476963 0.418676 1.0026 0.524926 0.909327 0.178887 0.173836 0.809651 0.785594 0.261882 1.01582 0.247734 0.683317 0.431424 0.37199 0.595997 1.13564 1.06817 0.639187 0.573987 0.313512 0.765744 0.277002 0.75973 0.654394 0.14051 0.955703 1.14286 1.15275 0.140272 0.285457 0.50843 0.402405 0.547079
0.941041 0.194234 0.80304 0.857561 0.960002 1.23502 0.935999 1.03111 0.852049 0.654435 0.854643 0.803259 0.37067 0.918099 0.246729 0.919472 0.425813 0.860919 0.377573 0.43131 0.762993 0.714854 0.414 0.369869 0.687418 0.444657 0.740372 0.782467 0.211687 0.618419 0.543147 0.399902 0.530877 0.51914 0.613361 0.653425 0.341382 0.368241 1.09078 1.21008 1.01941 0.28359 0.386352 1.06258 0.611928 0.685072 0.341531 0.195406 1.05675 0.617265 0.119747 1.08899 0.172149 0.87062 0.363483 0.0989152 0.603836 1.1083 0.957179 0.453043 0.603186 0.438097 0.799715 0.317749 0.59615 0.737833 0.347888 0.787476 1.00636 1.09572 0.354147 0.283453 0.67482 0.252449 0.569317
0.72424 0.21719 1.08433 0.881981 0.844357 1.24273 0.921264 1.00716 0.842688 0.639622 0.979445 0.962987 0.183855 1.10778 0.25215 0.98713 0.216118 0.829279 0.391646 0.263799 0.791646 0.82207 0.254935 0.284691 0.769428 0.196454 0.779009 0.749761 0.332741 0.565818 0.547998 0.219574 0.475686 0.710444 0.40955 0.677774 0.324361 0.531663 1.1384 1.06698 1.04923 0.290811 0.54369 0.932813 0.596158 0.671464 0.375885 0.110958 0.935883 0.745282 0.313435 0.959124 0.0484972 0.763907 0.423123 0.221252 0.469866 0.939419 1.08527 0.556206 0.385843 0.398161 0.665803 0.0499549 0.733297 0.864986 0.170708 0.788689 1.06177 0.9694 0.123557 0.409292 0.629975 0.304691 0.501829
0.663465 0.149996 0.953269 0.663608 1.01165 1.1846 0.966859 1.08257 0.862471 0.558794 0.914781 0.877566 0.158331 1.13913 0.229319 0.98759 0.446156 0.825391 0.192088 0.272224 0.766349 0.754614 0.242994 0.115484 0.587973 0.235082 0.673941 0.785605 0.0918771 0.646673 0.750901 0.436027 0.609629 0.597898 0.576116 0.641457 0.324342 0.642474 0.98956 1.13872 1.20685 0.447992 0.398432 0.968723 0.678003 0.703004 0.236481 0.0811961 0.774437 0.546236 0.202497 1.2177 0.140131 0.877219 0.555557 0.276687 0.468861 1.05148 1.05744 0.416328 0.621515 0.329931 0.66058 0.268195 0.594038 0.758538 0.25755 0.894826 1.00926 1.08012 0.244979 0.258065 0.673293 0.411723 0.320826
0.90281 0.0533976 0.859489 0.918025 1.01604 1.20348 0.79695 0.88054 1.05058 0.47926 1.0173 0.840889 0.200512 0.986235 0.196782 0.906875 0.310948 0.916753 0.311645 0.338382 0.648155 0.834786 0.495078 0.107499 0.592299 0.181487 0.726765 0.778743 0.31094 0.640256 0.513725 0.36876 0.412821 0.715972 0.380968 0.82499 0.213095 0.621869 1.15474 1.16955 1.18819 0.516018 0.57081 0.911066 0.601712 0.936028 0.18321 0.0666016 0.946369 0.587216 0.135337 1.0616 0.140713 0.82953 0.409523 0.289293 0.439178 1.12821 1.00618 0.702886 0.600488 0.390653 0.759278 0.073836 0.551502 0.746118 0.208738 0.793762 1.03625 1.15858 0.297029 0.293204 0.584311 0.213232 0.383107
0.65898 0.184345 0.81962 0.75809 1.01453 0.963335 0.89876 1.03324 1.01661 0.452569 0.832107 0.849104 0.318116 0.969792 0.12892 1.02848 0.353873 0.873164 0.348826 0.455558 0.528813 0.746119 0.439195 0.318919 0.585823 0.283761 0.670303 0.612866 0.329084 0.543903 0.683678 0.20974 0.511019 0.618259 0.454149 0.706544 0.480184 0.558278 1.17079 1.24956 1.13453 0.391531 0.474384 0.974645 0.755546 0.809185 0.280148 0.314013 0.875303 0.775444 0.309239 0.963295 0.190567 0.875766 0.304905 0.359967 0.59055 0.863268 0.930617 0.567687 0.614233 0.277361 0.753281 0.283996 0.614465 0.739687 0.161119 1.02409 1.00378 1.15142 0.328198 0.342791 0.565757 0.143767 0.480713
0.76545 0.0925996 0.866997 0.714936 0.851675 1.01462 0.752356 1.02479 0.829507 0.644171 0.960622 0.777476 0.388177 0.880999 0.205726 1.03722 0.464334 0.824959 0.350062 0.374477 0.789097 0.932154 0.321453 0.294994 0.605756 0.200992 0.904963 0.68434 0.155444 0.690483 0.490761 0.335418 0.392109 0.544932 0.586096 0.542993 0.420306 0.404335 1.06007 1.1387 1.20083 0.323385 0.593015 0.972334 0.79458 0.881795 0.414938 0.0809227 0.822015 0.694557 0.293404 0.996657 0.0896284 0.879731 0.447221 0.111635 0.452816 1.05133 1.04881 0.659514 0.491705 0.384847 0.536345 0.185515 0.596426 0.803075 0.241737 0.967288 1.23175 0.990725 0.343622 0.30444 0.573135 0.391105 0.443749
0.818341 0.260191 0.935687 0.757759 0.998732 0.985709 0.707007 1.01027 0.974923 0.54744 0.959679 0.879952 0.18634 1.11337 0.299629 1.00908 0.380416 0.809862 0.132599 0.27697 0.535028 0.773471 0.298985 0.124903 0.794925 0.320384 0.896563 0.778047 0.35289 0.645851 0.551721 0.288067 0.461798 0.679527 0.402562 0.705079 0.319361 0.574512 1.22902 1.02929 0.924503 0.274314 0.5275 1.06154 0.757419 0.837157 0.175419 0.201409 1.03305 0.732261 0.331667 1.13397 0.143189 0.792972 0.595177 0.237771 0.584551 1.06725 1.04083 0.619261 0.590572 0.490682 0.615599 0.0518891 0.608076 0.624519 0.346874 0.773481 1.05666 1.14482 0.36846 0.419497 0.497866 0.151218 0.354936
0.716318 0.19735 0.870612 0.928912 0.935283 1.16756 0.942887 1.11991 0.893696 0.405977 0.909737 0.783014 0.385562 1.16159 0.373459 1.06057 0.241194 1.05318 0.305342 0.316364 0.664981 0.919684 0.401151 0.189265 0.591161 0.350756 0.78222 0.77973 0.256414 0.835509 0.651895 0.44609 0.463745 0.669135 0.615839 0.778257 0.350043 0.423502 1.01014 1.09885 1.15635 0.414286 0.578924 0.880402 0.513116 0.705942 0.325486 0.119458 0.822176 0.621835 0.334802 1.01975 0.0329409 0.595841 0.534053 0.210533 0.441081 0.861117 1.13147 0.556466 0.471625 0.400516 0.667218 0.286882 0.768248 0.815361 0.292324 0.974919 1.11855 1.08602 0.20948 0.338597 0.594501 0.386312 0.434087
0.888414 0.0501342 0.942761 0.863051 1.02127 1.18515 0.967783 0.999318 0.971876 0.519794 0.874874 0.865174 0.234659 1.10815 0.293963 1.05864 0.362829 1.04206 0.194885 0.264317 0.69142 0.788684 0.269998 0.14116 0.643228 0.236105 0.619735 0.665112 0.164762 0.665146 0.577414 0.403148 0.479794 0.686118 0.460027 0.790177 0.223204 0.496007 1.13287 1.12138 1.09991 0.335341 0.564307 0.898371 0.79416 0.890462 0.295511 0.234668 1.01058 0.68061 0.394884 1.04039 0.134633 0.666921 0.506222 0.257644 0.470148 1.08165 0.889966 0.697701 0.59057 0.410992 0.739114 0.10868 0.755355 0.716332 0.121922 1.01905 0.978678 1.21628 0.29288 0.413593 0.673775 0.199346 0.377071
0.762415 0.0573556 1.01139 0.75691 0.947411 0.969489 0.726721 1.08656 0.991227 0.434599 1.07104 1.05108 0.162089 0.874529 0.206142 0.892355 0.185864 1.06973 0.295253 0.486755 0.740772 0.813561 0.3107 0.268005 0.598524 0.238386 0.685855 0.621171 0.267512 0.63605 0.569333 0.353433 0.373018 0.520482 0.500161 0.575008 0.321249 0.34609 1.14459 1.07288 1.01621 0.523736 0.464006 0.944122 0.718556 0.668529 0.259929 0.31858 1.06899 0.594577 0.201357 1.09769 0.145825 0.673819 0.486356 0.157388 0.608055 0.932726 1.04232 0.525743 0.410964 0.411713 0.53443 0.0713656 0.769499 0.82253 0.33366 0.892818 1.2057 0.949144 0.276441 0.336032 0.667073 0.414728 0.507238
0.702873 0.210828 0.790434 0.654708 0.99785 1.04408 0.68136 0.872358 0.840873 0.399575 0.985721 0.984769 0.184092 1.14963 0.103756 0.998599 0.359542 0.909433 0.259185 0.49416 0.503187 0.699754 0.41399 0.202466 0.78032 0.427102 0.747859 0.694673 0.276635 0.599778 0.707753 0.436644 0.388408 0.81082 0.457649 0.833097 0.389519 0.427612 1.06627 1.06989 0.973389 0.253022 0.452555 1.1303 0.661299 0.73863 0.443152 0.0459201 0.965688 0.542573 0.379678 1.18951 0.226269 0.720835 0.474976 0.310354 0.450092 0.903593 0.884523 0.656693 0.600384 0.467027 0.751705 0.0320812 0.763997 0.733673 0.293729 0.969329 1.19502 0.998987 0.354341 0.389078 0.540608 0.284541 0.461547
0.870648 0.0889712 0.9127 0.723526 1.0546 1.15403 0.911795 0.935714 0.828523 0.625454 0.996401 0.797277 0.326793 0.895129 0.0948866 1.01266 0.417634 0.963995 0.345134 0.449354 0.553585 0.923882 0.331819 0.135295 0.693268 0.216683 0.810159 0.63213 0.320927 0.706018 0.491961 0.262341 0.537929 0.518549 0.401102 0.608798 0.257967 0.475991 1.21774 1.25928 1.04326 0.492711 0.556161 0.898347 0.776314 0.799062 0.400505 0.187383 0.888676 0.605994 0.149174 1.07032 0.0885852 0.602748 0.340761 0.153711 0.705979 1.0683 1.11678 0.554548 0.438203 0.389156 0.658663 0.224466 0.608615 0.608513 0.313678 0.80992 1.00984 1.10709 0.19254 0.241138 0.484354 0.438177 0.36469
0.666445 0.0530835 1.01298 0.904712 0.845742 1.09363 0.835339 1.13728 1.02197 0.400255 1.02567 0.854197 0.220143 0.922576 0.290227 0.837494 0.171563 1.08154 0.192047 0.379383 0.607829 0.907703 0.381366 0.127027 0.705225 0.428794 0.835468 0.594426 0.0633872 0.809167 0.759225 0.3755 0.551496 0.647201 0.451497 0.713383 0.447071 0.371043 1.11202 1.11062 1.06276 0.368718 0.574662 0.930783 0.516439 0.78734 0.246437 0.0369716 0.808113 0.592303 0.411708 0.969873 0.123894 0.856953 0.567993 0.239197 0.609281 0.912596 0.933623 0.513523 0.602347 0.342442 0.637969 0.0352822 0.782856 0.636262 0.269548 0.987561 0.982893 0.965942 0.182838 0.210576 0.516432 0.315244 0.428739
